1 0.000000 0.000000 99.020000
2 0.380000 0.000000 99.020000
3 1.367333 0.000000 99.020000
4 2.354666 0.000000 99.020000
5 3.341999 0.000000 99.020000
6 4.329332 0.000000 99.020000
7 5.316665 0.000000 99.020000
8 6.303998 0.000000 99.020000
9 7.291331 0.000000 99.020000
10 8.278664 0.000000 99.020000
11 9.265997 0.000000 99.020000
12 10.253330 0.000000 99.020000
13 11.240663 0.000000 99.020000
14 12.227996 0.000000 99.020000
15 13.215329 0.000000 99.020000
16 14.202662 0.000000 99.020000
17 15.189995 0.000000 99.020000
18 16.177328 0.000000 99.020000
19 17.164661 0.000000 99.020000
20 18.151994 0.000000 99.020000
21 19.139327 0.000000 99.020000
22 20.126660 0.000000 99.020000
23 21.113993 0.000000 99.020000
24 22.101326 0.000000 99.020000
25 23.088659 0.000000 99.020000
26 24.075992 0.000000 99.020000
27 25.063325 0.000000 99.020000
28 26.050658 0.000000 99.020000
29 27.037991 0.000000 99.020000
30 28.025324 0.000000 99.020000
31 29.012657 0.000000 99.020000
32 30.000000 0.000000 99.020000
33 31.000000 0.000000 99.020000
34 32.000000 0.000000 99.020000
35 33.000000 0.000000 99.020000
36 34.000000 0.000000 99.020000
37 35.000000 0.000000 99.020000
38 36.000000 0.000000 99.020000
39 37.000000 0.000000 99.020000
40 38.000000 0.000000 99.020000
41 39.000000 0.000000 99.020000
42 40.000000 0.000000 99.020000
43 41.000000 0.000000 99.020000
44 42.000000 0.000000 99.020000
45 43.000000 0.000000 99.020000
46 44.000000 0.000000 99.020000
47 45.000000 0.000000 99.020000
48 46.000000 0.000000 99.020000
49 47.000000 0.000000 99.020000
50 48.000000 0.000000 99.020000
51 49.000000 0.000000 99.020000
52 50.000000 0.000000 99.020000
53 51.000000 0.000000 99.020000
54 52.000000 0.000000 99.020000
55 53.000000 0.000000 99.020000
56 54.000000 0.000000 99.020000
57 55.000000 0.000000 99.020000
58 56.000000 0.000000 99.020000
59 57.000000 0.000000 99.020000
60 58.000000 0.000000 99.020000
61 59.000000 0.000000 99.020000
62 60.000000 0.000000 99.020000
63 60.990000 0.000000 99.020000
64 61.980000 0.000000 99.020000
65 62.970000 0.000000 99.020000
66 63.960000 0.000000 99.020000
67 64.950000 0.000000 99.020000
68 65.940000 0.000000 99.020000
69 66.930000 0.000000 99.020000
70 67.920000 0.000000 99.020000
71 68.910000 0.000000 99.020000
72 69.900000 0.000000 99.020000
73 70.890000 0.000000 99.020000
74 71.880000 0.000000 99.020000
75 72.870000 0.000000 99.020000
76 73.860000 0.000000 99.020000
77 74.850000 0.000000 99.020000
78 75.840000 0.000000 99.020000
79 76.830000 0.000000 99.020000
80 77.820000 0.000000 99.020000
81 78.810000 0.000000 99.020000
82 79.800000 0.000000 99.020000
83 80.790000 0.000000 99.020000
84 81.780000 0.000000 99.020000
85 82.770000 0.000000 99.020000
86 83.760000 0.000000 99.020000
87 84.750000 0.000000 99.020000
88 85.740000 0.000000 99.020000
89 86.730000 0.000000 99.020000
90 87.720000 0.000000 99.020000
91 88.710000 0.000000 99.020000
92 89.700000 0.000000 99.020000
93 90.000000 0.000000 99.020000
94 90.160000 0.000000 99.020000
95 90.460000 0.000000 99.020000
96 91.450000 0.000000 99.020000
97 92.440000 0.000000 99.020000
98 93.430000 0.000000 99.020000
99 94.420000 0.000000 99.020000
100 95.410000 0.000000 99.020000
101 96.400000 0.000000 99.020000
102 97.390000 0.000000 99.020000
103 98.380000 0.000000 99.020000
104 99.370000 0.000000 99.020000
105 100.360000 0.000000 99.020000
106 101.350000 0.000000 99.020000
107 102.340000 0.000000 99.020000
108 103.330000 0.000000 99.020000
109 104.320000 0.000000 99.020000
110 105.310000 0.000000 99.020000
111 106.300000 0.000000 99.020000
112 107.290000 0.000000 99.020000
113 108.280000 0.000000 99.020000
114 109.270000 0.000000 99.020000
115 110.260000 0.000000 99.020000
116 111.250000 0.000000 99.020000
117 112.240000 0.000000 99.020000
118 113.230000 0.000000 99.020000
119 114.220000 0.000000 99.020000
120 115.210000 0.000000 99.020000
121 116.200000 0.000000 99.020000
122 117.190000 0.000000 99.020000
123 118.180000 0.000000 99.020000
124 119.170000 0.000000 99.020000
125 120.160000 0.000000 99.020000
126 121.160000 0.000000 99.020000
127 122.160000 0.000000 99.020000
128 123.160000 0.000000 99.020000
129 124.160000 0.000000 99.020000
130 125.160000 0.000000 99.020000
131 126.160000 0.000000 99.020000
132 127.160000 0.000000 99.020000
133 128.160000 0.000000 99.020000
134 129.160000 0.000000 99.020000
135 130.160000 0.000000 99.020000
136 131.160000 0.000000 99.020000
137 132.160000 0.000000 99.020000
138 133.160000 0.000000 99.020000
139 134.160000 0.000000 99.020000
140 135.160000 0.000000 99.020000
141 136.160000 0.000000 99.020000
142 137.160000 0.000000 99.020000
143 138.160000 0.000000 99.020000
144 139.160000 0.000000 99.020000
145 140.160000 0.000000 99.020000
146 141.160000 0.000000 99.020000
147 142.160000 0.000000 99.020000
148 143.160000 0.000000 99.020000
149 144.160000 0.000000 99.020000
150 145.160000 0.000000 99.020000
151 146.160000 0.000000 99.020000
152 147.160000 0.000000 99.020000
153 148.160000 0.000000 99.020000
154 149.160000 0.000000 99.020000
155 150.160000 0.000000 99.020000
156 151.150000 0.000000 99.020000
157 152.140000 0.000000 99.020000
158 153.130000 0.000000 99.020000
159 154.120000 0.000000 99.020000
160 155.110000 0.000000 99.020000
161 156.100000 0.000000 99.020000
162 157.090000 0.000000 99.020000
163 158.080000 0.000000 99.020000
164 159.070000 0.000000 99.020000
165 160.060000 0.000000 99.020000
166 161.050000 0.000000 99.020000
167 162.040000 0.000000 99.020000
168 163.030000 0.000000 99.020000
169 164.020000 0.000000 99.020000
170 165.010000 0.000000 99.020000
171 166.000000 0.000000 99.020000
172 166.990000 0.000000 99.020000
173 167.980000 0.000000 99.020000
174 168.970000 0.000000 99.020000
175 169.960000 0.000000 99.020000
176 170.950000 0.000000 99.020000
177 171.940000 0.000000 99.020000
178 172.930000 0.000000 99.020000
179 173.920000 0.000000 99.020000
180 174.910000 0.000000 99.020000
181 175.900000 0.000000 99.020000
182 176.890000 0.000000 99.020000
183 177.880000 0.000000 99.020000
184 178.870000 0.000000 99.020000
185 179.860000 0.000000 99.020000
186 180.160000 0.000000 99.020000
187 180.320000 0.000000 99.020000
188 180.620000 0.000000 99.020000
189 181.610000 0.000000 99.020000
190 182.600000 0.000000 99.020000
191 183.590000 0.000000 99.020000
192 184.580000 0.000000 99.020000
193 185.570000 0.000000 99.020000
194 186.560000 0.000000 99.020000
195 187.550000 0.000000 99.020000
196 188.540000 0.000000 99.020000
197 189.530000 0.000000 99.020000
198 190.520000 0.000000 99.020000
199 191.510000 0.000000 99.020000
200 192.500000 0.000000 99.020000
201 193.490000 0.000000 99.020000
202 194.480000 0.000000 99.020000
203 195.470000 0.000000 99.020000
204 196.460000 0.000000 99.020000
205 197.450000 0.000000 99.020000
206 198.440000 0.000000 99.020000
207 199.430000 0.000000 99.020000
208 200.420000 0.000000 99.020000
209 201.410000 0.000000 99.020000
210 202.400000 0.000000 99.020000
211 203.390000 0.000000 99.020000
212 204.380000 0.000000 99.020000
213 205.370000 0.000000 99.020000
214 206.360000 0.000000 99.020000
215 207.350000 0.000000 99.020000
216 208.340000 0.000000 99.020000
217 209.330000 0.000000 99.020000
218 210.320000 0.000000 99.020000
219 211.320000 0.000000 99.020000
220 212.320000 0.000000 99.020000
221 213.320000 0.000000 99.020000
222 214.320000 0.000000 99.020000
223 215.320000 0.000000 99.020000
224 216.320000 0.000000 99.020000
225 217.320000 0.000000 99.020000
226 218.320000 0.000000 99.020000
227 219.320000 0.000000 99.020000
228 220.320000 0.000000 99.020000
229 221.320000 0.000000 99.020000
230 222.320000 0.000000 99.020000
231 223.320000 0.000000 99.020000
232 224.320000 0.000000 99.020000
233 225.320000 0.000000 99.020000
234 226.320000 0.000000 99.020000
235 227.320000 0.000000 99.020000
236 228.320000 0.000000 99.020000
237 229.320000 0.000000 99.020000
238 230.320000 0.000000 99.020000
239 231.320000 0.000000 99.020000
240 232.320000 0.000000 99.020000
241 233.320000 0.000000 99.020000
242 234.320000 0.000000 99.020000
243 235.320000 0.000000 99.020000
244 236.320000 0.000000 99.020000
245 237.320000 0.000000 99.020000
246 238.320000 0.000000 99.020000
247 239.320000 0.000000 99.020000
248 240.320000 0.000000 99.020000
249 241.307333 0.000000 99.020000
250 242.294666 0.000000 99.020000
251 243.281999 0.000000 99.020000
252 244.269332 0.000000 99.020000
253 245.256665 0.000000 99.020000
254 246.243998 0.000000 99.020000
255 247.231331 0.000000 99.020000
256 248.218664 0.000000 99.020000
257 249.205997 0.000000 99.020000
258 250.193330 0.000000 99.020000
259 251.180663 0.000000 99.020000
260 252.167996 0.000000 99.020000
261 253.155329 0.000000 99.020000
262 254.142662 0.000000 99.020000
263 255.129995 0.000000 99.020000
264 256.117328 0.000000 99.020000
265 257.104661 0.000000 99.020000
266 258.091994 0.000000 99.020000
267 259.079327 0.000000 99.020000
268 260.066660 0.000000 99.020000
269 261.053993 0.000000 99.020000
270 262.041326 0.000000 99.020000
271 263.028659 0.000000 99.020000
272 264.015992 0.000000 99.020000
273 265.003325 0.000000 99.020000
274 265.990658 0.000000 99.020000
275 266.977991 0.000000 99.020000
276 267.965324 0.000000 99.020000
277 268.952657 0.000000 99.020000
278 269.940000 0.000000 99.020000
279 270.320000 0.000000 99.020000
280 0.380000 -4.000000 90.910000
281 0.380000 -4.000000 91.410000
282 0.380000 -4.000000 91.910000
283 0.380000 -4.000000 92.410000
284 0.380000 -4.000000 92.910000
285 0.380000 -4.000000 93.410000
286 0.380000 -4.000000 93.910000
287 0.380000 -4.000000 94.410000
288 0.380000 -4.000000 94.910000
289 0.380000 -4.000000 95.410000
290 0.380000 -4.000000 95.910000
291 0.380000 4.000000 90.910000
292 0.380000 4.000000 91.410000
293 0.380000 4.000000 91.910000
294 0.380000 4.000000 92.410000
295 0.380000 4.000000 92.910000
296 0.380000 4.000000 93.410000
297 0.380000 4.000000 93.910000
298 0.380000 4.000000 94.410000
299 0.380000 4.000000 94.910000
300 0.380000 4.000000 95.410000
301 0.380000 4.000000 95.910000
302 30.000000 -4.000000 90.910000
303 30.000000 -4.000000 91.410000
304 30.000000 -4.000000 91.910000
305 30.000000 -4.000000 92.410000
306 30.000000 -4.000000 92.910000
307 30.000000 -4.000000 93.410000
308 30.000000 -4.000000 93.910000
309 30.000000 -4.000000 94.410000
310 30.000000 -4.000000 94.910000
311 30.000000 -4.000000 95.410000
312 30.000000 -4.000000 95.910000
313 30.000000 4.000000 90.910000
314 30.000000 4.000000 91.410000
315 30.000000 4.000000 91.910000
316 30.000000 4.000000 92.410000
317 30.000000 4.000000 92.910000
318 30.000000 4.000000 93.410000
319 30.000000 4.000000 93.910000
320 30.000000 4.000000 94.410000
321 30.000000 4.000000 94.910000
322 30.000000 4.000000 95.410000
323 30.000000 4.000000 95.910000
324 60.000000 -4.000000 90.910000
325 60.000000 -4.000000 91.410000
326 60.000000 -4.000000 91.910000
327 60.000000 -4.000000 92.410000
328 60.000000 -4.000000 92.910000
329 60.000000 -4.000000 93.410000
330 60.000000 -4.000000 93.910000
331 60.000000 -4.000000 94.410000
332 60.000000 -4.000000 94.910000
333 60.000000 -4.000000 95.410000
334 60.000000 -4.000000 95.910000
335 60.000000 4.000000 90.910000
336 60.000000 4.000000 91.410000
337 60.000000 4.000000 91.910000
338 60.000000 4.000000 92.410000
339 60.000000 4.000000 92.910000
340 60.000000 4.000000 93.410000
341 60.000000 4.000000 93.910000
342 60.000000 4.000000 94.410000
343 60.000000 4.000000 94.910000
344 60.000000 4.000000 95.410000
345 60.000000 4.000000 95.910000
346 90.080000 -4.000000 90.910000
347 90.080000 -4.000000 91.410000
348 90.080000 -4.000000 91.910000
349 90.080000 -4.000000 92.410000
350 90.080000 -4.000000 92.910000
351 90.080000 -4.000000 93.410000
352 90.080000 -4.000000 93.910000
353 90.080000 -4.000000 94.410000
354 90.080000 -4.000000 94.910000
355 90.080000 -4.000000 95.410000
356 90.080000 -4.000000 95.910000
357 90.080000 4.000000 90.910000
358 90.080000 4.000000 91.410000
359 90.080000 4.000000 91.910000
360 90.080000 4.000000 92.410000
361 90.080000 4.000000 92.910000
362 90.080000 4.000000 93.410000
363 90.080000 4.000000 93.910000
364 90.080000 4.000000 94.410000
365 90.080000 4.000000 94.910000
366 90.080000 4.000000 95.410000
367 90.080000 4.000000 95.910000
368 120.160000 -4.000000 90.910000
369 120.160000 -4.000000 91.410000
370 120.160000 -4.000000 91.910000
371 120.160000 -4.000000 92.410000
372 120.160000 -4.000000 92.910000
373 120.160000 -4.000000 93.410000
374 120.160000 -4.000000 93.910000
375 120.160000 -4.000000 94.410000
376 120.160000 -4.000000 94.910000
377 120.160000 -4.000000 95.410000
378 120.160000 -4.000000 95.910000
379 120.160000 4.000000 90.910000
380 120.160000 4.000000 91.410000
381 120.160000 4.000000 91.910000
382 120.160000 4.000000 92.410000
383 120.160000 4.000000 92.910000
384 120.160000 4.000000 93.410000
385 120.160000 4.000000 93.910000
386 120.160000 4.000000 94.410000
387 120.160000 4.000000 94.910000
388 120.160000 4.000000 95.410000
389 120.160000 4.000000 95.910000
390 150.160000 -4.000000 90.910000
391 150.160000 -4.000000 91.410000
392 150.160000 -4.000000 91.910000
393 150.160000 -4.000000 92.410000
394 150.160000 -4.000000 92.910000
395 150.160000 -4.000000 93.410000
396 150.160000 -4.000000 93.910000
397 150.160000 -4.000000 94.410000
398 150.160000 -4.000000 94.910000
399 150.160000 -4.000000 95.410000
400 150.160000 -4.000000 95.910000
401 150.160000 4.000000 90.910000
402 150.160000 4.000000 91.410000
403 150.160000 4.000000 91.910000
404 150.160000 4.000000 92.410000
405 150.160000 4.000000 92.910000
406 150.160000 4.000000 93.410000
407 150.160000 4.000000 93.910000
408 150.160000 4.000000 94.410000
409 150.160000 4.000000 94.910000
410 150.160000 4.000000 95.410000
411 150.160000 4.000000 95.910000
412 180.240000 -4.000000 90.910000
413 180.240000 -4.000000 91.410000
414 180.240000 -4.000000 91.910000
415 180.240000 -4.000000 92.410000
416 180.240000 -4.000000 92.910000
417 180.240000 -4.000000 93.410000
418 180.240000 -4.000000 93.910000
419 180.240000 -4.000000 94.410000
420 180.240000 -4.000000 94.910000
421 180.240000 -4.000000 95.410000
422 180.240000 -4.000000 95.910000
423 180.240000 4.000000 90.910000
424 180.240000 4.000000 91.410000
425 180.240000 4.000000 91.910000
426 180.240000 4.000000 92.410000
427 180.240000 4.000000 92.910000
428 180.240000 4.000000 93.410000
429 180.240000 4.000000 93.910000
430 180.240000 4.000000 94.410000
431 180.240000 4.000000 94.910000
432 180.240000 4.000000 95.410000
433 180.240000 4.000000 95.910000
434 210.320000 -4.000000 90.910000
435 210.320000 -4.000000 91.410000
436 210.320000 -4.000000 91.910000
437 210.320000 -4.000000 92.410000
438 210.320000 -4.000000 92.910000
439 210.320000 -4.000000 93.410000
440 210.320000 -4.000000 93.910000
441 210.320000 -4.000000 94.410000
442 210.320000 -4.000000 94.910000
443 210.320000 -4.000000 95.410000
444 210.320000 -4.000000 95.910000
445 210.320000 4.000000 90.910000
446 210.320000 4.000000 91.410000
447 210.320000 4.000000 91.910000
448 210.320000 4.000000 92.410000
449 210.320000 4.000000 92.910000
450 210.320000 4.000000 93.410000
451 210.320000 4.000000 93.910000
452 210.320000 4.000000 94.410000
453 210.320000 4.000000 94.910000
454 210.320000 4.000000 95.410000
455 210.320000 4.000000 95.910000
456 240.320000 -4.000000 90.910000
457 240.320000 -4.000000 91.410000
458 240.320000 -4.000000 91.910000
459 240.320000 -4.000000 92.410000
460 240.320000 -4.000000 92.910000
461 240.320000 -4.000000 93.410000
462 240.320000 -4.000000 93.910000
463 240.320000 -4.000000 94.410000
464 240.320000 -4.000000 94.910000
465 240.320000 -4.000000 95.410000
466 240.320000 -4.000000 95.910000
467 240.320000 4.000000 90.910000
468 240.320000 4.000000 91.410000
469 240.320000 4.000000 91.910000
470 240.320000 4.000000 92.410000
471 240.320000 4.000000 92.910000
472 240.320000 4.000000 93.410000
473 240.320000 4.000000 93.910000
474 240.320000 4.000000 94.410000
475 240.320000 4.000000 94.910000
476 240.320000 4.000000 95.410000
477 240.320000 4.000000 95.910000
478 269.940000 -4.000000 90.910000
479 269.940000 -4.000000 91.410000
480 269.940000 -4.000000 91.910000
481 269.940000 -4.000000 92.410000
482 269.940000 -4.000000 92.910000
483 269.940000 -4.000000 93.410000
484 269.940000 -4.000000 93.910000
485 269.940000 -4.000000 94.410000
486 269.940000 -4.000000 94.910000
487 269.940000 -4.000000 95.410000
488 269.940000 -4.000000 95.910000
489 269.940000 4.000000 90.910000
490 269.940000 4.000000 91.410000
491 269.940000 4.000000 91.910000
492 269.940000 4.000000 92.410000
493 269.940000 4.000000 92.910000
494 269.940000 4.000000 93.410000
495 269.940000 4.000000 93.910000
496 269.940000 4.000000 94.410000
497 269.940000 4.000000 94.910000
498 269.940000 4.000000 95.410000
499 269.940000 4.000000 95.910000
500 0.380000 -12.250000 96.910000
501 0.380000 -11.687500 96.910000
502 0.380000 -11.125000 96.910000
503 0.380000 -10.562500 96.910000
504 0.380000 -10.000000 96.910000
505 0.380000 -9.500000 96.910000
506 0.380000 -9.000000 96.910000
507 0.380000 -8.500000 96.910000
508 0.380000 -8.000000 96.910000
509 0.380000 -7.500000 96.910000
510 0.380000 -7.000000 96.910000
511 0.380000 -6.500000 96.910000
512 0.380000 -6.000000 96.910000
513 0.380000 -5.500000 96.910000
514 0.380000 -5.000000 96.910000
515 0.380000 -4.500000 96.910000
516 0.380000 -4.000000 96.910000
517 0.380000 -3.500000 96.910000
518 0.380000 -3.000000 96.910000
519 0.380000 -2.500000 96.910000
520 0.380000 -2.000000 96.910000
521 0.380000 -1.500000 96.910000
522 0.380000 -1.000000 96.910000
523 0.380000 -0.500000 96.910000
524 0.380000 0.000000 96.910000
525 0.380000 0.500000 96.910000
526 0.380000 1.000000 96.910000
527 0.380000 1.500000 96.910000
528 0.380000 2.000000 96.910000
529 0.380000 2.500000 96.910000
530 0.380000 3.000000 96.910000
531 0.380000 3.500000 96.910000
532 0.380000 4.000000 96.910000
533 0.380000 4.500000 96.910000
534 0.380000 5.000000 96.910000
535 0.380000 5.500000 96.910000
536 0.380000 6.000000 96.910000
537 0.380000 6.500000 96.910000
538 0.380000 7.000000 96.910000
539 0.380000 7.500000 96.910000
540 0.380000 8.000000 96.910000
541 0.380000 8.500000 96.910000
542 0.380000 9.000000 96.910000
543 0.380000 9.500000 96.910000
544 0.380000 10.000000 96.910000
545 0.380000 10.562500 96.910000
546 0.380000 11.125000 96.910000
547 0.380000 11.687500 96.910000
548 0.380000 12.250000 96.910000
549 30.000000 -12.250000 96.910000
550 30.000000 -11.687500 96.910000
551 30.000000 -11.125000 96.910000
552 30.000000 -10.562500 96.910000
553 30.000000 -10.000000 96.910000
554 30.000000 -9.500000 96.910000
555 30.000000 -9.000000 96.910000
556 30.000000 -8.500000 96.910000
557 30.000000 -8.000000 96.910000
558 30.000000 -7.500000 96.910000
559 30.000000 -7.000000 96.910000
560 30.000000 -6.500000 96.910000
561 30.000000 -6.000000 96.910000
562 30.000000 -5.500000 96.910000
563 30.000000 -5.000000 96.910000
564 30.000000 -4.500000 96.910000
565 30.000000 -4.000000 96.910000
566 30.000000 -3.500000 96.910000
567 30.000000 -3.000000 96.910000
568 30.000000 -2.500000 96.910000
569 30.000000 -2.000000 96.910000
570 30.000000 -1.500000 96.910000
571 30.000000 -1.000000 96.910000
572 30.000000 -0.500000 96.910000
573 30.000000 0.000000 96.910000
574 30.000000 0.500000 96.910000
575 30.000000 1.000000 96.910000
576 30.000000 1.500000 96.910000
577 30.000000 2.000000 96.910000
578 30.000000 2.500000 96.910000
579 30.000000 3.000000 96.910000
580 30.000000 3.500000 96.910000
581 30.000000 4.000000 96.910000
582 30.000000 4.500000 96.910000
583 30.000000 5.000000 96.910000
584 30.000000 5.500000 96.910000
585 30.000000 6.000000 96.910000
586 30.000000 6.500000 96.910000
587 30.000000 7.000000 96.910000
588 30.000000 7.500000 96.910000
589 30.000000 8.000000 96.910000
590 30.000000 8.500000 96.910000
591 30.000000 9.000000 96.910000
592 30.000000 9.500000 96.910000
593 30.000000 10.000000 96.910000
594 30.000000 10.562500 96.910000
595 30.000000 11.125000 96.910000
596 30.000000 11.687500 96.910000
597 30.000000 12.250000 96.910000
598 60.000000 -12.250000 96.910000
599 60.000000 -11.687500 96.910000
600 60.000000 -11.125000 96.910000
601 60.000000 -10.562500 96.910000
602 60.000000 -10.000000 96.910000
603 60.000000 -9.500000 96.910000
604 60.000000 -9.000000 96.910000
605 60.000000 -8.500000 96.910000
606 60.000000 -8.000000 96.910000
607 60.000000 -7.500000 96.910000
608 60.000000 -7.000000 96.910000
609 60.000000 -6.500000 96.910000
610 60.000000 -6.000000 96.910000
611 60.000000 -5.500000 96.910000
612 60.000000 -5.000000 96.910000
613 60.000000 -4.500000 96.910000
614 60.000000 -4.000000 96.910000
615 60.000000 -3.500000 96.910000
616 60.000000 -3.000000 96.910000
617 60.000000 -2.500000 96.910000
618 60.000000 -2.000000 96.910000
619 60.000000 -1.500000 96.910000
620 60.000000 -1.000000 96.910000
621 60.000000 -0.500000 96.910000
622 60.000000 0.000000 96.910000
623 60.000000 0.500000 96.910000
624 60.000000 1.000000 96.910000
625 60.000000 1.500000 96.910000
626 60.000000 2.000000 96.910000
627 60.000000 2.500000 96.910000
628 60.000000 3.000000 96.910000
629 60.000000 3.500000 96.910000
630 60.000000 4.000000 96.910000
631 60.000000 4.500000 96.910000
632 60.000000 5.000000 96.910000
633 60.000000 5.500000 96.910000
634 60.000000 6.000000 96.910000
635 60.000000 6.500000 96.910000
636 60.000000 7.000000 96.910000
637 60.000000 7.500000 96.910000
638 60.000000 8.000000 96.910000
639 60.000000 8.500000 96.910000
640 60.000000 9.000000 96.910000
641 60.000000 9.500000 96.910000
642 60.000000 10.000000 96.910000
643 60.000000 10.562500 96.910000
644 60.000000 11.125000 96.910000
645 60.000000 11.687500 96.910000
646 60.000000 12.250000 96.910000
647 90.080000 -12.250000 96.910000
648 90.080000 -11.687500 96.910000
649 90.080000 -11.125000 96.910000
650 90.080000 -10.562500 96.910000
651 90.080000 -10.000000 96.910000
652 90.080000 -9.500000 96.910000
653 90.080000 -9.000000 96.910000
654 90.080000 -8.500000 96.910000
655 90.080000 -8.000000 96.910000
656 90.080000 -7.500000 96.910000
657 90.080000 -7.000000 96.910000
658 90.080000 -6.500000 96.910000
659 90.080000 -6.000000 96.910000
660 90.080000 -5.500000 96.910000
661 90.080000 -5.000000 96.910000
662 90.080000 -4.500000 96.910000
663 90.080000 -4.000000 96.910000
664 90.080000 -3.500000 96.910000
665 90.080000 -3.000000 96.910000
666 90.080000 -2.500000 96.910000
667 90.080000 -2.000000 96.910000
668 90.080000 -1.500000 96.910000
669 90.080000 -1.000000 96.910000
670 90.080000 -0.500000 96.910000
671 90.080000 0.000000 96.910000
672 90.080000 0.500000 96.910000
673 90.080000 1.000000 96.910000
674 90.080000 1.500000 96.910000
675 90.080000 2.000000 96.910000
676 90.080000 2.500000 96.910000
677 90.080000 3.000000 96.910000
678 90.080000 3.500000 96.910000
679 90.080000 4.000000 96.910000
680 90.080000 4.500000 96.910000
681 90.080000 5.000000 96.910000
682 90.080000 5.500000 96.910000
683 90.080000 6.000000 96.910000
684 90.080000 6.500000 96.910000
685 90.080000 7.000000 96.910000
686 90.080000 7.500000 96.910000
687 90.080000 8.000000 96.910000
688 90.080000 8.500000 96.910000
689 90.080000 9.000000 96.910000
690 90.080000 9.500000 96.910000
691 90.080000 10.000000 96.910000
692 90.080000 10.562500 96.910000
693 90.080000 11.125000 96.910000
694 90.080000 11.687500 96.910000
695 90.080000 12.250000 96.910000
696 120.160000 -12.250000 96.910000
697 120.160000 -11.687500 96.910000
698 120.160000 -11.125000 96.910000
699 120.160000 -10.562500 96.910000
700 120.160000 -10.000000 96.910000
701 120.160000 -9.500000 96.910000
702 120.160000 -9.000000 96.910000
703 120.160000 -8.500000 96.910000
704 120.160000 -8.000000 96.910000
705 120.160000 -7.500000 96.910000
706 120.160000 -7.000000 96.910000
707 120.160000 -6.500000 96.910000
708 120.160000 -6.000000 96.910000
709 120.160000 -5.500000 96.910000
710 120.160000 -5.000000 96.910000
711 120.160000 -4.500000 96.910000
712 120.160000 -4.000000 96.910000
713 120.160000 -3.500000 96.910000
714 120.160000 -3.000000 96.910000
715 120.160000 -2.500000 96.910000
716 120.160000 -2.000000 96.910000
717 120.160000 -1.500000 96.910000
718 120.160000 -1.000000 96.910000
719 120.160000 -0.500000 96.910000
720 120.160000 0.000000 96.910000
721 120.160000 0.500000 96.910000
722 120.160000 1.000000 96.910000
723 120.160000 1.500000 96.910000
724 120.160000 2.000000 96.910000
725 120.160000 2.500000 96.910000
726 120.160000 3.000000 96.910000
727 120.160000 3.500000 96.910000
728 120.160000 4.000000 96.910000
729 120.160000 4.500000 96.910000
730 120.160000 5.000000 96.910000
731 120.160000 5.500000 96.910000
732 120.160000 6.000000 96.910000
733 120.160000 6.500000 96.910000
734 120.160000 7.000000 96.910000
735 120.160000 7.500000 96.910000
736 120.160000 8.000000 96.910000
737 120.160000 8.500000 96.910000
738 120.160000 9.000000 96.910000
739 120.160000 9.500000 96.910000
740 120.160000 10.000000 96.910000
741 120.160000 10.562500 96.910000
742 120.160000 11.125000 96.910000
743 120.160000 11.687500 96.910000
744 120.160000 12.250000 96.910000
745 150.160000 -12.250000 96.910000
746 150.160000 -11.687500 96.910000
747 150.160000 -11.125000 96.910000
748 150.160000 -10.562500 96.910000
749 150.160000 -10.000000 96.910000
750 150.160000 -9.500000 96.910000
751 150.160000 -9.000000 96.910000
752 150.160000 -8.500000 96.910000
753 150.160000 -8.000000 96.910000
754 150.160000 -7.500000 96.910000
755 150.160000 -7.000000 96.910000
756 150.160000 -6.500000 96.910000
757 150.160000 -6.000000 96.910000
758 150.160000 -5.500000 96.910000
759 150.160000 -5.000000 96.910000
760 150.160000 -4.500000 96.910000
761 150.160000 -4.000000 96.910000
762 150.160000 -3.500000 96.910000
763 150.160000 -3.000000 96.910000
764 150.160000 -2.500000 96.910000
765 150.160000 -2.000000 96.910000
766 150.160000 -1.500000 96.910000
767 150.160000 -1.000000 96.910000
768 150.160000 -0.500000 96.910000
769 150.160000 0.000000 96.910000
770 150.160000 0.500000 96.910000
771 150.160000 1.000000 96.910000
772 150.160000 1.500000 96.910000
773 150.160000 2.000000 96.910000
774 150.160000 2.500000 96.910000
775 150.160000 3.000000 96.910000
776 150.160000 3.500000 96.910000
777 150.160000 4.000000 96.910000
778 150.160000 4.500000 96.910000
779 150.160000 5.000000 96.910000
780 150.160000 5.500000 96.910000
781 150.160000 6.000000 96.910000
782 150.160000 6.500000 96.910000
783 150.160000 7.000000 96.910000
784 150.160000 7.500000 96.910000
785 150.160000 8.000000 96.910000
786 150.160000 8.500000 96.910000
787 150.160000 9.000000 96.910000
788 150.160000 9.500000 96.910000
789 150.160000 10.000000 96.910000
790 150.160000 10.562500 96.910000
791 150.160000 11.125000 96.910000
792 150.160000 11.687500 96.910000
793 150.160000 12.250000 96.910000
794 180.240000 -12.250000 96.910000
795 180.240000 -11.687500 96.910000
796 180.240000 -11.125000 96.910000
797 180.240000 -10.562500 96.910000
798 180.240000 -10.000000 96.910000
799 180.240000 -9.500000 96.910000
800 180.240000 -9.000000 96.910000
801 180.240000 -8.500000 96.910000
802 180.240000 -8.000000 96.910000
803 180.240000 -7.500000 96.910000
804 180.240000 -7.000000 96.910000
805 180.240000 -6.500000 96.910000
806 180.240000 -6.000000 96.910000
807 180.240000 -5.500000 96.910000
808 180.240000 -5.000000 96.910000
809 180.240000 -4.500000 96.910000
810 180.240000 -4.000000 96.910000
811 180.240000 -3.500000 96.910000
812 180.240000 -3.000000 96.910000
813 180.240000 -2.500000 96.910000
814 180.240000 -2.000000 96.910000
815 180.240000 -1.500000 96.910000
816 180.240000 -1.000000 96.910000
817 180.240000 -0.500000 96.910000
818 180.240000 0.000000 96.910000
819 180.240000 0.500000 96.910000
820 180.240000 1.000000 96.910000
821 180.240000 1.500000 96.910000
822 180.240000 2.000000 96.910000
823 180.240000 2.500000 96.910000
824 180.240000 3.000000 96.910000
825 180.240000 3.500000 96.910000
826 180.240000 4.000000 96.910000
827 180.240000 4.500000 96.910000
828 180.240000 5.000000 96.910000
829 180.240000 5.500000 96.910000
830 180.240000 6.000000 96.910000
831 180.240000 6.500000 96.910000
832 180.240000 7.000000 96.910000
833 180.240000 7.500000 96.910000
834 180.240000 8.000000 96.910000
835 180.240000 8.500000 96.910000
836 180.240000 9.000000 96.910000
837 180.240000 9.500000 96.910000
838 180.240000 10.000000 96.910000
839 180.240000 10.562500 96.910000
840 180.240000 11.125000 96.910000
841 180.240000 11.687500 96.910000
842 180.240000 12.250000 96.910000
843 210.320000 -12.250000 96.910000
844 210.320000 -11.687500 96.910000
845 210.320000 -11.125000 96.910000
846 210.320000 -10.562500 96.910000
847 210.320000 -10.000000 96.910000
848 210.320000 -9.500000 96.910000
849 210.320000 -9.000000 96.910000
850 210.320000 -8.500000 96.910000
851 210.320000 -8.000000 96.910000
852 210.320000 -7.500000 96.910000
853 210.320000 -7.000000 96.910000
854 210.320000 -6.500000 96.910000
855 210.320000 -6.000000 96.910000
856 210.320000 -5.500000 96.910000
857 210.320000 -5.000000 96.910000
858 210.320000 -4.500000 96.910000
859 210.320000 -4.000000 96.910000
860 210.320000 -3.500000 96.910000
861 210.320000 -3.000000 96.910000
862 210.320000 -2.500000 96.910000
863 210.320000 -2.000000 96.910000
864 210.320000 -1.500000 96.910000
865 210.320000 -1.000000 96.910000
866 210.320000 -0.500000 96.910000
867 210.320000 0.000000 96.910000
868 210.320000 0.500000 96.910000
869 210.320000 1.000000 96.910000
870 210.320000 1.500000 96.910000
871 210.320000 2.000000 96.910000
872 210.320000 2.500000 96.910000
873 210.320000 3.000000 96.910000
874 210.320000 3.500000 96.910000
875 210.320000 4.000000 96.910000
876 210.320000 4.500000 96.910000
877 210.320000 5.000000 96.910000
878 210.320000 5.500000 96.910000
879 210.320000 6.000000 96.910000
880 210.320000 6.500000 96.910000
881 210.320000 7.000000 96.910000
882 210.320000 7.500000 96.910000
883 210.320000 8.000000 96.910000
884 210.320000 8.500000 96.910000
885 210.320000 9.000000 96.910000
886 210.320000 9.500000 96.910000
887 210.320000 10.000000 96.910000
888 210.320000 10.562500 96.910000
889 210.320000 11.125000 96.910000
890 210.320000 11.687500 96.910000
891 210.320000 12.250000 96.910000
892 240.320000 -12.250000 96.910000
893 240.320000 -11.687500 96.910000
894 240.320000 -11.125000 96.910000
895 240.320000 -10.562500 96.910000
896 240.320000 -10.000000 96.910000
897 240.320000 -9.500000 96.910000
898 240.320000 -9.000000 96.910000
899 240.320000 -8.500000 96.910000
900 240.320000 -8.000000 96.910000
901 240.320000 -7.500000 96.910000
902 240.320000 -7.000000 96.910000
903 240.320000 -6.500000 96.910000
904 240.320000 -6.000000 96.910000
905 240.320000 -5.500000 96.910000
906 240.320000 -5.000000 96.910000
907 240.320000 -4.500000 96.910000
908 240.320000 -4.000000 96.910000
909 240.320000 -3.500000 96.910000
910 240.320000 -3.000000 96.910000
911 240.320000 -2.500000 96.910000
912 240.320000 -2.000000 96.910000
913 240.320000 -1.500000 96.910000
914 240.320000 -1.000000 96.910000
915 240.320000 -0.500000 96.910000
916 240.320000 0.000000 96.910000
917 240.320000 0.500000 96.910000
918 240.320000 1.000000 96.910000
919 240.320000 1.500000 96.910000
920 240.320000 2.000000 96.910000
921 240.320000 2.500000 96.910000
922 240.320000 3.000000 96.910000
923 240.320000 3.500000 96.910000
924 240.320000 4.000000 96.910000
925 240.320000 4.500000 96.910000
926 240.320000 5.000000 96.910000
927 240.320000 5.500000 96.910000
928 240.320000 6.000000 96.910000
929 240.320000 6.500000 96.910000
930 240.320000 7.000000 96.910000
931 240.320000 7.500000 96.910000
932 240.320000 8.000000 96.910000
933 240.320000 8.500000 96.910000
934 240.320000 9.000000 96.910000
935 240.320000 9.500000 96.910000
936 240.320000 10.000000 96.910000
937 240.320000 10.562500 96.910000
938 240.320000 11.125000 96.910000
939 240.320000 11.687500 96.910000
940 240.320000 12.250000 96.910000
941 269.940000 -12.250000 96.910000
942 269.940000 -11.687500 96.910000
943 269.940000 -11.125000 96.910000
944 269.940000 -10.562500 96.910000
945 269.940000 -10.000000 96.910000
946 269.940000 -9.500000 96.910000
947 269.940000 -9.000000 96.910000
948 269.940000 -8.500000 96.910000
949 269.940000 -8.000000 96.910000
950 269.940000 -7.500000 96.910000
951 269.940000 -7.000000 96.910000
952 269.940000 -6.500000 96.910000
953 269.940000 -6.000000 96.910000
954 269.940000 -5.500000 96.910000
955 269.940000 -5.000000 96.910000
956 269.940000 -4.500000 96.910000
957 269.940000 -4.000000 96.910000
958 269.940000 -3.500000 96.910000
959 269.940000 -3.000000 96.910000
960 269.940000 -2.500000 96.910000
961 269.940000 -2.000000 96.910000
962 269.940000 -1.500000 96.910000
963 269.940000 -1.000000 96.910000
964 269.940000 -0.500000 96.910000
965 269.940000 0.000000 96.910000
966 269.940000 0.500000 96.910000
967 269.940000 1.000000 96.910000
968 269.940000 1.500000 96.910000
969 269.940000 2.000000 96.910000
970 269.940000 2.500000 96.910000
971 269.940000 3.000000 96.910000
972 269.940000 3.500000 96.910000
973 269.940000 4.000000 96.910000
974 269.940000 4.500000 96.910000
975 269.940000 5.000000 96.910000
976 269.940000 5.500000 96.910000
977 269.940000 6.000000 96.910000
978 269.940000 6.500000 96.910000
979 269.940000 7.000000 96.910000
980 269.940000 7.500000 96.910000
981 269.940000 8.000000 96.910000
982 269.940000 8.500000 96.910000
983 269.940000 9.000000 96.910000
984 269.940000 9.500000 96.910000
985 269.940000 10.000000 96.910000
986 269.940000 10.562500 96.910000
987 269.940000 11.125000 96.910000
988 269.940000 11.687500 96.910000
989 269.940000 12.250000 96.910000
990 0.380000 -10.000000 98.132500
991 0.380000 -10.000000 98.132500
992 0.380000 -6.000000 98.132500
993 0.380000 -6.000000 98.132500
994 0.380000 -2.000000 98.132500
995 0.380000 -2.000000 98.132500
996 0.380000 2.000000 98.132500
997 0.380000 2.000000 98.132500
998 0.380000 6.000000 98.132500
999 0.380000 6.000000 98.132500
1000 0.380000 10.000000 98.132500
1001 0.380000 10.000000 98.132500
1002 30.000000 -10.000000 98.132500
1003 30.000000 -10.000000 98.132500
1004 30.000000 -6.000000 98.132500
1005 30.000000 -6.000000 98.132500
1006 30.000000 -2.000000 98.132500
1007 30.000000 -2.000000 98.132500
1008 30.000000 2.000000 98.132500
1009 30.000000 2.000000 98.132500
1010 30.000000 6.000000 98.132500
1011 30.000000 6.000000 98.132500
1012 30.000000 10.000000 98.132500
1013 30.000000 10.000000 98.132500
1014 60.000000 -10.000000 98.132500
1015 60.000000 -10.000000 98.132500
1016 60.000000 -6.000000 98.132500
1017 60.000000 -6.000000 98.132500
1018 60.000000 -2.000000 98.132500
1019 60.000000 -2.000000 98.132500
1020 60.000000 2.000000 98.132500
1021 60.000000 2.000000 98.132500
1022 60.000000 6.000000 98.132500
1023 60.000000 6.000000 98.132500
1024 60.000000 10.000000 98.132500
1025 60.000000 10.000000 98.132500
1026 89.700000 -10.000000 98.132500
1027 89.700000 -10.000000 98.132500
1028 89.700000 -6.000000 98.132500
1029 89.700000 -6.000000 98.132500
1030 89.700000 -2.000000 98.132500
1031 89.700000 -2.000000 98.132500
1032 89.700000 2.000000 98.132500
1033 89.700000 2.000000 98.132500
1034 89.700000 6.000000 98.132500
1035 89.700000 6.000000 98.132500
1036 89.700000 10.000000 98.132500
1037 89.700000 10.000000 98.132500
1038 90.460000 -10.000000 98.132500
1039 90.460000 -10.000000 98.132500
1040 90.460000 -6.000000 98.132500
1041 90.460000 -6.000000 98.132500
1042 90.460000 -2.000000 98.132500
1043 90.460000 -2.000000 98.132500
1044 90.460000 2.000000 98.132500
1045 90.460000 2.000000 98.132500
1046 90.460000 6.000000 98.132500
1047 90.460000 6.000000 98.132500
1048 90.460000 10.000000 98.132500
1049 90.460000 10.000000 98.132500
1050 120.160000 -10.000000 98.132500
1051 120.160000 -10.000000 98.132500
1052 120.160000 -6.000000 98.132500
1053 120.160000 -6.000000 98.132500
1054 120.160000 -2.000000 98.132500
1055 120.160000 -2.000000 98.132500
1056 120.160000 2.000000 98.132500
1057 120.160000 2.000000 98.132500
1058 120.160000 6.000000 98.132500
1059 120.160000 6.000000 98.132500
1060 120.160000 10.000000 98.132500
1061 120.160000 10.000000 98.132500
1062 150.160000 -10.000000 98.132500
1063 150.160000 -10.000000 98.132500
1064 150.160000 -6.000000 98.132500
1065 150.160000 -6.000000 98.132500
1066 150.160000 -2.000000 98.132500
1067 150.160000 -2.000000 98.132500
1068 150.160000 2.000000 98.132500
1069 150.160000 2.000000 98.132500
1070 150.160000 6.000000 98.132500
1071 150.160000 6.000000 98.132500
1072 150.160000 10.000000 98.132500
1073 150.160000 10.000000 98.132500
1074 179.860000 -10.000000 98.132500
1075 179.860000 -10.000000 98.132500
1076 179.860000 -6.000000 98.132500
1077 179.860000 -6.000000 98.132500
1078 179.860000 -2.000000 98.132500
1079 179.860000 -2.000000 98.132500
1080 179.860000 2.000000 98.132500
1081 179.860000 2.000000 98.132500
1082 179.860000 6.000000 98.132500
1083 179.860000 6.000000 98.132500
1084 179.860000 10.000000 98.132500
1085 179.860000 10.000000 98.132500
1086 180.620000 -10.000000 98.132500
1087 180.620000 -10.000000 98.132500
1088 180.620000 -6.000000 98.132500
1089 180.620000 -6.000000 98.132500
1090 180.620000 -2.000000 98.132500
1091 180.620000 -2.000000 98.132500
1092 180.620000 2.000000 98.132500
1093 180.620000 2.000000 98.132500
1094 180.620000 6.000000 98.132500
1095 180.620000 6.000000 98.132500
1096 180.620000 10.000000 98.132500
1097 180.620000 10.000000 98.132500
1098 210.320000 -10.000000 98.132500
1099 210.320000 -10.000000 98.132500
1100 210.320000 -6.000000 98.132500
1101 210.320000 -6.000000 98.132500
1102 210.320000 -2.000000 98.132500
1103 210.320000 -2.000000 98.132500
1104 210.320000 2.000000 98.132500
1105 210.320000 2.000000 98.132500
1106 210.320000 6.000000 98.132500
1107 210.320000 6.000000 98.132500
1108 210.320000 10.000000 98.132500
1109 210.320000 10.000000 98.132500
1110 240.320000 -10.000000 98.132500
1111 240.320000 -10.000000 98.132500
1112 240.320000 -6.000000 98.132500
1113 240.320000 -6.000000 98.132500
1114 240.320000 -2.000000 98.132500
1115 240.320000 -2.000000 98.132500
1116 240.320000 2.000000 98.132500
1117 240.320000 2.000000 98.132500
1118 240.320000 6.000000 98.132500
1119 240.320000 6.000000 98.132500
1120 240.320000 10.000000 98.132500
1121 240.320000 10.000000 98.132500
1122 269.940000 -10.000000 98.132500
1123 269.940000 -10.000000 98.132500
1124 269.940000 -6.000000 98.132500
1125 269.940000 -6.000000 98.132500
1126 269.940000 -2.000000 98.132500
1127 269.940000 -2.000000 98.132500
1128 269.940000 2.000000 98.132500
1129 269.940000 2.000000 98.132500
1130 269.940000 6.000000 98.132500
1131 269.940000 6.000000 98.132500
1132 269.940000 10.000000 98.132500
1133 269.940000 10.000000 98.132500
1134 0.380000 0.000000 88.410000
1135 0.380000 0.000000 89.660000
1136 0.380000 0.000000 90.910000
1137 30.000000 0.000000 88.410000
1138 30.000000 0.000000 89.660000
1139 30.000000 0.000000 90.910000
1140 60.000000 0.000000 88.410000
1141 60.000000 0.000000 89.660000
1142 60.000000 0.000000 90.910000
1143 90.080000 0.000000 88.410000
1144 90.080000 0.000000 89.660000
1145 90.080000 0.000000 90.910000
1146 120.160000 0.000000 88.410000
1147 120.160000 0.000000 89.660000
1148 120.160000 0.000000 90.910000
1149 150.160000 0.000000 88.410000
1150 150.160000 0.000000 89.660000
1151 150.160000 0.000000 90.910000
1152 180.240000 0.000000 88.410000
1153 180.240000 0.000000 89.660000
1154 180.240000 0.000000 90.910000
1155 210.320000 0.000000 88.410000
1156 210.320000 0.000000 89.660000
1157 210.320000 0.000000 90.910000
1158 240.320000 0.000000 88.410000
1159 240.320000 0.000000 89.660000
1160 240.320000 0.000000 90.910000
1161 269.940000 0.000000 88.410000
1162 269.940000 0.000000 89.660000
1163 269.940000 0.000000 90.910000
1164 0.380000 0.000000 88.410000
1165 30.000000 0.000000 88.410000
1166 60.000000 0.000000 88.410000
1167 90.080000 0.000000 88.410000
1168 120.160000 0.000000 88.410000
1169 150.160000 0.000000 88.410000
1170 180.240000 0.000000 88.410000
1171 210.320000 0.000000 88.410000
1172 240.320000 0.000000 88.410000
1173 269.940000 0.000000 88.410000
1174 179.860000 6.000000 96.910000
1175 179.860000 2.000000 99.020000
1176 90.460000 -6.000000 96.910000
1177 269.940000 10.000000 99.020000
1178 90.460000 -10.000000 99.020000
1179 150.160000 6.000000 99.020000
1180 90.460000 -2.000000 96.910000
1181 0.380000 -6.000000 99.020000
1182 150.160000 10.000000 99.020000
1183 240.320000 10.000000 99.020000
1184 30.000000 -10.000000 99.020000
1185 89.700000 10.000000 96.910000
1186 60.000000 6.000000 99.020000
1187 30.000000 -6.000000 99.020000
1188 89.700000 6.000000 99.020000
1189 60.000000 10.000000 99.020000
1190 150.160000 -6.000000 99.020000
1191 120.160000 6.000000 99.020000
1192 150.160000 -2.000000 99.020000
1193 210.320000 10.000000 99.020000
1194 180.620000 2.000000 96.910000
1195 240.320000 2.000000 99.020000
1196 180.620000 -2.000000 99.020000
1197 0.380000 2.000000 99.020000
1198 60.000000 -6.000000 99.020000
1199 179.860000 -2.000000 96.910000
1200 179.860000 -6.000000 99.020000
1201 269.940000 2.000000 99.020000
1202 179.860000 2.000000 96.910000
1203 90.460000 -10.000000 96.910000
1204 269.940000 6.000000 99.020000
1205 180.620000 6.000000 96.910000
1206 0.380000 -10.000000 99.020000
1207 89.700000 -2.000000 99.020000
1208 89.700000 6.000000 96.910000
1209 60.000000 2.000000 99.020000
1210 269.940000 -10.000000 99.020000
1211 89.700000 2.000000 99.020000
1212 269.940000 -6.000000 99.020000
1213 150.160000 -10.000000 99.020000
1214 120.160000 2.000000 99.020000
1215 240.320000 -6.000000 99.020000
1216 180.620000 10.000000 99.020000
1217 210.320000 6.000000 99.020000
1218 180.620000 -2.000000 96.910000
1219 240.320000 -2.000000 99.020000
1220 180.620000 -6.000000 99.020000
1221 60.000000 -10.000000 99.020000
1222 179.860000 -6.000000 96.910000
1223 179.860000 -10.000000 99.020000
1224 269.940000 -2.000000 99.020000
1225 120.160000 -10.000000 99.020000
1226 210.320000 -6.000000 99.020000
1227 89.700000 -2.000000 96.910000
1228 89.700000 -6.000000 99.020000
1229 90.460000 6.000000 99.020000
1230 89.700000 2.000000 96.910000
1231 90.460000 10.000000 99.020000
1232 120.160000 -6.000000 99.020000
1233 30.000000 6.000000 99.020000
1234 30.000000 10.000000 99.020000
1235 120.160000 -2.000000 99.020000
1236 240.320000 -10.000000 99.020000
1237 180.620000 10.000000 96.910000
1238 210.320000 2.000000 99.020000
1239 180.620000 -6.000000 96.910000
1240 179.860000 -10.000000 96.910000
1241 180.620000 -10.000000 99.020000
1242 179.860000 10.000000 99.020000
1243 210.320000 -10.000000 99.020000
1244 89.700000 -6.000000 96.910000
1245 90.460000 6.000000 96.910000
1246 89.700000 -10.000000 99.020000
1247 90.460000 2.000000 99.020000
1248 90.460000 10.000000 96.910000
1249 30.000000 2.000000 99.020000
1250 210.320000 -2.000000 99.020000
1251 180.620000 6.000000 99.020000
1252 0.380000 10.000000 99.020000
1253 180.620000 -10.000000 96.910000
1254 179.860000 10.000000 96.910000
1255 179.860000 6.000000 99.020000
1256 90.460000 -6.000000 99.020000
1257 89.700000 -10.000000 96.910000
1258 90.460000 2.000000 96.910000
1259 90.460000 -2.000000 99.020000
1260 0.380000 -2.000000 99.020000
1261 30.000000 -2.000000 99.020000
1262 89.700000 10.000000 99.020000
1263 60.000000 -2.000000 99.020000
1264 120.160000 10.000000 99.020000
1265 150.160000 2.000000 99.020000
1266 240.320000 6.000000 99.020000
1267 180.620000 2.000000 99.020000
1268 0.380000 6.000000 99.020000
1269 179.860000 -2.000000 99.020000
