-0.000603
-0.001018
-0.001665
-0.001930
-0.002283
-0.003126
-0.004252
-0.003681
-0.000696
0.001247
-0.000223
-0.003013
-0.003415
-0.001159
0.000197
0.000957
0.001224
-0.002582
-0.007125
-0.010258
-0.011005
0.001581
0.016411
0.008099
-0.009309
-0.013402
-0.008286
0.000784
0.004910
-0.004341
-0.015624
-0.010235
0.010559
0.014804
-0.003443
-0.003760
0.001935
-0.016361
-0.009316
0.030423
0.036121
0.011580
-0.000367
-0.012366
-0.036132
-0.039259
-0.013326
0.014431
0.028821
0.016684
-0.009677
-0.008615
0.008353
0.002021
-0.001475
0.013095
0.003308
-0.007468
0.024563
0.041284
0.002989
-0.032268
-0.026405
-0.000951
0.000175
-0.010499
0.011473
0.013330
-0.025657
-0.025668
0.010994
0.020692
0.013581
0.019522
0.022005
0.009012
-0.000892
-0.007926
-0.024400
-0.015362
0.015618
0.009409
-0.011194
-0.001243
0.015537
0.014728
-0.002814
-0.018201
-0.011829
-0.000400
-0.001828
-0.007391
-0.003111
0.007465
0.009487
0.005203
-0.004792
-0.016693
-0.013330
-0.006287
-0.012324
0.001821
0.045065
0.055720
0.019713
-0.007300
0.004579
0.016471
-0.012856
-0.042005
-0.022717
0.017271
0.028229
0.008817
0.000132
0.010104
0.002206
-0.023773
-0.022518
0.014483
0.026745
-0.011424
-0.033096
-0.005517
0.014859
-0.001136
-0.010755
0.005980
0.014141
0.001962
-0.001747
0.012884
0.024151
0.018990
-0.001411
-0.031142
-0.030077
0.016205
0.035783
0.003050
-0.023687
-0.024448
-0.017789
-0.014416
-0.004877
0.027968
0.038231
-0.012009
-0.049087
-0.011602
0.042087
0.028021
-0.028438
-0.037470
-0.000151
-0.004862
-0.045553
-0.026034
0.035315
0.051049
0.020819
-0.002482
0.009059
0.027007
0.015195
-0.004538
-0.013121
-0.008647
0.012525
0.001479
-0.046313
-0.045124
-0.002593
0.012109
0.017067
0.016498
-0.009661
-0.020319
-0.002332
0.012482
0.016084
0.004913
-0.011695
-0.020029
-0.025779
-0.009600
0.022487
0.022195
0.005980
0.003537
-0.001035
0.004170
0.020701
0.028668
0.030984
0.012376
-0.025607
-0.037599
-0.016596
-0.004888
-0.027615
-0.054091
-0.031291
0.013189
0.021375
0.024450
0.046575
0.053419
0.036086
0.017246
0.015526
0.023656
0.027011
0.029486
0.028786
0.029388
0.047957
0.060575
0.035533
-0.008091
-0.044212
-0.055498
-0.029530
0.004073
0.012929
-0.013793
-0.072693
-0.107513
-0.084110
-0.053377
-0.035780
-0.021760
-0.019574
-0.024677
-0.046747
-0.074915
-0.066636
-0.023513
0.017649
0.035056
0.026802
0.005282
-0.003457
0.018931
0.058445
0.083319
0.064121
0.014433
-0.029936
-0.068714
-0.067224
-0.006975
0.046703
0.054067
0.028151
0.014495
0.028979
0.031161
0.033706
0.073207
0.112771
0.102364
0.049389
-0.011349
-0.052128
-0.063720
-0.050911
0.003417
0.072420
0.066463
0.004246
-0.024536
-0.024215
-0.029290
-0.034734
-0.039584
-0.066623
-0.122536
-0.160063
-0.127008
-0.051135
0.005264
0.035399
0.056749
0.068658
0.066122
0.050463
0.023398
0.004463
0.018459
0.039027
0.025428
-0.002194
0.001758
0.037979
0.086284
0.120526
0.093815
0.029673
-0.009581
-0.031685
-0.044531
-0.044970
-0.045002
-0.036272
-0.032107
-0.052643
-0.071488
-0.062151
-0.027735
0.017992
0.054951
0.055829
0.031154
0.027068
0.034643
0.013034
-0.024266
-0.052162
-0.079888
-0.111865
-0.121918
-0.091565
-0.032274
0.037131
0.092881
0.124913
0.133549
0.106346
0.047119
-0.005909
-0.033398
-0.038298
-0.006131
0.038789
0.041673
0.015232
0.002887
-0.005382
-0.023868
-0.040735
-0.049957
-0.050048
-0.048701
-0.048724
-0.047486
-0.052410
-0.057806
-0.049362
-0.027486
-0.005806
0.007867
0.000839
-0.036454
-0.073617
-0.073487
-0.030985
0.026766
0.073808
0.104411
0.109680
0.071730
-0.010535
-0.086593
-0.110284
-0.100327
-0.077898
-0.051983
-0.026909
0.012036
0.047185
0.049960
0.047309
0.045262
0.010383
-0.024788
-0.014980
-0.002481
-0.034474
-0.071196
-0.062129
-0.009862
0.059642
0.106581
0.118896
0.141695
0.184728
0.191912
0.154231
0.112547
0.057061
-0.018172
-0.059082
-0.041723
-0.013086
-0.007268
0.008004
0.037473
0.034943
0.006997
-0.020865
-0.054148
-0.079922
-0.090951
-0.081550
-0.038740
0.011024
0.036108
0.021903
-0.008571
-0.013271
-0.011531
-0.014444
0.006789
0.032921
0.036279
0.024181
0.002366
-0.007438
0.002023
-0.000071
0.000013
0.012186
-0.007783
-0.059542
-0.102570
-0.119168
-0.101662
-0.056680
-0.011375
0.034750
0.093439
0.130025
0.105314
0.041330
-0.017969
-0.065852
-0.092793
-0.081921
-0.042537
0.013912
0.066679
0.081676
0.068415
0.062023
0.060126
0.055211
0.057637
0.064989
0.048475
-0.004400
-0.058030
-0.071264
-0.057074
-0.058300
-0.047349
0.004128
0.046002
0.045434
0.008585
-0.033613
-0.049986
-0.066825
-0.103869
-0.117197
-0.089597
-0.063186
-0.039932
-0.000538
0.024561
0.020562
0.016404
0.021187
0.019137
0.010489
0.006056
0.009755
0.010650
-0.010592
-0.034476
-0.013486
0.035168
0.061531
0.073759
0.072184
0.026699
-0.043838
-0.097471
-0.122947
-0.101832
-0.031002
0.020780
0.016499
0.007862
0.007415
-0.019521
-0.037738
-0.012366
0.010227
0.001144
-0.014041
-0.018358
-0.021218
-0.025900
-0.010523
0.046085
0.111882
0.134059
0.107429
0.050322
0.000152
-0.006853
0.004991
0.006397
0.015705
0.027021
0.007019
-0.029126
-0.026483
0.018391
0.043755
0.036322
0.023589
0.007683
-0.009931
-0.022850
-0.035843
-0.059194
-0.068721
-0.042053
-0.019341
-0.021230
-0.014771
0.000980
0.004925
0.015914
0.042189
0.040999
0.006314
-0.015374
-0.017220
-0.008084
0.018705
0.033597
0.013529
0.001228
0.019319
0.018283
-0.011676
-0.031564
-0.029086
-0.002426
0.025647
0.027445
0.016891
0.004035
-0.015897
-0.032778
-0.029317
-0.004972
0.023808
0.050028
0.055980
0.015535
-0.043411
-0.078754
-0.079886
-0.042740
0.002214
0.015558
0.020314
0.030640
0.009849
-0.025851
-0.027352
-0.006565
0.010519
0.031815
0.044126
0.026949
0.011160
0.016191
0.021222
0.024957
0.026535
0.012660
-0.006197
-0.016593
-0.011920
0.008770
0.019077
0.005426
-0.014791
-0.042356
-0.070666
-0.062053
-0.022593
0.003140
0.021521
0.045072
0.041876
0.014945
-0.000271
0.000809
0.003398
-0.007351
-0.028013
-0.043934
-0.045124
-0.019264
0.021533
0.053789
0.074531
0.076843
0.059915
0.038153
0.005627
-0.034244
-0.056264
-0.061382
-0.057717
-0.046351
-0.038349
-0.034279
-0.028262
-0.016614
0.007546
0.036533
0.048948
0.037481
0.017684
-0.007798
-0.040689
-0.058722
-0.056175
-0.038690
-0.009277
0.010142
0.017154
0.022186
0.018161
0.012672
0.016716
0.019197
0.005599
-0.021661
-0.038936
-0.033986
-0.026735
-0.018785
0.005055
0.021897
0.012264
0.001942
0.012675
0.035217
0.049054
0.044378
0.039941
0.045657
0.034939
0.009015
0.001442
0.002255
-0.013296
-0.021965
-0.002090
0.018721
0.007210
-0.022567
-0.031761
-0.019261
-0.007176
0.003966
0.012577
0.016904
0.022145
0.011621
-0.016813
-0.037289
-0.040821
-0.037130
-0.036198
-0.035645
-0.024982
-0.004002
0.015645
0.028041
0.040997
0.048695
0.036315
0.022351
0.019258
0.005392
-0.022619
-0.030375
-0.001114
0.022710
0.028553
0.038405
0.028872
0.000150
-0.023179
-0.035381
-0.019374
0.005611
0.000931
-0.013417
-0.013347
-0.013366
-0.017214
-0.012721
0.002700
0.018597
0.017975
0.003900
-0.006493
-0.008944
-0.007191
-0.009614
-0.015784
-0.016931
-0.015777
-0.010196
0.006427
0.021229
0.024229
0.019124
0.006339
-0.005694
-0.008028
-0.010768
-0.024735
-0.030120
-0.007146
0.015520
0.017360
0.022407
0.039679
0.051265
0.051518
0.047550
0.032850
0.004336
-0.023157
-0.045484
-0.056101
-0.044935
-0.030775
-0.031998
-0.031386
-0.009912
0.011912
0.018752
0.028305
0.042911
0.043208
0.023014
0.004437
0.000833
-0.002038
-0.009084
-0.014397
-0.014629
-0.007481
0.000278
-0.000350
-0.006119
-0.004440
0.005825
0.007947
0.000357
-0.002971
-0.008777
-0.020189
-0.016527
0.005291
0.020978
0.014608
-0.001147
-0.003500
0.005742
0.005116
-0.004851
-0.005543
-0.001676
-0.012680
-0.021257
-0.003802
0.013951
0.018090
0.028364
0.033351
0.008743
-0.029353
-0.057012
-0.061170
-0.038238
-0.017373
-0.015009
-0.014592
-0.005927
0.003330
0.005726
0.013814
0.032449
0.031713
-0.001966
-0.034031
-0.043230
-0.038993
-0.021559
0.002725
0.013920
0.014124
0.009572
-0.002792
-0.008762
-0.005296
-0.006230
-0.003075
0.011384
0.018459
0.009286
-0.003796
-0.013278
-0.014174
-0.010679
-0.014444
-0.009288
0.011298
0.022148
0.021862
0.032298
0.051591
0.050471
0.032292
0.031656
0.033614
0.011252
-0.008229
-0.006045
0.000398
-0.002172
-0.007357
0.001436
0.012534
-0.001393
-0.020122
-0.005459
0.024375
0.032358
0.029369
0.031149
0.020488
-0.007669
-0.028003
-0.020264
-0.003466
-0.013548
-0.036682
-0.029704
-0.002318
0.016092
0.028243
0.030269
0.016858
-0.003198
-0.027082
-0.045233
-0.041070
-0.022073
-0.007742
-0.002983
-0.007401
-0.009393
-0.001574
0.001660
-0.004922
-0.012130
-0.008613
0.001738
-0.007000
-0.030873
-0.033645
-0.015336
-0.000719
0.011278
0.029104
0.047736
0.051931
0.033445
0.014342
0.010104
-0.001457
-0.030760
-0.044207
-0.018339
0.006333
-0.005008
-0.012649
0.005480
0.010624
-0.000064
0.006462
0.021600
0.019446
0.011723
0.018464
0.023022
0.010162
-0.003421
-0.008359
-0.009434
-0.004992
0.004261
0.008189
0.003735
0.002904
0.003708
-0.009677
-0.021196
-0.007004
0.011103
0.010942
0.012820
0.025162
0.028459
0.017324
0.006403
0.004558
0.005800
0.000022
-0.015931
-0.025367
-0.016993
-0.009831
-0.009722
0.004893
0.025212
0.020491
-0.002693
-0.013819
-0.009843
-0.013575
-0.022230
-0.020910
-0.020439
-0.015153
0.001908
0.001875
-0.013453
-0.011673
0.003641
0.009928
0.002023
-0.010096
-0.014204
-0.008376
-0.003379
-0.005068
-0.005680
0.000542
0.011356
0.020674
0.015224
-0.003081
-0.010978
-0.004227
0.009641
0.021737
0.016757
0.001409
-0.010080
-0.017212
-0.017845
-0.016386
-0.016671
-0.004617
0.012490
0.005214
-0.012379
-0.006903
0.011812
0.026230
0.029429
0.014588
-0.002529
-0.009452
-0.011000
-0.005748
0.005304
0.013465
0.013990
0.008552
-0.002290
-0.010707
-0.003560
0.009707
0.011577
0.007846
0.010720
0.013260
0.006720
0.000719
0.001132
-0.003604
-0.019788
-0.030485
-0.022929
-0.011148
-0.005317
-0.002784
-0.006829
-0.015115
-0.015994
-0.007901
0.002375
0.006547
0.001287
-0.001705
0.002252
0.004030
0.005687
0.010410
0.014090
0.012528
0.003264
-0.005252
-0.007225
-0.003989
0.007326
0.023606
0.035787
0.031030
0.007040
-0.017762
-0.022761
0.000808
0.023145
0.016462
0.007785
0.010242
0.002675
-0.007698
-0.001992
0.010952
0.013996
0.002602
-0.010715
-0.016617
-0.024487
-0.026699
-0.007132
0.015621
0.019083
0.011800
0.008407
0.008127
0.002409
-0.010399
-0.019379
-0.019352
-0.017304
-0.010418
0.002090
0.008648
0.011752
0.013371
0.005700
-0.000191
0.005523
0.006056
-0.005815
-0.021444
-0.038143
-0.039902
-0.021277
-0.003635
0.009233
0.019986
0.016646
0.003880
0.003921
0.014253
0.019122
0.017015
0.004933
-0.014204
-0.023633
-0.017180
-0.005119
0.010959
0.031049
0.035757
0.020577
0.004175
-0.004490
-0.000257
0.010388
0.006054
-0.009070
-0.013882
-0.011765
-0.012209
-0.004876
0.011203
0.015243
-0.000081
-0.013918
-0.010580
-0.002613
-0.001871
-0.001213
0.001936
0.006049
0.013088
0.011766
-0.000211
-0.007162
-0.009433
-0.013255
-0.011785
-0.000639
0.013152
0.014940
-0.000171
-0.015879
-0.019370
-0.014119
-0.009962
-0.006507
0.002759
0.005028
-0.007365
-0.016001
-0.017383
-0.019351
-0.013919
-0.002164
0.007311
0.008434
-0.000404
-0.008423
-0.009345
-0.002415
0.007379
0.008658
0.003818
0.002164
-0.000930
-0.011464
-0.020594
-0.018104
-0.008402
-0.005463
-0.009071
-0.002626
0.010874
0.012486
0.009104
0.014145
0.018991
0.015504
0.006762
0.002818
0.008599
0.008473
-0.004341
-0.010879
-0.004932
0.000828
-0.000181
-0.003231
0.000221
0.006554
0.006676
0.006586
0.009234
0.006310
-0.001602
-0.010745
-0.018182
-0.017801
-0.012179
-0.008944
-0.006334
0.000841
0.010646
0.012603
0.005379
0.004397
0.010728
0.013149
0.014052
0.015118
0.008522
-0.003000
-0.003675
0.003636
-0.000153
-0.011179
-0.018001
-0.021248
-0.018146
-0.008511
0.003851
0.015126
0.014502
0.002720
-0.005937
-0.012370
-0.021301
-0.018391
-0.000468
0.011736
0.015987
0.023777
0.027702
0.019251
0.007465
0.002154
0.005129
0.009781
0.005770
-0.001123
-0.002785
-0.005284
-0.010973
-0.010586
0.000363
0.011480
0.012077
0.004341
-0.001396
-0.002936
-0.005883
-0.009770
-0.009905
-0.005008
0.003063
0.005742
-0.001361
-0.002722
0.003810
-0.000605
-0.011589
-0.011772
-0.006479
-0.008239
-0.014816
-0.018739
-0.018169
-0.013463
-0.007168
-0.002939
0.000783
0.005946
0.010370
0.012209
0.011787
0.009341
0.004323
-0.002129
-0.006811
-0.006979
-0.006191
-0.012182
-0.018925
-0.013898
-0.005128
-0.001832
0.005629
0.017024
0.020356
0.015048
0.011397
0.013291
0.010906
0.002726
-0.002725
-0.005366
-0.009343
-0.012303
-0.005696
0.009529
0.019654
0.013322
-0.004423
-0.016295
-0.018405
-0.014696
-0.000636
0.019881
0.026999
0.014894
0.001290
-0.007377
-0.010557
-0.005387
-0.008929
-0.024920
-0.032045
-0.021587
-0.003343
0.005326
0.005558
0.013879
0.019309
0.006464
-0.006856
-0.004376
0.006252
0.009803
0.003617
0.002930
0.013067
0.020271
0.017124
0.009959
0.008641
0.007058
-0.007895
-0.021550
-0.015392
0.000027
0.005208
-0.004125
-0.011468
-0.003817
0.003242
0.000586
0.004963
0.015846
0.015620
0.008542
0.006777
0.002295
-0.011353
-0.024404
-0.027052
-0.019149
-0.010211
-0.006711
-0.006997
-0.007150
-0.006494
-0.007230
-0.007454
-0.001954
0.006784
0.009359
0.005438
0.001054
0.002947
0.012250
0.018257
0.017454
0.016407
0.013519
0.006412
0.002793
0.005401
0.008954
0.009642
0.005328
-0.000604
-0.003174
-0.004288
-0.004907
0.000452
0.009341
0.012480
0.011722
0.007022
-0.007097
-0.014709
-0.002682
0.004592
-0.007381
-0.010574
0.004607
0.012018
0.008808
0.010194
0.013448
0.009949
-0.000010
-0.009247
-0.011763
-0.010234
-0.011181
-0.011321
-0.006331
-0.004624
-0.007835
-0.002937
0.008597
0.013314
0.012445
0.010492
0.005265
-0.002306
-0.010111
-0.014316
-0.010845
-0.005277
-0.005951
-0.012606
-0.015059
-0.009231
-0.006662
-0.009894
-0.009923
-0.010461
-0.016379
-0.019915
-0.017831
-0.012441
-0.001504
0.010289
0.014333
0.012069
0.003723
-0.006940
-0.008292
-0.003060
-0.000009
0.002917
0.001890
-0.006955
-0.013713
-0.015013
-0.015829
-0.012643
-0.002161
0.011624
0.021329
0.023011
0.026574
0.030551
0.022127
0.011151
0.012873
0.019931
0.015541
0.002061
-0.007737
-0.012293
-0.016669
-0.023220
-0.021875
-0.007631
0.007357
0.014656
0.015476
0.015531
0.016370
0.012228
0.001869
-0.009294
-0.017845
-0.016056
-0.002930
0.006875
0.005612
-0.000237
-0.001864
-0.003901
-0.012631
-0.018929
-0.017556
-0.015095
-0.010411
-0.000547
0.011631
0.024110
0.031784
0.030469
0.024821
0.025354
0.025896
0.017336
0.010391
0.002966
-0.013825
-0.023500
-0.016958
-0.010049
-0.006270
-0.005604
-0.014596
-0.021219
-0.018856
-0.017927
-0.017722
-0.010939
0.001402
0.008150
0.004038
0.003282
0.009293
0.009677
0.006226
-0.000766
-0.015366
-0.028943
-0.033211
-0.026464
-0.015376
-0.002631
0.014806
0.028447
0.031626
0.031077
0.030968
0.025405
0.016133
0.011379
0.006078
-0.004961
-0.015431
-0.019452
-0.016939
-0.013339
-0.007396
0.007074
0.022019
0.024258
0.016815
0.009689
0.001896
-0.005744
-0.006972
-0.009698
-0.019727
-0.026625
-0.029174
-0.032054
-0.027726
-0.015149
0.000849
0.021378
0.034752
0.035740
0.031069
0.019145
0.007842
0.002195
-0.001294
-0.001323
-0.003499
-0.007127
-0.002229
0.006680
0.007403
0.001021
-0.002594
-0.004063
-0.007329
-0.007030
-0.002876
-0.000076
0.000076
-0.003212
-0.005262
0.000740
0.010921
0.015712
0.011488
0.002844
-0.006856
-0.015167
-0.014158
-0.007088
-0.002778
0.003253
0.008056
0.004249
0.000462
0.000812
-0.002070
-0.007883
-0.008253
-0.002660
-0.001198
-0.006580
-0.010102
-0.006407
-0.000050
0.004493
0.008085
0.007844
0.003810
0.001638
0.002094
0.003343
0.003705
0.004667
0.008724
0.012493
0.009763
0.001003
-0.003773
-0.002084
-0.004378
-0.009607
-0.003174
0.010595
0.011260
0.001470
-0.001088
-0.001545
-0.011220
-0.022806
-0.027262
-0.023993
-0.018875
-0.014808
-0.008565
0.000803
0.011734
0.020060
0.018547
0.008200
-0.001514
-0.011848
-0.019833
-0.016146
-0.008942
-0.001290
0.008425
0.011071
0.010002
0.010114
0.007846
0.007969
0.011684
0.013381
0.011207
0.006774
0.004582
0.003042
-0.003050
-0.010967
-0.015072
-0.013419
-0.009912
-0.008060
-0.006742
-0.005645
-0.002358
0.004117
0.007247
0.006188
0.005379
0.000856
-0.007444
-0.013166
-0.013892
-0.007856
0.001240
0.006797
0.009469
0.009712
0.004606
-0.000875
0.001862
0.010607
0.014977
0.014152
0.016560
0.019246
0.012094
-0.000594
-0.009339
-0.012117
-0.010832
-0.010167
-0.008873
-0.004535
-0.001695
-0.002927
-0.005072
-0.004297
-0.001293
-0.001688
-0.007075
-0.012234
-0.013321
-0.010794
-0.008246
-0.006308
-0.003581
-0.003273
-0.006119
-0.006154
-0.002101
0.001700
0.002509
-0.001568
-0.006257
-0.004685
-0.000060
0.002809
0.006916
0.012054
0.010766
0.002533
-0.001075
0.004650
0.009351
0.005515
0.000353
0.000397
-0.000369
-0.001605
0.003758
0.012422
0.014105
0.006059
-0.001760
-0.001770
0.002196
0.003888
0.004390
0.005607
0.001990
-0.005027
-0.007674
-0.009498
-0.011624
-0.008261
-0.005191
-0.007825
-0.010628
-0.011878
-0.011117
-0.006231
-0.002738
-0.002861
-0.003447
-0.005072
-0.003136
0.004230
0.009334
0.009847
0.007198
0.003016
-0.000104
-0.000676
0.001091
0.001495
-0.000892
-0.002450
-0.002132
-0.002071
0.000077
0.006123
0.011250
0.009174
0.000589
-0.006893
-0.008725
-0.006242
-0.003629
0.000041
0.007042
0.012429
0.012011
0.009750
0.010388
0.009513
0.005182
0.004611
0.005550
0.001995
0.002247
0.008930
0.014185
0.016747
0.015484
0.011409
0.009095
0.007017
0.004115
0.000314
-0.007276
-0.014792
-0.012801
-0.003154
0.006859
0.016166
0.019609
0.012772
0.001368
-0.008481
-0.013227
-0.011632
-0.010357
-0.012206
-0.011524
-0.007310
-0.003331
-0.000703
0.002293
0.007460
0.014613
0.016150
0.008449
0.000825
-0.001150
0.001638
0.006620
0.011367
0.011696
0.002285
-0.009059
-0.015874
-0.018076
-0.012210
-0.004272
-0.001701
-0.003194
-0.005235
-0.007943
-0.012463
-0.013953
-0.010256
-0.007000
-0.007728
-0.010941
-0.011013
-0.004816
0.002082
0.007159
0.013356
0.020644
0.023835
0.020098
0.015651
0.011007
0.002423
-0.006775
-0.016701
-0.026610
-0.026862
-0.018705
-0.012838
-0.006878
0.001298
0.006586
0.010268
0.012154
0.010530
0.011127
0.012281
0.006905
-0.000264
-0.001831
0.001148
0.003921
0.005474
0.003241
-0.004461
-0.011474
-0.014409
-0.015870
-0.016293
-0.012665
-0.007076
-0.005111
-0.005923
-0.005981
-0.005957
-0.006396
-0.003771
0.002177
0.008087
0.013448
0.014079
0.008193
0.004211
0.004648
0.005151
0.005422
0.007049
0.009459
0.009215
0.005118
0.002281
0.002481
-0.000261
-0.006021
-0.006654
-0.002579
-0.001201
-0.001640
0.000145
0.002846
0.005000
0.007219
0.006776
0.001876
-0.002280
-0.001448
0.001425
0.001932
0.001344
0.001405
-0.000654
-0.003505
-0.001689
0.002362
0.002531
0.001435
0.003775
0.004091
-0.001979
-0.008488
-0.012639
-0.013330
-0.010167
-0.007140
-0.002174
0.006291
0.009874
0.003998
-0.000061
0.003855
0.003782
-0.000918
0.000684
0.004206
0.002032
-0.000087
0.003184
0.006620
0.006581
0.005243
0.002014
-0.003378
-0.007151
-0.006122
-0.002917
-0.003343
-0.005629
-0.004451
-0.001833
-0.001301
-0.001499
0.000641
0.005088
0.008662
0.008459
0.005089
0.001741
0.001219
0.005315
0.010658
0.013579
0.012064
0.005352
-0.002332
-0.006351
-0.004295
-0.000743
0.000618
-0.000146
-0.007612
-0.014879
-0.009850
0.000331
0.005558
0.006024
0.004924
0.004012
0.002834
0.004749
0.010219
0.010933
0.004631
-0.001085
-0.005210
-0.009572
-0.008365
-0.002914
0.000674
0.001964
-0.001419
-0.007067
-0.006945
-0.002551
-0.000009
0.001543
0.004735
0.007519
0.005421
0.000529
-0.000298
0.000981
0.001537
0.002538
-0.000373
-0.006827
-0.012116
-0.015128
-0.011867
-0.004870
-0.001684
0.000052
0.003845
0.008006
0.009101
0.005545
0.001791
-0.000089
-0.000176
0.003873
0.008258
0.008826
0.008774
0.009782
0.008075
0.002976
-0.001305
-0.004054
-0.007207
-0.010911
-0.014549
-0.014706
-0.010172
-0.005885
-0.003027
0.000566
0.001363
-0.003991
-0.008061
-0.004546
0.000711
0.004246
0.006202
0.003671
0.000549
0.002174
0.005661
0.006083
0.002175
-0.002858
-0.006763
-0.009642
-0.011471
-0.013174
-0.012069
-0.006379
-0.001398
0.001799
0.004098
0.002703
-0.000254
-0.000662
0.001353
0.003594
0.005423
0.007847
0.010846
0.012227
0.009786
0.006271
0.005314
0.003664
-0.001591
-0.006879
-0.011307
-0.014517
-0.013845
-0.012613
-0.012780
-0.009667
-0.002846
0.003417
0.008023
0.010599
0.008805
0.002620
-0.002203
-0.001176
0.001614
0.002604
0.002882
0.003012
0.004012
0.005684
0.007026
0.009218
0.010747
0.007479
0.001067
-0.001488
0.001522
0.004879
0.006026
0.002107
-0.008417
-0.014956
-0.012143
-0.007350
-0.004339
-0.003948
-0.006262
-0.008944
-0.010743
-0.008830
-0.002074
0.004285
0.007878
0.009049
0.005887
-0.000210
-0.002930
0.002081
0.007000
0.003479
-0.000481
0.001834
0.004982
0.005326
0.004412
0.003224
0.000164
-0.005432
-0.008484
-0.005533
-0.002098
-0.002511
-0.002210
0.000696
0.001202
0.000106
0.001510
0.003235
0.001134
-0.003166
-0.004465
-0.002489
-0.000226
0.001884
0.003486
0.002309
-0.001436
-0.004762
-0.004595
0.000004
0.003729
0.001393
-0.002832
-0.003309
-0.002029
-0.002224
-0.002741
-0.001544
0.001470
0.005248
0.007801
0.005316
-0.000736
-0.001699
0.002641
0.004440
0.003114
0.001162
-0.002334
-0.005955
-0.007056
-0.006122
-0.004685
-0.003747
-0.004109
-0.004312
-0.002641
-0.001222
-0.000499
0.001919
0.004359
0.003424
0.000190
-0.001759
-0.000272
0.003349
0.005923
0.005263
0.001485
-0.002372
-0.005728
-0.007441
-0.003836
0.001496
0.002866
0.002303
0.003942
0.006248
0.005212
0.001438
-0.000718
-0.000804
-0.002809
-0.006108
-0.006439
-0.003846
-0.000684
0.001875
0.002605
0.001315
-0.000389
-0.002033
-0.004000
-0.005222
-0.003763
-0.000223
0.002709
0.004517
0.004043
0.000446
-0.002210
0.000119
0.005038
0.007294
0.007326
0.009052
0.010623
0.007008
0.000628
-0.003383
-0.005412
-0.006323
-0.004654
-0.001313
0.000477
0.000892
0.002494
0.004975
0.006633
0.006841
0.003698
-0.001945
-0.005351
-0.006324
-0.007083
-0.005859
-0.000852
0.003420
0.001416
-0.003343
-0.005654
-0.005860
-0.002901
0.001823
0.004345
0.005944
0.006122
0.003428
0.001420
0.001064
0.001626
0.003257
0.002175
-0.001261
-0.002249
-0.001237
-0.000441
-0.001595
-0.002775
-0.000553
0.000786
-0.001235
-0.002642
-0.002954
-0.004441
-0.006119
-0.003954
0.001431
0.003964
0.002574
0.001478
0.002449
0.004275
0.005285
0.005081
0.004008
0.000871
-0.004510
-0.010256
-0.011457
-0.005300
0.000954
0.003631
0.004526
0.000237
-0.006824
-0.007226
-0.000842
0.003164
0.001729
-0.000544
-0.002184
-0.003946
-0.003146
0.001596
0.006684
0.007278
0.002473
-0.002290
-0.003228
-0.002730
-0.002134
-0.000020
0.002359
0.001054
-0.003261
-0.007066
-0.008403
-0.005141
0.000876
0.005079
0.005011
0.001893
-0.000439
-0.000752
0.000801
0.001839
-0.000908
-0.004687
-0.006087
-0.004812
-0.001087
0.003127
0.006633
0.008631
0.006820
0.002576
-0.000119
-0.000971
-0.000945
0.000638
0.002159
0.000789
-0.001934
-0.002961
-0.003122
-0.003843
-0.003668
-0.002531
-0.002916
-0.002740
0.001117
0.004615
0.005092
0.004012
0.001476
-0.000564
-0.000564
0.000235
0.002147
0.005375
0.008195
0.009218
0.008265
0.006053
0.003495
0.001203
-0.000644
-0.001850
-0.002320
-0.004068
-0.007855
-0.008853
-0.003801
0.002018
0.003484
0.004426
0.007509
0.009207
0.006491
0.001786
0.000087
-0.000519
-0.003071
-0.005032
-0.003443
0.001212
0.005868
0.007433
0.004757
0.000489
-0.003680
-0.007746
-0.008838
-0.006002
-0.004432
-0.006634
-0.007732
-0.005839
-0.003462
-0.000559
0.002586
0.003486
0.002303
0.002157
0.004000
0.005629
0.006387
0.007557
0.008704
0.008649
0.006967
0.003935
0.001071
-0.000834
-0.003214
-0.007686
-0.011770
-0.011022
-0.006483
-0.002369
-0.000217
0.001367
0.003602
0.004471
0.002946
0.001911
0.001744
0.000332
-0.000673
0.000402
0.001645
0.002499
0.003709
0.004819
0.004719
0.002808
0.001696
0.002230
-0.000302
-0.005842
-0.009670
-0.010997
-0.008567
-0.002295
0.002961
0.005507
0.006676
0.006235
0.004316
0.001811
-0.000687
-0.003142
-0.004516
-0.003986
-0.004211
-0.006328
-0.005822
-0.000635
0.003913
0.004155
0.002395
0.001082
0.000201
-0.001269
-0.002816
-0.003263
-0.003566
-0.004623
-0.004865
-0.003433
-0.002515
-0.003660
-0.003996
-0.000682
0.003618
0.005961
0.005384
0.002323
0.000150
-0.000538
-0.001493
-0.002288
-0.002769
-0.003126
-0.002680
-0.001154
0.000831
0.002253
0.002156
0.001409
0.001782
0.000336
-0.004983
-0.010000
-0.013102
-0.013677
-0.009180
-0.002309
0.002590
0.006531
0.011458
0.015336
0.014728
0.010500
0.005934
0.002082
-0.000129
-0.000314
0.000801
0.002551
0.003750
0.002790
0.000072
-0.001722
-0.002727
-0.004609
-0.005404
-0.003333
-0.001194
-0.000576
0.000863
0.002028
0.000194
-0.002336
-0.003551
-0.003295
-0.000941
0.001595
0.002687
0.002359
0.000367
-0.001337
-0.001687
-0.002239
-0.002834
-0.002529
-0.001143
-0.000123
-0.001096
-0.002086
-0.001497
-0.000969
-0.000559
0.001277
0.002485
-0.000261
-0.005255
-0.008290
-0.008074
-0.005953
-0.003469
-0.000862
0.001529
0.003035
0.003709
0.003320
0.002324
0.001578
0.001601
0.001640
-0.000036
-0.000906
0.001009
0.002511
0.003197
0.004511
0.005614
0.006485
0.007726
0.008693
0.007226
0.002465
-0.002795
-0.004761
-0.002449
0.000726
0.000875
-0.001280
-0.002382
-0.002583
-0.003595
-0.003743
-0.001816
0.000035
0.000436
0.001145
0.003548
0.005123
0.004096
0.003145
0.003174
0.003553
0.004083
0.003061
0.001336
0.000478
-0.000474
-0.001633
-0.001952
-0.000642
0.000611
-0.000043
-0.000842
-0.001086
-0.000584
0.002267
0.006187
0.007617
0.005120
0.001586
-0.000430
-0.000623
0.001627
0.004550
0.004601
0.001516
-0.001448
-0.002734
-0.003404
-0.003686
-0.003751
-0.004105
-0.004125
-0.001745
0.002822
0.006888
0.008104
0.004590
-0.000549
-0.003664
-0.004288
-0.001392
0.002157
0.002048
-0.001642
-0.005419
-0.005235
-0.002677
-0.001262
0.000449
0.003101
0.002216
-0.003279
-0.006867
-0.007412
-0.008846
-0.010232
-0.008788
-0.004080
0.000540
0.002329
0.003296
0.004827
0.005444
0.004778
0.002708
-0.000574
-0.002568
-0.003534
-0.005462
-0.005705
-0.003486
-0.001701
-0.000139
0.001650
0.001845
0.001292
0.003012
0.005544
0.004235
-0.000227
-0.002472
-0.001704
-0.001053
-0.000766
0.000696
0.002200
0.000964
-0.001280
-0.000756
-0.000197
-0.002145
-0.003860
-0.005138
-0.007248
-0.009018
-0.008211
-0.004683
-0.001119
0.001448
0.003310
0.003942
0.002880
0.001276
0.001851
0.003007
-0.000186
-0.005249
-0.006686
-0.006872
-0.007501
-0.005051
-0.000475
0.001322
0.000056
-0.000544
0.000018
-0.000091
-0.000534
0.000228
0.001506
0.000265
-0.002261
-0.001231
0.002633
0.004706
0.004165
0.003190
0.002421
0.000874
-0.001910
-0.002597
0.001389
0.004869
0.005304
0.006050
0.005860
0.001891
-0.002834
-0.004135
-0.002972
-0.002265
-0.002347
-0.002637
-0.003542
-0.003445
-0.000920
0.001763
0.003026
0.002497
0.000874
0.000440
0.000256
-0.000959
-0.000619
0.001069
0.001451
0.001625
0.002588
0.003129
0.001550
-0.001576
-0.002086
-0.000389
-0.000442
-0.001317
-0.000779
-0.000620
-0.002793
-0.005005
-0.004440
-0.001597
0.001395
0.003722
0.005973
0.007948
0.007335
0.004203
0.003094
0.004421
0.004488
0.003059
0.002256
0.003160
0.004397
0.003648
0.001762
0.000756
0.000230
0.000024
0.000936
0.002152
0.002104
0.001942
0.003598
0.005172
0.004902
0.004664
0.005235
0.004017
-0.000724
-0.005837
-0.007622
-0.007047
-0.004748
-0.000266
0.002184
0.000287
-0.001802
-0.002815
-0.003264
-0.001924
-0.000527
0.000920
0.003947
0.004967
0.002602
0.000780
0.001278
0.003113
0.004945
0.006868
0.007788
0.005261
0.001253
-0.001197
-0.002218
-0.002554
-0.001872
-0.000272
0.000319
-0.001709
-0.004783
-0.006926
-0.007555
-0.006096
-0.004304
-0.003460
-0.002468
-0.001828
-0.002324
-0.001809
0.001037
0.004135
0.006446
0.006722
0.004047
0.001280
-0.000113
-0.000982
-0.001926
-0.003558
-0.005304
-0.005980
-0.004163
-0.001363
-0.001031
-0.002033
-0.002377
-0.002612
-0.002127
0.000521
0.003688
0.004999
0.005156
0.003965
0.000738
-0.001067
0.000190
0.001520
0.001904
0.001862
0.001213
-0.000207
-0.002680
-0.005290
-0.005960
-0.004599
-0.003408
-0.003224
-0.002842
-0.001488
0.000252
0.001777
0.003123
0.004061
0.003764
0.002157
0.000493
0.000022
0.000963
0.002046
0.002474
0.001980
0.000415
-0.000589
-0.000343
-0.000300
-0.001212
-0.002167
-0.002098
-0.001172
-0.000097
-0.000218
-0.002082
-0.003407
-0.002700
-0.001199
-0.000202
0.000726
0.001869
0.001541
-0.000262
-0.000553
0.001109
0.001028
-0.000972
-0.000632
0.001344
0.001625
0.001362
0.002086
0.002675
0.001241
-0.001663
-0.003662
-0.004009
-0.002875
-0.001437
-0.001658
-0.003624
-0.004368
-0.002854
-0.001484
-0.000383
0.001001
0.001639
0.001610
0.001415
0.000297
-0.000593
0.000360
0.000438
-0.001302
-0.002572
-0.003254
-0.002858
-0.001234
0.000229
0.001250
0.000847
-0.000900
-0.001900
-0.001446
-0.000337
0.000508
0.001495
0.002075
0.000593
-0.001573
-0.001672
-0.000028
0.001396
0.001689
0.000716
-0.000873
-0.003163
-0.004541
-0.002276
0.001284
0.003860
0.005237
0.003532
-0.000794
-0.004461
-0.004853
-0.003253
-0.002361
-0.001462
0.000087
0.001452
0.001783
0.000844
0.000516
0.001731
0.002305
0.000898
-0.000946
-0.002068
-0.003258
-0.004400
-0.003525
-0.000717
0.001648
0.002593
0.002079
0.000803
-0.000085
-0.000188
0.000930
0.002888
0.003237
0.000395
-0.003496
-0.005118
-0.003144
0.000241
0.002208
0.002918
0.003162
0.003133
0.002698
0.001798
0.001133
0.000791
0.000335
-0.000303
-0.000582
0.000150
0.001190
0.001881
0.001924
0.000502
-0.001577
-0.003124
-0.003592
-0.002394
-0.001762
-0.003384
-0.004377
-0.003979
-0.004093
-0.004224
-0.003403
-0.001474
0.000817
0.002010
0.002497
0.002650
0.002185
0.002785
0.004301
0.004302
0.003052
0.002570
0.002794
0.002077
-0.000033
-0.002756
-0.005058
-0.006172
-0.005533
-0.003274
-0.000691
0.001591
0.003630
0.004151
0.002285
0.000497
0.000365
-0.000056
-0.001832
-0.004055
-0.005051
-0.005059
-0.004986
-0.002942
0.000636
0.003338
0.004480
0.003277
0.000847
-0.000821
-0.001551
-0.000928
0.000367
0.000582
0.000164
0.000497
0.001396
0.001128
0.000643
0.002215
0.004129
0.005096
0.005390
0.003818
0.000180
-0.002726
-0.002851
-0.001896
-0.000823
0.000710
0.001620
0.001046
-0.000397
-0.001323
-0.000546
0.001386
0.002891
0.003487
0.002408
-0.000110
-0.002057
-0.002599
-0.002384
-0.002127
-0.002410
-0.003238
-0.003192
-0.002236
-0.001124
0.000612
0.002591
0.003390
0.002825
0.002799
0.003493
0.002187
-0.000846
-0.002063
-0.001313
-0.000685
0.000016
0.001839
0.002929
0.001016
-0.000329
0.001537
0.002202
0.000005
-0.001428
-0.001154
-0.000855
-0.000871
-0.000663
-0.000415
-0.000095
0.001016
0.001593
0.000358
-0.000303
0.000465
0.000697
0.000028
0.000057
0.002004
0.003954
0.003961
0.003461
0.003416
0.002749
0.001682
0.001347
0.001399
0.001203
0.001057
0.001232
0.001467
0.001017
-0.000253
-0.001540
-0.002444
-0.002363
-0.000885
0.001018
0.002542
0.003448
0.002538
-0.000032
-0.001444
-0.000770
0.000475
0.001692
0.003192
0.004909
0.005215
0.003115
0.001039
0.000068
-0.000413
0.000787
0.003151
0.003298
0.000410
-0.002024
-0.001885
-0.000375
0.000157
-0.000156
0.001156
0.002616
0.001793
0.001002
0.001798
0.001192
-0.001376
-0.002608
-0.002361
-0.002756
-0.003472
-0.003390
-0.002961
-0.002027
-0.000040
0.001812
0.003204
0.004139
0.003642
0.002438
0.001547
0.000604
-0.000601
-0.001660
-0.001809
-0.001004
-0.000038
0.000854
0.001565
0.002139
0.002100
0.000527
-0.001480
-0.002452
-0.002769
-0.003397
-0.005225
-0.006348
-0.004028
-0.001403
-0.000963
-0.000130
0.001476
0.001529
0.000115
-0.000985
-0.001794
-0.002641
-0.002979
-0.002758
-0.002364
-0.001718
-0.000787
-0.000882
-0.002194
-0.002950
-0.003048
-0.002386
0.000254
0.003079
0.002412
0.000205
0.000473
0.000833
-0.000513
-0.001653
-0.002233
-0.002857
-0.003335
-0.003342
-0.002709
-0.000844
0.001748
0.003369
0.003086
0.000984
-0.001474
-0.002331
-0.001398
-0.000332
-0.000755
-0.002038
-0.002695
-0.003038
-0.003155
-0.002235
0.000209
0.002271
0.001220
-0.000711
-0.001193
-0.001386
-0.000428
0.001671
0.001731
0.000158
-0.000059
0.000555
0.000897
0.001930
0.003190
0.003039
0.002339
0.002535
0.002033
0.000087
-0.001471
-0.002226
-0.003363
-0.004932
-0.004567
-0.001498
0.000930
0.000718
-0.000193
-0.000374
-0.000160
0.001054
0.003500
0.005995
0.007739
0.008308
0.007750
0.006849
0.006078
0.005241
0.003702
0.001595
-0.000589
-0.003444
-0.006086
-0.006465
-0.005237
-0.004488
-0.004203
-0.002861
-0.000513
0.000747
0.000493
0.001401
0.003789
0.003791
0.001344
0.000015
-0.000551
-0.001867
-0.002036
0.000039
0.001922
0.001542
0.000088
-0.000677
-0.001350
-0.002259
-0.002574
-0.002027
-0.002086
-0.004038
-0.005542
-0.004762
-0.002965
-0.001277
0.000713
0.002568
0.002251
0.000452
-0.000939
-0.001738
-0.001597
-0.001162
-0.001428
-0.002028
-0.002451
-0.002762
-0.003017
-0.002872
-0.002002
-0.000254
0.001464
0.001565
0.000217
-0.000190
0.001251
0.001893
0.001052
0.001618
0.002795
0.001098
-0.001519
-0.001652
-0.001954
-0.003816
-0.002787
0.000509
0.000634
-0.000984
0.000082
0.002608
0.003484
0.003022
0.002905
0.002496
0.000861
-0.000797
-0.001188
-0.000593
0.000122
0.000835
0.001563
0.002249
0.002282
0.001050
-0.000238
-0.001028
-0.001900
-0.002507
-0.002306
-0.001276
0.000037
0.000799
0.000750
0.000724
0.000895
0.000279
-0.000386
0.000510
0.001479
0.000626
-0.000488
-0.000026
0.001375
0.002447
0.002785
0.002514
0.001717
0.000269
-0.001462
-0.002634
-0.002844
-0.002319
-0.001582
-0.001013
-0.000395
0.000024
-0.000993
-0.002567
-0.001762
0.000578
0.001214
0.000935
0.001407
0.001465
0.000758
0.000827
0.001927
0.002161
0.001088
0.001016
0.002141
0.001983
0.000570
-0.000439
-0.000815
-0.000732
-0.000728
-0.000732
0.000187
0.000631
-0.000516
-0.001141
-0.000976
-0.001682
-0.001876
-0.000172
0.001237
0.000495
-0.000861
-0.001018
-0.001005
-0.001130
-0.000152
0.000855
0.000667
0.000084
-0.000259
-0.000310
-0.000215
0.000291
0.001737
0.002349
0.000909
0.000372
0.001872
0.002677
0.002148
0.001714
0.001481
0.000951
0.000628
0.000852
0.001070
0.001163
0.001555
0.002074
0.001502
-0.000113
-0.001177
-0.001408
-0.001115
-0.000998
-0.001568
-0.001271
0.000283
0.001591
0.001461
0.000302
-0.000136
0.000007
-0.000006
-0.000008
-0.000015
-0.000022
-0.000022
-0.000022
-0.000027
-0.000027
-0.000022
-0.000021
-0.000024
-0.000026
-0.000026
-0.000029
-0.000033
-0.000038
-0.000046
-0.000053
-0.000059
-0.000063
-0.000063
-0.000062
-0.000061
-0.000060
-0.000059
-0.000058
-0.000060
-0.000064
-0.000068
-0.000072
-0.000075
-0.000078
-0.000079
-0.000076
-0.000073
-0.000072
-0.000073
-0.000073
-0.000070
-0.000070
-0.000077
-0.000084
-0.000085
-0.000088
-0.000093
-0.000093
-0.000092
-0.000090
-0.000089
-0.000089
-0.000089
-0.000090
-0.000092
-0.000094
-0.000097
-0.000097
-0.000095
-0.000094
-0.000095
-0.000097
-0.000102
-0.000106
-0.000105
-0.000102
-0.000102
-0.000103
-0.000101
-0.000100
-0.000099
-0.000098
-0.000098
-0.000098
-0.000099
-0.000101
-0.000105
-0.000107
-0.000106
-0.000102
-0.000099
-0.000098
-0.000099
-0.000100
-0.000099
-0.000097
-0.000095
-0.000095
-0.000094
-0.000095
-0.000097
-0.000098
-0.000096
-0.000093
-0.000092
-0.000091
-0.000091
-0.000092
-0.000091
-0.000089
-0.000088
-0.000087
-0.000087
-0.000086
-0.000086
-0.000085
-0.000083
-0.000082
-0.000080
-0.000077
-0.000075
-0.000073
-0.000072
-0.000069
-0.000069
-0.000069
-0.000069
-0.000068
-0.000066
-0.000064
-0.000063
-0.000062
-0.000062
-0.000061
-0.000060
-0.000059
-0.000057
-0.000055
-0.000052
-0.000050
-0.000048
-0.000046
-0.000043
-0.000041
-0.000038
-0.000037
-0.000036
-0.000035
-0.000033
-0.000032
-0.000031
-0.000030
-0.000028
-0.000027
-0.000026
-0.000024
-0.000022
-0.000020
-0.000018
-0.000017
-0.000015
-0.000014
-0.000013
-0.000011
-0.000009
-0.000008
-0.000006
-0.000005
-0.000004
-0.000002
-0.000001
0.000000
0.000002
0.000003
0.000004
0.000005
0.000006
0.000007
0.000008
0.000009
0.000010
0.000011
0.000012
0.000013
0.000014
0.000014
0.000015
0.000016
0.000016
0.000017
0.000017
0.000017
0.000018
0.000018
0.000018
0.000018
0.000018
0.000018
0.000018
