-0.001591
-0.001585
-0.001578
-0.001572
-0.001566
-0.001560
-0.001554
-0.001548
-0.001542
-0.001537
-0.001534
-0.001532
-0.001529
-0.001528
-0.001531
-0.001534
-0.001537
-0.001548
-0.001565
-0.001580
-0.001579
-0.001570
-0.001564
-0.001545
-0.001507
-0.001478
-0.001468
-0.001455
-0.001453
-0.001477
-0.001502
-0.001525
-0.001582
-0.001647
-0.001671
-0.001671
-0.001679
-0.001683
-0.001637
-0.001532
-0.001451
-0.001445
-0.001472
-0.001490
-0.001513
-0.001610
-0.001771
-0.001874
-0.001935
-0.002077
-0.002243
-0.002310
-0.002294
-0.002225
-0.002047
-0.001787
-0.001561
-0.001473
-0.001489
-0.001512
-0.001503
-0.001478
-0.001454
-0.001463
-0.001580
-0.001788
-0.001973
-0.001972
-0.001804
-0.001708
-0.001755
-0.001830
-0.001950
-0.002159
-0.002331
-0.002383
-0.002380
-0.002392
-0.002414
-0.002413
-0.002386
-0.002357
-0.002346
-0.002358
-0.002379
-0.002396
-0.002414
-0.002445
-0.002503
-0.002578
-0.002639
-0.002641
-0.002596
-0.002543
-0.002480
-0.002401
-0.002353
-0.002279
-0.002012
-0.001579
-0.001178
-0.000999
-0.000959
-0.000822
-0.000743
-0.000987
-0.001329
-0.001449
-0.001368
-0.001276
-0.001343
-0.001791
-0.002663
-0.003696
-0.004708
-0.005660
-0.006303
-0.006459
-0.006371
-0.006119
-0.005430
-0.004693
-0.004523
-0.004730
-0.004843
-0.004749
-0.004283
-0.003342
-0.002617
-0.002607
-0.002955
-0.003197
-0.003272
-0.003306
-0.003309
-0.003170
-0.002720
-0.001800
-0.000627
0.000527
0.001749
0.002868
0.003113
0.001993
-0.000361
-0.003400
-0.006569
-0.009479
-0.011892
-0.013534
-0.014188
-0.014008
-0.013297
-0.012300
-0.011108
-0.009752
-0.008448
-0.007630
-0.007384
-0.007462
-0.007541
-0.007336
-0.006564
-0.005154
-0.003251
-0.001696
-0.001012
-0.000130
0.001576
0.003203
0.004217
0.004932
0.005398
0.005539
0.005609
0.005582
0.005036
0.004034
0.002834
0.001166
-0.001628
-0.006082
-0.011175
-0.015608
-0.019479
-0.023129
-0.025883
-0.026946
-0.026111
-0.023726
-0.020370
-0.016329
-0.012190
-0.008673
-0.005940
-0.003425
-0.000332
0.002822
0.004857
0.006309
0.007835
0.008114
0.006743
0.004793
0.002159
-0.001769
-0.006029
-0.009401
-0.011434
-0.011618
-0.009583
-0.006482
-0.003833
-0.002138
-0.000562
0.001590
0.003555
0.004342
0.003599
0.001792
-0.000787
-0.004422
-0.009084
-0.013972
-0.018146
-0.020992
-0.023101
-0.024730
-0.024189
-0.021325
-0.018271
-0.016060
-0.014185
-0.012492
-0.011165
-0.009908
-0.008147
-0.005446
-0.001714
0.002565
0.006406
0.009475
0.011912
0.013673
0.014193
0.012397
0.008838
0.005079
0.001071
-0.003642
-0.007648
-0.009804
-0.010429
-0.010258
-0.009595
-0.008706
-0.008087
-0.008237
-0.008762
-0.008900
-0.008668
-0.008346
-0.007697
-0.006571
-0.005197
-0.003936
-0.002926
-0.002016
-0.001114
-0.000265
0.000606
0.001792
0.003656
0.006355
0.010009
0.014146
0.017990
0.021063
0.023522
0.025756
0.027444
0.027647
0.026060
0.023172
0.019416
0.014774
0.009145
0.003770
0.000099
-0.001653
-0.002780
-0.004584
-0.006212
-0.006493
-0.006523
-0.007341
-0.008146
-0.008022
-0.007278
-0.007293
-0.008509
-0.009871
-0.010494
-0.009966
-0.007509
-0.003306
0.000624
0.003823
0.007588
0.011036
0.012665
0.013720
0.014816
0.013917
0.011036
0.008094
0.005347
0.002714
0.001740
0.002449
0.003378
0.004159
0.005345
0.007175
0.009225
0.010979
0.012178
0.012772
0.012751
0.012134
0.010784
0.008710
0.005969
0.002336
-0.001553
-0.004108
-0.005038
-0.005028
-0.004238
-0.002772
-0.001231
-0.000110
0.000197
-0.001188
-0.004125
-0.006757
-0.007783
-0.006852
-0.003855
0.001205
0.008172
0.016290
0.024539
0.031555
0.036307
0.038831
0.040006
0.040288
0.039566
0.037726
0.035176
0.032393
0.029335
0.025718
0.021771
0.019028
0.018078
0.017384
0.015634
0.012995
0.010744
0.009719
0.009733
0.009591
0.008011
0.005688
0.004089
0.003575
0.003284
0.002249
0.000715
-0.000669
-0.002308
-0.003844
-0.002823
0.001162
0.006300
0.010790
0.014200
0.017058
0.019428
0.020590
0.020233
0.018755
0.016656
0.014365
0.012308
0.011012
0.010631
0.010428
0.009873
0.009212
0.008673
0.007936
0.006295
0.003800
0.001493
0.000340
0.000962
0.003606
0.007553
0.011146
0.014033
0.016684
0.017450
0.014947
0.011097
0.008233
0.006917
0.006861
0.007970
0.009801
0.012253
0.016284
0.021610
0.026772
0.030843
0.033844
0.035792
0.036240
0.034475
0.030767
0.026084
0.020959
0.015752
0.010806
0.005933
0.000750
-0.004694
-0.009995
-0.014542
-0.017717
-0.019047
-0.018646
-0.016759
-0.012686
-0.005983
0.002893
0.012173
0.020240
0.026421
0.030842
0.033230
0.033017
0.030359
0.026041
0.021335
0.017730
0.016888
0.019229
0.022889
0.025826
0.027247
0.027459
0.026736
0.024974
0.022376
0.019440
0.016793
0.014948
0.014118
0.013717
0.012297
0.009070
0.003731
-0.003982
-0.013479
-0.022940
-0.030778
-0.036203
-0.039992
-0.042885
-0.044070
-0.043176
-0.040855
-0.038193
-0.035836
-0.033643
-0.031925
-0.032041
-0.033302
-0.033804
-0.033586
-0.033864
-0.035222
-0.037112
-0.038688
-0.039187
-0.038332
-0.036461
-0.034740
-0.034690
-0.036632
-0.040085
-0.044868
-0.050197
-0.054550
-0.057509
-0.059885
-0.062698
-0.066541
-0.071908
-0.078251
-0.084722
-0.091568
-0.098980
-0.105941
-0.111182
-0.113876
-0.114843
-0.114665
-0.111704
-0.106333
-0.101365
-0.097788
-0.094314
-0.089598
-0.083536
-0.076457
-0.069054
-0.062103
-0.055912
-0.050368
-0.045544
-0.042079
-0.040697
-0.040560
-0.040715
-0.041809
-0.043087
-0.042007
-0.038179
-0.033140
-0.027864
-0.022992
-0.019674
-0.017970
-0.017249
-0.017517
-0.019617
-0.025354
-0.034615
-0.046403
-0.060548
-0.077308
-0.097279
-0.118849
-0.139548
-0.159351
-0.178173
-0.192850
-0.202828
-0.209947
-0.213725
-0.212935
-0.209092
-0.204519
-0.199407
-0.192959
-0.184939
-0.175725
-0.165605
-0.154291
-0.142460
-0.131350
-0.121194
-0.111821
-0.103472
-0.093206
-0.076105
-0.052788
-0.026674
0.002287
0.034651
0.069512
0.104637
0.139125
0.174786
0.211135
0.243136
0.266437
0.279505
0.283784
0.281257
0.269674
0.246701
0.210594
0.161433
0.103920
0.045436
-0.006279
-0.045219
-0.074026
-0.098319
-0.118399
-0.132777
-0.140857
-0.144798
-0.147052
-0.148076
-0.148024
-0.147458
-0.145691
-0.141913
-0.137733
-0.134992
-0.133669
-0.132265
-0.129485
-0.125477
-0.120207
-0.111913
-0.100393
-0.086523
-0.069948
-0.050184
-0.027894
-0.005212
0.015768
0.034846
0.052226
0.066401
0.077776
0.088720
0.098927
0.105440
0.107054
0.103674
0.092166
0.070887
0.041823
0.012743
-0.009801
-0.025170
-0.037209
-0.048838
-0.059744
-0.069197
-0.077724
-0.085692
-0.091784
-0.094616
-0.093347
-0.087598
-0.076447
-0.056489
-0.028103
0.004251
0.034424
0.059923
0.082773
0.105962
0.130510
0.154535
0.176991
0.199677
0.223838
0.248853
0.273643
0.297865
0.321885
0.344230
0.361508
0.374574
0.387019
0.400287
0.414073
0.428858
0.446309
0.466887
0.487239
0.503511
0.513182
0.517604
0.518379
0.515184
0.506522
0.489495
0.462989
0.426088
0.381101
0.332676
0.284646
0.237899
0.191808
0.147960
0.108732
0.073722
0.041540
0.013545
-0.009268
-0.027201
-0.041438
-0.053163
-0.062221
-0.067762
-0.068500
-0.064628
-0.057493
-0.047700
-0.037389
-0.029882
-0.025295
-0.021536
-0.017526
-0.012688
-0.005995
0.000660
0.004631
0.006871
0.011009
0.020608
0.032266
0.040073
0.044308
0.048056
0.051360
0.053479
0.054857
0.055994
0.056320
0.054411
0.049291
0.039820
0.025679
0.008391
-0.008728
-0.023652
-0.036343
-0.047144
-0.056556
-0.066672
-0.078071
-0.087939
-0.094853
-0.099555
-0.102987
-0.105267
-0.105695
-0.102736
-0.094390
-0.081491
-0.067890
-0.058384
-0.054243
-0.054639
-0.058345
-0.064764
-0.074160
-0.085795
-0.098657
-0.113332
-0.130738
-0.149128
-0.166525
-0.183154
-0.200381
-0.218402
-0.235024
-0.248954
-0.261595
-0.274211
-0.286201
-0.295942
-0.302987
-0.308301
-0.317391
-0.336715
-0.355603
-0.359829
-0.353890
-0.343846
-0.321387
-0.291427
-0.268105
-0.247971
-0.220021
-0.181857
-0.140871
-0.103669
-0.070975
-0.040038
-0.007301
0.026593
0.057984
0.086100
0.112627
0.138314
0.162697
0.184955
0.205211
0.224008
0.241766
0.257856
0.270020
0.277988
0.283283
0.287497
0.291727
0.296736
0.302381
0.308199
0.314384
0.321358
0.329166
0.336969
0.343553
0.348950
0.352848
0.352647
0.347893
0.340777
0.334098
0.328821
0.323219
0.316129
0.308216
0.300428
0.292804
0.284792
0.276055
0.266381
0.255742
0.244054
0.231469
0.218250
0.204190
0.188473
0.169452
0.146762
0.120330
0.088433
0.051501
0.012588
-0.023227
-0.052562
-0.077452
-0.100857
-0.122084
-0.140422
-0.156152
-0.168546
-0.177646
-0.185290
-0.192220
-0.197273
-0.200392
-0.202828
-0.205332
-0.208021
-0.211048
-0.214491
-0.218529
-0.223990
-0.229911
-0.233267
-0.233616
-0.232637
-0.231004
-0.228599
-0.225435
-0.222024
-0.218123
-0.212030
-0.202379
-0.188463
-0.169706
-0.144537
-0.113184
-0.079346
-0.048819
-0.023914
-0.003862
0.013599
0.029503
0.042093
0.051303
0.059026
0.065075
0.067116
0.064171
0.057804
0.049205
0.036811
0.018013
-0.005767
-0.030369
-0.052644
-0.071431
-0.086192
-0.098660
-0.111382
-0.125304
-0.139549
-0.152929
-0.165194
-0.177054
-0.189815
-0.204180
-0.219815
-0.234009
-0.243638
-0.248760
-0.251103
-0.250810
-0.249285
-0.249086
-0.250661
-0.252657
-0.253956
-0.254892
-0.256387
-0.258442
-0.260602
-0.262781
-0.265027
-0.266314
-0.263644
-0.254001
-0.237124
-0.214450
-0.185670
-0.154774
-0.127175
-0.101485
-0.075030
-0.050251
-0.028779
-0.009694
0.006595
0.019026
0.027785
0.033650
0.035994
0.034682
0.031070
0.027069
0.023594
0.020516
0.017401
0.014585
0.013640
0.015099
0.018298
0.022876
0.029033
0.036094
0.042778
0.048362
0.054292
0.062970
0.074660
0.087750
0.100695
0.113837
0.128872
0.146008
0.164182
0.182570
0.201127
0.219846
0.237265
0.251267
0.261036
0.267435
0.271159
0.273680
0.277134
0.283012
0.291630
0.303171
0.317320
0.333309
0.348758
0.362155
0.374916
0.387051
0.395383
0.398871
0.398949
0.396541
0.391072
0.380504
0.365563
0.348514
0.330081
0.310877
0.292656
0.275691
0.259013
0.242992
0.227882
0.212119
0.195424
0.179616
0.166227
0.155117
0.145233
0.136559
0.130518
0.126779
0.124203
0.123349
0.124802
0.128517
0.134834
0.143666
0.152214
0.158061
0.161084
0.162211
0.161503
0.158753
0.154640
0.150362
0.146887
0.144909
0.144549
0.145475
0.147264
0.148931
0.148959
0.146940
0.143107
0.137227
0.129129
0.118515
0.105841
0.092165
0.078790
0.066817
0.057165
0.048986
0.040590
0.031308
0.021324
0.010728
-0.000211
-0.010880
-0.020641
-0.029396
-0.037738
-0.046108
-0.054326
-0.061825
-0.068656
-0.076159
-0.084835
-0.093527
-0.101063
-0.106852
-0.110525
-0.112329
-0.112897
-0.112859
-0.112483
-0.111920
-0.111407
-0.111106
-0.110723
-0.109561
-0.107365
-0.103957
-0.098540
-0.090614
-0.079628
-0.065615
-0.049393
-0.032617
-0.016855
-0.003318
0.007579
0.015506
0.020365
0.022842
0.023514
0.022339
0.018718
0.013263
0.006707
-0.001988
-0.012681
-0.023777
-0.034646
-0.045883
-0.058097
-0.070237
-0.079974
-0.087137
-0.093171
-0.099171
-0.104728
-0.108170
-0.109273
-0.109071
-0.108502
-0.108268
-0.109166
-0.110989
-0.112802
-0.114226
-0.114907
-0.113519
-0.110016
-0.105424
-0.099948
-0.093282
-0.085913
-0.078235
-0.069615
-0.059863
-0.049866
-0.041051
-0.034105
-0.029212
-0.025684
-0.022854
-0.020779
-0.019814
-0.020422
-0.021990
-0.023473
-0.024740
-0.026370
-0.028981
-0.032278
-0.035430
-0.037947
-0.039875
-0.041535
-0.043353
-0.045632
-0.047573
-0.048342
-0.048897
-0.050250
-0.052096
-0.054000
-0.056205
-0.058837
-0.061944
-0.066017
-0.070343
-0.073391
-0.075704
-0.078336
-0.080352
-0.080876
-0.080173
-0.078449
-0.075794
-0.073149
-0.071025
-0.068650
-0.065795
-0.062601
-0.058204
-0.051645
-0.042228
-0.029773
-0.014163
0.003376
0.020927
0.037357
0.052554
0.066305
0.078136
0.087613
0.094130
0.098006
0.099341
0.097606
0.091816
0.081295
0.066549
0.047878
0.027372
0.007750
-0.010535
-0.027323
-0.040118
-0.048140
-0.052697
-0.055887
-0.058755
-0.060495
-0.060990
-0.060989
-0.060303
-0.058099
-0.054052
-0.049167
-0.044652
-0.040035
-0.034109
-0.026690
-0.018615
-0.010925
-0.005142
-0.002681
-0.002737
-0.003757
-0.005615
-0.007954
-0.009363
-0.008676
-0.005863
-0.001492
0.003707
0.009190
0.014383
0.018618
0.021308
0.022597
0.022841
0.022236
0.020986
0.019693
0.018795
0.018308
0.018410
0.019436
0.021021
0.022399
0.023005
0.022878
0.022267
0.021672
0.021160
0.019839
0.017066
0.012849
0.008162
0.003966
0.000271
-0.003317
-0.007019
-0.010988
-0.015510
-0.020775
-0.026671
-0.033109
-0.040358
-0.048614
-0.057058
-0.064502
-0.070251
-0.075197
-0.081145
-0.089310
-0.099760
-0.111819
-0.125182
-0.140060
-0.154775
-0.166738
-0.174878
-0.179938
-0.182293
-0.182547
-0.181885
-0.181884
-0.182638
-0.182279
-0.180561
-0.178907
-0.178045
-0.177518
-0.176654
-0.175628
-0.175014
-0.174564
-0.173834
-0.173112
-0.172706
-0.172468
-0.172352
-0.172449
-0.172622
-0.172620
-0.172318
-0.171746
-0.171133
-0.170951
-0.171845
-0.174845
-0.179862
-0.186173
-0.193142
-0.200578
-0.208842
-0.217421
-0.224898
-0.230445
-0.234107
-0.236068
-0.236257
-0.233815
-0.228828
-0.221606
-0.211239
-0.197860
-0.182691
-0.165907
-0.147377
-0.129616
-0.114791
-0.102584
-0.092399
-0.084929
-0.079631
-0.075447
-0.073120
-0.072503
-0.072069
-0.071431
-0.071161
-0.071216
-0.071005
-0.070234
-0.069462
-0.069300
-0.069509
-0.069931
-0.071160
-0.072832
-0.073873
-0.074226
-0.074461
-0.074688
-0.074285
-0.072768
-0.070971
-0.070505
-0.073000
-0.077664
-0.082479
-0.087024
-0.092074
-0.098070
-0.104388
-0.109991
-0.114600
-0.118540
-0.122298
-0.125712
-0.128084
-0.131390
-0.138408
-0.147428
-0.155884
-0.164585
-0.173231
-0.179054
-0.181848
-0.183741
-0.185873
-0.186146
-0.180912
-0.171409
-0.161336
-0.151666
-0.142324
-0.134713
-0.129572
-0.125863
-0.121491
-0.115587
-0.108891
-0.103037
-0.099016
-0.095585
-0.091498
-0.087396
-0.084238
-0.082433
-0.082242
-0.083680
-0.086281
-0.089473
-0.093124
-0.097128
-0.101028
-0.104110
-0.106334
-0.108204
-0.109717
-0.110509
-0.110681
-0.110906
-0.112135
-0.114970
-0.119714
-0.125892
-0.132446
-0.138313
-0.142992
-0.146088
-0.147580
-0.147309
-0.144217
-0.137902
-0.128201
-0.115542
-0.100578
-0.083597
-0.066609
-0.053452
-0.043662
-0.034804
-0.028303
-0.025562
-0.024774
-0.023821
-0.022438
-0.021132
-0.019601
-0.016635
-0.011544
-0.004144
0.004645
0.013759
0.023145
0.032565
0.041173
0.049465
0.058245
0.066437
0.073130
0.078900
0.084589
0.090077
0.094241
0.097318
0.101472
0.106737
0.111295
0.115230
0.119503
0.123521
0.126148
0.126872
0.126341
0.125519
0.124983
0.124543
0.123455
0.121276
0.118093
0.114371
0.110661
0.107220
0.103380
0.097906
0.090070
0.080110
0.068363
0.056084
0.044544
0.033044
0.020557
0.007590
-0.004460
-0.014608
-0.023975
-0.033327
-0.040617
-0.044309
-0.044563
-0.043398
-0.042209
-0.039888
-0.035722
-0.030581
-0.025196
-0.018905
-0.010269
0.000691
0.012360
0.023969
0.035939
0.048087
0.059054
0.066918
0.072484
0.078349
0.085162
0.092130
0.099199
0.106836
0.115181
0.123692
0.132035
0.141019
0.150403
0.157834
0.162756
0.166378
0.169213
0.171397
0.173682
0.175962
0.177202
0.177704
0.178331
0.178766
0.178857
0.179374
0.180492
0.181445
0.181232
0.179992
0.178390
0.175946
0.171152
0.163115
0.152089
0.138023
0.122200
0.106754
0.092986
0.081075
0.070952
0.062289
0.055104
0.050042
0.047099
0.044985
0.042924
0.041534
0.040899
0.041012
0.043390
0.048416
0.054872
0.062680
0.072798
0.084671
0.096207
0.105216
0.111853
0.117195
0.121308
0.124025
0.125668
0.126710
0.127211
0.127493
0.127626
0.126576
0.124346
0.122194
0.120187
0.117332
0.113232
0.108655
0.104531
0.100485
0.095663
0.090543
0.085328
0.078471
0.070042
0.062136
0.056537
0.053276
0.051318
0.049676
0.047851
0.045479
0.042605
0.040144
0.038652
0.037988
0.037682
0.037572
0.037867
0.038974
0.041518
0.044987
0.048116
0.050143
0.050898
0.049911
0.046898
0.041659
0.034581
0.026445
0.017695
0.008761
-0.000144
-0.009907
-0.021317
-0.033687
-0.045839
-0.057081
-0.067038
-0.075266
-0.081590
-0.086290
-0.089264
-0.090930
-0.091568
-0.090247
-0.086559
-0.081376
-0.075761
-0.070169
-0.064964
-0.061104
-0.060213
-0.061208
-0.061179
-0.060060
-0.059203
-0.057879
-0.055101
-0.051212
-0.047059
-0.043097
-0.039832
-0.036839
-0.032129
-0.024675
-0.014905
-0.004325
0.006036
0.016347
0.025668
0.031730
0.034287
0.034856
0.034368
0.033098
0.031221
0.029430
0.027974
0.025756
0.021735
0.015417
0.007478
-0.001001
-0.009207
-0.016876
-0.024026
-0.030159
-0.034632
-0.038251
-0.042183
-0.046529
-0.051332
-0.057036
-0.062848
-0.067693
-0.071823
-0.075446
-0.077725
-0.078993
-0.080100
-0.080327
-0.079368
-0.078459
-0.078168
-0.077970
-0.077593
-0.077193
-0.076670
-0.075913
-0.074604
-0.071895
-0.066605
-0.057028
-0.043506
-0.027325
-0.009670
0.009309
0.031053
0.054474
0.075917
0.094548
0.111769
0.127810
0.141616
0.151527
0.157934
0.161931
0.163602
0.162924
0.159965
0.155326
0.149347
0.141952
0.133397
0.124380
0.115430
0.106585
0.097482
0.088275
0.080161
0.073890
0.069690
0.067430
0.066987
0.068276
0.070111
0.070487
0.070037
0.070837
0.072923
0.074696
0.074775
0.073777
0.073283
0.074347
0.076652
0.078685
0.079685
0.079593
0.077613
0.073399
0.068705
0.065103
0.062567
0.060268
0.057906
0.055949
0.054737
0.054286
0.054259
0.054229
0.053812
0.052857
0.051473
0.050328
0.050222
0.050939
0.051821
0.052732
0.053607
0.054049
0.053908
0.053454
0.053113
0.052638
0.051027
0.048265
0.044718
0.039631
0.032987
0.026330
0.020367
0.014657
0.009208
0.004496
0.000787
-0.002291
-0.005212
-0.008185
-0.011226
-0.014227
-0.016719
-0.017980
-0.018572
-0.019292
-0.019594
-0.018079
-0.012826
-0.003279
0.010124
0.026490
0.043819
0.059248
0.071654
0.081222
0.088509
0.094048
0.097853
0.100054
0.100724
0.100327
0.099119
0.096346
0.092005
0.086930
0.081546
0.075748
0.069557
0.063627
0.059036
0.055400
0.052240
0.051263
0.053418
0.057429
0.061395
0.064669
0.068221
0.072584
0.076975
0.081612
0.087919
0.095203
0.101969
0.108671
0.116529
0.125808
0.134636
0.141334
0.146857
0.152036
0.155388
0.156671
0.156879
0.155678
0.152416
0.147102
0.140025
0.130647
0.118317
0.103690
0.088523
0.074263
0.061688
0.050713
0.041555
0.035720
0.032726
0.030308
0.027726
0.025834
0.025089
0.025183
0.026014
0.027270
0.028312
0.028655
0.028216
0.026926
0.024845
0.021778
0.017126
0.010756
0.003291
-0.004140
-0.010650
-0.016575
-0.022626
-0.028908
-0.034324
-0.037119
-0.038398
-0.040257
-0.042151
-0.042974
-0.043121
-0.042992
-0.042461
-0.042396
-0.043498
-0.045099
-0.046724
-0.048690
-0.050673
-0.052067
-0.053030
-0.053821
-0.054111
-0.053639
-0.052612
-0.051459
-0.050370
-0.049071
-0.046802
-0.043042
-0.038489
-0.033760
-0.028310
-0.022300
-0.016856
-0.012675
-0.009622
-0.007540
-0.006297
-0.006015
-0.007007
-0.009351
-0.012804
-0.016952
-0.021610
-0.026585
-0.031599
-0.036535
-0.041200
-0.044989
-0.047170
-0.047544
-0.047157
-0.047053
-0.047212
-0.047273
-0.046875
-0.045325
-0.042077
-0.036853
-0.029651
-0.020067
-0.008295
0.005098
0.020238
0.036347
0.051616
0.065259
0.077170
0.086411
0.093495
0.100492
0.107322
0.112276
0.115471
0.118096
0.120180
0.121343
0.121921
0.123194
0.125837
0.129257
0.133377
0.138800
0.144075
0.147272
0.148628
0.149083
0.148275
0.145914
0.142714
0.139983
0.137809
0.134804
0.130435
0.125299
0.120251
0.115251
0.109297
0.102760
0.097329
0.094027
0.092704
0.093041
0.094528
0.096576
0.098357
0.099161
0.098730
0.097330
0.095142
0.092712
0.089858
0.084412
0.075337
0.063344
0.049999
0.035899
0.020185
0.002646
-0.015733
-0.033760
-0.050977
-0.068042
-0.085006
-0.100130
-0.113189
-0.125507
-0.137160
-0.147124
-0.154940
-0.161572
-0.168073
-0.173822
-0.177591
-0.179301
-0.179945
-0.179943
-0.178764
-0.174781
-0.166091
-0.151248
-0.127907
-0.098592
-0.068228
-0.038422
-0.008851
0.019491
0.044497
0.063797
0.077889
0.088606
0.096465
0.101581
0.103950
0.104587
0.104759
0.105073
0.105033
0.103348
0.101262
0.101187
0.102601
0.103864
0.105166
0.107000
0.108879
0.109985
0.110587
0.112258
0.115355
0.118533
0.120046
0.119212
0.116904
0.114285
0.111737
0.109230
0.106607
0.103276
0.099305
0.095770
0.092292
0.087553
0.082187
0.077628
0.074151
0.071257
0.068635
0.065648
0.061824
0.057624
0.053273
0.047907
0.040843
0.032015
0.021537
0.009886
-0.002258
-0.013767
-0.023524
-0.031433
-0.037962
-0.042909
-0.046222
-0.047918
-0.047689
-0.046022
-0.044600
-0.044054
-0.043640
-0.042914
-0.042098
-0.041389
-0.040654
-0.039754
-0.039092
-0.039063
-0.039319
-0.039412
-0.039351
-0.039270
-0.039157
-0.039067
-0.038915
-0.038236
-0.037030
-0.035705
-0.034555
-0.033227
-0.030656
-0.026928
-0.023180
-0.020201
-0.017936
-0.015865
-0.013695
-0.011553
-0.009791
-0.008732
-0.008492
-0.009171
-0.011171
-0.013349
-0.014465
-0.016073
-0.020152
-0.027126
-0.035789
-0.045295
-0.055870
-0.067400
-0.078771
-0.088846
-0.096936
-0.103560
-0.109238
-0.113198
-0.115348
-0.116732
-0.118556
-0.121111
-0.123470
-0.124890
-0.125234
-0.124535
-0.122892
-0.121333
-0.120663
-0.120501
-0.119966
-0.118850
-0.118392
-0.119556
-0.121859
-0.124570
-0.127738
-0.131296
-0.135010
-0.139172
-0.144591
-0.152378
-0.161785
-0.171191
-0.180031
-0.188697
-0.197558
-0.206347
-0.214199
-0.219902
-0.223471
-0.226360
-0.228765
-0.229405
-0.228619
-0.227874
-0.227632
-0.227222
-0.225737
-0.222775
-0.218754
-0.215168
-0.212334
-0.208901
-0.204632
-0.200637
-0.197624
-0.195259
-0.192859
-0.190547
-0.188466
-0.185448
-0.180172
-0.171886
-0.159937
-0.142477
-0.118745
-0.090720
-0.062105
-0.034509
-0.007221
0.018819
0.041741
0.061710
0.080318
0.097777
0.112658
0.123116
0.128589
0.130009
0.127620
0.120954
0.109663
0.096095
0.083956
0.075958
0.071468
0.068518
0.065909
0.062671
0.057186
0.049182
0.039415
0.027970
0.015201
0.003725
-0.005615
-0.015404
-0.026845
-0.038853
-0.050710
-0.062311
-0.072903
-0.082057
-0.089463
-0.094149
-0.095607
-0.094160
-0.090415
-0.083569
-0.072206
-0.055967
-0.035833
-0.013829
0.008438
0.030416
0.051235
0.068663
0.081870
0.091514
0.099167
0.106101
0.113328
0.120815
0.126969
0.131561
0.135440
0.138080
0.138861
0.138753
0.138784
0.138785
0.138264
0.136983
0.134613
0.131795
0.130016
0.128975
0.127451
0.125724
0.124507
0.123501
0.121981
0.119920
0.118649
0.118322
0.116643
0.112850
0.108366
0.104726
0.101947
0.098669
0.094646
0.090913
0.087777
0.084847
0.082236
0.079909
0.077199
0.073991
0.070657
0.067034
0.063363
0.060845
0.058605
0.054490
0.048732
0.042886
0.037467
0.032541
0.028746
0.026380
0.025256
0.025463
0.026756
0.028701
0.031292
0.034446
0.037202
0.039403
0.042113
0.044737
0.045624
0.044836
0.043673
0.042875
0.042370
0.041820
0.040573
0.038549
0.036723
0.035379
0.033918
0.032369
0.031352
0.031234
0.031385
0.030689
0.028969
0.026743
0.024482
0.021859
0.017812
0.012705
0.007501
0.001597
-0.005212
-0.011300
-0.016402
-0.021998
-0.028784
-0.036324
-0.044258
-0.051850
-0.058120
-0.063818
-0.070245
-0.077342
-0.084498
-0.091754
-0.099412
-0.107525
-0.115967
-0.124468
-0.132626
-0.140242
-0.147212
-0.153365
-0.158622
-0.162933
-0.166989
-0.171647
-0.176608
-0.181024
-0.184380
-0.187092
-0.189786
-0.192565
-0.194938
-0.196021
-0.196165
-0.196874
-0.198784
-0.201509
-0.204514
-0.207560
-0.210592
-0.213598
-0.216776
-0.220862
-0.226157
-0.232370
-0.238962
-0.245830
-0.253074
-0.260974
-0.270021
-0.280670
-0.292561
-0.303070
-0.308100
-0.303812
-0.288227
-0.258201
-0.217796
-0.174854
-0.132889
-0.092379
-0.055017
-0.022382
0.004461
0.024760
0.039723
0.051639
0.061938
0.070448
0.077732
0.084260
0.088460
0.089215
0.086644
0.082431
0.078254
0.074398
0.070999
0.068760
0.067106
0.064044
0.057607
0.047564
0.034479
0.020803
0.009076
-0.001142
-0.011455
-0.022225
-0.032763
-0.042962
-0.054578
-0.068500
-0.082799
-0.095558
-0.106506
-0.116677
-0.126842
-0.136872
-0.146115
-0.153575
-0.159061
-0.162798
-0.164751
-0.165431
-0.166012
-0.167547
-0.170207
-0.172520
-0.173513
-0.173985
-0.174232
-0.173256
-0.171026
-0.168573
-0.166659
-0.165180
-0.163766
-0.162117
-0.160584
-0.160622
-0.162677
-0.165769
-0.168571
-0.170097
-0.169735
-0.167407
-0.162845
-0.155811
-0.145765
-0.132828
-0.117512
-0.099387
-0.079105
-0.058370
-0.038726
-0.020870
-0.004834
0.010363
0.025935
0.041336
0.055683
0.070132
0.084733
0.096644
0.106036
0.115178
0.123446
0.129193
0.132353
0.134258
0.136022
0.138550
0.142633
0.148786
0.155920
0.161962
0.165752
0.167056
0.165676
0.162238
0.157779
0.153295
0.149248
0.145382
0.140992
0.135072
0.127560
0.118995
0.109910
0.100557
0.090815
0.080980
0.071627
0.062781
0.054011
0.044959
0.036237
0.028996
0.022813
0.016701
0.010952
0.006085
0.002055
-0.001420
-0.004091
-0.004971
-0.004385
-0.004087
-0.004060
-0.002939
-0.001017
0.000698
0.002420
0.004490
0.006824
0.009962
0.014377
0.019517
0.024410
0.028585
0.032630
0.036973
0.040838
0.043537
0.044966
0.045404
0.045132
0.044646
0.044023
0.042528
0.040614
0.039451
0.038798
0.037688
0.035738
0.033108
0.029814
0.026009
0.022156
0.018807
0.016169
0.014360
0.013395
0.013260
0.013951
0.015583
0.018615
0.022621
0.026399
0.028792
0.029798
0.030296
0.030977
0.031835
0.032206
0.031865
0.031374
0.030619
0.028672
0.025872
0.022811
0.018490
0.012685
0.006662
0.001109
-0.004020
-0.008288
-0.011201
-0.012692
-0.014235
-0.017248
-0.020857
-0.023485
-0.024486
-0.024931
-0.025861
-0.026322
-0.025521
-0.024562
-0.024181
-0.023769
-0.022896
-0.021922
-0.021425
-0.021114
-0.020001
-0.017813
-0.015004
-0.012104
-0.009144
-0.005668
-0.001862
0.002063
0.007260
0.013976
0.020395
0.026268
0.032820
0.038957
0.043305
0.047064
0.050825
0.053099
0.053810
0.054063
0.053640
0.052505
0.051784
0.051718
0.051551
0.050967
0.050220
0.049516
0.049123
0.049437
0.050550
0.052122
0.053703
0.054970
0.055819
0.056739
0.057847
0.058132
0.057370
0.056418
0.055798
0.055391
0.055044
0.054927
0.055481
0.056836
0.058798
0.060938
0.063371
0.066984
0.070983
0.073792
0.076004
0.078723
0.081340
0.082750
0.082632
0.081979
0.081410
0.079992
0.077448
0.074592
0.071612
0.068295
0.065279
0.062923
0.060710
0.058593
0.056908
0.055130
0.052752
0.050136
0.047990
0.046513
0.044899
0.042760
0.040894
0.039145
0.036137
0.031511
0.026111
0.020760
0.015851
0.011706
0.008363
0.005538
0.002795
0.000312
-0.000947
-0.001159
-0.001036
-0.000190
0.001890
0.005013
0.008200
0.010891
0.014186
0.018550
0.022309
0.024754
0.026894
0.029508
0.032262
0.034244
0.035244
0.035567
0.035685
0.035724
0.035246
0.033714
0.030385
0.024928
0.017569
0.009446
0.001515
-0.006328
-0.014380
-0.022543
-0.030576
-0.038240
-0.045133
-0.051102
-0.056214
-0.060911
-0.065625
-0.070362
-0.074452
-0.076715
-0.077251
-0.076719
-0.074931
-0.071509
-0.065995
-0.058083
-0.047731
-0.036021
-0.024478
-0.014047
-0.004410
0.005064
0.014385
0.023182
0.031086
0.038112
0.044400
0.050246
0.056150
0.062727
0.069933
0.077047
0.083159
0.087986
0.092558
0.097004
0.099447
0.099966
0.100232
0.100476
0.099910
0.098119
0.095538
0.092629
0.089537
0.086640
0.084851
0.084070
0.083341
0.082342
0.081522
0.081446
0.081973
0.082482
0.082387
0.081788
0.082037
0.083272
0.083583
0.082519
0.081207
0.079871
0.078461
0.078020
0.078451
0.078400
0.077619
0.076614
0.075136
0.073040
0.070781
0.068680
0.066663
0.064606
0.062308
0.059514
0.057128
0.055978
0.054598
0.052146
0.050302
0.049710
0.049268
0.048392
0.047351
0.046271
0.045170
0.044215
0.043419
0.042641
0.041814
0.040906
0.039671
0.037531
0.034508
0.032112
0.030367
0.026866
0.021101
0.014635
0.008619
0.002876
-0.003428
-0.010838
-0.019441
-0.028452
-0.037094
-0.045338
-0.052889
-0.059051
-0.064661
-0.070973
-0.077808
-0.084041
-0.088652
-0.091664
-0.093680
-0.095330
-0.097010
-0.098698
-0.099716
-0.099305
-0.097654
-0.095331
-0.092284
-0.088693
-0.085091
-0.081671
-0.078304
-0.074901
-0.071466
-0.067983
-0.064539
-0.061049
-0.056958
-0.052252
-0.047546
-0.043113
-0.038644
-0.033579
-0.028168
-0.023353
-0.018595
-0.012866
-0.007263
-0.002985
0.000528
0.003911
0.006765
0.008653
0.009886
0.011138
0.012922
0.015314
0.017205
0.017688
0.017431
0.017395
0.017627
0.017432
0.016417
0.015020
0.013972
0.013737
0.013384
0.011921
0.010582
0.010403
0.010303
0.009823
0.009793
0.009824
0.009354
0.009642
0.011256
0.013193
0.014649
0.015910
0.017850
0.020501
0.023280
0.026487
0.030764
0.035620
0.040250
0.044482
0.047962
0.050150
0.051657
0.053413
0.055462
0.057457
0.059393
0.061720
0.064286
0.065810
0.066115
0.066194
0.066165
0.065532
0.064523
0.063686
0.063182
0.063063
0.063312
0.063369
0.062861
0.062035
0.061276
0.060821
0.061003
0.061658
0.061827
0.061623
0.062137
0.063345
0.064460
0.065265
0.065831
0.065989
0.066116
0.066615
0.066898
0.066327
0.064820
0.062883
0.060923
0.058879
0.056496
0.053460
0.049966
0.046188
0.041359
0.035539
0.030721
0.027525
0.024658
0.020933
0.016694
0.013606
0.011993
0.010833
0.009816
0.009211
0.008547
0.007644
0.007327
0.007433
0.006987
0.005958
0.004970
0.004228
0.003166
0.001325
-0.000418
-0.001475
-0.002872
-0.005061
-0.007266
-0.009089
-0.010655
-0.011734
-0.012343
-0.012948
-0.013477
-0.013398
-0.012415
-0.011317
-0.011607
-0.012854
-0.013652
-0.014199
-0.015118
-0.015933
-0.016782
-0.018498
-0.020296
-0.021042
-0.021110
-0.021358
-0.021869
-0.022048
-0.021722
-0.021621
-0.021676
-0.020793
-0.019528
-0.019196
-0.019266
-0.019100
-0.019623
-0.020852
-0.021776
-0.022519
-0.023704
-0.025172
-0.026750
-0.028620
-0.030319
-0.031265
-0.031615
-0.031915
-0.032341
-0.032428
-0.031867
-0.031078
-0.030476
-0.029982
-0.029323
-0.028462
-0.027683
-0.027133
-0.026717
-0.026603
-0.027014
-0.027379
-0.027355
-0.027663
-0.028365
-0.028818
-0.029589
-0.031303
-0.033017
-0.033998
-0.034681
-0.035522
-0.036630
-0.038338
-0.040627
-0.042971
-0.045208
-0.047541
-0.049948
-0.052094
-0.053562
-0.054562
-0.055473
-0.056016
-0.055925
-0.055472
-0.055079
-0.054852
-0.054633
-0.053984
-0.052030
-0.048663
-0.044343
-0.039505
-0.034209
-0.028162
-0.021573
-0.015066
-0.008470
-0.001476
0.004907
0.009819
0.013398
0.015948
0.017471
0.018877
0.020687
0.021652
0.021407
0.020830
0.019752
0.017703
0.015613
0.014236
0.013183
0.011976
0.010641
0.009281
0.008132
0.007730
0.007877
0.007948
0.007867
0.007871
0.007983
0.008091
0.007947
0.006748
0.004598
0.003288
0.002854
0.001466
-0.000795
-0.002866
-0.005462
-0.008756
-0.011299
-0.013120
-0.015796
-0.020361
-0.025964
-0.030860
-0.034485
-0.037438
-0.040815
-0.044731
-0.047998
-0.050393
-0.052733
-0.055304
-0.057792
-0.059984
-0.061778
-0.062915
-0.063571
-0.063835
-0.062916
-0.061035
-0.059595
-0.058555
-0.056925
-0.054836
-0.053135
-0.052331
-0.052316
-0.052859
-0.053721
-0.054444
-0.054400
-0.054001
-0.054141
-0.054402
-0.054206
-0.054294
-0.055128
-0.056107
-0.056463
-0.056226
-0.056325
-0.056700
-0.056079
-0.054696
-0.053684
-0.052740
-0.051423
-0.050585
-0.050835
-0.051735
-0.052211
-0.051886
-0.051342
-0.050744
-0.049599
-0.047974
-0.046201
-0.043972
-0.041159
-0.038141
-0.035271
-0.032560
-0.029803
-0.026944
-0.024065
-0.021191
-0.017995
-0.013599
-0.008135
-0.003055
0.001191
0.005049
0.008044
0.009961
0.011994
0.014209
0.015305
0.015627
0.016459
0.017928
0.019144
0.019401
0.019076
0.018957
0.019498
0.020480
0.021341
0.021689
0.021580
0.021685
0.022355
0.023237
0.024000
0.024576
0.024683
0.024372
0.024441
0.024876
0.024700
0.023537
0.021806
0.019932
0.017655
0.014259
0.010063
0.005977
0.002351
-0.000842
-0.003427
-0.005829
-0.008639
-0.011420
-0.013609
-0.015290
-0.016305
-0.016331
-0.016606
-0.018058
-0.019497
-0.020102
-0.020403
-0.020539
-0.020488
-0.021342
-0.023225
-0.024774
-0.025594
-0.026367
-0.027334
-0.028287
-0.029148
-0.029658
-0.029483
-0.028955
-0.028568
-0.028268
-0.027359
-0.025293
-0.022980
-0.021218
-0.019207
-0.016487
-0.013480
-0.009901
-0.005065
0.000955
0.007154
0.012535
0.017272
0.021894
0.026116
0.029934
0.034270
0.039258
0.043953
0.047219
0.049476
0.052723
0.056740
0.059479
0.060807
0.062034
0.063699
0.065223
0.065954
0.066232
0.066648
0.067169
0.067445
0.067198
0.066319
0.064835
0.063020
0.061208
0.059567
0.058024
0.056564
0.055512
0.054983
0.054641
0.054211
0.053693
0.053056
0.052306
0.051689
0.051536
0.051998
0.052312
0.051935
0.051802
0.052473
0.053197
0.053180
0.052404
0.051392
0.050686
0.050688
0.050864
0.050366
0.049335
0.048355
0.047557
0.046808
0.046101
0.045460
0.044837
0.044159
0.042965
0.040383
0.036538
0.032095
0.027138
0.021487
0.014999
0.007830
0.000259
-0.007330
-0.014902
-0.022865
-0.030251
-0.035496
-0.039387
-0.043397
-0.047215
-0.050058
-0.051870
-0.053318
-0.054764
-0.055795
-0.056323
-0.056752
-0.056968
-0.056625
-0.055997
-0.055723
-0.056217
-0.056895
-0.056966
-0.056594
-0.056134
-0.055251
-0.053892
-0.052363
-0.050416
-0.047974
-0.045878
-0.044464
-0.043212
-0.041721
-0.040215
-0.039323
-0.038894
-0.038085
-0.036663
-0.035155
-0.034268
-0.034058
-0.034021
-0.033565
-0.032410
-0.030839
-0.029403
-0.028573
-0.027850
-0.026471
-0.024965
-0.024230
-0.024335
-0.024460
-0.023982
-0.023853
-0.024794
-0.025468
-0.025216
-0.025204
-0.025957
-0.026730
-0.026714
-0.026057
-0.025384
-0.024662
-0.023320
-0.021089
-0.018297
-0.015455
-0.012738
-0.010071
-0.007379
-0.004878
-0.003158
-0.002392
-0.002368
-0.002555
-0.002873
-0.004302
-0.006550
-0.007732
-0.007614
-0.007418
-0.007707
-0.007965
-0.007365
-0.005768
-0.003599
-0.001790
-0.000538
0.001255
0.003867
0.006532
0.009022
0.011291
0.012422
0.012653
0.013427
0.014612
0.015287
0.015983
0.016942
0.016963
0.016206
0.015840
0.015534
0.014734
0.014194
0.014269
0.014382
0.014168
0.013794
0.013464
0.013138
0.012695
0.012172
0.011518
0.010326
0.009079
0.008923
0.009013
0.008113
0.007418
0.007806
0.008153
0.008085
0.008329
0.008612
0.008507
0.008683
0.009223
0.009157
0.007670
0.005203
0.003123
0.001544
-0.000547
-0.003283
-0.005861
-0.007529
-0.008736
-0.010498
-0.012562
-0.014052
-0.014968
-0.015406
-0.014590
-0.012552
-0.010225
-0.008394
-0.006945
-0.005151
-0.003104
-0.001399
0.000281
0.002331
0.004131
0.005119
0.005453
0.005924
0.007011
0.008388
0.009693
0.010989
0.012379
0.013777
0.015050
0.016405
0.018359
0.020489
0.022079
0.023642
0.025834
0.028370
0.030778
0.032970
0.034839
0.036427
0.038244
0.040253
0.041703
0.042213
0.042055
0.041675
0.041312
0.040836
0.039633
0.037132
0.033511
0.029252
0.024380
0.019092
0.013926
0.009357
0.005352
0.001511
-0.002353
-0.006028
-0.009114
-0.011419
-0.012964
-0.014108
-0.015340
-0.017159
-0.019409
-0.020784
-0.021115
-0.021718
-0.022719
-0.023196
-0.023092
-0.022989
-0.023083
-0.023246
-0.023511
-0.024174
-0.025100
-0.025479
-0.025113
-0.024479
-0.023970
-0.023592
-0.023139
-0.022605
-0.022144
-0.021731
-0.021243
-0.020751
-0.019914
-0.017717
-0.014118
-0.010026
-0.006483
-0.003345
0.000708
0.005470
0.009715
0.013730
0.017935
0.021021
0.022485
0.023205
0.023935
0.024412
0.023606
0.021863
0.020568
0.019637
0.018158
0.016237
0.014635
0.013895
0.014004
0.014890
0.016556
0.018935
0.022032
0.025232
0.027742
0.029792
0.031777
0.033201
0.033936
0.034544
0.035390
0.036384
0.037336
0.038025
0.038153
0.037884
0.037779
0.038436
0.039531
0.039964
0.039697
0.039487
0.039571
0.039506
0.038709
0.037662
0.037375
0.038074
0.039112
0.039600
0.039429
0.039006
0.038610
0.038109
0.037010
0.035490
0.034296
0.033307
0.032008
0.030732
0.029759
0.028544
0.026897
0.025063
0.022865
0.020005
0.016462
0.012597
0.008756
0.005126
0.001524
-0.002716
-0.007612
-0.012492
-0.016786
-0.020476
-0.023960
-0.027544
-0.031175
-0.034371
-0.036784
-0.038789
-0.040890
-0.043094
-0.044635
-0.044835
-0.044263
-0.044011
-0.044723
-0.045749
-0.045963
-0.045107
-0.043840
-0.043106
-0.042497
-0.040813
-0.038911
-0.038143
-0.037709
-0.036560
-0.035064
-0.034118
-0.033975
-0.034121
-0.034197
-0.034380
-0.034721
-0.034889
-0.034432
-0.033387
-0.032278
-0.031331
-0.030425
-0.029807
-0.029365
-0.027848
-0.025035
-0.021962
-0.019103
-0.016206
-0.013228
-0.010527
-0.008511
-0.006994
-0.005553
-0.004041
-0.002715
-0.002116
-0.002075
-0.002151
-0.002631
-0.003845
-0.005519
-0.006901
-0.007617
-0.008807
-0.011097
-0.012899
-0.013806
-0.015374
-0.017371
-0.018308
-0.018221
-0.018098
-0.018250
-0.018373
-0.018286
-0.018137
-0.017858
-0.016941
-0.015551
-0.014450
-0.014046
-0.014512
-0.016383
-0.018744
-0.019926
-0.020774
-0.022584
-0.024121
-0.024804
-0.026143
-0.028315
-0.030061
-0.030994
-0.031526
-0.031750
-0.032282
-0.033699
-0.034814
-0.034613
-0.033703
-0.032938
-0.032407
-0.031913
-0.031434
-0.031002
-0.030587
-0.030234
-0.030249
-0.030766
-0.031406
-0.031669
-0.031344
-0.031049
-0.031434
-0.032241
-0.032963
-0.033553
-0.034267
-0.035133
-0.035657
-0.035801
-0.036331
-0.036883
-0.036331
-0.035337
-0.034956
-0.034598
-0.033348
-0.030932
-0.027345
-0.023032
-0.019412
-0.016493
-0.012628
-0.008304
-0.005241
-0.003140
-0.000963
0.000975
0.002064
0.002270
0.001898
0.001040
-0.000685
-0.003325
-0.006597
-0.010008
-0.013260
-0.016482
-0.019840
-0.023239
-0.026219
-0.028639
-0.031213
-0.033956
-0.035780
-0.036878
-0.038256
-0.039775
-0.040654
-0.040499
-0.040127
-0.040408
-0.040811
-0.040598
-0.039928
-0.039273
-0.038755
-0.038317
-0.037781
-0.036688
-0.035295
-0.034393
-0.033616
-0.032139
-0.030145
-0.028266
-0.026660
-0.025021
-0.023049
-0.020584
-0.017951
-0.015900
-0.014146
-0.011790
-0.008882
-0.006020
-0.003400
-0.001107
0.000654
0.002371
0.004480
0.006401
0.007792
0.008997
0.009918
0.010184
0.010041
0.010167
0.011029
0.011957
0.012205
0.012425
0.013317
0.014513
0.015240
0.015266
0.015360
0.015769
0.015315
0.013994
0.013039
0.012313
0.011129
0.010178
0.009719
0.008702
0.006870
0.005214
0.004939
0.005692
0.006077
0.006389
0.007905
0.010365
0.012763
0.014842
0.016281
0.016655
0.017279
0.019039
0.020301
0.020189
0.019799
0.020349
0.021754
0.022884
0.023336
0.023558
0.023615
0.023210
0.022482
0.021789
0.021188
0.020482
0.019527
0.018386
0.017191
0.016014
0.014853
0.013686
0.012444
0.011274
0.010709
0.010737
0.010843
0.010796
0.010713
0.010695
0.010893
0.011707
0.013317
0.015520
0.017823
0.019910
0.021886
0.024462
0.028038
0.031427
0.033437
0.034013
0.034087
0.034433
0.035059
0.035745
0.036479
0.037297
0.038055
0.038356
0.038018
0.037401
0.036908
0.036480
0.035330
0.033028
0.030689
0.029196
0.028084
0.026567
0.024699
0.023734
0.023847
0.023235
0.021903
0.021631
0.022125
0.021950
0.021099
0.020531
0.020744
0.021225
0.021266
0.020519
0.019468
0.019085
0.019536
0.020246
0.020571
0.020373
0.019865
0.019342
0.018939
0.018545
0.017902
0.016648
0.014900
0.012941
0.010529
0.007463
0.004173
0.000831
-0.002953
-0.006815
-0.009914
-0.011964
-0.013612
-0.015604
-0.017312
-0.017702
-0.017163
-0.016644
-0.016318
-0.015608
-0.014083
-0.012179
-0.010606
-0.009745
-0.009137
-0.008043
-0.006468
-0.004833
-0.003307
-0.001846
-0.000466
0.000840
0.002122
0.003407
0.004478
0.004857
0.004707
0.004530
0.004347
0.003991
0.003580
0.003627
0.004529
0.005797
0.006636
0.006634
0.006433
0.006916
0.007540
0.007289
0.006030
0.004664
0.004098
0.003797
0.002815
0.001318
-0.000302
-0.002353
-0.004571
-0.006192
-0.007289
-0.008250
-0.008756
-0.008477
-0.007325
-0.005208
-0.002336
0.000637
0.003852
0.008091
0.012405
0.015431
0.017586
0.020101
0.023481
0.026912
0.029438
0.030919
0.032120
0.034054
0.036392
0.038164
0.039390
0.040635
0.042042
0.043448
0.044572
0.044663
0.043627
0.042742
0.042090
0.040235
0.037479
0.035219
0.033598
0.031706
0.028980
0.026512
0.025523
0.025440
0.025200
0.024676
0.024238
0.024137
0.024674
0.025829
0.027059
0.027829
0.027963
0.027795
0.027668
0.027518
0.027085
0.026132
0.024835
0.023346
0.021328
0.018520
0.014919
0.010961
0.007121
0.003501
0.000115
-0.002777
-0.005230
-0.007448
-0.009196
-0.010393
-0.011506
-0.012538
-0.012819
-0.012145
-0.010954
-0.009708
-0.008303
-0.006242
-0.003629
-0.000958
0.001580
0.003861
0.005551
0.007093
0.009285
0.012128
0.014862
0.016569
0.017494
0.018539
0.020311
0.022362
0.023244
0.022868
0.022362
0.022267
0.022345
0.022344
0.022295
0.022126
0.021161
0.019068
0.016928
0.015571
0.014719
0.014111
0.013677
0.012424
0.010263
0.009083
0.009359
0.009717
0.009100
0.007669
0.006096
0.004369
0.002018
-0.000437
-0.002421
-0.004706
-0.007528
-0.009842
-0.011384
-0.012820
-0.014473
-0.016168
-0.017649
-0.018311
-0.017713
-0.016788
-0.016489
-0.016588
-0.016576
-0.016391
-0.016086
-0.015673
-0.015276
-0.014933
-0.014688
-0.015231
-0.016744
-0.017757
-0.017764
-0.018049
-0.019109
-0.020304
-0.021248
-0.022336
-0.024220
-0.026337
-0.027684
-0.028471
-0.029399
-0.030553
-0.031680
-0.032602
-0.032968
-0.032804
-0.032938
-0.033241
-0.032480
-0.030714
-0.028929
-0.027438
-0.025301
-0.021058
-0.015308
-0.010043
-0.006916
-0.005265
-0.002741
0.000798
0.003672
0.005222
0.006099
0.006886
0.007412
0.007259
0.006735
0.006184
0.005129
0.003702
0.002818
0.002216
0.001169
0.000197
-0.000139
-0.000041
0.000754
0.002544
0.003922
0.004275
0.005301
0.007049
0.008018
0.008778
0.010674
0.013492
0.016233
0.018333
0.019420
0.019607
0.019960
0.020759
0.021113
0.020893
0.020417
0.018968
0.016508
0.014321
0.012606
0.010479
0.007761
0.004980
0.002466
0.000043
-0.002391
-0.004346
-0.005559
-0.006442
-0.007188
-0.007547
-0.007882
-0.008602
-0.009153
-0.009193
-0.009196
-0.009757
-0.010573
-0.010074
-0.008317
-0.007489
-0.008082
-0.008697
-0.008267
-0.007224
-0.006814
-0.007195
-0.007682
-0.007844
-0.007935
-0.008624
-0.009643
-0.010139
-0.010468
-0.011248
-0.011812
-0.011877
-0.012274
-0.012979
-0.013326
-0.013588
-0.014230
-0.015024
-0.015708
-0.016396
-0.017167
-0.018132
-0.019735
-0.021926
-0.024133
-0.025749
-0.026861
-0.028343
-0.029978
-0.030676
-0.031236
-0.032767
-0.034079
-0.034373
-0.034675
-0.035330
-0.035503
-0.034641
-0.033391
-0.032881
-0.032787
-0.032143
-0.031337
-0.030935
-0.030338
-0.029132
-0.027788
-0.027089
-0.027030
-0.026645
-0.026052
-0.026355
-0.026758
-0.025996
-0.024975
-0.024733
-0.024837
-0.024686
-0.024505
-0.025028
-0.026085
-0.026513
-0.026138
-0.025809
-0.026226
-0.027263
-0.028278
-0.028808
-0.028902
-0.029571
-0.031123
-0.032018
-0.032102
-0.033012
-0.034325
-0.034743
-0.035324
-0.036965
-0.038598
-0.039528
-0.040258
-0.041267
-0.042455
-0.043535
-0.044150
-0.044148
-0.044298
-0.045174
-0.046278
-0.046861
-0.046730
-0.046697
-0.047075
-0.046619
-0.045198
-0.044087
-0.042945
-0.040584
-0.037410
-0.034415
-0.031729
-0.029389
-0.027662
-0.026300
-0.024657
-0.022232
-0.019612
-0.017709
-0.016378
-0.014983
-0.013352
-0.011938
-0.011266
-0.011127
-0.011131
-0.011433
-0.011913
-0.012003
-0.012009
-0.012503
-0.012976
-0.012865
-0.012388
-0.012001
-0.011722
-0.011042
-0.009986
-0.009406
-0.009226
-0.008674
-0.008082
-0.007940
-0.007592
-0.006883
-0.006543
-0.006302
-0.005425
-0.004158
-0.003259
-0.002984
-0.002354
-0.000572
0.001515
0.003030
0.004200
0.005482
0.006873
0.008230
0.009355
0.009779
0.009430
0.008778
0.008814
0.009824
0.010817
0.011190
0.011268
0.011428
0.011692
0.012014
0.012315
0.012511
0.013002
0.014210
0.015832
0.017144
0.017579
0.017757
0.018621
0.020038
0.021219
0.021544
0.021305
0.021197
0.021729
0.022690
0.023106
0.022757
0.022255
0.021885
0.021505
0.021106
0.020783
0.020507
0.020162
0.019719
0.019312
0.019019
0.018819
0.018946
0.019592
0.020111
0.020002
0.019703
0.019860
0.020687
0.021807
0.022861
0.023909
0.025059
0.026249
0.027398
0.028541
0.029780
0.031333
0.033427
0.035164
0.035659
0.035979
0.037148
0.038555
0.039319
0.039345
0.039146
0.039041
0.038914
0.038756
0.038662
0.038207
0.037194
0.036426
0.036038
0.035112
0.033609
0.032342
0.031783
0.031433
0.030457
0.029240
0.028680
0.028662
0.028596
0.028400
0.028539
0.029360
0.030408
0.031396
0.032962
0.034721
0.035465
0.036020
0.037801
0.040394
0.042282
0.042580
0.042751
0.044290
0.046223
0.047124
0.046777
0.046046
0.045600
0.045346
0.045001
0.044435
0.043480
0.041905
0.039970
0.037927
0.035379
0.032319
0.029271
0.026394
0.023484
0.020487
0.017543
0.014684
0.011458
0.007768
0.004826
0.003003
0.001082
-0.001289
-0.003318
-0.004707
-0.005860
-0.007094
-0.008380
-0.009529
-0.010154
-0.010482
-0.011817
-0.014100
-0.015900
-0.016841
-0.017730
-0.019310
-0.021428
-0.023546
-0.025509
-0.027318
-0.028611
-0.029473
-0.030644
-0.031830
-0.032155
-0.032100
-0.032334
-0.032283
-0.031696
-0.031029
-0.030045
-0.028522
-0.027355
-0.026413
-0.024206
-0.020884
-0.017700
-0.014838
-0.011911
-0.009014
-0.006312
-0.003668
-0.000827
0.001960
0.003865
0.004996
0.005991
0.006702
0.006878
0.006920
0.006826
0.005986
0.004531
0.003133
0.002098
0.000921
-0.001157
-0.003888
-0.006420
-0.008158
-0.009517
-0.011423
-0.013577
-0.015090
-0.016052
-0.017047
-0.018160
-0.018924
-0.018972
-0.018627
-0.018406
-0.018501
-0.018663
-0.018588
-0.018335
-0.018127
-0.018072
-0.018106
-0.018140
-0.018222
-0.018250
-0.017681
-0.016641
-0.016063
-0.015834
-0.015211
-0.014461
-0.014195
-0.014413
-0.014635
-0.014453
-0.013619
-0.012390
-0.011615
-0.011210
-0.010230
-0.008501
-0.006623
-0.005074
-0.004021
-0.003461
-0.002371
0.000024
0.002581
0.004067
0.004501
0.005014
0.006294
0.007472
0.007829
0.007846
0.008348
0.009535
0.010577
0.011081
0.011911
0.012858
0.012659
0.012258
0.013092
0.014146
0.014276
0.013861
0.013247
0.012336
0.011697
0.011476
0.010727
0.009636
0.009161
0.008809
0.007778
0.006443
0.005586
0.005353
0.004932
0.003959
0.003297
0.003339
0.003558
0.003598
0.003421
0.002729
0.001730
0.001269
0.001362
0.001394
0.001189
0.000996
0.000984
0.001015
0.000916
0.000727
0.000582
0.000559
0.000522
0.000398
0.000744
0.001728
0.002367
0.002401
0.002630
0.003071
0.003286
0.003724
0.004757
0.006017
0.007145
0.008053
0.008444
0.008462
0.009004
0.010297
0.019831
0.021220
0.022470
0.023767
0.024824
0.025227
0.025639
0.026664
0.027605
0.027903
0.027948
0.028491
0.029477
0.029579
0.028652
0.028156
0.028487
0.028712
0.028076
0.026787
0.025400
0.023825
0.021835
0.020344
0.019877
0.019396
0.018252
0.016961
0.016176
0.015817
0.015195
0.014557
0.014961
0.015944
0.016298
0.016041
0.015613
0.014847
0.014319
0.014865
0.015709
0.015874
0.015601
0.015444
0.015528
0.015992
0.016732
0.017021
0.016685
0.016328
0.016571
0.017485
0.018680
0.019839
0.021001
0.022559
0.024597
0.026358
0.027445
0.028284
0.029249
0.030298
0.031370
0.032312
0.032661
0.032726
0.033187
0.033650
0.033530
0.033153
0.033175
0.033773
0.034257
0.033948
0.032816
0.031523
0.030746
0.030063
0.028883
0.027792
0.027168
0.026286
0.024816
0.023165
0.021639
0.020216
0.018862
0.017532
0.016142
0.014697
0.013248
0.011782
0.010591
0.010179
0.010274
0.010125
0.009241
0.008092
0.007616
0.007680
0.007469
0.006547
0.005363
0.004744
0.004395
0.003579
0.002723
0.002448
0.002521
0.002499
0.002357
0.002233
0.002290
0.002870
0.003687
0.004123
0.004841
0.006689
0.009108
0.010870
0.011310
0.011641
0.013016
0.014138
0.014290
0.015172
0.017329
0.019491
0.020738
0.021329
0.021844
0.022225
0.022126
0.022009
0.022300
0.022391
0.021848
0.021057
0.020855
0.021528
0.022413
0.022809
0.022480
0.021799
0.021287
0.021319
0.021662
0.021575
0.021221
0.021260
0.021360
0.020933
0.020109
0.019327
0.018868
0.019135
0.020042
0.020459
0.019920
0.019001
0.018243
0.017660
0.017070
0.016102
0.014202
0.012136
0.010997
0.010224
0.008932
0.007319
0.006077
0.005325
0.004112
0.002167
0.000801
0.000472
0.000299
-0.000480
-0.001691
-0.002560
-0.003128
-0.004140
-0.005290
-0.005813
-0.005949
-0.006241
-0.006611
-0.006628
-0.006216
-0.006005
-0.006207
-0.006150
-0.005795
-0.005803
-0.006279
-0.006812
-0.007163
-0.007423
-0.007711
-0.008027
-0.008327
-0.008602
-0.008714
-0.008386
-0.007705
-0.007085
-0.006967
-0.007200
-0.007133
-0.006577
-0.005915
-0.005716
-0.006048
-0.006462
-0.006711
-0.006916
-0.007214
-0.007592
-0.007967
-0.008263
-0.008552
-0.009419
-0.011003
-0.012169
-0.012401
-0.012402
-0.012661
-0.013104
-0.013778
-0.014735
-0.015752
-0.016490
-0.016810
-0.016971
-0.017227
-0.017552
-0.017822
-0.017999
-0.018142
-0.018297
-0.018457
-0.018609
-0.018796
-0.019212
-0.019952
-0.020816
-0.021470
-0.021650
-0.021558
-0.021660
-0.022396
-0.023503
-0.024095
-0.024083
-0.024064
-0.024390
-0.024967
-0.025629
-0.026277
-0.026853
-0.027371
-0.027796
-0.027927
-0.027939
-0.028303
-0.028944
-0.029476
-0.029866
-0.030068
-0.029725
-0.029088
-0.028747
-0.028737
-0.028737
-0.028572
-0.028183
-0.027502
-0.026665
-0.025818
-0.024864
-0.023861
-0.023046
-0.022424
-0.021775
-0.020901
-0.020044
-0.019633
-0.019273
-0.018497
-0.017854
-0.017778
-0.017934
-0.017969
-0.017913
-0.017890
-0.017888
-0.017839
-0.017762
-0.017717
-0.017677
-0.017665
-0.017868
-0.018173
-0.018270
-0.018328
-0.018594
-0.018830
-0.018819
-0.018679
-0.018564
-0.018496
-0.018470
-0.018461
-0.018399
-0.018297
-0.018214
-0.018164
-0.018012
-0.017496
-0.016866
-0.016610
-0.016663
-0.016692
-0.016617
-0.016535
-0.016440
-0.016104
-0.015547
-0.015319
-0.015516
-0.015620
-0.015373
-0.014972
-0.014714
-0.014632
-0.014577
-0.014490
-0.014401
-0.014301
-0.014169
-0.014036
-0.013925
-0.013819
-0.013704
-0.013579
-0.013437
-0.013287
-0.013182
-0.013255
-0.013491
-0.013584
-0.013421
-0.013190
-0.013024
-0.012936
-0.012999
-0.013148
-0.013105
-0.012853
-0.012588
-0.012395
-0.012220
-0.012013
-0.011786
-0.011565
-0.011361
-0.011168
-0.010983
-0.010764
-0.010455
-0.010131
-0.009890
-0.009712
-0.009532
-0.009330
-0.009094
-0.008822
-0.008564
-0.008357
-0.008185
-0.008009
-0.007806
-0.007593
-0.007356
-0.007029
-0.006669
-0.006415
-0.006254
-0.006088
-0.005895
-0.005699
-0.005514
-0.005330
-0.005142
-0.004947
-0.004751
-0.004561
-0.004381
-0.004203
-0.004018
-0.003824
-0.003633
-0.003447
-0.003258
-0.003070
-0.002886
-0.002708
-0.002554
-0.002440
-0.002312
-0.002134
-0.001972
-0.001857
-0.001752
-0.001627
-0.001491
-0.001348
-0.001197
-0.001044
-0.000889
-0.000721
-0.000520
-0.000299
-0.000106
0.000071
0.000274
0.000501
0.000724
0.000934
0.001140
0.001348
0.001567
0.001794
0.001999
0.002179
0.002355
0.002547
0.002747
0.002933
0.003097
0.003252
0.003408
0.003563
0.003716
0.003867
0.004014
0.004157
0.004299
0.004439
0.004576
0.004709
0.004840
0.004967
0.005089
0.005206
0.005320
0.005434
0.005549
0.005663
0.005774
0.005882
0.005987
0.006090
0.006190
0.006287
0.006381
0.006473
0.006562
0.006649
0.006733
0.006815
0.006894
0.006971
0.007045
0.007117
0.007186
0.007253
0.007317
0.007379
0.007438
0.007496
0.007551
0.007603
0.007653
0.007700
0.007746
0.007789
0.007829
0.007867
0.007903
0.007937
0.007969
0.007999
0.008026
0.008051
0.008074
0.008095
0.008114
0.008130
0.008145
0.008158
0.008169
0.008178
0.008184
0.008189
0.008192
0.008192
0.008191
0.008188
0.008182
0.008175
0.008166
0.008155
0.008142
0.008127
0.008111
0.008092
