-0.000068
-0.000011
0.000206
0.000370
0.000342
0.000338
0.000332
0.000327
0.000324
0.000323
0.000323
0.000324
0.000326
0.000329
0.000335
0.000344
0.000353
0.000362
0.000368
0.000373
0.000374
0.000373
0.000369
0.000364
0.000353
0.000338
0.000320
0.000299
0.000275
0.000246
0.000212
0.000178
0.000148
0.000124
0.000109
0.000102
0.000103
0.000114
0.000134
0.000157
0.000176
0.000186
0.000191
0.000200
0.000220
0.000250
0.000282
0.000309
0.000318
0.000302
0.000271
0.000245
0.000239
0.000251
0.000267
0.000292
0.000346
0.000436
0.000544
0.000644
0.000723
0.000771
0.000776
0.000744
0.000699
0.000662
0.000629
0.000591
0.000556
0.000535
0.000531
0.000546
0.000579
0.000612
0.000624
0.000593
0.000523
0.000432
0.000339
0.000251
0.000165
0.000085
0.000018
-0.000044
-0.000117
-0.000194
-0.000238
-0.000227
-0.000172
-0.000114
-0.000103
-0.000158
-0.000237
-0.000287
-0.000290
-0.000254
-0.000189
-0.000093
0.000054
0.000258
0.000467
0.000629
0.000746
0.000864
0.001011
0.001169
0.001288
0.001332
0.001312
0.001273
0.001266
0.001338
0.001490
0.001662
0.001774
0.001780
0.001709
0.001650
0.001670
0.001746
0.001769
0.001679
0.001537
0.001441
0.001424
0.001459
0.001489
0.001449
0.001305
0.001117
0.000959
0.000824
0.000676
0.000484
0.000232
-0.000027
-0.000208
-0.000290
-0.000340
-0.000439
-0.000619
-0.000848
-0.001041
-0.001111
-0.001040
-0.000889
-0.000722
-0.000525
-0.000270
0.000052
0.000445
0.000860
0.001206
0.001429
0.001566
0.001704
0.001880
0.002025
0.002037
0.001862
0.001529
0.001115
0.000698
0.000380
0.000232
0.000196
0.000174
0.000178
0.000285
0.000460
0.000540
0.000379
-0.000028
-0.000561
-0.001100
-0.001580
-0.001971
-0.002229
-0.002302
-0.002159
-0.001741
-0.000955
0.000195
0.001529
0.002733
0.003531
0.003824
0.003674
0.003283
0.002898
0.002724
0.002894
0.003439
0.004293
0.005302
0.006214
0.006784
0.006832
0.006252
0.005081
0.003523
0.001890
0.000454
-0.000713
-0.001661
-0.002379
-0.002778
-0.002701
-0.002046
-0.000924
0.000446
0.001836
0.003013
0.003797
0.004148
0.004135
0.003945
0.003780
0.003715
0.003745
0.003861
0.003940
0.003708
0.002960
0.001757
0.000431
-0.000589
-0.001015
-0.000866
-0.000447
-0.000116
-0.000038
-0.000158
-0.000354
-0.000512
-0.000526
-0.000357
-0.000005
0.000540
0.001320
0.002400
0.003681
0.004801
0.005319
0.004916
0.003585
0.001539
-0.001026
-0.003811
-0.006255
-0.007781
-0.008222
-0.007836
-0.006962
-0.005775
-0.004379
-0.003040
-0.002114
-0.001714
-0.001720
-0.001879
-0.001942
-0.001834
-0.001573
-0.001235
-0.000877
-0.000559
-0.000354
-0.000279
-0.000486
-0.001061
-0.001806
-0.002519
-0.003074
-0.003333
-0.003154
-0.002564
-0.001936
-0.001725
-0.002126
-0.002979
-0.003825
-0.004291
-0.004288
-0.003954
-0.003575
-0.003333
-0.003094
-0.002543
-0.001583
-0.000457
0.000527
0.001273
0.001803
0.002097
0.002030
0.001558
0.000966
0.000669
0.000985
0.001814
0.002639
0.002987
0.002620
0.001740
0.000929
0.000668
0.001114
0.002015
0.002881
0.003460
0.003792
0.004136
0.004698
0.005260
0.005465
0.005240
0.004685
0.003837
0.002715
0.001330
-0.000275
-0.001937
-0.003511
-0.004975
-0.006239
-0.007127
-0.007592
-0.007760
-0.007800
-0.007739
-0.007388
-0.006663
-0.005870
-0.005315
-0.005071
-0.004875
-0.004221
-0.002802
-0.000710
0.001605
0.003761
0.005573
0.006993
0.008229
0.009481
0.010771
0.011904
0.012439
0.012221
0.011445
0.010242
0.008764
0.007045
0.004987
0.002525
-0.000443
-0.003662
-0.006529
-0.008426
-0.008842
-0.007822
-0.005878
-0.003470
-0.000845
0.001821
0.004240
0.005910
0.006506
0.006216
0.005423
0.004639
0.004210
0.004202
0.004592
0.005113
0.005414
0.005147
0.003846
0.001401
-0.001719
-0.004916
-0.007453
-0.008658
-0.008405
-0.007049
-0.005360
-0.004016
-0.003144
-0.002664
-0.002246
-0.001433
-0.000178
0.001175
0.002064
0.002093
0.001330
0.000061
-0.001444
-0.002780
-0.003428
-0.003146
-0.002150
-0.000912
0.000130
0.000661
0.000466
-0.000583
-0.002339
-0.004355
-0.006423
-0.008679
-0.011162
-0.013617
-0.015562
-0.016580
-0.016714
-0.016473
-0.016177
-0.015853
-0.015418
-0.014720
-0.013681
-0.012242
-0.010535
-0.008861
-0.007688
-0.007270
-0.007602
-0.008666
-0.010032
-0.011219
-0.011975
-0.012186
-0.012091
-0.011780
-0.011073
-0.009930
-0.008196
-0.005855
-0.003076
0.000049
0.003239
0.006013
0.007695
0.007895
0.006883
0.005379
0.004243
0.004103
0.005190
0.007318
0.010185
0.013500
0.016905
0.020091
0.022617
0.024102
0.024694
0.024597
0.024028
0.023250
0.022163
0.020571
0.018122
0.014816
0.011246
0.007658
0.004011
-0.000110
-0.005042
-0.010386
-0.015513
-0.019576
-0.022217
-0.023677
-0.024254
-0.024408
-0.024461
-0.024423
-0.023823
-0.022557
-0.020970
-0.019131
-0.016995
-0.014508
-0.011498
-0.007656
-0.003116
0.001437
0.005003
0.006872
0.006846
0.005337
0.003142
0.001076
-0.000244
-0.000877
-0.000869
-0.000518
-0.000178
0.000353
0.001113
0.001800
0.002054
0.001773
0.000929
-0.000728
-0.003202
-0.006046
-0.009019
-0.011946
-0.014495
-0.016259
-0.016822
-0.016142
-0.014342
-0.011725
-0.008648
-0.005443
-0.002361
0.000664
0.003697
0.006659
0.009261
0.011139
0.012143
0.012315
0.011394
0.009686
0.008398
0.008397
0.010018
0.012873
0.016333
0.020184
0.024143
0.027456
0.029541
0.030252
0.029553
0.027898
0.025745
0.023114
0.020112
0.016921
0.013687
0.010560
0.007856
0.005878
0.004640
0.004225
0.003888
0.002523
-0.000069
-0.003909
-0.008959
-0.014384
-0.018988
-0.022034
-0.022898
-0.021504
-0.018630
-0.015198
-0.012468
-0.011465
-0.012070
-0.013932
-0.016386
-0.018478
-0.019876
-0.020178
-0.019277
-0.017965
-0.016291
-0.014158
-0.011872
-0.009370
-0.006858
-0.004577
-0.002737
-0.001499
-0.001192
-0.002541
-0.005917
-0.011029
-0.017153
-0.023289
-0.028384
-0.031837
-0.033677
-0.034232
-0.033815
-0.032270
-0.029052
-0.024156
-0.017897
-0.010592
-0.003043
0.004034
0.010376
0.015966
0.020901
0.025310
0.029217
0.031913
0.032362
0.030199
0.025877
0.020263
0.014236
0.008752
0.004562
0.001613
-0.000433
-0.001804
-0.002885
-0.004138
-0.005827
-0.008027
-0.010516
-0.012838
-0.014715
-0.015461
-0.014529
-0.012111
-0.008737
-0.005054
-0.001929
-0.000201
0.000226
-0.000249
-0.001424
-0.003142
-0.005186
-0.007191
-0.008619
-0.008949
-0.008125
-0.006266
-0.003479
0.000019
0.003857
0.007361
0.009687
0.010754
0.011179
0.011255
0.011075
0.010914
0.010845
0.010647
0.010037
0.008843
0.006754
0.003755
0.000107
-0.003992
-0.007758
-0.010805
-0.013480
-0.015401
-0.016396
-0.017248
-0.017869
-0.018189
-0.017838
-0.015841
-0.012026
-0.006601
-0.000008
0.007338
0.014703
0.021845
0.028684
0.034429
0.038990
0.042421
0.044845
0.046798
0.048131
0.048306
0.046921
0.043898
0.039182
0.032842
0.025600
0.018246
0.011400
0.005153
-0.000764
-0.006504
-0.012099
-0.016902
-0.020157
-0.021454
-0.020708
-0.018490
-0.015139
-0.010979
-0.006545
-0.002123
0.001824
0.005025
0.007573
0.009780
0.011710
0.013226
0.014485
0.015731
0.017109
0.018959
0.021255
0.023474
0.025408
0.027110
0.028695
0.030044
0.030989
0.031531
0.031415
0.030563
0.029638
0.028798
0.027679
0.025794
0.022080
0.015972
0.007805
-0.001836
-0.011715
-0.019612
-0.024101
-0.025139
-0.023218
-0.019710
-0.016318
-0.014315
-0.014465
-0.016445
-0.019698
-0.023990
-0.028489
-0.032571
-0.035979
-0.038691
-0.041404
-0.044536
-0.047734
-0.050607
-0.052562
-0.052755
-0.050700
-0.045937
-0.038023
-0.027986
-0.018135
-0.010647
-0.006617
-0.005721
-0.006684
-0.007726
-0.007523
-0.005736
-0.002203
0.002944
0.008742
0.014687
0.020736
0.026403
0.030746
0.033171
0.033552
0.032014
0.028790
0.023978
0.017552
0.009407
-0.000006
-0.010086
-0.020220
-0.030007
-0.038686
-0.044763
-0.047864
-0.048283
-0.045990
-0.041554
-0.036239
-0.030837
-0.025817
-0.021693
-0.018879
-0.017584
-0.017116
-0.016873
-0.016519
-0.015336
-0.013285
-0.010933
-0.008729
-0.007089
-0.005975
-0.004790
-0.003220
-0.001512
-0.000006
0.001018
0.001212
0.000415
-0.001185
-0.003612
-0.006424
-0.008774
-0.010530
-0.010940
-0.009861
-0.007588
-0.003534
0.001900
0.008099
0.014658
0.021320
0.028114
0.034724
0.040439
0.044820
0.047718
0.048680
0.047565
0.044259
0.038205
0.029376
0.018389
0.006258
-0.005559
-0.016011
-0.024231
-0.029568
-0.032258
-0.032866
-0.031800
-0.029363
-0.025869
-0.021424
-0.015905
-0.009431
-0.002614
0.004567
0.012436
0.020670
0.028562
0.035238
0.040392
0.044036
0.046275
0.047150
0.046684
0.045048
0.042170
0.037906
0.032738
0.027459
0.023070
0.020626
0.020577
0.023049
0.027245
0.032233
0.037419
0.041661
0.043783
0.043717
0.042260
0.039893
0.037313
0.035262
0.034063
0.033537
0.033223
0.033415
0.033769
0.033600
0.032725
0.030720
0.027497
0.023206
0.018253
0.012961
0.007310
0.000944
-0.006446
-0.014578
-0.022815
-0.030635
-0.037638
-0.043116
-0.046343
-0.047034
-0.045780
-0.043246
-0.039639
-0.035450
-0.030803
-0.025728
-0.020519
-0.015121
-0.009573
-0.003596
0.003365
0.010954
0.018444
0.025647
0.032020
0.036955
0.040454
0.042162
0.041581
0.038094
0.030832
0.020041
0.007018
-0.006475
-0.017884
-0.025709
-0.030342
-0.032422
-0.032700
-0.031811
-0.030229
-0.028568
-0.026974
-0.025468
-0.024404
-0.024411
-0.026204
-0.029864
-0.035489
-0.043074
-0.051719
-0.060339
-0.068049
-0.074084
-0.077612
-0.077745
-0.074144
-0.067227
-0.057497
-0.046043
-0.034510
-0.024001
-0.015008
-0.007525
-0.000728
0.006222
0.013546
0.020874
0.026709
0.029155
0.026554
0.017967
0.004503
-0.011868
-0.028899
-0.043906
-0.055731
-0.064603
-0.071151
-0.076004
-0.079615
-0.082040
-0.083052
-0.082439
-0.079763
-0.075037
-0.068439
-0.059714
-0.049198
-0.037669
-0.025778
-0.013769
-0.001589
0.010543
0.022549
0.033921
0.044161
0.053243
0.060835
0.066442
0.069273
0.068329
0.063257
0.054582
0.043487
0.031757
0.020867
0.011491
0.003681
-0.003009
-0.009116
-0.015036
-0.021072
-0.027426
-0.034328
-0.041889
-0.050297
-0.059041
-0.067516
-0.076130
-0.084416
-0.091731
-0.097539
-0.100849
-0.100638
-0.096145
-0.086774
-0.071628
-0.050906
-0.026481
-0.001400
0.021422
0.040423
0.055504
0.067893
0.078725
0.088540
0.097846
0.106438
0.114002
0.120439
0.125686
0.129956
0.132438
0.132272
0.129522
0.124016
0.116110
0.106558
0.095762
0.084127
0.071847
0.058898
0.045490
0.031732
0.017944
0.004802
-0.007584
-0.018988
-0.029030
-0.037416
-0.044020
-0.048929
-0.052045
-0.054042
-0.055422
-0.055999
-0.056008
-0.055174
-0.052755
-0.048353
-0.041474
-0.031470
-0.018160
-0.002396
0.014345
0.030445
0.044657
0.057209
0.068812
0.080575
0.093128
0.105244
0.115524
0.123391
0.128450
0.130510
0.130287
0.128751
0.126476
0.124007
0.121747
0.119583
0.117040
0.113263
0.107487
0.098776
0.085531
0.066179
0.040083
0.008802
-0.023215
-0.051664
-0.075202
-0.094107
-0.109731
-0.123929
-0.137159
-0.148294
-0.156051
-0.159606
-0.158834
-0.154460
-0.147019
-0.136877
-0.123698
-0.105819
-0.082542
-0.054706
-0.024265
0.005450
0.031073
0.050587
0.063512
0.070263
0.071467
0.068253
0.061919
0.052911
0.041859
0.029579
0.016772
0.004544
-0.006675
-0.017072
-0.026668
-0.035968
-0.045130
-0.053511
-0.060722
-0.066246
-0.069718
-0.070756
-0.069018
-0.064557
-0.057800
-0.049135
-0.038277
-0.025576
-0.012180
0.000759
0.012103
0.020987
0.027152
0.030771
0.031892
0.030685
0.027474
0.022459
0.015957
0.008123
-0.000540
-0.009068
-0.016598
-0.022592
-0.026822
-0.029042
-0.029009
-0.025992
-0.019827
-0.011261
-0.001102
0.010157
0.022088
0.033567
0.043520
0.050963
0.055343
0.056715
0.055388
0.052270
0.048404
0.044798
0.042135
0.039908
0.037367
0.033774
0.028105
0.019809
0.008493
-0.005525
-0.020895
-0.035757
-0.048707
-0.058737
-0.064931
-0.067114
-0.065271
-0.059761
-0.050699
-0.038493
-0.024431
-0.008930
0.007601
0.024461
0.041278
0.057511
0.072536
0.085917
0.097530
0.106907
0.113061
0.115240
0.113111
0.106626
0.096398
0.083077
0.067154
0.049576
0.031673
0.015639
0.003031
-0.005950
-0.011493
-0.014720
-0.017623
-0.021193
-0.024926
-0.028333
-0.030772
-0.031753
-0.031150
-0.029366
-0.026995
-0.024098
-0.021019
-0.017467
-0.012814
-0.007700
-0.002619
0.002091
0.005432
0.007628
0.009513
0.011108
0.012723
0.014255
0.014739
0.014003
0.011546
0.006661
-0.000394
-0.008680
-0.016719
-0.023729
-0.028663
-0.030558
-0.029305
-0.024996
-0.017755
-0.007417
0.005504
0.019592
0.032101
0.040994
0.045985
0.046894
0.044311
0.039063
0.031352
0.020989
0.008257
-0.005581
-0.019896
-0.033676
-0.045271
-0.054051
-0.059590
-0.062099
-0.061574
-0.058045
-0.051852
-0.042796
-0.031180
-0.017282
-0.001569
0.014946
0.031214
0.046126
0.058567
0.067927
0.074225
0.077962
0.080278
0.081748
0.082169
0.081865
0.081210
0.080058
0.078479
0.076960
0.075211
0.072883
0.070052
0.066385
0.061789
0.055926
0.049081
0.041742
0.033573
0.025106
0.016670
0.008392
0.001354
-0.003664
-0.006365
-0.006473
-0.004117
0.000172
0.005623
0.011351
0.016555
0.020177
0.021940
0.022246
0.021272
0.019301
0.016509
0.013435
0.010902
0.008737
0.006361
0.003817
0.001058
-0.001429
-0.003480
-0.005807
-0.007960
-0.009152
-0.009881
-0.009940
-0.009312
-0.008903
-0.009579
-0.012242
-0.016881
-0.024273
-0.034279
-0.045626
-0.057394
-0.068843
-0.079496
-0.088612
-0.096070
-0.101480
-0.104293
-0.104213
-0.101135
-0.094765
-0.084376
-0.069415
-0.051141
-0.031969
-0.013217
0.003570
0.018122
0.031302
0.042900
0.053215
0.062309
0.069063
0.072864
0.073351
0.070379
0.064018
0.054843
0.044006
0.032288
0.020504
0.009407
-0.000507
-0.008996
-0.015933
-0.021855
-0.026335
-0.029323
-0.031792
-0.033072
-0.033753
-0.034593
-0.034467
-0.033263
-0.031485
-0.028673
-0.025035
-0.021278
-0.018287
-0.017444
-0.019082
-0.022856
-0.027772
-0.033277
-0.039661
-0.046047
-0.051957
-0.057399
-0.061994
-0.065834
-0.068989
-0.071929
-0.074595
-0.076624
-0.078254
-0.078938
-0.077803
-0.074621
-0.068779
-0.060351
-0.050264
-0.039129
-0.028673
-0.019889
-0.012460
-0.006591
-0.002256
0.001392
0.005333
0.009940
0.015122
0.021034
0.027298
0.033786
0.040555
0.046497
0.051290
0.055163
0.057428
0.057773
0.056223
0.052824
0.048141
0.042457
0.036195
0.030626
0.026708
0.024001
0.022205
0.021512
0.021432
0.021880
0.022967
0.024055
0.024955
0.024918
0.023898
0.023021
0.022151
0.021829
0.022417
0.023699
0.025956
0.028909
0.032496
0.035998
0.038677
0.040148
0.039373
0.036100
0.029986
0.021535
0.011566
0.000340
-0.010241
-0.019515
-0.027437
-0.033694
-0.039370
-0.044774
-0.050185
-0.055916
-0.061833
-0.067960
-0.073732
-0.078828
-0.082886
-0.085532
-0.086917
-0.086797
-0.084993
-0.082433
-0.079497
-0.075984
-0.072524
-0.069100
-0.065712
-0.062784
-0.060449
-0.058596
-0.056915
-0.055282
-0.053817
-0.052447
-0.050967
-0.049490
-0.047792
-0.045309
-0.041840
-0.037153
-0.031080
-0.023737
-0.015130
-0.005795
0.003873
0.013640
0.023298
0.032880
0.042079
0.050791
0.058067
0.062959
0.065038
0.064062
0.060712
0.054712
0.046840
0.037996
0.028255
0.019298
0.011413
0.004665
-0.000059
-0.002779
-0.003431
-0.001772
0.001957
0.006795
0.012601
0.019000
0.024776
0.029606
0.032883
0.034615
0.035435
0.035449
0.034716
0.033233
0.030931
0.027397
0.023293
0.018569
0.012659
0.006086
-0.000698
-0.007559
-0.014947
-0.022871
-0.030544
-0.036710
-0.040782
-0.042885
-0.042990
-0.041082
-0.037770
-0.033046
-0.027009
-0.020589
-0.014576
-0.009716
-0.006329
-0.004589
-0.004434
-0.005072
-0.005244
-0.005264
-0.004828
-0.003298
-0.001986
-0.001035
-0.000412
-0.000205
0.000388
0.001489
0.003265
0.005931
0.009629
0.014056
0.019004
0.024387
0.028878
0.031623
0.031979
0.029387
0.023867
0.015696
0.005241
-0.006703
-0.018905
-0.030546
-0.041030
-0.050600
-0.058730
-0.064240
-0.067060
-0.067133
-0.064767
-0.060789
-0.055547
-0.049371
-0.042811
-0.036366
-0.030204
-0.024286
-0.019228
-0.014918
-0.010957
-0.007757
-0.005329
-0.004310
-0.005045
-0.006558
-0.008739
-0.011393
-0.013732
-0.015293
-0.015716
-0.014767
-0.012056
-0.008029
-0.003450
0.001764
0.007141
0.012064
0.016262
0.019680
0.022499
0.024272
0.025255
0.025701
0.025466
0.024895
0.023870
0.022298
0.020743
0.019957
0.019823
0.020203
0.020904
0.021811
0.023366
0.024864
0.025979
0.026832
0.027336
0.027334
0.026511
0.025533
0.024597
0.023879
0.024082
0.025352
0.027660
0.031084
0.035444
0.040302
0.045326
0.049545
0.052505
0.054036
0.054274
0.053539
0.051059
0.047203
0.042707
0.037029
0.030090
0.022996
0.016229
0.009934
0.004206
-0.001022
-0.005536
-0.009513
-0.012361
-0.013690
-0.013446
-0.010596
-0.004983
0.002208
0.010463
0.019508
0.028590
0.037151
0.044803
0.051480
0.056751
0.060216
0.062037
0.061976
0.059647
0.054196
0.045147
0.032659
0.016461
-0.001981
-0.020398
-0.036896
-0.049343
-0.057469
-0.062380
-0.064836
-0.065504
-0.064248
-0.061026
-0.056067
-0.049422
-0.041768
-0.033378
-0.024839
-0.016748
-0.010177
-0.005700
-0.002929
-0.002581
-0.004084
-0.006897
-0.010753
-0.014703
-0.018678
-0.022515
-0.025949
-0.029068
-0.032287
-0.035782
-0.039306
-0.042395
-0.044726
-0.045890
-0.045523
-0.044061
-0.041433
-0.037124
-0.031127
-0.023295
-0.013640
-0.002956
0.007933
0.017642
0.025463
0.031847
0.036438
0.039351
0.040747
0.039664
0.035930
0.029608
0.020393
0.009490
-0.001949
-0.013138
-0.023082
-0.032003
-0.039436
-0.044707
-0.048264
-0.050265
-0.051180
-0.051247
-0.050615
-0.050029
-0.049365
-0.048452
-0.047453
-0.046451
-0.045492
-0.044859
-0.044685
-0.044784
-0.045496
-0.046750
-0.048284
-0.049589
-0.050353
-0.050485
-0.049741
-0.048465
-0.046321
-0.042981
-0.039033
-0.034598
-0.029427
-0.023669
-0.017676
-0.011725
-0.005946
-0.000344
0.005169
0.010614
0.016219
0.021985
0.027360
0.032338
0.036925
0.041059
0.044814
0.048431
0.052246
0.055660
0.058390
0.060818
0.062624
0.063652
0.064395
0.065008
0.064840
0.063397
0.060698
0.056138
0.049226
0.040005
0.029064
0.017213
0.005430
-0.004848
-0.013380
-0.020392
-0.026191
-0.031314
-0.036021
-0.040560
-0.044560
-0.047831
-0.049823
-0.049551
-0.046812
-0.040941
-0.031221
-0.018510
-0.003611
0.012923
0.029240
0.044267
0.057445
0.068198
0.076575
0.082358
0.085266
0.085283
0.082567
0.076945
0.068684
0.058220
0.046020
0.032951
0.019762
0.007321
-0.004272
-0.014834
-0.023395
-0.029682
-0.033629
-0.035033
-0.034724
-0.033024
-0.029401
-0.023873
-0.016367
-0.007534
0.002039
0.011952
0.021144
0.028895
0.034845
0.038529
0.039729
0.038784
0.036087
0.031967
0.027026
0.021839
0.016870
0.012907
0.009946
0.008273
0.008242
0.009300
0.011172
0.013544
0.016291
0.019480
0.023191
0.027499
0.032062
0.036106
0.039496
0.042354
0.044412
0.045710
0.046657
0.047221
0.046892
0.045085
0.041642
0.036784
0.029974
0.021331
0.011336
0.000538
-0.009840
-0.019198
-0.027396
-0.034511
-0.040780
-0.046029
-0.050115
-0.052946
-0.054349
-0.054430
-0.052897
-0.049819
-0.045195
-0.038549
-0.030400
-0.021570
-0.012911
-0.005795
-0.000791
0.002031
0.002675
0.001730
-0.000656
-0.004826
-0.011055
-0.018594
-0.026581
-0.034231
-0.040050
-0.043474
-0.044328
-0.042183
-0.037341
-0.030776
-0.023201
-0.014955
-0.006808
0.000771
0.007611
0.013046
0.017371
0.020505
0.021337
0.020041
0.016760
0.011685
0.005393
-0.001768
-0.009258
-0.016008
-0.020901
-0.024155
-0.026403
-0.028062
-0.029250
-0.030022
-0.030262
-0.029854
-0.029293
-0.028894
-0.029069
-0.030289
-0.032028
-0.033643
-0.035174
-0.036504
-0.037317
-0.037031
-0.035279
-0.032424
-0.028682
-0.024417
-0.019859
-0.015067
-0.010250
-0.004775
0.001438
0.008199
0.015536
0.023041
0.030402
0.037336
0.043776
0.049204
0.053219
0.056030
0.057306
0.056359
0.053205
0.047878
0.040905
0.033178
0.024939
0.016621
0.008712
0.001831
-0.003789
-0.008272
-0.011463
-0.013982
-0.016248
-0.018072
-0.019524
-0.019985
-0.019366
-0.017793
-0.015111
-0.011673
-0.007621
-0.003466
0.000217
0.003507
0.006742
0.009978
0.012998
0.015754
0.018429
0.021231
0.024212
0.027263
0.029856
0.031676
0.032446
0.031780
0.030325
0.028540
0.026264
0.023498
0.020191
0.016119
0.011540
0.007244
0.003367
0.000139
-0.002190
-0.003257
-0.002486
-0.000302
0.002998
0.007245
0.011901
0.016752
0.022018
0.027467
0.032489
0.036459
0.038794
0.039482
0.038829
0.037085
0.034543
0.031461
0.028134
0.025272
0.023092
0.021520
0.020304
0.019004
0.017632
0.015886
0.013404
0.010390
0.006931
0.003075
-0.000732
-0.004194
-0.007305
-0.010032
-0.012362
-0.014546
-0.016647
-0.018601
-0.020580
-0.022754
-0.025316
-0.028279
-0.031297
-0.034145
-0.036732
-0.038936
-0.040529
-0.040905
-0.039439
-0.035912
-0.030437
-0.023263
-0.015137
-0.007066
0.000605
0.007789
0.014223
0.019941
0.025093
0.029513
0.033519
0.037314
0.040407
0.042560
0.043799
0.044241
0.043773
0.042585
0.040749
0.037708
0.033728
0.029541
0.025555
0.022015
0.018983
0.016621
0.014810
0.013124
0.011497
0.009479
0.006819
0.003778
0.000128
-0.004090
-0.008601
-0.013359
-0.018002
-0.021927
-0.025007
-0.027248
-0.028864
-0.030373
-0.031904
-0.033184
-0.034130
-0.034591
-0.034327
-0.033380
-0.031487
-0.028793
-0.025192
-0.020163
-0.014217
-0.007861
-0.001464
0.004224
0.008873
0.012564
0.015039
0.015676
0.014170
0.010784
0.006008
0.000438
-0.005567
-0.011704
-0.017221
-0.021716
-0.024780
-0.025909
-0.025108
-0.022218
-0.017082
-0.010050
-0.001765
0.006770
0.015047
0.022790
0.029523
0.035932
0.042483
0.048877
0.054963
0.060300
0.064670
0.067856
0.069314
0.068903
0.066417
0.061827
0.055770
0.048386
0.040000
0.031650
0.023770
0.016536
0.010188
0.004442
-0.000574
-0.004583
-0.007924
-0.010958
-0.013810
-0.016292
-0.018046
-0.018893
-0.019129
-0.019094
-0.018997
-0.018915
-0.018647
-0.018062
-0.017274
-0.015908
-0.013664
-0.010625
-0.006900
-0.002783
0.002053
0.007817
0.014342
0.021184
0.027682
0.033405
0.038202
0.042271
0.045662
0.048271
0.049678
0.049604
0.048004
0.044477
0.038941
0.031678
0.022857
0.012710
0.002044
-0.008174
-0.017341
-0.024868
-0.030682
-0.035405
-0.039397
-0.042600
-0.045166
-0.046869
-0.047623
-0.047765
-0.046908
-0.044807
-0.041616
-0.036744
-0.029492
-0.020094
-0.009120
0.002575
0.013988
0.024279
0.032860
0.039243
0.042902
0.043967
0.042733
0.039331
0.033852
0.026491
0.018121
0.009614
0.001302
-0.006420
-0.013442
-0.019344
-0.023393
-0.025895
-0.027089
-0.027123
-0.026492
-0.025400
-0.023974
-0.022379
-0.020794
-0.019446
-0.018490
-0.017814
-0.017017
-0.015579
-0.013263
-0.010446
-0.007693
-0.005459
-0.004122
-0.003583
-0.003446
-0.003285
-0.002985
-0.002856
-0.003017
-0.003448
-0.004159
-0.005485
-0.007707
-0.010743
-0.014599
-0.018548
-0.021886
-0.024631
-0.027075
-0.029446
-0.031659
-0.033460
-0.034665
-0.035538
-0.036042
-0.036020
-0.035361
-0.034158
-0.032675
-0.030926
-0.029356
-0.028431
-0.027803
-0.026938
-0.025753
-0.024334
-0.022348
-0.019939
-0.017664
-0.015080
-0.012391
-0.010127
-0.008050
-0.006150
-0.004500
-0.003001
-0.001757
-0.001047
-0.000986
-0.001498
-0.002186
-0.002862
-0.003563
-0.004211
-0.004731
-0.004870
-0.004330
-0.003080
-0.001173
0.001281
0.004082
0.007380
0.011260
0.015323
0.019132
0.022223
0.024215
0.024701
0.023608
0.020962
0.016592
0.010776
0.003871
-0.003135
-0.009338
-0.014518
-0.017873
-0.019038
-0.018571
-0.016699
-0.013601
-0.009452
-0.004745
0.000025
0.004989
0.010417
0.016352
0.022423
0.028000
0.032229
0.034949
0.036082
0.035266
0.032808
0.029226
0.024880
0.019952
0.014383
0.008768
0.003787
-0.000886
-0.005086
-0.009110
-0.013315
-0.017539
-0.021967
-0.025897
-0.029232
-0.032064
-0.033932
-0.035267
-0.036403
-0.037276
-0.037948
-0.038342
-0.038051
-0.036912
-0.035119
-0.032605
-0.029400
-0.025792
-0.022075
-0.018474
-0.015000
-0.011897
-0.009627
-0.007792
-0.006157
-0.004681
-0.002978
-0.001073
0.000809
0.002981
0.005587
0.008073
0.010729
0.013940
0.017765
0.022012
0.026048
0.030005
0.034141
0.037998
0.041357
0.043963
0.045644
0.046231
0.045460
0.043472
0.040165
0.035560
0.029770
0.023066
0.015835
0.008720
0.002276
-0.003840
-0.009253
-0.013459
-0.016617
-0.018380
-0.018568
-0.017460
-0.015290
-0.011993
-0.007620
-0.002680
0.002226
0.006890
0.010937
0.014218
0.017045
0.019257
0.020810
0.021726
0.021896
0.020983
0.019151
0.016888
0.014228
0.011332
0.008173
0.004795
0.001741
-0.000738
-0.002464
-0.003293
-0.003542
-0.003232
-0.002332
-0.000902
0.001175
0.003900
0.007041
0.010202
0.012432
0.013235
0.012711
0.011125
0.009248
0.006509
0.002676
-0.001763
-0.006880
-0.012389
-0.018158
-0.023773
-0.028778
-0.033151
-0.036992
-0.040052
-0.042223
-0.043734
-0.044192
-0.043641
-0.042430
-0.040134
-0.036566
-0.031982
-0.026513
-0.020262
-0.013514
-0.006752
-0.000541
0.004968
0.009631
0.013282
0.016030
0.017721
0.018596
0.018916
0.018674
0.017968
0.017115
0.016253
0.015078
0.013381
0.010682
0.007087
0.003129
-0.001027
-0.005009
-0.008374
-0.010976
-0.012984
-0.014343
-0.015105
-0.015214
-0.014510
-0.013397
-0.012021
-0.010579
-0.009207
-0.007883
-0.006922
-0.006457
-0.006457
-0.006776
-0.007599
-0.008858
-0.010148
-0.011659
-0.013531
-0.015604
-0.018065
-0.020924
-0.023535
-0.025485
-0.026566
-0.026739
-0.026307
-0.025160
-0.023465
-0.021735
-0.019912
-0.018068
-0.016177
-0.013860
-0.011165
-0.008434
-0.005463
-0.002164
0.000915
0.003785
0.006642
0.009076
0.011246
0.013648
0.016247
0.018664
0.020760
0.022571
0.023695
0.024054
0.023570
0.022350
0.020689
0.018945
0.017495
0.016309
0.015370
0.014577
0.013716
0.012675
0.011744
0.011165
0.011074
0.011700
0.013117
0.014970
0.016920
0.019015
0.020917
0.022187
0.022427
0.021540
0.019530
0.016221
0.012574
0.009188
0.005503
0.001505
-0.002418
-0.006349
-0.010338
-0.014111
-0.017778
-0.021268
-0.024332
-0.026798
-0.028374
-0.029037
-0.028958
-0.028168
-0.026624
-0.025021
-0.023585
-0.022292
-0.021824
-0.021764
-0.021972
-0.022901
-0.023899
-0.024567
-0.024995
-0.024929
-0.024210
-0.022780
-0.020730
-0.018490
-0.016089
-0.013303
-0.010423
-0.007511
-0.004690
-0.002258
0.000007
0.001781
0.002774
0.003204
0.002833
0.001492
-0.000456
-0.002377
-0.003880
-0.004765
-0.004709
-0.003943
-0.002801
-0.001483
-0.000064
0.001728
0.003628
0.005265
0.006376
0.006762
0.006493
0.005764
0.004433
0.002516
0.000534
-0.001338
-0.002928
-0.004101
-0.004799
-0.005040
-0.005166
-0.005053
-0.004686
-0.004280
-0.003553
-0.002459
-0.001203
-0.000157
0.000450
0.000752
0.000284
-0.001236
-0.003123
-0.005438
-0.008177
-0.010764
-0.013618
-0.016493
-0.018840
-0.020739
-0.021571
-0.021453
-0.020665
-0.018881
-0.016412
-0.013773
-0.011328
-0.009164
-0.007446
-0.006358
-0.005680
-0.005126
-0.004558
-0.003608
-0.002384
-0.001303
0.000112
0.001816
0.003563
0.005676
0.007831
0.009663
0.011229
0.012456
0.013050
0.012957
0.012021
0.010127
0.007901
0.005507
0.003093
0.001012
-0.000951
-0.002578
-0.003734
-0.004571
-0.005074
-0.005074
-0.004450
-0.003457
-0.002336
-0.001159
0.000022
0.000969
0.002093
0.003676
0.005385
0.007566
0.010347
0.013271
0.016092
0.018649
0.020627
0.021861
0.022444
0.022446
0.021561
0.020018
0.018378
0.016482
0.014616
0.012955
0.010944
0.008978
0.007373
0.006271
0.006308
0.007126
0.008281
0.009417
0.010429
0.011400
0.012089
0.012746
0.013356
0.013874
0.014221
0.014279
0.014641
0.015542
0.016950
0.018955
0.021296
0.023774
0.026202
0.028551
0.030708
0.032178
0.033022
0.033112
0.032228
0.030456
0.027586
0.024050
0.019991
0.015434
0.010564
0.005193
-0.000057
-0.004872
-0.009131
-0.012356
-0.014612
-0.015979
-0.016355
-0.015865
-0.014803
-0.013358
-0.011625
-0.009390
-0.006576
-0.003517
-0.000090
0.003459
0.006779
0.010151
0.013180
0.015616
0.017599
0.018896
0.019750
0.020359
0.020551
0.020385
0.019943
0.019060
0.017793
0.016815
0.016326
0.016195
0.016498
0.016927
0.017281
0.017587
0.017796
0.018200
0.018858
0.019378
0.019857
0.020290
0.020515
0.020905
0.021677
0.022698
0.024017
0.025071
0.025330
0.024917
0.023845
0.022076
0.019279
0.015383
0.010661
0.005512
0.000494
-0.003967
-0.007594
-0.010235
-0.011732
-0.012186
-0.012031
-0.011089
-0.008982
-0.005837
-0.002054
0.001728
0.005127
0.007682
0.009195
0.009827
0.009645
0.008818
0.007378
0.005566
0.003380
0.000680
-0.002378
-0.005737
-0.009263
-0.012824
-0.016159
-0.019107
-0.021710
-0.023833
-0.025249
-0.025791
-0.025295
-0.023871
-0.021582
-0.018340
-0.014246
-0.009262
-0.003758
0.001719
0.007006
0.011972
0.016412
0.020004
0.022640
0.024220
0.024588
0.024007
0.022711
0.020608
0.017601
0.013944
0.010132
0.006448
0.002918
-0.000279
-0.003329
-0.006321
-0.008942
-0.011155
-0.012635
-0.013401
-0.013697
-0.013511
-0.012733
-0.011308
-0.009758
-0.008112
-0.006418
-0.005035
-0.003929
-0.003100
-0.002279
-0.001383
-0.000423
0.000442
0.000844
0.000513
-0.001010
-0.003720
-0.007237
-0.011304
-0.015449
-0.019114
-0.022121
-0.024225
-0.025425
-0.025838
-0.025297
-0.024001
-0.021962
-0.019430
-0.016938
-0.014363
-0.011838
-0.009666
-0.007864
-0.006514
-0.005423
-0.004507
-0.003885
-0.003624
-0.003793
-0.004100
-0.004416
-0.004845
-0.005479
-0.006590
-0.008299
-0.010511
-0.012916
-0.015261
-0.017622
-0.020291
-0.023256
-0.026129
-0.028499
-0.030026
-0.030866
-0.031154
-0.030791
-0.029652
-0.027453
-0.024179
-0.019874
-0.014949
-0.010286
-0.006291
-0.003340
-0.001879
-0.001484
-0.001563
-0.001698
-0.001504
-0.001014
-0.000426
-0.000158
-0.000521
-0.001197
-0.002073
-0.003222
-0.004609
-0.006155
-0.007581
-0.008887
-0.010153
-0.011431
-0.012650
-0.013529
-0.013964
-0.013904
-0.013561
-0.012956
-0.012024
-0.011235
-0.010622
-0.009923
-0.009252
-0.008566
-0.007947
-0.007695
-0.007812
-0.008051
-0.008054
-0.007584
-0.006667
-0.005381
-0.003625
-0.001456
0.000895
0.003339
0.005569
0.007550
0.009519
0.011383
0.013030
0.014379
0.015255
0.015462
0.015111
0.014257
0.012781
0.010976
0.009012
0.006763
0.004457
0.002121
-0.000222
-0.002011
-0.003161
-0.004094
-0.004860
-0.005319
-0.005684
-0.006266
-0.007020
-0.007952
-0.008765
-0.008924
-0.008680
-0.008346
-0.007918
-0.007412
-0.006705
-0.005619
-0.004259
-0.002974
-0.002096
-0.001798
-0.002094
-0.002778
-0.003487
-0.004192
-0.005096
-0.006063
-0.006669
-0.006941
-0.006926
-0.006117
-0.004570
-0.002297
0.000971
0.004836
0.009004
0.013513
0.018319
0.023131
0.027675
0.031924
0.035918
0.039253
0.041641
0.043173
0.043579
0.042847
0.041227
0.038740
0.035492
0.031758
0.027915
0.024297
0.021151
0.018690
0.016785
0.015253
0.013856
0.012288
0.010698
0.009175
0.007652
0.006088
0.004371
0.002503
0.000666
-0.000862
-0.002117
-0.003226
-0.004169
-0.005133
-0.006307
-0.007602
-0.008743
-0.009690
-0.010512
-0.011171
-0.011721
-0.012310
-0.012844
-0.013003
-0.012986
-0.013053
-0.013337
-0.013977
-0.014592
-0.014889
-0.014750
-0.014073
-0.012903
-0.011107
-0.008596
-0.005334
-0.001448
0.002789
0.007231
0.011442
0.015016
0.017781
0.019626
0.020744
0.021338
0.021521
0.021196
0.020044
0.018210
0.015660
0.012279
0.008616
0.005013
0.001929
-0.000262
-0.001766
-0.002760
-0.003370
-0.003878
-0.004297
-0.004677
-0.005350
-0.006429
-0.008053
-0.010157
-0.012262
-0.014015
-0.015534
-0.016848
-0.017846
-0.018479
-0.018703
-0.018491
-0.017702
-0.016208
-0.014169
-0.011705
-0.008831
-0.005840
-0.002952
-0.000252
0.002501
0.005355
0.008122
0.010853
0.013296
0.015485
0.017685
0.019838
0.022091
0.024337
0.026324
0.028041
0.029184
0.029696
0.029801
0.029588
0.028985
0.027818
0.026025
0.023666
0.020720
0.017053
0.012483
0.007044
0.001187
-0.004403
-0.009073
-0.012752
-0.015656
-0.017947
-0.019439
-0.019993
-0.019890
-0.019308
-0.018574
-0.017806
-0.016802
-0.015712
-0.014822
-0.014202
-0.013776
-0.013557
-0.013568
-0.013680
-0.013967
-0.014512
-0.015359
-0.016423
-0.017412
-0.018352
-0.019168
-0.019791
-0.020303
-0.020634
-0.020539
-0.019786
-0.018252
-0.015792
-0.012497
-0.008400
-0.003490
0.002088
0.007982
0.013672
0.018633
0.022654
0.025935
0.028698
0.031059
0.032743
0.033520
0.033571
0.033095
0.032166
0.030787
0.028697
0.025864
0.022567
0.018773
0.014672
0.010475
0.006019
0.001282
-0.003624
-0.008419
-0.012540
-0.015987
-0.019135
-0.022204
-0.025320
-0.028318
-0.031031
-0.033332
-0.035180
-0.036637
-0.037666
-0.038142
-0.037951
-0.036993
-0.034942
-0.031554
-0.026936
-0.021272
-0.015015
-0.008769
-0.003079
0.001607
0.005268
0.008360
0.011193
0.013722
0.015927
0.017754
0.019169
0.020149
0.020603
0.020591
0.020195
0.019410
0.018242
0.016400
0.013755
0.010622
0.007352
0.004254
0.001466
-0.000912
-0.002888
-0.004597
-0.005817
-0.006577
-0.007231
-0.007747
-0.007957
-0.007892
-0.007655
-0.007178
-0.006552
-0.005729
-0.004487
-0.002891
-0.001226
-0.000079
0.000206
-0.000331
-0.001734
-0.003895
-0.006614
-0.009432
-0.011666
-0.012939
-0.012936
-0.011867
-0.010024
-0.007382
-0.004129
-0.000566
0.002847
0.005703
0.007662
0.008573
0.008703
0.008557
0.008289
0.007864
0.007208
0.006418
0.005548
0.004336
0.002891
0.001256
-0.000424
-0.002009
-0.003525
-0.004859
-0.005932
-0.006629
-0.006913
-0.006737
-0.006244
-0.005726
-0.005368
-0.005351
-0.005858
-0.006807
-0.008011
-0.009502
-0.011267
-0.013191
-0.015014
-0.016493
-0.017718
-0.018861
-0.019959
-0.020943
-0.021646
-0.022058
-0.022075
-0.021506
-0.020382
-0.018535
-0.015959
-0.012901
-0.009704
-0.006713
-0.003999
-0.001642
0.000221
0.001673
0.002811
0.003525
0.003662
0.003034
0.001557
-0.000823
-0.003916
-0.007335
-0.010878
-0.014251
-0.017089
-0.019287
-0.020663
-0.020974
-0.020156
-0.018098
-0.014891
-0.010933
-0.006754
-0.002735
0.000909
0.003962
0.006235
0.007612
0.008209
0.008057
0.007171
0.005820
0.004151
0.002316
0.000574
-0.000791
-0.001430
-0.001423
-0.001068
-0.000460
0.000434
0.001839
0.003693
0.005776
0.008068
0.010658
0.013368
0.015877
0.017991
0.019549
0.020684
0.021485
0.022164
0.022894
0.023407
0.023588
0.023726
0.023825
0.023753
0.023464
0.022634
0.021184
0.019144
0.016629
0.013968
0.011323
0.008787
0.006281
0.003870
0.001825
0.000041
-0.001364
-0.002030
-0.001883
-0.001109
-0.000034
0.001121
0.002299
0.003467
0.004549
0.005640
0.006682
0.007559
0.008534
0.009807
0.011371
0.013128
0.014610
0.015640
0.016486
0.017059
0.017195
0.016838
0.015757
0.013867
0.011369
0.008478
0.005528
0.002739
0.000270
-0.001674
-0.003102
-0.003973
-0.004291
-0.004080
-0.003411
-0.002450
-0.001161
0.000433
0.002256
0.004093
0.005735
0.007251
0.008903
0.010918
0.013372
0.016451
0.019967
0.023401
0.026592
0.029511
0.032065
0.034028
0.035293
0.035945
0.036097
0.035952
0.035648
0.035274
0.034702
0.033707
0.032109
0.029761
0.026870
0.023649
0.020004
0.015851
0.011144
0.006163
0.001259
-0.003413
-0.007691
-0.011555
-0.014940
-0.017725
-0.019955
-0.021786
-0.023035
-0.023568
-0.023207
-0.021618
-0.019107
-0.015908
-0.012193
-0.008284
-0.004290
-0.000499
0.002645
0.004800
0.005955
0.006254
0.005867
0.004970
0.003750
0.002526
0.001470
0.000497
-0.000421
-0.001317
-0.002364
-0.003473
-0.004496
-0.005295
-0.005673
-0.005706
-0.005519
-0.005358
-0.005678
-0.006483
-0.007421
-0.008363
-0.009214
-0.009917
-0.010415
-0.010280
-0.009378
-0.007848
-0.005756
-0.003647
-0.002017
-0.001102
-0.000884
-0.001003
-0.001277
-0.001862
-0.002935
-0.004322
-0.005694
-0.006867
-0.008050
-0.009478
-0.011109
-0.012821
-0.014237
-0.015189
-0.015935
-0.016729
-0.017793
-0.019176
-0.020659
-0.022045
-0.023370
-0.024684
-0.025954
-0.027117
-0.027991
-0.028404
-0.028267
-0.027470
-0.026040
-0.024213
-0.022102
-0.019805
-0.017461
-0.015121
-0.012980
-0.011207
-0.009801
-0.008632
-0.007400
-0.005957
-0.004401
-0.003055
-0.002218
-0.001777
-0.001471
-0.001076
-0.000451
0.000404
0.001332
0.002092
0.002652
0.003123
0.003694
0.004539
0.005657
0.006893
0.008081
0.009354
0.010891
0.012706
0.014630
0.016335
0.017587
0.018396
0.018904
0.019083
0.018947
0.018664
0.018397
0.018106
0.017538
0.016764
0.016036
0.015421
0.014800
0.013870
0.012551
0.010705
0.008219
0.005551
0.002954
0.000307
-0.002427
-0.005166
-0.007624
-0.009726
-0.011616
-0.013123
-0.014271
-0.015250
-0.016268
-0.017424
-0.018376
-0.018831
-0.018644
-0.017859
-0.016466
-0.014596
-0.012634
-0.010534
-0.008004
-0.005049
-0.002118
0.000281
0.002126
0.003496
0.004508
0.005375
0.006088
0.006655
0.007087
0.007412
0.007708
0.008007
0.008297
0.008665
0.009063
0.009139
0.008896
0.008480
0.007995
0.007870
0.008311
0.009259
0.010770
0.012834
0.015120
0.017315
0.019350
0.021208
0.022807
0.023932
0.024536
0.024741
0.024591
0.024177
0.023460
0.022242
0.020655
0.018993
0.017421
0.016073
0.014850
0.013580
0.012224
0.010682
0.009036
0.007358
0.005511
0.003556
0.001670
-0.000013
-0.001301
-0.002106
-0.002449
-0.002444
-0.002279
-0.001771
-0.000569
0.001182
0.003076
0.004799
0.006143
0.007202
0.008298
0.009564
0.011152
0.013081
0.014930
0.016429
0.017704
0.018793
0.019412
0.019461
0.018933
0.017935
0.016799
0.015619
0.014626
0.013992
0.013621
0.013479
0.013451
0.013392
0.013052
0.012362
0.011307
0.009831
0.007930
0.005522
0.002956
0.000298
-0.002678
-0.005824
-0.008916
-0.011644
-0.013846
-0.015632
-0.017022
-0.017970
-0.018649
-0.019156
-0.019431
-0.019362
-0.018910
-0.018158
-0.017074
-0.015750
-0.014149
-0.012125
-0.009758
-0.007237
-0.005024
-0.003394
-0.002217
-0.001149
0.000196
0.001744
0.003280
0.004728
0.006133
0.007512
0.008744
0.009728
0.010398
0.010718
0.010597
0.010089
0.009325
0.008313
0.006946
0.005261
0.003551
0.001917
0.000210
-0.001600
-0.003473
-0.005429
-0.007455
-0.009552
-0.011604
-0.013456
-0.015278
-0.017205
-0.019090
-0.020891
-0.022594
-0.024174
-0.025776
-0.027486
-0.029211
-0.030840
-0.032093
-0.032823
-0.033282
-0.033787
-0.034373
-0.034775
-0.034698
-0.034032
-0.033006
-0.031805
-0.030415
-0.028821
-0.027089
-0.025429
-0.023912
-0.022484
-0.021182
-0.019947
-0.018662
-0.017423
-0.016126
-0.014479
-0.012591
-0.010711
-0.008997
-0.007333
-0.005421
-0.003281
-0.000913
0.001611
0.004100
0.006638
0.009141
0.011380
0.013306
0.014887
0.015975
0.016405
0.016174
0.015435
0.014336
0.013007
0.011384
0.009286
0.006753
0.003990
0.001296
-0.001140
-0.003512
-0.006031
-0.008492
-0.010683
-0.012644
-0.014649
-0.016749
-0.018632
-0.020098
-0.020956
-0.021287
-0.021318
-0.021011
-0.020269
-0.019074
-0.017442
-0.015541
-0.013729
-0.012116
-0.010704
-0.009535
-0.008561
-0.007946
-0.007893
-0.008241
-0.008628
-0.008785
-0.008680
-0.008334
-0.007737
-0.006845
-0.005585
-0.004086
-0.002523
-0.001029
0.000236
0.001303
0.002422
0.003593
0.004601
0.005410
0.006075
0.006726
0.007416
0.008097
0.008768
0.009284
0.009433
0.009188
0.008676
0.007935
0.006810
0.005292
0.003702
0.002271
0.001077
0.000101
-0.000800
-0.001667
-0.002470
-0.003065
-0.003268
-0.003192
-0.002917
-0.002373
-0.001639
-0.000952
-0.000453
-0.000172
-0.000244
-0.000789
-0.001810
-0.003100
-0.004433
-0.005836
-0.007416
-0.009067
-0.010698
-0.012477
-0.014432
-0.016352
-0.017829
-0.018401
-0.018239
-0.017901
-0.017567
-0.017108
-0.016341
-0.015202
-0.013699
-0.011975
-0.010158
-0.008216
-0.006335
-0.004620
-0.002937
-0.001094
0.001021
0.003081
0.004800
0.006238
0.007558
0.008945
0.010437
0.011879
0.013178
0.014394
0.015677
0.017020
0.018205
0.019181
0.019937
0.020438
0.020646
0.020397
0.019620
0.018527
0.017354
0.016143
0.014925
0.013616
0.012054
0.010226
0.008286
0.006399
0.004449
0.002272
-0.000086
-0.002540
-0.004997
-0.007284
-0.009225
-0.010713
-0.011843
-0.012693
-0.013017
-0.012786
-0.012226
-0.011536
-0.010727
-0.009688
-0.008411
-0.006935
-0.005575
-0.004510
-0.003629
-0.002853
-0.002117
-0.001664
-0.001576
-0.001615
-0.001703
-0.001720
-0.001732
-0.001900
-0.002146
-0.002374
-0.002517
-0.002599
-0.002720
-0.002918
-0.003113
-0.003215
-0.003252
-0.003503
-0.003991
-0.004374
-0.004617
-0.004754
-0.004883
-0.005126
-0.005335
-0.005245
-0.004756
-0.004013
-0.003169
-0.002231
-0.001306
-0.000509
0.000404
0.001601
0.002975
0.004268
0.005115
0.005460
0.005615
0.005636
0.005484
0.005346
0.005342
0.005504
0.005737
0.006216
0.007066
0.008010
0.008952
0.009982
0.011165
0.012433
0.013596
0.014657
0.015697
0.016496
0.016965
0.017187
0.017272
0.017402
0.017461
0.017296
0.016799
0.015945
0.014971
0.014027
0.013051
0.011898
0.010488
0.008904
0.007255
0.005752
0.004635
0.003982
0.003841
0.004039
0.004360
0.004620
0.004911
0.005647
0.007008
0.008798
0.010587
0.012147
0.013481
0.014760
0.016270
0.017974
0.019699
0.021296
0.022594
0.023475
0.023901
0.024082
0.024136
0.023748
0.022761
0.021436
0.019826
0.017816
0.015478
0.013018
0.010747
0.008709
0.006609
0.004464
0.002657
0.001374
0.000282
-0.000857
-0.001971
-0.003100
-0.004100
-0.004750
-0.004972
-0.004741
-0.004101
-0.003020
-0.001440
0.000413
0.002429
0.004799
0.007300
0.009616
0.011553
0.012866
0.013738
0.014273
0.014269
0.013734
0.012678
0.011018
0.009040
0.007100
0.005079
0.003210
0.001793
0.000507
-0.000744
-0.002030
-0.003411
-0.004434
-0.005023
-0.005403
-0.005643
-0.005850
-0.005894
-0.005604
-0.004741
-0.003403
-0.001784
0.000021
0.001856
0.003800
0.005724
0.007548
0.009374
0.011096
0.012510
0.013717
0.014797
0.015508
0.015602
0.015291
0.014817
0.014183
0.013479
0.012392
0.010846
0.009178
0.007570
0.006027
0.004326
0.002677
0.001362
0.000211
-0.000979
-0.002380
-0.003937
-0.005428
-0.006628
-0.007617
-0.008712
-0.009748
-0.010604
-0.011406
-0.011938
-0.011890
-0.011554
-0.011344
-0.010930
-0.010218
-0.009401
-0.008428
-0.007133
-0.005480
-0.003805
-0.002361
-0.001214
-0.000293
0.000528
0.001260
0.001826
0.002049
0.002014
0.001996
0.002102
0.002408
0.002631
0.002537
0.002076
0.001202
0.000420
0.000032
-0.000254
-0.000529
-0.000571
-0.000318
0.000062
0.000587
0.000962
0.000968
0.001065
0.001451
0.001996
0.002539
0.003102
0.003673
0.004090
0.004436
0.004726
0.004838
0.004823
0.004803
0.004956
0.005461
0.005948
0.005913
0.005431
0.004653
0.003827
0.003182
0.002475
0.001799
0.001438
0.001119
0.000850
0.000874
0.000908
0.000928
0.001295
0.001766
0.001923
0.001846
0.001647
0.001294
0.000754
0.000252
-0.000133
-0.000575
-0.000981
-0.001297
-0.001574
-0.001798
-0.001933
-0.001919
-0.001757
-0.001540
-0.001340
-0.001437
-0.001858
-0.002321
-0.002785
-0.002965
-0.002584
-0.001857
-0.000991
-0.000078
0.000781
0.001626
0.002488
0.003544
0.004844
0.006031
0.006694
0.006723
0.006567
0.006412
0.006147
0.006170
0.006227
0.005604
0.004559
0.003338
0.001913
0.000654
-0.000283
-0.000968
-0.001451
-0.002180
-0.003241
-0.004270
-0.005090
-0.005556
-0.005900
-0.006401
-0.006967
-0.007371
-0.007712
-0.008316
-0.009027
-0.009552
-0.009798
-0.009669
-0.009234
-0.008730
-0.008335
-0.008061
-0.007676
-0.007058
-0.006079
-0.004897
-0.003880
-0.002832
-0.001814
-0.000955
-0.000374
-0.000315
-0.000362
-0.000099
0.000308
0.000278
-0.000414
-0.001319
-0.001800
-0.001460
-0.000705
-0.000046
0.000394
0.000461
0.000124
-0.000465
-0.001180
-0.001983
-0.002827
-0.003591
-0.004228
-0.004557
-0.004214
-0.003417
-0.002730
-0.002325
-0.002321
-0.002648
-0.002828
-0.002807
-0.003060
-0.003676
-0.004380
-0.005220
-0.006105
-0.006747
-0.007026
-0.007073
-0.007177
-0.007412
-0.007800
-0.008099
-0.008100
-0.007832
-0.007390
-0.007016
-0.006649
-0.006303
-0.005984
-0.005529
-0.004988
-0.004403
-0.003875
-0.003346
-0.002805
-0.002459
-0.002268
-0.002241
-0.002307
-0.002368
-0.002387
-0.002214
-0.002022
-0.001947
-0.002111
-0.002582
-0.003334
-0.004202
-0.004864
-0.005432
-0.005987
-0.006430
-0.007024
-0.007977
-0.008989
-0.009915
-0.010814
-0.011518
-0.012067
-0.012747
-0.013405
-0.013819
-0.014161
-0.014526
-0.015008
-0.015475
-0.015721
-0.015822
-0.015653
-0.015186
-0.014628
-0.014073
-0.013613
-0.013211
-0.012738
-0.012269
-0.011719
-0.010889
-0.009906
-0.008952
-0.008104
-0.007537
-0.007209
-0.006799
-0.006337
-0.005987
-0.005710
-0.005512
-0.005376
-0.005186
-0.005061
-0.005294
-0.005967
-0.006951
-0.008098
-0.009206
-0.010047
-0.010639
-0.011247
-0.012162
-0.013300
-0.014404
-0.015416
-0.016151
-0.016459
-0.016437
-0.016263
-0.016141
-0.016052
-0.015829
-0.015309
-0.014287
-0.012938
-0.011700
-0.010749
-0.010215
-0.010013
-0.009771
-0.009296
-0.008676
-0.008115
-0.007853
-0.007933
-0.008125
-0.008278
-0.008262
-0.008038
-0.007689
-0.007270
-0.006836
-0.006445
-0.006073
-0.005617
-0.004990
-0.004305
-0.003850
-0.003621
-0.003562
-0.003686
-0.003812
-0.003823
-0.003668
-0.003352
-0.002884
-0.002290
-0.001809
-0.001462
-0.000996
-0.000301
0.000590
0.001667
0.002906
0.004151
0.005396
0.006547
0.007602
0.008757
0.009951
0.011266
0.012512
0.013378
0.013848
0.013911
0.013484
0.012545
0.011338
0.010020
0.008616
0.007276
0.006046
0.005041
0.004334
0.003780
0.003504
0.003518
0.003690
0.003945
0.004233
0.004753
0.005583
0.006681
0.007985
0.009296
0.010173
0.010470
0.010631
0.010829
0.011013
0.011310
0.011858
0.012456
0.012764
0.012695
0.012327
0.011820
0.011443
0.011315
0.011374
0.011597
0.011734
0.011549
0.011192
0.010799
0.010537
0.010431
0.010382
0.010539
0.010723
0.010786
0.010693
0.010414
0.010117
0.009873
0.009786
0.009854
0.010035
0.010360
0.010756
0.011164
0.011555
0.011908
0.012362
0.012946
0.013470
0.013878
0.014240
0.014710
0.015312
0.016029
0.016979
0.017711
0.018007
0.018079
0.017928
0.017861
0.017936
0.017862
0.017600
0.017079
0.016504
0.016190
0.015832
0.015389
0.015054
0.014933
0.015162
0.015409
0.015570
0.015787
0.015880
0.015905
0.015964
0.015959
0.015990
0.016050
0.016184
0.016337
0.016281
0.016096
0.015805
0.015426
0.015050
0.014438
0.013468
0.012259
0.010836
0.009631
0.008879
0.008236
0.007740
0.007539
0.007520
0.007558
0.007382
0.006947
0.006560
0.006300
0.006104
0.005900
0.005500
0.004981
0.004571
0.004326
0.004323
0.004247
0.003743
0.002907
0.001940
0.001159
0.000731
0.000490
0.000235
-0.000129
-0.000564
-0.000957
-0.001307
-0.001719
-0.002116
-0.002398
-0.002461
-0.002361
-0.002287
-0.002158
-0.002073
-0.002062
-0.001869
-0.001689
-0.001710
-0.001726
-0.001796
-0.001875
-0.001932
-0.002162
-0.002553
-0.002928
-0.003300
-0.003790
-0.004458
-0.005375
-0.006344
-0.007238
-0.008079
-0.008870
-0.009796
-0.010861
-0.011814
-0.012615
-0.013206
-0.013560
-0.013707
-0.013636
-0.013418
-0.012976
-0.012274
-0.011296
-0.010006
-0.008562
-0.007081
-0.005652
-0.004236
-0.002814
-0.001626
-0.000713
0.000002
0.000456
0.000657
0.000744
0.000688
0.000157
-0.000899
-0.002272
-0.003951
-0.005942
-0.008124
-0.010196
-0.011917
-0.013259
-0.014463
-0.015579
-0.016304
-0.016715
-0.016832
-0.016566
-0.016227
-0.016004
-0.015837
-0.015676
-0.015401
-0.014710
-0.013596
-0.012443
-0.011461
-0.010574
-0.009730
-0.009000
-0.008358
-0.007769
-0.007288
-0.006950
-0.006759
-0.006640
-0.006562
-0.006492
-0.006387
-0.006317
-0.006290
-0.006241
-0.006086
-0.005958
-0.005775
-0.005421
-0.005252
-0.005349
-0.005555
-0.005699
-0.005549
-0.005107
-0.004743
-0.004617
-0.004691
-0.004973
-0.005226
-0.005379
-0.005521
-0.005547
-0.005415
-0.005226
-0.005020
-0.004859
-0.004687
-0.004413
-0.004106
-0.003829
-0.003527
-0.003204
-0.002885
-0.002695
-0.002630
-0.002594
-0.002679
-0.002764
-0.002734
-0.002719
-0.002681
-0.002550
-0.002540
-0.002491
-0.002341
-0.002317
-0.002271
-0.002255
-0.002361
-0.002480
-0.002455
-0.002274
-0.002191
-0.002038
-0.001655
-0.001230
-0.000812
-0.000354
0.000263
0.000914
0.001493
0.002087
0.002551
0.002848
0.003063
0.003122
0.002867
0.002275
0.001598
0.000916
0.000130
-0.000760
-0.001735
-0.002670
-0.003449
-0.004105
-0.004497
-0.004378
-0.003768
-0.002762
-0.001701
-0.000987
-0.000652
-0.000442
-0.000063
0.000335
0.000687
0.001159
0.001578
0.001783
0.001702
0.001436
0.001202
0.000930
0.000583
0.000320
0.000270
0.000295
0.000350
0.000506
0.000624
0.000779
0.001012
0.001212
0.001435
0.001771
0.002282
0.002837
0.003271
0.003497
0.003319
0.002797
0.002099
0.001502
0.001241
0.001138
0.001026
0.000812
0.000484
0.000006
-0.000606
-0.001145
-0.001626
-0.002076
-0.002279
-0.002162
-0.001727
-0.000893
0.000163
0.001274
0.002643
0.004396
0.006121
0.007494
0.008625
0.009521
0.010195
0.010683
0.011009
0.011231
0.011589
0.012282
0.013051
0.013510
0.013429
0.012995
0.012614
0.012462
0.012561
0.012687
0.012386
0.011778
0.011149
0.010362
0.009355
0.008368
0.007665
0.007229
0.007030
0.006897
0.006604
0.006243
0.005943
0.005630
0.005322
0.005138
0.004840
0.004222
0.003552
0.003098
0.002861
0.002916
0.003002
0.002707
0.002213
0.001625
0.001139
0.001244
0.001870
0.002643
0.003275
0.003598
0.003684
0.003798
0.004254
0.005003
0.005668
0.005983
0.005820
0.005330
0.004880
0.004522
0.004043
0.003376
0.002700
0.002142
0.001666
0.001322
0.001003
0.000628
0.000272
-0.000123
-0.000459
-0.000638
-0.000609
-0.000153
0.000805
0.001966
0.003149
0.004403
0.005560
0.006433
0.007135
0.007859
0.008437
0.008665
0.008648
0.008555
0.008450
0.008313
0.008048
0.007452
0.006604
0.005709
0.004632
0.003283
0.001953
0.000906
0.000133
-0.000546
-0.001399
-0.002443
-0.003651
-0.005016
-0.006279
-0.007233
-0.007733
-0.007830
-0.007725
-0.007552
-0.007460
-0.007289
-0.006928
-0.006492
-0.005927
-0.005121
-0.004292
-0.003535
-0.002707
-0.001853
-0.001000
-0.000196
0.000483
0.000848
0.000882
0.000783
0.000560
0.000148
-0.000503
-0.001249
-0.001820
-0.002349
-0.003078
-0.003863
-0.004565
-0.005142
-0.005593
-0.005941
-0.006114
-0.006143
-0.006070
-0.005770
-0.005253
-0.004529
-0.003633
-0.002646
-0.001534
-0.000435
0.000515
0.001348
0.001906
0.002169
0.002349
0.002381
0.002366
0.002417
0.002466
0.002443
0.002147
0.001690
0.001193
0.000717
0.000307
-0.000171
-0.000783
-0.001473
-0.002113
-0.002663
-0.003017
-0.003317
-0.003803
-0.004265
-0.004667
-0.005000
-0.005169
-0.005465
-0.005949
-0.006422
-0.006945
-0.007625
-0.008441
-0.009098
-0.009483
-0.009738
-0.009806
-0.009765
-0.009561
-0.009010
-0.008186
-0.007093
-0.005924
-0.005013
-0.004398
-0.003949
-0.003489
-0.002920
-0.002361
-0.002008
-0.001867
-0.001885
-0.001950
-0.001971
-0.001943
-0.001920
-0.002053
-0.002272
-0.002665
-0.003378
-0.004049
-0.004556
-0.005079
-0.005641
-0.006259
-0.006845
-0.007323
-0.007790
-0.008083
-0.008219
-0.008392
-0.008537
-0.008569
-0.008571
-0.008625
-0.008482
-0.008223
-0.008215
-0.008425
-0.008605
-0.008803
-0.009222
-0.009854
-0.010591
-0.011409
-0.012159
-0.012583
-0.012869
-0.013171
-0.013293
-0.013222
-0.012990
-0.012636
-0.012334
-0.012184
-0.012227
-0.012442
-0.012646
-0.012761
-0.012819
-0.012763
-0.012558
-0.012410
-0.012564
-0.012905
-0.013283
-0.013530
-0.013574
-0.013620
-0.013578
-0.013508
-0.013689
-0.013887
-0.013991
-0.014023
-0.013945
-0.013872
-0.013959
-0.014192
-0.014394
-0.014539
-0.014354
-0.013842
-0.013339
-0.012863
-0.012384
-0.011954
-0.011586
-0.010994
-0.010063
-0.008956
-0.007848
-0.007017
-0.006331
-0.005732
-0.005279
-0.004675
-0.004070
-0.003682
-0.003424
-0.003326
-0.003278
-0.003000
-0.002488
-0.001772
-0.001037
-0.000673
-0.000724
-0.000831
-0.000464
0.000299
0.001198
0.002099
0.002756
0.003163
0.003452
0.003694
0.003896
0.004120
0.004198
0.004193
0.004103
0.003729
0.003436
0.003226
0.002990
0.002906
0.002915
0.002940
0.002972
0.002873
0.002416
0.001848
0.001625
0.001776
0.002027
0.002141
0.002071
0.001914
0.001831
0.001872
0.002030
0.002293
0.002475
0.002621
0.002981
0.003527
0.004054
0.004442
0.004601
0.004563
0.004649
0.004941
0.005281
0.005559
0.005801
0.006005
0.006050
0.006124
0.006402
0.006781
0.007065
0.007031
0.006673
0.006258
0.005994
0.005915
0.006082
0.006385
0.006611
0.006806
0.006999
0.007206
0.007462
0.007777
0.008100
0.008470
0.008985
0.009350
0.009510
0.009674
0.009758
0.009819
0.009936
0.009950
0.009911
0.009976
0.010276
0.010918
0.011729
0.012531
0.013018
0.013202
0.013533
0.013858
0.014073
0.014320
0.014557
0.014849
0.015197
0.015469
0.015631
0.015836
0.016048
0.016169
0.016285
0.016369
0.016510
0.016831
0.017254
0.017703
0.017968
0.017684
0.016786
0.015777
0.015055
0.014557
0.014023
0.013245
0.012255
0.011274
0.010394
0.009464
0.008507
0.007662
0.007092
0.006861
0.006769
0.006649
0.006329
0.005730
0.005020
0.004440
0.004049
0.003751
0.003551
0.003419
0.003455
0.003548
0.003513
0.003530
0.003651
0.004039
0.004475
0.004725
0.004888
0.004957
0.005099
0.005296
0.005452
0.005526
0.005634
0.005810
0.005893
0.005900
0.005934
0.006101
0.006358
0.006651
0.006822
0.006733
0.006504
0.006101
0.005658
0.005277
0.004800
0.004343
0.003925
0.003499
0.003292
0.003312
0.003472
0.003735
0.003944
0.004125
0.004309
0.004422
0.004529
0.004612
0.004670
0.004521
0.003869
0.002917
0.002044
0.001448
0.000961
0.000379
-0.000267
-0.000929
-0.001627
-0.002509
-0.003490
-0.004386
-0.005212
-0.005829
-0.006222
-0.006587
-0.007008
-0.007494
-0.007893
-0.008046
-0.007926
-0.007674
-0.007416
-0.007212
-0.007129
-0.007181
-0.007427
-0.007689
-0.007805
-0.007905
-0.007860
-0.007648
-0.007484
-0.007467
-0.007503
-0.007404
-0.007208
-0.006896
-0.006525
-0.006147
-0.005673
-0.005197
-0.004710
-0.004080
-0.003415
-0.002849
-0.002301
-0.001689
-0.000956
-0.000277
0.000278
0.000803
0.001271
0.001868
0.002560
0.003168
0.003748
0.004254
0.004559
0.004589
0.004380
0.004065
0.003597
0.002895
0.002016
0.000946
-0.000314
-0.001619
-0.002911
-0.004055
-0.004939
-0.005556
-0.006012
-0.006531
-0.007039
-0.007343
-0.007273
-0.006792
-0.006117
-0.005316
-0.004490
-0.003867
-0.003341
-0.002852
-0.002604
-0.002452
-0.002178
-0.001856
-0.001502
-0.001288
-0.001405
-0.001937
-0.002882
-0.003826
-0.004472
-0.005029
-0.005739
-0.006539
-0.007321
-0.008053
-0.008564
-0.008901
-0.009129
-0.009318
-0.009637
-0.009890
-0.009915
-0.009682
-0.009201
-0.008623
-0.008196
-0.007925
-0.007615
-0.007090
-0.006193
-0.005211
-0.004327
-0.003535
-0.002994
-0.002497
-0.002024
-0.001826
-0.001853
-0.002078
-0.002505
-0.003090
-0.003807
-0.004563
-0.005318
-0.006136
-0.006816
-0.007342
-0.007953
-0.008679
-0.009490
-0.010132
-0.010519
-0.010719
-0.010825
-0.011057
-0.011365
-0.011534
-0.011543
-0.011356
-0.011027
-0.010781
-0.010565
-0.010314
-0.010012
-0.009494
-0.008731
-0.007850
-0.007003
-0.006310
-0.005750
-0.005237
-0.004734
-0.004370
-0.004257
-0.004271
-0.004254
-0.004154
-0.004046
-0.004048
-0.004224
-0.004547
-0.004911
-0.005247
-0.005503
-0.005537
-0.005340
-0.005078
-0.004809
-0.004624
-0.004548
-0.004464
-0.004464
-0.004570
-0.004577
-0.004416
-0.004126
-0.003991
-0.004266
-0.004722
-0.005149
-0.005424
-0.005509
-0.005452
-0.005149
-0.004759
-0.004391
-0.003846
-0.003190
-0.002509
-0.001782
-0.001003
-0.000246
0.000474
0.001243
0.001897
0.002258
0.002375
0.002345
0.002272
0.002288
0.002339
0.002201
0.001814
0.001339
0.000826
0.000342
0.000056
-0.000151
-0.000388
-0.000637
-0.000810
-0.000874
-0.001021
-0.001145
-0.001048
-0.000745
-0.000199
0.000382
0.000715
0.000838
0.000999
0.001309
0.001717
0.002080
0.002279
0.002364
0.002445
0.002672
0.002864
0.002895
0.002894
0.002870
0.002742
0.002485
0.002239
0.002148
0.002355
0.002654
0.002710
0.002625
0.002518
0.002464
0.002641
0.002934
0.003125
0.003240
0.003381
0.003730
0.004231
0.004715
0.005267
0.005837
0.006387
0.006983
0.007453
0.007736
0.008051
0.008327
0.008447
0.008484
0.008503
0.008454
0.008396
0.008481
0.008539
0.008561
0.008564
0.008468
0.008311
0.008111
0.007908
0.007564
0.006930
0.006274
0.005902
0.005721
0.005546
0.005298
0.004892
0.004387
0.003881
0.003380
0.002796
0.002219
0.001781
0.001318
0.000841
0.000458
0.000131
-0.000241
-0.000590
-0.000808
-0.000862
-0.000769
-0.000756
-0.000824
-0.000832
-0.000799
-0.000660
-0.000394
-0.000127
0.000186
0.000827
0.001916
0.003180
0.004175
0.004736
0.005016
0.005211
0.005436
0.005643
0.005732
0.005601
0.005271
0.004827
0.004355
0.003841
0.003291
0.002857
0.002555
0.002343
0.002121
0.001835
0.001600
0.001570
0.001604
0.001390
0.001211
0.001315
0.001596
0.001942
0.002278
0.002676
0.003009
0.003312
0.003684
0.003968
0.004090
0.003895
0.003481
0.003154
0.003018
0.003054
0.003069
0.002974
0.002715
0.002308
0.001910
0.001638
0.001558
0.001539
0.001536
0.001511
0.001331
0.000996
0.000554
0.000202
0.000152
0.000413
0.000823
0.001177
0.001504
0.001794
0.001979
0.002212
0.002446
0.002536
0.002394
0.002032
0.001671
0.001363
0.001034
0.000658
0.000274
-0.000018
-0.000092
0.000156
0.000438
0.000372
0.000084
-0.000064
0.000212
0.000840
0.001435
0.001718
0.001661
0.001386
0.001086
0.000864
0.000557
0.000116
-0.000338
-0.000748
-0.001126
-0.001560
-0.002021
-0.002286
-0.002303
-0.002237
-0.002193
-0.002353
-0.002677
-0.002908
-0.002957
-0.002899
-0.002836
-0.002909
-0.002999
-0.002877
-0.002666
-0.002354
-0.001994
-0.001718
-0.001560
-0.001618
-0.001822
-0.002065
-0.002238
-0.002279
-0.002258
-0.002281
-0.002370
-0.002530
-0.002811
-0.003138
-0.003446
-0.003767
-0.004158
-0.004543
-0.004810
-0.004970
-0.005032
-0.005019
-0.005090
-0.005406
-0.005876
-0.006235
-0.006295
-0.006088
-0.005861
-0.005751
-0.005680
-0.005597
-0.005435
-0.005119
-0.004677
-0.004144
-0.003658
-0.003373
-0.003170
-0.002822
-0.002176
-0.001287
-0.000441
0.000179
0.000612
0.000943
0.001268
0.001604
0.001966
0.002399
0.002792
0.002976
0.002915
0.002620
0.002190
0.001848
0.001629
0.001442
0.001252
0.001022
0.000745
0.000605
0.000813
0.001239
0.001577
0.001560
0.001179
0.000760
0.000575
0.000574
0.000489
0.000280
0.000046
-0.000130
-0.000177
-0.000122
0.000157
0.000554
0.000809
0.000915
0.000874
0.000930
0.001314
0.001840
0.002219
0.002441
0.002515
0.002346
0.002053
0.001805
0.001665
0.001682
0.001830
0.001857
0.001527
0.000998
0.000527
0.000152
-0.000048
-0.000023
0.000113
0.000211
0.000247
0.000166
-0.000105
-0.000402
-0.000566
-0.000599
-0.000646
-0.000790
-0.000999
-0.001054
-0.000816
-0.000324
0.000369
0.001008
0.001378
0.001619
0.001984
0.002425
0.002902
0.003507
0.004164
0.004820
0.005376
0.005872
0.006441
0.006819
0.006766
0.006366
0.005859
0.005344
0.004753
0.004107
0.003360
0.002539
0.001719
0.000853
0.000031
-0.000617
-0.001221
-0.001862
-0.002492
-0.003090
-0.003708
-0.004248
-0.004564
-0.004786
-0.004850
-0.004621
-0.004247
-0.003830
-0.003459
-0.003215
-0.002847
-0.002317
-0.001914
-0.001710
-0.001653
-0.001365
-0.000751
-0.000239
0.000125
0.000493
0.000920
0.001456
0.002029
0.002437
0.002574
0.002627
0.002706
0.002770
0.002975
0.003330
0.003692
0.004074
0.004515
0.004994
0.005568
0.006309
0.007040
0.007470
0.007428
0.007111
0.006732
0.006315
0.005944
0.005466
0.004864
0.004333
0.003968
0.003830
0.003810
0.003723
0.003323
0.002519
0.001554
0.000591
-0.000297
-0.001035
-0.001705
-0.002412
-0.003155
-0.003870
-0.004450
-0.004775
-0.004829
-0.004659
-0.004387
-0.004081
-0.003702
-0.003210
-0.002566
-0.001955
-0.001483
-0.001030
-0.000644
-0.000340
-0.000048
0.000140
0.000159
0.000109
0.000068
0.000005
0.000050
0.000190
0.000281
0.000372
0.000467
0.000516
0.000528
0.000512
0.000401
0.000192
0.000023
-0.000035
-0.000017
0.000192
0.000581
0.001023
0.001536
0.002101
0.002610
0.002948
0.003273
0.003766
0.004464
0.005171
0.005581
0.005743
0.005689
0.005434
0.005062
0.004602
0.004203
0.003867
0.003394
0.002757
0.002021
0.001276
0.000657
0.000171
-0.000119
-0.000164
-0.000199
-0.000493
-0.000960
-0.001417
-0.001833
-0.002169
-0.002485
-0.002917
-0.003569
-0.004421
-0.005306
-0.006126
-0.006807
-0.007295
-0.007744
-0.008172
-0.008385
-0.008286
-0.007900
-0.007317
-0.006622
-0.005897
-0.005168
-0.004329
-0.003388
-0.002438
-0.001508
-0.000703
0.000118
0.001178
0.002308
0.003311
0.004169
0.004933
0.005596
0.006098
0.006445
0.006695
0.006854
0.006823
0.006681
0.006461
0.006146
0.005886
0.005704
0.005449
0.004973
0.004260
0.003321
0.002203
0.001147
0.000371
-0.000305
-0.001104
-0.001937
-0.002730
-0.003464
-0.004030
-0.004386
-0.004472
-0.004188
-0.003698
-0.003205
-0.002696
-0.002130
-0.001544
-0.000904
-0.000218
0.000399
0.000968
0.001549
0.002143
0.002778
0.003501
0.004184
0.004745
0.005193
0.005439
0.005520
0.005509
0.005458
0.005454
0.005409
0.005170
0.004751
0.004303
0.003879
0.003529
0.003292
0.003137
0.003148
0.003300
0.003437
0.003431
0.003427
0.003583
0.003851
0.004221
0.004684
0.005184
0.005419
0.005185
0.004724
0.004322
0.004148
0.004161
0.004098
0.003916
0.003683
0.003246
0.002669
0.002159
0.001721
0.001320
0.000975
0.000764
0.000642
0.000611
0.000685
0.000630
0.000292
-0.000188
-0.000618
-0.000958
-0.001345
-0.001914
-0.002499
-0.002823
-0.002845
-0.002683
-0.002503
-0.002592
-0.003015
-0.003493
-0.003796
-0.003771
-0.003472
-0.003205
-0.003107
-0.003112
-0.003178
-0.003188
-0.003061
-0.002825
-0.002439
-0.002087
-0.001988
-0.002039
-0.002123
-0.002087
-0.001986
-0.002028
-0.002130
-0.002196
-0.002286
-0.002588
-0.003136
-0.003721
-0.004157
-0.004294
-0.004222
-0.004238
-0.004472
-0.004894
-0.005345
-0.005571
-0.005594
-0.005571
-0.005498
-0.005362
-0.005080
-0.004670
-0.004355
-0.004240
-0.004348
-0.004611
-0.004837
-0.004968
-0.005005
-0.005044
-0.005209
-0.005354
-0.005425
-0.005503
-0.005549
-0.005487
-0.005320
-0.005143
-0.004902
-0.004610
-0.004242
-0.003477
-0.002418
-0.001366
-0.000396
0.000459
0.001308
0.002123
0.002902
0.003716
0.004425
0.004994
0.005339
0.005443
0.005558
0.005713
0.005850
0.005976
0.005988
0.005755
0.005263
0.004763
0.004429
0.004153
0.003888
0.003684
0.003627
0.003728
0.003924
0.003996
0.003789
0.003366
0.002905
0.002620
0.002560
0.002659
0.002809
0.002917
0.003008
0.003214
0.003538
0.003747
0.003699
0.003462
0.003145
0.002912
0.002771
0.002588
0.002225
0.001742
0.001294
0.000816
0.000228
-0.000511
-0.001241
-0.001751
-0.002036
-0.002122
-0.002069
-0.002016
-0.002115
-0.002352
-0.002644
-0.002955
-0.003110
-0.002965
-0.002597
-0.002105
-0.001614
-0.001160
-0.000728
-0.000427
-0.000118
0.000423
0.001017
0.001540
0.001936
0.002064
0.002110
0.002275
0.002491
0.002547
0.002290
0.001832
0.001264
0.000555
-0.000151
-0.000737
-0.001150
-0.001515
-0.001904
-0.002280
-0.002813
-0.003337
-0.003585
-0.003496
-0.003144
-0.002751
-0.002549
-0.002579
-0.002657
-0.002489
-0.002027
-0.001541
-0.001177
-0.000945
-0.000682
-0.000331
0.000135
0.000842
0.001521
0.001802
0.001709
0.001496
0.001363
0.001560
0.002142
0.002777
0.003131
0.003079
0.002718
0.002269
0.001953
0.001777
0.001654
0.001589
0.001528
0.001382
0.001171
0.000994
0.000869
0.000756
0.000675
0.000658
0.000637
0.000646
0.000659
0.000665
0.000875
0.001257
0.001523
0.001546
0.001471
0.001450
0.001521
0.001579
0.001446
0.001117
0.000661
0.000162
-0.000226
-0.000428
-0.000487
-0.000587
-0.000808
-0.001113
-0.001376
-0.001352
-0.000995
-0.000501
-0.000031
0.000396
0.000665
0.000675
0.000500
0.000340
0.000307
0.000543
0.001195
0.001999
0.002691
0.003267
0.003791
0.004387
0.004929
0.005356
0.005769
0.006142
0.006683
0.007407
0.008008
0.008325
0.008429
0.008506
0.008571
0.008464
0.008157
0.007753
0.007214
0.006590
0.006066
0.005674
0.005450
0.005320
0.005118
0.004896
0.004660
0.004241
0.003750
0.003358
0.003073
0.002865
0.002591
0.002286
0.002107
0.002011
0.001858
0.001582
0.001163
0.000697
0.000235
-0.000276
-0.000808
-0.001421
-0.002098
-0.002699
-0.003067
-0.002999
-0.002498
-0.001794
-0.001135
-0.000843
-0.000910
-0.000881
-0.000541
0.000005
0.000608
0.001083
0.001299
0.001327
0.001344
0.001403
0.001394
0.001134
0.000619
0.000174
0.000065
0.000399
0.000997
0.001494
0.001786
0.001868
0.001846
0.001885
0.001899
0.001812
0.001740
0.001709
0.001659
0.001578
0.001467
0.001417
0.001503
0.001680
0.001935
0.002210
0.002475
0.002688
0.002603
0.002175
0.001606
0.000950
0.000395
0.000066
-0.000356
-0.000954
-0.001517
-0.001973
-0.002364
-0.002803
-0.003351
-0.003984
-0.004508
-0.004824
-0.005058
-0.005222
-0.005326
-0.005400
-0.005380
-0.005207
-0.004837
-0.004379
-0.003998
-0.003865
-0.004028
-0.004169
-0.004061
-0.003689
-0.003195
-0.002886
-0.002894
-0.003069
-0.003197
-0.003237
-0.003207
-0.003143
-0.003117
-0.003073
-0.003013
-0.002936
-0.002668
-0.002211
-0.001654
-0.001081
-0.000616
-0.000280
-0.000070
0.000181
0.000739
0.001518
0.002106
0.002205
0.001915
0.001569
0.001317
0.001183
0.001132
0.001070
0.001012
0.000942
0.000914
0.000926
0.000884
0.000904
0.001010
0.001156
0.001322
0.001449
0.001527
0.001506
0.001466
0.001481
0.001453
0.001353
0.001110
0.000721
0.000405
0.000336
0.000538
0.000821
0.000842
0.000413
-0.000342
-0.001115
-0.001684
-0.002069
-0.002406
-0.002655
-0.002785
-0.002831
-0.002798
-0.002850
-0.003030
-0.003239
-0.003350
-0.003238
-0.003012
-0.002860
-0.002833
-0.002879
-0.002904
-0.002754
-0.002293
-0.001597
-0.000889
-0.000469
-0.000454
-0.000786
-0.001287
-0.001581
-0.001560
-0.001446
-0.001545
-0.002044
-0.002694
-0.003117
-0.003227
-0.003136
-0.002967
-0.002839
-0.002860
-0.003057
-0.003419
-0.003665
-0.003678
-0.003510
-0.003199
-0.003061
-0.003272
-0.003711
-0.004038
-0.004053
-0.003892
-0.003717
-0.003659
-0.003653
-0.003492
-0.003083
-0.002531
-0.002075
-0.001919
-0.001982
-0.002036
-0.002017
-0.001845
-0.001589
-0.001298
-0.000882
-0.000378
0.000148
0.000472
0.000483
0.000400
0.000305
0.000183
0.000075
0.000008
0.000010
0.000105
0.000396
0.000813
0.001135
0.001224
0.001078
0.000859
0.000744
0.000777
0.000909
0.001016
0.001045
0.001122
0.001242
0.001220
0.000922
0.000247
-0.000476
-0.000683
-0.000351
0.000199
0.000615
0.000678
0.000516
0.000384
0.000347
0.000359
0.000252
-0.000074
-0.000461
-0.000762
-0.000893
-0.000796
-0.000650
-0.000630
-0.000691
-0.000759
-0.000778
-0.000780
-0.000768
-0.000734
-0.000720
-0.000681
-0.000573
-0.000513
-0.000600
-0.000760
-0.000870
-0.000933
-0.001023
-0.001129
-0.001207
-0.001300
-0.001357
-0.001379
-0.001415
-0.001421
-0.001499
-0.001456
-0.001182
-0.000761
-0.000201
0.000289
0.000679
0.000948
0.000992
0.000894
0.000729
0.000566
0.000500
0.000457
0.000323
0.000177
-0.000006
-0.000319
-0.000666
-0.000843
-0.000849
-0.000960
-0.001225
-0.001492
-0.001662
-0.001688
-0.001701
-0.001642
-0.001336
-0.001101
-0.001298
-0.001815
-0.002242
-0.002133
-0.001461
-0.000933
-0.001126
-0.001897
-0.002626
-0.002681
-0.002207
-0.001700
-0.001446
-0.001523
-0.001765
-0.001880
-0.001715
-0.001372
-0.001049
-0.000929
-0.001003
-0.001133
-0.001182
-0.001141
-0.001082
-0.000968
-0.000844
-0.000758
-0.000751
-0.000896
-0.001144
-0.001329
-0.001300
-0.001175
-0.001141
-0.001212
-0.001417
-0.001658
-0.001756
-0.001726
-0.001669
-0.001717
-0.002036
-0.002709
-0.003442
-0.003734
-0.003520
-0.003136
-0.002805
-0.002748
-0.002916
-0.003034
-0.002933
-0.002479
-0.001933
-0.001494
-0.001029
-0.000440
0.000174
0.000622
0.000871
0.000954
0.000952
0.001024
0.001279
0.001732
0.002335
0.002942
0.003385
0.003570
0.003532
0.003464
0.003515
0.003779
0.004204
0.004501
0.004446
0.004046
0.003405
0.002784
0.002534
0.002626
0.002891
0.003135
0.003063
0.002579
0.001932
0.001471
0.001290
0.001205
0.000976
0.000547
0.000112
-0.000114
-0.000218
-0.000307
-0.000433
-0.000684
-0.000944
-0.001061
-0.000887
-0.000493
-0.000191
-0.000066
-0.000127
-0.000328
-0.000557
-0.000789
-0.000887
-0.000883
-0.000891
-0.000860
-0.000855
-0.000874
-0.000707
-0.000341
0.000077
0.000518
0.000923
0.001308
0.001736
0.002087
0.002303
0.002482
0.002706
0.003050
0.003436
0.003699
0.003844
0.003806
0.003564
0.003314
0.003157
0.003121
0.003148
0.003067
0.002815
0.002421
0.001898
0.001269
0.000771
0.000559
0.000496
0.000415
0.000252
0.000126
0.000040
-0.000055
-0.000120
-0.000139
-0.000072
0.000140
0.000475
0.000779
0.000834
0.000587
0.000281
0.000197
0.000260
0.000224
0.000083
-0.000065
-0.000127
-0.000112
-0.000144
-0.000189
-0.000061
0.000231
0.000614
0.001013
0.001251
0.001305
0.001219
0.000961
0.000543
-0.000084
-0.000888
-0.001610
-0.002085
-0.002474
-0.003053
-0.003755
-0.004320
-0.004551
-0.004451
-0.004221
-0.003989
-0.003791
-0.003612
-0.003440
-0.003304
-0.003153
-0.002793
-0.002297
-0.002014
-0.002009
-0.002047
-0.001951
-0.001713
-0.001489
-0.001503
-0.001712
-0.001869
-0.001766
-0.001338
-0.000831
-0.000561
-0.000521
-0.000534
-0.000478
-0.000149
0.000490
0.001154
0.001585
0.001557
0.001017
0.000312
-0.000110
-0.000118
0.000106
0.000413
0.000630
0.000606
0.000443
0.000310
0.000271
0.000405
0.000894
0.001609
0.002175
0.002355
0.002184
0.002136
0.002465
0.002782
0.002543
0.001640
0.000533
-0.000419
-0.001202
-0.001831
-0.002476
-0.003357
-0.004269
-0.004894
-0.005160
-0.005216
-0.005320
-0.005555
-0.005789
-0.005999
-0.006263
-0.006481
-0.006584
-0.006512
-0.006334
-0.006273
-0.006345
-0.006507
-0.006765
-0.007050
-0.007270
-0.007477
-0.007561
-0.007367
-0.007101
-0.007012
-0.006981
-0.006711
-0.006065
-0.005150
-0.004201
-0.003370
-0.002774
-0.002465
-0.002374
-0.002234
-0.001717
-0.000852
-0.000112
0.000166
0.000130
-0.000022
-0.000121
-0.000092
-0.000043
-0.000069
-0.000164
-0.000299
-0.000390
-0.000376
-0.000398
-0.000609
-0.000996
-0.001493
-0.002027
-0.002356
-0.002326
-0.002069
-0.001812
-0.001673
-0.001602
-0.001539
-0.001476
-0.001391
-0.001218
-0.000963
-0.000715
-0.000545
-0.000528
-0.000640
-0.000814
-0.000946
-0.000960
-0.000809
-0.000555
-0.000461
-0.000589
-0.000774
-0.000870
-0.000865
-0.000874
-0.001015
-0.001334
-0.001733
-0.002075
-0.002228
-0.002229
-0.002345
-0.002768
-0.003388
-0.003826
-0.003767
-0.003220
-0.002541
-0.002118
-0.002027
-0.002139
-0.002276
-0.002168
-0.001696
-0.001057
-0.000528
-0.000244
-0.000046
0.000173
0.000368
0.000510
0.000528
0.000553
0.000662
0.000857
0.001127
0.001346
0.001679
0.002173
0.002654
0.003011
0.003235
0.003440
0.003715
0.003920
0.003952
0.003909
0.003779
0.003659
0.003669
0.003699
0.003695
0.003764
0.003861
0.003894
0.003925
0.003898
0.003741
0.003587
0.003486
0.003394
0.003427
0.003491
0.003459
0.003492
0.003587
0.003609
0.003454
0.002998
0.002240
0.001556
0.001308
0.001397
0.001502
0.001343
0.000835
0.000159
-0.000250
-0.000209
0.000035
0.000174
0.000037
-0.000292
-0.000632
-0.000845
-0.000841
-0.000625
-0.000337
-0.000151
-0.000114
-0.000156
-0.000179
-0.000089
0.000154
0.000515
0.000884
0.001117
0.001220
0.001338
0.001499
0.001641
0.001733
0.001753
0.001711
0.001605
0.001455
0.001296
0.001078
0.000747
0.000293
-0.000274
-0.000881
-0.001447
-0.001762
-0.001665
-0.001395
-0.001260
-0.001276
-0.001179
-0.000798
-0.000302
0.000107
0.000400
0.000630
0.000883
0.001190
0.001559
0.001916
0.002151
0.002285
0.002370
0.002482
0.002649
0.002866
0.003052
0.003119
0.003023
0.002646
0.002137
0.001783
0.001557
0.001272
0.000871
0.000523
0.000391
0.000468
0.000634
0.000726
0.000683
0.000581
0.000527
0.000522
0.000487
0.000313
-0.000067
-0.000489
-0.000782
-0.000867
-0.000785
-0.000723
-0.000782
-0.000937
-0.001139
-0.001383
-0.001692
-0.002033
-0.002389
-0.002661
-0.002720
-0.002734
-0.002828
-0.002953
-0.003012
-0.002954
-0.002885
-0.002922
-0.003026
-0.003132
-0.003211
-0.003334
-0.003499
-0.003692
-0.003834
-0.003755
-0.003405
-0.002844
-0.002233
-0.001702
-0.001359
-0.001186
-0.001042
-0.000953
-0.000892
-0.000689
-0.000344
0.000108
0.000758
0.001486
0.002049
0.002390
0.002572
0.002787
0.003204
0.003719
0.004164
0.004491
0.004627
0.004444
0.003987
0.003559
0.003352
0.003302
0.003263
0.003167
0.003068
0.002907
0.002660
0.002365
0.001955
0.001509
0.001162
0.000943
0.000807
0.000715
0.000697
0.000727
0.000774
0.000916
0.001169
0.001387
0.001429
0.001305
0.001169
0.001208
0.001496
0.001852
0.002056
0.002097
0.001997
0.001901
0.001879
0.001751
0.001465
0.001074
0.000607
0.000066
-0.000405
-0.000591
-0.000545
-0.000424
-0.000315
-0.000273
-0.000335
-0.000461
-0.000603
-0.000680
-0.000672
-0.000675
-0.000645
-0.000618
-0.000590
-0.000489
-0.000252
0.000147
0.000670
0.001351
0.002072
0.002660
0.002968
0.003052
0.003136
0.003344
0.003754
0.004244
0.004744
0.005212
0.005449
0.005262
0.004681
0.004182
0.004041
0.004138
0.004316
0.004348
0.004128
0.003870
0.003649
0.003443
0.003357
0.003325
0.003313
0.003274
0.003072
0.002822
0.002581
0.002314
0.002159
0.002112
0.002088
0.002125
0.002178
0.002170
0.002147
0.001982
0.001607
0.001322
0.001209
0.001065
0.000814
0.000486
0.000232
0.000174
0.000233
0.000277
0.000279
0.000285
0.000195
0.000018
-0.000083
-0.000084
0.000051
0.000223
0.000276
0.000257
0.000209
0.000137
0.000094
0.000052
-0.000004
-0.000018
0.000013
0.000067
0.000101
0.000104
0.000063
-0.000035
-0.000110
-0.000107
-0.000066
-0.000138
-0.000438
-0.000794
-0.001058
-0.001154
-0.001038
-0.000828
-0.000548
-0.000161
0.000233
0.000490
0.000559
0.000444
0.000256
0.000124
0.000079
0.000100
0.000074
-0.000036
-0.000178
-0.000214
0.000074
0.000641
0.001180
0.001427
0.001324
0.001094
0.000943
0.000917
0.001018
0.001171
0.001255
0.001238
0.001193
0.001123
0.001063
0.001092
0.001177
0.001312
0.001544
0.001934
0.002512
0.003127
0.003510
0.003603
0.003570
0.003532
0.003552
0.003606
0.003646
0.003665
0.003580
0.003223
0.002557
0.001838
0.001358
0.001160
0.001075
0.000819
0.000223
-0.000493
-0.000986
-0.001166
-0.001134
-0.001019
-0.000957
-0.000963
-0.000953
-0.000962
-0.001058
-0.001290
-0.001587
-0.001865
-0.002170
-0.002473
-0.002719
-0.002862
-0.002913
-0.002938
-0.002922
-0.002909
-0.002877
-0.002706
-0.002491
-0.002369
-0.002367
-0.002401
-0.002400
-0.002429
-0.002532
-0.002610
-0.002607
-0.002500
-0.002273
-0.002111
-0.002098
-0.002193
-0.002298
-0.002239
-0.002019
-0.001732
-0.001457
-0.001279
-0.001182
-0.001082
-0.000896
-0.000644
-0.000522
-0.000602
-0.000761
-0.000852
-0.000842
-0.000747
-0.000578
-0.000434
-0.000331
-0.000305
-0.000360
-0.000426
-0.000497
-0.000479
-0.000300
0.000098
0.000603
0.000934
0.001019
0.000921
0.000849
0.001029
0.001348
0.001492
0.001318
0.000944
0.000474
-0.000027
-0.000402
-0.000564
-0.000555
-0.000464
-0.000380
-0.000370
-0.000403
-0.000403
-0.000377
-0.000394
-0.000449
-0.000531
-0.000670
-0.000813
-0.000941
-0.001001
-0.000936
-0.000870
-0.000881
-0.000941
-0.001014
-0.001075
-0.001128
-0.001151
-0.001165
-0.001180
-0.001156
-0.001148
-0.001119
-0.001044
-0.001015
-0.000994
-0.000953
-0.000960
-0.000963
-0.000948
-0.000971
-0.001125
-0.001484
-0.001915
-0.002269
-0.002429
-0.002411
-0.002324
-0.002273
-0.002282
-0.002315
-0.002474
-0.002760
-0.003057
-0.003289
-0.003464
-0.003601
-0.003656
-0.003610
-0.003449
-0.003217
-0.002983
-0.002720
-0.002410
-0.002044
-0.001637
-0.001291
-0.001072
-0.000921
-0.000753
-0.000542
-0.000342
-0.000174
0.000002
0.000156
0.000206
0.000081
-0.000116
-0.000221
-0.000225
-0.000204
-0.000220
-0.000294
-0.000428
-0.000567
-0.000601
-0.000412
-0.000020
0.000392
0.000590
0.000519
0.000355
0.000247
0.000253
0.000323
0.000390
0.000410
0.000321
0.000088
-0.000277
-0.000600
-0.000706
-0.000606
-0.000440
-0.000414
-0.000648
-0.001072
-0.001478
-0.001670
-0.001645
-0.001569
-0.001542
-0.001581
-0.001690
-0.001767
-0.001696
-0.001444
-0.001101
-0.000825
-0.000706
-0.000717
-0.000776
-0.000769
-0.000638
-0.000399
-0.000081
0.000195
0.000324
0.000323
0.000249
0.000182
0.000166
0.000171
0.000173
0.000202
0.000262
0.000362
0.000533
0.000761
0.001006
0.001212
0.001323
0.001382
0.001505
0.001705
0.001933
0.002206
0.002505
0.002720
0.002789
0.002742
0.002652
0.002595
0.002585
0.002606
0.002664
0.002719
0.002700
0.002570
0.002342
0.002120
0.002008
0.001987
0.001985
0.001961
0.001880
0.001774
0.001710
0.001705
0.001735
0.001768
0.001780
0.001777
0.001761
0.001728
0.001678
0.001613
0.001542
0.001475
0.001433
0.001370
0.001245
0.001077
0.000877
0.000688
0.000528
0.000371
0.000216
0.000113
0.000121
0.000235
0.000377
0.000454
0.000453
0.000424
0.000433
0.000530
0.000686
0.000808
0.000852
0.000850
0.000852
0.000879
0.000936
0.000996
0.001018
0.001008
0.000973
0.000935
0.000913
0.000892
0.000850
0.000741
0.000547
0.000317
0.000127
0.000024
-0.000010
-0.000023
-0.000061
-0.000152
-0.000289
-0.000427
-0.000478
-0.000389
-0.000222
-0.000089
-0.000056
-0.000097
-0.000146
-0.000159
-0.000137
-0.000101
-0.000063
-0.000036
-0.000038
-0.000095
-0.000200
-0.000313
-0.000391
-0.000411
-0.000392
-0.000346
-0.000301
-0.000266
-0.000203
-0.000108
-0.000011
0.000047
0.000054
0.000032
0.000004
-0.000002
-0.000004
-0.000023
-0.000058
-0.000122
-0.000198
-0.000259
-0.000297
-0.000303
-0.000293
-0.000286
-0.000284
-0.000288
-0.000300
-0.000322
-0.000346
-0.000363
-0.000373
-0.000371
-0.000363
-0.000359
-0.000355
-0.000347
-0.000332
-0.000307
-0.000287
-0.000271
-0.000258
-0.000248
-0.000241
-0.000230
-0.000209
-0.000184
-0.000159
-0.000139
-0.000122
-0.000122
-0.000151
-0.000191
-0.000228
-0.000255
-0.000268
-0.000273
-0.000270
-0.000272
-0.000286
-0.000301
-0.000311
-0.000311
-0.000306
-0.000299
-0.000288
-0.000285
-0.000285
-0.000287
-0.000288
-0.000283
-0.000275
-0.000265
-0.000257
-0.000253
-0.000252
-0.000252
-0.000247
-0.000227
-0.000184
-0.000134
-0.000108
-0.000123
-0.000166
-0.000198
-0.000198
-0.000183
-0.000167
-0.000161
-0.000165
-0.000170
-0.000172
-0.000168
-0.000165
-0.000162
-0.000160
-0.000161
-0.000162
-0.000164
-0.000165
-0.000168
-0.000171
-0.000166
-0.000165
-0.000164
-0.000156
-0.000151
-0.000152
-0.000153
-0.000154
-0.000152
-0.000147
-0.000139
-0.000132
-0.000127
-0.000126
-0.000127
-0.000127
-0.000125
-0.000119
-0.000113
-0.000107
-0.000104
-0.000104
-0.000105
-0.000104
-0.000104
-0.000104
-0.000101
-0.000101
-0.000102
-0.000100
-0.000100
-0.000100
-0.000100
-0.000099
-0.000099
-0.000100
-0.000098
-0.000091
-0.000084
-0.000080
-0.000078
-0.000084
-0.000092
-0.000099
-0.000103
-0.000105
-0.000105
-0.000104
-0.000105
-0.000111
-0.000117
-0.000119
-0.000118
-0.000113
-0.000105
-0.000100
-0.000097
-0.000094
-0.000092
-0.000089
-0.000087
-0.000085
-0.000082
-0.000079
-0.000077
-0.000074
-0.000073
-0.000071
-0.000069
-0.000068
-0.000065
-0.000061
-0.000056
-0.000051
-0.000050
-0.000049
-0.000049
-0.000047
-0.000044
-0.000042
-0.000042
-0.000044
-0.000044
-0.000043
-0.000041
-0.000040
-0.000039
-0.000038
-0.000038
-0.000037
-0.000036
-0.000036
-0.000036
-0.000036
-0.000035
-0.000034
-0.000034
-0.000033
-0.000032
-0.000031
-0.000029
-0.000028
-0.000027
-0.000025
-0.000024
-0.000023
-0.000022
-0.000020
-0.000019
-0.000018
-0.000017
-0.000015
-0.000014
-0.000013
-0.000012
-0.000011
-0.000010
-0.000009
-0.000008
-0.000007
-0.000006
-0.000005
-0.000005
-0.000004
-0.000003
-0.000002
-0.000002
-0.000001
-0.000000
0.000000
0.000001
0.000002
0.000002
0.000003
0.000004
0.000004
0.000005
0.000005
0.000006
0.000006
0.000007
0.000007
0.000008
0.000008
0.000008
0.000009
0.000009
0.000010
0.000010
0.000010
0.000011
0.000011
0.000011
0.000012
0.000012
0.000012
0.000012
0.000013
0.000013
0.000013
0.000013
0.000013
0.000013
