-0.000003
-0.000003
-0.000003
-0.000002
-0.000002
-0.000000
0.000001
0.000004
0.000006
0.000010
0.000016
0.000026
0.000038
0.000051
0.000063
0.000069
0.000061
0.000040
0.000007
-0.000029
-0.000060
-0.000083
-0.000105
-0.000134
-0.000163
-0.000191
-0.000199
-0.000169
-0.000075
0.000073
0.000245
0.000400
0.000510
0.000561
0.000546
0.000471
0.000353
0.000207
0.000074
0.000006
0.000021
0.000101
0.000197
0.000265
0.000271
0.000211
0.000110
0.000042
0.000078
0.000248
0.000553
0.000920
0.001216
0.001353
0.001282
0.001077
0.000846
0.000693
0.000607
0.000472
0.000230
-0.000070
-0.000295
-0.000312
-0.000043
0.000483
0.001116
0.001636
0.001879
0.001797
0.001489
0.001085
0.000658
0.000113
-0.000711
-0.001776
-0.002843
-0.003574
-0.003717
-0.003039
-0.001867
-0.000754
-0.000034
0.000245
0.000333
0.000449
0.000788
0.001238
0.001624
0.001897
0.002208
0.002736
0.003445
0.004040
0.004293
0.004096
0.003316
0.002077
0.000568
-0.000655
-0.001113
-0.000745
0.000129
0.001169
0.002200
0.003298
0.004528
0.005710
0.006388
0.006219
0.004925
0.002381
-0.000884
-0.004009
-0.006186
-0.007031
-0.006638
-0.005544
-0.004272
-0.003174
-0.002433
-0.002196
-0.002280
-0.002355
-0.002317
-0.002100
-0.001572
-0.000584
0.000965
0.003015
0.005246
0.007263
0.008807
0.009314
0.008385
0.006260
0.003818
0.001949
0.000898
0.000326
-0.000488
-0.001949
-0.003284
-0.003436
-0.002127
0.000322
0.003505
0.007304
0.011710
0.016403
0.020542
0.023292
0.024161
0.023336
0.021798
0.019789
0.016732
0.012829
0.008706
0.004501
0.000936
-0.001437
-0.004254
-0.007325
-0.009514
-0.011055
-0.013349
-0.017428
-0.022508
-0.026599
-0.028728
-0.029153
-0.028735
-0.027724
-0.025634
-0.022009
-0.016957
-0.011075
-0.005080
0.000273
0.005230
0.009064
0.009862
0.007516
0.004578
0.003462
0.004940
0.008355
0.012540
0.017239
0.022437
0.027921
0.032582
0.035227
0.034770
0.030844
0.023943
0.015893
0.008956
0.004827
0.002647
0.000070
-0.005025
-0.013137
-0.022510
-0.030749
-0.035572
-0.036304
-0.034064
-0.030053
-0.025253
-0.020437
-0.015590
-0.010138
-0.003918
0.001736
0.005147
0.005477
0.002240
-0.003732
-0.011168
-0.019666
-0.028113
-0.035473
-0.040377
-0.041921
-0.040827
-0.038318
-0.035727
-0.033582
-0.031651
-0.029398
-0.026325
-0.022662
-0.018921
-0.015712
-0.013350
-0.011824
-0.009975
-0.006604
-0.001796
0.003895
0.008761
0.010674
0.008428
0.002732
-0.003659
-0.008231
-0.010228
-0.010161
-0.008818
-0.006546
-0.002950
0.002283
0.008516
0.013745
0.015991
0.014471
0.009676
0.003074
-0.003810
-0.009745
-0.015403
-0.021782
-0.028382
-0.034212
-0.038260
-0.040416
-0.042004
-0.044253
-0.047557
-0.050282
-0.051624
-0.051125
-0.048208
-0.042939
-0.034864
-0.024977
-0.015067
-0.005896
0.002746
0.011115
0.018604
0.024207
0.027044
0.026979
0.025283
0.024235
0.025026
0.027554
0.031033
0.034159
0.035536
0.033711
0.028730
0.022233
0.016386
0.013288
0.013030
0.014313
0.014766
0.012286
0.005606
-0.004913
-0.017191
-0.028916
-0.038935
-0.047174
-0.054251
-0.060142
-0.063230
-0.062044
-0.055571
-0.043079
-0.023682
0.002146
0.030355
0.055516
0.073484
0.083159
0.085690
0.083350
0.077801
0.070162
0.060465
0.047939
0.031870
0.012839
-0.006358
-0.023248
-0.036066
-0.044211
-0.049235
-0.051469
-0.051622
-0.051696
-0.050977
-0.048266
-0.043023
-0.035013
-0.024486
-0.011960
0.001751
0.015485
0.028374
0.039944
0.049767
0.057696
0.063164
0.066528
0.068867
0.070856
0.072313
0.072399
0.070399
0.065832
0.059153
0.050889
0.041081
0.030277
0.019453
0.009109
-0.002409
-0.016753
-0.033518
-0.050169
-0.063939
-0.073901
-0.080268
-0.084201
-0.086517
-0.086966
-0.085106
-0.080493
-0.072939
-0.062820
-0.050508
-0.036409
-0.021449
-0.006548
0.007425
0.020087
0.031665
0.042608
0.052895
0.062104
0.069938
0.075745
0.079231
0.080576
0.080539
0.078390
0.071656
0.059235
0.042021
0.021367
0.000436
-0.016918
-0.029867
-0.040738
-0.051850
-0.063850
-0.075763
-0.086476
-0.095085
-0.101142
-0.104993
-0.107283
-0.109078
-0.111075
-0.113767
-0.117613
-0.122512
-0.127694
-0.132921
-0.137678
-0.141849
-0.143898
-0.142026
-0.136599
-0.128470
-0.118145
-0.107028
-0.097520
-0.090757
-0.085838
-0.081623
-0.077884
-0.074301
-0.070302
-0.065666
-0.059893
-0.052331
-0.043059
-0.032719
-0.021706
-0.010299
0.003170
0.016272
0.025487
0.031104
0.032400
0.031754
0.034186
0.040767
0.048344
0.054588
0.059108
0.062624
0.066142
0.070127
0.074806
0.080113
0.085669
0.091054
0.095910
0.099877
0.102805
0.105039
0.106912
0.108284
0.108523
0.107268
0.104408
0.099938
0.093409
0.084901
0.075864
0.067492
0.061112
0.056538
0.054178
0.054531
0.056042
0.057320
0.056858
0.052543
0.043978
0.033374
0.023768
0.016792
0.012172
0.009737
0.010094
0.014374
0.023242
0.036258
0.052927
0.072726
0.093519
0.112461
0.128487
0.141856
0.154105
0.165780
0.176916
0.187420
0.197380
0.207172
0.217101
0.226622
0.235608
0.244017
0.251258
0.257912
0.265734
0.275780
0.286704
0.296030
0.302410
0.306766
0.309889
0.311513
0.313897
0.315737
0.316617
0.317729
0.318022
0.314921
0.308660
0.299137
0.285753
0.269767
0.253266
0.237075
0.221245
0.206261
0.192148
0.178868
0.166682
0.156097
0.146983
0.138855
0.130729
0.121662
0.111148
0.098740
0.084722
0.070200
0.055898
0.040335
0.022735
0.004222
-0.012983
-0.027272
-0.038511
-0.048695
-0.059455
-0.069506
-0.079779
-0.090812
-0.102726
-0.114946
-0.128659
-0.145278
-0.166698
-0.192495
-0.219493
-0.244434
-0.266567
-0.287172
-0.304896
-0.319795
-0.332548
-0.344516
-0.356493
-0.368068
-0.378850
-0.389023
-0.398905
-0.408428
-0.417695
-0.426085
-0.433641
-0.441122
-0.447942
-0.451860
-0.452087
-0.450418
-0.450019
-0.449504
-0.446103
-0.437958
-0.422616
-0.398535
-0.363961
-0.319320
-0.263513
-0.199443
-0.133603
-0.073825
-0.019986
0.028788
0.066696
0.088264
0.093452
0.087751
0.077166
0.064953
0.051862
0.038656
0.026017
0.015388
0.007540
0.002964
0.001803
0.004284
0.010320
0.019236
0.029793
0.040082
0.047833
0.052158
0.052797
0.051009
0.047817
0.043206
0.037770
0.033039
0.030083
0.029304
0.031182
0.035002
0.039477
0.044093
0.048556
0.053008
0.056965
0.060417
0.063757
0.066812
0.068799
0.069438
0.069309
0.067897
0.065148
0.059865
0.052063
0.042158
0.029342
0.014593
-0.002153
-0.022562
-0.045098
-0.066118
-0.085102
-0.102049
-0.117341
-0.131295
-0.143538
-0.152881
-0.158322
-0.159765
-0.157830
-0.153159
-0.146506
-0.138110
-0.128777
-0.118560
-0.106963
-0.093532
-0.077129
-0.057382
-0.034038
-0.007884
0.017911
0.039527
0.054509
0.063379
0.068328
0.071987
0.075588
0.079311
0.082579
0.084826
0.085893
0.085851
0.085262
0.084531
0.084030
0.083860
0.083629
0.082604
0.079841
0.074697
0.067271
0.058484
0.050153
0.044064
0.041510
0.042687
0.046853
0.052319
0.057282
0.060758
0.062444
0.062421
0.061242
0.059902
0.059309
0.059982
0.061726
0.064069
0.066836
0.070108
0.073891
0.077695
0.080930
0.083148
0.084167
0.084221
0.083801
0.083313
0.082977
0.082905
0.082901
0.082727
0.081985
0.080214
0.077205
0.072953
0.067717
0.061518
0.054476
0.046555
0.037711
0.028248
0.019150
0.011520
0.005824
0.002067
-0.000096
-0.001132
-0.001594
-0.001810
-0.001814
-0.001439
-0.000478
0.000874
0.002555
0.004651
0.007174
0.009983
0.012906
0.015867
0.018797
0.021637
0.024169
0.026173
0.027340
0.027579
0.027028
0.025917
0.024269
0.022228
0.019717
0.017065
0.014499
0.012130
0.009783
0.007252
0.004466
0.001569
-0.001571
-0.005257
-0.009763
-0.015086
-0.021281
-0.028187
-0.035466
-0.042981
-0.050702
-0.058636
-0.066712
-0.074562
-0.082071
-0.089169
-0.095885
-0.101979
-0.107144
-0.111314
-0.114896
-0.118373
-0.121539
-0.123727
-0.124865
-0.125029
-0.124195
-0.122573
-0.121017
-0.119818
-0.118512
-0.116520
-0.113597
-0.109025
-0.102557
-0.093423
-0.081078
-0.066204
-0.049629
-0.032777
-0.016792
-0.002301
0.010514
0.021705
0.031974
0.041782
0.051256
0.060219
0.068296
0.075404
0.081621
0.087005
0.091706
0.096077
0.100146
0.104026
0.107534
0.110588
0.112526
0.112953
0.111800
0.109152
0.105258
0.099704
0.090142
0.075630
0.057839
0.039197
0.022325
0.008187
-0.003749
-0.014148
-0.023398
-0.031830
-0.039128
-0.044786
-0.048351
-0.049725
-0.049231
-0.047546
-0.045366
-0.043161
-0.041078
-0.039275
-0.037809
-0.036684
-0.035879
-0.035458
-0.035440
-0.035722
-0.035933
-0.035650
-0.034744
-0.033316
-0.031443
-0.028810
-0.025085
-0.020074
-0.014146
-0.007901
-0.002149
0.002264
0.004837
0.005885
0.005733
0.004770
0.003162
0.001173
-0.000703
-0.001687
-0.001455
-0.000170
0.001703
0.003749
0.005681
0.007012
0.007325
0.006630
0.005153
0.003025
0.000207
-0.003460
-0.007651
-0.011655
-0.014878
-0.017091
-0.018564
-0.019720
-0.021039
-0.023046
-0.026034
-0.030016
-0.034816
-0.040232
-0.045876
-0.051261
-0.056112
-0.060292
-0.063774
-0.066689
-0.069255
-0.071411
-0.073058
-0.074079
-0.074776
-0.075333
-0.075608
-0.075414
-0.074823
-0.073873
-0.072184
-0.069541
-0.066039
-0.061342
-0.055590
-0.048969
-0.041890
-0.034962
-0.028549
-0.022545
-0.016721
-0.010857
-0.004720
0.001795
0.008861
0.016682
0.025416
0.034794
0.044486
0.054137
0.063104
0.070757
0.076960
0.082024
0.086198
0.089810
0.093191
0.096542
0.099880
0.103154
0.106168
0.108699
0.110592
0.111833
0.112536
0.112913
0.113176
0.113283
0.113015
0.112041
0.110087
0.107137
0.103064
0.097788
0.091270
0.083154
0.073454
0.062773
0.051620
0.040744
0.030956
0.022626
0.015577
0.009262
0.003049
-0.003477
-0.010378
-0.017544
-0.024510
-0.030692
-0.035945
-0.039929
-0.042506
-0.043744
-0.043502
-0.041757
-0.038397
-0.033389
-0.027124
-0.019978
-0.012373
-0.004882
0.002116
0.008669
0.015021
0.021414
0.027892
0.034282
0.040057
0.044912
0.048759
0.051623
0.053594
0.054754
0.055407
0.055926
0.056184
0.055634
0.053862
0.050380
0.044831
0.036987
0.026932
0.014900
0.002094
-0.010327
-0.021907
-0.032246
-0.041378
-0.049463
-0.056756
-0.063618
-0.070254
-0.076476
-0.082339
-0.087918
-0.093503
-0.099318
-0.105430
-0.111556
-0.117170
-0.121882
-0.125681
-0.128644
-0.130686
-0.131653
-0.131603
-0.130708
-0.128948
-0.126007
-0.121609
-0.115417
-0.106991
-0.096107
-0.082732
-0.067489
-0.051976
-0.038074
-0.026811
-0.018054
-0.010876
-0.003887
0.003552
0.011201
0.018566
0.025169
0.031114
0.036465
0.041266
0.045539
0.049319
0.052434
0.054786
0.056099
0.056055
0.054532
0.051536
0.047503
0.042483
0.036131
0.028460
0.020346
0.012858
0.006534
0.001702
-0.001882
-0.004781
-0.007432
-0.010076
-0.012870
-0.015731
-0.018445
-0.020857
-0.022845
-0.024363
-0.025251
-0.025393
-0.024785
-0.023223
-0.020550
-0.016573
-0.011429
-0.005656
0.000069
0.005375
0.010346
0.015375
0.020940
0.027069
0.033586
0.040205
0.046478
0.051838
0.055876
0.058255
0.058941
0.058252
0.056264
0.053003
0.048638
0.043424
0.037717
0.032133
0.026990
0.022151
0.017850
0.014210
0.011177
0.008670
0.006748
0.005598
0.004981
0.004485
0.003938
0.003521
0.003487
0.003992
0.004869
0.005959
0.007079
0.008300
0.009647
0.011058
0.012617
0.014401
0.016144
0.017884
0.019948
0.022509
0.025397
0.028353
0.031127
0.033535
0.035376
0.036532
0.037059
0.037098
0.036804
0.036305
0.035651
0.034821
0.033818
0.032474
0.030936
0.029398
0.027742
0.025728
0.023177
0.020134
0.016457
0.012159
0.007564
0.003062
-0.000981
-0.004600
-0.007842
-0.010687
-0.013060
-0.014715
-0.015704
-0.016226
-0.016600
-0.017017
-0.017495
-0.017993
-0.018444
-0.018870
-0.019324
-0.019697
-0.019727
-0.019187
-0.017634
-0.014705
-0.010428
-0.005230
0.000287
0.005580
0.010438
0.014945
0.019272
0.023482
0.027525
0.031192
0.034172
0.036219
0.037449
0.037993
0.037975
0.037614
0.037011
0.036277
0.035480
0.034618
0.033420
0.031493
0.028513
0.024531
0.019850
0.014813
0.009761
0.004997
0.000712
-0.002881
-0.005554
-0.007129
-0.007794
-0.007719
-0.007081
-0.006284
-0.005457
-0.004568
-0.003647
-0.002924
-0.002405
-0.001831
-0.000888
0.000637
0.002576
0.004671
0.006807
0.008954
0.011072
0.013086
0.014828
0.016281
0.017521
0.018510
0.019147
0.019408
0.019252
0.018603
0.017169
0.014607
0.010648
0.005242
-0.001298
-0.008373
-0.015335
-0.021698
-0.027121
-0.031420
-0.034416
-0.036331
-0.037405
-0.037836
-0.037768
-0.037328
-0.036482
-0.035296
-0.033811
-0.032037
-0.029970
-0.027794
-0.025754
-0.024123
-0.023002
-0.022298
-0.021827
-0.021656
-0.021632
-0.021586
-0.021612
-0.022015
-0.023036
-0.024409
-0.025702
-0.026814
-0.027839
-0.028813
-0.029532
-0.029859
-0.029969
-0.029935
-0.029598
-0.028730
-0.027209
-0.025200
-0.022865
-0.020140
-0.016948
-0.013497
-0.010092
-0.006871
-0.003848
-0.000999
0.001579
0.003783
0.005492
0.006615
0.007010
0.006625
0.005476
0.003653
0.001163
-0.001778
-0.004969
-0.008086
-0.010950
-0.013562
-0.015955
-0.018142
-0.020177
-0.022120
-0.023995
-0.025840
-0.027727
-0.029658
-0.031560
-0.033352
-0.035094
-0.036887
-0.038678
-0.040328
-0.041668
-0.042305
-0.042084
-0.041194
-0.039657
-0.037476
-0.034613
-0.030864
-0.025735
-0.019392
-0.012413
-0.004979
0.002742
0.010346
0.017538
0.024036
0.029901
0.035345
0.040368
0.044815
0.048184
0.050462
0.051855
0.052530
0.052377
0.051278
0.049325
0.046709
0.043654
0.040103
0.036285
0.032563
0.029105
0.026012
0.023503
0.021743
0.020760
0.020466
0.020569
0.020917
0.021244
0.021295
0.021146
0.021032
0.021065
0.021187
0.021281
0.021155
0.020710
0.020143
0.019772
0.019746
0.020162
0.021069
0.022351
0.023861
0.025413
0.026868
0.028127
0.029103
0.029630
0.029478
0.028353
0.026027
0.022507
0.018024
0.012827
0.007189
0.001444
-0.004264
-0.009766
-0.014877
-0.019521
-0.023621
-0.027239
-0.030353
-0.032781
-0.034259
-0.034627
-0.033739
-0.031599
-0.028252
-0.023772
-0.018440
-0.012588
-0.006851
-0.001863
0.002066
0.004944
0.006986
0.008420
0.009425
0.010167
0.010786
0.011420
0.012065
0.012648
0.013022
0.013055
0.012578
0.011640
0.010228
0.008477
0.006659
0.005049
0.003745
0.002743
0.002169
0.002151
0.002565
0.003185
0.003794
0.004198
0.004206
0.003807
0.002946
0.001593
-0.000101
-0.001873
-0.003522
-0.004894
-0.005919
-0.006560
-0.006873
-0.006912
-0.006732
-0.006437
-0.005973
-0.005546
-0.005502
-0.006095
-0.007283
-0.008837
-0.010495
-0.012174
-0.013574
-0.014411
-0.014783
-0.014910
-0.014911
-0.014888
-0.014793
-0.014268
-0.012966
-0.010623
-0.007270
-0.003368
0.000568
0.004092
0.007000
0.009367
0.011339
0.012913
0.013959
0.014286
0.013928
0.013280
0.012458
0.011295
0.009951
0.008398
0.006564
0.004529
0.002474
0.000644
-0.000702
-0.001475
-0.001747
-0.001648
-0.001517
-0.001351
-0.001007
-0.000119
0.001518
0.003691
0.005998
0.008077
0.009626
0.010467
0.010600
0.010106
0.009140
0.007546
0.005082
0.001781
-0.002025
-0.005971
-0.009631
-0.012750
-0.015374
-0.017412
-0.018697
-0.019012
-0.018326
-0.016883
-0.014897
-0.012585
-0.010108
-0.007708
-0.005537
-0.003590
-0.001874
-0.000317
0.001162
0.002755
0.004314
0.005647
0.006924
0.008237
0.009310
0.010045
0.010494
0.010656
0.010585
0.010301
0.009860
0.009253
0.008346
0.007089
0.005712
0.004336
0.002896
0.001273
-0.000643
-0.002863
-0.005400
-0.008198
-0.011165
-0.014133
-0.016868
-0.019296
-0.021459
-0.023302
-0.024681
-0.025451
-0.025609
-0.025216
-0.024320
-0.022899
-0.021006
-0.018638
-0.015776
-0.012482
-0.008761
-0.004631
-0.000242
0.004085
0.007931
0.010927
0.013016
0.014432
0.015511
0.016463
0.017442
0.018343
0.018984
0.019482
0.019850
0.019927
0.019820
0.019821
0.019854
0.019879
0.020007
0.020323
0.020812
0.021339
0.021809
0.022341
0.022693
0.022370
0.021294
0.019677
0.017727
0.015544
0.013045
0.010201
0.007181
0.004213
0.001216
-0.001989
-0.005379
-0.008891
-0.012379
-0.015594
-0.018514
-0.021053
-0.023016
-0.024392
-0.025283
-0.025736
-0.025845
-0.025806
-0.025761
-0.025773
-0.025918
-0.026246
-0.026738
-0.027248
-0.027684
-0.027923
-0.027890
-0.027346
-0.026096
-0.024234
-0.021934
-0.019209
-0.016058
-0.012586
-0.008786
-0.004717
-0.000278
0.004550
0.009768
0.015151
0.020392
0.025412
0.030121
0.034414
0.038084
0.040958
0.043091
0.044694
0.045774
0.046342
0.046463
0.046337
0.046066
0.045545
0.044683
0.043496
0.042017
0.040227
0.038004
0.035259
0.031955
0.028187
0.024141
0.019992
0.015843
0.011863
0.007965
0.004055
0.000196
-0.003345
-0.006255
-0.008455
-0.010055
-0.011215
-0.011894
-0.012019
-0.011664
-0.011058
-0.010338
-0.009486
-0.008608
-0.007803
-0.007204
-0.006861
-0.006815
-0.007148
-0.007826
-0.008734
-0.009795
-0.010951
-0.012244
-0.013683
-0.015305
-0.017251
-0.019539
-0.022088
-0.024693
-0.027259
-0.029723
-0.031999
-0.034193
-0.036181
-0.037789
-0.038974
-0.039877
-0.040614
-0.041090
-0.041168
-0.040703
-0.039703
-0.038219
-0.036119
-0.033322
-0.029755
-0.025582
-0.021024
-0.016309
-0.011651
-0.007068
-0.002556
0.001738
0.005822
0.009752
0.013390
0.016529
0.019099
0.021079
0.022580
0.023537
0.023805
0.023437
0.022581
0.021374
0.019832
0.017886
0.015496
0.012697
0.009631
0.006453
0.003208
-0.000094
-0.003470
-0.007039
-0.010809
-0.014690
-0.018450
-0.021964
-0.025252
-0.028338
-0.031199
-0.033832
-0.036171
-0.038040
-0.039322
-0.039960
-0.039977
-0.039324
-0.037972
-0.035999
-0.033486
-0.030394
-0.026756
-0.022702
-0.018298
-0.013576
-0.008684
-0.003858
0.000887
0.005649
0.010464
0.015235
0.019781
0.023996
0.027790
0.031128
0.034092
0.036823
0.039213
0.041086
0.042467
0.043284
0.043432
0.042858
0.041591
0.039793
0.037589
0.035031
0.032304
0.029608
0.027003
0.024546
0.022214
0.019983
0.017784
0.015400
0.012811
0.010224
0.007970
0.006210
0.004741
0.003300
0.001688
-0.000155
-0.002162
-0.004023
-0.005679
-0.007218
-0.008637
-0.009892
-0.010791
-0.011326
-0.011572
-0.011461
-0.010896
-0.009671
-0.007825
-0.005616
-0.003140
-0.000362
0.002666
0.005803
0.008911
0.011963
0.014980
0.017903
0.020485
0.022693
0.024792
0.027141
0.029620
0.031963
0.034036
0.035781
0.037117
0.037932
0.038235
0.038074
0.037640
0.036986
0.035830
0.033928
0.031177
0.027571
0.023151
0.018127
0.012804
0.007487
0.002394
-0.002347
-0.006670
-0.010649
-0.014477
-0.018180
-0.021747
-0.025171
-0.028375
-0.031304
-0.033878
-0.036111
-0.037959
-0.039352
-0.040237
-0.040617
-0.040527
-0.040055
-0.039363
-0.038579
-0.037752
-0.036653
-0.034934
-0.032589
-0.029890
-0.027165
-0.024602
-0.022386
-0.020475
-0.018738
-0.017025
-0.015231
-0.013350
-0.011457
-0.009595
-0.007845
-0.006239
-0.004675
-0.003053
-0.001333
0.000447
0.002282
0.004302
0.006645
0.009336
0.012089
0.014721
0.017065
0.019012
0.020703
0.022373
0.024215
0.026124
0.027875
0.029314
0.030439
0.031276
0.031926
0.032477
0.032987
0.033402
0.033628
0.033558
0.033162
0.032444
0.031289
0.029658
0.027603
0.025133
0.022238
0.018968
0.015480
0.011864
0.008259
0.004856
0.001619
-0.001654
-0.005114
-0.008720
-0.012357
-0.015909
-0.019269
-0.022395
-0.025199
-0.027621
-0.029672
-0.031394
-0.032741
-0.033760
-0.034500
-0.035063
-0.035441
-0.035529
-0.035332
-0.034760
-0.033617
-0.031865
-0.029590
-0.026855
-0.023881
-0.020908
-0.018126
-0.015640
-0.013462
-0.011702
-0.010402
-0.009439
-0.008598
-0.007728
-0.006749
-0.005709
-0.004581
-0.003419
-0.002314
-0.001355
-0.000613
-0.000093
0.000258
0.000433
0.000405
0.000294
0.000260
0.000501
0.000856
0.001018
0.000753
0.000041
-0.000967
-0.002008
-0.002922
-0.003613
-0.003969
-0.004013
-0.003864
-0.003663
-0.003368
-0.002994
-0.002602
-0.002333
-0.002226
-0.002057
-0.001534
-0.000521
0.000911
0.002626
0.004276
0.005547
0.006284
0.006650
0.006925
0.007324
0.007892
0.008535
0.009113
0.009555
0.009855
0.010101
0.010502
0.011222
0.012276
0.013512
0.014730
0.015794
0.016659
0.017227
0.017449
0.017360
0.017058
0.016563
0.015814
0.014710
0.013214
0.011400
0.009346
0.007107
0.004763
0.002429
0.000200
-0.001913
-0.004009
-0.006241
-0.008415
-0.010472
-0.012597
-0.014862
-0.017208
-0.019585
-0.021857
-0.023805
-0.025369
-0.026545
-0.027223
-0.027387
-0.027182
-0.026765
-0.026215
-0.025484
-0.024552
-0.023316
-0.021868
-0.020285
-0.018549
-0.016559
-0.014277
-0.011758
-0.009173
-0.006750
-0.004557
-0.002608
-0.000820
0.000882
0.002652
0.004532
0.006527
0.008501
0.010289
0.011736
0.012701
0.013224
0.013337
0.013005
0.012423
0.011798
0.011092
0.010025
0.008407
0.006417
0.004393
0.002642
0.001312
0.000354
-0.000299
-0.000672
-0.000794
-0.000732
-0.000459
0.000016
0.000651
0.001474
0.002517
0.003701
0.004941
0.006202
0.007545
0.008925
0.010256
0.011269
0.011778
0.011937
0.012043
0.012284
0.012701
0.013267
0.013809
0.014155
0.014237
0.014083
0.013754
0.013365
0.012994
0.012556
0.012013
0.011426
0.010766
0.009963
0.009018
0.007895
0.006501
0.004859
0.003053
0.001119
-0.000954
-0.003136
-0.005288
-0.007281
-0.009152
-0.011001
-0.012792
-0.014349
-0.015515
-0.016318
-0.016670
-0.016318
-0.015201
-0.013411
-0.010985
-0.008138
-0.005203
-0.002525
-0.000209
0.001806
0.003575
0.005178
0.006698
0.008200
0.009675
0.011102
0.012471
0.013829
0.015154
0.016373
0.017359
0.018058
0.018475
0.018554
0.018338
0.018006
0.017528
0.016741
0.015572
0.014030
0.012103
0.009894
0.007560
0.005313
0.003179
0.001100
-0.000854
-0.002625
-0.004288
-0.005784
-0.006950
-0.007662
-0.007979
-0.008004
-0.007927
-0.007916
-0.007986
-0.008024
-0.007842
-0.007456
-0.007023
-0.006597
-0.006147
-0.005639
-0.005101
-0.004553
-0.004026
-0.003553
-0.003135
-0.002777
-0.002523
-0.002245
-0.001815
-0.001180
-0.000482
0.000015
0.000237
0.000333
0.000576
0.001140
0.002006
0.003034
0.004045
0.004892
0.005433
0.005554
0.005307
0.004836
0.004204
0.003371
0.002533
0.001775
0.001061
0.000347
-0.000367
-0.001019
-0.001617
-0.002261
-0.002896
-0.003435
-0.003882
-0.004205
-0.004333
-0.004211
-0.003795
-0.003068
-0.002062
-0.000863
0.000415
0.001581
0.002460
0.003001
0.003224
0.003187
0.002936
0.002497
0.001812
0.000894
-0.000119
-0.001123
-0.002095
-0.003041
-0.003898
-0.004621
-0.005202
-0.005673
-0.006092
-0.006378
-0.006448
-0.006341
-0.006141
-0.005867
-0.005450
-0.004866
-0.004231
-0.003637
-0.003146
-0.002817
-0.002700
-0.002850
-0.003314
-0.004119
-0.005237
-0.006579
-0.008042
-0.009523
-0.010914
-0.012317
-0.013675
-0.014762
-0.015382
-0.015459
-0.015218
-0.014939
-0.014809
-0.014748
-0.014569
-0.014236
-0.013708
-0.012789
-0.011524
-0.010079
-0.008484
-0.006732
-0.004773
-0.002756
-0.000991
0.000532
0.002013
0.003619
0.005356
0.007154
0.009043
0.011063
0.012983
0.014478
0.015319
0.015634
0.015715
0.015581
0.015169
0.014582
0.013887
0.013007
0.011852
0.010418
0.008839
0.007236
0.005654
0.004081
0.002481
0.000823
-0.000878
-0.002544
-0.004009
-0.005131
-0.005917
-0.006455
-0.006806
-0.006992
-0.007021
-0.006897
-0.006598
-0.006126
-0.005553
-0.004964
-0.004344
-0.003685
-0.003070
-0.002560
-0.002136
-0.001776
-0.001494
-0.001281
-0.001141
-0.001070
-0.001061
-0.001093
-0.001155
-0.001185
-0.001106
-0.000882
-0.000513
-0.000001
0.000641
0.001358
0.002108
0.002872
0.003499
0.003857
0.003976
0.003870
0.003459
0.002709
0.001679
0.000479
-0.000751
-0.001931
-0.003004
-0.003904
-0.004627
-0.005149
-0.005396
-0.005402
-0.005181
-0.004702
-0.004009
-0.003182
-0.002271
-0.001157
0.000293
0.002155
0.004318
0.006531
0.008540
0.010280
0.011770
0.013046
0.014140
0.015086
0.015919
0.016536
0.016823
0.016874
0.016881
0.016976
0.017115
0.017220
0.017267
0.017348
0.017644
0.018225
0.019024
0.019983
0.020923
0.021593
0.021828
0.021680
0.021407
0.021228
0.021118
0.020928
0.020545
0.019840
0.018754
0.017307
0.015528
0.013413
0.011057
0.008621
0.006212
0.003875
0.001654
-0.000421
-0.002359
-0.004227
-0.006075
-0.007943
-0.009748
-0.011365
-0.012783
-0.014005
-0.014981
-0.015716
-0.016234
-0.016605
-0.016868
-0.017083
-0.017196
-0.017134
-0.016912
-0.016573
-0.016183
-0.015715
-0.015113
-0.014337
-0.013438
-0.012516
-0.011663
-0.010922
-0.010310
-0.009842
-0.009560
-0.009508
-0.009671
-0.010035
-0.010597
-0.011364
-0.012234
-0.013031
-0.013591
-0.013840
-0.013793
-0.013524
-0.013104
-0.012569
-0.011947
-0.011208
-0.010337
-0.009315
-0.008172
-0.006946
-0.005634
-0.004279
-0.003020
-0.001931
-0.000986
-0.000309
0.000032
0.000140
0.000290
0.000709
0.001413
0.002260
0.003032
0.003624
0.004028
0.004322
0.004588
0.004887
0.005252
0.005688
0.006174
0.006667
0.007099
0.007421
0.007609
0.007701
0.007747
0.007650
0.007344
0.006934
0.006548
0.006269
0.006065
0.005682
0.004890
0.003640
0.002096
0.000539
-0.000841
-0.002000
-0.003021
-0.004016
-0.005052
-0.006119
-0.007163
-0.008094
-0.008843
-0.009431
-0.009874
-0.010172
-0.010233
-0.009932
-0.009322
-0.008556
-0.007660
-0.006687
-0.005752
-0.004877
-0.004003
-0.003106
-0.002209
-0.001357
-0.000579
0.000110
0.000682
0.001136
0.001528
0.001904
0.002272
0.002644
0.003019
0.003389
0.003695
0.003865
0.003895
0.003851
0.003784
0.003719
0.003667
0.003631
0.003578
0.003430
0.003213
0.003058
0.003050
0.003188
0.003468
0.003884
0.004464
0.005197
0.006023
0.006714
0.007238
0.007971
0.008883
0.009653
0.010181
0.010532
0.010670
0.010626
0.010531
0.010452
0.010379
0.010226
0.009890
0.009361
0.008683
0.007974
0.007511
0.007505
0.007981
0.008705
0.009368
0.009804
0.010046
0.010247
0.010441
0.010553
0.010459
0.010071
0.009295
0.008150
0.006741
0.005166
0.003457
0.001558
-0.000501
-0.002619
-0.004631
-0.006413
-0.007966
-0.009352
-0.010582
-0.011782
-0.013027
-0.014254
-0.015225
-0.015709
-0.015713
-0.015376
-0.014831
-0.014092
-0.013115
-0.011967
-0.010760
-0.009474
-0.008124
-0.006769
-0.005482
-0.004325
-0.003352
-0.002569
-0.001898
-0.001320
-0.000880
-0.000616
-0.000492
-0.000415
-0.000334
-0.000289
-0.000330
-0.000512
-0.000887
-0.001507
-0.002345
-0.003399
-0.004629
-0.005847
-0.006922
-0.007828
-0.008580
-0.009192
-0.009674
-0.009995
-0.010079
-0.009896
-0.009471
-0.008760
-0.007725
-0.006417
-0.004930
-0.003340
-0.001841
-0.000612
0.000310
0.001047
0.001811
0.002633
0.003433
0.004195
0.004941
0.005519
0.005811
0.005834
0.005612
0.005172
0.004551
0.003842
0.003129
0.002438
0.001812
0.001340
0.001051
0.000866
0.000725
0.000568
0.000264
-0.000138
-0.000530
-0.000797
-0.000965
-0.001179
-0.001602
-0.002261
-0.003046
-0.003834
-0.004560
-0.005209
-0.005810
-0.006376
-0.006902
-0.007320
-0.007711
-0.008189
-0.008823
-0.009562
-0.010216
-0.010672
-0.010917
-0.010951
-0.010774
-0.010374
-0.009965
-0.009744
-0.009803
-0.010129
-0.010556
-0.010886
-0.011014
-0.011000
-0.010928
-0.010786
-0.010593
-0.010492
-0.010469
-0.010412
-0.010243
-0.009967
-0.009655
-0.009315
-0.008897
-0.008355
-0.007676
-0.006914
-0.006073
-0.005100
-0.004034
-0.002924
-0.001805
-0.000647
0.000615
0.001929
0.003176
0.004261
0.005259
0.006349
0.007499
0.008554
0.009439
0.010312
0.011307
0.012319
0.013239
0.014134
0.015070
0.016048
0.017041
0.018013
0.018822
0.019411
0.019875
0.020250
0.020504
0.020650
0.020689
0.020530
0.020133
0.019520
0.018669
0.017561
0.016194
0.014584
0.012756
0.010767
0.008698
0.006631
0.004642
0.002765
0.001058
-0.000448
-0.001812
-0.003060
-0.004135
-0.005078
-0.005961
-0.006531
-0.006775
-0.006896
-0.006796
-0.006226
-0.005035
-0.003425
-0.001698
-0.000014
0.001556
0.002926
0.004107
0.005227
0.006320
0.007349
0.008309
0.009233
0.010173
0.011137
0.012111
0.012998
0.013687
0.014028
0.014126
0.014219
0.014436
0.014720
0.015057
0.015087
0.014304
0.012868
0.011303
0.010009
0.009017
0.008123
0.007274
0.006515
0.005783
0.005047
0.004377
0.003831
0.003394
0.003059
0.002790
0.002541
0.002264
0.001934
0.001526
0.001089
0.000669
0.000248
-0.000234
-0.000783
-0.001398
-0.002009
-0.002570
-0.003053
-0.003385
-0.003504
-0.003477
-0.003444
-0.003601
-0.003655
-0.003311
-0.002679
-0.002034
-0.001513
-0.001146
-0.000911
-0.000774
-0.000687
-0.000614
-0.000576
-0.000575
-0.000633
-0.000737
-0.000847
-0.000986
-0.001201
-0.001488
-0.001827
-0.002185
-0.002621
-0.003206
-0.003900
-0.004629
-0.005340
-0.005926
-0.006257
-0.006361
-0.006340
-0.006340
-0.006239
-0.005860
-0.005390
-0.005080
-0.004980
-0.004992
-0.005079
-0.005352
-0.005921
-0.006844
-0.007942
-0.009022
-0.009695
-0.009814
-0.009712
-0.009767
-0.010125
-0.010742
-0.011540
-0.012160
-0.012399
-0.012301
-0.012101
-0.011936
-0.011706
-0.011216
-0.010305
-0.009043
-0.007620
-0.006233
-0.004923
-0.003560
-0.002079
-0.000589
0.000755
0.001865
0.002926
0.003873
0.004511
0.004964
0.005476
0.006134
0.006811
0.007236
0.007360
0.007345
0.007371
0.007431
0.007191
0.006725
0.006343
0.006119
0.005886
0.005345
0.004598
0.003957
0.003453
0.002928
0.002170
0.001271
0.000443
-0.000279
-0.000979
-0.001637
-0.002236
-0.002758
-0.003262
-0.003740
-0.004148
-0.004367
-0.004316
-0.004042
-0.003651
-0.003139
-0.002522
-0.001809
-0.001247
-0.001013
-0.000911
-0.000771
-0.000523
-0.000357
-0.000421
-0.000607
-0.000728
-0.000672
-0.000526
-0.000435
-0.000557
-0.000839
-0.001097
-0.001271
-0.001406
-0.001563
-0.001727
-0.001798
-0.001782
-0.001770
-0.001817
-0.001904
-0.002029
-0.002218
-0.002496
-0.002816
-0.003134
-0.003378
-0.003605
-0.003976
-0.004686
-0.005619
-0.006485
-0.006962
-0.006808
-0.006130
-0.005248
-0.004485
-0.003888
-0.003358
-0.002812
-0.002241
-0.001681
-0.001140
-0.000521
0.000014
0.000227
0.000183
0.000088
0.000106
0.000127
0.000011
-0.000111
-0.000130
-0.000149
-0.000265
-0.000543
-0.000699
-0.000711
-0.000914
-0.001486
-0.002270
-0.002800
-0.002821
-0.002336
-0.001687
-0.001227
-0.000993
-0.000884
-0.000891
-0.000923
-0.000829
-0.000577
-0.000233
-0.000049
-0.000023
0.000009
0.000165
0.000444
0.000689
0.000856
0.001035
0.001307
0.001651
0.002041
0.002463
0.002962
0.003468
0.003922
0.004400
0.004987
0.005697
0.006389
0.006900
0.007218
0.007493
0.007998
0.008709
0.009427
0.009849
0.009891
0.009477
0.008944
0.008692
0.008473
0.007949
0.007011
0.005910
0.004887
0.003924
0.002873
0.001670
0.000361
-0.000996
-0.002379
-0.003735
-0.005016
-0.006175
-0.007186
-0.008106
-0.009011
-0.009863
-0.010620
-0.011281
-0.011794
-0.012112
-0.012204
-0.012105
-0.011882
-0.011548
-0.011103
-0.010560
-0.009849
-0.008952
-0.007795
-0.006395
-0.004838
-0.003416
-0.002479
-0.001985
-0.001659
-0.001269
-0.000785
-0.000304
0.000124
0.000507
0.000832
0.001101
0.001324
0.001522
0.001727
0.001940
0.002110
0.002203
0.002304
0.002487
0.002754
0.002982
0.003151
0.003178
0.003016
0.002811
0.002715
0.002801
0.003053
0.003376
0.003609
0.003680
0.003624
0.003488
0.003292
0.003032
0.002712
0.002418
0.002124
0.001710
0.001202
0.000687
0.000121
-0.000457
-0.000942
-0.001418
-0.001966
-0.002484
-0.002888
-0.003199
-0.003430
-0.003600
-0.003799
-0.004044
-0.004247
-0.004398
-0.004529
-0.004613
-0.004659
-0.004747
-0.004875
-0.004965
-0.005006
-0.005034
-0.005061
-0.005070
-0.005079
-0.005167
-0.005361
-0.005603
-0.005786
-0.005873
-0.005960
-0.006104
-0.006291
-0.006446
-0.006563
-0.006711
-0.006935
-0.007221
-0.007578
-0.007980
-0.008336
-0.008561
-0.008577
-0.008344
-0.007872
-0.007205
-0.006378
-0.005438
-0.004412
-0.003318
-0.002142
-0.000990
0.000034
0.000984
0.002005
0.003237
0.004746
0.006473
0.008199
0.009711
0.010894
0.011750
0.012317
0.012735
0.013100
0.013382
0.013500
0.013335
0.012905
0.012301
0.011699
0.011197
0.010699
0.010094
0.009339
0.008529
0.007828
0.007368
0.007049
0.006692
0.006143
0.005356
0.004369
0.003378
0.002566
0.001978
0.001546
0.001150
0.000656
0.000012
-0.000699
-0.001359
-0.001910
-0.002302
-0.002490
-0.002525
-0.002466
-0.002346
-0.002204
-0.002063
-0.001889
-0.001660
-0.001431
-0.001209
-0.000933
-0.000593
-0.000235
0.000174
0.000658
0.001235
0.001810
0.002251
0.002467
0.002490
0.002399
0.002271
0.002163
0.002130
0.002153
0.002067
0.001813
0.001442
0.001069
0.000757
0.000482
0.000245
0.000054
-0.000172
-0.000462
-0.000692
-0.000808
-0.000810
-0.000698
-0.000520
-0.000317
-0.000110
0.000089
0.000276
0.000470
0.000684
0.000933
0.001255
0.001601
0.001922
0.002261
0.002675
0.003151
0.003577
0.003850
0.003951
0.003902
0.003703
0.003299
0.002710
0.001932
0.001155
0.000608
0.000262
-0.000061
-0.000432
-0.000908
-0.001515
-0.002126
-0.002562
-0.002725
-0.002652
-0.002451
-0.002226
-0.001969
-0.001635
-0.001250
-0.000846
-0.000384
0.000084
0.000449
0.000766
0.001138
0.001511
0.001889
0.002324
0.002673
0.002750
0.002520
0.002179
0.001964
0.001964
0.002133
0.002361
0.002560
0.002683
0.002742
0.002750
0.002702
0.002616
0.002532
0.002474
0.002459
0.002504
0.002591
0.002682
0.002779
0.002899
0.003038
0.003167
0.003244
0.003281
0.003333
0.003463
0.003629
0.003708
0.003683
0.003617
0.003547
0.003468
0.003363
0.003254
0.003151
0.002963
0.002672
0.002367
0.002066
0.001721
0.001302
0.000824
0.000326
-0.000189
-0.000736
-0.001328
-0.001924
-0.002425
-0.002827
-0.003185
-0.003522
-0.003807
-0.004000
-0.004114
-0.004168
-0.004090
-0.003894
-0.003743
-0.003636
-0.003483
-0.003200
-0.002808
-0.002402
-0.002011
-0.001592
-0.001094
-0.000530
0.000021
0.000498
0.000869
0.001331
0.001816
0.001988
0.001931
0.001961
0.002303
0.002830
0.003246
0.003366
0.003197
0.002759
0.002160
0.001642
0.001278
0.000988
0.000592
0.000063
-0.000585
-0.001196
-0.001609
-0.001897
-0.002202
-0.002550
-0.002895
-0.003180
-0.003311
-0.003194
-0.002951
-0.002702
-0.002485
-0.002422
-0.002507
-0.002509
-0.002186
-0.001509
-0.000650
0.000184
0.000964
0.001705
0.002363
0.002923
0.003407
0.003796
0.004064
0.004215
0.004273
0.004268
0.004180
0.003963
0.003622
0.003201
0.002755
0.002332
0.001970
0.001720
0.001577
0.001461
0.001375
0.001388
0.001549
0.001741
0.001826
0.001742
0.001591
0.001509
0.001479
0.001426
0.001322
0.001143
0.000844
0.000490
0.000160
-0.000205
-0.000585
-0.000750
-0.000762
-0.000844
-0.001149
-0.001604
-0.002033
-0.002357
-0.002591
-0.002804
-0.003052
-0.003346
-0.003630
-0.003849
-0.003989
-0.004053
-0.004010
-0.003869
-0.003672
-0.003410
-0.003042
-0.002563
-0.002072
-0.001687
-0.001435
-0.001268
-0.001165
-0.001190
-0.001370
-0.001677
-0.001980
-0.002159
-0.002162
-0.002092
-0.002096
-0.002227
-0.002413
-0.002637
-0.002930
-0.003208
-0.003390
-0.003486
-0.003574
-0.003745
-0.004027
-0.004356
-0.004500
-0.004453
-0.004529
-0.004834
-0.005187
-0.005303
-0.005025
-0.004505
-0.003855
-0.003222
-0.002794
-0.002581
-0.002400
-0.002132
-0.001788
-0.001292
-0.000687
-0.000185
0.000066
0.000069
-0.000093
-0.000354
-0.000709
-0.001141
-0.001581
-0.001956
-0.002282
-0.002632
-0.003041
-0.003449
-0.003765
-0.003988
-0.004248
-0.004599
-0.004999
-0.005344
-0.005558
-0.005654
-0.005660
-0.005601
-0.005507
-0.005398
-0.005237
-0.004965
-0.004651
-0.004453
-0.004431
-0.004512
-0.004664
-0.004917
-0.005106
-0.005108
-0.004987
-0.004905
-0.005001
-0.005193
-0.005342
-0.005302
-0.005113
-0.004893
-0.004647
-0.004322
-0.003958
-0.003580
-0.003141
-0.002630
-0.002085
-0.001568
-0.001117
-0.000535
0.000151
0.000759
0.001234
0.001577
0.001871
0.002167
0.002447
0.002687
0.002894
0.003133
0.003389
0.003458
0.003302
0.003145
0.003092
0.003210
0.003619
0.004170
0.004541
0.004631
0.004567
0.004582
0.004653
0.004606
0.004406
0.004181
0.004192
0.004414
0.004567
0.004595
0.004645
0.004863
0.005202
0.005553
0.005898
0.006294
0.006746
0.007291
0.007773
0.007980
0.007859
0.007366
0.006637
0.005974
0.005538
0.005223
0.004899
0.004509
0.003974
0.003304
0.002561
0.001797
0.001065
0.000399
-0.000164
-0.000614
-0.000900
-0.001054
-0.001219
-0.001478
-0.001817
-0.002232
-0.002770
-0.003408
-0.004050
-0.004647
-0.005205
-0.005734
-0.006189
-0.006561
-0.006913
-0.007230
-0.007480
-0.007697
-0.007799
-0.007780
-0.007670
-0.007363
-0.006786
-0.006043
-0.005406
-0.004915
-0.004407
-0.003787
-0.003082
-0.002524
-0.002196
-0.002038
-0.001878
-0.001588
-0.001169
-0.000697
-0.000284
0.000031
0.000253
0.000480
0.000811
0.001407
0.002174
0.002899
0.003440
0.003793
0.004051
0.004289
0.004518
0.004752
0.005034
0.005290
0.005443
0.005462
0.005386
0.005199
0.004926
0.004600
0.004250
0.004013
0.004020
0.004242
0.004457
0.004457
0.004143
0.003554
0.002908
0.002312
0.001763
0.001168
0.000478
-0.000231
-0.000913
-0.001569
-0.002205
-0.002790
-0.003261
-0.003563
-0.003704
-0.003701
-0.003532
-0.003267
-0.002975
-0.002504
-0.002041
-0.001928
-0.002219
-0.002680
-0.002956
-0.002937
-0.002707
-0.002485
-0.002421
-0.002461
-0.002534
-0.002635
-0.002743
-0.002820
-0.002914
-0.002983
-0.002828
-0.002525
-0.002296
-0.002276
-0.002386
-0.002461
-0.002476
-0.002466
-0.002455
-0.002439
-0.002525
-0.002659
-0.002630
-0.002432
-0.002169
-0.001926
-0.001700
-0.001487
-0.001229
-0.000769
-0.000168
0.000377
0.000631
0.000634
0.000594
0.000686
0.000904
0.001049
0.001060
0.001113
0.001196
0.001147
0.000790
0.000206
-0.000335
-0.000726
-0.000998
-0.001234
-0.001480
-0.001741
-0.001929
-0.001980
-0.001990
-0.002016
-0.001907
-0.001644
-0.001333
-0.001088
-0.000909
-0.000725
-0.000475
-0.000160
0.000264
0.000796
0.001302
0.001638
0.001748
0.001808
0.002066
0.002660
0.003495
0.004351
0.005016
0.005415
0.005666
0.005859
0.006007
0.006195
0.006499
0.006827
0.007158
0.007555
0.008088
0.008729
0.009343
0.009842
0.010235
0.010592
0.010959
0.011336
0.011715
0.012074
0.012303
0.012250
0.011852
0.011104
0.010098
0.008997
0.007962
0.007083
0.006366
0.005760
0.005147
0.004442
0.003635
0.002806
0.002046
0.001372
0.000780
0.000307
-0.000083
-0.000470
-0.000849
-0.001159
-0.001348
-0.001399
-0.001330
-0.001176
-0.000952
-0.000632
-0.000235
0.000194
0.000667
0.001193
0.001728
0.002226
0.002690
0.003163
0.003679
0.004217
0.004671
0.004867
0.004897
0.004960
0.005202
0.005503
0.005641
0.005696
0.005831
0.006018
0.006194
0.006349
0.006659
0.007192
0.007680
0.007895
0.007776
0.007517
0.007299
0.007260
0.007333
0.007330
0.007152
0.006856
0.006557
0.006268
0.005929
0.005518
0.005015
0.004318
0.003479
0.002701
0.002036
0.001377
0.000550
-0.000456
-0.001538
-0.002653
-0.003682
-0.004240
-0.004334
-0.004355
-0.004568
-0.004954
-0.005224
-0.005380
-0.005671
-0.006055
-0.006310
-0.006226
-0.005901
-0.005571
-0.005319
-0.005106
-0.004836
-0.004565
-0.004424
-0.004334
-0.004169
-0.003910
-0.003607
-0.003366
-0.003137
-0.002926
-0.002887
-0.003179
-0.003777
-0.004430
-0.004888
-0.004904
-0.004664
-0.004573
-0.004733
-0.005042
-0.005483
-0.006061
-0.006721
-0.007253
-0.007576
-0.007894
-0.008287
-0.008630
-0.008904
-0.009191
-0.009645
-0.010218
-0.010649
-0.010945
-0.011263
-0.011530
-0.011607
-0.011432
-0.011179
-0.011051
-0.011083
-0.011105
-0.010912
-0.010458
-0.009790
-0.008992
-0.008096
-0.007135
-0.006123
-0.005042
-0.003757
-0.002335
-0.001089
-0.000083
0.000802
0.001648
0.002456
0.003288
0.004133
0.004931
0.005555
0.005980
0.006381
0.006842
0.007288
0.007528
0.007503
0.007445
0.007450
0.007414
0.007107
0.006462
0.005650
0.004889
0.004274
0.003822
0.003467
0.002919
0.002141
0.001260
0.000404
-0.000434
-0.001255
-0.001945
-0.002333
-0.002354
-0.002084
-0.001762
-0.001536
-0.001431
-0.001346
-0.001170
-0.000735
-0.000166
0.000280
0.000712
0.001283
0.001776
0.002056
0.002289
0.002596
0.002979
0.003317
0.003535
0.003614
0.003659
0.003779
0.003946
0.004051
0.004041
0.003793
0.003192
0.002307
0.001389
0.000720
0.000373
0.000211
0.000107
-0.000003
-0.000173
-0.000426
-0.000752
-0.001099
-0.001423
-0.001725
-0.001982
-0.002148
-0.002250
-0.002342
-0.002379
-0.002355
-0.002350
-0.002389
-0.002429
-0.002366
-0.002188
-0.001984
-0.001801
-0.001627
-0.001481
-0.001387
-0.001319
-0.001262
-0.001224
-0.001241
-0.001344
-0.001631
-0.002041
-0.002442
-0.002769
-0.003003
-0.002981
-0.002764
-0.002675
-0.002801
-0.003035
-0.003262
-0.003457
-0.003625
-0.003834
-0.004157
-0.004619
-0.005164
-0.005671
-0.006182
-0.006805
-0.007359
-0.007702
-0.007980
-0.008350
-0.008836
-0.009270
-0.009496
-0.009529
-0.009438
-0.009198
-0.008691
-0.007894
-0.006999
-0.006156
-0.005451
-0.004843
-0.004235
-0.003653
-0.002996
-0.001997
-0.000713
0.000547
0.001545
0.002242
0.002783
0.003257
0.003679
0.004044
0.004372
0.004686
0.004963
0.005154
0.005275
0.005330
0.005146
0.004737
0.004335
0.004058
0.003893
0.003820
0.003828
0.003851
0.003781
0.003500
0.003031
0.002438
0.001845
0.001392
0.001165
0.001188
0.001398
0.001665
0.001856
0.001841
0.001853
0.002133
0.002641
0.003153
0.003414
0.003602
0.003972
0.004549
0.005126
0.005455
0.005631
0.005840
0.005969
0.005945
0.006058
0.006314
0.006503
0.006502
0.006364
0.006194
0.006097
0.006110
0.006165
0.006191
0.006181
0.006161
0.006184
0.006089
0.005803
0.005624
0.005703
0.005880
0.005895
0.005612
0.005145
0.004609
0.004022
0.003365
0.002665
0.002015
0.001460
0.000941
0.000443
0.000011
-0.000310
-0.000530
-0.000751
-0.001007
-0.001250
-0.001372
-0.001313
-0.001145
-0.000947
-0.000779
-0.000471
0.000077
0.000722
0.001261
0.001578
0.001728
0.001807
0.001793
0.001696
0.001497
0.001417
0.001666
0.002078
0.002380
0.002523
0.002535
0.002435
0.002245
0.002004
0.001795
0.001618
0.001408
0.001192
0.001025
0.000844
0.000619
0.000379
0.000047
-0.000397
-0.000680
-0.000707
-0.000703
-0.000758
-0.000797
-0.000697
-0.000592
-0.000711
-0.001135
-0.001753
-0.002321
-0.002642
-0.002684
-0.002590
-0.002503
-0.002490
-0.002521
-0.002550
-0.002556
-0.002544
-0.002549
-0.002571
-0.002500
-0.002292
-0.001997
-0.001612
-0.001123
-0.000574
-0.000039
0.000465
0.000990
0.001541
0.001984
0.002279
0.002515
0.002737
0.002940
0.003129
0.003271
0.003320
0.003322
0.003344
0.003444
0.003547
0.003442
0.002981
0.002178
0.001408
0.000858
0.000384
-0.000184
-0.000877
-0.001613
-0.002280
-0.002788
-0.003199
-0.003638
-0.004209
-0.004848
-0.005328
-0.005628
-0.005879
-0.006054
-0.006106
-0.006344
-0.006728
-0.006947
-0.006865
-0.006572
-0.006254
-0.005969
-0.005691
-0.005381
-0.005069
-0.004938
-0.004937
-0.004849
-0.004620
-0.004397
-0.004363
-0.004420
-0.004219
-0.003599
-0.002838
-0.002378
-0.002355
-0.002537
-0.002606
-0.002455
-0.002217
-0.002038
-0.002036
-0.002094
-0.002092
-0.002059
-0.002014
-0.001815
-0.001479
-0.001112
-0.000824
-0.000584
-0.000220
0.000290
0.000862
0.001272
0.001418
0.001536
0.001635
0.001595
0.001395
0.001195
0.001161
0.001339
0.001628
0.001791
0.001724
0.001615
0.001608
0.001737
0.001780
0.001588
0.001326
0.001149
0.001064
0.001016
0.000993
0.001048
0.001186
0.001344
0.001354
0.001164
0.001036
0.001170
0.001561
0.002037
0.002453
0.002732
0.002888
0.003023
0.003200
0.003436
0.003742
0.004059
0.004230
0.004281
0.004341
0.004528
0.004792
0.005011
0.005112
0.005082
0.005057
0.005117
0.005193
0.005216
0.005196
0.005134
0.005026
0.004912
0.004756
0.004490
0.004215
0.004051
0.003992
0.003856
0.003506
0.003031
0.002560
0.002082
0.001568
0.001032
0.000541
0.000149
-0.000127
-0.000340
-0.000531
-0.000863
-0.001409
-0.001962
-0.002401
-0.002657
-0.002759
-0.002707
-0.002630
-0.002543
-0.002340
-0.002078
-0.001899
-0.001869
-0.001875
-0.001776
-0.001652
-0.001661
-0.001677
-0.001652
-0.001763
-0.001907
-0.001897
-0.001738
-0.001592
-0.001616
-0.001768
-0.001917
-0.001989
-0.001975
-0.001943
-0.002008
-0.002272
-0.002839
-0.003581
-0.004201
-0.004518
-0.004562
-0.004510
-0.004443
-0.004292
-0.004074
-0.003873
-0.003678
-0.003444
-0.003147
-0.002770
-0.002303
-0.001868
-0.001557
-0.001340
-0.001191
-0.001097
-0.001034
-0.000956
-0.000833
-0.000711
-0.000638
-0.000585
-0.000513
-0.000379
-0.000242
-0.000180
-0.000149
-0.000080
0.000012
0.000113
0.000241
0.000372
0.000453
0.000413
0.000267
0.000085
-0.000040
-0.000085
-0.000061
0.000023
0.000146
0.000273
0.000395
0.000583
0.000833
0.001094
0.001308
0.001445
0.001509
0.001524
0.001511
0.001457
0.001372
0.001345
0.001346
0.001280
0.001160
0.001061
0.001029
0.001033
0.001011
0.000925
0.000797
0.000789
0.000839
0.000711
0.000476
0.000309
0.000115
0.000042
0.000392
0.001098
0.001849
0.002312
0.002474
0.002527
0.002547
0.002530
0.002522
0.002536
0.002514
0.002467
0.002437
0.002441
0.002437
0.002369
0.002268
0.002199
0.002207
0.002329
0.002608
0.002888
0.003031
0.003053
0.002925
0.002662
0.002212
0.001601
0.000992
0.000540
0.000262
0.000046
-0.000203
-0.000503
-0.000854
-0.001269
-0.001689
-0.002046
-0.002349
-0.002619
-0.002863
-0.003101
-0.003343
-0.003555
-0.003717
-0.003844
-0.003903
-0.003875
-0.003868
-0.003814
-0.003560
-0.003241
-0.003009
-0.002761
-0.002336
-0.001711
-0.001141
-0.000801
-0.000554
-0.000279
0.000019
0.000337
0.000662
0.000833
0.000934
0.001185
0.001590
0.002016
0.002317
0.002510
0.002718
0.002974
0.003218
0.003360
0.003423
0.003500
0.003564
0.003558
0.003510
0.003452
0.003370
0.003227
0.003012
0.002789
0.002607
0.002441
0.002263
0.002073
0.001911
0.001781
0.001672
0.001569
0.001451
0.001349
0.001239
0.001075
0.000892
0.000715
0.000479
0.000275
0.000327
0.000675
0.001159
0.001633
0.001978
0.002122
0.002142
0.002183
0.002279
0.002422
0.002641
0.002861
0.002984
0.002991
0.002939
0.002877
0.002784
0.002622
0.002413
0.002225
0.002112
0.002115
0.002229
0.002389
0.002444
0.002308
0.001957
0.001481
0.001099
0.000944
0.000958
0.000995
0.000959
0.000843
0.000691
0.000521
0.000301
0.000010
-0.000352
-0.000705
-0.000879
-0.000821
-0.000637
-0.000435
-0.000299
-0.000268
-0.000343
-0.000496
-0.000720
-0.000962
-0.001147
-0.001285
-0.001429
-0.001589
-0.001742
-0.001842
-0.001911
-0.001993
-0.002058
-0.002052
-0.001931
-0.001769
-0.001676
-0.001660
-0.001667
-0.001640
-0.001548
-0.001383
-0.001193
-0.001043
-0.000992
-0.001046
-0.001159
-0.001285
-0.001398
-0.001522
-0.001649
-0.001742
-0.001845
-0.002002
-0.002193
-0.002359
-0.002457
-0.002519
-0.002560
-0.002530
-0.002447
-0.002362
-0.002309
-0.002287
-0.002362
-0.002465
-0.002436
-0.002299
-0.002172
-0.002108
-0.002144
-0.002243
-0.002458
-0.002730
-0.002801
-0.002537
-0.002048
-0.001634
-0.001490
-0.001563
-0.001724
-0.001918
-0.002078
-0.002154
-0.002234
-0.002381
-0.002536
-0.002639
-0.002708
-0.002825
-0.003027
-0.003288
-0.003531
-0.003679
-0.003716
-0.003623
-0.003426
-0.003168
-0.002949
-0.002995
-0.003370
-0.003916
-0.004387
-0.004644
-0.004674
-0.004537
-0.004324
-0.004129
-0.004012
-0.003909
-0.003717
-0.003450
-0.003159
-0.002838
-0.002477
-0.002121
-0.001880
-0.001721
-0.001501
-0.001224
-0.000966
-0.000650
-0.000232
0.000214
0.000542
0.000663
0.000704
0.000737
0.000795
0.000947
0.001232
0.001575
0.001897
0.002212
0.002465
0.002580
0.002607
0.002626
0.002636
0.002587
0.002447
0.002292
0.002192
0.002158
0.002142
0.002081
0.001957
0.001804
0.001698
0.001653
0.001624
0.001628
0.001695
0.001813
0.001937
0.002022
0.002087
0.002171
0.002228
0.002258
0.002345
0.002490
0.002617
0.002642
0.002595
0.002652
0.002811
0.002928
0.002901
0.002698
0.002452
0.002154
0.001737
0.001402
0.001367
0.001656
0.002038
0.002234
0.002091
0.001679
0.001189
0.000788
0.000572
0.000448
0.000328
0.000258
0.000222
0.000128
-0.000088
-0.000373
-0.000563
-0.000589
-0.000526
-0.000479
-0.000466
-0.000457
-0.000415
-0.000313
-0.000221
-0.000227
-0.000378
-0.000641
-0.001003
-0.001334
-0.001481
-0.001440
-0.001300
-0.001141
-0.000969
-0.000793
-0.000671
-0.000623
-0.000591
-0.000555
-0.000507
-0.000447
-0.000375
-0.000289
-0.000166
0.000019
0.000186
0.000258
0.000310
0.000378
0.000433
0.000443
0.000438
0.000509
0.000646
0.000737
0.000735
0.000671
0.000610
0.000542
0.000400
0.000198
-0.000007
-0.000187
-0.000353
-0.000573
-0.000825
-0.001057
-0.001331
-0.001682
-0.002073
-0.002418
-0.002655
-0.002774
-0.002796
-0.002751
-0.002704
-0.002693
-0.002694
-0.002676
-0.002641
-0.002584
-0.002493
-0.002387
-0.002270
-0.002086
-0.001856
-0.001663
-0.001479
-0.001280
-0.001119
-0.001033
-0.000993
-0.000975
-0.000972
-0.001006
-0.001086
-0.001116
-0.001118
-0.001151
-0.001154
-0.000971
-0.000511
0.000059
0.000530
0.000818
0.000965
0.001019
0.001072
0.001220
0.001465
0.001704
0.001821
0.001811
0.001702
0.001588
0.001546
0.001484
0.001348
0.001193
0.000900
0.000865
0.000982
0.001205
0.001373
0.001338
0.001066
0.000619
0.000134
-0.000248
-0.000393
-0.000292
-0.000089
0.000026
-0.000072
-0.000245
-0.000278
-0.000121
0.000112
0.000278
0.000369
0.000441
0.000488
0.000494
0.000463
0.000448
0.000491
0.000555
0.000587
0.000597
0.000585
0.000529
0.000387
0.000164
-0.000019
-0.000111
-0.000141
-0.000252
-0.000535
-0.000862
-0.001093
-0.001192
-0.001262
-0.001402
-0.001596
-0.001763
-0.001830
-0.001835
-0.001845
-0.001898
-0.001983
-0.002115
-0.002243
-0.002281
-0.002216
-0.002070
-0.001860
-0.001633
-0.001448
-0.001336
-0.001302
-0.001306
-0.001304
-0.001262
-0.001121
-0.000877
-0.000558
-0.000281
-0.000159
-0.000149
-0.000122
0.000008
0.000210
0.000333
0.000326
0.000243
0.000123
-0.000081
-0.000349
-0.000557
-0.000574
-0.000400
-0.000090
0.000316
0.000598
0.000537
0.000307
0.000156
0.000199
0.000358
0.000500
0.000499
0.000337
0.000164
0.000074
0.000042
-0.000014
-0.000113
-0.000205
-0.000222
-0.000168
-0.000038
0.000211
0.000390
0.000348
0.000157
-0.000169
-0.000599
-0.001028
-0.001334
-0.001473
-0.001441
-0.001291
-0.001202
-0.001256
-0.001328
-0.001306
-0.001219
-0.001110
-0.000979
-0.000838
-0.000704
-0.000583
-0.000478
-0.000414
-0.000417
-0.000503
-0.000673
-0.000855
-0.000957
-0.000954
-0.000881
-0.000790
-0.000689
-0.000582
-0.000488
-0.000402
-0.000322
-0.000257
-0.000197
-0.000171
-0.000192
-0.000196
-0.000132
-0.000032
0.000032
0.000062
0.000126
0.000260
0.000420
0.000577
0.000682
0.000662
0.000548
0.000424
0.000427
0.000556
0.000685
0.000679
0.000483
0.000102
-0.000284
-0.000377
-0.000246
-0.000131
-0.000158
-0.000247
-0.000264
-0.000202
-0.000136
-0.000109
-0.000109
-0.000125
-0.000074
0.000112
0.000318
0.000413
0.000318
0.000163
0.000168
0.000342
0.000593
0.000941
0.001350
0.001725
0.001983
0.002115
0.002155
0.002150
0.002127
0.002163
0.002300
0.002346
0.002277
0.002310
0.002448
0.002519
0.002411
0.002195
0.002052
0.002005
0.001987
0.001903
0.001837
0.001910
0.001903
0.001603
0.001043
0.000469
0.000082
-0.000107
-0.000205
-0.000274
-0.000359
-0.000587
-0.000876
-0.001050
-0.001023
-0.000877
-0.000723
-0.000692
-0.000863
-0.001033
-0.001048
-0.000907
-0.000728
-0.000585
-0.000478
-0.000382
-0.000244
-0.000087
0.000002
0.000089
0.000252
0.000357
0.000371
0.000389
0.000467
0.000589
0.000725
0.000844
0.000898
0.000927
0.000985
0.001088
0.001170
0.001132
0.001100
0.001195
0.001289
0.001317
0.001342
0.001355
0.001300
0.001177
0.001053
0.000954
0.000872
0.000809
0.000782
0.000765
0.000702
0.000606
0.000521
0.000480
0.000471
0.000421
0.000341
0.000297
0.000306
0.000335
0.000372
0.000373
0.000299
0.000172
0.000044
-0.000018
-0.000046
-0.000086
-0.000176
-0.000262
-0.000232
-0.000057
0.000181
0.000361
0.000431
0.000379
0.000245
0.000074
-0.000028
-0.000010
0.000089
0.000160
0.000060
-0.000098
-0.000161
-0.000141
-0.000125
-0.000146
-0.000174
-0.000187
-0.000134
0.000009
0.000183
0.000274
0.000196
0.000049
-0.000096
-0.000252
-0.000404
-0.000509
-0.000541
-0.000522
-0.000493
-0.000490
-0.000524
-0.000581
-0.000643
-0.000694
-0.000724
-0.000733
-0.000730
-0.000727
-0.000727
-0.000716
-0.000668
-0.000592
-0.000507
-0.000406
-0.000284
-0.000146
-0.000015
0.000094
0.000199
0.000316
0.000436
0.000558
0.000685
0.000793
0.000860
0.000866
0.000877
0.000963
0.001076
0.001144
0.001154
0.001143
0.001139
0.001158
0.001187
0.001147
0.001057
0.000994
0.000961
0.000919
0.000867
0.000807
0.000720
0.000605
0.000471
0.000354
0.000268
0.000201
0.000140
0.000082
0.000019
-0.000053
-0.000148
-0.000228
-0.000269
-0.000298
-0.000334
-0.000366
-0.000383
-0.000392
-0.000431
-0.000510
-0.000593
-0.000642
-0.000635
-0.000605
-0.000570
-0.000533
-0.000495
-0.000461
-0.000448
-0.000456
-0.000450
-0.000424
-0.000392
-0.000368
-0.000348
-0.000331
-0.000315
-0.000294
-0.000272
-0.000250
-0.000229
-0.000215
-0.000214
-0.000204
-0.000168
-0.000112
-0.000059
-0.000041
-0.000045
-0.000050
-0.000058
-0.000071
-0.000079
-0.000067
-0.000037
-0.000004
0.000018
0.000030
0.000038
0.000040
0.000041
0.000045
0.000045
0.000042
0.000044
0.000051
0.000056
0.000060
0.000061
0.000060
0.000054
0.000045
0.000041
0.000043
0.000045
0.000041
0.000030
0.000019
0.000012
0.000008
0.000005
0.000002
0.000002
0.000003
0.000002
-0.000004
-0.000014
-0.000020
-0.000022
-0.000021
-0.000020
-0.000021
-0.000024
-0.000026
-0.000027
-0.000029
-0.000029
-0.000030
-0.000030
-0.000031
-0.000032
-0.000032
-0.000032
-0.000033
-0.000034
-0.000034
-0.000032
-0.000031
-0.000030
-0.000030
-0.000030
-0.000028
-0.000025
-0.000023
-0.000021
-0.000019
-0.000017
-0.000017
-0.000016
-0.000016
-0.000015
-0.000013
-0.000011
-0.000009
-0.000008
-0.000006
-0.000004
-0.000004
-0.000003
-0.000004
-0.000004
-0.000005
-0.000005
-0.000006
-0.000006
-0.000006
-0.000006
-0.000007
-0.000007
-0.000008
-0.000008
-0.000009
-0.000009
-0.000009
-0.000009
-0.000009
-0.000010
-0.000010
-0.000010
-0.000011
-0.000011
-0.000012
-0.000012
-0.000012
-0.000012
-0.000012
-0.000012
-0.000012
-0.000012
-0.000012
-0.000012
-0.000012
-0.000012
-0.000011
-0.000011
-0.000011
-0.000011
-0.000011
-0.000011
-0.000010
-0.000010
-0.000010
-0.000010
-0.000009
-0.000009
-0.000009
-0.000009
-0.000008
-0.000008
-0.000008
-0.000008
-0.000007
-0.000007
-0.000007
