0.000000
-0.004023
-0.004050
-0.004050
-0.004054
-0.004061
-0.004066
-0.004070
-0.004075
-0.004063
-0.004051
-0.004032
-0.004017
-0.004005
-0.003994
-0.003974
-0.003960
-0.003942
-0.003931
-0.003920
-0.003916
-0.003916
-0.003915
-0.003934
-0.003938
-0.003928
-0.003923
-0.003916
-0.003920
-0.003910
-0.003910
-0.003910
-0.003912
-0.003906
-0.003910
-0.003912
-0.003909
-0.003888
-0.003862
-0.003822
-0.003792
-0.003751
-0.003713
-0.003691
-0.003672
-0.003665
-0.003664
-0.003660
-0.003652
-0.003641
-0.003627
-0.003617
-0.003596
-0.003562
-0.003536
-0.003507
-0.003485
-0.003443
-0.003397
-0.003366
-0.003351
-0.003356
-0.003368
-0.003375
-0.003363
-0.003351
-0.003358
-0.003360
-0.003355
-0.003327
-0.003295
-0.003268
-0.003250
-0.003234
-0.003211
-0.003198
-0.003216
-0.003232
-0.003252
-0.003253
-0.003238
-0.003219
-0.003210
-0.003204
-0.003201
-0.003164
-0.003086
-0.002989
-0.002898
-0.002845
-0.002843
-0.002910
-0.003038
-0.003182
-0.003292
-0.003328
-0.003303
-0.003173
-0.003016
-0.002898
-0.002858
-0.002872
-0.002913
-0.002960
-0.003028
-0.003079
-0.003110
-0.003077
-0.003003
-0.002943
-0.002918
-0.002934
-0.003064
-0.003276
-0.003428
-0.003445
-0.003363
-0.003244
-0.003078
-0.002830
-0.002571
-0.002386
-0.002343
-0.002453
-0.002594
-0.002750
-0.002914
-0.003071
-0.003194
-0.003283
-0.003289
-0.003196
-0.003070
-0.002979
-0.002966
-0.002976
-0.002947
-0.002803
-0.002610
-0.002514
-0.002507
-0.002534
-0.002582
-0.002653
-0.002650
-0.002517
-0.002308
-0.002183
-0.002192
-0.002217
-0.002180
-0.002067
-0.001952
-0.001930
-0.002088
-0.002437
-0.002889
-0.003244
-0.003375
-0.003280
-0.003007
-0.002594
-0.002218
-0.001995
-0.001975
-0.002093
-0.002247
-0.002234
-0.002057
-0.001859
-0.001737
-0.001698
-0.001694
-0.001750
-0.001985
-0.002395
-0.002852
-0.003134
-0.003184
-0.003015
-0.002619
-0.002001
-0.001349
-0.000839
-0.000674
-0.000809
-0.001127
-0.001578
-0.002100
-0.002529
-0.002692
-0.002570
-0.002401
-0.002345
-0.002429
-0.002544
-0.002571
-0.002548
-0.002480
-0.002200
-0.001628
-0.000917
-0.000500
-0.000527
-0.000807
-0.001413
-0.002413
-0.003330
-0.003795
-0.003747
-0.003224
-0.002371
-0.001662
-0.001277
-0.001084
-0.000979
-0.000816
-0.000158
0.000989
0.002068
0.002669
0.002811
0.002216
0.000761
-0.001256
-0.003214
-0.004568
-0.004851
-0.004185
-0.003101
-0.001930
-0.000908
-0.000646
-0.001211
-0.002072
-0.002740
-0.002937
-0.002578
-0.001816
-0.001018
-0.000378
0.000029
0.000363
0.000512
0.000225
-0.000227
-0.000503
-0.001197
-0.002351
-0.003044
-0.002792
-0.002014
-0.001109
-0.000489
-0.000530
-0.001269
-0.002375
-0.003485
-0.004029
-0.003486
-0.001758
0.000564
0.002580
0.003808
0.004292
0.003895
0.002582
0.000507
-0.001884
-0.003817
-0.004684
-0.004347
-0.003317
-0.001122
0.001824
0.004171
0.004684
0.003350
0.000886
-0.001832
-0.003702
-0.004113
-0.003139
-0.001429
0.000136
0.000858
0.000752
0.000318
0.000007
-0.000292
-0.000704
-0.001254
-0.001664
-0.001794
-0.001702
-0.001511
-0.001113
-0.000275
0.001142
0.002775
0.004041
0.004294
0.003205
0.001036
-0.001032
-0.002065
-0.001702
-0.000157
0.002061
0.004799
0.006628
0.006392
0.004557
0.002225
0.000767
0.000112
0.000129
0.000942
0.002336
0.002799
0.001590
-0.000759
-0.003173
-0.004841
-0.005564
-0.005481
-0.004512
-0.002742
-0.000597
0.001679
0.003850
0.005642
0.006998
0.007845
0.007740
0.006633
0.005383
0.005043
0.006073
0.007683
0.008989
0.009375
0.008412
0.006302
0.002915
-0.000916
-0.003687
-0.004289
-0.002564
0.000426
0.002925
0.003887
0.003289
0.002108
0.001658
0.002590
0.004849
0.007493
0.009374
0.009063
0.006258
0.002831
0.001210
0.002241
0.004761
0.007018
0.007507
0.005517
0.001569
-0.002927
-0.006784
-0.007813
-0.005486
-0.001335
0.002095
0.003510
0.003665
0.002974
0.001479
0.000138
-0.000135
0.000846
0.001886
0.001057
-0.001767
-0.005196
-0.006163
-0.003518
0.001936
0.007656
0.011783
0.013771
0.012566
0.008143
0.002662
-0.002432
-0.006544
-0.009122
-0.009530
-0.007582
-0.003818
0.000341
0.003442
0.004054
0.002597
0.000729
0.000025
0.000980
0.003317
0.005750
0.007291
0.007836
0.007942
0.008319
0.009456
0.011030
0.012850
0.014413
0.014930
0.013553
0.010250
0.006802
0.004350
0.003502
0.003443
0.003232
0.002594
0.001648
0.000419
-0.000785
-0.001501
-0.001298
-0.000273
0.001228
0.002751
0.003941
0.005381
0.007371
0.009913
0.013122
0.016708
0.019075
0.019249
0.017444
0.014616
0.012038
0.010497
0.009848
0.009998
0.010887
0.011629
0.011143
0.009431
0.007159
0.004493
0.001778
0.000218
0.000517
0.002712
0.006537
0.011717
0.017874
0.024175
0.028518
0.027922
0.022027
0.013815
0.006667
0.003207
0.004692
0.010314
0.017544
0.022808
0.024131
0.021257
0.015563
0.007831
-0.000496
-0.006108
-0.006709
-0.003314
0.000567
0.003278
0.004953
0.006178
0.007761
0.011014
0.016624
0.024134
0.031151
0.035780
0.036211
0.030501
0.018845
0.005618
-0.003557
-0.006544
-0.002988
0.005741
0.015566
0.022318
0.024491
0.021945
0.015985
0.009699
0.005127
0.004323
0.007696
0.012516
0.015054
0.013451
0.009382
0.005738
0.003089
0.002641
0.005380
0.010927
0.017213
0.022422
0.025456
0.025794
0.024503
0.023583
0.023653
0.025039
0.027390
0.030205
0.033045
0.036045
0.039155
0.040844
0.039175
0.034076
0.027914
0.024878
0.025942
0.029411
0.032784
0.034500
0.034558
0.032107
0.027112
0.020444
0.014159
0.011677
0.014048
0.018745
0.024008
0.028841
0.031343
0.030475
0.027371
0.023683
0.019914
0.014989
0.008243
0.000825
-0.005013
-0.006775
-0.003689
0.003433
0.012667
0.021379
0.028109
0.032602
0.035668
0.038401
0.040840
0.042562
0.042743
0.040523
0.036892
0.033480
0.031760
0.031015
0.030195
0.028575
0.026459
0.024591
0.023339
0.022576
0.023273
0.025974
0.030080
0.033694
0.035722
0.036037
0.034654
0.031865
0.029124
0.028134
0.030230
0.035325
0.041648
0.046975
0.050284
0.051641
0.051037
0.049795
0.048842
0.048094
0.047228
0.045196
0.041175
0.035547
0.029799
0.026221
0.026110
0.029099
0.033871
0.038390
0.039653
0.037223
0.032870
0.029461
0.028701
0.030802
0.034522
0.038343
0.041109
0.042219
0.041880
0.041231
0.041315
0.041463
0.040198
0.036716
0.031978
0.027944
0.024796
0.021860
0.019303
0.016726
0.014379
0.013660
0.015443
0.019431
0.024437
0.028794
0.030897
0.030614
0.029401
0.028363
0.027980
0.028563
0.030265
0.033260
0.037513
0.041947
0.045270
0.048043
0.051600
0.056633
0.062919
0.069782
0.075981
0.080330
0.082521
0.082852
0.081953
0.079879
0.076996
0.072890
0.067030
0.060129
0.054048
0.050396
0.049054
0.050128
0.053970
0.058857
0.062129
0.062078
0.059272
0.054921
0.050422
0.046122
0.042221
0.038919
0.036300
0.033818
0.031640
0.029908
0.028456
0.026805
0.025014
0.023329
0.021632
0.019413
0.016331
0.012365
0.008495
0.005805
0.004515
0.004791
0.006955
0.011163
0.016616
0.022001
0.026194
0.028551
0.029442
0.030108
0.031294
0.033145
0.035695
0.038450
0.040617
0.042058
0.043451
0.045776
0.049234
0.053050
0.055894
0.057404
0.058230
0.059039
0.060920
0.064450
0.068996
0.073367
0.076862
0.079412
0.080956
0.082508
0.084793
0.086195
0.086617
0.087782
0.090275
0.093409
0.095419
0.095098
0.092190
0.086488
0.077816
0.065802
0.050007
0.030804
0.012056
-0.003937
-0.015833
-0.022942
-0.024781
-0.021873
-0.015742
-0.008317
-0.000809
0.007115
0.014860
0.021046
0.024146
0.023057
0.017802
0.010499
0.003910
-0.000800
-0.004105
-0.006719
-0.008906
-0.010107
-0.009838
-0.007579
-0.003481
0.001184
0.005699
0.010098
0.014794
0.020092
0.025339
0.029006
0.029848
0.028372
0.026689
0.026501
0.028549
0.033583
0.040746
0.048089
0.054296
0.058500
0.060342
0.060503
0.059851
0.058044
0.054994
0.051171
0.046665
0.040941
0.033338
0.023997
0.012777
-0.001246
-0.017409
-0.033020
-0.046426
-0.057887
-0.067991
-0.076034
-0.081839
-0.086994
-0.092715
-0.098364
-0.103159
-0.109126
-0.117143
-0.126476
-0.136443
-0.146108
-0.153881
-0.159134
-0.162753
-0.165699
-0.168165
-0.169258
-0.168005
-0.163044
-0.154492
-0.144007
-0.133413
-0.123648
-0.114269
-0.104318
-0.093897
-0.084208
-0.076581
-0.072273
-0.071103
-0.072064
-0.075399
-0.082493
-0.093490
-0.107361
-0.121932
-0.135168
-0.147178
-0.158241
-0.169392
-0.180916
-0.192562
-0.204563
-0.216551
-0.227376
-0.235577
-0.241684
-0.246807
-0.251373
-0.255404
-0.258700
-0.261281
-0.263343
-0.265215
-0.267004
-0.268318
-0.268696
-0.268474
-0.267489
-0.265516
-0.262673
-0.259451
-0.256502
-0.253843
-0.250808
-0.247027
-0.242751
-0.238345
-0.234019
-0.230342
-0.227093
-0.223334
-0.218650
-0.213318
-0.208027
-0.203212
-0.198605
-0.192105
-0.180598
-0.166519
-0.154042
-0.143006
-0.132207
-0.122392
-0.114218
-0.105609
-0.096070
-0.086831
-0.078877
-0.072274
-0.066853
-0.062889
-0.061200
-0.061519
-0.063164
-0.065105
-0.066465
-0.067176
-0.067655
-0.067980
-0.068137
-0.068184
-0.067922
-0.068058
-0.069693
-0.073022
-0.077115
-0.081406
-0.085680
-0.089640
-0.093306
-0.097146
-0.101040
-0.104981
-0.109792
-0.116182
-0.124771
-0.135429
-0.147061
-0.158788
-0.168761
-0.176205
-0.180907
-0.184036
-0.187514
-0.192398
-0.198217
-0.204369
-0.210615
-0.216880
-0.222873
-0.228184
-0.232633
-0.236120
-0.238372
-0.239715
-0.240726
-0.241411
-0.241710
-0.241520
-0.241317
-0.241301
-0.241372
-0.241378
-0.241032
-0.240244
-0.239123
-0.237914
-0.236698
-0.235255
-0.233265
-0.230423
-0.226763
-0.223084
-0.220269
-0.218897
-0.218899
-0.219714
-0.220680
-0.220978
-0.219995
-0.217780
-0.214706
-0.210793
-0.206480
-0.202470
-0.199422
-0.196790
-0.193006
-0.187660
-0.181531
-0.175638
-0.170489
-0.166302
-0.163683
-0.162927
-0.163724
-0.165376
-0.167127
-0.168827
-0.170508
-0.172436
-0.174540
-0.176932
-0.179182
-0.180000
-0.178770
-0.175488
-0.169944
-0.162964
-0.155657
-0.148096
-0.139353
-0.128299
-0.115501
-0.101327
-0.085474
-0.069404
-0.053742
-0.037221
-0.019170
-0.001007
0.016114
0.033215
0.050957
0.068227
0.083870
0.098232
0.112266
0.126436
0.140443
0.153288
0.165935
0.180719
0.196532
0.212230
0.227802
0.243307
0.257325
0.269067
0.280254
0.291839
0.303256
0.313867
0.322550
0.330106
0.338407
0.347914
0.356845
0.364633
0.371959
0.376719
0.378002
0.377184
0.375640
0.374118
0.372106
0.368853
0.364008
0.357818
0.350764
0.343435
0.335632
0.327357
0.319016
0.309597
0.298084
0.285324
0.273203
0.263557
0.257014
0.252562
0.249330
0.247425
0.246416
0.245458
0.243593
0.240911
0.238566
0.237329
0.237397
0.237337
0.236218
0.233569
0.230174
0.227423
0.225767
0.224884
0.224252
0.222304
0.217959
0.211766
0.205132
0.199332
0.194731
0.190548
0.185489
0.179848
0.173858
0.167797
0.161935
0.155500
0.148449
0.142846
0.138979
0.135688
0.131827
0.126842
0.120935
0.114736
0.109735
0.105988
0.102315
0.097716
0.091367
0.083350
0.075105
0.067675
0.061463
0.057230
0.054855
0.053879
0.054188
0.055461
0.057131
0.058358
0.058867
0.058623
0.057610
0.055788
0.053402
0.051028
0.049562
0.049372
0.049879
0.050455
0.050506
0.049187
0.046157
0.042455
0.038871
0.034881
0.030671
0.028929
0.029918
0.031500
0.032513
0.033286
0.035219
0.038701
0.043114
0.047483
0.051047
0.053090
0.054193
0.055686
0.056805
0.057374
0.058413
0.059793
0.060831
0.061253
0.061241
0.061102
0.061084
0.062100
0.064985
0.069266
0.072395
0.072569
0.070077
0.068500
0.070238
0.074525
0.081235
0.089862
0.098339
0.104836
0.108688
0.110375
0.111053
0.112579
0.117226
0.126290
0.137797
0.147232
0.151951
0.153979
0.156553
0.161205
0.168238
0.177262
0.186097
0.192203
0.195444
0.195565
0.193085
0.189760
0.187148
0.185447
0.184517
0.184411
0.185300
0.186804
0.187554
0.187023
0.185466
0.183157
0.180280
0.176630
0.172394
0.168741
0.165801
0.162530
0.158389
0.153577
0.148033
0.141587
0.134009
0.125441
0.116121
0.105951
0.095753
0.086094
0.077870
0.071999
0.068184
0.064597
0.059697
0.053220
0.046926
0.042264
0.038804
0.035359
0.031583
0.027623
0.024232
0.021928
0.020751
0.020921
0.022329
0.025407
0.029828
0.034384
0.037910
0.039726
0.039837
0.038562
0.036639
0.034626
0.032904
0.031799
0.031236
0.030784
0.029804
0.028157
0.026368
0.025538
0.026369
0.028560
0.030665
0.031542
0.030758
0.028144
0.023893
0.019447
0.016862
0.015760
0.014983
0.014038
0.012037
0.008312
0.002361
-0.005643
-0.013295
-0.018454
-0.021532
-0.023802
-0.026063
-0.029429
-0.035128
-0.043192
-0.052474
-0.060688
-0.067145
-0.072358
-0.076960
-0.080967
-0.084579
-0.088115
-0.091855
-0.096096
-0.100807
-0.106239
-0.113106
-0.121106
-0.128773
-0.135033
-0.139311
-0.141856
-0.143216
-0.144276
-0.146340
-0.151323
-0.159584
-0.169574
-0.178729
-0.184790
-0.187272
-0.186976
-0.184750
-0.181495
-0.178045
-0.174211
-0.168962
-0.160814
-0.149572
-0.136887
-0.125709
-0.117730
-0.111892
-0.107095
-0.102076
-0.096217
-0.089470
-0.082472
-0.076015
-0.072023
-0.071278
-0.071971
-0.071242
-0.067747
-0.062093
-0.055248
-0.048519
-0.043339
-0.040561
-0.039597
-0.039128
-0.037256
-0.031928
-0.023629
-0.014928
-0.007586
-0.001914
0.002612
0.006317
0.009120
0.011195
0.013826
0.018816
0.026473
0.034162
0.039342
0.040946
0.040083
0.038880
0.038510
0.039297
0.040784
0.042055
0.041833
0.039172
0.034545
0.029797
0.027110
0.027562
0.030345
0.033943
0.036896
0.038840
0.039886
0.041815
0.045205
0.048130
0.049314
0.048734
0.046525
0.043305
0.040187
0.037920
0.036142
0.033970
0.030522
0.025767
0.020548
0.015529
0.010570
0.005283
-0.000008
-0.004869
-0.009309
-0.013871
-0.018714
-0.023190
-0.026954
-0.030231
-0.032923
-0.034951
-0.036596
-0.038444
-0.040821
-0.043470
-0.045971
-0.047564
-0.047054
-0.043186
-0.036015
-0.027340
-0.018720
-0.011637
-0.006470
-0.002735
0.000327
0.003415
0.006727
0.009984
0.012609
0.013865
0.013391
0.011021
0.006948
0.001812
-0.003241
-0.007330
-0.010359
-0.011968
-0.012042
-0.011637
-0.011828
-0.013107
-0.015547
-0.018663
-0.021409
-0.023204
-0.024157
-0.024783
-0.025114
-0.024970
-0.024560
-0.024286
-0.024591
-0.025466
-0.026320
-0.026607
-0.026122
-0.024968
-0.023491
-0.022917
-0.024271
-0.028095
-0.034586
-0.043191
-0.052727
-0.061758
-0.068755
-0.073819
-0.077835
-0.081474
-0.085083
-0.088696
-0.092159
-0.094535
-0.095492
-0.095260
-0.094828
-0.095242
-0.097225
-0.100626
-0.104972
-0.109140
-0.112424
-0.115317
-0.118381
-0.121414
-0.123967
-0.125664
-0.126348
-0.126219
-0.125438
-0.124247
-0.123067
-0.122048
-0.120893
-0.118834
-0.115907
-0.113112
-0.110608
-0.107878
-0.104907
-0.102030
-0.099446
-0.097085
-0.094929
-0.093615
-0.093148
-0.092526
-0.090014
-0.085010
-0.078654
-0.072803
-0.068919
-0.067099
-0.066276
-0.065857
-0.065663
-0.065880
-0.066364
-0.067188
-0.068022
-0.068624
-0.068987
-0.069631
-0.071572
-0.076566
-0.083721
-0.090389
-0.094901
-0.096514
-0.095238
-0.091385
-0.086130
-0.080711
-0.076016
-0.072173
-0.068886
-0.065295
-0.060522
-0.055001
-0.049731
-0.045942
-0.044313
-0.044539
-0.045764
-0.046819
-0.046481
-0.044443
-0.041303
-0.037727
-0.034462
-0.032610
-0.032891
-0.035091
-0.037564
-0.038735
-0.037098
-0.032506
-0.025902
-0.018521
-0.011651
-0.006184
-0.002654
-0.000863
-0.000106
-0.000104
-0.000744
-0.001527
-0.001458
0.000302
0.003687
0.008026
0.012158
0.015012
0.015941
0.014455
0.010936
0.006364
0.001790
-0.001789
-0.003466
-0.003228
-0.001866
-0.000152
0.001238
0.001978
0.002270
0.002830
0.004000
0.005541
0.006740
0.006832
0.005069
0.001599
-0.002142
-0.004480
-0.004406
-0.002301
0.000250
0.001984
0.002312
0.001947
0.002254
0.003649
0.005486
0.006836
0.006575
0.003429
-0.002227
-0.008716
-0.014858
-0.020447
-0.025899
-0.031720
-0.038324
-0.045723
-0.053912
-0.062569
-0.071371
-0.079596
-0.086592
-0.091796
-0.093949
-0.093011
-0.089793
-0.085308
-0.080417
-0.075098
-0.068926
-0.061616
-0.052641
-0.042911
-0.034474
-0.029275
-0.027375
-0.026903
-0.024742
-0.019467
-0.012422
-0.005776
-0.001024
0.001724
0.003078
0.003733
0.004119
0.004418
0.004784
0.004669
0.003940
0.002868
0.001079
-0.002411
-0.007968
-0.014882
-0.021619
-0.026393
-0.028441
-0.027890
-0.026624
-0.026045
-0.025702
-0.024296
-0.021181
-0.016267
-0.010147
-0.003596
0.002767
0.008684
0.013875
0.017738
0.019694
0.019732
0.018724
0.018049
0.018316
0.018674
0.017576
0.014176
0.009043
0.003826
-0.000177
-0.002831
-0.004870
-0.006846
-0.008965
-0.011080
-0.013068
-0.014497
-0.015173
-0.014474
-0.011622
-0.005861
0.001620
0.008846
0.015960
0.022713
0.028219
0.031991
0.034299
0.035735
0.037276
0.039873
0.043798
0.048332
0.052706
0.056747
0.060090
0.062518
0.064281
0.066308
0.069555
0.074048
0.079034
0.083579
0.087008
0.088975
0.089599
0.089197
0.088423
0.087833
0.087646
0.087822
0.088734
0.090463
0.092840
0.095960
0.099844
0.104070
0.107833
0.110890
0.113621
0.116729
0.120597
0.125092
0.129447
0.133118
0.135642
0.136961
0.137539
0.137450
0.136875
0.135472
0.133290
0.130470
0.127217
0.123919
0.120599
0.117322
0.114123
0.111176
0.109016
0.107694
0.106652
0.105362
0.103587
0.101062
0.098018
0.095194
0.092890
0.090782
0.088345
0.085429
0.081398
0.076315
0.070353
0.064208
0.058745
0.054158
0.050629
0.048251
0.046870
0.045929
0.044834
0.043328
0.042046
0.041662
0.041975
0.042520
0.042950
0.042935
0.042268
0.040934
0.039027
0.036794
0.034828
0.033499
0.032260
0.030964
0.029967
0.029384
0.028961
0.028896
0.028842
0.028202
0.026706
0.024681
0.022899
0.021709
0.020810
0.020408
0.020988
0.022525
0.024429
0.025943
0.026737
0.027017
0.026935
0.026739
0.027047
0.028357
0.030248
0.032654
0.034938
0.036310
0.037147
0.038016
0.039439
0.040887
0.041493
0.041131
0.039876
0.037616
0.035104
0.033788
0.034238
0.035590
0.036902
0.037436
0.037202
0.036617
0.035777
0.034296
0.031974
0.028983
0.025828
0.023140
0.021589
0.020830
0.020289
0.019860
0.019917
0.020779
0.022181
0.023693
0.024996
0.025673
0.025237
0.023569
0.021305
0.019076
0.017174
0.015477
0.013873
0.012214
0.010843
0.010205
0.010684
0.012410
0.014821
0.016365
0.016238
0.014597
0.011602
0.007581
0.002661
-0.002702
-0.008036
-0.013409
-0.019772
-0.027422
-0.035757
-0.043704
-0.050608
-0.056372
-0.060919
-0.064046
-0.065658
-0.065809
-0.065235
-0.065078
-0.065687
-0.067120
-0.068590
-0.069125
-0.068520
-0.067895
-0.067927
-0.068044
-0.067732
-0.066932
-0.065263
-0.062657
-0.059420
-0.056335
-0.054081
-0.052826
-0.052627
-0.053189
-0.054324
-0.055658
-0.056936
-0.057956
-0.058512
-0.058212
-0.056924
-0.054959
-0.052886
-0.051256
-0.050517
-0.050578
-0.050860
-0.050894
-0.050549
-0.050233
-0.050378
-0.051022
-0.052253
-0.054082
-0.056259
-0.058497
-0.060641
-0.062806
-0.065037
-0.067230
-0.069128
-0.070570
-0.071300
-0.071138
-0.070017
-0.068056
-0.065512
-0.062880
-0.060506
-0.058396
-0.056472
-0.054353
-0.052034
-0.049858
-0.048467
-0.048187
-0.049428
-0.052201
-0.055976
-0.059880
-0.063143
-0.065156
-0.065953
-0.066027
-0.065391
-0.063948
-0.062290
-0.060837
-0.059239
-0.057030
-0.054126
-0.050785
-0.047266
-0.043815
-0.040672
-0.037955
-0.035330
-0.032329
-0.028536
-0.024382
-0.021290
-0.020073
-0.020365
-0.021785
-0.024012
-0.026187
-0.027369
-0.027065
-0.024946
-0.021297
-0.017425
-0.014423
-0.012474
-0.011055
-0.009759
-0.008918
-0.008863
-0.009569
-0.011176
-0.013581
-0.016257
-0.018537
-0.020104
-0.020998
-0.021303
-0.020580
-0.018601
-0.015498
-0.011559
-0.007281
-0.003371
0.000082
0.003417
0.006327
0.008248
0.008742
0.008062
0.007095
0.006469
0.006426
0.007082
0.008067
0.008691
0.008221
0.006521
0.003971
0.001168
-0.001334
-0.003156
-0.004259
-0.004674
-0.004642
-0.004633
-0.004717
-0.004470
-0.003987
-0.003687
-0.003920
-0.004897
-0.006421
-0.007303
-0.006535
-0.004028
0.000008
0.005475
0.012160
0.019323
0.025730
0.030490
0.033547
0.035119
0.036068
0.037191
0.038710
0.040366
0.041991
0.043785
0.046473
0.050179
0.054081
0.057296
0.059475
0.060356
0.059908
0.058439
0.056376
0.054350
0.053287
0.053671
0.055165
0.056874
0.057811
0.057976
0.058073
0.059338
0.062467
0.066974
0.072030
0.076850
0.081002
0.083995
0.085765
0.086706
0.087226
0.087708
0.088606
0.089583
0.089724
0.088541
0.086162
0.082973
0.079637
0.076851
0.074732
0.073186
0.072065
0.071109
0.069910
0.068557
0.067620
0.067806
0.069512
0.072776
0.077132
0.081554
0.085443
0.088372
0.090206
0.091492
0.092984
0.094925
0.097219
0.099693
0.101350
0.101428
0.099895
0.097200
0.094221
0.092061
0.091340
0.091453
0.091190
0.089039
0.084536
0.077953
0.069276
0.059047
0.048138
0.036874
0.025692
0.014950
0.004802
-0.004543
-0.012964
-0.020151
-0.025639
-0.029283
-0.030887
-0.031005
-0.030570
-0.030119
-0.029930
-0.030422
-0.031631
-0.033015
-0.034011
-0.034401
-0.034619
-0.035019
-0.035690
-0.036672
-0.038181
-0.040164
-0.042156
-0.043442
-0.043400
-0.041970
-0.039478
-0.036440
-0.033223
-0.029886
-0.026344
-0.022996
-0.019633
-0.015679
-0.011107
-0.006743
-0.004213
-0.004175
-0.006107
-0.009141
-0.012449
-0.015429
-0.017914
-0.020201
-0.022325
-0.024179
-0.025810
-0.027357
-0.028714
-0.029711
-0.030115
-0.029874
-0.029121
-0.028039
-0.026859
-0.025371
-0.023388
-0.020965
-0.018381
-0.015928
-0.013845
-0.012551
-0.012691
-0.014204
-0.016352
-0.018725
-0.021235
-0.023538
-0.025535
-0.027096
-0.027403
-0.025836
-0.022257
-0.017643
-0.013264
-0.010250
-0.008959
-0.009256
-0.010856
-0.013256
-0.015665
-0.017739
-0.019678
-0.021559
-0.023349
-0.024770
-0.025751
-0.026238
-0.026532
-0.027005
-0.027800
-0.028902
-0.030351
-0.032319
-0.034904
-0.037880
-0.041152
-0.044845
-0.048511
-0.051824
-0.054538
-0.056262
-0.057184
-0.057295
-0.056238
-0.053753
-0.050084
-0.045602
-0.041012
-0.036458
-0.031919
-0.027521
-0.023613
-0.020605
-0.019439
-0.020483
-0.023409
-0.028046
-0.033814
-0.039581
-0.044490
-0.048581
-0.052097
-0.055310
-0.058224
-0.060753
-0.062276
-0.062533
-0.061360
-0.058626
-0.054472
-0.049196
-0.043458
-0.038096
-0.033840
-0.030582
-0.027934
-0.025783
-0.024269
-0.023794
-0.024357
-0.025887
-0.028095
-0.030441
-0.032585
-0.034354
-0.035958
-0.037652
-0.039462
-0.041580
-0.044267
-0.047247
-0.050027
-0.052119
-0.053326
-0.053662
-0.053165
-0.051931
-0.050207
-0.048127
-0.045450
-0.041653
-0.036778
-0.031734
-0.027322
-0.023554
-0.020249
-0.017175
-0.014156
-0.010805
-0.006944
-0.002805
0.001137
0.004565
0.007189
0.009044
0.010458
0.011828
0.013301
0.014725
0.016094
0.017616
0.019273
0.020856
0.022022
0.022297
0.021436
0.019348
0.016426
0.013487
0.011110
0.009365
0.007989
0.006796
0.006062
0.005824
0.005591
0.005047
0.004297
0.003410
0.002527
0.001946
0.001585
0.001048
0.000311
-0.000427
-0.000926
-0.000888
0.000005
0.001794
0.004157
0.006497
0.008450
0.010089
0.011654
0.013130
0.014406
0.015401
0.016117
0.016176
0.015171
0.013321
0.011283
0.009521
0.007637
0.005662
0.004182
0.003716
0.004346
0.005629
0.007476
0.010146
0.013371
0.016767
0.020430
0.024193
0.027326
0.029346
0.030347
0.030112
0.028594
0.026331
0.023899
0.021729
0.020045
0.018889
0.018145
0.017774
0.017701
0.017666
0.017405
0.017033
0.016617
0.016017
0.015037
0.013595
0.011528
0.008842
0.005842
0.002793
-0.000290
-0.003376
-0.006521
-0.009484
-0.012098
-0.014157
-0.015272
-0.014968
-0.013262
-0.010458
-0.006985
-0.003314
0.000001
0.002383
0.004009
0.005624
0.007960
0.011122
0.014770
0.018715
0.022844
0.026905
0.030544
0.033322
0.034711
0.034526
0.032623
0.029262
0.024944
0.020349
0.016119
0.012499
0.009565
0.007647
0.007047
0.007556
0.008785
0.010279
0.011974
0.013277
0.013710
0.013540
0.013222
0.012630
0.011286
0.008990
0.005558
0.000966
-0.004467
-0.010137
-0.015246
-0.019321
-0.022553
-0.024898
-0.026748
-0.028713
-0.030531
-0.031717
-0.032087
-0.031838
-0.031307
-0.030703
-0.030137
-0.029813
-0.029781
-0.029924
-0.030322
-0.031188
-0.032710
-0.034599
-0.036236
-0.037310
-0.037735
-0.037646
-0.037106
-0.035958
-0.034154
-0.031768
-0.029089
-0.026752
-0.025303
-0.024683
-0.024393
-0.024331
-0.024258
-0.023669
-0.022198
-0.019825
-0.016494
-0.012545
-0.008360
-0.004423
-0.001003
0.001886
0.004024
0.005160
0.005257
0.004443
0.002264
-0.001423
-0.006080
-0.011223
-0.016342
-0.021180
-0.025681
-0.030032
-0.034028
-0.037396
-0.040013
-0.042141
-0.043725
-0.044571
-0.044693
-0.044016
-0.042593
-0.040374
-0.037619
-0.034696
-0.031588
-0.027938
-0.023566
-0.018920
-0.014334
-0.010131
-0.006345
-0.002867
0.000274
0.002940
0.005260
0.007084
0.008236
0.008201
0.006558
0.003308
-0.001218
-0.006346
-0.011029
-0.014411
-0.016458
-0.017433
-0.017563
-0.016606
-0.014530
-0.011525
-0.007888
-0.003994
-0.000438
0.002448
0.004743
0.006513
0.007750
0.008868
0.010383
0.012630
0.015633
0.019301
0.023322
0.027256
0.030977
0.034134
0.036385
0.037161
0.036593
0.035043
0.032667
0.029730
0.026733
0.024214
0.022596
0.021872
0.021651
0.021557
0.021204
0.020270
0.018361
0.015428
0.011788
0.008073
0.004610
0.001472
-0.001298
-0.003646
-0.005628
-0.007639
-0.009734
-0.011685
-0.013381
-0.015021
-0.016818
-0.018472
-0.019360
-0.019349
-0.018517
-0.016325
-0.012520
-0.007584
-0.002016
0.003573
0.008211
0.011090
0.012131
0.011561
0.009466
0.005922
0.001342
-0.003625
-0.008624
-0.013398
-0.017462
-0.020237
-0.021358
-0.020660
-0.018145
-0.014061
-0.009124
-0.004472
-0.000904
0.001466
0.002181
0.001325
-0.000634
-0.002979
-0.005057
-0.006671
-0.007751
-0.008249
-0.008195
-0.007777
-0.007346
-0.007109
-0.006903
-0.006561
-0.006025
-0.005184
-0.004022
-0.002524
-0.000848
0.000811
0.002117
0.002964
0.002999
0.002342
0.001679
0.001430
0.001456
0.001887
0.002829
0.004232
0.006515
0.009879
0.014168
0.018971
0.023964
0.029080
0.034123
0.038520
0.041913
0.044344
0.045474
0.045142
0.043570
0.040594
0.036533
0.031885
0.027233
0.023219
0.020114
0.018005
0.016975
0.016960
0.018025
0.020056
0.022776
0.025812
0.028712
0.031129
0.033111
0.034881
0.036107
0.036541
0.036338
0.035506
0.034021
0.031989
0.029449
0.026322
0.022965
0.020013
0.017896
0.016683
0.016120
0.015959
0.016044
0.016477
0.017472
0.019135
0.021388
0.023948
0.026344
0.028084
0.028769
0.028223
0.026576
0.023803
0.020234
0.016462
0.012854
0.009612
0.006899
0.004948
0.003866
0.003645
0.004079
0.005095
0.006299
0.007029
0.006971
0.006352
0.005316
0.004075
0.002812
0.001644
0.000703
0.000267
0.000188
0.000084
0.000734
0.002250
0.003759
0.004895
0.005946
0.007366
0.009296
0.011632
0.013859
0.015737
0.017094
0.017869
0.018223
0.018459
0.018629
0.018712
0.018811
0.019092
0.019358
0.019407
0.019305
0.018970
0.018001
0.016382
0.014447
0.012492
0.010528
0.008340
0.005712
0.002532
-0.001054
-0.004686
-0.007915
-0.010582
-0.012796
-0.014386
-0.015388
-0.016252
-0.017406
-0.018996
-0.020914
-0.022961
-0.025037
-0.026901
-0.028236
-0.028849
-0.028630
-0.027493
-0.025455
-0.022785
-0.019494
-0.015781
-0.011982
-0.008055
-0.004099
-0.000527
0.002443
0.005025
0.007035
0.008586
0.009827
0.010441
0.010227
0.009383
0.008271
0.006939
0.005549
0.004418
0.003626
0.003065
0.002698
0.002569
0.002455
0.002549
0.003277
0.004836
0.006694
0.008122
0.008411
0.007697
0.006462
0.004993
0.003623
0.002563
0.001750
0.000862
-0.000349
-0.002012
-0.004039
-0.006295
-0.008782
-0.011564
-0.014400
-0.016980
-0.019264
-0.021497
-0.023360
-0.024246
-0.023726
-0.022132
-0.019829
-0.017320
-0.015142
-0.013508
-0.012235
-0.010949
-0.009439
-0.007708
-0.005418
-0.002256
0.001651
0.005870
0.010073
0.013952
0.017413
0.020493
0.023060
0.024966
0.026201
0.026997
0.027677
0.028397
0.029133
0.029876
0.030596
0.031217
0.031530
0.031547
0.031391
0.031102
0.030722
0.030094
0.029121
0.027921
0.026689
0.025617
0.024510
0.023233
0.021869
0.020156
0.017615
0.014141
0.010023
0.005359
0.000440
-0.004210
-0.008415
-0.012315
-0.015842
-0.018759
-0.020948
-0.022403
-0.023047
-0.022496
-0.020682
-0.017984
-0.014521
-0.010264
-0.005178
0.000349
0.005677
0.010492
0.014784
0.018483
0.021591
0.024184
0.026157
0.027547
0.028530
0.029194
0.029649
0.029722
0.029466
0.029179
0.028848
0.028317
0.027991
0.028094
0.028739
0.029939
0.031530
0.033193
0.034325
0.034513
0.033771
0.032120
0.029110
0.025063
0.020866
0.016589
0.012364
0.008826
0.005973
0.003355
0.001015
-0.000883
-0.002384
-0.003859
-0.005440
-0.006968
-0.008133
-0.008619
-0.008511
-0.008208
-0.007972
-0.007897
-0.008028
-0.008302
-0.008424
-0.008040
-0.007041
-0.005684
-0.004036
-0.001895
0.000749
0.003856
0.007676
0.011760
0.015119
0.017300
0.018271
0.018203
0.017296
0.015760
0.014167
0.013122
0.012470
0.011862
0.011252
0.010651
0.009903
0.008925
0.007679
0.006125
0.004243
0.001841
-0.001264
-0.004979
-0.008670
-0.011487
-0.013114
-0.013521
-0.013159
-0.012581
-0.012118
-0.012078
-0.012758
-0.013949
-0.015110
-0.015903
-0.016216
-0.015829
-0.014515
-0.012099
-0.008705
-0.004933
-0.001392
0.001678
0.004435
0.006562
0.007982
0.008692
0.008962
0.008990
0.008851
0.008695
0.008583
0.008500
0.008281
0.007294
0.005382
0.003120
0.000842
-0.001429
-0.003484
-0.004965
-0.005354
-0.004742
-0.003754
-0.002985
-0.002721
-0.002888
-0.003293
-0.003567
-0.003609
-0.003513
-0.003828
-0.005032
-0.007360
-0.010611
-0.014291
-0.017963
-0.021630
-0.025097
-0.027869
-0.029925
-0.031411
-0.032380
-0.032763
-0.032542
-0.031927
-0.031203
-0.030333
-0.029138
-0.027594
-0.025661
-0.023211
-0.020223
-0.016656
-0.012299
-0.007279
-0.001699
0.004097
0.009273
0.012839
0.014496
0.014445
0.012498
0.009234
0.005641
0.002342
-0.000493
-0.002632
-0.003987
-0.004693
-0.005022
-0.005210
-0.005496
-0.005809
-0.005993
-0.006033
-0.006076
-0.006322
-0.006813
-0.007582
-0.008545
-0.009664
-0.010995
-0.012588
-0.014557
-0.016852
-0.019351
-0.021998
-0.024798
-0.027521
-0.029990
-0.032258
-0.034416
-0.036497
-0.038326
-0.039766
-0.040826
-0.041723
-0.042657
-0.043393
-0.043576
-0.043060
-0.041939
-0.040388
-0.038403
-0.035982
-0.033073
-0.029535
-0.025227
-0.020505
-0.015829
-0.011375
-0.007690
-0.005253
-0.004210
-0.004085
-0.004320
-0.004843
-0.005569
-0.005989
-0.005683
-0.004706
-0.003401
-0.002085
-0.000879
-0.000042
0.000182
0.000050
-0.000089
-0.000466
-0.001246
-0.002392
-0.003958
-0.006048
-0.008624
-0.011479
-0.014544
-0.017691
-0.020496
-0.022784
-0.024892
-0.027228
-0.029523
-0.031262
-0.032281
-0.032651
-0.032367
-0.031394
-0.029841
-0.028062
-0.026507
-0.025450
-0.024639
-0.023734
-0.022731
-0.021608
-0.020023
-0.017613
-0.014635
-0.011406
-0.007856
-0.003826
0.000393
0.004667
0.009208
0.013607
0.017341
0.020183
0.022206
0.023488
0.023924
0.023597
0.022953
0.022423
0.022367
0.023019
0.024234
0.025559
0.026788
0.027893
0.028707
0.029203
0.029498
0.029588
0.029646
0.029828
0.030378
0.031423
0.032492
0.032894
0.032365
0.031169
0.029545
0.027436
0.024927
0.021999
0.018967
0.016348
0.014218
0.012520
0.011695
0.012017
0.013312
0.015063
0.016655
0.018075
0.019374
0.020355
0.020639
0.020255
0.019585
0.018665
0.017390
0.015715
0.013754
0.011574
0.009201
0.006792
0.004827
0.003467
0.002476
0.001794
0.001539
0.002047
0.003519
0.005735
0.008147
0.010465
0.012555
0.014023
0.014545
0.014162
0.013293
0.011864
0.009867
0.007534
0.005097
0.002843
0.001131
0.000002
-0.000475
-0.000215
0.000503
0.001065
0.000936
0.000028
-0.001476
-0.003355
-0.005172
-0.006714
-0.007933
-0.008683
-0.009018
-0.009114
-0.009114
-0.008966
-0.008571
-0.007956
-0.007434
-0.006991
-0.006293
-0.005367
-0.004376
-0.003213
-0.001661
0.000290
0.002671
0.005486
0.008488
0.011036
0.012705
0.013305
0.013052
0.012368
0.011717
0.011244
0.010594
0.009815
0.009182
0.008792
0.008610
0.009004
0.010109
0.011690
0.013624
0.015877
0.018479
0.021056
0.023100
0.024705
0.026043
0.027020
0.027521
0.027720
0.027903
0.028129
0.028243
0.028035
0.027455
0.026333
0.024632
0.022519
0.020141
0.017637
0.015301
0.013304
0.011526
0.009986
0.008778
0.007963
0.007507
0.007336
0.007427
0.007655
0.007802
0.007634
0.006989
0.005825
0.004338
0.002828
0.001520
0.000305
-0.000952
-0.002156
-0.003244
-0.004174
-0.004885
-0.005302
-0.005460
-0.005452
-0.005059
-0.004367
-0.003726
-0.003397
-0.003340
-0.003481
-0.003780
-0.004339
-0.005451
-0.007087
-0.009011
-0.010873
-0.012381
-0.013603
-0.014620
-0.015350
-0.015637
-0.015576
-0.015402
-0.015140
-0.014570
-0.013643
-0.012507
-0.011341
-0.010334
-0.009745
-0.009543
-0.009576
-0.009884
-0.010191
-0.010015
-0.009380
-0.008631
-0.007898
-0.007177
-0.006526
-0.005835
-0.005099
-0.004566
-0.004210
-0.003970
-0.003933
-0.004213
-0.004943
-0.005535
-0.005342
-0.004914
-0.004553
-0.003801
-0.002591
-0.001439
-0.000668
-0.000248
-0.000051
-0.000085
-0.000469
-0.001207
-0.002009
-0.002763
-0.003562
-0.004423
-0.005307
-0.006087
-0.006534
-0.006696
-0.006619
-0.006103
-0.005310
-0.004631
-0.004333
-0.004439
-0.004983
-0.006090
-0.007746
-0.009631
-0.011335
-0.012738
-0.013939
-0.015054
-0.015847
-0.016055
-0.015576
-0.014531
-0.013098
-0.011412
-0.009607
-0.007808
-0.006062
-0.004213
-0.001976
0.000687
0.003498
0.006070
0.008469
0.010912
0.013168
0.014931
0.016093
0.016658
0.016719
0.016235
0.015391
0.014541
0.013821
0.013169
0.012480
0.011886
0.011709
0.012322
0.013661
0.015244
0.016869
0.018636
0.020283
0.021539
0.022403
0.022827
0.022784
0.022188
0.021290
0.020605
0.020394
0.020590
0.021318
0.022403
0.023363
0.023694
0.023170
0.021614
0.019332
0.016913
0.014464
0.011906
0.009243
0.006737
0.004730
0.003445
0.002786
0.002462
0.002362
0.002512
0.002772
0.002977
0.003104
0.003152
0.003074
0.002841
0.002488
0.002144
0.001992
0.002126
0.002337
0.002320
0.001970
0.001188
-0.000069
-0.001548
-0.002984
-0.004510
-0.006130
-0.007680
-0.009010
-0.010110
-0.010973
-0.011414
-0.011306
-0.010992
-0.010929
-0.011084
-0.011326
-0.011646
-0.012452
-0.013875
-0.015671
-0.017534
-0.019348
-0.021350
-0.023533
-0.025334
-0.026315
-0.026546
-0.026258
-0.025618
-0.024631
-0.023298
-0.021708
-0.020126
-0.018756
-0.017623
-0.016813
-0.016337
-0.016057
-0.015754
-0.014916
-0.013319
-0.011120
-0.008521
-0.005795
-0.003371
-0.001642
-0.000829
-0.001082
-0.002212
-0.003874
-0.005816
-0.007844
-0.009391
-0.010058
-0.009918
-0.009017
-0.007298
-0.004646
-0.001326
0.002245
0.005590
0.008336
0.010009
0.010733
0.011112
0.011202
0.010852
0.010009
0.008843
0.007278
0.005334
0.003257
0.001265
-0.000500
-0.001768
-0.002639
-0.003482
-0.004547
-0.005931
-0.007604
-0.009338
-0.010753
-0.011478
-0.011380
-0.010516
-0.009152
-0.007648
-0.006395
-0.005438
-0.004289
-0.002904
-0.001670
-0.001021
-0.001036
-0.001596
-0.002541
-0.003701
-0.004811
-0.005701
-0.006145
-0.006291
-0.006445
-0.006675
-0.006996
-0.007868
-0.009338
-0.010986
-0.012300
-0.013005
-0.013116
-0.012589
-0.011099
-0.008536
-0.005340
-0.002173
0.000593
0.002997
0.004755
0.005793
0.005956
0.005290
0.004025
0.002407
0.000683
-0.000722
-0.001532
-0.001698
-0.001454
-0.001104
-0.000735
-0.000479
-0.000512
-0.000924
-0.001672
-0.002806
-0.004341
-0.006553
-0.009463
-0.012807
-0.016022
-0.018660
-0.020731
-0.022283
-0.023149
-0.023423
-0.023430
-0.023119
-0.022444
-0.021163
-0.019189
-0.016551
-0.013176
-0.009279
-0.005379
-0.001854
0.001279
0.004405
0.007543
0.010397
0.013163
0.016081
0.018684
0.020578
0.021730
0.022129
0.021806
0.021016
0.019925
0.018568
0.017022
0.015371
0.013736
0.012023
0.009840
0.007174
0.004373
0.001855
-0.000224
-0.001630
-0.002200
-0.001853
-0.000516
0.001496
0.003998
0.006719
0.009140
0.011070
0.012660
0.013991
0.015045
0.015442
0.015110
0.014266
0.013045
0.011500
0.009729
0.007733
0.005408
0.002960
0.000673
-0.001566
-0.003882
-0.006098
-0.007868
-0.009111
-0.010029
-0.010809
-0.011349
-0.011581
-0.011605
-0.011446
-0.011100
-0.010378
-0.009345
-0.008332
-0.007453
-0.006726
-0.006443
-0.006786
-0.007630
-0.008614
-0.009516
-0.010726
-0.012035
-0.012702
-0.012786
-0.012763
-0.012606
-0.012160
-0.011473
-0.010774
-0.010264
-0.009874
-0.009479
-0.008998
-0.008292
-0.007287
-0.006248
-0.005512
-0.005369
-0.005505
-0.005434
-0.005343
-0.005432
-0.005438
-0.005093
-0.004421
-0.003626
-0.002849
-0.002020
-0.000841
0.000962
0.003277
0.005680
0.007718
0.009123
0.009828
0.009587
0.008413
0.006413
0.003988
0.001633
-0.000288
-0.001596
-0.002210
-0.002117
-0.001146
0.000681
0.002925
0.005057
0.006846
0.008193
0.008781
0.008538
0.007470
0.005908
0.004439
0.003367
0.002737
0.002815
0.003656
0.004847
0.005876
0.006658
0.007410
0.008273
0.008994
0.009429
0.009605
0.009623
0.009546
0.009269
0.008851
0.008605
0.008470
0.008162
0.007381
0.006163
0.004823
0.003468
0.002097
0.001159
0.000906
0.001200
0.001579
0.001649
0.001370
0.000843
0.000075
-0.000812
-0.001605
-0.002268
-0.002832
-0.003267
-0.003580
-0.003851
-0.004095
-0.004292
-0.004486
-0.004675
-0.004777
-0.004923
-0.005292
-0.005547
-0.005279
-0.004362
-0.002851
-0.000908
0.001149
0.003040
0.004727
0.006180
0.007387
0.008170
0.008554
0.008684
0.008688
0.008662
0.008621
0.008595
0.008733
0.009056
0.009432
0.009873
0.010416
0.011050
0.011765
0.012538
0.013236
0.013834
0.014370
0.014784
0.014986
0.014708
0.013745
0.012116
0.010010
0.007700
0.005250
0.002773
0.000732
-0.000332
-0.000386
0.000332
0.001593
0.003238
0.004881
0.006131
0.006792
0.007007
0.006958
0.006694
0.006353
0.006337
0.006899
0.008019
0.009381
0.010652
0.011931
0.013275
0.014415
0.015024
0.015007
0.014355
0.013383
0.012422
0.011697
0.011314
0.011271
0.011542
0.012208
0.013191
0.014230
0.015154
0.015911
0.016471
0.016832
0.016970
0.016901
0.016664
0.016222
0.015511
0.014522
0.013440
0.012449
0.011383
0.010144
0.008821
0.007599
0.006590
0.005656
0.004718
0.003968
0.003572
0.003527
0.004108
0.005464
0.007405
0.009181
0.010186
0.010772
0.011319
0.011626
0.011511
0.011084
0.010197
0.008764
0.006981
0.005002
0.002837
0.000613
-0.001411
-0.002688
-0.003197
-0.003486
-0.003872
-0.004334
-0.004661
-0.004847
-0.005080
-0.005511
-0.006097
-0.006820
-0.007702
-0.008807
-0.010173
-0.011727
-0.013143
-0.014215
-0.014938
-0.015398
-0.015675
-0.015650
-0.015269
-0.014561
-0.013536
-0.012226
-0.010731
-0.009245
-0.008089
-0.007342
-0.006761
-0.006107
-0.005263
-0.004056
-0.002473
-0.000673
0.001149
0.002710
0.003577
0.003693
0.003292
0.002404
0.001142
-0.000441
-0.002214
-0.004030
-0.005905
-0.007901
-0.009817
-0.011531
-0.012885
-0.013808
-0.014368
-0.014580
-0.014478
-0.014226
-0.013783
-0.013057
-0.012261
-0.011581
-0.011130
-0.010926
-0.010892
-0.010944
-0.011062
-0.011325
-0.011877
-0.012777
-0.013788
-0.014656
-0.015382
-0.016151
-0.017091
-0.018066
-0.018979
-0.019947
-0.020977
-0.021839
-0.022361
-0.022615
-0.022622
-0.022564
-0.022702
-0.023042
-0.023419
-0.023704
-0.023832
-0.023745
-0.023230
-0.022190
-0.020810
-0.019426
-0.018275
-0.017264
-0.016277
-0.015591
-0.015302
-0.015312
-0.015543
-0.015906
-0.016322
-0.016678
-0.016780
-0.016657
-0.016478
-0.016411
-0.016567
-0.016947
-0.017594
-0.018536
-0.019752
-0.021005
-0.021922
-0.022455
-0.022845
-0.023307
-0.023849
-0.024266
-0.024611
-0.025148
-0.025939
-0.026803
-0.027562
-0.028173
-0.028635
-0.028922
-0.029052
-0.029047
-0.028893
-0.028568
-0.027956
-0.026966
-0.025749
-0.024489
-0.023257
-0.022062
-0.020825
-0.019430
-0.017868
-0.016227
-0.014532
-0.012770
-0.010719
-0.008348
-0.005822
-0.003170
-0.000486
0.001980
0.003915
0.005286
0.006264
0.006999
0.007472
0.007493
0.007022
0.006145
0.004982
0.003571
0.002112
0.000891
0.000130
-0.000235
-0.000356
-0.000377
-0.000397
-0.000517
-0.000849
-0.001558
-0.002663
-0.003944
-0.005202
-0.006345
-0.007391
-0.008344
-0.009202
-0.010007
-0.010793
-0.011425
-0.011892
-0.012378
-0.012879
-0.013206
-0.013275
-0.013171
-0.012852
-0.012263
-0.011488
-0.010621
-0.009781
-0.009211
-0.009086
-0.009453
-0.010257
-0.011245
-0.012129
-0.012700
-0.012902
-0.012836
-0.012714
-0.012620
-0.012304
-0.011451
-0.010158
-0.008709
-0.007285
-0.006078
-0.005315
-0.005124
-0.005302
-0.005571
-0.005827
-0.006030
-0.006110
-0.005946
-0.005281
-0.004046
-0.002429
-0.000339
0.002280
0.005025
0.007391
0.009188
0.010176
0.010333
0.009846
0.008942
0.007790
0.006444
0.004975
0.003642
0.002524
0.001469
0.000531
-0.000129
-0.000665
-0.001130
-0.001377
-0.001406
-0.001370
-0.001267
-0.001029
-0.000488
0.000396
0.001412
0.002072
0.002281
0.002376
0.002534
0.002758
0.003159
0.003818
0.004673
0.005647
0.006664
0.007550
0.008234
0.008749
0.009202
0.009721
0.010182
0.010549
0.010908
0.011283
0.011651
0.012126
0.012751
0.013532
0.014513
0.015651
0.016811
0.017887
0.018892
0.019700
0.020171
0.020266
0.020185
0.020109
0.019878
0.019273
0.018398
0.017458
0.016558
0.015763
0.015085
0.014589
0.014311
0.014254
0.014270
0.014152
0.013771
0.013183
0.012523
0.011788
0.010928
0.009870
0.008646
0.007386
0.006344
0.005687
0.005354
0.005152
0.004883
0.004544
0.004187
0.003719
0.003244
0.003058
0.003295
0.003861
0.004628
0.005508
0.006451
0.007387
0.008189
0.008857
0.009482
0.010173
0.010724
0.010940
0.011058
0.011348
0.011797
0.012293
0.012798
0.013444
0.014177
0.014566
0.014494
0.014162
0.013606
0.012913
0.012512
0.012456
0.012201
0.011540
0.010764
0.010033
0.009131
0.007901
0.006424
0.004826
0.003060
0.001287
-0.000170
-0.000955
-0.000988
-0.000285
0.000890
0.002107
0.003210
0.004152
0.004759
0.004859
0.004479
0.003567
0.002187
0.000552
-0.001382
-0.003823
-0.006599
-0.009280
-0.011549
-0.013486
-0.015344
-0.016904
-0.017933
-0.018569
-0.018945
-0.019031
-0.018598
-0.017626
-0.016382
-0.015186
-0.014134
-0.013113
-0.012088
-0.011153
-0.010353
-0.009605
-0.008760
-0.007784
-0.006745
-0.005589
-0.004237
-0.002825
-0.001503
-0.000267
0.001010
0.002437
0.003945
0.005438
0.006800
0.007821
0.008391
0.008766
0.009000
0.008818
0.008363
0.007997
0.007730
0.007467
0.007171
0.006896
0.006695
0.006630
0.006683
0.006744
0.006753
0.006738
0.006793
0.006898
0.006945
0.006833
0.006607
0.006496
0.006535
0.006549
0.006553
0.006657
0.006787
0.006802
0.006609
0.006269
0.005812
0.005217
0.004492
0.003679
0.002782
0.001815
0.000830
-0.000149
-0.001133
-0.002116
-0.003110
-0.004182
-0.005349
-0.006568
-0.007796
-0.008940
-0.009820
-0.010272
-0.010243
-0.009779
-0.008934
-0.007585
-0.006086
-0.004901
-0.004004
-0.003213
-0.002571
-0.002257
-0.002306
-0.002629
-0.003103
-0.003544
-0.003621
-0.003189
-0.002542
-0.001896
-0.001209
-0.000371
0.000636
0.001678
0.002669
0.003569
0.004286
0.004759
0.004954
0.004765
0.004068
0.002990
0.001793
0.000661
-0.000378
-0.001240
-0.001662
-0.001565
-0.001142
-0.000502
0.000487
0.001985
0.003894
0.005785
0.007294
0.008240
0.008479
0.008011
0.007039
0.005822
0.004500
0.003054
0.001514
0.000157
-0.000942
-0.001855
-0.002487
-0.002781
-0.002495
-0.001850
-0.001379
-0.001335
-0.001592
-0.001980
-0.002658
-0.003921
-0.005653
-0.007453
-0.009190
-0.010988
-0.012935
-0.014700
-0.015928
-0.016561
-0.016717
-0.016477
-0.015699
-0.014379
-0.012748
-0.010906
-0.008790
-0.006533
-0.004390
-0.002452
-0.000698
0.000863
0.001922
0.002542
0.003168
0.003900
0.004612
0.005510
0.006602
0.007619
0.008634
0.009776
0.010776
0.011354
0.011527
0.011451
0.011251
0.010839
0.010154
0.009311
0.008619
0.008209
0.008003
0.008027
0.008388
0.008975
0.009517
0.009925
0.010042
0.009720
0.009035
0.008116
0.006864
0.005265
0.003463
0.001507
-0.000485
-0.002141
-0.003237
-0.003791
-0.003840
-0.003462
-0.002796
-0.001975
-0.001128
-0.000526
-0.000331
-0.000521
-0.001017
-0.001795
-0.003112
-0.004989
-0.007066
-0.009032
-0.010777
-0.012191
-0.013223
-0.013916
-0.014339
-0.014565
-0.014491
-0.013994
-0.012879
-0.011108
-0.008791
-0.005893
-0.002552
0.000985
0.004355
0.007264
0.009365
0.010706
0.011458
0.011680
0.011541
0.010849
0.009637
0.008411
0.007336
0.006239
0.005163
0.004216
0.003392
0.002581
0.001727
0.000918
0.000208
-0.000415
-0.000946
-0.001374
-0.001559
-0.001491
-0.001345
-0.001175
-0.000926
-0.000764
-0.000781
-0.000905
-0.001157
-0.001576
-0.002291
-0.003353
-0.004750
-0.006071
-0.006884
-0.007107
-0.006890
-0.006376
-0.005649
-0.004840
-0.003853
-0.002631
-0.001241
-0.000036
0.000696
0.000761
0.000216
-0.000832
-0.002344
-0.004103
-0.005609
-0.006553
-0.006926
-0.006749
-0.006102
-0.005078
-0.003792
-0.002208
-0.000457
0.001263
0.002972
0.004698
0.006357
0.007756
0.008870
0.009989
0.011209
0.012383
0.013540
0.014841
0.016226
0.017404
0.018239
0.019098
0.020203
0.021266
0.022138
0.022936
0.023677
0.024278
0.024596
0.024652
0.024576
0.024403
0.024154
0.023771
0.023146
0.022166
0.020708
0.018922
0.017202
0.015687
0.014224
0.012862
0.011710
0.010807
0.010122
0.009635
0.009268
0.008963
0.008672
0.008244
0.007578
0.006793
0.006018
0.005050
0.003830
0.002619
0.001694
0.001136
0.000869
0.000766
0.000781
0.001039
0.001586
0.002242
0.002818
0.003254
0.003390
0.003206
0.002643
0.001722
0.000619
-0.000351
-0.000962
-0.001146
-0.001035
-0.000795
-0.000496
-0.000226
-0.000124
-0.000146
-0.000053
0.000235
0.000634
0.001027
0.001426
0.001902
0.002478
0.003099
0.003735
0.004413
0.005216
0.005984
0.006518
0.006777
0.006796
0.006449
0.005669
0.004671
0.003642
0.002606
0.001569
0.000573
-0.000381
-0.001288
-0.002124
-0.002865
-0.003552
-0.004258
-0.005026
-0.005829
-0.006592
-0.007376
-0.008266
-0.009112
-0.009849
-0.010704
-0.011722
-0.012752
-0.013753
-0.014812
-0.016041
-0.017296
-0.018370
-0.019390
-0.020493
-0.021575
-0.022576
-0.023570
-0.024451
-0.024992
-0.025017
-0.024624
-0.024068
-0.023487
-0.022789
-0.021800
-0.020331
-0.018317
-0.015925
-0.013417
-0.010941
-0.008727
-0.006964
-0.005555
-0.004370
-0.003370
-0.002561
-0.001974
-0.001521
-0.001125
-0.000843
-0.000560
-0.000094
0.000462
0.000941
0.001252
0.001346
0.001194
0.000716
-0.000009
-0.000575
-0.000721
-0.000477
0.000107
0.000869
0.001637
0.002298
0.002750
0.002707
0.002152
0.001247
-0.000025
-0.001588
-0.003224
-0.004815
-0.006320
-0.007507
-0.008194
-0.008341
-0.008089
-0.007620
-0.007113
-0.006667
-0.006206
-0.005668
-0.005199
-0.004926
-0.004858
-0.004832
-0.004723
-0.004534
-0.004377
-0.004339
-0.004357
-0.004409
-0.004611
-0.004921
-0.005144
-0.005241
-0.005299
-0.005274
-0.005066
-0.004684
-0.004188
-0.003636
-0.002898
-0.001946
-0.000981
-0.000116
0.000753
0.001778
0.002770
0.003475
0.003937
0.004331
0.004688
0.004818
0.004563
0.003908
0.002958
0.001736
0.000423
-0.000800
-0.002103
-0.003486
-0.004588
-0.005423
-0.006335
-0.007372
-0.008379
-0.009219
-0.009936
-0.010624
-0.011234
-0.011772
-0.012307
-0.012680
-0.012694
-0.012528
-0.012387
-0.011963
-0.011159
-0.010238
-0.009169
-0.007863
-0.006424
-0.005042
-0.003761
-0.002552
-0.001439
-0.000529
0.000121
0.000594
0.001083
0.001632
0.002034
0.002253
0.002349
0.002371
0.002397
0.002463
0.002487
0.002435
0.002426
0.002485
0.002509
0.002633
0.002990
0.003632
0.004436
0.005293
0.006173
0.007102
0.008085
0.008971
0.009555
0.009907
0.010232
0.010472
0.010672
0.010958
0.011114
0.011055
0.011120
0.011440
0.011840
0.012281
0.012790
0.013364
0.013993
0.014658
0.015237
0.015642
0.015772
0.015623
0.015464
0.015329
0.015001
0.014465
0.013773
0.012959
0.012257
0.011831
0.011502
0.011131
0.010677
0.010165
0.009731
0.009536
0.009403
0.009065
0.008547
0.007950
0.007235
0.006467
0.005742
0.005039
0.004367
0.003749
0.003115
0.002402
0.001770
0.001351
0.001106
0.000898
0.000672
0.000583
0.000767
0.001302
0.002136
0.003078
0.003898
0.004571
0.005361
0.006253
0.006985
0.007403
0.007672
0.007997
0.008255
0.008276
0.008116
0.007893
0.007530
0.007096
0.006771
0.006496
0.006157
0.005799
0.005565
0.005497
0.005536
0.005575
0.005562
0.005569
0.005667
0.005628
0.005308
0.004810
0.004328
0.003983
0.003613
0.003124
0.002553
0.001920
0.001273
0.000646
0.000224
0.000259
0.000594
0.000971
0.001535
0.002328
0.003129
0.003860
0.004558
0.005233
0.005917
0.006762
0.007758
0.008713
0.009443
0.009843
0.009904
0.009897
0.009989
0.009781
0.009193
0.008588
0.008107
0.007699
0.007436
0.007469
0.007769
0.008101
0.008217
0.008083
0.007694
0.007004
0.005979
0.004671
0.003134
0.001500
-0.000068
-0.001369
-0.002412
-0.003359
-0.004233
-0.005010
-0.005834
-0.006792
-0.007845
-0.008907
-0.009929
-0.010986
-0.012096
-0.013047
-0.013816
-0.014489
-0.015009
-0.015337
-0.015435
-0.015273
-0.014759
-0.013837
-0.012575
-0.010936
-0.009068
-0.007314
-0.005542
-0.003638
-0.002045
-0.000973
-0.000185
0.000461
0.001079
0.001868
0.002675
0.003180
0.003305
0.003163
0.002819
0.002306
0.001656
0.000907
0.000145
-0.000523
-0.001073
-0.001549
-0.001833
-0.001839
-0.001546
-0.001060
-0.000543
0.000014
0.000677
0.001406
0.002085
0.002635
0.003038
0.003355
0.003641
0.003857
0.003899
0.003595
0.003254
0.003345
0.003437
0.003120
0.002679
0.002402
0.002224
0.002036
0.001845
0.001772
0.001824
0.002113
0.002719
0.003364
0.003702
0.003785
0.003893
0.004102
0.004262
0.004254
0.004109
0.003888
0.003604
0.003237
0.002985
0.002899
0.002686
0.002307
0.001951
0.001592
0.001177
0.000807
0.000620
0.000582
0.000446
0.000135
-0.000241
-0.000419
-0.000327
-0.000209
-0.000119
0.000180
0.000729
0.001328
0.001846
0.002348
0.003020
0.003861
0.004732
0.005566
0.006336
0.006987
0.007540
0.008018
0.008234
0.008057
0.007657
0.007191
0.006700
0.006237
0.005837
0.005525
0.005416
0.005594
0.006051
0.006633
0.007177
0.007805
0.008602
0.009354
0.009804
0.009905
0.009646
0.009094
0.008393
0.007669
0.007002
0.006385
0.005835
0.005503
0.005504
0.005875
0.006458
0.007081
0.007861
0.008767
0.009631
0.010312
0.010745
0.010837
0.010675
0.010430
0.010020
0.009446
0.008991
0.008818
0.008843
0.009002
0.009236
0.009434
0.009572
0.009716
0.009812
0.009734
0.009380
0.008794
0.008146
0.007639
0.007359
0.007360
0.007525
0.007586
0.007196
0.006469
0.005905
0.005309
0.004301
0.003101
0.002003
0.000844
-0.000295
-0.001103
-0.001325
-0.001060
-0.000479
0.000326
0.001242
0.002207
0.003168
0.004084
0.004899
0.005531
0.005708
0.005360
0.004697
0.003935
0.003168
0.002388
0.001587
0.000785
0.000018
-0.000701
-0.001340
-0.001752
-0.001783
-0.001540
-0.001187
-0.000607
0.000219
0.001095
0.001897
0.002617
0.003260
0.003747
0.003995
0.003992
0.003813
0.003321
0.002538
0.001680
0.000846
0.000029
-0.000729
-0.001354
-0.001802
-0.002067
-0.002162
-0.002082
-0.001913
-0.001814
-0.001756
-0.001629
-0.001387
-0.001124
-0.000926
-0.000666
-0.000231
0.000172
0.000368
0.000403
0.000487
0.000722
0.000966
0.000929
0.000422
-0.000397
-0.001282
-0.002301
-0.003426
-0.004405
-0.004985
-0.005148
-0.005212
-0.005315
-0.005330
-0.005097
-0.004650
-0.004345
-0.004218
-0.004012
-0.003722
-0.003504
-0.003411
-0.003283
-0.002948
-0.002544
-0.002289
-0.002302
-0.002473
-0.002611
-0.002812
-0.003175
-0.003614
-0.004107
-0.004718
-0.005259
-0.005614
-0.005994
-0.006420
-0.006662
-0.006713
-0.006717
-0.006741
-0.006618
-0.006215
-0.006029
-0.006372
-0.006655
-0.006593
-0.006514
-0.006626
-0.006879
-0.007252
-0.007676
-0.008091
-0.008599
-0.009215
-0.009888
-0.010699
-0.011736
-0.012816
-0.013720
-0.014205
-0.014224
-0.013931
-0.013424
-0.012775
-0.012092
-0.011354
-0.010521
-0.009664
-0.008825
-0.007803
-0.006743
-0.006069
-0.005796
-0.005644
-0.005365
-0.005096
-0.005078
-0.005118
-0.004974
-0.004727
-0.004510
-0.004368
-0.004554
-0.005168
-0.005837
-0.006328
-0.006727
-0.007219
-0.007819
-0.008313
-0.008503
-0.008350
-0.008018
-0.007685
-0.007418
-0.007161
-0.006826
-0.006496
-0.006226
-0.005911
-0.005680
-0.005804
-0.006075
-0.006197
-0.006235
-0.006397
-0.006773
-0.007126
-0.007309
-0.007485
-0.007969
-0.008826
-0.009806
-0.010645
-0.011191
-0.011483
-0.011617
-0.011635
-0.011569
-0.011390
-0.011027
-0.010426
-0.009649
-0.008979
-0.008729
-0.008801
-0.008861
-0.008762
-0.008627
-0.008847
-0.009245
-0.009299
-0.009161
-0.009192
-0.009371
-0.009412
-0.009065
-0.008422
-0.007941
-0.008158
-0.008754
-0.008972
-0.008656
-0.008163
-0.007771
-0.007398
-0.006917
-0.006482
-0.006265
-0.006333
-0.006646
-0.007155
-0.007563
-0.007688
-0.007766
-0.007977
-0.008307
-0.008543
-0.008603
-0.008500
-0.008396
-0.008464
-0.008600
-0.008709
-0.008892
-0.009211
-0.009597
-0.009843
-0.009921
-0.010015
-0.010120
-0.010060
-0.009811
-0.009542
-0.009200
-0.008635
-0.007905
-0.007184
-0.006558
-0.005844
-0.004930
-0.003909
-0.002979
-0.002203
-0.001472
-0.000769
-0.000192
0.000168
0.000366
0.000473
0.000512
0.000453
0.000309
0.000192
0.000280
0.000546
0.000759
0.000826
0.000857
0.001014
0.001301
0.001579
0.001410
0.000789
0.000276
-0.000092
-0.000747
-0.001797
-0.002957
-0.004044
-0.005128
-0.006171
-0.007033
-0.007700
-0.008168
-0.008520
-0.008849
-0.008961
-0.008709
-0.008153
-0.007465
-0.006796
-0.006114
-0.005263
-0.004042
-0.002599
-0.001219
0.000056
0.001267
0.002483
0.003750
0.005007
0.006250
0.007517
0.008897
0.010314
0.011594
0.012530
0.013157
0.013736
0.014234
0.014512
0.014728
0.015033
0.015328
0.015495
0.015472
0.015360
0.015208
0.014873
0.014491
0.014356
0.014105
0.013522
0.013051
0.012813
0.012537
0.012202
0.012028
0.012075
0.012275
0.012589
0.012772
0.012671
0.012430
0.012054
0.011402
0.010606
0.009877
0.009202
0.008482
0.007674
0.006838
0.006033
0.005404
0.004887
0.004294
0.003815
0.003688
0.003754
0.003818
0.003852
0.003868
0.003823
0.003509
0.002975
0.002452
0.001937
0.001296
0.000524
-0.000331
-0.001239
-0.002207
-0.003229
-0.004066
-0.004695
-0.005338
-0.006036
-0.006675
-0.007230
-0.007706
-0.008168
-0.008639
-0.009093
-0.009542
-0.009950
-0.010227
-0.010405
-0.010557
-0.010536
-0.010242
-0.009746
-0.009169
-0.008577
-0.007934
-0.007270
-0.006730
-0.006317
-0.005962
-0.005780
-0.005799
-0.005819
-0.005778
-0.005729
-0.005678
-0.005591
-0.005463
-0.005261
-0.004927
-0.004401
-0.003731
-0.003070
-0.002597
-0.002375
-0.002327
-0.002289
-0.002078
-0.001675
-0.001170
-0.000585
0.000064
0.000772
0.001542
0.002390
0.003231
0.003957
0.004547
0.004956
0.005163
0.005260
0.005355
0.005509
0.005653
0.005722
0.005797
0.005908
0.005948
0.005903
0.005870
0.005928
0.006098
0.006379
0.006814
0.007431
0.008190
0.009071
0.010101
0.011258
0.012432
0.013388
0.014037
0.014547
0.015003
0.015334
0.015256
0.014720
0.013935
0.013163
0.012500
0.011588
0.010257
0.008707
0.007213
0.005870
0.004597
0.003363
0.002183
0.001163
0.000416
-0.000116
-0.000600
-0.001062
-0.001571
-0.002257
-0.002892
-0.003280
-0.003652
-0.004132
-0.004590
-0.004946
-0.005213
-0.005234
-0.004980
-0.004618
-0.004195
-0.003648
-0.002983
-0.002279
-0.001604
-0.001030
-0.000560
-0.000118
0.000343
0.000823
0.001403
0.002127
0.002898
0.003652
0.004418
0.005280
0.006237
0.007025
0.007718
0.008678
0.009759
0.010595
0.011011
0.011166
0.011307
0.011504
0.011727
0.011896
0.012037
0.012238
0.012467
0.012627
0.012520
0.012205
0.011978
0.011837
0.011622
0.011487
0.011553
0.011741
0.011887
0.011858
0.011582
0.011049
0.010263
0.009372
0.008538
0.007583
0.006451
0.005435
0.004647
0.003916
0.003187
0.002584
0.002307
0.002276
0.002238
0.002119
0.001946
0.001621
0.001069
0.000320
-0.000503
-0.001260
-0.001851
-0.002196
-0.002296
-0.002291
-0.002336
-0.002423
-0.002577
-0.002861
-0.003246
-0.003638
-0.003945
-0.004200
-0.004445
-0.004681
-0.004915
-0.005082
-0.005173
-0.005161
-0.004945
-0.004545
-0.004207
-0.004003
-0.003783
-0.003562
-0.003400
-0.003142
-0.002733
-0.002375
-0.001980
-0.001337
-0.000707
-0.000271
0.000105
0.000497
0.000859
0.001113
0.001216
0.001160
0.000971
0.000715
0.000357
-0.000077
-0.000528
-0.000981
-0.001405
-0.001718
-0.001914
-0.002107
-0.002224
-0.002098
-0.001812
-0.001489
-0.001035
-0.000457
0.000105
0.000581
0.001023
0.001444
0.001703
0.001756
0.001776
0.001856
0.001937
0.001967
0.001946
0.001905
0.001940
0.002029
0.002024
0.001828
0.001459
0.000828
0.000054
-0.000649
-0.001375
-0.002218
-0.003133
-0.004040
-0.004782
-0.005302
-0.005687
-0.006125
-0.006723
-0.007331
-0.007784
-0.008078
-0.008313
-0.008625
-0.009065
-0.009620
-0.010293
-0.010959
-0.011536
-0.012045
-0.012442
-0.012622
-0.012531
-0.012214
-0.011783
-0.011249
-0.010501
-0.009589
-0.008674
-0.007810
-0.007012
-0.006303
-0.005643
-0.005050
-0.004620
-0.004355
-0.004209
-0.004011
-0.003687
-0.003426
-0.003270
-0.003132
-0.003017
-0.002928
-0.002676
-0.002330
-0.002086
-0.001725
-0.001042
-0.000185
0.000593
0.001224
0.001799
0.002325
0.002683
0.002929
0.003117
0.003218
0.003294
0.003441
0.003606
0.003751
0.003843
0.003918
0.004081
0.004231
0.004247
0.004150
0.004016
0.003811
0.003440
0.002902
0.002265
0.001610
0.000985
0.000448
0.000025
-0.000375
-0.000826
-0.001178
-0.001405
-0.001642
-0.001940
-0.002221
-0.002444
-0.002551
-0.002473
-0.002370
-0.002360
-0.002433
-0.002553
-0.002701
-0.002824
-0.002861
-0.002917
-0.003008
-0.003039
-0.003107
-0.003337
-0.003525
-0.003563
-0.003640
-0.003671
-0.003400
-0.002969
-0.002564
-0.002130
-0.001455
-0.000565
0.000031
0.000202
0.000192
0.000081
-0.000187
-0.000654
-0.001191
-0.001561
-0.001748
-0.001828
-0.001737
-0.001415
-0.001003
-0.000754
-0.000870
-0.001251
-0.001674
-0.002195
-0.002842
-0.003550
-0.004283
-0.004998
-0.005653
-0.006183
-0.006548
-0.006716
-0.006794
-0.007008
-0.007304
-0.007458
-0.007435
-0.007357
-0.007342
-0.007326
-0.007164
-0.006796
-0.006295
-0.005838
-0.005487
-0.005171
-0.004801
-0.004302
-0.003656
-0.003103
-0.002884
-0.002802
-0.002671
-0.002578
-0.002425
-0.001982
-0.001415
-0.000997
-0.000800
-0.000613
-0.000341
-0.000235
-0.000389
-0.000637
-0.000915
-0.001294
-0.001676
-0.001937
-0.002034
-0.002007
-0.001836
-0.001405
-0.000815
-0.000379
-0.000222
-0.000243
-0.000296
-0.000300
-0.000280
-0.000219
0.000022
0.000587
0.001367
0.002161
0.002881
0.003540
0.004201
0.004906
0.005642
0.006320
0.006838
0.007317
0.007914
0.008662
0.009462
0.010150
0.010675
0.011044
0.011239
0.011259
0.011139
0.010912
0.010861
0.011240
0.011690
0.011780
0.011533
0.011253
0.011148
0.011047
0.010782
0.010475
0.010203
0.009908
0.009486
0.008906
0.008328
0.007933
0.007810
0.007788
0.007684
0.007527
0.007386
0.007225
0.006963
0.006554
0.006151
0.005876
0.005546
0.005057
0.004500
0.003964
0.003459
0.002913
0.002361
0.001918
0.001571
0.001279
0.001042
0.000767
0.000392
-0.000071
-0.000547
-0.000893
-0.001035
-0.001008
-0.000890
-0.000619
-0.000212
0.000257
0.000882
0.001629
0.002371
0.003205
0.004142
0.004857
0.005243
0.005554
0.005870
0.006029
0.005916
0.005662
0.005557
0.005760
0.006173
0.006496
0.006561
0.006672
0.006927
0.006994
0.006932
0.007024
0.007285
0.007494
0.007450
0.007279
0.007175
0.007138
0.007049
0.006666
0.006081
0.005661
0.005406
0.005112
0.004575
0.003955
0.003564
0.003456
0.003473
0.003479
0.003382
0.003139
0.002894
0.002840
0.002788
0.002526
0.002162
0.001795
0.001386
0.000924
0.000472
0.000138
-0.000070
-0.000210
-0.000208
-0.000008
0.000218
0.000335
0.000437
0.000537
0.000570
0.000608
0.000748
0.000923
0.001031
0.001057
0.001022
0.000984
0.000997
0.001032
0.001001
0.000918
0.000843
0.000744
0.000544
0.000262
0.000030
0.000058
0.000185
0.000145
-0.000043
-0.000224
-0.000408
-0.000624
-0.000887
-0.001246
-0.001689
-0.002069
-0.002281
-0.002389
-0.002573
-0.002963
-0.003424
-0.003760
-0.004050
-0.004417
-0.004816
-0.005167
-0.005466
-0.005719
-0.005933
-0.006035
-0.006056
-0.006146
-0.006338
-0.006544
-0.006893
-0.007521
-0.008884
-0.010507
-0.011402
-0.011455
-0.011194
-0.011246
-0.011595
-0.011843
-0.011802
-0.011594
-0.011171
-0.010455
-0.009675
-0.009016
-0.008379
-0.007722
-0.007037
-0.006369
-0.005739
-0.005243
-0.004962
-0.004932
-0.005036
-0.005200
-0.005541
-0.006093
-0.006548
-0.006754
-0.006818
-0.006729
-0.006349
-0.005893
-0.005723
-0.005810
-0.005887
-0.005802
-0.005639
-0.005620
-0.005715
-0.005762
-0.005718
-0.005657
-0.005737
-0.005938
-0.006019
-0.005871
-0.005618
-0.005456
-0.005408
-0.005347
-0.005177
-0.004896
-0.004474
-0.003857
-0.003049
-0.002191
-0.001477
-0.000960
-0.000537
-0.000022
0.000559
0.000999
0.001276
0.001498
0.001540
0.001319
0.001105
0.001006
0.000889
0.000834
0.000879
0.000816
0.000715
0.000740
0.000563
0.000036
-0.000265
-0.000240
-0.000353
-0.000665
-0.000876
-0.000858
-0.000834
-0.001030
-0.001305
-0.001430
-0.001371
-0.001327
-0.001511
-0.001825
-0.002017
-0.001979
-0.001779
-0.001811
-0.002142
-0.002435
-0.002591
-0.002732
-0.002899
-0.003076
-0.003348
-0.003744
-0.004221
-0.004656
-0.004986
-0.005205
-0.005360
-0.005477
-0.005594
-0.005739
-0.005829
-0.005838
-0.005785
-0.005729
-0.005708
-0.005695
-0.005645
-0.005547
-0.005423
-0.005305
-0.005356
-0.005594
-0.005902
-0.006105
-0.006091
-0.005981
-0.005880
-0.005767
-0.005685
-0.005710
-0.005661
-0.005378
-0.004965
-0.004589
-0.004239
-0.003762
-0.003192
-0.002746
-0.002512
-0.002416
-0.002299
-0.002082
-0.001904
-0.001769
-0.001541
-0.001350
-0.001360
-0.001254
-0.000926
-0.000692
-0.000673
-0.000756
-0.000892
-0.001062
-0.001181
-0.001187
-0.001026
-0.000839
-0.000715
-0.000486
-0.000135
0.000174
0.000382
0.000556
0.000780
0.000980
0.001093
0.001311
0.001705
0.002172
0.002539
0.002754
0.002971
0.003226
0.003377
0.003238
0.002791
0.002326
0.002050
0.001915
0.001845
0.001869
0.001880
0.001802
0.001744
0.001635
0.001321
0.001138
0.001339
0.001615
0.001787
0.001982
0.002374
0.002863
0.003150
0.003035
0.002597
0.002268
0.002218
0.002200
0.002066
0.001921
0.001912
0.001968
0.001955
0.001906
0.001901
0.001831
0.001623
0.001379
0.001238
0.001239
0.001459
0.001861
0.002354
0.002760
0.002974
0.003225
0.003494
0.003589
0.003598
0.003695
0.003821
0.003836
0.003766
0.003781
0.003958
0.004206
0.004355
0.004323
0.004292
0.004342
0.004182
0.003742
0.003198
0.002700
0.002275
0.001732
0.001002
0.000246
-0.000324
-0.000696
-0.001025
-0.001384
-0.001655
-0.001735
-0.001660
-0.001463
-0.001206
-0.000984
-0.000777
-0.000549
-0.000434
-0.000563
-0.000799
-0.000898
-0.000884
-0.001022
-0.001443
-0.002021
-0.002550
-0.002916
-0.002985
-0.002832
-0.002768
-0.002934
-0.003078
-0.002886
-0.002495
-0.002138
-0.001769
-0.001351
-0.000975
-0.000689
-0.000434
-0.000111
0.000233
0.000480
0.000661
0.000873
0.001162
0.001476
0.001726
0.001794
0.001755
0.001826
0.002002
0.002078
0.002018
0.001911
0.001894
0.002012
0.002094
0.001991
0.001833
0.001933
0.002290
0.002673
0.002945
0.003125
0.003186
0.003101
0.002911
0.002630
0.002254
0.001789
0.001305
0.000803
0.000225
-0.000377
-0.000902
-0.001272
-0.001462
-0.001547
-0.001550
-0.001367
-0.001096
-0.000873
-0.000650
-0.000389
-0.000036
0.000307
0.000518
0.000676
0.000840
0.000982
0.001028
0.000877
0.000600
0.000364
0.000250
0.000223
0.000248
0.000190
-0.000019
-0.000215
-0.000292
-0.000275
-0.000205
-0.000177
-0.000295
-0.000492
-0.000673
-0.000804
-0.000890
-0.000987
-0.000972
-0.000655
-0.000063
0.000618
0.001310
0.001934
0.002439
0.002869
0.003147
0.003066
0.002789
0.002668
0.002686
0.002591
0.002270
0.001877
0.001639
0.001621
0.001685
0.001640
0.001585
0.001699
0.001857
0.001897
0.001845
0.001922
0.002363
0.002896
0.003168
0.003205
0.003181
0.003117
0.002941
0.002653
0.002284
0.001879
0.001416
0.000876
0.000306
-0.000357
-0.001129
-0.001903
-0.002650
-0.003407
-0.004072
-0.004638
-0.005127
-0.005416
-0.005490
-0.005696
-0.006166
-0.006496
-0.006602
-0.006770
-0.006966
-0.007012
-0.006883
-0.006720
-0.006616
-0.006507
-0.006371
-0.006306
-0.006316
-0.006367
-0.006409
-0.006381
-0.006210
-0.005882
-0.005477
-0.005066
-0.004646
-0.004215
-0.003815
-0.003459
-0.003161
-0.002932
-0.002752
-0.002548
-0.002307
-0.002103
-0.001939
-0.001715
-0.001398
-0.001054
-0.000713
-0.000302
0.000153
0.000501
0.000778
0.001175
0.001728
0.002209
0.002599
0.003037
0.003529
0.003980
0.004268
0.004453
0.004720
0.005077
0.005410
0.005675
0.005856
0.005972
0.006097
0.006272
0.006494
0.006705
0.006831
0.007012
0.007280
0.007471
0.007634
0.007963
0.008375
0.008710
0.008990
0.009278
0.009536
0.009672
0.009710
0.009676
0.009450
0.008931
0.008204
0.007467
0.006854
0.006324
0.005708
0.005008
0.004387
0.003795
0.003160
0.002638
0.002441
0.002526
0.002621
0.002613
0.002628
0.002737
0.002824
0.002733
0.002460
0.002140
0.001742
0.001253
0.000891
0.000729
0.000627
0.000529
0.000452
0.000317
0.000098
-0.000067
-0.000048
0.000097
0.000247
0.000399
0.000559
0.000670
0.000728
0.000805
0.000949
0.001045
0.001043
0.001058
0.001058
0.000937
0.000870
0.001037
0.001297
0.001538
0.001838
0.002242
0.002678
0.002994
0.003177
0.003315
0.003306
0.003123
0.003069
0.003211
0.003409
0.003691
0.004060
0.004414
0.004697
0.004975
0.005308
0.005699
0.006081
0.006365
0.006419
0.006236
0.005935
0.005581
0.005250
0.005039
0.004861
0.004553
0.004281
0.004243
0.004356
0.004511
0.004740
0.005069
0.005387
0.005549
0.005663
0.005955
0.006302
0.006556
0.006808
0.007059
0.007176
0.007224
0.007323
0.007442
0.007484
0.007351
0.007076
0.006821
0.006680
0.006600
0.006472
0.006159
0.005773
0.005637
0.005592
0.005289
0.004847
0.004509
0.004316
0.004151
0.003987
0.003980
0.004158
0.004111
0.003580
0.002769
0.002229
0.002250
0.002439
0.002469
0.002429
0.002405
0.002345
0.002237
0.002153
0.002202
0.002359
0.002521
0.002730
0.002932
0.002983
0.002915
0.002879
0.002822
0.002671
0.002477
0.002238
0.001977
0.001878
0.001917
0.001919
0.001862
0.001833
0.001901
0.002035
0.002209
0.002456
0.002843
0.003366
0.003930
0.004508
0.005184
0.005950
0.006583
0.006978
0.007218
0.007348
0.007429
0.007412
0.007281
0.007133
0.006984
0.006765
0.006477
0.006232
0.006175
0.006228
0.006206
0.006159
0.006171
0.006240
0.006300
0.006221
0.005899
0.005412
0.004919
0.004419
0.003843
0.003193
0.002506
0.001818
0.001217
0.000743
0.000289
-0.000165
-0.000506
-0.000709
-0.000842
-0.000984
-0.001105
-0.001122
-0.001034
-0.000890
-0.000693
-0.000473
-0.000032
0.000838
0.001917
0.002845
0.003490
0.003942
0.004265
0.004479
0.004676
0.004863
0.004925
0.004877
0.004821
0.004821
0.004910
0.005133
0.005429
0.005627
0.005641
0.005568
0.005560
0.005614
0.005634
0.005589
0.005447
0.005182
0.004905
0.004703
0.004635
0.004694
0.004795
0.004807
0.004713
0.004590
0.004454
0.004295
0.004117
0.003927
0.003755
0.003637
0.003603
0.003559
0.003411
0.003179
0.002950
0.002845
0.002971
0.003170
0.003090
0.002788
0.002545
0.002400
0.002208
0.001871
0.001486
0.001169
0.000873
0.000565
0.000306
0.000144
0.000067
0.000097
0.000167
0.000096
-0.000010
0.000059
0.000296
0.000571
0.000851
0.001172
0.001558
0.001812
0.001747
0.001404
0.001100
0.001049
0.000985
0.000669
0.000178
-0.000248
-0.000580
-0.001091
-0.001805
-0.002494
-0.003078
-0.003621
-0.004182
-0.004767
-0.005341
-0.005776
-0.005996
-0.006203
-0.006551
-0.006986
-0.007267
-0.007342
-0.007472
-0.007754
-0.008087
-0.008336
-0.008437
-0.008400
-0.008303
-0.008224
-0.008167
-0.008023
-0.007683
-0.007206
-0.006746
-0.006230
-0.005531
-0.004715
-0.004118
-0.003915
-0.003634
-0.003041
-0.002543
-0.002360
-0.002307
-0.002163
-0.001899
-0.001561
-0.001260
-0.001099
-0.001041
-0.000927
-0.000558
-0.000089
0.000196
0.000279
0.000296
0.000304
0.000267
0.000157
-0.000003
-0.000170
-0.000354
-0.000528
-0.000636
-0.000676
-0.000744
-0.000839
-0.000842
-0.000706
-0.000466
-0.000241
-0.000100
0.000017
0.000169
0.000548
0.001012
0.001211
0.001152
0.001005
0.000630
-0.000011
-0.000746
-0.001586
-0.002542
-0.003429
-0.004156
-0.004769
-0.005213
-0.005501
-0.005713
-0.005890
-0.006132
-0.006570
-0.007251
-0.007764
-0.007769
-0.007655
-0.007662
-0.007587
-0.007367
-0.007130
-0.006923
-0.006717
-0.006497
-0.006229
-0.005899
-0.005587
-0.005368
-0.005281
-0.005269
-0.005286
-0.005262
-0.005197
-0.005122
-0.004972
-0.004731
-0.004664
-0.004716
-0.004556
-0.004275
-0.004097
-0.004029
-0.003895
-0.003607
-0.003188
-0.002936
-0.003190
-0.003762
-0.004247
-0.004705
-0.005348
-0.006015
-0.006546
-0.007050
-0.007543
-0.007893
-0.008095
-0.008286
-0.008568
-0.008557
-0.007993
-0.007569
-0.007558
-0.007334
-0.006770
-0.006266
-0.006138
-0.006238
-0.006198
-0.005968
-0.005697
-0.005482
-0.005294
-0.005033
-0.004707
-0.004398
-0.004266
-0.004271
-0.004217
-0.004048
-0.003833
-0.003773
-0.003827
-0.003658
-0.003345
-0.003188
-0.003180
-0.003201
-0.003235
-0.003247
-0.003182
-0.003148
-0.003170
-0.003155
-0.003262
-0.003667
-0.004249
-0.004770
-0.005109
-0.005356
-0.005630
-0.005922
-0.006194
-0.006463
-0.006728
-0.006942
-0.007009
-0.006950
-0.006878
-0.006808
-0.006698
-0.006663
-0.006684
-0.006534
-0.006222
-0.005960
-0.005911
-0.006005
-0.006072
-0.006046
-0.005973
-0.005868
-0.005738
-0.005619
-0.005601
-0.005759
-0.006227
-0.006818
-0.007141
-0.007314
-0.007640
-0.008197
-0.008545
-0.008157
-0.007339
-0.006624
-0.005986
-0.005304
-0.004689
-0.004155
-0.003628
-0.003170
-0.002800
-0.002411
-0.001889
-0.001252
-0.000798
-0.000574
-0.000332
0.000076
0.000588
0.001042
0.001388
0.001671
0.001785
0.001681
0.001483
0.001319
0.001215
0.001029
0.000685
0.000318
-0.000012
-0.000363
-0.000705
-0.001002
-0.001395
-0.001936
-0.002512
-0.003103
-0.003766
-0.004642
-0.005585
-0.006214
-0.006668
-0.007277
-0.007832
-0.008075
-0.008113
-0.008024
-0.007804
-0.007615
-0.007544
-0.007452
-0.007209
-0.006844
-0.006451
-0.006082
-0.005741
-0.005346
-0.004825
-0.004228
-0.003646
-0.003123
-0.002653
-0.002219
-0.001814
-0.001423
-0.001025
-0.000688
-0.000472
-0.000340
-0.000229
-0.000122
-0.000027
0.000054
0.000127
0.000150
0.000043
-0.000162
-0.000350
-0.000414
-0.000386
-0.000403
-0.000448
-0.000433
-0.000484
-0.000660
-0.000810
-0.000894
-0.001013
-0.001191
-0.001343
-0.001359
-0.001293
-0.001268
-0.001297
-0.001328
-0.001351
-0.001387
-0.001455
-0.001732
-0.002185
-0.002446
-0.002390
-0.002177
-0.001962
-0.001793
-0.001719
-0.001716
-0.001673
-0.001549
-0.001396
-0.001276
-0.001171
-0.001036
-0.000945
-0.000937
-0.000933
-0.000751
-0.000272
0.000242
0.000599
0.000925
0.001255
0.001439
0.001391
0.001192
0.000940
0.000692
0.000507
0.000291
-0.000062
-0.000490
-0.000861
-0.001114
-0.001305
-0.001509
-0.001758
-0.002026
-0.002282
-0.002520
-0.002747
-0.003005
-0.003330
-0.003731
-0.004172
-0.004592
-0.004921
-0.005188
-0.005535
-0.005783
-0.005716
-0.005464
-0.005233
-0.005049
-0.004951
-0.004951
-0.004823
-0.004482
-0.004179
-0.003976
-0.003771
-0.003671
-0.003711
-0.003633
-0.003510
-0.003566
-0.003552
-0.003280
-0.003034
-0.002920
-0.002769
-0.002361
-0.001749
-0.001120
-0.000551
-0.000048
0.000278
0.000451
0.000636
0.000787
0.000849
0.000968
0.001166
0.001267
0.001296
0.001372
0.001506
0.001637
0.001733
0.001836
0.001986
0.002267
0.002625
0.002877
0.002717
0.002137
0.001623
0.001305
0.000933
0.000493
0.000143
-0.000067
-0.000125
0.000010
0.000234
0.000419
0.000638
0.000963
0.001345
0.001653
0.001796
0.001639
0.000671
0.000576
0.000583
0.000514
0.000486
0.000471
0.000244
-0.000190
-0.000613
-0.000812
-0.000753
-0.000528
-0.000251
0.000006
0.000236
0.000515
0.000922
0.001286
0.001432
0.001473
0.001548
0.001629
0.001681
0.001745
0.001829
0.001859
0.001765
0.001617
0.001520
0.001456
0.001353
0.001209
0.001105
0.001092
0.001318
0.001682
0.001966
0.002156
0.002329
0.002631
0.002967
0.003094
0.003137
0.003317
0.003551
0.003775
0.004107
0.004482
0.004711
0.004784
0.004840
0.005012
0.005353
0.005800
0.006192
0.006465
0.006629
0.006790
0.006994
0.007074
0.006887
0.006338
0.005646
0.005101
0.004702
0.004259
0.003609
0.002889
0.002283
0.001928
0.001768
0.001695
0.001620
0.001476
0.001268
0.001026
0.000770
0.000483
0.000159
-0.000133
-0.000315
-0.000364
-0.000374
-0.000418
-0.000411
-0.000379
-0.000572
-0.000736
-0.000464
-0.000105
-0.000040
-0.000059
0.000024
0.000101
0.000027
-0.000142
-0.000233
-0.000246
-0.000249
-0.000254
-0.000251
-0.000216
-0.000164
-0.000089
0.000106
0.000374
0.000499
0.000597
0.000870
0.001192
0.001444
0.001724
0.002061
0.002365
0.002575
0.002701
0.002727
0.002650
0.002523
0.002373
0.002229
0.002147
0.002191
0.002330
0.002347
0.002160
0.001926
0.001766
0.001666
0.001472
0.001167
0.000917
0.000804
0.000768
0.000714
0.000629
0.000589
0.000636
0.000753
0.000827
0.000807
0.000748
0.000668
0.000529
0.000299
0.000005
-0.000300
-0.000596
-0.000867
-0.001044
-0.001179
-0.001508
-0.001970
-0.002299
-0.002554
-0.002911
-0.003373
-0.003849
-0.004251
-0.004493
-0.004664
-0.004994
-0.005340
-0.005369
-0.005284
-0.005363
-0.005465
-0.005473
-0.005461
-0.005475
-0.005484
-0.005473
-0.005416
-0.005281
-0.005140
-0.005080
-0.005120
-0.005175
-0.005144
-0.005100
-0.005082
-0.004991
-0.004798
-0.004581
-0.004282
-0.003845
-0.003369
-0.002999
-0.002787
-0.002694
-0.002587
-0.002273
-0.001878
-0.001680
-0.001615
-0.001463
-0.001115
-0.000692
-0.000358
-0.000132
0.000027
0.000122
0.000147
0.000092
-0.000104
-0.000399
-0.000644
-0.000820
-0.001030
-0.001235
-0.001330
-0.001286
-0.001165
-0.001086
-0.001158
-0.001292
-0.001222
-0.001049
-0.001092
-0.001520
-0.002001
-0.001764
-0.001169
-0.001029
-0.001185
-0.001235
-0.001296
-0.001466
-0.001608
-0.001765
-0.002032
-0.002358
-0.002623
-0.002809
-0.003038
-0.003331
-0.003528
-0.003581
-0.003580
-0.003536
-0.003419
-0.003235
-0.003063
-0.002955
-0.002807
-0.002532
-0.002128
-0.001811
-0.001743
-0.001731
-0.001581
-0.001242
-0.000838
-0.000507
-0.000275
-0.000102
0.000052
0.000245
0.000522
0.000822
0.001098
0.001319
0.001483
0.001613
0.001772
0.001956
0.002130
0.002255
0.002330
0.002495
0.002793
0.003086
0.003200
0.003124
0.003184
0.003404
0.003427
0.003252
0.003144
0.003256
0.003442
0.003523
0.003620
0.003881
0.004277
0.004696
0.005102
0.005462
0.005740
0.005963
0.006132
0.006212
0.006212
0.006184
0.006300
0.006579
0.006877
0.007162
0.007489
0.007867
0.008228
0.008527
0.008750
0.008921
0.009097
0.009277
0.009413
0.009463
0.009440
0.009442
0.009426
0.009242
0.009025
0.008941
0.008853
0.008621
0.008273
0.007970
0.007794
0.007682
0.007557
0.007408
0.007324
0.007326
0.007350
0.007368
0.007388
0.007347
0.007219
0.007089
0.006961
0.006764
0.006513
0.006287
0.006103
0.005916
0.005682
0.005433
0.005220
0.005102
0.005058
0.005006
0.004919
0.004808
0.004669
0.004467
0.004210
0.003973
0.003777
0.003519
0.003105
0.002554
0.002055
0.001702
0.001394
0.001079
0.000795
0.000560
0.000367
0.000224
0.000134
0.000092
0.000125
0.000202
0.000230
0.000187
0.000124
0.000064
0.000019
0.000007
-0.000063
-0.000220
-0.000393
-0.000541
-0.000677
-0.000804
-0.000900
-0.000953
-0.001013
-0.001135
-0.001278
-0.001369
-0.001360
-0.001261
-0.001124
-0.001035
-0.000964
-0.000805
-0.000558
-0.000297
-0.000109
0.000037
0.000236
0.000500
0.000778
0.000985
0.001110
0.001194
0.001206
0.001149
0.001111
0.001098
0.001034
0.000955
0.000911
0.000854
0.000781
0.000755
0.000793
0.000840
0.000833
0.000814
0.000847
0.000897
0.000910
0.000873
0.000825
0.000808
0.000862
0.000960
0.001002
0.000949
0.000842
0.000764
0.000717
0.000638
0.000547
0.000500
0.000520
0.000551
0.000529
0.000453
0.000360
0.000324
0.000366
0.000447
0.000498
0.000473
0.000390
0.000268
0.000118
-0.000008
-0.000068
-0.000115
-0.000192
-0.000289
-0.000405
-0.000559
-0.000798
-0.001057
-0.001233
-0.001382
-0.001587
-0.001845
-0.002096
-0.002300
-0.002471
-0.002644
-0.002842
-0.003032
-0.003182
-0.003294
-0.003383
-0.003434
-0.003459
-0.003490
-0.003497
-0.003458
-0.003395
-0.003317
-0.003211
-0.003053
-0.002874
-0.002769
-0.002722
-0.002649
-0.002528
-0.002407
-0.002350
-0.002330
-0.002296
-0.002261
-0.002191
-0.002017
-0.001797
-0.001633
-0.001539
-0.001469
-0.001397
-0.001307
-0.001192
-0.001071
-0.000952
-0.000821
-0.000665
-0.000484
-0.000268
-0.000033
0.000200
0.000403
0.000566
0.000698
0.000820
0.000944
0.001033
0.001089
0.001150
0.001235
0.001328
0.001382
0.001384
0.001363
0.001361
0.001381
0.001390
0.001383
0.001369
0.001345
0.001292
0.001207
0.001113
0.001040
0.001001
0.000974
0.000918
0.000835
0.000756
0.000700
0.000664
0.000636
0.000600
0.000551
0.000505
0.000469
0.000439
0.000394
0.000333
0.000298
0.000300
0.000326
0.000370
0.000420
0.000459
0.000489
0.000523
0.000567
0.000621
0.000687
0.000755
0.000815
0.000857
0.000887
0.000917
0.000961
0.001009
0.001036
0.001043
0.001053
0.001072
0.001091
0.001101
0.001110
0.001126
0.001156
0.001183
0.001191
0.001180
0.001163
0.001145
0.001133
0.001140
0.001153
0.001148
0.001112
0.001061
0.001015
0.000987
0.000973
0.000958
0.000937
0.000909
0.000873
0.000838
0.000827
0.000845
0.000873
0.000902
0.000923
0.000921
0.000897
0.000862
0.000815
0.000761
0.000717
0.000680
0.000639
0.000594
0.000551
0.000510
0.000465
0.000413
0.000363
0.000320
0.000279
0.000239
0.000199
0.000167
0.000133
0.000086
0.000036
-0.000001
-0.000021
-0.000034
-0.000045
-0.000050
-0.000050
-0.000051
-0.000060
-0.000077
-0.000104
-0.000136
-0.000160
-0.000169
-0.000167
-0.000168
-0.000175
-0.000187
-0.000196
-0.000202
-0.000210
-0.000220
-0.000230
-0.000236
-0.000238
-0.000236
-0.000235
-0.000239
-0.000246
-0.000252
-0.000258
-0.000263
-0.000270
-0.000279
-0.000291
-0.000310
-0.000330
-0.000348
-0.000365
-0.000382
-0.000400
-0.000414
-0.000424
-0.000433
-0.000442
-0.000450
-0.000455
-0.000459
-0.000463
-0.000464
-0.000459
-0.000451
-0.000441
-0.000435
-0.000432
-0.000431
-0.000429
-0.000427
-0.000427
-0.000430
-0.000434
-0.000437
-0.000441
-0.000446
-0.000451
-0.000454
-0.000454
-0.000452
-0.000449
-0.000448
-0.000447
-0.000446
-0.000445
-0.000443
-0.000441
-0.000441
-0.000442
-0.000442
-0.000438
-0.000434
-0.000434
-0.000434
-0.000434
-0.000433
-0.000432
-0.000431
-0.000430
-0.000429
-0.000427
-0.000425
-0.000424
-0.000422
-0.000421
-0.000420
-0.000418
-0.000416
-0.000414
-0.000413
-0.000410
-0.000408
-0.000407
-0.000405
-0.000403
-0.000401
-0.000400
-0.000400
-0.000400
-0.000400
-0.000400
-0.000400
-0.000400
-0.000400
-0.000399
-0.000399
-0.000399
-0.000398
-0.000398
-0.000398
-0.000398
-0.000398
-0.000397
-0.000397
-0.000397
-0.000397
-0.000397
-0.000397
-0.000397
-0.000398
-0.000398
-0.000398
-0.000398
-0.000398
-0.000398
-0.000398
-0.000398
-0.000398
-0.000397
-0.000397
-0.000397
-0.000397
-0.000396
-0.000396
-0.000396
-0.000395
-0.000395
-0.000394
-0.000394
-0.000394
-0.000393
-0.000393
-0.000393
-0.000392
-0.000392
-0.000391
-0.000391
-0.000390
-0.000390
-0.000390
-0.000389
-0.000389
-0.000389
-0.000388
-0.000388
-0.000387
-0.000387
-0.000387
-0.000386
-0.000386
-0.000385
-0.000385
-0.000385
-0.000384
-0.000384
-0.000383
-0.000383
-0.000382
-0.000382
-0.000381
-0.000381
-0.000380
-0.000380
-0.000379
-0.000378
-0.000378
-0.000377
-0.000376
-0.000376
-0.000375
-0.000374
-0.000373
