0.000000
-0.002581
0.000960
0.005146
0.005120
0.005168
0.005163
0.005149
0.005137
0.005129
0.005121
0.005114
0.005107
0.005099
0.005093
0.005087
0.005078
0.005062
0.005044
0.005025
0.005010
0.005002
0.004999
0.004998
0.004997
0.004995
0.004995
0.004994
0.004984
0.004962
0.004929
0.004887
0.004851
0.004838
0.004843
0.004854
0.004869
0.004874
0.004857
0.004829
0.004809
0.004798
0.004787
0.004768
0.004739
0.004704
0.004667
0.004630
0.004594
0.004570
0.004558
0.004556
0.004556
0.004547
0.004515
0.004459
0.004390
0.004324
0.004272
0.004258
0.004288
0.004330
0.004338
0.004289
0.004212
0.004135
0.004070
0.004035
0.004053
0.004109
0.004160
0.004192
0.004194
0.004144
0.004060
0.003967
0.003856
0.003776
0.003826
0.004003
0.004210
0.004423
0.004633
0.004751
0.004681
0.004417
0.004051
0.003708
0.003512
0.003530
0.003733
0.004002
0.004169
0.004177
0.004121
0.004098
0.004124
0.004151
0.004155
0.004144
0.004108
0.004021
0.003856
0.003672
0.003591
0.003666
0.003847
0.004062
0.004261
0.004349
0.004191
0.003797
0.003327
0.002984
0.002963
0.003310
0.003878
0.004364
0.004470
0.004245
0.003974
0.003751
0.003560
0.003561
0.003846
0.004234
0.004501
0.004532
0.004280
0.003824
0.003343
0.002993
0.002830
0.002763
0.002750
0.002766
0.002758
0.002799
0.002998
0.003383
0.003864
0.004251
0.004423
0.004364
0.004112
0.003779
0.003472
0.003213
0.002892
0.002498
0.002149
0.001989
0.002183
0.002652
0.003125
0.003452
0.003644
0.003696
0.003636
0.003573
0.003559
0.003587
0.003613
0.003594
0.003507
0.003257
0.002795
0.002284
0.001858
0.001551
0.001521
0.001798
0.002212
0.002653
0.002924
0.002944
0.002733
0.002364
0.001973
0.001622
0.001656
0.002301
0.003254
0.004151
0.004739
0.004763
0.004105
0.003072
0.002197
0.001628
0.001382
0.001605
0.002079
0.002470
0.002807
0.003129
0.003488
0.003889
0.004036
0.003742
0.003169
0.002600
0.002133
0.001773
0.001596
0.001582
0.001610
0.001575
0.001487
0.001376
0.001343
0.001445
0.001688
0.002128
0.002670
0.003254
0.003734
0.003803
0.003349
0.002700
0.002197
0.001848
0.001664
0.001656
0.001704
0.001802
0.002131
0.002657
0.003354
0.004171
0.004517
0.003765
0.002200
0.000713
-0.000284
-0.000579
0.000188
0.002032
0.004172
0.005545
0.005719
0.004791
0.003432
0.002551
0.002332
0.002364
0.002432
0.002315
0.002064
0.002009
0.002038
0.002007
0.001735
0.001224
0.001024
0.001372
0.002006
0.002597
0.003032
0.003391
0.003705
0.004138
0.004236
0.003742
0.003115
0.002483
0.002022
0.001574
0.000968
0.000391
-0.000268
-0.000984
-0.001176
-0.000298
0.001412
0.003271
0.004757
0.005260
0.004318
0.002561
0.001022
-0.000137
-0.000849
-0.000947
-0.000676
-0.000475
-0.000451
-0.000347
-0.000239
-0.000060
0.000466
0.001422
0.002788
0.004151
0.004760
0.004457
0.003766
0.003275
0.003047
0.002779
0.002384
0.001809
0.000942
-0.000420
-0.001918
-0.002457
-0.001341
0.001247
0.004476
0.006983
0.007471
0.005567
0.002154
-0.001575
-0.004440
-0.005404
-0.004669
-0.003043
-0.001456
-0.000177
0.001200
0.002453
0.002911
0.002225
0.000715
-0.001006
-0.002039
-0.002215
-0.001606
0.000136
0.002108
0.003548
0.004547
0.005044
0.004899
0.004054
0.002954
0.002097
0.001551
0.001367
0.001818
0.002774
0.003537
0.003786
0.003810
0.003547
0.003094
0.002976
0.003031
0.002893
0.002832
0.002730
0.002206
0.001686
0.001761
0.002831
0.004617
0.006551
0.008280
0.009008
0.008133
0.005561
0.001569
-0.002751
-0.006134
-0.007623
-0.006721
-0.004103
-0.001699
-0.000065
0.001686
0.003532
0.005169
0.005735
0.004218
0.001432
-0.001356
-0.003907
-0.006182
-0.008519
-0.009563
-0.006777
-0.000654
0.006141
0.011219
0.013017
0.011579
0.008580
0.005487
0.002671
0.000104
-0.001829
-0.002910
-0.003432
-0.003670
-0.003943
-0.004126
-0.004061
-0.003911
-0.003798
-0.003766
-0.003737
-0.003801
-0.003417
-0.002431
-0.001445
-0.000372
0.000867
0.002005
0.003019
0.004117
0.005132
0.006004
0.006424
0.006010
0.004985
0.003498
0.002000
0.000585
-0.000571
-0.000689
-0.000013
0.000433
-0.000505
-0.002616
-0.004299
-0.005528
-0.006345
-0.006508
-0.006446
-0.005721
-0.004962
-0.004234
-0.002616
-0.000783
0.001339
0.003838
0.005577
0.004732
0.000009
-0.007031
-0.013017
-0.013978
-0.008597
-0.000280
0.007285
0.011072
0.009964
0.006862
0.004497
0.003316
0.002979
0.003967
0.006788
0.010593
0.012748
0.009895
0.002644
-0.004459
-0.007589
-0.005833
-0.001237
0.003184
0.005571
0.005243
0.002484
-0.001663
-0.005578
-0.007195
-0.005663
-0.003153
-0.002177
-0.002868
-0.005416
-0.010025
-0.015303
-0.019694
-0.021518
-0.019444
-0.014355
-0.008540
-0.003453
0.000563
0.003941
0.007185
0.009672
0.011221
0.011516
0.009622
0.004909
-0.003481
-0.013925
-0.022767
-0.026858
-0.022710
-0.010759
0.001620
0.007519
0.005027
-0.004053
-0.014819
-0.021340
-0.020227
-0.012825
-0.003805
0.002847
0.007281
0.010523
0.011457
0.010474
0.008958
0.007627
0.006663
0.005279
0.003315
0.000181
-0.004770
-0.010173
-0.014491
-0.018008
-0.022597
-0.029032
-0.036060
-0.040721
-0.036587
-0.018970
0.007519
0.031940
0.043803
0.039839
0.024667
0.004025
-0.016968
-0.033057
-0.041065
-0.041645
-0.037729
-0.033101
-0.030327
-0.029435
-0.030086
-0.031625
-0.032381
-0.028106
-0.015662
0.001262
0.016654
0.026115
0.026900
0.016614
-0.006822
-0.038644
-0.064830
-0.073147
-0.063287
-0.040616
-0.012756
0.010408
0.023560
0.027188
0.020058
-0.001821
-0.031118
-0.048186
-0.041621
-0.019890
-0.000808
0.003684
-0.006728
-0.023467
-0.035720
-0.037507
-0.028140
-0.007491
0.021310
0.045588
0.052458
0.040818
0.016927
-0.011507
-0.037765
-0.056134
-0.064217
-0.064800
-0.058800
-0.042067
-0.012803
0.021297
0.046201
0.054135
0.048315
0.032838
0.008750
-0.017849
-0.034887
-0.033894
-0.017684
0.000466
0.007433
0.002175
-0.005296
-0.007408
-0.004333
-0.000241
0.001609
0.001885
0.002620
0.004404
0.006495
0.006502
-0.000543
-0.015929
-0.032681
-0.042962
-0.041378
-0.023064
0.010390
0.046263
0.069019
0.072207
0.058979
0.032102
-0.008358
-0.055389
-0.092458
-0.105680
-0.095731
-0.068621
-0.030080
0.008892
0.035762
0.045430
0.041847
0.030446
0.015301
0.001390
-0.003083
0.006856
0.025797
0.039725
0.037158
0.018934
-0.005386
-0.026162
-0.038780
-0.041418
-0.033550
-0.019998
-0.010838
-0.012474
-0.026371
-0.052268
-0.081791
-0.097971
-0.090798
-0.061170
-0.014639
0.033628
0.066872
0.079458
0.075705
0.058081
0.024646
-0.013890
-0.038358
-0.043829
-0.041811
-0.044211
-0.051993
-0.058467
-0.060646
-0.058511
-0.047310
-0.025392
-0.000336
0.019220
0.030300
0.034794
0.031457
0.013271
-0.018079
-0.047159
-0.059491
-0.050954
-0.023414
0.018972
0.061651
0.083383
0.077894
0.057265
0.030089
-0.005027
-0.044921
-0.078725
-0.095167
-0.092449
-0.077261
-0.052677
-0.018813
0.022382
0.063489
0.089695
0.092816
0.082265
0.072921
0.068173
0.062474
0.051077
0.031466
0.005598
-0.020652
-0.043719
-0.061966
-0.072950
-0.075196
-0.066469
-0.043275
-0.002848
0.049136
0.093054
0.109969
0.099387
0.075064
0.047033
0.014578
-0.024801
-0.060921
-0.076742
-0.067537
-0.044109
-0.022378
-0.009808
-0.006155
-0.008985
-0.012818
-0.014732
-0.015993
-0.017664
-0.021855
-0.032094
-0.048446
-0.065090
-0.072905
-0.062800
-0.032380
0.009251
0.048252
0.073576
0.080157
0.068736
0.041158
0.000340
-0.043792
-0.080310
-0.104290
-0.114388
-0.113078
-0.102268
-0.082655
-0.056890
-0.026489
0.005238
0.026813
0.030573
0.025012
0.022945
0.030095
0.044176
0.057364
0.060270
0.044875
0.009875
-0.036435
-0.079038
-0.102658
-0.102101
-0.085643
-0.061932
-0.033299
-0.002528
0.026364
0.049919
0.064577
0.068052
0.062970
0.055069
0.049048
0.048282
0.055473
0.069252
0.081585
0.081836
0.060736
0.014518
-0.047318
-0.100925
-0.124181
-0.116083
-0.094142
-0.077147
-0.073305
-0.077250
-0.078420
-0.069547
-0.048331
-0.016605
0.017537
0.043757
0.055986
0.055062
0.051123
0.051842
0.054272
0.048969
0.025050
-0.019636
-0.070948
-0.105726
-0.112851
-0.099496
-0.077705
-0.055617
-0.036115
-0.023687
-0.025793
-0.041250
-0.057907
-0.064023
-0.055824
-0.034772
-0.002270
0.038156
0.074860
0.095032
0.096528
0.082967
0.049495
-0.007595
-0.074645
-0.130035
-0.159589
-0.163300
-0.144260
-0.104807
-0.058917
-0.027315
-0.018337
-0.020461
-0.018840
-0.012267
-0.006521
-0.004281
-0.004663
-0.005549
-0.006362
-0.005175
0.002154
0.017180
0.034993
0.047717
0.049718
0.038201
0.014365
-0.014169
-0.036808
-0.049354
-0.054461
-0.059595
-0.074344
-0.101402
-0.134455
-0.161069
-0.169883
-0.156487
-0.121210
-0.072230
-0.027335
-0.001704
0.003315
-0.004330
-0.016244
-0.026642
-0.033515
-0.040360
-0.051550
-0.066818
-0.083095
-0.096573
-0.102962
-0.096608
-0.076501
-0.050859
-0.033073
-0.030520
-0.035963
-0.039693
-0.038798
-0.034689
-0.030688
-0.028680
-0.030928
-0.041204
-0.059973
-0.082037
-0.101437
-0.114379
-0.117649
-0.109725
-0.091893
-0.069037
-0.046665
-0.029492
-0.022733
-0.026918
-0.036156
-0.043946
-0.047755
-0.049683
-0.052263
-0.055474
-0.058382
-0.059479
-0.058669
-0.055459
-0.048457
-0.039592
-0.033444
-0.031578
-0.031430
-0.031461
-0.031432
-0.032234
-0.035002
-0.039530
-0.045135
-0.050778
-0.055791
-0.060790
-0.065141
-0.067826
-0.068112
-0.061937
-0.047668
-0.030634
-0.018772
-0.018038
-0.026308
-0.035878
-0.042606
-0.046473
-0.047142
-0.042651
-0.034524
-0.028359
-0.027528
-0.029384
-0.030329
-0.030435
-0.030171
-0.032352
-0.038881
-0.046672
-0.053254
-0.057757
-0.059322
-0.059661
-0.063090
-0.070795
-0.078610
-0.081008
-0.075099
-0.062210
-0.045972
-0.028441
-0.011404
0.003115
0.013749
0.019028
0.017433
0.006563
-0.012860
-0.034900
-0.054286
-0.070244
-0.081363
-0.082951
-0.072668
-0.055106
-0.037852
-0.025050
-0.019445
-0.023658
-0.038251
-0.058966
-0.076454
-0.083770
-0.080321
-0.068797
-0.055149
-0.042971
-0.031519
-0.023515
-0.021927
-0.025889
-0.031937
-0.037522
-0.044658
-0.055680
-0.068317
-0.075586
-0.069709
-0.049844
-0.023579
-0.000444
0.014064
0.020494
0.022154
0.024074
0.029621
0.036109
0.041965
0.047110
0.050305
0.049880
0.043368
0.033813
0.027247
0.025599
0.028186
0.033602
0.042057
0.054133
0.068244
0.080926
0.087651
0.088334
0.088352
0.091552
0.097544
0.104422
0.110658
0.116389
0.123034
0.132465
0.144829
0.157905
0.168680
0.175853
0.181663
0.187762
0.194865
0.203128
0.207693
0.205982
0.199544
0.189711
0.178171
0.162382
0.144160
0.130467
0.124676
0.126004
0.130151
0.133904
0.138309
0.145254
0.155421
0.169618
0.185270
0.198534
0.205138
0.200525
0.186473
0.167079
0.146298
0.127909
0.108957
0.084693
0.053215
0.017922
-0.015968
-0.044872
-0.067196
-0.085496
-0.102845
-0.121253
-0.137621
-0.150158
-0.160646
-0.170345
-0.181742
-0.197155
-0.218463
-0.245757
-0.272773
-0.294472
-0.312319
-0.324502
-0.329509
-0.329288
-0.327352
-0.326108
-0.323757
-0.319731
-0.311638
-0.292265
-0.243594
-0.145185
-0.001871
0.159901
0.303158
0.397665
0.447008
0.477975
0.506342
0.525942
0.526522
0.508494
0.480567
0.450395
0.421412
0.393286
0.363191
0.330407
0.292646
0.243224
0.184043
0.123865
0.068943
0.027267
0.002692
-0.006873
-0.006370
0.003813
0.031616
0.079320
0.140392
0.200486
0.248280
0.279410
0.290192
0.285227
0.270876
0.249422
0.221995
0.190886
0.160699
0.133621
0.111391
0.090057
0.066797
0.045223
0.023194
0.001091
-0.018301
-0.033286
-0.042035
-0.048852
-0.058020
-0.069993
-0.084190
-0.095573
-0.096367
-0.085664
-0.068147
-0.047248
-0.021153
0.016121
0.063428
0.114873
0.158912
0.181788
0.183558
0.169850
0.148216
0.123524
0.099651
0.086086
0.084279
0.091785
0.104982
0.117997
0.123955
0.122956
0.125000
0.130163
0.136166
0.141570
0.145278
0.150965
0.156962
0.165228
0.178692
0.192122
0.200130
0.197449
0.179327
0.151463
0.123990
0.099915
0.080310
0.065372
0.055198
0.050345
0.054419
0.070279
0.094614
0.123781
0.151120
0.167454
0.167979
0.152575
0.129854
0.110499
0.098547
0.095494
0.096479
0.098130
0.100292
0.101626
0.103186
0.107088
0.114921
0.123293
0.127799
0.129897
0.126882
0.114313
0.096671
0.077815
0.059347
0.041323
0.024116
0.009262
0.001246
0.003022
0.008571
0.013481
0.012749
0.001606
-0.018988
-0.045258
-0.068109
-0.083150
-0.094381
-0.098703
-0.098318
-0.099068
-0.100056
-0.102995
-0.105059
-0.105773
-0.106630
-0.107186
-0.107781
-0.105098
-0.099385
-0.089198
-0.074163
-0.062603
-0.057581
-0.056900
-0.062451
-0.073922
-0.085056
-0.093191
-0.100400
-0.108909
-0.119070
-0.131621
-0.145735
-0.160704
-0.178198
-0.198169
-0.221833
-0.245302
-0.263620
-0.275889
-0.284250
-0.291084
-0.295061
-0.297970
-0.298860
-0.295879
-0.291789
-0.285423
-0.275651
-0.259888
-0.232924
-0.196494
-0.156696
-0.121703
-0.093924
-0.071012
-0.057349
-0.054698
-0.056651
-0.056697
-0.048781
-0.033096
-0.015949
-0.001770
0.005844
0.006778
0.006419
0.011085
0.018111
0.023228
0.029367
0.038344
0.047164
0.054042
0.060272
0.061427
0.057351
0.054554
0.055970
0.063316
0.078709
0.098434
0.113545
0.122960
0.129735
0.136512
0.145180
0.153513
0.160679
0.166624
0.171629
0.175742
0.178251
0.181087
0.182355
0.180567
0.176048
0.170882
0.166419
0.162787
0.163323
0.166579
0.171492
0.176490
0.177289
0.173261
0.165570
0.156263
0.146292
0.132307
0.116710
0.099483
0.075979
0.049897
0.023497
-0.003047
-0.026905
-0.048028
-0.067670
-0.086373
-0.104090
-0.119492
-0.134465
-0.146618
-0.152482
-0.154840
-0.157465
-0.161737
-0.166329
-0.172491
-0.180712
-0.188159
-0.192611
-0.188732
-0.169236
-0.134807
-0.092865
-0.049218
-0.009532
0.016986
0.029096
0.032683
0.030048
0.024811
0.018523
0.014337
0.017229
0.025541
0.035837
0.042048
0.039483
0.029743
0.016512
0.005676
0.000165
0.000009
0.007556
0.017281
0.024542
0.031960
0.039020
0.045691
0.051622
0.056220
0.058822
0.059302
0.060897
0.063827
0.068004
0.075200
0.082724
0.088667
0.091921
0.091350
0.089100
0.084780
0.076842
0.066383
0.053450
0.035403
0.011194
-0.016828
-0.045437
-0.070372
-0.087346
-0.095029
-0.097563
-0.100804
-0.108328
-0.120040
-0.134135
-0.151599
-0.169453
-0.185248
-0.198735
-0.206460
-0.210795
-0.214653
-0.214912
-0.213151
-0.210807
-0.206829
-0.202730
-0.197071
-0.186862
-0.169927
-0.146177
-0.113028
-0.072749
-0.035258
-0.006474
0.014187
0.028617
0.038963
0.048059
0.055683
0.064395
0.075011
0.084769
0.093423
0.098749
0.096098
0.084007
0.061418
0.029572
-0.005553
-0.041227
-0.073974
-0.096500
-0.106748
-0.108196
-0.104012
-0.097669
-0.094477
-0.099703
-0.111155
-0.121798
-0.129814
-0.133645
-0.134422
-0.136781
-0.141379
-0.147618
-0.154275
-0.160354
-0.165884
-0.172104
-0.178390
-0.184208
-0.189840
-0.193784
-0.194681
-0.190773
-0.181231
-0.166175
-0.150396
-0.137856
-0.128099
-0.121160
-0.114550
-0.107565
-0.102417
-0.097203
-0.091788
-0.087135
-0.081225
-0.076599
-0.074790
-0.074795
-0.076431
-0.079720
-0.083951
-0.088935
-0.092532
-0.093230
-0.092843
-0.089455
-0.083868
-0.075365
-0.061249
-0.040127
-0.012056
0.020839
0.058298
0.097487
0.134997
0.166419
0.185514
0.193130
0.191343
0.179833
0.165960
0.154743
0.147346
0.149708
0.162037
0.180133
0.199705
0.216647
0.233504
0.252026
0.270703
0.285315
0.291766
0.290941
0.285845
0.280192
0.275592
0.275108
0.277741
0.279766
0.280000
0.275806
0.263112
0.238698
0.205419
0.169079
0.133895
0.101211
0.070369
0.039207
0.007979
-0.019859
-0.042201
-0.059120
-0.074428
-0.092049
-0.114604
-0.141646
-0.169260
-0.196254
-0.222018
-0.244809
-0.261690
-0.272279
-0.278360
-0.279868
-0.278565
-0.276117
-0.271182
-0.264883
-0.259488
-0.250136
-0.232654
-0.204123
-0.163683
-0.116916
-0.068455
-0.023340
0.016389
0.050839
0.076509
0.092750
0.103743
0.113029
0.121632
0.128877
0.133158
0.134395
0.133920
0.132951
0.131253
0.129345
0.127854
0.125787
0.122950
0.119630
0.114380
0.105799
0.097155
0.090078
0.083908
0.080984
0.084591
0.092916
0.099945
0.105426
0.110894
0.116054
0.118792
0.119030
0.120840
0.121830
0.122633
0.125826
0.129159
0.134632
0.141414
0.146458
0.151581
0.157261
0.163241
0.170320
0.180053
0.191459
0.199778
0.206376
0.212045
0.212961
0.210084
0.206379
0.201978
0.198301
0.195220
0.191808
0.185693
0.176612
0.167924
0.158799
0.151890
0.147637
0.145634
0.147102
0.149043
0.151065
0.152926
0.152341
0.149385
0.143556
0.134756
0.124339
0.112093
0.099139
0.085188
0.069634
0.053041
0.035225
0.017711
0.001757
-0.011115
-0.018871
-0.020850
-0.019998
-0.019493
-0.017698
-0.015878
-0.014474
-0.012100
-0.010182
-0.007794
-0.005629
-0.004686
-0.004779
-0.006525
-0.009120
-0.012175
-0.014741
-0.016799
-0.019601
-0.022395
-0.024549
-0.026848
-0.028273
-0.029386
-0.031696
-0.033400
-0.034858
-0.037804
-0.042416
-0.048459
-0.057124
-0.069188
-0.082426
-0.096738
-0.112009
-0.126427
-0.139731
-0.151115
-0.161364
-0.171112
-0.180322
-0.188903
-0.194797
-0.196862
-0.192385
-0.180858
-0.164204
-0.140133
-0.109314
-0.075602
-0.041270
-0.008616
0.018894
0.037317
0.046500
0.049822
0.049126
0.047443
0.046743
0.046420
0.047898
0.051972
0.057223
0.062675
0.067070
0.067746
0.061295
0.047108
0.030368
0.013683
-0.001792
-0.015264
-0.025624
-0.030112
-0.029649
-0.026862
-0.025203
-0.025188
-0.025212
-0.026352
-0.028249
-0.029526
-0.031718
-0.034322
-0.035542
-0.037345
-0.040260
-0.041969
-0.043085
-0.044810
-0.044729
-0.043323
-0.042307
-0.041600
-0.042008
-0.042209
-0.043016
-0.045537
-0.048829
-0.053209
-0.057673
-0.061212
-0.065721
-0.070044
-0.071766
-0.071328
-0.066059
-0.054846
-0.037396
-0.014387
0.008402
0.027336
0.043823
0.056873
0.065778
0.072931
0.077021
0.079237
0.082181
0.085389
0.088329
0.090297
0.092049
0.093807
0.093718
0.090207
0.084366
0.075466
0.060465
0.042203
0.022236
0.000968
-0.018903
-0.038093
-0.054013
-0.063491
-0.068196
-0.069805
-0.070830
-0.073842
-0.078049
-0.082851
-0.088465
-0.094399
-0.099682
-0.102283
-0.102606
-0.098358
-0.086165
-0.068327
-0.044748
-0.017691
0.008755
0.033535
0.054890
0.072343
0.083035
0.086781
0.085160
0.080217
0.074297
0.068315
0.063384
0.058520
0.055520
0.054218
0.053200
0.053296
0.054431
0.055385
0.055442
0.054474
0.053259
0.050879
0.045766
0.040013
0.033450
0.024180
0.012466
0.000198
-0.012486
-0.026031
-0.038179
-0.049205
-0.060066
-0.066060
-0.065919
-0.062959
-0.058322
-0.054166
-0.052705
-0.054795
-0.061033
-0.070116
-0.081821
-0.093835
-0.101627
-0.106050
-0.106541
-0.101628
-0.094616
-0.088323
-0.081285
-0.074802
-0.070531
-0.066745
-0.063174
-0.058322
-0.053759
-0.048776
-0.041501
-0.034035
-0.026583
-0.020016
-0.014459
-0.008600
-0.000960
0.009490
0.021823
0.034544
0.047340
0.058327
0.064412
0.065149
0.062658
0.056602
0.046299
0.034682
0.022700
0.009901
-0.001301
-0.008900
-0.012916
-0.013847
-0.015092
-0.017721
-0.020045
-0.023639
-0.028410
-0.031379
-0.033462
-0.034410
-0.030170
-0.024172
-0.020314
-0.016565
-0.014199
-0.013195
-0.011214
-0.008893
-0.004718
0.001300
0.006032
0.008985
0.007920
0.002398
-0.005587
-0.014983
-0.022822
-0.028009
-0.027301
-0.021879
-0.016023
-0.007287
0.001648
0.007949
0.013797
0.016971
0.018367
0.020007
0.018419
0.016896
0.015787
0.011927
0.007593
0.001369
-0.008125
-0.020643
-0.034743
-0.049111
-0.064917
-0.080177
-0.092935
-0.103877
-0.113023
-0.120195
-0.126039
-0.130372
-0.131579
-0.129826
-0.127168
-0.126003
-0.126707
-0.127190
-0.127881
-0.128873
-0.127655
-0.127080
-0.127839
-0.127633
-0.128854
-0.128975
-0.127725
-0.127921
-0.125167
-0.119715
-0.113215
-0.102135
-0.089753
-0.075242
-0.055970
-0.037592
-0.021677
-0.012335
-0.011481
-0.015663
-0.025825
-0.038591
-0.049082
-0.058173
-0.065652
-0.069713
-0.069136
-0.065464
-0.062420
-0.060992
-0.062557
-0.065846
-0.070715
-0.077261
-0.080833
-0.082724
-0.082561
-0.080279
-0.079328
-0.079561
-0.082786
-0.088224
-0.091540
-0.095134
-0.099167
-0.099550
-0.100370
-0.102448
-0.104399
-0.108428
-0.113039
-0.116608
-0.119547
-0.119983
-0.119973
-0.120249
-0.119093
-0.119479
-0.118586
-0.115141
-0.109231
-0.098875
-0.085949
-0.071079
-0.052733
-0.031713
-0.008050
0.017712
0.040562
0.057152
0.068302
0.076743
0.082371
0.085612
0.086353
0.084699
0.082687
0.077286
0.068684
0.058539
0.045466
0.029801
0.013038
-0.002917
-0.016574
-0.024476
-0.025384
-0.021150
-0.013158
-0.006110
-0.002149
0.001820
0.005632
0.008611
0.012328
0.018316
0.026258
0.035341
0.045775
0.056952
0.066265
0.072954
0.077424
0.078936
0.078052
0.076258
0.073651
0.071798
0.073200
0.075279
0.078455
0.083451
0.089305
0.093813
0.095341
0.097114
0.096379
0.092480
0.088189
0.082006
0.075779
0.068216
0.058490
0.049826
0.041891
0.036131
0.029810
0.021673
0.014261
0.004019
-0.009845
-0.025133
-0.041850
-0.058184
-0.071196
-0.083466
-0.095915
-0.104635
-0.110510
-0.113902
-0.113024
-0.108507
-0.098326
-0.082935
-0.065456
-0.048883
-0.036055
-0.027064
-0.021071
-0.018817
-0.019336
-0.021971
-0.027246
-0.029256
-0.029054
-0.030691
-0.030846
-0.029720
-0.030244
-0.031382
-0.031228
-0.033450
-0.038436
-0.041996
-0.046633
-0.051110
-0.051252
-0.048072
-0.041147
-0.032294
-0.023545
-0.016770
-0.013968
-0.015751
-0.021033
-0.027820
-0.039044
-0.049732
-0.054658
-0.058218
-0.058639
-0.052407
-0.041216
-0.029364
-0.017567
-0.005228
0.005783
0.013361
0.016481
0.017372
0.014868
0.010476
0.008641
0.009499
0.010095
0.010831
0.013894
0.015292
0.016268
0.016122
0.014994
0.016047
0.015827
0.017950
0.024507
0.029922
0.035133
0.040687
0.042896
0.044429
0.044434
0.041909
0.039333
0.035037
0.030725
0.027791
0.025253
0.022603
0.019269
0.015794
0.012527
0.008759
0.005536
0.004899
0.006293
0.008812
0.013614
0.018414
0.020051
0.020863
0.020529
0.018839
0.015958
0.011977
0.007588
0.001590
-0.003570
-0.007275
-0.011541
-0.012909
-0.012089
-0.010783
-0.005963
-0.003305
-0.002145
-0.001301
-0.005846
-0.014951
-0.024188
-0.031189
-0.038108
-0.043472
-0.044659
-0.042134
-0.037499
-0.029028
-0.018710
-0.010404
-0.002415
0.004718
0.010536
0.014143
0.015501
0.016637
0.018768
0.021557
0.020622
0.020400
0.021772
0.019772
0.016872
0.013378
0.009612
0.004979
-0.001575
-0.007484
-0.010256
-0.013892
-0.016663
-0.015111
-0.012459
-0.005055
0.004301
0.010408
0.015632
0.020060
0.022493
0.021548
0.019967
0.016705
0.011364
0.009932
0.010231
0.010821
0.013683
0.015111
0.013982
0.010873
0.007079
0.004167
-0.000107
-0.001728
0.000631
0.002888
0.006204
0.010324
0.012415
0.013599
0.012886
0.009554
0.006739
0.002564
-0.001456
-0.004284
-0.008893
-0.014059
-0.021088
-0.030409
-0.039861
-0.046672
-0.048729
-0.047251
-0.040847
-0.030432
-0.021493
-0.012663
-0.001837
0.006221
0.011535
0.016112
0.018723
0.019532
0.018177
0.016508
0.013410
0.008029
0.005533
0.001434
-0.006428
-0.010989
-0.014259
-0.017085
-0.016860
-0.013064
-0.005901
0.002794
0.015565
0.027375
0.034351
0.038307
0.038855
0.036062
0.029001
0.020375
0.012034
0.006205
0.002297
0.001914
0.006752
0.011046
0.015423
0.020148
0.021028
0.019570
0.016151
0.011875
0.008648
0.004843
0.002937
0.004727
0.009247
0.014376
0.018808
0.024429
0.029079
0.029478
0.028532
0.025275
0.017592
0.008666
-0.001652
-0.011103
-0.018122
-0.024786
-0.028242
-0.028576
-0.027486
-0.024577
-0.022888
-0.023436
-0.025283
-0.030166
-0.036744
-0.041215
-0.045206
-0.047395
-0.043948
-0.039041
-0.032896
-0.025768
-0.022099
-0.018712
-0.017388
-0.021069
-0.024802
-0.030092
-0.037253
-0.040072
-0.038410
-0.035170
-0.028222
-0.016517
-0.005001
0.007305
0.019452
0.023655
0.022652
0.021371
0.016551
0.008257
0.001545
-0.003864
-0.009208
-0.012958
-0.016311
-0.018845
-0.020791
-0.024217
-0.025858
-0.024884
-0.023437
-0.021064
-0.017680
-0.013322
-0.010128
-0.009568
-0.009018
-0.008570
-0.008832
-0.008003
-0.005171
0.000601
0.007226
0.011809
0.014190
0.013314
0.008343
-0.000041
-0.009686
-0.018990
-0.026162
-0.028105
-0.024619
-0.017016
-0.005962
0.005841
0.015406
0.022735
0.027201
0.028014
0.025542
0.020206
0.013233
0.008308
0.006890
0.006376
0.006582
0.007335
0.006692
0.004066
-0.000925
-0.007045
-0.012802
-0.018369
-0.021673
-0.022881
-0.023270
-0.021722
-0.017369
-0.010972
-0.003753
0.004765
0.013658
0.021048
0.026765
0.030125
0.031145
0.030928
0.027804
0.022747
0.018270
0.014674
0.013194
0.014221
0.016747
0.018136
0.018800
0.020228
0.019565
0.016100
0.012178
0.008307
0.005345
0.002739
0.001072
0.001690
0.004015
0.007245
0.010112
0.012585
0.013828
0.012381
0.009241
0.009492
0.010691
0.012643
0.017378
0.019053
0.018407
0.016349
0.010332
0.002358
-0.006239
-0.015756
-0.023070
-0.026243
-0.025674
-0.020809
-0.013495
-0.006724
-0.003215
-0.005831
-0.012294
-0.020131
-0.029219
-0.037577
-0.043722
-0.047681
-0.050419
-0.052127
-0.053888
-0.057372
-0.061620
-0.067094
-0.073619
-0.079752
-0.085478
-0.090177
-0.092056
-0.090417
-0.087346
-0.083102
-0.076071
-0.069754
-0.065494
-0.061586
-0.058922
-0.056662
-0.056864
-0.058671
-0.059340
-0.060690
-0.063575
-0.065108
-0.065089
-0.066580
-0.067763
-0.067307
-0.065822
-0.064771
-0.064151
-0.062705
-0.059986
-0.057398
-0.055482
-0.052425
-0.049679
-0.047083
-0.044061
-0.041058
-0.037482
-0.034060
-0.029585
-0.023533
-0.018694
-0.014215
-0.009397
-0.005358
-0.003882
-0.005978
-0.008637
-0.011525
-0.013308
-0.013776
-0.013937
-0.010925
-0.007477
-0.005468
-0.002070
0.000439
-0.000390
-0.001994
-0.004003
-0.008309
-0.013395
-0.017970
-0.022453
-0.025565
-0.026779
-0.027195
-0.025522
-0.022149
-0.018743
-0.014617
-0.009857
-0.004098
0.000372
0.002663
0.005050
0.005799
0.004885
0.003884
0.003792
0.004484
0.005092
0.006423
0.008836
0.011987
0.013969
0.015499
0.017564
0.018793
0.019767
0.021082
0.022882
0.024949
0.026691
0.028409
0.030251
0.032954
0.034772
0.034507
0.034502
0.033342
0.032116
0.030923
0.028915
0.028103
0.028488
0.030039
0.033079
0.038073
0.043457
0.049732
0.056164
0.061200
0.066128
0.070145
0.072058
0.073388
0.075008
0.075611
0.077115
0.079464
0.080053
0.080191
0.081489
0.082902
0.084026
0.084147
0.082516
0.079905
0.076969
0.074078
0.070221
0.066211
0.063521
0.060993
0.057734
0.055768
0.054814
0.053469
0.052243
0.051417
0.051574
0.052670
0.052453
0.051447
0.051775
0.051081
0.050907
0.052987
0.054735
0.055748
0.056307
0.056243
0.056022
0.055280
0.054301
0.053307
0.051518
0.050589
0.051064
0.051823
0.052173
0.052799
0.055429
0.057969
0.059690
0.061060
0.061715
0.062301
0.062463
0.062894
0.062812
0.062313
0.061605
0.059191
0.057068
0.054266
0.049813
0.047732
0.045684
0.042299
0.039711
0.037828
0.037392
0.037336
0.037725
0.038557
0.039942
0.041809
0.043308
0.045544
0.047384
0.046833
0.045852
0.046266
0.045791
0.043410
0.041038
0.040481
0.039183
0.036331
0.035564
0.034099
0.032467
0.030978
0.028640
0.027663
0.025779
0.025314
0.024515
0.021694
0.020312
0.019769
0.018534
0.016539
0.016717
0.017854
0.018381
0.019629
0.020284
0.020823
0.022470
0.024525
0.026478
0.027460
0.028333
0.029091
0.029948
0.030994
0.031489
0.032509
0.032740
0.033269
0.033826
0.034701
0.037121
0.038566
0.038671
0.039534
0.041003
0.039715
0.038807
0.038399
0.036644
0.035150
0.032530
0.028645
0.025197
0.021304
0.017018
0.016190
0.015029
0.011433
0.010247
0.009661
0.008670
0.009156
0.008299
0.007403
0.007526
0.006898
0.005965
0.007020
0.009192
0.009902
0.012198
0.014526
0.016260
0.018825
0.021345
0.023609
0.026078
0.028020
0.026677
0.026731
0.027797
0.026925
0.027494
0.027060
0.026913
0.027970
0.027026
0.026372
0.026893
0.026062
0.024196
0.022831
0.021802
0.020371
0.018242
0.016803
0.015006
0.012477
0.009687
0.008066
0.006965
0.004908
0.005943
0.008600
0.010028
0.012823
0.016443
0.019236
0.023418
0.027758
0.030165
0.032708
0.034221
0.033087
0.032894
0.032654
0.030995
0.030608
0.030321
0.030045
0.029245
0.026923
0.025570
0.025351
0.024469
0.023172
0.023338
0.024171
0.022712
0.021711
0.020846
0.019459
0.018948
0.017023
0.016623
0.015766
0.014520
0.014687
0.012192
0.008889
0.007703
0.008041
0.007130
0.006430
0.007040
0.007629
0.008209
0.008013
0.007648
0.006911
0.005502
0.002702
-0.000992
-0.003958
-0.006379
-0.007789
-0.009215
-0.011238
-0.011923
-0.012772
-0.013377
-0.011922
-0.011503
-0.011379
-0.010357
-0.010599
-0.011489
-0.011263
-0.010492
-0.010605
-0.011696
-0.012193
-0.012144
-0.011724
-0.010892
-0.009632
-0.006212
-0.002610
0.001855
0.005782
0.007159
0.009873
0.012099
0.013708
0.015303
0.015695
0.015341
0.015565
0.014920
0.012080
0.010443
0.009415
0.009519
0.009812
0.009719
0.011926
0.014796
0.016308
0.018438
0.020713
0.021214
0.021903
0.022037
0.021432
0.021820
0.022225
0.020377
0.018112
0.017251
0.015605
0.014085
0.014472
0.016705
0.020248
0.023564
0.026874
0.030976
0.033507
0.034793
0.035959
0.035453
0.033861
0.031457
0.029452
0.028399
0.025774
0.023364
0.022870
0.020655
0.016941
0.013267
0.009222
0.004841
-0.000094
-0.003553
-0.007145
-0.011345
-0.013352
-0.014774
-0.016977
-0.017983
-0.017396
-0.018322
-0.018556
-0.017107
-0.016016
-0.015938
-0.015867
-0.013254
-0.011490
-0.010623
-0.008728
-0.006996
-0.006061
-0.005973
-0.006066
-0.006376
-0.007439
-0.008790
-0.009417
-0.010947
-0.012370
-0.011927
-0.011494
-0.010188
-0.007751
-0.006753
-0.006280
-0.005437
-0.004985
-0.004263
-0.003744
-0.004526
-0.006442
-0.008814
-0.011291
-0.012699
-0.012414
-0.012923
-0.013208
-0.012314
-0.013542
-0.014496
-0.014703
-0.016406
-0.016832
-0.015916
-0.015798
-0.015625
-0.013770
-0.011353
-0.009226
-0.007474
-0.006266
-0.005129
-0.005720
-0.007388
-0.008473
-0.010872
-0.013505
-0.014217
-0.015865
-0.018019
-0.018921
-0.020713
-0.022309
-0.023211
-0.024206
-0.024789
-0.024672
-0.024700
-0.024616
-0.024045
-0.023598
-0.022275
-0.020837
-0.019849
-0.018828
-0.017099
-0.015144
-0.013917
-0.012904
-0.011940
-0.010417
-0.010012
-0.011752
-0.012164
-0.012219
-0.014245
-0.014760
-0.012844
-0.011152
-0.009772
-0.007820
-0.005429
-0.004335
-0.003859
-0.003039
-0.002746
-0.002244
-0.001540
-0.000435
-0.000167
0.000458
0.001753
0.001399
0.002235
0.004559
0.006353
0.009166
0.011153
0.010792
0.010918
0.011679
0.011760
0.012625
0.013848
0.012404
0.010804
0.010445
0.009779
0.008509
0.006899
0.005995
0.005257
0.003524
0.002138
0.002357
0.002423
0.004228
0.007533
0.008398
0.009369
0.010267
0.008877
0.007963
0.007482
0.006463
0.005653
0.004379
0.002631
0.001613
0.001810
0.002588
0.003382
0.004163
0.005038
0.005234
0.003979
0.003343
0.003718
0.003179
0.001672
-0.000954
-0.003675
-0.006622
-0.011106
-0.014725
-0.019331
-0.024414
-0.027541
-0.031025
-0.033954
-0.035629
-0.036535
-0.036751
-0.036241
-0.036311
-0.036507
-0.035991
-0.036339
-0.036131
-0.035290
-0.034917
-0.034019
-0.032865
-0.031756
-0.030343
-0.029475
-0.029011
-0.028157
-0.028263
-0.028741
-0.028350
-0.027298
-0.026078
-0.025054
-0.023024
-0.021420
-0.020885
-0.020030
-0.019372
-0.019084
-0.018945
-0.018783
-0.018801
-0.019006
-0.019763
-0.021790
-0.024033
-0.025718
-0.026822
-0.027572
-0.028111
-0.027917
-0.027889
-0.028555
-0.028542
-0.028057
-0.028293
-0.027501
-0.026612
-0.026937
-0.026612
-0.024696
-0.022404
-0.022100
-0.021725
-0.020508
-0.020096
-0.019663
-0.018422
-0.015728
-0.011954
-0.007299
-0.002184
0.002274
0.005711
0.007281
0.007262
0.007127
0.006822
0.004844
0.002258
0.000412
-0.001034
-0.001271
-0.001361
-0.002416
-0.003476
-0.004580
-0.005807
-0.006229
-0.005848
-0.005802
-0.005784
-0.004919
-0.003728
-0.002829
-0.002439
-0.002037
-0.001809
-0.002733
-0.003556
-0.004380
-0.005883
-0.006830
-0.008783
-0.010589
-0.011184
-0.012170
-0.012074
-0.011903
-0.012360
-0.012512
-0.013228
-0.014643
-0.015575
-0.016528
-0.018244
-0.019637
-0.020702
-0.022103
-0.022496
-0.021259
-0.020254
-0.019263
-0.018368
-0.018142
-0.018588
-0.020446
-0.021467
-0.021752
-0.023197
-0.023523
-0.022691
-0.021506
-0.019440
-0.016856
-0.013967
-0.010599
-0.006494
-0.003415
-0.001552
0.000874
0.002342
0.002990
0.004607
0.006253
0.008228
0.010533
0.013198
0.015360
0.015896
0.015024
0.013256
0.011962
0.009802
0.007581
0.007190
0.006289
0.004248
0.003295
0.003368
0.003350
0.003858
0.004519
0.003525
0.001956
0.001136
-0.000083
-0.001680
-0.003280
-0.004821
-0.006448
-0.007126
-0.007753
-0.008983
-0.008874
-0.009014
-0.010818
-0.012892
-0.014981
-0.017900
-0.020756
-0.022502
-0.022773
-0.021929
-0.020301
-0.018494
-0.016428
-0.012671
-0.009650
-0.008380
-0.007221
-0.008126
-0.011125
-0.014591
-0.018199
-0.021491
-0.023656
-0.023471
-0.021156
-0.017465
-0.013236
-0.010015
-0.008003
-0.006648
-0.006945
-0.009575
-0.014035
-0.018414
-0.022445
-0.025525
-0.025863
-0.025252
-0.023597
-0.020199
-0.016388
-0.013117
-0.010638
-0.008178
-0.005862
-0.003899
-0.001458
0.000776
0.001968
0.002504
0.003069
0.004747
0.006493
0.008015
0.010464
0.013318
0.015746
0.017583
0.018967
0.019275
0.019821
0.020713
0.021408
0.023124
0.024885
0.027269
0.029287
0.030533
0.032576
0.033725
0.033912
0.033833
0.033120
0.032220
0.031916
0.031646
0.030314
0.028237
0.025662
0.023645
0.022469
0.021379
0.020897
0.021030
0.021590
0.022354
0.023724
0.025276
0.025586
0.025095
0.024221
0.022528
0.020714
0.018851
0.017001
0.015862
0.014680
0.013532
0.012551
0.011652
0.011223
0.011105
0.011664
0.013126
0.014422
0.015581
0.017277
0.018920
0.020760
0.022685
0.023250
0.021756
0.019258
0.016551
0.013767
0.011940
0.010526
0.009419
0.009070
0.008625
0.007564
0.005941
0.004425
0.002929
0.001411
0.000847
0.001773
0.003508
0.005444
0.007646
0.009330
0.009404
0.008405
0.006378
0.003793
0.001753
0.000357
-0.000044
0.000704
0.002526
0.004709
0.007152
0.008973
0.009339
0.009084
0.008170
0.006791
0.005466
0.004168
0.002615
0.001263
-0.000517
-0.002910
-0.004919
-0.007555
-0.010237
-0.011871
-0.012539
-0.012458
-0.012127
-0.011195
-0.009557
-0.007163
-0.005428
-0.004892
-0.004641
-0.004838
-0.005526
-0.006771
-0.007843
-0.008512
-0.009097
-0.009529
-0.010378
-0.011685
-0.012630
-0.013240
-0.014872
-0.017116
-0.018339
-0.019404
-0.019785
-0.019130
-0.019018
-0.018548
-0.016942
-0.015182
-0.013895
-0.013026
-0.012426
-0.011649
-0.011077
-0.011099
-0.010228
-0.009870
-0.010006
-0.009029
-0.008799
-0.009097
-0.009255
-0.009664
-0.010315
-0.010522
-0.010588
-0.010583
-0.010234
-0.010091
-0.009287
-0.007701
-0.005861
-0.004484
-0.003316
-0.001995
-0.000856
0.000507
0.002040
0.002886
0.002847
0.002120
0.000297
-0.002125
-0.004999
-0.008151
-0.011515
-0.015062
-0.018331
-0.021249
-0.023390
-0.024932
-0.025169
-0.024158
-0.022973
-0.020778
-0.018056
-0.015965
-0.013673
-0.011480
-0.010021
-0.009298
-0.010178
-0.012469
-0.015447
-0.019629
-0.023630
-0.025840
-0.028007
-0.029047
-0.028533
-0.028023
-0.027288
-0.026858
-0.026285
-0.026615
-0.027564
-0.028451
-0.030728
-0.032605
-0.033671
-0.034635
-0.035338
-0.036455
-0.037189
-0.037912
-0.038830
-0.039163
-0.039620
-0.040455
-0.041482
-0.041817
-0.041372
-0.040999
-0.039317
-0.036174
-0.032850
-0.029236
-0.025637
-0.022081
-0.018872
-0.015974
-0.012794
-0.010730
-0.009930
-0.009379
-0.009958
-0.010655
-0.009850
-0.008546
-0.006869
-0.005245
-0.004464
-0.003498
-0.002857
-0.002516
-0.001583
-0.000663
0.000204
0.000113
-0.001021
-0.002017
-0.003344
-0.005231
-0.006614
-0.007617
-0.008313
-0.008019
-0.007763
-0.007334
-0.006349
-0.005860
-0.005456
-0.005084
-0.005121
-0.004968
-0.004037
-0.002441
-0.000770
0.000996
0.002949
0.004149
0.004308
0.003517
0.001977
-0.000013
-0.002699
-0.005069
-0.006144
-0.006568
-0.006329
-0.004972
-0.002749
0.000011
0.002165
0.003737
0.004648
0.004497
0.003875
0.002534
0.001570
0.002141
0.003152
0.004180
0.006074
0.008434
0.010281
0.011719
0.012765
0.013394
0.013581
0.012925
0.012138
0.012009
0.012245
0.013548
0.015827
0.018258
0.021111
0.024254
0.027277
0.029314
0.031103
0.032860
0.033698
0.034054
0.033337
0.032131
0.031014
0.029484
0.028237
0.026877
0.025156
0.023393
0.021374
0.019337
0.017999
0.017134
0.016378
0.016551
0.016194
0.015296
0.015502
0.014982
0.014063
0.013786
0.012085
0.009709
0.008444
0.007952
0.007515
0.006317
0.004569
0.002204
-0.000650
-0.003600
-0.006759
-0.009385
-0.011075
-0.012367
-0.012574
-0.012083
-0.011330
-0.009406
-0.007738
-0.005865
-0.003600
-0.002060
-0.000928
-0.000156
0.000741
0.001720
0.002684
0.003257
0.002271
0.001155
0.000737
-0.000682
-0.002170
-0.003196
-0.004363
-0.005627
-0.007075
-0.007917
-0.007834
-0.007110
-0.006021
-0.004192
-0.002551
-0.001471
0.000119
0.001154
0.001849
0.002477
0.002700
0.002855
0.002889
0.002803
0.001863
0.000432
-0.000881
-0.002798
-0.004854
-0.006268
-0.007539
-0.008455
-0.008507
-0.008026
-0.007236
-0.006446
-0.005477
-0.004380
-0.003157
-0.001743
-0.000553
0.001150
0.003465
0.005137
0.006165
0.006762
0.006114
0.004596
0.002128
-0.001184
-0.004391
-0.007222
-0.009374
-0.010840
-0.011274
-0.011475
-0.011469
-0.011171
-0.011132
-0.010984
-0.011148
-0.010380
-0.008741
-0.006582
-0.003352
-0.000285
0.002119
0.003936
0.005351
0.005995
0.006633
0.007790
0.007978
0.007887
0.008008
0.007207
0.005744
0.003695
0.001096
-0.001098
-0.003109
-0.004795
-0.006136
-0.007500
-0.007822
-0.008071
-0.008048
-0.007115
-0.006775
-0.006896
-0.007171
-0.008198
-0.010514
-0.013242
-0.015842
-0.018554
-0.020621
-0.022036
-0.023199
-0.024045
-0.025640
-0.027785
-0.028991
-0.029895
-0.030887
-0.031194
-0.030609
-0.029399
-0.027794
-0.026094
-0.024199
-0.022564
-0.021482
-0.020530
-0.020337
-0.020645
-0.021031
-0.021487
-0.021920
-0.022321
-0.022461
-0.022622
-0.022463
-0.021721
-0.021088
-0.020345
-0.019042
-0.017476
-0.015600
-0.013107
-0.009893
-0.006465
-0.003562
-0.001474
-0.000079
0.000915
0.001449
0.001589
0.000840
-0.000550
-0.002517
-0.005657
-0.009114
-0.012243
-0.014310
-0.015680
-0.016549
-0.016414
-0.016030
-0.015168
-0.013832
-0.013046
-0.012615
-0.012411
-0.012857
-0.013727
-0.014932
-0.016191
-0.017123
-0.017745
-0.017787
-0.017190
-0.016255
-0.015054
-0.013849
-0.012770
-0.011779
-0.010756
-0.008903
-0.005497
-0.001440
0.002711
0.007611
0.012543
0.017113
0.020970
0.023138
0.023398
0.022466
0.021035
0.019329
0.017816
0.017085
0.017586
0.018832
0.020588
0.022649
0.024491
0.025843
0.026399
0.026273
0.025911
0.025454
0.025142
0.025562
0.026668
0.028377
0.029842
0.029692
0.027617
0.023951
0.019658
0.015071
0.010664
0.006727
0.003208
0.000818
-0.000948
-0.001607
-0.001107
-0.001689
-0.003319
-0.005359
-0.007932
-0.010122
-0.011648
-0.012288
-0.011964
-0.011308
-0.010802
-0.010586
-0.010587
-0.010948
-0.011238
-0.011271
-0.011689
-0.012438
-0.012686
-0.012075
-0.010749
-0.008723
-0.006815
-0.005313
-0.004050
-0.003392
-0.002806
-0.002488
-0.001965
-0.000894
-0.000298
0.000411
0.001530
0.002460
0.003206
0.004006
0.004266
0.003872
0.003221
0.002440
0.001703
0.001059
0.000707
0.000298
-0.000447
-0.001126
-0.001655
-0.002242
-0.001748
-0.000054
0.001921
0.003880
0.004789
0.004496
0.003550
0.001843
0.000006
-0.001560
-0.003022
-0.004235
-0.005694
-0.007430
-0.009374
-0.011575
-0.013435
-0.014428
-0.014313
-0.013419
-0.012196
-0.010488
-0.008908
-0.007763
-0.006750
-0.006448
-0.006111
-0.005203
-0.004595
-0.003868
-0.003152
-0.003090
-0.003292
-0.003827
-0.004783
-0.005552
-0.005752
-0.005444
-0.004016
-0.001335
0.002282
0.006468
0.010155
0.012308
0.012914
0.013149
0.012876
0.011571
0.010031
0.008484
0.007248
0.006650
0.006315
0.006732
0.007766
0.009162
0.011294
0.013291
0.015070
0.016733
0.016837
0.016006
0.015431
0.014836
0.014245
0.013693
0.013546
0.013470
0.013014
0.012652
0.012677
0.013307
0.014737
0.016549
0.018098
0.018774
0.018648
0.018189
0.017339
0.016010
0.014919
0.014559
0.014023
0.013081
0.012490
0.012397
0.012216
0.012080
0.012721
0.013021
0.012316
0.012122
0.012368
0.013111
0.014456
0.015519
0.016448
0.016418
0.015385
0.014097
0.012616
0.011227
0.009607
0.007972
0.006744
0.005860
0.005748
0.006747
0.008531
0.010393
0.012177
0.014000
0.015403
0.015647
0.015250
0.014722
0.014201
0.014237
0.014813
0.015516
0.015485
0.014792
0.013835
0.012519
0.011058
0.009286
0.007479
0.006188
0.005446
0.005677
0.006957
0.009175
0.012128
0.015452
0.018153
0.019502
0.019817
0.018379
0.015536
0.012859
0.010862
0.009496
0.008651
0.007821
0.006763
0.006170
0.006150
0.006645
0.007669
0.008753
0.009877
0.010805
0.012212
0.014108
0.015459
0.017109
0.018450
0.018957
0.019465
0.019260
0.018219
0.016894
0.015305
0.013255
0.010586
0.008156
0.006633
0.005839
0.005837
0.006465
0.007293
0.008562
0.010205
0.011702
0.013411
0.014728
0.014798
0.014062
0.012924
0.011469
0.010390
0.009258
0.007900
0.007462
0.006811
0.005639
0.005149
0.004913
0.004921
0.005503
0.005994
0.006292
0.006427
0.005987
0.005234
0.003886
0.001643
-0.000616
-0.002613
-0.004207
-0.004702
-0.004170
-0.003052
-0.000412
0.002943
0.006190
0.010213
0.014116
0.017510
0.021050
0.024527
0.027167
0.029080
0.030043
0.029587
0.028464
0.027221
0.026330
0.025704
0.024831
0.023983
0.023433
0.022799
0.021829
0.020890
0.020081
0.019786
0.019791
0.020050
0.020704
0.020801
0.020099
0.018136
0.014802
0.010478
0.005619
0.001393
-0.002573
-0.006268
-0.008153
-0.008660
-0.009153
-0.009827
-0.010797
-0.011589
-0.011552
-0.011038
-0.010260
-0.008865
-0.006441
-0.004078
-0.002468
-0.001360
-0.001573
-0.002587
-0.003972
-0.006129
-0.008203
-0.009941
-0.011655
-0.012665
-0.013231
-0.013830
-0.014017
-0.014118
-0.013520
-0.012090
-0.009817
-0.006437
-0.002801
0.000597
0.003586
0.006251
0.007781
0.008316
0.008541
0.008434
0.008121
0.007861
0.008397
0.008907
0.009505
0.011182
0.012456
0.013076
0.014186
0.014910
0.014446
0.013776
0.013493
0.013063
0.012885
0.013577
0.014654
0.016436
0.018558
0.020161
0.021548
0.022534
0.022546
0.022226
0.021641
0.020573
0.019788
0.019268
0.019063
0.019042
0.019059
0.018974
0.018543
0.018022
0.016978
0.015410
0.013598
0.010722
0.007327
0.004338
0.002003
0.001001
0.000798
0.001025
0.001904
0.001879
0.000876
0.000632
0.000899
0.000545
0.000015
0.000861
0.002636
0.004358
0.005559
0.006626
0.007354
0.006728
0.006161
0.005338
0.003477
0.002441
0.002324
0.003152
0.004892
0.006304
0.007708
0.008544
0.009075
0.009719
0.009847
0.009756
0.009047
0.008029
0.007022
0.005975
0.005310
0.004238
0.003077
0.002265
0.001140
0.000773
0.000489
0.000010
-0.000126
-0.000390
0.000048
0.000759
0.001832
0.003040
0.003601
0.004515
0.004753
0.003653
0.002612
0.001251
-0.000392
-0.002090
-0.004402
-0.006427
-0.007952
-0.009438
-0.010624
-0.011414
-0.011964
-0.012773
-0.013649
-0.014171
-0.015132
-0.016243
-0.016886
-0.017552
-0.018050
-0.017855
-0.016757
-0.015429
-0.014281
-0.012709
-0.010792
-0.009009
-0.007572
-0.006447
-0.005614
-0.004863
-0.004137
-0.003738
-0.003698
-0.003506
-0.003171
-0.002848
-0.002077
-0.001078
-0.000472
-0.000202
0.000243
0.000222
-0.000381
-0.000930
-0.002228
-0.004804
-0.006585
-0.006695
-0.006744
-0.006134
-0.004709
-0.003251
-0.001649
-0.000359
0.000893
0.001595
0.001878
0.002746
0.003171
0.003542
0.004114
0.004299
0.004663
0.004608
0.003914
0.002990
0.001335
-0.001148
-0.002925
-0.003436
-0.003301
-0.003171
-0.003482
-0.003243
-0.002299
-0.000577
0.001527
0.003269
0.004955
0.006698
0.007924
0.008233
0.008282
0.007604
0.006291
0.005462
0.004560
0.003525
0.002569
0.001908
0.001966
0.002174
0.002810
0.003246
0.002968
0.002499
0.000874
-0.002583
-0.006949
-0.011121
-0.015857
-0.019948
-0.022460
-0.024307
-0.025366
-0.026200
-0.027048
-0.027633
-0.027093
-0.026273
-0.025590
-0.024327
-0.022880
-0.020552
-0.017522
-0.014275
-0.009925
-0.004595
0.000964
0.006288
0.010950
0.014074
0.015042
0.014465
0.012032
0.008142
0.004577
0.001824
0.000414
0.001047
0.003565
0.006798
0.009977
0.012779
0.014278
0.014946
0.015066
0.014086
0.013068
0.012560
0.012518
0.012396
0.011192
0.009396
0.006332
0.002561
-0.000793
-0.004236
-0.006874
-0.008417
-0.008544
-0.006869
-0.003833
0.000356
0.005259
0.010337
0.015013
0.018956
0.022045
0.023760
0.024172
0.023634
0.022308
0.020463
0.017703
0.013950
0.009646
0.005974
0.003640
0.002331
0.001394
0.000346
0.000206
0.000893
0.001534
0.002286
0.003250
0.003792
0.003579
0.003006
0.001328
-0.001223
-0.003373
-0.005665
-0.008404
-0.010987
-0.013147
-0.014720
-0.015967
-0.016567
-0.016155
-0.015162
-0.013140
-0.010642
-0.008287
-0.005564
-0.003310
-0.001864
-0.000862
-0.001233
-0.002193
-0.002670
-0.003681
-0.004748
-0.005310
-0.006070
-0.006633
-0.006951
-0.007746
-0.008349
-0.009203
-0.010568
-0.011651
-0.012510
-0.013252
-0.013625
-0.013116
-0.012201
-0.010844
-0.008884
-0.007027
-0.005505
-0.004381
-0.003900
-0.004007
-0.004363
-0.004699
-0.005042
-0.005455
-0.005576
-0.005423
-0.005200
-0.004660
-0.004041
-0.003026
-0.001515
-0.000397
0.000392
0.001102
0.001798
0.002598
0.003174
0.002904
0.001741
-0.000336
-0.003013
-0.005376
-0.007410
-0.009111
-0.010609
-0.012130
-0.013156
-0.013700
-0.014091
-0.014476
-0.015066
-0.016116
-0.017395
-0.018521
-0.019383
-0.019490
-0.019027
-0.017837
-0.015799
-0.013640
-0.011406
-0.009826
-0.009040
-0.008007
-0.006629
-0.005247
-0.004277
-0.003500
-0.002274
-0.000552
0.001231
0.002964
0.004581
0.005288
0.004758
0.003456
0.001812
0.000242
-0.000652
-0.001134
-0.001001
-0.000146
0.000250
0.000051
-0.000288
-0.000700
-0.001358
-0.002223
-0.003000
-0.003618
-0.004027
-0.004336
-0.004498
-0.004385
-0.004038
-0.003565
-0.003888
-0.004724
-0.005744
-0.007285
-0.009030
-0.010832
-0.012341
-0.013331
-0.014043
-0.014667
-0.015340
-0.016303
-0.017259
-0.018230
-0.019020
-0.019450
-0.019618
-0.019522
-0.019701
-0.019626
-0.019293
-0.019053
-0.018213
-0.017524
-0.017114
-0.016650
-0.016739
-0.017135
-0.017656
-0.018187
-0.018485
-0.018575
-0.018350
-0.017952
-0.017443
-0.016815
-0.016018
-0.014955
-0.013477
-0.011447
-0.009458
-0.007994
-0.007040
-0.007065
-0.007993
-0.008975
-0.009824
-0.010238
-0.010500
-0.010814
-0.011244
-0.011741
-0.011715
-0.011744
-0.011945
-0.012114
-0.012056
-0.011495
-0.010856
-0.009908
-0.008295
-0.006561
-0.004743
-0.002688
-0.000824
0.000603
0.001786
0.002986
0.004048
0.004678
0.004279
0.002392
-0.000228
-0.002539
-0.004364
-0.005213
-0.005035
-0.004568
-0.003709
-0.002714
-0.001666
-0.000394
0.000744
0.001799
0.002830
0.003415
0.003706
0.004260
0.004620
0.004861
0.004840
0.004142
0.003449
0.002597
0.001666
0.001040
0.000682
0.001127
0.002637
0.004807
0.006971
0.008742
0.009998
0.011035
0.011722
0.011346
0.010124
0.008128
0.005419
0.002911
0.001384
0.000696
0.000582
0.001485
0.002906
0.004332
0.005537
0.005742
0.005419
0.004643
0.003360
0.002409
0.001719
0.001940
0.003340
0.005589
0.008708
0.012015
0.015151
0.017941
0.020239
0.022071
0.023109
0.023301
0.023198
0.022647
0.021278
0.019661
0.018172
0.016792
0.015671
0.014784
0.014387
0.013985
0.013321
0.012932
0.012479
0.011809
0.011037
0.010269
0.009753
0.009929
0.010624
0.011911
0.013714
0.014818
0.015021
0.014325
0.012276
0.009521
0.006687
0.003744
0.001370
-0.000237
-0.001570
-0.002614
-0.002527
-0.001379
0.000017
0.001358
0.002011
0.002504
0.002720
0.002273
0.001790
0.001042
0.000113
-0.000523
-0.000591
-0.000322
0.000187
0.000693
0.001252
0.001697
0.001749
0.002173
0.002410
0.002245
0.002459
0.003017
0.004127
0.005388
0.006425
0.007711
0.008520
0.008493
0.007870
0.006059
0.003357
0.000457
-0.002725
-0.005733
-0.008035
-0.009200
-0.009341
-0.008813
-0.007478
-0.005921
-0.004417
-0.002899
-0.001527
-0.000097
0.000884
0.000969
0.000981
0.000918
0.000228
-0.000740
-0.001250
-0.001568
-0.001405
-0.000088
0.001236
0.002394
0.004305
0.005980
0.006618
0.007220
0.007517
0.006987
0.006130
0.005250
0.004166
0.002823
0.001447
-0.000032
-0.001663
-0.003518
-0.005076
-0.006167
-0.007205
-0.007896
-0.008845
-0.010813
-0.012545
-0.013595
-0.013976
-0.013508
-0.012575
-0.011178
-0.009725
-0.008455
-0.007127
-0.005539
-0.003573
-0.001444
0.000546
0.002767
0.004837
0.006186
0.007024
0.007180
0.006487
0.005533
0.004668
0.003456
0.002246
0.001943
0.002243
0.002336
0.002240
0.001828
0.001185
0.001053
0.001510
0.002141
0.003003
0.003695
0.003843
0.003494
0.002671
0.001553
0.000021
-0.001701
-0.003483
-0.004860
-0.005189
-0.005546
-0.006056
-0.006235
-0.006907
-0.008013
-0.009345
-0.010255
-0.010368
-0.010525
-0.010250
-0.009867
-0.010353
-0.011340
-0.012978
-0.014941
-0.016965
-0.018806
-0.019896
-0.020910
-0.021874
-0.022069
-0.021562
-0.020842
-0.020046
-0.019027
-0.017836
-0.016763
-0.015629
-0.014582
-0.013692
-0.012601
-0.011821
-0.011435
-0.011185
-0.011259
-0.011945
-0.013216
-0.014799
-0.016152
-0.016912
-0.017269
-0.017103
-0.016386
-0.015308
-0.014044
-0.012596
-0.010933
-0.009393
-0.007900
-0.006356
-0.005266
-0.004512
-0.003907
-0.003454
-0.002895
-0.002646
-0.003118
-0.003598
-0.003837
-0.003958
-0.003489
-0.002855
-0.002247
-0.001485
-0.000749
0.000168
0.001092
0.001837
0.002171
0.002085
0.002022
0.001507
0.000329
-0.000701
-0.001566
-0.002538
-0.002987
-0.003290
-0.004193
-0.004799
-0.004431
-0.003236
-0.001768
-0.000831
-0.000123
0.000711
0.001515
0.002567
0.003363
0.003352
0.003091
0.002654
0.001726
0.000584
-0.000423
-0.001590
-0.002888
-0.003807
-0.004489
-0.005031
-0.005398
-0.005756
-0.006116
-0.006225
-0.006197
-0.006030
-0.005536
-0.004872
-0.004180
-0.003473
-0.002577
-0.001966
-0.001714
-0.001288
-0.001293
-0.001416
-0.001129
-0.000754
0.000228
0.001133
0.001822
0.002627
0.002887
0.002655
0.002099
0.001421
0.000736
-0.000041
-0.000677
-0.001156
-0.001802
-0.002474
-0.003291
-0.004434
-0.005580
-0.006495
-0.007440
-0.008094
-0.008129
-0.008155
-0.007820
-0.006753
-0.005461
-0.004326
-0.003468
-0.002772
-0.002570
-0.002796
-0.002910
-0.003107
-0.003179
-0.002527
-0.001221
0.000606
0.002794
0.004591
0.005895
0.007477
0.009093
0.009823
0.009849
0.009252
0.007769
0.006470
0.005499
0.004601
0.004410
0.004592
0.005402
0.006750
0.008227
0.010231
0.011932
0.013125
0.014167
0.014830
0.014977
0.014144
0.012856
0.011783
0.011138
0.010999
0.010873
0.010492
0.010237
0.010330
0.010486
0.010698
0.010942
0.011075
0.010936
0.010599
0.010050
0.009380
0.009005
0.008996
0.009480
0.010291
0.010945
0.011319
0.011387
0.011283
0.011359
0.011347
0.011200
0.010819
0.009716
0.008696
0.007689
0.006408
0.005744
0.005695
0.006010
0.006554
0.007304
0.008045
0.008638
0.009417
0.009856
0.010012
0.010565
0.010851
0.010961
0.011229
0.010985
0.010082
0.008598
0.006533
0.004035
0.001504
-0.000718
-0.002678
-0.004356
-0.005322
-0.005830
-0.006067
-0.005775
-0.005822
-0.006308
-0.006831
-0.007842
-0.009177
-0.010526
-0.011728
-0.012326
-0.012347
-0.011966
-0.011183
-0.009663
-0.007564
-0.005623
-0.003949
-0.002326
-0.000395
0.001120
0.001939
0.002724
0.003175
0.003832
0.005376
0.007237
0.008620
0.009391
0.009890
0.009888
0.009697
0.009516
0.009044
0.008574
0.008103
0.008039
0.008379
0.008331
0.008094
0.007555
0.006629
0.005703
0.004293
0.002200
0.000113
-0.001336
-0.002225
-0.002684
-0.002731
-0.002395
-0.001654
-0.000453
0.001193
0.002683
0.003780
0.004462
0.004681
0.004146
0.002645
0.000736
-0.000858
-0.001863
-0.002295
-0.002018
-0.001519
-0.001010
-0.000185
0.000858
0.001658
0.002190
0.002657
0.002525
0.001851
0.001390
0.001245
0.000933
0.000508
0.000218
-0.000094
-0.000605
-0.001430
-0.002697
-0.004329
-0.005709
-0.006788
-0.007486
-0.007525
-0.007243
-0.007075
-0.007163
-0.007449
-0.008143
-0.008789
-0.009103
-0.009464
-0.009592
-0.009429
-0.009304
-0.009068
-0.008378
-0.007512
-0.006906
-0.006552
-0.006932
-0.008167
-0.009694
-0.011281
-0.012500
-0.013017
-0.013033
-0.012733
-0.012399
-0.011958
-0.011444
-0.011174
-0.010731
-0.010295
-0.009890
-0.009219
-0.008528
-0.008119
-0.008377
-0.009138
-0.009999
-0.010974
-0.012197
-0.013312
-0.014236
-0.014730
-0.014427
-0.013513
-0.012643
-0.012300
-0.012137
-0.012277
-0.012818
-0.013444
-0.013880
-0.014127
-0.014200
-0.013836
-0.012916
-0.011783
-0.011172
-0.010788
-0.009738
-0.008196
-0.006801
-0.005599
-0.004361
-0.003096
-0.001883
-0.000394
0.001560
0.003347
0.004937
0.006553
0.007619
0.007857
0.007259
0.006255
0.005475
0.004989
0.004674
0.004373
0.003981
0.003531
0.003188
0.003066
0.002925
0.002703
0.002599
0.002412
0.002114
0.002062
0.002432
0.003082
0.003922
0.004438
0.004462
0.004443
0.004564
0.004998
0.005452
0.005826
0.006156
0.006281
0.006185
0.005921
0.005768
0.005647
0.005255
0.004807
0.004263
0.003531
0.002625
0.001327
0.000266
-0.000372
-0.000921
-0.001178
-0.001310
-0.001184
-0.000873
-0.000649
-0.000354
-0.000070
0.000093
0.000023
-0.000142
-0.000338
-0.000690
-0.000641
-0.000334
-0.000590
-0.001027
-0.001336
-0.001387
-0.001103
-0.001049
-0.001596
-0.002824
-0.004077
-0.004766
-0.005151
-0.005761
-0.006659
-0.007368
-0.007883
-0.008144
-0.008233
-0.008208
-0.008089
-0.008063
-0.007900
-0.008010
-0.008160
-0.007927
-0.007921
-0.007929
-0.008096
-0.008742
-0.009661
-0.010674
-0.011180
-0.010707
-0.009449
-0.007717
-0.006039
-0.004702
-0.003567
-0.003050
-0.002852
-0.002954
-0.003455
-0.003808
-0.004079
-0.004148
-0.003946
-0.003724
-0.003335
-0.002776
-0.002575
-0.002743
-0.003358
-0.004481
-0.005429
-0.006181
-0.006545
-0.006523
-0.006302
-0.005749
-0.005266
-0.004966
-0.004834
-0.004874
-0.005186
-0.005523
-0.005557
-0.005386
-0.005066
-0.004797
-0.004686
-0.004862
-0.005559
-0.006677
-0.007869
-0.008757
-0.009279
-0.009260
-0.008466
-0.007046
-0.005090
-0.003059
-0.001457
-0.000338
0.000215
0.000124
-0.000339
-0.000974
-0.001566
-0.002173
-0.002856
-0.003374
-0.003977
-0.004571
-0.004812
-0.004744
-0.004381
-0.003528
-0.002348
-0.001012
0.000612
0.002415
0.004187
0.005858
0.007418
0.008817
0.010063
0.010814
0.010692
0.010046
0.009352
0.008996
0.009071
0.009329
0.009599
0.009581
0.009464
0.009420
0.009287
0.009190
0.009132
0.009445
0.010414
0.011936
0.013544
0.014988
0.016054
0.016134
0.015487
0.014316
0.012419
0.009891
0.007264
0.005504
0.004958
0.004991
0.005030
0.004706
0.004167
0.004042
0.003997
0.003992
0.004481
0.005190
0.005870
0.006708
0.007381
0.007453
0.007650
0.007923
0.007669
0.007175
0.006372
0.005132
0.003723
0.002552
0.001979
0.001867
0.002466
0.003745
0.005114
0.006628
0.007942
0.008779
0.009336
0.009487
0.009168
0.008444
0.007338
0.005929
0.004531
0.003123
0.001248
-0.000686
-0.002222
-0.003297
-0.003589
-0.003435
-0.002804
-0.001668
-0.000593
0.000534
0.001562
0.002094
0.002291
0.002132
0.001636
0.001076
0.000655
0.000680
0.001222
0.002056
0.002926
0.003497
0.003697
0.003752
0.003719
0.003400
0.002763
0.001994
0.001310
0.000974
0.001252
0.002158
0.003387
0.004785
0.006336
0.007730
0.008293
0.007738
0.006716
0.005800
0.005257
0.005325
0.005875
0.006745
0.007692
0.008458
0.008952
0.009141
0.009198
0.009181
0.009230
0.009284
0.009218
0.009351
0.009772
0.010862
0.012654
0.014465
0.015818
0.016240
0.015638
0.014951
0.014735
0.014369
0.013455
0.011707
0.009599
0.007855
0.006386
0.005420
0.004933
0.004660
0.004367
0.003947
0.003545
0.003619
0.004256
0.005009
0.005939
0.006516
0.006477
0.006358
0.006601
0.007004
0.007255
0.007448
0.007190
0.006677
0.006435
0.006642
0.007100
0.007275
0.007041
0.006576
0.006085
0.006057
0.006647
0.007312
0.008191
0.009306
0.010091
0.010899
0.011654
0.011865
0.011936
0.011607
0.010473
0.009062
0.007717
0.006300
0.005048
0.004093
0.003116
0.002415
0.002386
0.002649
0.002528
0.001924
0.001459
0.001393
0.001496
0.001815
0.002044
0.002280
0.002836
0.003209
0.003337
0.003380
0.003172
0.002628
0.001836
0.000927
0.000306
0.000520
0.001429
0.002379
0.002714
0.002381
0.002021
0.001974
0.002264
0.002771
0.003107
0.003259
0.003368
0.003434
0.003361
0.002933
0.002502
0.002418
0.002439
0.002392
0.002199
0.001756
0.001037
-0.000003
-0.001148
-0.002359
-0.003618
-0.004500
-0.005040
-0.005143
-0.004863
-0.004907
-0.005182
-0.005077
-0.004637
-0.004309
-0.004515
-0.005610
-0.007017
-0.008118
-0.008974
-0.009466
-0.009872
-0.010434
-0.011122
-0.011687
-0.011927
-0.011750
-0.011007
-0.010260
-0.009802
-0.009112
-0.008169
-0.006795
-0.004922
-0.003225
-0.001808
-0.000944
-0.000538
0.000097
0.000748
0.001282
0.002011
0.002676
0.003117
0.003327
0.003378
0.003407
0.003387
0.003769
0.004712
0.006067
0.007556
0.008893
0.009735
0.009934
0.009789
0.009044
0.007648
0.006310
0.005457
0.004916
0.004585
0.004652
0.005159
0.005927
0.006849
0.007627
0.008008
0.007797
0.007064
0.006015
0.004747
0.003545
0.002410
0.001596
0.001231
0.001216
0.001286
0.001111
0.000804
0.000443
0.000095
-0.000320
-0.001248
-0.002969
-0.004713
-0.005514
-0.005282
-0.004355
-0.003618
-0.003677
-0.004376
-0.005914
-0.008181
-0.010365
-0.012130
-0.013496
-0.014052
-0.013688
-0.012482
-0.010738
-0.009235
-0.008046
-0.007208
-0.006960
-0.007092
-0.007671
-0.008404
-0.008615
-0.007846
-0.006174
-0.004370
-0.002870
-0.001536
-0.000334
0.000513
0.000918
0.000918
0.000546
-0.000095
-0.000925
-0.001773
-0.002083
-0.001908
-0.001414
-0.000668
0.000069
0.000769
0.000959
0.000275
-0.000795
-0.001724
-0.002329
-0.002389
-0.002011
-0.001499
-0.000933
-0.000304
0.000124
-0.000022
-0.000770
-0.001951
-0.003248
-0.004312
-0.005182
-0.005952
-0.006363
-0.006429
-0.006161
-0.005606
-0.005067
-0.004561
-0.004195
-0.003788
-0.002883
-0.001530
0.000016
0.001759
0.003292
0.004095
0.004310
0.003709
0.002514
0.001411
0.000630
0.000423
0.000748
0.001566
0.002743
0.003866
0.004702
0.005097
0.005182
0.005029
0.004645
0.004483
0.004490
0.004359
0.004364
0.004326
0.004289
0.004864
0.005816
0.006375
0.006191
0.005381
0.004343
0.003770
0.004043
0.005218
0.007182
0.009722
0.012543
0.015174
0.017291
0.018676
0.019292
0.019130
0.018122
0.016614
0.015209
0.014116
0.013257
0.012578
0.012105
0.011447
0.010379
0.009224
0.008430
0.008417
0.008788
0.009161
0.009555
0.010007
0.010524
0.011131
0.011742
0.012006
0.011917
0.011684
0.011640
0.011942
0.012445
0.012916
0.013084
0.012930
0.012540
0.012104
0.011900
0.011637
0.010956
0.009980
0.008767
0.007698
0.007138
0.006744
0.006068
0.005062
0.003907
0.002370
0.000587
-0.001055
-0.002948
-0.004820
-0.005873
-0.006117
-0.005659
-0.004571
-0.003240
-0.001990
-0.001146
-0.001063
-0.001774
-0.002801
-0.003507
-0.003430
-0.002616
-0.001341
0.000246
0.001653
0.002620
0.002997
0.002780
0.002274
0.001690
0.001181
0.000798
0.000705
0.000761
0.000858
0.001075
0.001323
0.001735
0.002463
0.003450
0.004908
0.006583
0.008108
0.009716
0.011186
0.012417
0.013423
0.013417
0.012024
0.010037
0.008443
0.007539
0.007056
0.006718
0.006345
0.005881
0.005311
0.004510
0.003574
0.002869
0.002509
0.002525
0.002840
0.003028
0.002790
0.002082
0.000958
-0.000518
-0.002153
-0.003821
-0.005868
-0.008353
-0.010514
-0.011725
-0.012166
-0.012469
-0.012886
-0.013163
-0.013040
-0.012142
-0.010735
-0.009273
-0.007618
-0.006158
-0.005313
-0.005100
-0.005284
-0.005648
-0.006235
-0.006954
-0.007890
-0.008973
-0.009903
-0.010557
-0.011043
-0.011608
-0.012282
-0.012823
-0.013104
-0.013015
-0.012283
-0.011233
-0.010205
-0.009324
-0.008863
-0.008912
-0.009122
-0.009292
-0.009463
-0.009239
-0.008564
-0.007803
-0.007118
-0.006426
-0.005872
-0.005491
-0.005409
-0.006003
-0.006899
-0.007578
-0.007825
-0.007670
-0.007448
-0.007252
-0.007127
-0.007110
-0.007097
-0.007265
-0.007594
-0.007728
-0.007672
-0.007599
-0.007613
-0.007603
-0.007557
-0.007658
-0.007854
-0.008297
-0.008908
-0.009402
-0.009736
-0.009856
-0.009857
-0.009757
-0.009492
-0.008895
-0.007799
-0.006684
-0.006261
-0.006523
-0.006863
-0.007100
-0.007181
-0.007288
-0.007927
-0.008955
-0.010147
-0.011102
-0.011786
-0.012528
-0.013223
-0.013621
-0.013545
-0.013356
-0.012999
-0.012451
-0.011994
-0.011485
-0.010890
-0.010447
-0.010445
-0.011021
-0.012057
-0.013112
-0.013864
-0.014197
-0.014394
-0.014348
-0.013953
-0.013396
-0.012372
-0.011395
-0.010932
-0.010825
-0.011114
-0.011629
-0.012142
-0.012378
-0.012309
-0.011966
-0.010984
-0.009644
-0.008676
-0.008282
-0.008556
-0.009451
-0.010595
-0.011870
-0.013090
-0.013899
-0.014448
-0.014347
-0.013554
-0.012577
-0.011195
-0.009834
-0.008994
-0.008707
-0.008754
-0.008970
-0.009483
-0.010264
-0.011007
-0.011466
-0.011860
-0.012063
-0.011919
-0.011776
-0.011670
-0.011205
-0.010169
-0.008881
-0.007786
-0.006640
-0.005342
-0.004712
-0.004888
-0.005431
-0.006074
-0.006531
-0.006748
-0.006716
-0.006558
-0.006329
-0.006057
-0.005894
-0.005530
-0.004917
-0.004603
-0.004357
-0.004037
-0.003958
-0.003921
-0.003982
-0.003762
-0.003082
-0.002282
-0.001198
-0.000502
-0.000716
-0.001655
-0.002721
-0.003028
-0.002932
-0.003006
-0.003253
-0.003416
-0.003469
-0.003721
-0.003971
-0.004355
-0.004880
-0.005055
-0.004545
-0.003056
-0.000525
0.002616
0.006169
0.010242
0.013725
0.015923
0.016597
0.015715
0.014346
0.013021
0.011694
0.010261
0.008378
0.006230
0.004159
0.002017
-0.000225
-0.002605
-0.004818
-0.005996
-0.005786
-0.004186
-0.001076
0.003025
0.007756
0.012850
0.017076
0.019380
0.020111
0.020152
0.019554
0.018346
0.016554
0.014257
0.011423
0.007637
0.002903
-0.002593
-0.008476
-0.014033
-0.018210
-0.020081
-0.019179
-0.015592
-0.010054
-0.003335
0.003629
0.009189
0.012795
0.014240
0.012781
0.008999
0.003599
-0.002699
-0.008369
-0.012520
-0.015320
-0.017042
-0.017932
-0.018452
-0.018893
-0.018849
-0.017879
-0.015694
-0.011772
-0.005827
0.001448
0.008515
0.014421
0.018906
0.020844
0.019252
0.015052
0.008872
0.001080
-0.006964
-0.014025
-0.018979
-0.021120
-0.020388
-0.017420
-0.013064
-0.008088
-0.003652
-0.000249
0.002192
0.003907
0.005178
0.005649
0.005354
0.004950
0.004491
0.003764
0.002992
0.001606
-0.000751
-0.003757
-0.007482
-0.011263
-0.014651
-0.017203
-0.018028
-0.017460
-0.015498
-0.012045
-0.008104
-0.004689
-0.001625
0.001509
0.003811
0.004845
0.004391
0.002599
0.000504
-0.001701
-0.003845
-0.005789
-0.007808
-0.009580
-0.010881
-0.011630
-0.011895
-0.011651
-0.010523
-0.008710
-0.006343
-0.003522
-0.000706
0.001507
0.002847
0.003640
0.003591
0.002615
0.001342
-0.000061
-0.001591
-0.003345
-0.005481
-0.007566
-0.009411
-0.011034
-0.012124
-0.012594
-0.012251
-0.011135
-0.009158
-0.006456
-0.003423
-0.000396
0.001689
0.002856
0.003163
0.002109
0.000148
-0.002187
-0.004292
-0.005612
-0.006207
-0.005957
-0.005317
-0.005089
-0.004715
-0.004377
-0.004750
-0.004943
-0.004612
-0.003651
-0.002175
-0.000670
0.000889
0.002105
0.002796
0.002965
0.002408
0.000969
-0.000906
-0.002645
-0.003828
-0.003712
-0.002238
0.000176
0.002990
0.005145
0.005785
0.005043
0.003793
0.002836
0.002346
0.002536
0.003637
0.005383
0.007767
0.010327
0.012404
0.013836
0.014320
0.013967
0.012917
0.011026
0.009148
0.007823
0.006664
0.006045
0.005857
0.006017
0.006479
0.006836
0.007513
0.008720
0.010146
0.011182
0.011506
0.011125
0.010269
0.009265
0.007929
0.006333
0.004667
0.002874
0.001363
0.000939
0.001166
0.001773
0.003168
0.004511
0.005414
0.006117
0.006533
0.006701
0.006757
0.006744
0.006714
0.006687
0.006747
0.006736
0.006181
0.005142
0.003529
0.001497
-0.000332
-0.001874
-0.003214
-0.004128
-0.004363
-0.004032
-0.003184
-0.001872
-0.000240
0.001466
0.003022
0.003900
0.003902
0.003422
0.002361
0.001136
0.000276
-0.000343
-0.000637
-0.000751
-0.000986
-0.001037
-0.000878
-0.000524
0.000203
0.001253
0.002458
0.003598
0.004634
0.005276
0.005357
0.004860
0.003961
0.002708
0.001210
-0.000207
-0.001484
-0.002632
-0.003627
-0.004148
-0.004114
-0.003559
-0.002515
-0.001451
-0.001314
-0.002110
-0.002944
-0.003218
-0.002621
-0.001456
-0.000097
0.001138
0.002083
0.002906
0.003579
0.004065
0.004286
0.004053
0.003567
0.003008
0.002782
0.003466
0.004764
0.006198
0.007572
0.008758
0.009364
0.008875
0.007631
0.006672
0.006643
0.007051
0.007134
0.006753
0.006108
0.005509
0.004905
0.004041
0.003241
0.002499
0.001823
0.001623
0.001553
0.001691
0.001891
0.001761
0.001496
0.000909
0.000166
-0.000361
-0.000521
-0.000053
0.000913
0.001892
0.002706
0.003275
0.003443
0.003297
0.003009
0.002624
0.002347
0.002400
0.002809
0.003657
0.004725
0.005484
0.005617
0.005289
0.004454
0.002999
0.001355
-0.000152
-0.001076
-0.001022
0.000081
0.001945
0.003908
0.005559
0.006660
0.006940
0.006376
0.005344
0.004159
0.003317
0.003035
0.003098
0.003575
0.004232
0.004852
0.005387
0.005641
0.005579
0.005331
0.005097
0.004987
0.005002
0.005427
0.006358
0.007014
0.006967
0.006396
0.005467
0.004741
0.004167
0.003530
0.003258
0.003550
0.004489
0.005506
0.006240
0.006776
0.006723
0.006047
0.005112
0.004111
0.003062
0.002223
0.001964
0.002096
0.002315
0.002371
0.001693
0.000387
-0.001081
-0.002636
-0.004069
-0.005347
-0.006344
-0.006411
-0.005393
-0.003587
-0.001525
-0.000097
0.000601
0.001086
0.001327
0.001010
0.000641
0.000718
0.000996
0.001466
0.002253
0.002906
0.002903
0.002642
0.002371
0.001647
0.000621
0.000032
0.000028
0.000463
0.001428
0.002505
0.003263
0.003717
0.003875
0.003741
0.003232
0.002536
0.002215
0.002419
0.002871
0.003511
0.004412
0.005074
0.005415
0.005882
0.006174
0.006150
0.005854
0.005509
0.005624
0.006207
0.007035
0.007548
0.007476
0.007080
0.006168
0.004863
0.003573
0.002555
0.002366
0.003066
0.004229
0.005520
0.006812
0.007721
0.008023
0.007705
0.006607
0.005293
0.004017
0.002989
0.002542
0.002488
0.002662
0.002491
0.002061
0.001590
0.000976
0.000774
0.001082
0.001733
0.002156
0.001788
0.001068
0.000324
-0.000211
-0.000459
-0.000474
-0.000289
-0.000095
0.000188
0.000365
0.000038
-0.000621
-0.001264
-0.001785
-0.001833
-0.001377
-0.000928
-0.000448
0.000183
0.000979
0.001518
0.001499
0.001314
0.000653
-0.000136
-0.000074
0.000398
0.000751
0.000755
0.000033
-0.001088
-0.001939
-0.002315
-0.002703
-0.003144
-0.003646
-0.004106
-0.004355
-0.004731
-0.005034
-0.005062
-0.004981
-0.004979
-0.005206
-0.005571
-0.005806
-0.005992
-0.006096
-0.006325
-0.006567
-0.006361
-0.006046
-0.005744
-0.005368
-0.005164
-0.005162
-0.005005
-0.004508
-0.003689
-0.002296
-0.000224
0.002068
0.004234
0.006172
0.007627
0.008047
0.007476
0.006298
0.004950
0.003818
0.002978
0.002686
0.002515
0.002199
0.001904
0.001427
0.000479
-0.000744
-0.001752
-0.002375
-0.002269
-0.001322
0.000199
0.001996
0.004291
0.006467
0.007412
0.007383
0.006708
0.005722
0.004755
0.003960
0.003382
0.002849
0.002026
0.000535
-0.001253
-0.002734
-0.003518
-0.003306
-0.002383
-0.001021
0.000863
0.003282
0.005553
0.006965
0.007552
0.007142
0.006339
0.005421
0.004412
0.003886
0.003394
0.002815
0.002350
0.001792
0.001115
0.000575
0.000334
0.000608
0.001437
0.002660
0.004248
0.005958
0.007772
0.009576
0.011204
0.012110
0.011709
0.010269
0.008244
0.006197
0.004484
0.003159
0.002361
0.002207
0.002530
0.002822
0.002919
0.002781
0.002410
0.002141
0.002225
0.002537
0.002814
0.003161
0.003402
0.002998
0.002285
0.001316
-0.000171
-0.001512
-0.002844
-0.004152
-0.005069
-0.005716
-0.005762
-0.005383
-0.004907
-0.004577
-0.004504
-0.004666
-0.004918
-0.004763
-0.004350
-0.003752
-0.003191
-0.002842
-0.002627
-0.002956
-0.003152
-0.003140
-0.003335
-0.003085
-0.002475
-0.002089
-0.001929
-0.001877
-0.002011
-0.002372
-0.002803
-0.002797
-0.002682
-0.002372
-0.001494
-0.000562
0.000270
0.000999
0.001748
0.002417
0.002920
0.003141
0.003280
0.003450
0.003239
0.002977
0.003062
0.003823
0.004860
0.005254
0.005136
0.005161
0.005214
0.005121
0.005225
0.005204
0.004910
0.004845
0.004995
0.005219
0.005533
0.005927
0.006529
0.006626
0.006150
0.005886
0.005663
0.005504
0.005447
0.005583
0.005979
0.006074
0.005921
0.005963
0.006184
0.006890
0.008200
0.009092
0.009527
0.010294
0.010988
0.011474
0.011776
0.011615
0.011252
0.010491
0.009708
0.009462
0.009267
0.009350
0.009892
0.010291
0.010309
0.010332
0.010596
0.010748
0.010975
0.011687
0.012381
0.012773
0.013089
0.013283
0.013130
0.012820
0.012644
0.012361
0.011690
0.010778
0.009928
0.009014
0.008021
0.007062
0.006485
0.006460
0.006722
0.007488
0.008685
0.009782
0.010693
0.011314
0.011237
0.010711
0.010007
0.009105
0.008026
0.007044
0.006241
0.005249
0.004633
0.004501
0.004503
0.004706
0.004754
0.004556
0.004195
0.003661
0.003316
0.003167
0.002755
0.002343
0.002176
0.002073
0.002273
0.002678
0.002982
0.003033
0.002777
0.002540
0.002166
0.001341
0.000216
-0.000821
-0.001212
-0.001046
-0.000716
-0.000494
-0.000710
-0.001277
-0.002070
-0.003097
-0.003871
-0.004388
-0.005083
-0.005517
-0.005606
-0.005594
-0.005253
-0.005018
-0.004979
-0.004840
-0.004725
-0.004680
-0.004929
-0.005499
-0.005778
-0.005011
-0.003353
-0.001470
-0.000015
0.001001
0.002001
0.002889
0.003385
0.003382
0.003165
0.002833
0.002486
0.002310
0.002002
0.001606
0.001196
0.000554
-0.000149
-0.001091
-0.002337
-0.003587
-0.004765
-0.005626
-0.006282
-0.006792
-0.006888
-0.006822
-0.006620
-0.006160
-0.005703
-0.005227
-0.004687
-0.004443
-0.004476
-0.004524
-0.004554
-0.004360
-0.004077
-0.004044
-0.004020
-0.003971
-0.004266
-0.004749
-0.005206
-0.005728
-0.006071
-0.005897
-0.005331
-0.004557
-0.003661
-0.002914
-0.002335
-0.001750
-0.001440
-0.001602
-0.002358
-0.003654
-0.005161
-0.006571
-0.007526
-0.008169
-0.008702
-0.009040
-0.008849
-0.007898
-0.006728
-0.005658
-0.004846
-0.004543
-0.004632
-0.005026
-0.005699
-0.006271
-0.006278
-0.006171
-0.006649
-0.007803
-0.009036
-0.009529
-0.009171
-0.008493
-0.007944
-0.007639
-0.007694
-0.007810
-0.007871
-0.008023
-0.008064
-0.007945
-0.007451
-0.006546
-0.005413
-0.004047
-0.002692
-0.001778
-0.001348
-0.001205
-0.001651
-0.002368
-0.003011
-0.003061
-0.002434
-0.001546
-0.000570
0.000313
0.001110
0.001958
0.002768
0.003288
0.003528
0.003511
0.003311
0.003178
0.003023
0.002796
0.002778
0.002892
0.003018
0.003363
0.003759
0.004031
0.004340
0.004572
0.004453
0.004443
0.004781
0.005015
0.004930
0.004544
0.004355
0.004743
0.005385
0.006261
0.007263
0.007876
0.008170
0.008109
0.007404
0.006441
0.005410
0.004158
0.003202
0.002677
0.002341
0.002264
0.002631
0.003335
0.003689
0.003472
0.002968
0.002243
0.001467
0.001098
0.001206
0.001443
0.001704
0.002033
0.001937
0.001130
-0.000155
-0.002036
-0.004267
-0.006264
-0.007849
-0.008928
-0.009274
-0.008896
-0.008194
-0.007260
-0.006376
-0.006040
-0.006035
-0.006061
-0.006380
-0.007330
-0.008636
-0.010088
-0.010991
-0.010813
-0.010345
-0.009766
-0.009128
-0.008777
-0.008486
-0.008248
-0.008013
-0.007449
-0.006621
-0.005519
-0.004197
-0.003234
-0.002934
-0.003302
-0.004144
-0.005172
-0.006275
-0.007191
-0.007892
-0.008235
-0.007887
-0.007163
-0.006673
-0.007018
-0.007993
-0.009073
-0.010254
-0.011078
-0.011377
-0.011453
-0.011311
-0.011043
-0.010757
-0.010577
-0.010621
-0.010787
-0.010813
-0.010657
-0.010383
-0.009843
-0.008988
-0.008234
-0.007910
-0.007775
-0.007838
-0.007974
-0.008163
-0.008443
-0.008419
-0.008194
-0.007682
-0.006880
-0.006101
-0.005495
-0.005212
-0.005268
-0.005658
-0.006362
-0.007468
-0.008610
-0.009397
-0.009824
-0.009904
-0.009712
-0.009245
-0.008615
-0.008113
-0.007907
-0.008062
-0.008740
-0.009576
-0.010527
-0.011530
-0.011939
-0.011778
-0.011114
-0.010034
-0.008987
-0.008309
-0.008111
-0.008170
-0.008388
-0.008772
-0.008976
-0.008988
-0.008544
-0.007384
-0.006160
-0.004964
-0.003712
-0.002704
-0.002093
-0.001720
-0.001386
-0.001181
-0.001160
-0.001634
-0.002566
-0.003237
-0.003522
-0.003892
-0.004290
-0.004599
-0.004983
-0.005334
-0.005371
-0.005210
-0.005020
-0.004501
-0.003716
-0.002879
-0.002071
-0.001341
-0.000811
-0.000702
-0.000597
-0.000271
0.000027
0.000224
0.000198
0.000167
0.000623
0.001639
0.002618
0.002880
0.002439
0.001922
0.001694
0.001616
0.001511
0.001469
0.001514
0.001599
0.001692
0.001859
0.002381
0.003155
0.003948
0.004512
0.004532
0.004051
0.003466
0.003076
0.002975
0.003334
0.003810
0.003833
0.002932
0.001131
-0.000454
-0.000827
0.000325
0.002533
0.004739
0.006082
0.006487
0.006487
0.006373
0.006253
0.006048
0.005245
0.003856
0.002512
0.001382
0.000689
0.000746
0.001395
0.002343
0.003144
0.003629
0.003922
0.004005
0.003861
0.003402
0.002574
0.001700
0.000987
0.000450
0.000023
-0.000573
-0.001240
-0.001867
-0.002261
-0.002249
-0.001973
-0.001630
-0.001593
-0.001921
-0.002377
-0.002683
-0.002479
-0.001897
-0.001221
-0.000569
-0.000081
0.000269
0.000324
0.000144
0.000230
0.000596
0.000940
0.001088
0.000850
0.000528
0.000534
0.000705
0.000916
0.001142
0.001301
0.001447
0.001633
0.001906
0.002170
0.002317
0.002311
0.002283
0.002388
0.002498
0.002412
0.001859
0.001057
0.000595
0.000675
0.001128
0.001539
0.001954
0.002544
0.003085
0.003480
0.003598
0.003214
0.002493
0.001857
0.001244
0.000662
0.000147
-0.000367
-0.000626
-0.000721
-0.000711
-0.000517
-0.000188
0.000334
0.000906
0.001425
0.001921
0.002256
0.002540
0.002961
0.003337
0.003570
0.003644
0.003422
0.003092
0.002852
0.002790
0.003080
0.003679
0.004305
0.004718
0.004889
0.004707
0.004348
0.004204
0.004286
0.004594
0.005056
0.005459
0.005657
0.005632
0.005581
0.005570
0.005657
0.005897
0.006108
0.006197
0.006191
0.006050
0.005838
0.005701
0.005669
0.005712
0.005700
0.005640
0.005546
0.005410
0.005307
0.005131
0.004770
0.004162
0.003382
0.002690
0.002377
0.002551
0.002921
0.003006
0.002574
0.001864
0.001295
0.000991
0.000796
0.000524
0.000132
-0.000161
-0.000186
0.000044
0.000488
0.000890
0.001090
0.001097
0.000954
0.000726
0.000375
0.000059
-0.000078
-0.000160
-0.000381
-0.000865
-0.001487
-0.001950
-0.001849
-0.001057
0.000063
0.000909
0.001100
0.000782
0.000238
-0.000178
-0.000266
-0.000135
0.000076
0.000227
0.000301
0.000315
0.000220
-0.000001
-0.000315
-0.000660
-0.000915
-0.000978
-0.000849
-0.000647
-0.000389
-0.000136
-0.000091
-0.000222
-0.000439
-0.000827
-0.001324
-0.001727
-0.002021
-0.002272
-0.002413
-0.002438
-0.002444
-0.002544
-0.002807
-0.003193
-0.003659
-0.004135
-0.004497
-0.004668
-0.004699
-0.004637
-0.004555
-0.004544
-0.004634
-0.004813
-0.004993
-0.005148
-0.005259
-0.005222
-0.004990
-0.004581
-0.004064
-0.003550
-0.003159
-0.002910
-0.002716
-0.002582
-0.002510
-0.002445
-0.002342
-0.002210
-0.002071
-0.001935
-0.001886
-0.001945
-0.001964
-0.001905
-0.001828
-0.001686
-0.001479
-0.001212
-0.000820
-0.000427
-0.000184
-0.000005
0.000245
0.000583
0.000901
0.001026
0.000870
0.000523
0.000161
-0.000157
-0.000425
-0.000593
-0.000611
-0.000469
-0.000151
0.000366
0.000959
0.001467
0.001864
0.002102
0.002114
0.001971
0.001751
0.001482
0.001182
0.000957
0.000828
0.000668
0.000471
0.000311
0.000222
0.000161
0.000123
0.000123
0.000125
0.000121
0.000144
0.000169
0.000175
0.000187
0.000190
0.000206
0.000262
0.000347
0.000430
0.000445
0.000396
0.000315
0.000202
0.000065
-0.000079
-0.000181
-0.000185
-0.000067
0.000175
0.000538
0.000985
0.001447
0.001882
0.002235
0.002435
0.002461
0.002332
0.002088
0.001788
0.001491
0.001261
0.001215
0.001396
0.001677
0.001944
0.002128
0.002135
0.002018
0.001850
0.001637
0.001488
0.001455
0.001471
0.001517
0.001604
0.001728
0.001865
0.002008
0.002127
0.002161
0.002129
0.002030
0.001871
0.001726
0.001594
0.001468
0.001352
0.001227
0.001114
0.001024
0.000955
0.000944
0.000969
0.000968
0.000922
0.000814
0.000675
0.000573
0.000540
0.000559
0.000572
0.000552
0.000507
0.000422
0.000315
0.000213
0.000126
0.000057
0.000006
-0.000028
-0.000062
-0.000079
-0.000064
-0.000045
-0.000009
0.000048
0.000102
0.000148
0.000169
0.000180
0.000209
0.000229
0.000221
0.000179
0.000106
0.000043
-0.000003
-0.000024
0.000002
0.000046
0.000106
0.000173
0.000214
0.000238
0.000247
0.000248
0.000252
0.000251
0.000258
0.000276
0.000285
0.000280
0.000264
0.000227
0.000167
0.000103
0.000042
-0.000017
-0.000058
-0.000072
-0.000066
-0.000047
-0.000026
-0.000022
-0.000038
-0.000066
-0.000094
-0.000108
-0.000106
-0.000097
-0.000096
-0.000096
-0.000097
-0.000106
-0.000112
-0.000109
-0.000109
-0.000116
-0.000119
-0.000118
-0.000117
-0.000112
-0.000100
-0.000094
-0.000087
-0.000078
-0.000077
-0.000071
-0.000058
-0.000049
-0.000046
-0.000047
-0.000059
-0.000079
-0.000088
-0.000093
-0.000094
-0.000085
-0.000075
-0.000068
-0.000058
-0.000050
-0.000038
-0.000031
-0.000044
-0.000068
-0.000093
-0.000119
-0.000138
-0.000147
-0.000145
-0.000135
-0.000115
-0.000075
-0.000019
0.000052
0.000132
0.000209
0.000269
0.000305
0.000312
0.000292
0.000250
0.000189
0.000113
0.000030
-0.000049
-0.000111
-0.000144
-0.000144
-0.000110
-0.000058
-0.000010
0.000025
0.000046
0.000051
0.000046
0.000037
0.000029
0.000026
0.000029
0.000034
0.000037
0.000036
0.000028
0.000016
0.000005
-0.000005
-0.000010
-0.000008
0.000001
0.000016
0.000033
0.000049
0.000063
0.000072
0.000075
0.000074
0.000071
0.000067
0.000063
0.000061
0.000061
0.000063
0.000066
0.000068
0.000069
0.000069
0.000069
0.000068
0.000068
0.000069
0.000072
0.000075
0.000080
0.000084
0.000088
0.000090
0.000093
0.000094
0.000095
0.000096
0.000098
0.000099
0.000100
0.000102
0.000103
0.000105
0.000106
0.000107
0.000109
0.000110
0.000112
0.000113
0.000115
0.000116
0.000117
0.000119
0.000120
0.000121
0.000122
0.000123
0.000124
0.000125
0.000125
0.000126
0.000127
0.000128
0.000129
