0.000000
0.002104
0.002507
0.000470
-0.001179
-0.001293
-0.000213
0.000804
0.000447
0.000865
0.000073
-0.001672
-0.000739
0.000590
0.001253
-0.001562
-0.003837
-0.001376
0.001376
0.000780
-0.000427
-0.000896
-0.000879
-0.001409
-0.000784
0.000683
0.001652
0.001840
0.000817
0.000902
0.000666
-0.002503
-0.004172
0.000353
0.001536
0.001391
-0.000431
0.000274
0.001879
-0.002281
-0.001351
0.002110
0.000445
-0.000143
0.002270
0.003735
0.000558
-0.003619
-0.000480
0.003862
0.002183
0.000713
0.003644
0.000686
-0.003304
-0.001455
0.000180
0.001893
0.002855
-0.000922
0.000972
0.001950
-0.002145
-0.001344
0.001105
0.001473
-0.001144
0.002656
0.004967
0.001068
0.003079
0.002399
-0.002805
-0.002017
-0.000598
0.001544
0.001141
-0.001039
0.003564
0.002901
0.000944
0.002059
0.001713
0.000000
-0.001861
0.001803
0.001242
-0.000661
-0.001994
-0.001953
-0.001341
-0.000880
0.008528
0.011404
0.000792
-0.004357
-0.001691
0.002383
-0.001076
-0.003499
0.007394
0.005612
-0.007717
-0.006075
0.006674
0.001462
-0.006053
0.003833
0.009386
0.001027
-0.004175
0.006764
0.009760
0.000116
-0.003921
0.000898
0.003981
0.000218
-0.002194
0.000986
-0.001025
-0.003880
-0.002305
0.000394
0.004630
-0.003088
-0.009113
-0.006831
-0.004781
-0.003437
-0.000868
-0.004350
-0.004480
0.006298
0.005641
-0.004118
-0.008056
0.000015
0.002669
-0.000124
-0.000495
-0.000167
-0.007056
-0.015480
-0.003035
0.003108
-0.012308
-0.015801
-0.001245
0.009637
0.008381
0.006656
-0.005077
-0.015075
-0.004649
0.009638
0.014590
0.009789
-0.002572
-0.011235
0.000275
0.007249
0.007132
0.002555
-0.002616
-0.005904
-0.001289
0.004939
-0.001545
-0.010783
-0.009957
-0.004904
0.000203
0.013415
0.003248
-0.010575
-0.008801
0.001203
0.008453
0.002084
-0.000860
-0.001617
0.000526
0.002869
0.004503
0.007956
-0.007881
-0.009964
0.001458
0.002736
-0.006072
-0.006237
0.007871
0.002418
-0.000960
-0.004282
0.002043
0.009122
0.008154
0.015225
0.008447
-0.006662
-0.013149
-0.006986
0.010036
0.006029
0.002533
0.007329
0.000182
-0.001658
0.007417
0.007136
-0.006216
-0.007522
-0.005323
-0.012962
-0.020247
-0.016600
-0.002605
0.004783
0.002777
0.006200
0.008736
0.003632
-0.002127
0.005131
0.007387
-0.006562
-0.012680
-0.005186
0.000999
0.005773
0.002294
-0.008536
-0.015535
-0.002843
0.014946
0.004752
-0.005140
-0.007719
-0.002532
-0.002203
-0.003750
0.003456
0.002404
0.006166
0.000826
0.003975
0.003990
-0.006037
-0.001043
0.001139
-0.005697
-0.002586
0.011038
0.005748
0.001118
0.000084
-0.004344
0.006029
0.014169
0.006152
-0.008623
-0.011234
-0.003465
0.001161
0.000727
-0.002031
0.004020
0.008644
0.006470
-0.000872
0.002488
0.002387
-0.004009
-0.000542
-0.002160
0.000312
0.000286
-0.000959
0.000741
0.000752
-0.006055
-0.010928
0.001086
0.023268
0.024237
0.001900
-0.003820
-0.009942
-0.011680
0.010291
0.010416
-0.004672
-0.011807
-0.006721
0.005829
0.007092
-0.006275
-0.010422
-0.008953
-0.011994
-0.000938
0.007386
-0.006091
-0.009162
0.003818
0.011595
0.004785
-0.000149
-0.000106
-0.005496
0.004576
0.010622
0.012598
-0.000989
-0.007401
-0.004170
-0.004827
0.000341
-0.003297
0.006083
0.003226
-0.012404
-0.015033
-0.007736
-0.005049
0.003767
0.006622
0.003413
-0.007512
-0.011250
0.001381
-0.001072
-0.005969
-0.012429
-0.005076
0.005143
0.003385
-0.011111
-0.002979
0.007669
-0.002791
-0.012506
-0.011895
-0.005909
0.005016
0.010173
0.000516
-0.003172
0.005252
0.016045
0.005464
0.002628
0.016761
0.017936
-0.005922
-0.021625
-0.001065
0.013166
0.000820
-0.002690
0.004845
0.007396
-0.010539
-0.005995
0.018883
0.021009
-0.004003
-0.013568
0.007026
0.010501
-0.001560
-0.000668
0.012125
0.007048
0.007044
0.013633
0.004300
-0.004368
0.011690
0.009080
0.004335
0.001184
-0.008244
0.000741
-0.000475
0.003061
-0.009633
-0.012501
0.009486
0.012905
-0.010212
-0.009613
-0.007894
-0.016735
-0.006953
0.004685
0.009002
-0.018688
-0.023618
0.000310
0.025193
0.021158
0.007875
0.005208
-0.011965
-0.008158
0.020820
0.037198
0.011365
-0.012713
-0.001722
0.001577
-0.007065
-0.003709
0.000250
-0.002356
-0.004113
0.013284
-0.000296
-0.012305
0.000597
0.008218
0.021274
0.009837
-0.003714
-0.016649
-0.014205
-0.008444
-0.002530
-0.000503
-0.016719
-0.022174
-0.010201
0.008079
0.006563
-0.008233
-0.004230
0.015069
0.024202
0.027188
0.017449
0.015419
0.000748
-0.006650
0.019217
0.011791
-0.009301
-0.010830
0.010710
0.003149
-0.004589
0.008541
0.008264
-0.004122
-0.015353
-0.011124
0.005886
0.020938
0.003076
-0.019288
-0.019731
-0.001922
0.006050
0.006022
-0.001442
-0.001859
-0.003711
-0.004228
-0.000761
0.010821
0.009080
0.003275
-0.005887
-0.004834
-0.000115
-0.003659
-0.017588
-0.022529
0.009821
0.019800
0.009554
-0.006391
-0.009279
-0.017365
-0.027258
-0.017734
-0.000229
0.003715
0.006181
0.011723
0.004157
0.005471
0.015172
0.017399
0.014405
0.009377
0.004509
-0.006958
-0.006160
-0.008490
-0.011745
-0.010519
-0.004650
-0.002753
-0.021120
-0.024418
-0.023967
-0.006718
0.023389
0.011794
-0.011089
0.013155
0.036323
0.042687
0.015298
-0.021051
-0.036063
-0.055686
-0.059996
-0.046004
-0.012145
0.000036
-0.008922
0.001463
0.017182
-0.013144
-0.040849
-0.017481
0.020331
0.021014
0.014997
0.021790
-0.000089
-0.025944
-0.034746
-0.035062
-0.024346
-0.013191
-0.009097
-0.003557
0.003053
-0.020910
-0.018522
0.003332
-0.004264
-0.002030
-0.000493
0.001557
-0.027821
-0.026892
0.001425
0.026001
0.032142
0.024074
0.004869
-0.000481
0.002821
-0.002210
0.027264
0.035212
0.024639
0.012543
0.006700
-0.003282
-0.017693
-0.034721
-0.037230
-0.012449
0.006576
0.002583
-0.020345
-0.023832
0.002486
-0.007699
-0.022497
0.008053
0.033699
0.036721
0.030113
0.031105
0.019925
0.014651
-0.003695
-0.003548
0.019745
0.003800
-0.014221
-0.016287
-0.002016
0.003888
0.008026
0.017423
-0.011638
-0.020999
-0.007723
-0.004115
0.010349
0.001933
-0.001854
0.023478
0.024207
0.018720
0.037202
0.031858
0.019844
0.016254
0.028503
-0.000992
-0.049246
-0.073713
-0.085009
-0.082376
-0.094111
-0.068271
-0.010796
0.047058
0.079625
0.061464
0.025517
0.014924
0.024027
0.023526
0.024951
0.045419
0.033934
0.015457
0.012664
0.005502
0.011798
-0.012397
-0.026343
-0.012310
-0.003923
0.006088
-0.000431
-0.015760
-0.032757
-0.040734
-0.023603
-0.010057
0.004484
0.012207
-0.003581
-0.009616
-0.016127
-0.014237
-0.004101
0.016824
0.044786
0.061854
0.074620
0.068387
0.056268
0.054705
0.038528
0.016860
0.006058
0.003849
0.002051
0.007012
0.024047
0.034865
0.045310
0.044333
0.001071
-0.038852
-0.059446
-0.068814
-0.033058
-0.006568
0.001489
-0.012536
-0.023398
-0.013029
-0.020549
-0.033442
-0.034236
0.003923
0.034586
0.031563
0.013323
-0.013556
-0.055266
-0.087842
-0.075886
-0.073335
-0.052189
-0.020664
-0.014582
-0.021128
-0.019858
0.026954
0.043507
0.026718
0.011452
0.014377
0.024459
0.018977
0.031168
0.037064
0.025166
0.020029
0.005356
-0.004875
0.014008
0.051767
0.070131
0.042091
-0.005860
-0.063976
-0.114094
-0.148448
-0.128661
-0.041754
0.026989
0.026450
-0.001294
-0.012234
0.005367
0.041859
0.061801
0.054150
0.053045
0.075398
0.099505
0.102714
0.084008
0.049096
0.039095
0.066143
0.066821
0.016508
-0.044381
-0.058382
-0.041532
-0.030800
-0.046883
-0.097879
-0.158161
-0.184688
-0.165078
-0.143075
-0.115140
-0.076587
-0.032026
0.020302
0.056876
0.075582
0.098959
0.139810
0.165478
0.145791
0.078870
-0.007696
-0.084662
-0.122663
-0.078707
-0.004227
0.029371
0.020701
-0.013022
-0.024526
-0.001239
0.037927
0.074090
0.076372
0.071043
0.067926
0.053298
0.033041
0.016003
0.001086
-0.022516
-0.021058
0.007450
0.007796
-0.003641
-0.013236
-0.020306
-0.011756
-0.010374
-0.026166
-0.040816
-0.055859
-0.079560
-0.083580
-0.075502
-0.047583
0.011317
0.061519
0.066626
0.048224
0.046286
0.068538
0.075898
0.060634
0.036369
0.011458
-0.017262
-0.052636
-0.058903
-0.022973
0.048191
0.094657
0.109579
0.115104
0.102279
0.085483
0.031492
-0.049266
-0.108550
-0.152912
-0.170694
-0.136987
-0.072297
-0.031536
-0.021889
-0.012263
-0.013775
-0.039417
-0.062371
-0.068139
-0.056500
-0.015754
0.020731
0.033550
0.045857
0.058371
0.063041
0.043637
0.015039
-0.013586
-0.058145
-0.091440
-0.099397
-0.097731
-0.087603
-0.067472
-0.062805
-0.067232
-0.070910
-0.063810
-0.030845
0.013298
0.046752
0.050002
0.042981
0.034238
0.021441
0.027388
0.046559
0.055645
0.068186
0.075270
0.050148
0.037010
0.043156
0.029409
0.018145
0.007210
0.018447
0.040833
0.048659
0.055960
0.064425
0.074390
0.073896
0.057933
0.011490
-0.024473
-0.035176
-0.017198
0.028901
0.060040
0.081876
0.082241
0.066194
0.039315
0.008855
-0.011847
-0.038127
-0.049811
-0.045284
-0.024940
0.011604
0.036307
0.056495
0.068044
0.055775
0.040242
0.038410
0.030094
-0.003834
-0.045696
-0.069974
-0.071170
-0.048589
-0.021891
-0.012360
-0.012390
-0.016230
-0.017371
-0.021007
-0.007566
0.019495
0.031638
0.011568
-0.026725
-0.041832
-0.053625
-0.056997
-0.056802
-0.070240
-0.071890
-0.061235
-0.039350
-0.027658
-0.032718
-0.030990
-0.028492
-0.014902
-0.005610
-0.016356
-0.018921
-0.000615
0.022104
0.017666
-0.011196
-0.037067
-0.034181
-0.002196
0.021091
0.019906
0.004293
0.007152
0.036854
0.064823
0.084733
0.089698
0.080781
0.065709
0.054964
0.054496
0.070281
0.074834
0.066345
0.064343
0.046772
0.036811
0.029719
0.018273
0.008174
-0.002498
0.005710
0.006527
-0.000903
-0.002869
0.006384
-0.000677
-0.025545
-0.030668
-0.020264
0.001191
0.021584
0.021399
0.002075
-0.020733
-0.038008
-0.055839
-0.070733
-0.062081
-0.055077
-0.059840
-0.049225
-0.022097
-0.006641
-0.015084
-0.032341
-0.049662
-0.053263
-0.048043
-0.035053
-0.003402
0.026758
0.052870
0.076008
0.078760
0.073717
0.061270
0.027628
-0.013273
-0.033912
-0.028873
-0.011037
0.008599
-0.001606
-0.017132
-0.012342
-0.014030
-0.007102
-0.002642
-0.020259
-0.041278
-0.062822
-0.086164
-0.097984
-0.080588
-0.044251
-0.016082
-0.007661
-0.023551
-0.044564
-0.051772
-0.048344
-0.038447
-0.024762
-0.012835
0.006608
0.028941
0.036627
0.003954
-0.020973
-0.004346
0.005222
-0.007723
-0.013509
0.009167
0.019763
0.011504
-0.002636
-0.023294
-0.031437
-0.008463
0.013502
0.021225
0.010244
-0.001764
0.019928
0.030831
0.008086
-0.026987
-0.041580
-0.032552
-0.018532
-0.011380
-0.012563
-0.003991
0.015766
0.037647
0.052152
0.052364
0.051424
0.055750
0.036308
0.009474
-0.006880
-0.021867
-0.029842
-0.045226
-0.072051
-0.088091
-0.075643
-0.058607
-0.047450
-0.035413
-0.020374
0.001322
0.021590
0.030901
0.025685
0.020307
0.023932
0.012115
-0.011560
-0.022348
-0.024017
-0.016077
-0.007010
0.012626
0.030321
0.037940
0.054238
0.060929
0.049587
0.034581
0.026864
0.029962
0.023441
0.021420
0.033180
0.038109
0.026889
0.014552
0.002612
-0.013346
-0.005786
0.007215
0.011775
0.010360
0.010230
0.014849
0.019536
0.022129
0.023358
0.023272
0.006213
-0.012736
-0.006199
-0.000625
-0.012645
-0.030589
-0.022241
0.017413
0.037256
0.035016
0.023625
0.008598
-0.005944
-0.009601
-0.001513
0.011307
0.036684
0.049187
0.038231
0.030513
0.035833
0.020811
0.000716
-0.000104
0.000411
-0.005883
-0.007271
0.016654
0.032511
0.022701
0.010450
0.001717
-0.004162
-0.009358
-0.005365
-0.010269
-0.017671
0.000016
0.004161
-0.010015
-0.020281
-0.021175
-0.014000
-0.012198
-0.006976
-0.004497
-0.009629
-0.020509
-0.007297
0.029165
0.039140
0.006511
-0.042080
-0.064150
-0.053715
-0.032011
-0.027360
-0.011907
-0.000044
-0.013047
0.004727
0.038789
0.032100
0.002015
-0.016218
0.006615
0.032900
0.022280
0.043806
0.069541
0.056881
0.037848
0.040663
0.009376
-0.029141
-0.017768
-0.042200
-0.076329
-0.045152
-0.009670
-0.017458
-0.017596
0.013567
-0.007776
-0.039761
-0.010591
-0.008387
-0.034998
-0.041892
-0.046784
-0.046590
-0.046280
-0.060403
-0.070319
-0.073578
-0.049113
-0.025616
-0.037257
-0.048530
-0.052481
-0.043921
-0.023520
-0.012730
-0.006653
-0.011216
-0.017097
0.001827
0.038040
0.055599
0.044513
0.029235
0.020475
0.014437
-0.002774
-0.013507
0.005156
0.035588
0.053067
0.045707
0.043122
0.060768
0.067368
0.056678
0.029469
0.008508
0.002686
-0.008292
-0.016721
-0.013536
-0.011779
-0.010697
-0.001798
0.007140
0.017834
0.010198
-0.000848
-0.002696
-0.013433
-0.020431
-0.018054
-0.007304
0.005386
0.018883
0.037222
0.047822
0.038104
0.030628
0.027864
0.029844
0.045401
0.047817
0.039588
0.044573
0.047414
0.021406
0.005714
0.002425
-0.006999
0.003640
0.008618
-0.003895
-0.013126
0.001249
0.029389
0.030438
0.015943
0.005051
-0.001752
-0.011899
-0.022975
-0.023249
-0.019416
-0.007839
0.007459
0.002715
0.001747
0.011420
0.007408
-0.003347
-0.004454
0.000634
-0.003562
-0.008716
-0.009779
-0.006337
0.005138
0.014091
0.008789
-0.000392
-0.001207
-0.004773
-0.018574
-0.025548
-0.021039
-0.009711
-0.007995
-0.014982
-0.007873
0.001522
0.007118
0.014462
0.014436
0.012731
0.019385
0.038660
0.049503
0.046119
0.035630
0.021015
0.010557
-0.005420
-0.016891
-0.011779
-0.000597
-0.000795
-0.007324
-0.011639
-0.025009
-0.042647
-0.045080
-0.037427
-0.039409
-0.055841
-0.072059
-0.082339
-0.080231
-0.067258
-0.067521
-0.077427
-0.077776
-0.063496
-0.047303
-0.042503
-0.048884
-0.049012
-0.046081
-0.035066
-0.027683
-0.027295
-0.029605
-0.034677
-0.032576
-0.031106
-0.026354
-0.014101
0.001855
0.014367
0.013411
-0.003557
-0.020105
-0.012738
0.001201
0.003390
0.008221
0.010167
0.011085
0.006060
0.003105
0.007991
0.006245
0.002383
0.001058
0.008996
0.024431
0.031713
0.040010
0.045723
0.044406
0.045030
0.045694
0.059559
0.072835
0.070169
0.065239
0.067558
0.059976
0.055873
0.049260
0.031062
0.022636
0.024393
0.037522
0.053372
0.065348
0.066780
0.060325
0.054240
0.058235
0.050079
0.028786
0.013094
-0.009290
-0.018322
0.000899
0.013987
0.007173
-0.002182
-0.004590
-0.002269
-0.003329
-0.003217
-0.005793
-0.003429
0.006401
0.015028
0.022864
0.019895
-0.007557
-0.035114
-0.032012
-0.026281
-0.026872
-0.030001
-0.037800
-0.041513
-0.042312
-0.041793
-0.040506
-0.031429
-0.014133
-0.010394
-0.016187
-0.019120
-0.022568
-0.018887
-0.017606
-0.024512
-0.026647
-0.024128
-0.015397
0.000840
0.010847
0.007508
-0.003306
-0.015876
-0.018619
-0.009644
-0.000885
0.001063
-0.011282
-0.020620
-0.031108
-0.040611
-0.019015
-0.007959
-0.015563
-0.032326
-0.030047
-0.006291
-0.004978
-0.015683
-0.039081
-0.041800
-0.008930
0.024265
0.027313
0.015926
0.017378
0.038471
0.063839
0.065076
0.045704
0.010700
-0.037783
-0.083034
-0.094340
-0.072620
-0.033288
0.032957
0.072072
0.076300
0.064842
0.054155
0.051539
0.025999
-0.012889
-0.002510
0.034050
0.022220
-0.003102
-0.020660
-0.015941
-0.008002
0.015120
0.009520
-0.027447
-0.037076
-0.054672
-0.063695
-0.043507
0.000869
0.027425
0.027196
0.016403
-0.002847
0.013150
0.041793
0.050335
0.011858
-0.053927
-0.058414
-0.027932
0.011405
0.030279
0.018197
0.001025
0.015916
0.047356
0.070790
0.081217
0.066465
0.036246
0.016091
0.011655
0.009475
0.009235
-0.003472
-0.007269
-0.003055
0.000971
-0.002299
-0.001288
-0.005884
-0.011043
0.007658
0.025972
0.041062
0.043791
0.029515
-0.002097
-0.025955
-0.032748
-0.032452
-0.038800
-0.036855
-0.011968
0.017342
0.022868
0.009781
0.002907
-0.012534
-0.005250
0.022701
0.030878
0.008579
-0.019561
-0.042233
-0.053515
-0.039919
-0.019292
-0.010023
-0.019513
-0.021242
-0.013360
-0.022372
-0.040356
-0.042959
-0.032599
-0.033041
-0.032592
-0.024905
-0.021011
-0.017627
-0.005539
0.011954
0.022595
0.020574
0.010531
0.002895
0.000446
0.003070
0.000013
-0.000131
0.008267
0.008865
0.002216
0.005898
0.016440
0.018173
0.015375
0.013963
0.016914
0.028107
0.041773
0.042496
0.039997
0.032261
0.015070
-0.001380
-0.011361
-0.006648
0.002897
0.001492
-0.006045
-0.010006
-0.006061
0.004211
0.002456
-0.008881
-0.008064
0.000171
0.003432
0.000746
-0.009089
-0.016119
0.000343
0.019698
0.005092
-0.014032
-0.022758
-0.008783
0.011248
0.012061
0.007714
0.002051
0.000234
-0.001425
0.004932
0.012153
0.017132
0.014193
0.003055
-0.008219
-0.005844
-0.002877
-0.025044
-0.049085
-0.053354
-0.032034
0.003617
0.020023
0.009281
0.010140
0.014343
0.017681
0.020919
0.016034
0.010006
0.013989
0.026527
0.025560
0.017704
0.014640
0.009475
-0.003938
-0.011908
-0.021729
-0.026701
-0.016342
-0.010004
-0.008073
-0.004286
-0.006523
-0.006255
0.006298
0.021223
0.021779
0.011568
0.004796
-0.015721
-0.025012
-0.013848
-0.005688
-0.006022
-0.007059
-0.005990
0.002425
0.004019
-0.006678
-0.001340
0.007962
0.002785
-0.009239
-0.000740
0.011974
0.008767
0.003361
0.004393
0.002398
-0.014354
-0.025002
-0.023337
-0.016959
-0.019542
-0.032202
-0.041611
-0.035243
-0.013904
0.003636
0.008451
-0.000308
-0.003278
-0.002871
-0.003399
-0.003904
-0.017623
-0.032547
-0.038035
-0.040093
-0.041336
-0.033944
-0.013048
-0.005582
-0.002504
0.004242
0.001413
-0.001170
-0.000100
0.001740
0.010456
0.018270
0.009620
-0.003365
-0.000498
0.006741
0.004254
0.003248
0.003804
0.000284
-0.005750
-0.005446
-0.002181
-0.001191
0.007607
0.021908
0.029198
0.021006
0.017117
0.019645
0.019415
0.018385
0.020000
0.025484
0.025203
0.027632
0.031000
0.031037
0.030456
0.035658
0.041601
0.042354
0.035023
0.031798
0.032914
0.028520
0.023144
0.020973
0.020483
0.010951
-0.002098
-0.006868
-0.005884
-0.005379
0.000474
0.002065
-0.002174
0.002183
0.007415
0.003590
-0.000086
0.001105
-0.000944
-0.002489
0.000188
-0.003108
-0.016832
-0.022607
-0.015101
-0.010388
-0.008325
-0.004834
-0.007628
-0.009658
-0.004943
-0.003200
-0.008614
-0.009755
-0.001327
0.005282
0.000550
-0.001939
-0.000752
-0.000021
0.000419
0.001436
0.005793
0.005933
0.000089
-0.008777
-0.015520
-0.018016
-0.019541
-0.024505
-0.030021
-0.031379
-0.030968
-0.033445
-0.028507
-0.020839
-0.012033
-0.007779
-0.008299
-0.011515
-0.008160
0.006936
0.012923
0.011285
0.010820
0.008583
0.003877
0.001788
-0.001649
-0.001343
-0.001231
-0.010418
-0.020145
-0.021938
-0.016930
-0.019641
-0.023665
-0.022697
-0.027947
-0.031617
-0.030056
-0.027142
-0.024247
-0.021157
-0.014645
-0.010256
-0.009984
-0.006864
-0.005665
-0.007077
-0.004818
-0.000226
0.006472
0.012934
0.017584
0.018694
0.018811
0.018783
0.018942
0.020843
0.017373
0.012961
0.009388
0.005395
0.008345
0.012786
0.009188
0.008411
0.010017
0.014165
0.026267
0.023330
0.008874
0.011253
0.018976
0.018038
0.019105
0.020951
0.018651
0.017657
0.016869
0.010724
0.001229
-0.003932
-0.001451
-0.001697
0.001368
0.006337
0.002098
-0.005717
-0.006223
0.000844
0.003522
0.001442
0.002720
0.004589
-0.001444
-0.003248
0.001432
0.004902
0.000594
-0.006604
-0.008922
-0.011476
-0.010222
-0.010627
-0.013062
-0.010960
-0.012592
-0.014723
-0.012813
-0.011868
-0.010432
-0.007785
0.000542
0.003152
-0.001731
-0.000275
0.006090
0.003667
-0.003965
-0.010070
-0.011396
-0.005765
-0.002242
-0.004725
-0.004992
-0.001629
-0.000428
0.002547
-0.000521
-0.003644
-0.003663
-0.002808
-0.000406
-0.002637
-0.000803
0.003436
0.000571
0.002526
0.009798
0.006970
0.000345
0.000058
0.005328
0.007229
0.006906
0.007406
0.009239
0.013437
0.012620
0.014790
0.015152
0.017591
0.021234
0.020133
0.021327
0.022436
0.019184
0.010165
0.009359
0.013781
0.018555
0.021710
0.020619
0.018661
0.015200
0.011607
0.009588
0.003588
-0.005317
-0.010027
-0.005972
-0.004616
-0.007479
-0.004187
-0.003593
-0.005357
-0.008411
-0.007894
-0.003449
-0.006179
-0.011752
-0.013621
-0.013483
-0.013807
-0.013254
-0.016063
-0.022882
-0.021797
-0.019586
-0.021852
-0.022733
-0.019454
-0.019741
-0.022061
-0.019313
-0.010644
-0.003014
-0.002331
-0.003487
-0.001411
0.003801
0.000231
-0.005645
-0.006630
-0.006872
-0.008533
-0.009623
-0.008245
-0.006342
-0.003838
0.000586
0.000077
-0.002740
0.001466
0.005918
0.005616
0.003112
0.000463
0.002116
0.004152
0.005044
0.005305
0.004664
0.007257
0.011025
0.012291
0.007684
0.004392
0.003815
0.008289
0.012794
0.010888
0.009122
0.010644
0.012145
0.010154
0.010262
0.010398
0.008534
0.003320
0.002076
0.008650
0.013951
0.016307
0.012480
0.008327
0.007257
0.003987
0.001521
-0.000063
0.000699
-0.000189
-0.001965
0.001142
0.002080
0.000025
-0.004078
-0.005514
-0.002949
-0.000682
0.001404
0.000986
0.000787
0.002271
-0.000324
-0.001864
-0.001453
-0.001355
-0.000915
-0.001974
-0.001907
-0.002233
-0.004564
-0.009110
-0.010696
-0.010637
-0.010767
-0.011304
-0.013576
-0.014049
-0.013971
-0.013642
-0.012544
-0.009718
-0.006938
-0.003240
-0.000537
0.000077
-0.000998
-0.004763
-0.004127
-0.000947
-0.000688
-0.001523
-0.000469
0.002117
0.001380
0.000163
-0.001407
-0.001929
0.000977
0.003854
0.005126
0.003901
0.002082
0.000557
0.000922
0.001940
0.000595
-0.000014
0.000590
0.000106
-0.000696
-0.000690
-0.001957
-0.003938
-0.003710
-0.003262
-0.002165
-0.000916
-0.000623
-0.001173
-0.000917
0.000536
0.002207
0.001959
-0.000165
-0.000281
-0.000812
-0.000696
0.000168
0.000634
0.000435
0.000477
0.001705
0.002869
0.003200
0.002426
0.001619
0.001277
0.001334
0.001585
0.001936
0.001368
0.000587
0.000652
0.001087
0.001201
0.001143
0.001472
0.001919
0.001682
0.001452
0.001799
0.002280
0.002643
0.002629
0.002317
0.001910
0.001835
0.001528
0.001010
0.001043
0.001149
0.001086
0.000851
0.000608
0.000739
0.000832
0.000682
0.000348
-0.000109
-0.000153
-0.000128
-0.000271
-0.000496
-0.000707
-0.000653
-0.000524
-0.000314
-0.000274
-0.000489
-0.000508
-0.000448
-0.000492
-0.000517
-0.000505
-0.000434
-0.000279
-0.000209
-0.000234
-0.000251
-0.000267
-0.000275
-0.000281
-0.000260
-0.000240
-0.000241
-0.000231
-0.000215
-0.000183
-0.000144
-0.000105
-0.000060
-0.000018
0.000019
0.000049
0.000072
