0.000000
-0.009035
-0.019745
-0.025397
-0.018139
-0.004366
-0.000618
-0.014080
-0.012095
0.013889
0.023200
0.002806
-0.024800
-0.010124
0.054434
0.093247
0.088364
0.083729
0.037867
-0.001299
0.039225
0.098326
0.015271
-0.037354
-0.001501
0.019519
0.013116
0.010540
0.000604
-0.051287
-0.025347
0.013650
0.000693
-0.006890
0.039999
0.042288
-0.017943
-0.094991
-0.000939
0.121570
0.118025
0.097569
0.128692
0.101959
0.050967
0.043978
0.038927
0.002105
-0.063006
-0.101656
-0.112498
-0.101032
-0.021938
0.058917
-0.004405
-0.112270
-0.097708
-0.045677
-0.045117
-0.054019
-0.066079
-0.104846
-0.114806
0.010326
0.147057
0.125583
0.036830
0.028585
0.092517
0.117448
0.071850
-0.000849
-0.046782
-0.067578
-0.092265
-0.108146
-0.101545
-0.054827
-0.001219
0.062086
0.129780
0.128980
0.082654
0.066722
0.100349
0.124037
0.083238
0.071176
0.119302
0.070498
0.009775
0.023590
-0.010343
-0.096876
-0.100087
-0.047012
-0.025105
-0.057233
-0.096013
-0.121362
-0.085241
0.029219
0.143746
0.083083
-0.020999
0.034550
0.065639
0.062828
0.126104
0.167256
0.092083
-0.003343
-0.023636
-0.030816
-0.053810
-0.160430
-0.347162
-0.148733
0.312127
0.177640
-0.082792
-0.138406
-0.060377
0.039766
0.007696
-0.009217
0.030251
-0.010987
-0.132868
-0.104141
0.017116
0.024722
0.001445
0.095091
0.190725
0.183961
0.146079
0.168552
0.195416
0.177322
0.123932
0.073325
-0.008131
-0.046273
0.024612
0.099790
0.033351
-0.032358
-0.044925
-0.037095
-0.036128
-0.049716
-0.077011
-0.088654
-0.068035
-0.031864
-0.005454
0.011975
0.014996
-0.000045
0.026046
0.119574
0.136101
0.078622
0.036209
0.013566
-0.028925
-0.069014
-0.080094
-0.080556
-0.072099
-0.032712
0.048075
0.115810
0.141383
0.140543
0.092970
-0.008528
-0.087558
-0.110428
-0.132439
-0.171534
-0.180340
-0.148440
-0.105306
-0.030495
0.062773
0.099067
0.061967
0.000967
-0.065956
-0.122982
-0.114948
-0.040583
-0.010232
-0.051598
-0.095275
-0.131195
-0.181472
-0.244814
-0.297844
-0.324827
-0.330228
-0.309157
-0.276638
-0.231739
-0.140321
-0.031410
0.048254
0.064458
0.030337
0.004737
0.051110
0.150660
0.218242
0.233030
0.248094
0.259904
0.244458
0.220088
0.212496
0.217406
0.209044
0.190689
0.175124
0.156833
0.126991
0.111115
0.104771
0.100791
0.097032
0.093928
0.087924
0.079913
0.068600
0.043422
0.019583
-0.020560
-0.099146
-0.180263
-0.261109
-0.337413
-0.399157
-0.423590
-0.370967
-0.320783
-0.292477
-0.257508
-0.224169
-0.201474
-0.182579
-0.152264
-0.103413
-0.027321
0.036538
0.089208
0.143010
0.183509
0.198660
0.204868
0.192904
0.157118
0.092903
0.032844
-0.019856
-0.081292
-0.137759
-0.155458
-0.160735
-0.161987
-0.158519
-0.137568
-0.097236
-0.040887
-0.000480
-0.041809
-0.119260
-0.181784
-0.272795
-0.328264
-0.346915
-0.339267
-0.307400
-0.261195
-0.212125
-0.183741
-0.151690
-0.056407
0.051663
0.163475
0.256415
0.265766
0.215357
0.170383
0.201380
0.295116
0.289459
0.219481
0.138342
0.060971
-0.027447
-0.066513
-0.098877
-0.152534
-0.208074
-0.270770
-0.314684
-0.314324
-0.288083
-0.290308
-0.326517
-0.380656
-0.391752
-0.363626
-0.302420
-0.242936
-0.131069
0.010858
0.133386
0.198965
0.163020
0.105214
0.053240
0.031262
0.022635
0.031888
0.063843
0.216131
0.322872
0.335769
0.348208
0.341023
0.287024
0.216802
0.171352
0.132607
0.079975
0.048298
0.045574
0.043529
0.044673
-0.027619
-0.130472
-0.142731
-0.136843
-0.154601
-0.155373
-0.097289
0.035770
0.151508
0.189070
0.169617
0.132205
0.135179
0.144518
0.137710
0.089130
0.019509
-0.001633
-0.004339
0.007348
0.091123
0.139420
0.111257
0.070971
0.061826
0.074509
0.068023
0.070028
0.098424
0.205201
0.264613
0.216303
0.167964
0.164857
0.183099
0.191539
0.183129
0.177888
0.192857
0.247035
0.286422
0.298116
0.336238
0.372673
0.383747
0.356323
0.305020
0.238212
0.151681
0.048018
-0.032854
-0.174647
-0.297070
-0.271071
-0.138399
-0.050545
-0.028437
-0.053255
-0.113793
-0.131134
-0.113025
-0.056370
0.001701
0.027454
0.056208
0.084888
0.110572
0.169737
0.286432
0.319187
0.301406
0.296763
0.316841
0.305727
0.269402
0.199866
0.098110
-0.045101
-0.173512
-0.303153
-0.373016
-0.392211
-0.314433
-0.229720
-0.203537
-0.234108
-0.254479
-0.233543
-0.197684
-0.171675
-0.144959
-0.109761
-0.066107
-0.041500
-0.094644
-0.213689
-0.184572
-0.045548
0.039432
0.134036
0.192576
0.191664
0.183051
0.155201
0.108099
0.096034
0.115336
0.134153
0.100967
0.059084
0.065769
0.071278
0.000561
-0.114799
-0.231871
-0.314310
-0.355774
-0.323978
-0.254475
-0.153027
-0.008308
0.173191
0.234957
0.198088
0.089145
-0.025726
-0.113670
-0.183659
-0.143787
-0.047281
0.004358
0.018200
0.057770
0.095311
0.058601
0.000809
-0.044862
-0.075020
-0.078663
-0.050978
0.003951
0.005490
-0.062182
-0.146145
-0.167307
-0.142924
-0.105448
-0.065698
-0.024332
0.023909
0.057346
0.076931
0.063463
-0.006257
-0.068613
-0.096460
-0.115037
-0.124104
-0.123298
-0.003913
0.151341
0.238928
0.311115
0.277300
0.199791
0.127131
0.080974
0.075573
0.017867
-0.072328
-0.160109
-0.275508
-0.325510
-0.279140
-0.221982
-0.191817
-0.190223
-0.192564
-0.195319
-0.192618
-0.184455
-0.182522
-0.182011
-0.171637
-0.147985
-0.135911
-0.146852
-0.169830
-0.176609
-0.169904
-0.185705
-0.210719
-0.204161
-0.169400
-0.103972
-0.044498
-0.004050
0.013016
-0.019069
-0.085622
-0.146109
-0.192154
-0.226259
-0.237453
-0.216515
-0.103606
0.040562
0.084058
-0.020892
-0.099659
-0.102515
-0.094980
-0.087578
-0.076582
-0.065594
-0.065385
-0.067132
-0.042049
-0.016965
-0.009279
-0.005679
0.000540
0.015540
0.036761
0.056895
0.056924
0.019328
-0.126387
-0.239476
-0.212637
-0.090153
-0.027384
-0.038934
-0.092689
-0.142866
-0.154119
-0.136167
-0.089206
-0.034679
0.017350
0.064824
0.100672
0.123115
0.162987
0.210590
0.253792
0.294981
0.333439
0.352270
0.358764
0.335694
0.298920
0.258037
0.239228
0.244291
0.249284
0.240451
0.229583
0.220327
0.214052
0.207538
0.197402
0.175045
0.146482
0.115377
0.078646
0.054296
0.039902
0.021174
0.006879
-0.005220
-0.024015
-0.057748
-0.071651
-0.071866
-0.051300
-0.014750
0.055336
0.118468
0.151300
0.186567
0.239168
0.219411
0.111079
0.005063
-0.022544
-0.017349
-0.013177
0.019999
0.088110
0.134012
0.138537
0.138308
0.130630
0.116054
0.111104
0.116202
0.126623
0.127465
0.087830
0.034789
0.025028
0.033073
0.039317
0.019222
-0.019311
-0.066548
-0.098004
-0.107673
-0.108298
-0.102193
-0.093218
-0.107466
-0.138057
-0.150542
-0.149508
-0.101340
0.020756
0.112719
0.124702
0.119128
0.121608
0.128183
0.132973
0.092185
0.044069
0.034726
0.035752
0.048552
0.071293
0.101118
0.122545
0.131921
0.105022
0.075578
0.068127
0.049164
0.006712
-0.072326
-0.171200
-0.206435
-0.194159
-0.130128
-0.095510
-0.103868
-0.132613
-0.110430
0.010858
0.143295
0.194502
0.128431
0.026657
-0.047650
-0.054516
-0.038351
-0.011425
0.002640
-0.020004
-0.071318
-0.153247
-0.218217
-0.250697
-0.204051
-0.119775
-0.063659
-0.004778
0.061075
0.173514
0.273831
0.285140
0.239219
0.195403
0.189730
0.188747
0.179478
0.158897
0.121148
0.026936
-0.117215
-0.236659
-0.277857
-0.289646
-0.299199
-0.304397
-0.292634
-0.229060
-0.157968
-0.054005
0.041445
0.152962
0.213125
0.205969
0.183626
0.150871
0.126505
0.112287
0.053163
-0.033265
-0.121735
-0.178568
-0.193949
-0.179895
-0.115445
0.054989
0.132726
0.098582
0.069562
0.057626
0.052075
0.038205
0.015742
-0.015650
-0.033623
-0.036854
-0.031039
-0.028704
-0.025992
-0.036215
-0.056774
-0.100090
-0.136659
-0.167306
-0.195270
-0.195984
-0.161370
-0.043795
0.137126
0.223509
0.214554
0.106906
-0.035312
-0.148722
-0.187484
-0.150410
-0.105766
-0.098691
-0.103613
-0.101947
-0.049354
0.009565
0.022551
0.033007
0.027502
0.020044
0.009625
0.010742
0.008863
0.005043
-0.068384
-0.122860
-0.125213
-0.121938
-0.117755
-0.109474
-0.093804
-0.070517
-0.042109
0.020191
0.076499
0.094962
0.103901
0.109719
0.118059
0.137732
0.178084
0.199983
0.196867
0.186525
0.158432
0.091873
-0.040918
-0.099768
-0.099862
-0.078391
-0.021722
0.020083
0.050738
0.067947
0.074314
0.086097
0.102993
0.107084
0.085534
0.006400
-0.071043
-0.078599
-0.072847
-0.071027
-0.059233
-0.036958
0.002978
0.059492
0.104635
0.152205
0.196134
0.207907
0.205382
0.187285
0.154399
0.121260
0.059909
-0.040306
-0.128715
-0.169167
-0.169812
-0.159101
-0.145664
-0.137490
-0.139008
-0.143567
-0.145635
-0.134084
-0.093169
-0.023060
0.010748
0.005155
-0.028116
-0.052733
-0.055458
-0.052080
-0.044499
-0.036770
-0.029492
-0.020523
-0.014088
-0.011243
-0.003399
0.012801
0.047274
0.132562
0.209348
0.229585
0.229331
0.208289
0.189588
0.175941
0.161685
0.144033
0.105440
0.032864
-0.031129
-0.094245
-0.130062
-0.135991
-0.138888
-0.141243
-0.142681
-0.139808
-0.139130
-0.138615
-0.132941
-0.118333
-0.100868
-0.082146
-0.062098
-0.038997
-0.011477
0.040309
0.047829
0.001864
-0.026411
-0.044457
-0.057846
-0.078548
-0.105099
-0.113467
-0.108182
-0.103271
-0.081731
-0.039958
0.013659
0.067523
0.097329
0.100010
0.102015
0.106802
0.111341
0.104697
0.080282
0.020960
-0.089462
-0.180589
-0.191139
-0.150708
-0.060597
-0.004421
0.010440
0.014890
0.017037
0.024955
0.041351
0.070239
0.113485
0.160614
0.200972
0.250666
0.255741
0.230323
0.215127
0.194588
0.167091
0.112522
0.018341
-0.042666
-0.057626
-0.057034
-0.027330
0.003636
0.022278
0.033779
0.040143
0.036616
0.016971
0.000754
-0.016107
-0.036282
-0.050636
-0.059592
-0.059352
-0.036930
-0.002888
0.032147
0.058592
0.071111
0.079699
0.077192
0.063455
0.041447
0.027801
0.026024
0.025224
0.026301
0.028303
0.027423
0.014183
-0.013100
-0.050142
-0.088322
-0.110319
-0.122263
-0.130549
-0.136195
-0.139613
-0.141952
-0.136156
-0.119298
-0.089585
-0.058472
-0.038582
-0.015570
0.037570
0.092199
0.108151
0.111702
0.109271
0.092035
0.046639
-0.007813
-0.029706
-0.040363
-0.049932
-0.054299
-0.056524
-0.055214
-0.037581
-0.006951
0.025932
0.038094
0.039581
0.045627
0.061280
0.082494
0.094809
0.099828
0.099496
0.096778
0.084455
0.060733
0.019512
-0.039935
-0.076414
-0.078397
-0.066573
-0.043348
-0.016293
0.011931
0.034078
0.046263
0.050390
0.051880
0.048376
0.028835
-0.018516
-0.059519
-0.085769
-0.104623
-0.113287
-0.117646
-0.113954
-0.101523
-0.083332
-0.065153
-0.055448
-0.047252
-0.036286
-0.025483
-0.016416
-0.006108
0.008355
0.024943
0.044495
0.065130
0.074099
0.073186
0.059160
0.039413
0.009839
-0.007444
0.005006
0.029831
0.054906
0.062220
0.061792
0.046884
0.011707
-0.015369
-0.023785
-0.024152
-0.024981
-0.027165
-0.025457
-0.019700
-0.017773
-0.021569
-0.026396
-0.026659
-0.021771
-0.006399
0.019548
0.045403
0.055959
0.034656
0.004353
-0.008966
-0.009032
-0.004150
0.004210
0.013353
0.012847
-0.000463
-0.016745
-0.021148
-0.021780
-0.021595
-0.018988
-0.018446
-0.029727
-0.052179
-0.083527
-0.111189
-0.125706
-0.134837
-0.146477
-0.154394
-0.159420
-0.161573
-0.159840
-0.153072
-0.142460
-0.122132
-0.086830
-0.048562
-0.018629
0.000182
0.009696
0.017627
0.027066
0.038945
0.051071
0.060876
0.065263
0.063819
0.052421
0.037391
0.026576
0.021395
0.020752
0.020919
0.019603
0.017198
0.015849
0.013194
0.009963
0.004598
-0.009597
-0.044677
-0.082380
-0.103118
-0.116925
-0.121769
-0.114265
-0.090012
-0.057860
-0.031938
-0.004599
0.021506
0.045639
0.081956
0.110920
0.124555
0.131913
0.131887
0.124158
0.093669
0.049759
0.032405
0.027773
0.024503
0.021005
0.012126
-0.023975
-0.060875
-0.068889
-0.066617
-0.058716
-0.046705
-0.027183
-0.002563
0.019855
0.042364
0.058946
0.065965
0.070565
0.071443
0.061688
0.022546
-0.035628
-0.053629
-0.051322
-0.045935
-0.034605
-0.023711
-0.013313
-0.010042
-0.006538
-0.002973
0.001256
0.005616
0.006338
-0.006006
-0.024165
-0.035844
-0.032169
-0.004732
0.038332
0.080140
0.103058
0.111375
0.119370
0.127289
0.133881
0.140614
0.143609
0.136879
0.110469
0.044429
-0.029853
-0.071184
-0.086684
-0.089427
-0.086012
-0.081688
-0.082717
-0.086591
-0.088966
-0.087479
-0.081577
-0.061378
-0.024421
-0.003507
0.007481
0.014266
0.018212
0.021940
0.019120
0.008286
-0.004040
-0.013473
-0.015028
-0.005805
0.004973
0.018614
0.024617
0.019563
0.010270
-0.000173
-0.008634
-0.017663
-0.024077
-0.026328
-0.024662
-0.020180
-0.015152
-0.011461
-0.010070
-0.009531
-0.002626
0.011064
0.025259
0.032374
0.030517
0.020220
0.008671
-0.003355
-0.013063
-0.016282
-0.013431
-0.002820
0.008802
0.017179
0.022559
0.027954
0.032061
0.030713
0.026431
0.024415
0.027230
0.036615
0.046345
0.054044
0.054279
0.048937
0.041452
0.027117
0.012300
0.002309
-0.009327
-0.016420
-0.014827
-0.011982
-0.016529
-0.023072
-0.028321
-0.030755
-0.027109
-0.020173
-0.012742
-0.008423
-0.004240
0.000396
0.002550
0.000227
-0.007397
-0.016003
-0.021832
-0.021642
-0.014736
-0.010622
-0.017796
-0.035839
-0.053114
-0.067990
-0.078498
-0.086874
-0.094660
-0.100577
-0.101111
-0.099215
-0.093340
-0.086627
-0.080655
-0.076374
-0.072484
-0.069653
-0.065252
-0.057236
-0.034733
-0.014721
-0.006640
-0.002907
-0.000986
0.002082
0.009103
0.024036
0.048789
0.071580
0.081291
0.086321
0.090908
0.093434
0.093159
0.090564
0.084609
0.069738
0.028161
-0.017920
-0.040222
-0.054895
-0.068449
-0.073835
-0.073692
-0.067396
-0.055779
-0.029358
0.021952
0.071638
0.094719
0.090889
0.056392
0.016873
-0.011692
-0.033057
-0.044012
-0.044932
-0.041422
-0.036796
-0.032941
-0.030955
-0.029763
-0.028465
-0.025929
-0.022413
-0.020484
-0.021113
-0.023321
-0.023828
-0.021920
-0.017028
-0.012838
-0.006359
0.002383
0.011355
0.019831
0.030618
0.041619
0.051209
0.064358
0.074063
0.077937
0.075502
0.063434
0.048098
0.033709
0.024350
0.023814
0.029246
0.038877
0.048410
0.055638
0.059303
0.059537
0.055804
0.051203
0.046051
0.040953
0.032051
0.009559
-0.012553
-0.027581
-0.052290
-0.079846
-0.098136
-0.105495
-0.102005
-0.085203
-0.044886
0.010973
0.041233
0.049159
0.043306
0.033982
0.022741
0.014529
0.015224
0.017569
0.015028
0.002058
-0.015097
-0.031855
-0.036298
-0.032361
-0.021290
0.001289
0.032258
0.056613
0.067486
0.075514
0.083066
0.084389
0.074875
0.054525
0.025332
-0.014499
-0.041958
-0.053577
-0.058230
-0.052546
-0.043474
-0.031097
-0.019529
-0.010893
-0.002228
0.009607
0.026214
0.049946
0.065578
0.072312
0.074630
0.069284
0.057572
0.037843
0.012391
-0.004218
-0.011901
-0.012560
-0.007534
-0.000957
0.004346
0.002504
-0.003654
-0.025811
-0.048064
-0.051962
-0.051341
-0.049142
-0.045039
-0.037976
-0.029980
-0.024107
-0.022357
-0.017860
0.006129
0.038208
0.051071
0.051394
0.047604
0.033715
0.001845
-0.023063
-0.032303
-0.032735
-0.026182
-0.014823
-0.002903
0.001545
-0.001017
-0.005607
-0.010639
-0.015468
-0.024735
-0.031996
-0.031323
-0.007230
0.017498
0.023648
0.025143
0.026878
0.027680
0.024339
0.017529
0.012790
0.016489
0.026005
0.033913
0.035938
0.022489
-0.003262
-0.021083
-0.032170
-0.040812
-0.043830
-0.037619
-0.021522
-0.000565
0.011531
0.009505
-0.000280
-0.012075
-0.020159
-0.021244
-0.012074
0.007403
0.029778
0.043269
0.043188
0.032265
0.019003
0.005009
-0.006984
-0.012135
-0.013045
-0.013889
-0.010986
-0.010138
-0.013276
-0.021619
-0.023756
-0.020296
-0.002335
0.005404
0.024057
0.042070
0.039624
0.036459
0.039215
0.039904
0.036616
0.034257
0.034072
0.035072
0.032397
0.022584
0.013093
-0.000469
-0.011666
-0.018683
-0.026739
-0.032880
-0.035055
-0.035867
-0.040396
-0.048432
-0.047453
-0.038121
-0.010968
0.023819
0.037201
0.040677
0.039695
0.036227
0.026257
0.012095
0.003786
0.001818
0.003493
0.007002
0.009833
0.011887
0.013669
0.015867
0.018542
0.020483
0.020311
0.018853
0.017582
0.017718
0.015813
0.010788
0.006609
0.005700
0.003720
0.001478
-0.004283
-0.012190
-0.013926
-0.012627
-0.005274
0.002804
0.004087
0.002101
-0.001736
-0.005104
-0.007941
-0.008123
-0.007505
-0.008661
-0.004006
0.003801
0.009973
0.009387
0.006416
-0.001064
-0.008841
-0.020660
-0.027874
-0.024476
-0.019185
-0.010357
0.004993
0.014786
0.025649
0.043058
0.045751
0.041864
0.037142
0.031691
0.019857
0.009255
-0.005421
-0.031519
-0.037165
-0.034247
-0.026562
-0.015995
-0.009903
-0.008477
-0.007129
-0.006745
-0.011529
-0.016169
-0.020663
-0.022494
-0.020346
-0.017339
-0.016189
-0.020727
-0.024188
-0.017655
-0.006971
0.002684
0.009257
0.002518
-0.009648
-0.016838
-0.025378
-0.032808
-0.032139
-0.035991
-0.036914
-0.040973
-0.050641
-0.069128
-0.073815
-0.062931
-0.047588
-0.029780
-0.019840
-0.009332
0.000316
0.010183
0.019402
0.030152
0.037914
0.044816
0.049956
0.053059
0.054269
0.052969
0.043956
0.024925
0.001833
-0.013741
-0.020381
-0.023464
-0.026378
-0.031435
-0.035920
-0.037282
-0.031516
-0.021909
-0.007856
0.006541
0.012600
0.015616
0.021179
0.029975
0.037045
0.041543
0.039472
0.033718
0.026981
0.021796
0.021067
0.025864
0.031818
0.034272
0.031166
0.023752
0.015771
0.006156
-0.003862
-0.009945
-0.013362
-0.017086
-0.020750
-0.022979
-0.026991
-0.032105
-0.034956
-0.035834
-0.031202
-0.023179
-0.010725
0.011156
0.027333
0.036044
0.039247
0.037736
0.034596
0.027292
0.019270
0.014138
0.007345
0.000957
-0.002398
-0.002170
-0.000584
0.000680
0.000973
0.001338
0.001687
0.003054
0.005492
0.007557
0.005369
-0.000565
-0.005742
-0.007478
-0.006946
-0.003701
-0.002535
-0.003429
-0.005401
-0.003697
0.000254
0.005135
0.008942
0.012324
0.013244
0.014284
0.013829
0.015572
0.017707
0.020544
0.021367
0.018413
0.011351
0.006733
0.004452
0.003180
0.002869
0.004791
0.004336
-0.000406
-0.004762
-0.007221
-0.006968
-0.003360
0.001148
0.004943
0.007072
0.008276
0.007479
0.006582
0.003520
-0.002831
-0.009414
-0.014964
-0.022347
-0.027452
-0.030281
-0.027943
-0.027928
-0.024394
-0.011557
0.013533
0.034324
0.047951
0.052862
0.050290
0.045328
0.034655
0.021403
0.004039
-0.014427
-0.027842
-0.037587
-0.044057
-0.045067
-0.042402
-0.039875
-0.036502
-0.030627
-0.023429
-0.014289
-0.004057
0.011138
0.029462
0.040311
0.044768
0.045891
0.046567
0.046970
0.045186
0.042373
0.040475
0.039678
0.037373
0.033925
0.029955
0.020287
0.007533
-0.002222
-0.013507
-0.022690
-0.028939
-0.032620
-0.031063
-0.026415
-0.019422
-0.012442
-0.006367
-0.000863
0.005252
0.009629
0.012972
0.015545
0.017227
0.018244
0.018739
0.019160
0.017566
0.014742
0.010072
0.004943
0.002379
0.000749
0.000377
-0.000999
-0.002232
-0.002403
-0.003946
-0.008979
-0.015590
-0.021168
-0.025054
-0.028252
-0.030051
-0.029351
-0.027083
-0.024779
-0.022255
-0.019076
-0.015612
-0.012352
-0.008209
-0.004199
-0.003230
-0.003317
-0.003764
-0.005001
-0.010176
-0.017822
-0.025986
-0.034197
-0.041401
-0.045836
-0.048533
-0.048497
-0.043999
-0.037695
-0.032250
-0.026780
-0.022102
-0.015092
-0.006001
0.000993
0.005452
0.007235
0.005815
0.001318
-0.003238
-0.004729
-0.003338
-0.002022
-0.001834
-0.001809
-0.002141
-0.004675
-0.011579
-0.019371
-0.022156
-0.020036
-0.016100
-0.012010
-0.007935
-0.003701
0.003271
0.010500
0.012405
0.011335
0.009385
0.006538
0.003399
0.000348
-0.001596
-0.003073
-0.004108
-0.005339
-0.006361
-0.006978
-0.006541
-0.004974
-0.003490
-0.002181
-0.000508
0.001331
0.003058
0.004143
0.004665
0.004829
0.004727
0.004579
0.004518
0.004383
0.004279
0.004191
0.004093
0.004097
0.004217
0.004423
0.004627
0.004741
0.004816
0.004781
0.004734
0.004684
0.004646
0.004617
0.004572
0.004553
0.004585
0.004655
0.004723
0.004779
0.004831
0.004897
0.004971
0.005057
0.005150
0.005240
0.005327
0.005411
0.005490
0.005564
0.005633
0.005699
0.005764
0.005827
0.005890
0.005950
0.006007
0.006061
0.006112
0.006160
0.006205
0.006247
0.006286
0.006322
0.006355
