0.000000
-0.005862
-0.003854
-0.002453
-0.002447
-0.007203
-0.011545
-0.010879
-0.005554
0.000316
0.009427
0.005713
-0.007880
-0.006304
0.001548
0.005699
0.003139
0.001862
0.002020
-0.006169
-0.008921
0.009594
0.013972
-0.004593
-0.015535
-0.016948
0.003542
0.006689
0.004675
0.017840
0.023206
0.004934
-0.008155
-0.007173
-0.017193
-0.009377
0.004196
0.008015
0.007564
-0.020957
-0.049638
-0.013413
0.030437
0.014600
-0.020455
-0.014763
0.007493
0.006644
0.018527
0.031390
-0.000909
-0.020657
-0.013171
-0.016025
-0.020983
-0.004626
0.005070
-0.003360
0.001628
0.009215
-0.016474
-0.023449
-0.034472
-0.013521
0.039808
0.015396
-0.018698
-0.021311
-0.016774
-0.031381
-0.045619
-0.048616
-0.027892
-0.017756
-0.000261
0.043019
0.037037
0.014656
-0.022969
-0.028394
-0.044513
-0.025657
-0.000534
-0.033904
-0.050367
-0.030275
-0.002020
-0.024818
-0.011221
0.001565
0.017204
0.017925
0.016052
-0.015968
-0.004493
0.008911
0.001741
0.044575
0.041550
0.005035
-0.033171
-0.016512
0.021298
0.017365
-0.014926
-0.039482
-0.032775
-0.015582
-0.019278
-0.038241
-0.029664
0.028032
-0.002316
-0.053494
-0.021891
0.033122
0.008229
-0.081403
-0.104837
-0.022289
0.024543
0.022441
0.048044
0.051248
-0.025425
-0.087420
-0.088126
-0.014289
0.031635
0.018487
0.035935
0.034894
0.008268
-0.016416
-0.011940
-0.035108
-0.011388
0.060853
0.067282
0.000169
-0.003026
0.002008
0.004079
-0.002865
-0.007851
-0.017117
-0.053939
-0.055981
-0.030870
-0.026188
-0.057560
-0.008256
0.011925
-0.024520
-0.024426
0.015599
0.017778
0.026767
0.044464
0.039479
0.023411
0.027747
0.075237
0.119064
0.165622
0.210207
0.241097
0.249198
0.255062
0.255378
0.250433
0.248661
0.253370
0.260362
0.257372
0.255529
0.255220
0.250465
0.270329
0.320425
0.368531
0.395775
0.421420
0.466911
0.509721
0.463221
0.249534
0.003656
-0.180595
-0.305997
-0.374123
-0.439216
-0.446583
-0.395068
-0.354869
-0.287336
-0.363972
-0.202902
0.251818
0.364779
0.315359
0.224215
0.115244
-0.053310
-0.275258
-0.460805
-0.535272
-0.537994
-0.647911
-0.732606
-0.698322
-0.518363
-0.394792
-0.381611
-0.335282
-0.281715
-0.256091
-0.238933
-0.062246
0.134880
0.187906
0.099710
-0.086531
-0.196828
-0.219281
-0.203175
-0.213011
-0.148851
0.004381
0.115818
0.137055
0.121364
0.116962
0.125205
0.151468
0.134685
-0.012569
-0.160342
-0.200857
-0.173201
-0.077784
-0.037883
-0.061548
-0.028799
0.019265
0.036992
0.042742
0.054169
0.100782
0.153973
0.182506
0.171778
0.115820
0.034442
-0.057702
-0.084031
-0.050898
0.001295
0.045672
0.077665
0.108970
0.137635
0.182415
0.186115
0.191484
0.179650
0.106801
0.047849
0.020202
0.006876
-0.015110
-0.087357
-0.079782
0.032822
0.104105
0.136673
0.177110
0.237553
0.148024
0.017294
-0.020272
-0.009632
0.055828
0.124616
0.174413
0.142409
0.091785
0.044587
0.000453
-0.052957
-0.057030
-0.019563
-0.004688
-0.004807
-0.017096
0.000257
0.000434
-0.002022
0.020835
0.068935
0.086281
0.075922
0.089131
0.127139
0.162917
0.184892
0.199572
0.199085
0.185217
0.127945
0.023645
-0.063825
-0.106447
-0.078791
-0.005655
0.050883
0.103136
0.144933
0.186886
0.211940
0.229014
0.225523
0.183902
0.108551
0.009460
-0.076145
-0.142922
-0.173165
-0.189848
-0.198237
-0.203677
-0.189493
-0.146644
-0.075903
0.016917
0.084721
0.036232
-0.093297
-0.190784
-0.240024
-0.254903
-0.254075
-0.214437
-0.137861
-0.060337
-0.019507
-0.021120
-0.060119
-0.103112
-0.155880
-0.204897
-0.221600
-0.205879
-0.151434
-0.102756
-0.093115
-0.107515
-0.127288
-0.135030
-0.141074
-0.139383
-0.100470
-0.065141
-0.079076
-0.108839
-0.089187
-0.043707
-0.020381
-0.004240
0.018032
0.016049
-0.039531
-0.098200
-0.122565
-0.093070
-0.024522
0.042716
0.101546
0.142090
0.173930
0.208827
0.251139
0.289394
0.311760
0.331716
0.262136
0.057712
-0.141686
-0.271372
-0.328418
-0.313508
-0.247080
-0.117433
0.013650
0.115735
0.164229
0.159174
0.164865
0.184163
0.220510
0.238997
0.225664
0.193416
0.178938
0.157856
0.128162
0.125987
0.170578
0.224213
0.219600
0.187501
0.151220
0.113128
0.078177
0.049419
0.034770
0.023242
-0.018750
-0.088460
-0.136855
-0.150719
-0.158714
-0.176562
-0.190912
-0.147836
-0.069229
-0.022947
-0.004605
0.014062
0.027297
0.025968
0.016972
-0.016840
-0.068651
-0.133541
-0.181909
-0.191117
-0.179709
-0.165800
-0.161666
-0.153814
-0.148707
-0.143480
-0.125180
-0.093507
-0.053171
-0.006838
0.028965
0.055313
0.081636
0.104415
0.128806
0.141298
0.126670
0.085101
0.033586
-0.016059
-0.049273
-0.071605
-0.085676
-0.087345
-0.080330
-0.077742
-0.076794
-0.059077
-0.029271
0.002825
0.003280
-0.013811
-0.018677
-0.004362
0.029688
0.072168
0.097246
0.098490
0.087947
0.087224
0.076208
0.025189
-0.017673
-0.027294
-0.030629
-0.027864
-0.019118
-0.028600
-0.045455
-0.043692
-0.001803
0.034688
0.046148
0.053970
0.067786
0.077073
0.072540
0.069673
0.070651
0.067371
0.058570
0.054569
0.042468
0.018373
0.014693
0.035453
0.056375
0.065582
0.073638
0.080951
0.074656
0.053785
0.012052
-0.037128
-0.078088
-0.107355
-0.118198
-0.112576
-0.082826
-0.044261
-0.002637
0.044403
0.073634
0.061104
0.018362
-0.005285
-0.014805
-0.026103
-0.036477
-0.034194
-0.024715
-0.020428
-0.013685
0.000262
0.016954
0.029102
0.044110
0.059521
0.066219
0.066755
0.068283
0.070246
0.063290
0.048260
0.020514
-0.017090
-0.041104
-0.056035
-0.065519
-0.065700
-0.053936
-0.037608
-0.037553
-0.040602
-0.025948
0.006621
0.046555
0.067496
0.064205
0.025833
-0.025967
-0.070248
-0.098545
-0.105558
-0.097208
-0.058903
0.009731
0.077507
0.099808
0.076350
0.035751
0.007037
-0.010680
-0.012921
-0.008052
-0.005035
-0.004131
-0.000025
0.008452
0.021172
0.027905
0.019524
0.011133
0.004721
0.001899
0.000464
0.001281
-0.004466
-0.023740
-0.044476
-0.053913
-0.048067
-0.027331
-0.002185
0.006056
-0.000908
-0.007911
-0.013392
-0.024859
-0.040256
-0.053672
-0.061814
-0.065443
-0.068509
-0.065342
-0.054418
-0.041836
-0.035197
-0.029969
-0.021277
-0.013450
-0.009286
-0.001973
0.012607
0.032882
0.054868
0.068972
0.074050
0.074301
0.066925
0.035808
0.006929
-0.001446
-0.011881
-0.026465
-0.039580
-0.044243
-0.037636
-0.027900
-0.018077
-0.007252
-0.002645
-0.006483
-0.014210
-0.018613
-0.021661
-0.024250
-0.020017
-0.015667
-0.015532
-0.016619
-0.008297
0.013635
0.031392
0.033701
0.019694
0.011059
0.015100
0.017273
0.012546
0.008319
0.017494
0.035519
0.049192
0.053181
0.047694
0.036688
0.030824
0.027386
0.021050
0.012793
0.009513
0.017573
0.025714
0.026368
0.021214
0.017850
0.015171
0.005553
0.000606
0.008179
0.017427
0.019599
0.017100
0.013728
0.009969
0.012293
0.023785
0.034749
0.036222
0.025901
0.011206
-0.013719
-0.037834
-0.045809
-0.041905
-0.038471
-0.041516
-0.043305
-0.040096
-0.036469
-0.036569
-0.030034
-0.018576
-0.006945
0.000657
0.002557
0.000993
0.005803
0.022757
0.040194
0.047883
0.043618
0.031397
0.012803
0.000388
-0.000711
0.003802
-0.000437
-0.017713
-0.036177
-0.039807
-0.026913
-0.011714
0.003276
0.016438
0.022442
0.013949
-0.000696
-0.011475
-0.015372
-0.015651
-0.012365
-0.009383
-0.008906
-0.005821
-0.004228
0.000740
0.005711
0.005503
0.001665
0.004475
0.012921
0.013542
0.007592
-0.000638
0.000553
0.001111
-0.002501
-0.003877
-0.005543
-0.008926
-0.009932
-0.006623
-0.000239
0.008728
0.017078
0.020865
0.016282
0.006832
-0.007380
-0.018072
-0.020692
-0.014612
-0.008168
-0.005256
-0.004114
0.000492
0.006876
0.012271
0.019283
0.026931
0.035694
0.043205
0.045620
0.038263
0.021718
0.008222
0.007343
0.013467
0.017503
0.014710
0.008694
-0.001060
-0.009954
-0.012575
-0.010081
-0.009284
-0.011868
-0.015796
-0.021607
-0.025957
-0.027007
-0.029563
-0.033264
-0.029808
-0.018557
-0.003906
0.003886
0.001830
-0.002047
0.000633
0.007596
0.012042
0.013975
0.012811
0.008242
0.001657
-0.002340
-0.001887
-0.002507
-0.012600
-0.029768
-0.042395
-0.048791
-0.049758
-0.044403
-0.033363
-0.016164
0.002713
0.018372
0.025927
0.023068
0.011966
0.001042
-0.007376
-0.007101
0.007361
0.023861
0.028886
0.025056
0.019977
0.016189
0.012508
0.007330
-0.002102
-0.015332
-0.023274
-0.024850
-0.025437
-0.026628
-0.028389
-0.031874
-0.033188
-0.029031
-0.020404
-0.014182
-0.011605
-0.007694
-0.000288
0.007645
0.010346
0.011124
0.010915
0.007878
0.004809
0.006559
0.009942
0.008929
0.010075
0.012399
0.009882
0.003331
-0.003149
-0.006186
-0.009857
-0.014562
-0.018550
-0.019193
-0.011680
-0.005737
-0.005276
-0.003509
0.001371
0.007138
0.011355
0.012821
0.009125
0.002813
-0.003814
-0.008003
-0.010415
-0.009891
-0.009668
-0.011504
-0.014167
-0.019221
-0.024025
-0.026224
-0.021326
-0.010430
-0.000587
0.006679
0.011987
0.018059
0.022988
0.025015
0.022285
0.015475
0.009053
0.002931
-0.001846
0.000445
0.010334
0.019626
0.025265
0.025508
0.021040
0.011306
0.001382
-0.003400
-0.002235
0.004391
0.009914
0.009028
0.004496
-0.001602
-0.007079
-0.008445
-0.008463
-0.011310
-0.015436
-0.012835
-0.002265
0.005564
0.007280
0.004030
-0.001492
-0.003526
0.000744
0.010702
0.018754
0.019031
0.014728
0.014664
0.018900
0.023506
0.025943
0.022349
0.008437
-0.012365
-0.028522
-0.030405
-0.018547
0.000411
0.015441
0.019920
0.019714
0.017423
0.015445
0.011577
0.002564
-0.007743
-0.013193
-0.013237
-0.014641
-0.019608
-0.024732
-0.029573
-0.029765
-0.024031
-0.014448
-0.008400
-0.008996
-0.011699
-0.014425
-0.012951
-0.008895
-0.006632
-0.005204
-0.003087
0.001665
0.007780
0.012598
0.016292
0.018950
0.023493
0.026829
0.024620
0.017673
0.011985
0.007073
0.003408
0.002134
0.002321
0.001298
-0.002398
-0.007503
-0.010079
-0.004428
0.002158
0.006430
0.010313
0.011870
0.007244
-0.001827
-0.011294
-0.016248
-0.015257
-0.011038
-0.007812
-0.004837
0.001770
0.008609
0.015421
0.020508
0.019509
0.015747
0.014174
0.011714
0.005563
-0.001346
-0.006097
-0.012904
-0.019360
-0.021822
-0.020282
-0.017630
-0.017711
-0.019500
-0.024531
-0.029508
-0.031157
-0.028468
-0.021670
-0.014473
-0.014745
-0.021602
-0.027693
-0.027924
-0.021261
-0.011109
-0.000775
0.005053
0.011245
0.018734
0.024160
0.024363
0.019616
0.012500
0.006877
0.003313
0.003647
0.007726
0.011612
0.015445
0.021120
0.027620
0.027029
0.023035
0.020506
0.019824
0.017574
0.014433
0.012672
0.010260
0.008828
0.010978
0.012496
0.009546
0.003298
-0.003537
-0.004843
-0.001069
0.002392
0.000458
-0.001406
-0.001550
0.001800
0.009548
0.014936
0.017247
0.013512
0.008664
0.004985
0.002806
0.001200
-0.001543
-0.000460
0.000438
0.003463
0.004586
0.001356
-0.002968
-0.006935
-0.008281
-0.007406
-0.005025
-0.006045
-0.010026
-0.014063
-0.014858
-0.012195
-0.005905
0.000852
0.002289
0.004063
0.006136
0.006893
0.008127
0.006006
0.001323
-0.002202
-0.001710
0.000359
0.002468
0.004782
0.006247
0.008305
0.014200
0.019649
0.020876
0.014308
0.002268
-0.003182
-0.001023
0.002861
0.005936
0.010252
0.010973
0.012171
0.010545
0.009258
0.010467
0.008430
0.007358
0.007174
0.006940
0.008430
0.009774
0.011433
0.017099
0.017788
0.015389
0.013584
0.012174
0.005603
-0.000221
-0.002160
-0.005237
-0.008010
-0.005139
-0.002031
-0.003782
-0.007550
-0.013007
-0.018348
-0.025218
-0.030040
-0.030099
-0.024140
-0.015888
-0.011803
-0.009567
-0.006626
-0.000039
0.006819
0.011142
0.004561
-0.007937
-0.016557
-0.017812
-0.015708
-0.014658
-0.008982
-0.007139
-0.005117
0.000864
0.009254
0.014106
0.011522
0.003472
-0.007488
-0.016149
-0.020666
-0.021581
-0.019302
-0.012436
-0.004320
0.000904
0.006913
0.008599
0.008062
0.007827
0.006516
0.002293
-0.003187
-0.005325
-0.007073
-0.005382
-0.004191
-0.006187
-0.008514
-0.007766
-0.003826
0.001921
0.005690
0.008028
0.006605
0.001554
-0.001730
0.000446
0.002839
0.004119
0.001796
-0.000571
0.000530
0.006256
0.013404
0.010615
-0.002754
-0.024679
-0.033867
-0.019111
0.011104
0.023217
0.013525
0.000272
-0.012575
-0.021388
-0.021845
-0.017383
-0.013511
-0.007213
-0.004703
-0.010744
-0.018971
-0.016489
-0.008555
-0.000513
0.009707
0.016615
0.021020
0.017830
0.010189
0.001646
-0.001173
0.003612
0.008973
0.013802
0.014210
0.010386
0.006144
0.003096
0.000609
-0.003811
-0.007355
-0.007094
-0.009783
-0.011864
-0.012247
-0.007395
-0.001445
0.004679
0.006340
0.001692
-0.005639
-0.009082
-0.002331
0.003531
0.006363
0.008211
0.009804
0.009219
0.010084
0.007690
0.002378
-0.002165
-0.003530
-0.004558
-0.006376
-0.003755
0.000557
0.000161
-0.002533
-0.002999
-0.008104
-0.010461
-0.011413
-0.008060
0.000225
0.007033
0.012301
0.016374
0.019735
0.021524
0.017075
0.011619
0.008308
0.001121
-0.005911
-0.011327
-0.013445
-0.012649
-0.008118
-0.002794
0.000303
0.003034
-0.000853
-0.005945
-0.008751
-0.009910
-0.012444
-0.015959
-0.016760
-0.013776
-0.007482
-0.002888
-0.002516
-0.004702
-0.005961
-0.005549
-0.002620
0.000534
0.001793
0.001441
0.001888
0.006468
0.012785
0.014434
0.014425
0.013263
0.012861
0.011839
0.010753
0.012596
0.013896
0.015058
0.013553
0.007762
0.000630
-0.005254
-0.009083
-0.009840
-0.007795
-0.008123
-0.008539
-0.009758
-0.009141
-0.007291
-0.007112
-0.005317
-0.002302
0.003183
0.008134
0.010089
0.010311
0.013318
0.018080
0.019154
0.019181
0.017740
0.012719
0.006387
-0.002059
-0.006798
-0.005266
-0.000321
0.003087
0.001978
-0.000978
-0.004164
-0.005488
-0.002869
0.001092
0.001130
-0.002271
-0.006396
-0.010077
-0.010958
-0.008910
-0.008086
-0.008068
-0.008504
-0.005897
-0.005122
-0.002544
-0.000672
-0.001641
-0.002431
-0.003679
-0.005386
-0.007279
-0.004918
-0.002346
-0.000767
-0.000397
-0.001710
-0.002856
-0.004450
-0.005612
-0.006555
-0.006842
-0.003972
-0.001285
0.000500
0.005492
0.010401
0.012271
0.012410
0.012496
0.014575
0.015645
0.014581
0.011358
0.006324
0.001917
-0.001039
-0.001818
0.000948
0.002932
0.005063
0.003635
-0.000166
-0.001306
-0.005245
-0.008417
-0.011849
-0.013380
-0.015142
-0.015856
-0.015983
-0.017001
-0.016491
-0.015724
-0.013678
-0.010924
-0.006235
-0.003314
-0.001554
-0.000158
0.001142
0.002505
0.005910
0.007597
0.007760
0.006710
0.002888
-0.001315
0.000482
0.001254
0.002947
0.005826
0.005728
0.004030
0.000096
-0.003967
-0.003836
-0.000802
-0.000130
-0.000476
-0.003171
-0.005377
-0.008551
-0.008651
-0.006649
-0.004062
-0.001253
0.000151
0.003289
0.006361
0.007122
0.006133
0.003755
0.002941
0.003557
0.004635
0.007128
0.008958
0.009135
0.007331
0.006810
0.006042
0.004110
0.001430
-0.001454
-0.002548
-0.003656
-0.001836
-0.001393
-0.001225
-0.001019
0.000033
0.004688
0.006878
0.009203
0.010616
0.010925
0.009364
0.006264
0.002546
-0.001854
-0.004366
-0.005941
-0.005617
-0.004606
-0.004273
-0.002987
-0.004507
-0.005386
-0.004844
-0.002464
0.000363
0.002662
0.004913
0.003071
-0.000976
-0.003376
-0.002248
-0.000749
0.002113
0.003127
0.002178
0.000632
0.002073
0.003762
0.005298
0.007357
0.007846
0.009468
0.009680
0.009962
0.011409
0.010637
0.009728
0.010288
0.010836
0.009887
0.006502
0.001348
-0.002828
-0.003702
-0.003160
-0.002643
-0.002195
-0.002395
-0.003235
-0.003981
-0.005421
-0.006504
-0.007790
-0.008224
-0.008495
-0.008657
-0.007456
-0.010141
-0.010652
-0.008439
-0.004779
0.000038
0.002766
0.002686
-0.000183
-0.003465
-0.002407
0.001093
0.002768
0.003241
0.003714
0.005612
0.007414
0.009079
0.010544
0.010141
0.007451
0.004804
0.001052
-0.000391
-0.001650
-0.003614
-0.005625
-0.005015
-0.003409
-0.004591
-0.005134
-0.003751
-0.002132
-0.002762
-0.002407
-0.000765
0.001216
0.002336
0.002572
0.004587
0.006883
0.009291
0.009039
0.007638
0.005149
0.003307
0.002299
0.001002
0.000307
-0.001798
-0.004191
-0.005529
-0.004923
-0.005400
-0.007249
-0.009048
-0.010256
-0.009640
-0.008299
-0.007135
-0.004944
-0.002734
-0.001198
-0.000045
0.000011
0.000198
0.000980
-0.000277
-0.003669
-0.004669
-0.003119
-0.003661
-0.003680
-0.002360
0.000045
0.001851
0.000300
-0.000981
-0.000918
-0.001872
-0.003342
-0.003822
-0.002335
-0.003362
-0.004251
-0.005022
-0.004875
-0.004200
-0.005547
-0.006679
-0.009209
-0.011300
-0.012525
-0.013642
-0.013424
-0.010395
-0.006989
-0.004033
0.000858
0.002232
0.001203
-0.000563
0.001195
0.003825
0.005303
0.005217
0.005153
0.006586
0.005811
0.006473
0.004332
0.002689
0.002166
0.002808
0.001545
-0.000184
-0.003302
-0.003850
-0.001674
0.001317
0.007063
0.007434
0.005773
0.003911
0.003118
0.003027
0.003192
0.002049
0.001529
0.002143
0.002850
0.004857
0.006061
0.005316
0.003913
0.005795
0.007963
0.007147
0.005264
0.002646
0.000788
-0.002125
-0.002733
-0.003324
-0.003541
-0.003333
-0.004408
-0.005519
-0.009100
-0.009153
-0.007018
-0.003557
-0.000306
0.001031
0.003141
0.001949
0.000554
0.001159
-0.000560
-0.002031
-0.005042
-0.006767
-0.006439
-0.007070
-0.007916
-0.009430
-0.009696
-0.007594
-0.006575
-0.007084
-0.002935
0.001528
0.003768
0.003231
0.002646
0.003468
0.004648
0.007178
0.007306
0.005872
0.004013
0.004126
0.004013
0.003872
0.004514
0.005077
0.004932
0.002539
0.000239
-0.000492
-0.001481
-0.001831
-0.003033
-0.003905
-0.003169
-0.002107
-0.000535
0.001719
0.003313
0.002511
0.002015
-0.000896
-0.000077
0.002520
0.004978
0.005171
0.001968
0.000626
-0.001153
0.001166
0.002397
0.001306
0.002882
0.004166
0.004824
0.005896
0.007342
0.006710
0.003993
0.000793
-0.000301
-0.003778
-0.007545
-0.008325
-0.005469
-0.001228
0.001340
0.003538
0.000719
-0.001648
-0.001955
0.001775
0.004998
0.004146
0.002392
0.000312
0.000465
0.002583
0.003320
0.003384
0.002923
0.000488
-0.000293
-0.000129
0.002865
0.006475
0.005844
0.002505
-0.000940
-0.002997
-0.003454
-0.005255
-0.004313
-0.004658
-0.003608
-0.000275
0.003114
0.005976
0.006108
0.004869
0.004663
0.005491
0.003295
0.003121
0.004119
0.003598
0.003178
0.001241
0.001014
0.002643
0.002073
0.001327
0.000286
0.001471
0.003426
0.005823
0.005321
0.004065
0.003537
0.004307
0.005421
0.005748
0.006030
0.006359
0.006963
0.004238
0.002278
-0.000702
-0.002044
-0.000564
-0.000369
-0.003546
-0.005636
-0.006411
-0.005795
-0.004274
-0.003749
-0.002436
-0.001629
-0.000621
-0.000964
-0.003156
-0.005371
-0.006201
-0.007226
-0.007050
-0.006747
-0.008207
-0.008995
-0.010016
-0.008682
-0.007352
-0.005518
-0.001684
-0.001556
-0.000944
-0.001985
-0.002485
-0.001228
-0.000483
0.002135
0.004527
0.008088
0.010267
0.010488
0.010962
0.008470
0.006469
0.005397
0.002781
0.001113
0.001068
0.001014
0.001444
0.003267
0.002325
0.001058
-0.000553
-0.001936
-0.001268
-0.001635
-0.001622
-0.002491
-0.002825
-0.002941
-0.003301
-0.003596
-0.004043
-0.003886
-0.001643
-0.000223
-0.000928
-0.000527
-0.000666
-0.001410
-0.002417
-0.002005
-0.002243
-0.002390
-0.002706
-0.003844
-0.003876
-0.002636
-0.002133
-0.001678
-0.001124
-0.000484
-0.000408
-0.000555
-0.000383
-0.000435
-0.000366
-0.000374
0.000206
0.000268
-0.000145
-0.000835
-0.000766
-0.000854
-0.001590
-0.001630
-0.001376
-0.001276
-0.000960
-0.000652
-0.000632
-0.001050
-0.001280
-0.000958
-0.000866
-0.000644
0.000081
0.000472
-0.000206
-0.000471
0.000297
0.000606
0.000576
-0.000114
-0.000293
-0.000665
-0.001654
-0.001582
-0.001694
-0.001263
-0.000938
-0.000936
-0.000530
-0.000343
-0.000027
0.000113
0.000131
-0.000028
-0.000089
-0.000030
-0.000088
-0.000322
-0.000329
-0.000137
0.000037
0.000226
0.000279
0.000510
0.000542
0.000535
0.000708
0.000699
0.000929
0.001117
0.001248
0.001283
0.001360
0.001231
0.000905
0.000717
0.000702
0.000595
0.000498
0.000562
0.000587
0.000599
0.000532
0.000488
0.000395
0.000436
0.000515
0.000500
0.000467
0.000435
0.000412
0.000390
0.000376
0.000369
0.000349
0.000316
0.000288
0.000271
0.000260
0.000232
0.000200
0.000176
0.000159
0.000147
0.000131
0.000118
0.000109
0.000103
0.000102
0.000104
