-0.002211
0.008588
0.002055
-0.000807
-0.003535
-0.006566
-0.001980
0.010557
-0.011368
-0.013483
0.001941
0.005926
0.003318
0.010513
-0.009138
-0.024208
0.009928
0.003024
0.002498
0.011604
0.026654
-0.011303
-0.011469
-0.003228
-0.017426
-0.038131
-0.017028
0.050013
0.012416
-0.003626
0.014360
-0.002654
-0.020225
-0.016784
0.003591
0.004632
0.019489
-0.004181
-0.010765
0.014404
0.013655
0.005049
-0.006928
-0.007656
0.002590
0.009841
-0.020604
-0.017873
-0.013124
0.007237
0.018337
-0.014047
-0.004594
0.006505
-0.009157
-0.028487
0.001432
0.034752
0.004110
0.010833
0.012523
0.015291
-0.038512
-0.037469
0.036611
0.026407
0.002765
-0.022045
0.007275
0.013923
-0.021170
-0.013698
0.004528
-0.011516
0.026221
0.015817
-0.018270
0.011621
0.021828
-0.011319
0.034704
-0.008828
0.013117
0.008030
-0.030733
0.020631
0.003519
0.005758
-0.023506
0.016739
-0.005333
-0.030506
-0.039460
-0.003589
0.044122
-0.008790
-0.004298
0.004689
0.008943
-0.001815
-0.009157
-0.010590
-0.021083
0.023358
0.018334
0.021477
0.028797
-0.000265
-0.006576
-0.030682
-0.001413
0.006280
-0.015437
-0.004033
0.002250
0.012801
0.020757
-0.006479
-0.032386
-0.001512
0.004346
-0.000203
-0.002676
0.017666
0.020829
0.000363
0.008164
-0.001216
0.007491
-0.021553
-0.018959
0.014017
-0.019168
-0.012580
0.016783
0.007564
-0.008592
0.004870
-0.013870
-0.003396
0.012840
-0.004128
0.015627
0.036583
0.035370
0.017478
0.018315
0.035191
-0.001738
0.011025
0.009305
-0.022080
-0.028225
-0.013278
-0.008799
-0.032588
-0.012175
-0.036719
-0.074345
-0.067719
-0.031321
0.001502
0.050662
0.030148
0.068399
0.123262
0.087322
0.085374
0.106361
0.052100
0.011669
0.066644
-0.018375
-0.013903
0.094609
0.091685
0.023832
-0.131727
-0.229153
-0.232089
-0.170410
-0.175032
-0.037700
0.125819
-0.011260
-0.026818
-0.142552
-0.245077
-0.163659
-0.087387
-0.157067
0.009166
0.201892
0.087225
0.073173
0.090671
0.113035
0.115332
0.090811
-0.111710
-0.167987
-0.090258
-0.029224
0.052918
-0.000494
0.021557
0.145031
0.173286
0.143048
0.115659
0.073782
-0.003192
-0.008182
-0.006106
0.003097
0.042972
0.043540
-0.015870
-0.043630
-0.027819
-0.016857
-0.003785
-0.028458
-0.000660
-0.037859
-0.058770
-0.039643
-0.073297
-0.029004
0.087885
0.107837
0.081436
0.019953
-0.014288
-0.011093
-0.057810
-0.050848
-0.023090
0.002626
-0.030277
-0.027984
0.021216
0.023059
0.027499
0.043580
0.009825
0.021854
0.079372
0.076998
0.074580
0.011335
-0.045194
-0.053018
-0.012075
0.027860
0.007999
-0.014837
-0.033639
-0.017325
-0.050135
-0.018844
-0.021034
-0.024540
-0.012503
-0.043140
-0.040926
-0.040237
-0.034329
-0.055091
-0.037147
-0.025383
-0.018325
0.026012
0.019974
-0.030353
-0.016479
-0.000267
-0.021826
-0.009758
0.024290
0.046589
0.024922
-0.012764
0.042618
0.036543
0.025507
0.056021
0.058671
0.028171
0.039100
0.051735
0.026618
0.026207
-0.042728
-0.012474
-0.001415
-0.018380
0.033083
0.036148
0.039525
0.038013
0.035088
0.025747
0.026641
0.025043
0.022538
0.032204
0.031115
0.047940
0.029924
0.017707
0.017455
-0.008001
-0.002181
-0.015716
-0.049741
-0.064115
-0.051773
-0.040993
-0.060931
-0.064031
-0.055261
-0.037793
-0.031059
-0.038337
-0.022483
-0.043121
-0.085536
-0.094479
-0.088893
-0.078596
-0.070808
-0.068194
-0.039689
-0.044134
-0.033588
0.006217
0.002287
-0.007546
-0.012016
0.009467
0.092687
0.164872
0.135992
0.136007
0.143242
0.098283
0.066681
0.057619
0.045586
-0.024400
-0.039736
0.011828
-0.003170
-0.029306
-0.029610
-0.022337
-0.003115
0.016953
0.020344
0.012034
0.027080
0.014679
0.017184
0.023734
0.006563
0.001186
-0.011615
0.000785
-0.001568
-0.034907
-0.069386
-0.065962
-0.037876
-0.020857
-0.015572
-0.011361
0.024770
0.042395
0.019735
-0.006086
-0.034348
-0.056908
-0.038964
-0.040099
-0.073414
-0.078655
-0.087006
-0.079451
-0.059932
-0.044281
0.016743
0.048798
0.037470
0.024406
0.003733
0.003644
-0.010369
-0.016811
0.008134
0.009081
0.003599
0.002495
-0.009267
-0.017126
-0.007495
0.014835
0.015633
0.007450
0.025060
0.047619
0.024778
0.001269
0.024475
0.024930
-0.012914
-0.002043
0.033160
0.039185
0.020093
0.022842
0.009605
0.018244
0.001111
-0.023194
-0.008174
-0.009862
0.025699
0.012954
0.006949
0.024689
0.021934
0.039752
0.037800
0.010459
0.005901
0.020159
0.043983
0.025748
0.009251
0.011997
-0.012195
-0.009952
-0.005636
0.011688
-0.001286
-0.006255
0.012456
0.020479
0.002391
-0.017066
-0.005736
-0.013882
-0.012104
-0.032045
-0.023635
-0.004224
0.017875
0.018862
0.015200
0.013325
0.005617
0.008013
-0.007629
-0.010343
-0.019156
-0.018273
-0.034133
-0.025661
-0.009352
-0.011724
0.002695
-0.006239
-0.009614
-0.021814
-0.025188
-0.013142
0.002104
0.006673
-0.008533
-0.018545
-0.013202
-0.001667
-0.001096
0.004003
-0.004181
-0.011893
-0.011467
-0.011847
-0.008431
0.004357
0.014479
0.015087
0.012111
0.008423
0.017904
0.018012
0.012461
0.012442
0.019896
0.017852
0.011884
0.009210
-0.009251
-0.004431
0.000899
0.013135
0.011342
-0.000751
-0.006728
-0.005227
-0.001127
-0.003881
0.004576
0.004237
-0.004891
-0.011971
-0.006292
0.004939
0.009862
-0.001665
-0.001714
-0.004331
-0.007645
-0.016191
-0.012519
-0.001568
-0.001076
-0.003463
-0.012441
-0.011249
0.000500
0.002947
-0.006105
-0.012079
-0.013847
-0.013988
-0.010288
0.000511
0.002441
0.005995
0.004606
-0.007278
-0.021081
-0.016847
-0.004300
-0.005183
-0.001716
-0.008331
-0.008072
0.000258
-0.002035
0.010705
0.003898
0.005023
0.008392
0.011762
0.010868
-0.002145
0.003208
-0.004014
-0.004423
-0.005280
-0.002331
0.000792
0.003201
0.004671
-0.000235
0.001807
0.006401
-0.007473
-0.011304
0.003161
0.008976
0.013500
0.001317
-0.002486
0.001483
0.008884
-0.000200
-0.007729
-0.007738
-0.003809
0.003831
0.010566
0.017126
0.012614
0.009672
-0.002461
0.005152
0.002925
-0.001327
-0.000723
-0.008930
-0.011602
-0.001768
-0.004600
-0.001992
0.006878
0.002907
-0.002090
-0.008122
-0.004693
-0.004194
-0.006999
-0.001329
-0.000567
0.001774
0.007630
0.004686
0.001045
0.003753
0.001482
-0.000607
0.008891
0.009184
0.002850
0.000889
0.014700
0.019129
0.006751
0.001836
0.005487
0.003569
-0.000541
-0.001157
-0.000621
-0.000756
-0.002072
0.000601
0.001580
0.003534
-0.001601
-0.001258
-0.001391
-0.004338
-0.000921
-0.001784
-0.004225
-0.007537
-0.005638
-0.006776
-0.003748
-0.002992
-0.003066
0.000390
-0.000741
0.001071
0.003496
0.000790
-0.009217
-0.008651
-0.008807
-0.004887
0.002829
0.004051
0.006737
0.003830
0.001123
0.000848
0.005247
0.001090
-0.001236
-0.000897
0.000737
-0.001086
0.000677
0.000805
-0.000015
-0.002061
-0.003560
-0.005428
-0.008026
-0.001097
0.003923
0.007127
0.011660
0.012905
0.009290
0.001041
-0.005923
-0.003817
0.005721
0.013704
0.012821
0.011816
0.003235
-0.010278
-0.016314
-0.015671
-0.007986
-0.005764
-0.002715
-0.002064
-0.008248
-0.006556
-0.008626
-0.012123
-0.014765
-0.011343
-0.008745
-0.001263
0.002597
-0.005508
-0.009186
-0.001681
0.003469
0.003772
0.001837
-0.002800
0.000509
0.004929
0.008485
0.003999
0.005243
0.008374
0.007932
0.007373
0.010530
0.002504
-0.000487
0.002787
0.002954
0.004999
-0.000122
-0.000379
0.006471
0.010847
0.010335
0.008930
0.003981
0.005249
0.000399
-0.003467
-0.007101
-0.005196
-0.001808
0.002435
0.001570
0.000302
0.001533
0.004415
0.009420
0.008639
0.008636
0.005711
0.003704
0.000729
0.000974
0.000299
-0.002706
-0.002927
-0.002738
-0.002993
-0.000394
0.004577
0.004504
0.004718
0.003983
-0.001347
-0.002205
-0.000982
0.000331
0.001899
-0.001290
-0.001229
-0.003306
-0.001394
0.003544
0.005805
0.007415
0.003626
0.008696
0.003383
0.004150
0.001871
-0.003054
0.004855
0.005108
0.003451
0.004208
0.004920
0.000975
-0.009521
-0.003442
-0.001595
0.005409
0.002490
0.001297
0.001171
0.001831
0.009246
0.000546
0.011524
-0.021644
-0.009685
-0.008423
-0.011527
-0.005007
-0.006153
0.002330
0.000654
0.007381
-0.000436
0.001880
-0.004210
-0.000415
-0.002045
-0.000314
0.000474
-0.004476
-0.003735
-0.005054
-0.001753
-0.003096
0.000122
-0.000584
-0.005426
-0.002311
-0.002305
-0.003898
-0.011794
-0.010170
-0.007921
-0.002374
-0.003915
-0.001013
0.002181
0.002833
0.001070
-0.002091
-0.006343
-0.005612
-0.002738
-0.004447
-0.001694
-0.001435
-0.001004
-0.005235
-0.011813
-0.008471
-0.007039
-0.007591
-0.006891
-0.002483
-0.003204
-0.004049
0.002450
0.005898
0.003693
0.001783
-0.001050
-0.004158
0.001057
0.001529
0.004340
0.004818
0.003363
0.004496
0.000304
-0.001011
-0.004131
0.003805
0.003861
0.000227
-0.000122
-0.003323
-0.000423
-0.002693
-0.000750
0.001335
0.004689
0.006077
0.006350
0.001233
0.001770
0.003715
-0.001408
0.001360
0.004761
0.007577
0.005914
0.001491
0.000347
0.000050
0.002322
0.004325
0.001729
-0.001258
-0.000740
0.001109
-0.002021
-0.000811
-0.000089
-0.003363
-0.002715
-0.003367
-0.001223
-0.003158
-0.002397
-0.002339
-0.002897
-0.003534
-0.003702
-0.006498
-0.009328
-0.005194
-0.003364
-0.003666
-0.003667
-0.002635
-0.002075
-0.002137
-0.003158
-0.004283
0.001639
-0.002449
-0.001144
-0.000338
0.000339
0.001895
-0.002214
-0.000427
-0.000305
0.001632
0.000421
0.001094
0.005412
0.005655
0.001965
0.005652
0.006382
0.005582
0.004239
0.002303
0.001378
0.002075
0.004392
0.003462
0.003054
0.003715
0.005820
0.001193
-0.000567
-0.000092
0.001088
0.001563
0.001184
0.001455
0.003486
0.002737
0.000883
-0.000243
-0.000218
-0.000113
0.000436
0.001201
0.000170
-0.000596
-0.001588
-0.002365
-0.000944
-0.000261
-0.001159
-0.000946
-0.000757
-0.000737
0.000925
0.000869
0.001026
0.001439
0.001233
0.001392
0.000883
0.000990
0.000697
0.001019
0.000810
0.000347
0.000515
0.000502
0.000443
0.000320
0.000084
0.000052
-0.000227
-0.000310
-0.000255
-0.000416
-0.000559
-0.000634
-0.000703
-0.000783
-0.000843
-0.000926
-0.001008
-0.001079
-0.001159
-0.001217
-0.001257
