-0.000002
-0.000008
-0.000012
-0.000005
0.000007
0.000009
0.000005
0.000010
0.000011
0.000002
-0.000002
0.000003
0.000007
0.000003
-0.000007
-0.000014
-0.000012
0.000003
0.000017
0.000015
0.000004
0.000005
0.000016
0.000015
0.000001
-0.000003
0.000005
0.000010
0.000007
0.000000
-0.000006
-0.000010
-0.000009
0.000002
0.000009
0.000008
0.000007
0.000004
-0.000000
0.000001
0.000003
0.000002
-0.000003
-0.000005
-0.000001
0.000002
0.000004
0.000007
0.000010
0.000009
0.000002
-0.000005
-0.000005
0.000000
0.000001
-0.000001
-0.000002
-0.000003
-0.000003
-0.000005
-0.000007
-0.000005
-0.000008
-0.000009
-0.000005
-0.000007
-0.000009
-0.000005
-0.000006
-0.000007
-0.000004
-0.000004
-0.000005
-0.000002
0.000001
-0.000002
-0.000006
-0.000005
-0.000001
0.000004
0.000009
0.000008
0.000006
0.000010
0.000015
0.000011
0.000002
-0.000007
-0.000015
-0.000018
-0.000007
0.000007
0.000008
0.000002
-0.000003
-0.000005
-0.000002
-0.000000
-0.000001
0.000002
0.000006
0.000007
0.000009
0.000011
0.000008
0.000004
0.000004
0.000005
0.000004
0.000006
0.000008
0.000007
0.000004
0.000003
0.000003
0.000005
0.000008
0.000006
0.000002
0.000002
0.000003
-0.000003
-0.000010
-0.000011
-0.000003
0.000003
0.000003
0.000002
-0.000006
-0.000014
-0.000010
-0.000001
0.000005
0.000001
-0.000007
-0.000006
-0.000004
-0.000004
0.000000
0.000005
0.000004
0.000001
0.000000
0.000001
0.000004
0.000005
0.000001
-0.000003
-0.000001
0.000005
0.000007
0.000005
-0.000001
-0.000013
-0.000019
-0.000011
-0.000000
0.000002
-0.000000
-0.000005
-0.000007
-0.000000
0.000005
0.000007
0.000010
0.000012
0.000013
0.000012
0.000006
0.000001
-0.000003
-0.000009
-0.000009
-0.000003
0.000001
-0.000002
-0.000007
-0.000008
-0.000007
-0.000005
-0.000007
-0.000008
-0.000006
-0.000002
0.000004
0.000007
0.000005
0.000002
-0.000004
-0.000011
-0.000011
-0.000004
0.000002
0.000002
0.000001
0.000000
-0.000004
-0.000006
0.000001
0.000005
-0.000001
-0.000005
-0.000002
0.000003
0.000007
0.000010
0.000013
0.000014
0.000010
0.000000
-0.000005
-0.000002
-0.000001
-0.000007
-0.000016
-0.000018
-0.000008
0.000003
0.000005
0.000006
0.000005
0.000003
0.000004
0.000005
0.000002
0.000000
0.000002
0.000004
0.000003
0.000001
0.000002
0.000006
0.000007
0.000001
-0.000004
-0.000001
0.000001
-0.000000
-0.000001
0.000002
0.000005
0.000003
0.000002
0.000003
0.000003
0.000004
0.000003
0.000001
0.000004
0.000011
0.000011
0.000006
0.000003
0.000003
0.000004
0.000004
0.000000
-0.000002
-0.000000
0.000002
0.000004
0.000006
0.000003
-0.000001
-0.000002
-0.000001
-0.000005
-0.000008
-0.000005
-0.000000
-0.000000
0.000002
0.000002
-0.000004
-0.000010
-0.000012
-0.000008
0.000001
0.000008
0.000008
-0.000000
-0.000004
-0.000001
-0.000001
-0.000005
-0.000009
-0.000010
-0.000004
-0.000000
-0.000002
-0.000003
-0.000002
0.000003
0.000006
0.000002
-0.000002
-0.000002
-0.000001
0.000003
0.000000
-0.000009
-0.000014
-0.000009
-0.000003
0.000001
0.000003
-0.000001
-0.000005
-0.000006
-0.000004
-0.000002
-0.000004
-0.000007
-0.000008
-0.000006
0.000000
0.000003
-0.000000
-0.000001
0.000001
-0.000001
-0.000003
-0.000005
-0.000007
-0.000006
-0.000003
-0.000001
0.000001
0.000005
0.000006
0.000005
0.000001
-0.000001
0.000003
0.000003
0.000003
0.000006
0.000006
-0.000003
-0.000010
-0.000008
-0.000005
-0.000004
-0.000003
-0.000005
-0.000008
-0.000002
0.000005
0.000004
0.000004
0.000002
-0.000001
0.000000
0.000000
-0.000004
-0.000002
0.000004
0.000001
-0.000005
-0.000004
0.000004
0.000012
0.000009
-0.000005
-0.000018
-0.000020
-0.000011
0.000004
0.000008
0.000002
-0.000001
-0.000003
-0.000004
-0.000001
-0.000001
-0.000005
-0.000007
-0.000010
-0.000011
-0.000007
-0.000001
0.000004
0.000004
-0.000001
-0.000000
0.000005
0.000008
0.000009
0.000005
-0.000001
-0.000003
0.000001
0.000006
0.000006
-0.000001
-0.000007
-0.000007
-0.000002
0.000003
0.000005
0.000002
-0.000003
-0.000005
-0.000007
-0.000009
-0.000009
-0.000005
-0.000001
-0.000001
-0.000006
-0.000011
-0.000008
-0.000000
0.000002
-0.000000
-0.000005
-0.000006
0.000002
0.000011
0.000009
0.000005
0.000006
0.000008
0.000007
0.000005
0.000000
-0.000008
-0.000011
-0.000003
0.000002
0.000002
0.000003
0.000006
0.000007
0.000000
-0.000004
-0.000001
-0.000001
-0.000003
-0.000002
-0.000003
-0.000003
-0.000004
-0.000004
-0.000004
-0.000004
-0.000004
0.000001
0.000009
0.000012
0.000010
0.000004
-0.000005
-0.000010
-0.000004
-0.000000
0.000001
0.000002
0.000002
-0.000002
-0.000006
-0.000005
0.000002
0.000011
0.000014
0.000008
0.000003
0.000002
0.000004
0.000007
0.000007
0.000004
0.000001
0.000001
-0.000003
-0.000004
-0.000000
-0.000003
-0.000006
-0.000002
0.000002
0.000001
-0.000003
-0.000007
-0.000003
0.000003
0.000004
0.000006
0.000008
0.000006
0.000006
0.000004
0.000001
0.000003
0.000007
0.000009
0.000011
0.000011
0.000008
0.000005
0.000004
0.000004
0.000007
0.000007
0.000006
0.000001
-0.000006
-0.000005
-0.000001
-0.000001
-0.000005
-0.000011
-0.000017
-0.000016
-0.000010
-0.000008
-0.000005
0.000000
0.000003
0.000005
0.000007
0.000008
0.000009
0.000008
0.000004
-0.000001
-0.000000
0.000005
0.000002
-0.000008
-0.000011
-0.000006
-0.000001
-0.000005
-0.000014
-0.000014
-0.000008
0.000001
0.000008
0.000009
0.000006
0.000003
-0.000002
-0.000005
-0.000006
-0.000001
0.000002
-0.000004
-0.000009
-0.000008
-0.000007
-0.000007
-0.000004
0.000003
0.000006
0.000001
-0.000005
-0.000003
-0.000002
-0.000003
-0.000003
-0.000002
0.000001
0.000003
-0.000001
0.000000
0.000004
-0.000004
-0.000009
-0.000008
-0.000011
-0.000018
-0.000020
-0.000008
0.000007
0.000010
0.000008
0.000011
0.000009
0.000001
-0.000004
-0.000001
0.000003
0.000002
0.000003
0.000004
-0.000005
-0.000013
-0.000008
0.000000
-0.000001
-0.000001
0.000007
0.000006
0.000002
0.000005
0.000008
0.000003
-0.000003
0.000000
0.000009
0.000013
0.000010
-0.000000
-0.000007
-0.000007
-0.000004
0.000001
0.000006
0.000009
0.000005
-0.000001
-0.000003
-0.000003
-0.000000
0.000006
0.000011
0.000003
-0.000013
-0.000013
-0.000001
0.000003
-0.000002
-0.000009
-0.000007
-0.000000
0.000002
0.000004
0.000008
0.000007
0.000001
-0.000002
-0.000001
-0.000008
-0.000014
-0.000010
-0.000007
-0.000009
-0.000012
-0.000013
-0.000005
0.000006
0.000010
0.000008
-0.000000
-0.000009
-0.000009
-0.000007
-0.000006
-0.000002
0.000002
0.000003
0.000005
0.000004
0.000001
-0.000001
-0.000003
-0.000001
0.000004
0.000005
0.000006
0.000008
0.000005
0.000002
0.000003
0.000004
-0.000001
-0.000003
-0.000000
0.000000
0.000001
0.000008
0.000013
0.000010
0.000000
-0.000009
-0.000008
0.000003
0.000015
0.000021
0.000019
0.000010
0.000003
0.000005
0.000010
0.000009
0.000005
0.000003
0.000005
0.000006
0.000008
0.000008
0.000005
0.000005
0.000004
-0.000000
0.000001
0.000002
-0.000002
-0.000005
-0.000002
0.000002
0.000003
0.000005
0.000008
0.000005
-0.000003
-0.000007
-0.000010
-0.000011
-0.000006
-0.000000
0.000004
0.000008
0.000013
0.000016
0.000012
0.000003
-0.000004
-0.000003
0.000002
0.000003
0.000002
0.000003
-0.000000
-0.000006
-0.000011
-0.000013
-0.000007
0.000007
0.000015
0.000008
0.000001
0.000002
0.000004
0.000002
-0.000002
-0.000006
-0.000005
-0.000006
-0.000006
-0.000005
-0.000003
-0.000000
0.000004
0.000004
0.000002
0.000002
0.000006
0.000008
0.000003
-0.000005
-0.000009
-0.000008
-0.000008
-0.000007
-0.000004
-0.000005
-0.000004
0.000001
0.000002
0.000001
0.000005
0.000007
0.000005
0.000002
-0.000001
-0.000002
0.000002
0.000005
0.000001
0.000001
0.000007
0.000006
-0.000004
-0.000007
-0.000004
0.000000
0.000006
0.000006
-0.000002
-0.000004
-0.000000
0.000001
0.000000
-0.000001
-0.000002
-0.000000
-0.000001
-0.000005
-0.000008
-0.000006
-0.000005
-0.000003
0.000000
-0.000000
-0.000004
-0.000003
-0.000003
-0.000009
-0.000013
-0.000007
-0.000002
-0.000005
-0.000005
-0.000004
-0.000004
-0.000002
-0.000007
-0.000014
-0.000008
0.000004
0.000007
-0.000002
-0.000012
-0.000006
0.000004
0.000005
0.000003
0.000005
0.000003
-0.000006
-0.000014
-0.000013
-0.000009
-0.000005
0.000004
0.000014
0.000009
-0.000003
-0.000001
0.000004
0.000000
0.000000
0.000006
0.000006
0.000001
-0.000002
-0.000000
0.000003
0.000002
0.000004
0.000003
-0.000006
-0.000012
-0.000001
0.000011
0.000007
-0.000005
-0.000010
-0.000007
-0.000001
0.000001
0.000003
0.000006
0.000008
0.000003
-0.000001
-0.000008
-0.000013
-0.000011
-0.000006
-0.000003
-0.000001
-0.000001
0.000005
0.000007
0.000004
0.000003
0.000003
0.000005
0.000001
-0.000011
-0.000015
-0.000008
-0.000004
0.000001
0.000006
0.000006
0.000009
0.000014
0.000013
0.000008
0.000006
0.000006
-0.000001
-0.000014
-0.000023
-0.000019
-0.000005
0.000005
0.000009
0.000013
0.000011
0.000002
-0.000001
0.000001
0.000004
0.000004
0.000002
0.000005
0.000006
0.000000
-0.000002
0.000000
0.000002
0.000004
0.000001
0.000000
0.000005
0.000007
0.000001
-0.000004
-0.000002
0.000002
0.000004
0.000002
-0.000001
-0.000006
-0.000011
-0.000010
-0.000008
-0.000005
0.000001
0.000005
0.000006
0.000006
0.000008
0.000007
0.000008
0.000010
0.000007
0.000000
-0.000001
0.000003
0.000000
-0.000009
-0.000012
-0.000006
-0.000003
-0.000004
-0.000003
-0.000004
-0.000007
-0.000007
-0.000004
-0.000001
0.000001
0.000004
0.000006
0.000000
-0.000005
-0.000001
0.000002
-0.000000
-0.000006
-0.000006
-0.000001
0.000002
-0.000003
-0.000009
-0.000014
-0.000015
-0.000012
-0.000005
0.000004
0.000003
-0.000004
-0.000006
-0.000006
-0.000006
-0.000005
-0.000005
-0.000001
0.000004
0.000001
-0.000003
-0.000000
0.000003
-0.000005
-0.000011
-0.000007
-0.000006
-0.000010
-0.000011
-0.000008
-0.000004
-0.000003
-0.000005
-0.000007
-0.000002
0.000001
-0.000008
-0.000013
-0.000007
-0.000008
-0.000013
-0.000013
-0.000012
-0.000013
-0.000013
-0.000013
-0.000009
-0.000005
-0.000002
-0.000001
0.000001
-0.000000
-0.000004
-0.000004
-0.000005
-0.000004
-0.000000
0.000000
-0.000000
0.000003
0.000005
0.000007
0.000005
0.000002
0.000004
0.000008
0.000003
0.000002
0.000006
-0.000000
-0.000008
-0.000004
-0.000001
0.000001
0.000002
-0.000002
-0.000004
-0.000001
-0.000002
-0.000007
-0.000007
-0.000004
-0.000001
0.000002
0.000003
0.000004
0.000002
-0.000002
-0.000000
0.000005
0.000003
0.000000
-0.000002
-0.000007
-0.000003
0.000007
0.000008
0.000003
0.000001
0.000002
0.000004
0.000000
-0.000011
-0.000016
-0.000014
-0.000010
-0.000002
-0.000001
-0.000006
-0.000006
-0.000004
-0.000002
0.000005
0.000008
0.000004
0.000002
0.000004
0.000003
0.000004
0.000011
0.000013
0.000011
0.000011
0.000006
-0.000001
-0.000001
0.000002
0.000002
0.000002
0.000001
-0.000000
-0.000002
-0.000006
-0.000008
-0.000003
0.000001
0.000004
0.000010
0.000011
0.000007
0.000002
-0.000008
-0.000014
-0.000009
-0.000005
-0.000006
-0.000004
-0.000004
-0.000005
-0.000003
0.000001
0.000005
0.000007
0.000004
0.000003
0.000006
0.000007
0.000003
0.000003
0.000005
0.000003
-0.000002
-0.000004
-0.000005
-0.000003
-0.000000
-0.000004
-0.000007
-0.000008
-0.000007
-0.000005
-0.000006
-0.000011
-0.000013
-0.000008
0.000003
0.000009
0.000007
0.000005
0.000002
0.000000
0.000001
-0.000002
-0.000007
-0.000009
-0.000009
-0.000005
-0.000002
-0.000005
-0.000008
-0.000002
0.000004
-0.000003
-0.000011
-0.000008
0.000001
0.000004
0.000003
0.000003
0.000004
-0.000000
-0.000010
-0.000008
0.000002
0.000004
0.000001
0.000004
0.000006
0.000002
-0.000005
-0.000008
-0.000006
-0.000002
-0.000003
-0.000004
0.000001
0.000004
-0.000001
-0.000002
0.000004
0.000007
0.000004
0.000004
0.000007
0.000010
0.000010
0.000003
-0.000003
-0.000000
-0.000002
-0.000006
-0.000002
0.000005
0.000007
0.000007
0.000005
0.000003
0.000001
-0.000004
-0.000009
-0.000011
-0.000010
-0.000007
-0.000002
-0.000001
-0.000008
-0.000008
-0.000000
0.000005
0.000008
0.000009
0.000004
0.000003
0.000012
0.000020
0.000016
0.000008
0.000002
-0.000001
-0.000004
-0.000005
0.000001
0.000009
0.000013
0.000012
0.000007
0.000005
0.000003
0.000001
0.000002
0.000007
0.000014
0.000015
0.000010
0.000005
0.000008
0.000011
0.000008
0.000005
0.000005
0.000005
0.000004
0.000001
-0.000004
-0.000005
-0.000002
0.000002
0.000003
-0.000004
-0.000010
-0.000007
0.000001
0.000000
-0.000005
-0.000008
-0.000005
0.000001
0.000005
0.000006
0.000003
0.000001
-0.000003
-0.000005
-0.000001
0.000003
0.000001
-0.000000
0.000001
-0.000001
-0.000006
-0.000008
-0.000001
0.000011
0.000013
0.000005
-0.000003
-0.000004
-0.000001
-0.000000
0.000001
0.000005
0.000005
0.000001
0.000001
0.000006
0.000007
0.000006
0.000009
0.000008
0.000006
0.000008
0.000011
0.000013
0.000013
0.000010
0.000012
0.000016
0.000012
0.000010
0.000017
0.000020
0.000009
-0.000000
0.000003
0.000007
0.000006
0.000006
0.000007
0.000006
0.000008
0.000013
0.000010
0.000005
0.000005
0.000006
0.000005
0.000007
0.000012
0.000015
0.000011
0.000003
-0.000001
0.000005
0.000006
0.000000
0.000006
0.000014
0.000016
0.000011
0.000001
-0.000002
0.000001
0.000003
0.000005
0.000012
0.000012
0.000007
0.000008
0.000005
-0.000006
-0.000011
-0.000009
-0.000003
0.000008
0.000011
0.000001
-0.000005
-0.000003
-0.000001
-0.000001
-0.000005
-0.000006
0.000002
0.000009
0.000007
-0.000001
-0.000003
0.000003
0.000005
-0.000004
-0.000008
-0.000003
0.000001
0.000004
0.000003
0.000001
0.000002
0.000005
0.000009
0.000017
0.000017
0.000006
0.000000
0.000001
0.000002
0.000001
0.000001
0.000003
0.000005
0.000005
0.000006
0.000011
0.000011
0.000004
-0.000001
0.000006
0.000016
0.000013
-0.000004
-0.000010
0.000003
0.000011
0.000004
-0.000003
0.000001
0.000010
0.000013
0.000009
-0.000002
-0.000007
-0.000000
0.000004
-0.000002
-0.000003
0.000007
0.000009
0.000003
0.000001
0.000003
-0.000003
-0.000012
-0.000010
0.000004
0.000012
0.000007
0.000004
0.000004
0.000001
-0.000007
-0.000011
-0.000005
0.000002
0.000002
-0.000003
-0.000002
0.000006
0.000006
-0.000004
-0.000005
0.000001
0.000002
0.000002
0.000004
0.000003
0.000002
-0.000002
-0.000010
-0.000012
-0.000006
0.000001
0.000007
0.000008
0.000005
0.000001
0.000002
0.000001
-0.000004
-0.000008
-0.000005
-0.000002
-0.000002
0.000000
0.000004
0.000002
-0.000002
-0.000003
-0.000000
0.000001
-0.000003
-0.000006
-0.000003
-0.000004
-0.000005
0.000002
0.000004
-0.000001
-0.000003
-0.000004
-0.000001
0.000005
0.000003
-0.000007
-0.000011
-0.000007
-0.000002
-0.000004
-0.000005
-0.000001
0.000002
-0.000001
-0.000008
-0.000009
-0.000004
-0.000003
-0.000004
-0.000005
-0.000004
-0.000001
0.000003
0.000007
0.000007
0.000005
0.000004
0.000004
0.000005
0.000008
0.000010
0.000006
0.000000
-0.000000
0.000002
0.000001
-0.000004
-0.000006
-0.000006
-0.000005
-0.000002
-0.000003
-0.000002
-0.000001
-0.000001
-0.000003
-0.000010
-0.000019
-0.000018
-0.000006
0.000002
-0.000005
-0.000017
-0.000015
-0.000005
-0.000001
0.000002
0.000008
0.000008
0.000000
-0.000005
-0.000004
-0.000007
-0.000010
-0.000007
-0.000001
0.000001
0.000004
0.000005
0.000002
-0.000006
-0.000010
-0.000009
-0.000011
-0.000012
-0.000010
-0.000008
-0.000003
0.000002
-0.000000
-0.000006
-0.000009
-0.000007
-0.000004
-0.000005
-0.000012
-0.000018
-0.000016
-0.000012
-0.000008
-0.000004
-0.000006
-0.000012
-0.000016
-0.000009
-0.000000
-0.000003
-0.000011
-0.000011
-0.000003
0.000000
-0.000005
-0.000008
-0.000007
-0.000006
-0.000007
-0.000009
-0.000005
0.000001
-0.000002
-0.000009
-0.000005
0.000008
0.000012
0.000007
0.000004
0.000002
0.000001
0.000003
0.000004
0.000005
0.000003
0.000001
0.000000
-0.000003
-0.000005
0.000001
0.000007
0.000009
0.000003
-0.000001
0.000002
0.000000
-0.000001
0.000004
0.000007
0.000004
-0.000002
-0.000007
-0.000010
-0.000008
-0.000005
-0.000002
0.000001
0.000002
0.000004
0.000004
-0.000002
-0.000006
-0.000004
-0.000003
-0.000000
-0.000000
-0.000004
-0.000007
-0.000009
-0.000009
-0.000003
0.000003
0.000004
0.000006
0.000010
0.000009
-0.000001
-0.000013
-0.000018
-0.000012
-0.000004
-0.000000
0.000002
-0.000001
-0.000002
0.000002
-0.000001
-0.000005
0.000000
0.000006
0.000003
-0.000007
-0.000009
-0.000003
0.000002
0.000007
0.000010
0.000014
0.000016
0.000013
0.000008
0.000007
0.000007
0.000002
-0.000000
0.000003
0.000004
-0.000002
-0.000008
-0.000005
0.000004
0.000008
0.000006
0.000006
0.000006
0.000004
0.000001
-0.000004
-0.000007
-0.000001
0.000003
0.000001
-0.000003
-0.000006
-0.000004
-0.000001
-0.000004
-0.000002
0.000008
0.000014
0.000013
0.000004
-0.000001
0.000005
0.000011
0.000013
0.000014
0.000013
0.000011
0.000011
0.000007
0.000002
0.000003
0.000003
0.000001
0.000002
0.000002
0.000001
0.000004
0.000008
0.000006
0.000002
0.000001
0.000002
0.000002
0.000003
0.000007
0.000009
0.000004
-0.000004
-0.000008
-0.000005
0.000002
0.000003
0.000003
0.000004
0.000005
0.000007
0.000008
0.000006
0.000003
-0.000000
-0.000002
-0.000005
-0.000012
-0.000013
-0.000006
-0.000001
-0.000000
0.000001
0.000002
0.000001
0.000005
0.000006
0.000001
-0.000001
0.000000
-0.000004
-0.000008
-0.000005
0.000002
0.000000
-0.000009
-0.000010
-0.000002
0.000005
0.000002
-0.000000
0.000004
0.000003
-0.000003
-0.000008
-0.000011
-0.000013
-0.000010
-0.000002
0.000001
-0.000004
-0.000011
-0.000006
0.000005
0.000012
0.000013
0.000007
-0.000003
-0.000009
-0.000006
0.000002
0.000007
0.000002
-0.000004
-0.000003
-0.000002
-0.000001
-0.000000
-0.000001
-0.000005
-0.000010
-0.000011
-0.000002
0.000006
0.000009
0.000005
-0.000002
-0.000009
-0.000011
-0.000006
0.000001
0.000005
0.000006
0.000002
0.000002
0.000006
0.000006
0.000005
0.000006
0.000005
-0.000001
-0.000004
-0.000004
-0.000003
0.000005
0.000015
0.000015
0.000007
0.000001
-0.000004
-0.000004
-0.000001
-0.000003
-0.000008
-0.000007
-0.000004
-0.000002
0.000002
0.000001
-0.000009
-0.000015
-0.000013
-0.000007
-0.000005
-0.000007
-0.000012
-0.000012
-0.000010
-0.000009
-0.000005
-0.000002
-0.000003
0.000002
0.000009
0.000008
0.000006
0.000009
0.000010
0.000002
-0.000003
0.000000
0.000002
0.000001
-0.000005
-0.000011
-0.000004
0.000004
0.000002
-0.000004
-0.000012
-0.000016
-0.000010
-0.000006
-0.000007
-0.000007
-0.000001
0.000007
0.000006
0.000003
0.000002
-0.000003
-0.000009
-0.000010
-0.000005
-0.000004
-0.000000
0.000006
-0.000001
-0.000015
-0.000016
-0.000005
0.000004
0.000002
-0.000004
-0.000002
0.000002
0.000003
0.000004
0.000004
0.000000
-0.000006
-0.000007
-0.000002
-0.000001
-0.000004
-0.000007
-0.000007
-0.000001
0.000004
0.000002
-0.000005
-0.000007
-0.000006
-0.000003
-0.000001
0.000002
0.000005
0.000003
0.000001
0.000003
0.000006
0.000009
0.000005
-0.000002
-0.000002
0.000002
0.000006
0.000008
0.000005
0.000002
0.000002
0.000001
-0.000001
0.000001
0.000002
-0.000000
-0.000001
-0.000004
-0.000009
-0.000009
-0.000004
0.000002
0.000007
0.000007
0.000007
0.000006
-0.000001
-0.000008
-0.000005
0.000003
0.000005
0.000002
0.000002
0.000003
0.000002
0.000004
0.000010
0.000011
-0.000000
-0.000012
-0.000013
-0.000009
-0.000002
0.000001
-0.000001
0.000002
0.000007
0.000010
0.000008
0.000003
-0.000001
-0.000002
-0.000001
0.000004
0.000010
0.000010
0.000006
0.000006
0.000007
0.000005
0.000009
0.000015
0.000012
0.000007
0.000001
-0.000005
-0.000004
-0.000005
-0.000012
-0.000012
-0.000008
-0.000008
-0.000007
-0.000002
-0.000000
-0.000004
-0.000006
-0.000005
0.000000
0.000003
-0.000001
-0.000002
0.000007
0.000014
0.000009
0.000001
-0.000001
0.000003
0.000005
0.000002
-0.000003
-0.000005
-0.000001
0.000003
0.000004
0.000004
0.000004
0.000005
0.000005
0.000005
0.000003
0.000001
0.000002
0.000001
-0.000004
-0.000005
0.000001
0.000004
0.000004
0.000006
0.000010
0.000014
0.000017
0.000015
0.000008
-0.000001
-0.000007
-0.000006
-0.000003
0.000001
0.000003
0.000001
-0.000007
-0.000013
-0.000016
-0.000016
-0.000007
0.000001
-0.000001
-0.000003
-0.000001
0.000000
-0.000001
-0.000001
0.000001
0.000002
0.000003
0.000004
0.000002
-0.000000
-0.000003
-0.000005
-0.000001
0.000001
-0.000002
-0.000004
-0.000000
0.000005
0.000004
-0.000000
0.000005
0.000010
0.000005
-0.000000
0.000000
0.000003
0.000007
0.000006
0.000002
0.000002
0.000002
0.000001
0.000006
0.000009
0.000007
-0.000004
-0.000016
-0.000012
-0.000001
-0.000002
-0.000009
-0.000011
-0.000009
-0.000010
-0.000013
-0.000008
0.000002
0.000005
-0.000001
-0.000007
-0.000006
-0.000008
-0.000011
-0.000007
-0.000004
-0.000004
-0.000006
-0.000009
-0.000007
-0.000002
0.000000
0.000002
0.000003
0.000001
-0.000005
-0.000004
0.000003
0.000004
0.000006
0.000010
0.000006
-0.000004
-0.000013
-0.000015
-0.000012
-0.000008
0.000000
0.000004
0.000005
0.000011
0.000015
0.000014
0.000009
0.000001
-0.000004
0.000001
0.000007
0.000003
-0.000005
-0.000008
-0.000015
-0.000026
-0.000030
-0.000022
-0.000011
-0.000002
0.000001
-0.000005
-0.000020
-0.000024
-0.000022
-0.000028
-0.000036
-0.000042
-0.000045
-0.000025
0.000025
0.000077
0.000092
0.000049
-0.000035
-0.000104
-0.000108
-0.000065
-0.000038
-0.000042
-0.000025
0.000064
0.000160
0.000134
-0.000001
-0.000127
-0.000191
-0.000172
-0.000054
0.000065
0.000076
0.000003
-0.000106
-0.000244
-0.000304
-0.000187
0.000028
0.000248
0.000426
0.000530
0.000642
0.000768
0.000724
0.000446
0.000061
-0.000295
-0.000512
-0.000583
-0.000608
-0.000631
-0.000668
-0.000758
-0.000749
-0.000419
-0.000021
0.000119
0.000098
0.000008
0.000078
0.000545
0.000883
0.000666
0.000310
0.000228
0.000400
0.000463
0.000068
-0.000505
-0.000783
-0.000984
-0.001473
-0.001779
-0.001220
-0.000087
0.000791
0.001109
0.000915
0.000339
-0.000131
-0.000165
-0.000017
0.000103
0.000320
0.000537
0.000288
-0.000383
-0.000795
-0.000840
-0.000825
-0.000625
-0.000240
0.000078
0.000045
-0.000426
-0.000593
-0.000167
-0.000206
-0.001075
-0.001602
-0.000971
-0.000105
-0.000076
-0.000487
-0.000920
-0.001400
-0.001349
-0.000543
0.000358
0.000802
0.000770
0.000791
0.001513
0.002622
0.002892
0.001767
0.000255
-0.000281
-0.000007
-0.000366
-0.001817
-0.003006
-0.002687
-0.001417
-0.000254
0.000959
0.002198
0.001932
0.000402
0.000475
0.002201
0.003054
0.002733
0.001533
-0.000928
-0.002810
-0.002061
-0.000176
0.000904
0.001353
0.001190
0.000792
0.000597
-0.000603
-0.002126
-0.002156
-0.002498
-0.003857
-0.002392
0.002364
0.005955
0.006660
0.004917
0.000487
-0.004043
-0.004561
-0.001107
0.002183
0.002593
0.001838
0.001620
0.000663
-0.001539
-0.003895
-0.005171
-0.003329
0.001099
0.003543
0.002519
0.001067
-0.000234
-0.002842
-0.005327
-0.004705
-0.000473
0.003505
0.004179
0.004187
0.004355
0.001840
-0.001183
-0.001938
-0.003256
-0.004449
-0.000841
0.004076
0.002400
-0.003583
-0.004769
-0.001586
-0.002450
-0.007000
-0.006486
0.000876
0.007259
0.007235
0.004758
0.004634
0.004333
0.000959
-0.002592
-0.003172
-0.002813
-0.004985
-0.007222
-0.005690
-0.002938
-0.001013
0.001578
0.003599
0.004659
0.006220
0.005616
0.001953
-0.001193
-0.003452
-0.005425
-0.005490
-0.004947
-0.004600
-0.000889
0.004130
0.004144
0.001682
0.002190
0.003025
0.001237
0.000641
0.002887
0.003892
0.002109
0.000172
-0.000836
-0.002355
-0.004292
-0.005492
-0.006058
-0.005119
-0.001573
0.003282
0.006800
0.006080
0.003067
0.004111
0.005002
-0.003042
-0.011023
-0.007357
-0.000436
0.001655
0.004207
0.006828
0.003671
-0.001735
-0.001982
0.002015
0.002661
-0.001878
-0.005063
-0.003852
-0.001538
-0.000954
-0.003021
-0.004442
-0.001927
-0.001438
-0.004981
-0.003108
0.004078
0.007067
0.006027
0.004611
0.002875
0.003929
0.007491
0.007615
0.003798
-0.000836
-0.004832
-0.005774
-0.003285
-0.001333
-0.002351
-0.005489
-0.008072
-0.006023
-0.000662
0.001515
0.001359
0.003217
0.004193
0.002971
0.003095
0.004685
0.005453
0.003349
0.000930
0.004096
0.007830
0.003780
-0.002587
-0.005655
-0.008134
-0.008094
-0.003953
0.000057
0.003065
0.003591
0.000794
-0.000174
0.001289
0.002262
0.003257
0.003193
-0.000177
-0.003766
-0.002303
0.002388
0.004115
0.002825
0.001594
-0.000406
-0.003640
-0.005302
-0.002330
0.003409
0.006538
0.005183
-0.000372
-0.006381
-0.006600
-0.004173
-0.005916
-0.007015
-0.002216
0.003011
0.004969
0.004245
0.000604
-0.001839
0.000200
0.000360
-0.003340
-0.002688
0.000650
-0.001594
-0.005248
-0.002979
0.001134
0.001284
0.001172
0.002912
0.001953
0.001268
0.005539
0.007548
0.003325
-0.001467
-0.006587
-0.011992
-0.009823
-0.000784
0.003855
0.002239
0.000901
0.001308
-0.001551
-0.008296
-0.006890
0.004915
0.009916
0.004632
0.002770
0.005486
0.005309
0.002963
0.000517
-0.002209
-0.004450
-0.006242
-0.007017
-0.004444
0.001421
0.005326
0.005474
0.004332
-0.001496
-0.008974
-0.006500
0.000908
0.003569
0.007158
0.010133
0.005209
-0.001357
-0.004022
-0.003961
-0.002591
-0.002211
-0.000663
0.005446
0.009155
0.002843
-0.004875
-0.004395
-0.001762
-0.000692
0.002678
0.005288
0.003504
0.001110
-0.000253
-0.004906
-0.009896
-0.008657
-0.005049
0.000194
0.007870
0.009381
0.004505
-0.000215
-0.004284
-0.005868
-0.003695
-0.000366
0.001938
-0.000788
-0.005394
-0.003825
-0.002614
-0.005001
-0.000605
0.006619
0.005707
0.000906
-0.000546
-0.001459
-0.006267
-0.007401
0.001402
0.008379
0.005415
-0.000510
-0.005777
-0.010749
-0.010058
-0.002155
0.003781
0.003670
0.005051
0.008690
0.005871
-0.002074
-0.006075
-0.004657
0.000273
0.004560
0.001883
-0.002588
-0.000841
0.003201
0.003812
0.000887
-0.001798
-0.002498
-0.003105
-0.001036
0.005223
0.008762
0.005861
0.003060
0.003633
0.000819
-0.005106
-0.007136
-0.006354
-0.003477
0.001836
0.004239
0.002306
-0.001730
-0.008933
-0.012779
-0.003510
0.006489
0.005222
0.002474
0.001160
-0.000875
-0.000956
0.001277
0.008675
0.016646
0.013670
0.000807
-0.010149
-0.012011
-0.009120
-0.006983
-0.004337
-0.000958
-0.001248
-0.003932
0.000298
0.006134
-0.000585
-0.009963
-0.008029
-0.003369
-0.002028
0.005179
0.018141
0.022160
0.014996
0.006341
-0.004380
-0.014136
-0.009582
0.007073
0.016816
0.009835
-0.002734
-0.006594
-0.002518
-0.001325
-0.007487
-0.010952
-0.003509
0.005358
0.008214
0.012389
0.013428
0.002594
-0.005771
-0.004165
-0.004312
-0.005541
0.001464
0.009420
0.004779
-0.004451
-0.003622
0.001420
0.001898
0.003611
0.009547
0.009392
0.000911
-0.003147
0.001524
0.004602
-0.004565
-0.015814
-0.009396
-0.000043
-0.003880
-0.001870
0.003055
-0.006247
-0.011383
-0.003187
0.000399
0.003383
0.016201
0.020957
0.011742
0.005376
0.000918
-0.005326
-0.007176
-0.008180
-0.008245
-0.002620
0.001696
0.001933
0.004782
0.006173
-0.001437
-0.008453
-0.004596
-0.000719
-0.006241
-0.009673
-0.003833
0.000330
-0.004903
-0.011812
-0.009666
0.000973
0.010525
0.012026
0.007129
0.000634
-0.002432
0.002253
0.006238
0.001305
-0.002884
-0.004151
-0.008720
-0.009422
-0.006389
-0.008691
-0.009637
-0.002844
0.001119
-0.001642
0.001083
0.003967
-0.005460
-0.008852
0.002157
0.005509
-0.000889
0.001606
0.010302
0.005662
-0.005857
0.001043
0.015002
0.005509
-0.008729
-0.001933
0.000095
-0.007964
0.000169
0.009457
0.003167
-0.003404
-0.009817
-0.015836
-0.003962
0.014089
0.014409
0.012063
0.015282
0.004559
-0.007903
-0.001501
0.006665
0.007580
0.013957
0.016922
0.005546
-0.002780
0.000139
-0.000613
-0.007537
-0.010667
-0.009732
-0.007307
-0.003572
-0.002977
-0.006679
-0.010333
-0.011860
-0.007278
0.003178
0.006565
0.004696
0.012515
0.017075
0.003598
-0.006583
0.002824
0.015203
0.015904
0.008488
-0.002220
-0.009460
-0.010814
-0.013322
-0.011228
-0.001200
0.004265
0.004341
0.006356
0.007581
-0.000259
-0.014915
-0.024178
-0.019953
-0.003284
0.010417
0.011781
0.013089
0.015990
0.005450
-0.012910
-0.015389
-0.003614
0.001345
-0.001373
0.000148
0.006390
0.007644
0.000432
-0.005421
-0.004563
-0.000766
0.002433
0.001558
0.000260
0.003835
0.007551
0.005375
-0.002908
-0.007191
-0.000002
0.007138
0.006940
0.006450
0.007311
0.004879
0.001335
-0.001910
-0.011108
-0.016412
-0.007914
-0.000844
-0.000608
-0.000379
-0.003617
-0.006268
-0.000720
0.004932
0.009423
0.017608
0.014999
-0.001818
-0.010588
-0.004936
-0.001867
-0.008638
-0.009514
0.003388
0.012890
0.010774
0.004163
-0.003942
-0.009768
-0.014038
-0.018912
-0.013862
0.003883
0.017068
0.015604
0.009198
0.006795
0.004982
-0.002660
-0.010282
-0.004210
0.009538
0.014683
0.015334
0.016992
0.008699
-0.007932
-0.015940
-0.015659
-0.016555
-0.015243
-0.011428
-0.011457
-0.012578
-0.009029
0.001502
0.014030
0.014672
0.001497
-0.008452
-0.005311
-0.001874
-0.005892
-0.004640
0.003463
0.005689
0.000391
-0.003159
0.001347
0.003688
-0.004184
-0.001279
0.014529
0.011243
-0.002620
0.003162
0.013252
0.006256
-0.003627
-0.002490
-0.000945
-0.004190
-0.005338
-0.008348
-0.011959
-0.008049
-0.003749
-0.000071
0.010106
0.017582
0.011985
-0.000526
-0.005720
-0.001352
0.001626
0.000669
-0.001293
-0.005356
-0.006709
-0.003421
-0.003923
-0.005543
-0.002729
-0.007692
-0.018713
-0.013039
0.006379
0.017201
0.018579
0.020020
0.016269
0.002323
-0.006775
-0.001267
0.003034
-0.002872
-0.007858
-0.005230
-0.000511
-0.002587
-0.007551
-0.003843
0.001691
0.004807
0.013224
0.014543
0.005291
0.003390
0.003569
-0.001436
-0.000417
-0.001643
-0.016999
-0.025054
-0.009619
0.004926
-0.001168
-0.008425
-0.002993
0.001105
-0.002094
-0.002893
0.004449
0.012906
0.014891
0.018041
0.022374
0.009892
-0.010837
-0.012680
-0.008029
-0.019286
-0.027245
-0.014609
0.002859
0.014212
0.018777
0.015508
0.013882
0.020885
0.025969
0.019101
0.010549
0.012187
0.014904
0.005391
-0.009226
-0.010449
-0.001691
-0.001292
-0.004172
0.002227
0.008244
0.008016
0.009079
0.014475
0.023906
0.025717
0.013859
0.010395
0.019341
0.013504
-0.003526
-0.004276
0.004290
0.004897
0.005935
0.011961
0.013296
0.010401
0.011468
0.012763
0.003539
-0.010160
-0.011751
-0.006781
-0.013147
-0.025577
-0.025039
-0.013112
-0.004469
-0.000083
0.002463
0.004051
0.005304
0.001624
0.000649
0.006702
0.006772
0.001291
-0.002368
-0.008126
-0.015596
-0.019708
-0.021961
-0.023674
-0.021321
-0.012546
-0.002678
-0.002399
-0.008933
-0.011522
-0.013023
-0.011566
-0.001217
0.005122
0.002184
0.001602
0.003844
0.003920
0.005705
0.011477
0.017117
0.021042
0.024299
0.026825
0.026020
0.018382
0.009744
0.004216
-0.009223
-0.026636
-0.026978
-0.017574
-0.019815
-0.029146
-0.033530
-0.031724
-0.027796
-0.020871
-0.002958
0.016914
0.023676
0.027230
0.032288
0.021144
0.000740
-0.001454
0.002642
-0.005741
-0.004430
0.006568
0.002011
-0.003901
0.001375
0.001026
-0.004065
-0.005693
-0.006117
0.000207
0.014205
0.020366
0.013106
0.010687
0.018278
0.012972
-0.003919
-0.005544
-0.000645
-0.012521
-0.021757
-0.008843
0.000066
-0.007880
-0.007402
-0.000379
-0.007711
-0.011270
0.003519
0.010688
0.001864
-0.005101
-0.006291
-0.004873
-0.008893
-0.023652
-0.025783
-0.004338
0.011579
0.015974
0.026769
0.032951
0.028601
0.030138
0.033220
0.029518
0.033602
0.047662
0.047724
0.035092
0.040334
0.056269
0.056467
0.053147
0.059818
0.060714
0.044173
0.023839
0.014059
0.004493
-0.007814
-0.009295
-0.008739
-0.011109
-0.000945
0.015097
0.020865
0.016443
0.010081
0.009342
0.009690
0.007273
0.011312
0.021302
0.020307
0.001375
-0.022632
-0.039006
-0.044797
-0.039541
-0.028533
-0.022833
-0.027322
-0.035539
-0.036791
-0.034017
-0.036690
-0.043932
-0.054786
-0.061009
-0.048979
-0.027937
-0.014676
-0.006334
0.006637
0.019402
0.017831
0.002814
-0.010263
-0.020426
-0.040521
-0.067961
-0.085873
-0.087389
-0.078766
-0.064322
-0.044389
-0.022675
-0.005426
-0.002683
-0.012763
-0.017627
-0.018429
-0.026363
-0.032943
-0.035144
-0.046519
-0.064821
-0.067514
-0.049447
-0.033184
-0.032887
-0.035287
-0.029958
-0.033090
-0.050149
-0.053238
-0.034401
-0.022488
-0.031786
-0.048203
-0.049919
-0.031717
-0.015195
-0.006040
0.010896
0.025349
0.030398
0.041608
0.051133
0.044638
0.030329
0.019118
0.012159
0.004119
0.003363
0.018026
0.029910
0.033765
0.047160
0.063073
0.063115
0.058881
0.063982
0.071118
0.072545
0.063974
0.050902
0.043905
0.044693
0.047598
0.040155
0.027609
0.030204
0.043164
0.046750
0.039929
0.038610
0.041467
0.032303
0.024097
0.028734
0.021466
0.003168
0.004205
0.016749
0.015578
0.005648
0.000172
-0.003802
-0.010550
-0.020744
-0.037318
-0.051523
-0.054347
-0.052243
-0.045887
-0.033129
-0.016202
-0.000270
-0.002703
-0.023549
-0.038943
-0.039736
-0.029496
-0.013505
-0.001778
0.004279
0.007190
-0.000292
-0.014199
-0.011275
0.014350
0.034471
0.029604
0.018344
0.018508
0.018318
0.005155
-0.007683
-0.003840
0.000201
-0.014279
-0.023141
-0.010109
-0.004808
-0.011815
-0.004168
0.002563
-0.007871
-0.005198
0.008263
-0.000914
-0.021283
-0.034588
-0.048833
-0.055301
-0.042283
-0.029815
-0.033180
-0.033050
-0.019126
-0.009230
-0.006437
-0.000578
0.007109
0.012623
0.010120
0.002946
0.003765
0.006091
0.001684
-0.002080
-0.001227
0.006339
0.013609
0.005339
-0.005455
0.001168
0.005808
-0.006317
-0.010749
-0.001342
0.001187
0.003129
0.014721
0.016519
0.002518
-0.010721
-0.018067
-0.022962
-0.024699
-0.019679
-0.010528
-0.003385
0.001309
-0.000018
-0.007218
-0.010558
-0.011887
-0.016678
-0.015833
-0.007937
-0.005795
-0.009595
-0.007854
-0.000623
0.001829
0.005215
0.020930
0.031605
0.029042
0.034439
0.041169
0.028368
0.013361
0.018909
0.023322
0.006285
-0.000257
0.021036
0.038334
0.033939
0.024206
0.023360
0.022516
0.013884
0.006776
0.005855
0.002721
-0.010792
-0.025593
-0.028558
-0.030427
-0.040976
-0.040859
-0.020639
-0.003086
-0.001520
-0.012853
-0.030104
-0.034477
-0.025630
-0.024203
-0.028548
-0.025997
-0.015359
0.000778
0.011033
0.011531
0.016789
0.019208
0.005801
-0.003113
-0.005757
-0.026710
-0.051937
-0.049536
-0.031092
-0.025080
-0.022063
-0.004418
0.012586
0.020112
0.028065
0.031295
0.027924
0.033177
0.042706
0.031013
0.003166
-0.009047
-0.003989
-0.003785
-0.015857
-0.023548
-0.010794
0.003986
0.000376
-0.006824
-0.000134
0.011572
0.004989
-0.020939
-0.034253
-0.020853
-0.004747
-0.004929
-0.015300
-0.019949
-0.014427
-0.010175
-0.015024
-0.020570
-0.015409
-0.003977
0.002467
-0.001592
-0.010289
-0.008273
0.001822
0.006470
0.009609
0.016673
0.020823
0.021171
0.025997
0.029732
0.025420
0.020838
0.013620
0.008608
0.018754
0.027638
0.032270
0.047850
0.057640
0.050980
0.043201
0.042023
0.044975
0.042175
0.027201
0.007176
-0.010708
-0.023683
-0.030580
-0.030708
-0.021598
-0.005051
0.013076
0.029245
0.033211
0.017497
0.004434
0.006346
-0.002515
-0.016980
-0.010031
0.000645
-0.005731
-0.022396
-0.034443
-0.026257
-0.013052
-0.015329
-0.011205
0.002594
-0.004300
-0.024115
-0.033799
-0.034371
-0.023995
-0.007060
0.002411
0.011524
0.028035
0.039254
0.039365
0.037202
0.037436
0.034029
0.023894
0.019063
0.024328
0.026532
0.030291
0.049762
0.067133
0.065852
0.059417
0.048660
0.028151
0.018238
0.022544
0.022366
0.024067
0.027876
0.009796
-0.017373
-0.024137
-0.025105
-0.031545
-0.023851
-0.008708
-0.008223
-0.014360
-0.015422
-0.017860
-0.026213
-0.031974
-0.026804
-0.022652
-0.027663
-0.024176
-0.008393
-0.000705
-0.010850
-0.025560
-0.027188
-0.017347
-0.008796
-0.006818
-0.012467
-0.026814
-0.043155
-0.053677
-0.058068
-0.048935
-0.029074
-0.025404
-0.039712
-0.045737
-0.042959
-0.046298
-0.048787
-0.039567
-0.025822
-0.014718
-0.001904
0.009588
0.011280
0.014301
0.026693
0.033159
0.032768
0.034160
0.031082
0.026604
0.025498
0.022854
0.024627
0.027828
0.016323
-0.000356
-0.005382
-0.006879
-0.004662
0.011715
0.023508
0.014232
-0.002491
-0.014284
-0.013965
-0.001866
0.011218
0.022066
0.028009
0.026584
0.022878
0.019813
0.019446
0.025422
0.038195
0.052830
0.060712
0.062359
0.066959
0.066770
0.052831
0.045974
0.055965
0.060686
0.055221
0.053954
0.052799
0.043449
0.038277
0.045175
0.050440
0.044025
0.031448
0.019865
0.009775
-0.001789
-0.010623
-0.008709
-0.006302
-0.016116
-0.022528
-0.013385
-0.003456
-0.001367
-0.002884
-0.005292
-0.006725
-0.012185
-0.024794
-0.032192
-0.029403
-0.027296
-0.027637
-0.030348
-0.043664
-0.061349
-0.068813
-0.067593
-0.064908
-0.057252
-0.044902
-0.037352
-0.033641
-0.032281
-0.038896
-0.041960
-0.030218
-0.020634
-0.023444
-0.026302
-0.028122
-0.034383
-0.039184
-0.039000
-0.034910
-0.028576
-0.025155
-0.022817
-0.012989
0.003021
0.013681
0.014956
0.019438
0.033482
0.041851
0.034720
0.023331
0.017597
0.011695
-0.000192
-0.011249
-0.014661
-0.014747
-0.017342
-0.018704
-0.014579
-0.011443
-0.011127
-0.007979
-0.006099
-0.005044
0.004251
0.015105
0.017526
0.020751
0.030416
0.037157
0.040424
0.042073
0.036075
0.024357
0.015442
0.013670
0.014414
0.008139
-0.001731
-0.002881
0.002737
0.005787
0.002011
-0.007948
-0.012385
-0.006513
-0.001372
0.004652
0.016404
0.022900
0.022283
0.020804
0.015877
0.012000
0.017436
0.025774
0.029801
0.034187
0.037448
0.027945
0.013033
0.012863
0.023277
0.030840
0.036100
0.040289
0.041650
0.033430
0.010308
-0.015921
-0.031373
-0.036349
-0.036605
-0.034478
-0.032801
-0.029529
-0.014873
0.002674
0.004397
-0.004258
-0.014219
-0.029449
-0.044207
-0.049341
-0.046437
-0.036963
-0.024733
-0.020937
-0.023889
-0.019564
-0.012011
-0.013522
-0.015796
-0.009129
-0.001928
0.000815
0.003144
0.001003
-0.006031
-0.010410
-0.015242
-0.022197
-0.025270
-0.025353
-0.023567
-0.019762
-0.015590
-0.009496
-0.002718
0.000559
-0.001189
-0.004564
-0.004515
-0.004256
-0.007370
-0.007248
-0.001295
0.000848
-0.000884
0.005372
0.012494
0.005295
-0.008092
-0.016315
-0.022650
-0.026134
-0.023589
-0.022241
-0.023971
-0.023208
-0.024127
-0.028629
-0.030143
-0.032034
-0.034904
-0.026636
-0.008465
0.002793
0.002074
-0.001086
-0.007674
-0.022949
-0.034998
-0.035577
-0.032013
-0.027795
-0.015172
0.007961
0.020567
0.015938
0.021175
0.034239
0.032698
0.031362
0.039061
0.036106
0.024015
0.015310
0.003526
-0.011873
-0.017388
-0.006834
0.015123
0.033341
0.039325
0.044065
0.046198
0.038053
0.032346
0.028338
0.014647
0.005970
0.012394
0.018779
0.019600
0.025457
0.035083
0.037438
0.031354
0.021041
0.011375
0.006253
0.005175
0.008051
0.010566
0.008220
0.004447
-0.001496
-0.008536
-0.011589
-0.015385
-0.016296
-0.007432
-0.004198
-0.017381
-0.033376
-0.037186
-0.028822
-0.021671
-0.022637
-0.017567
-0.002045
0.004204
-0.004988
-0.016653
-0.023554
-0.028339
-0.033298
-0.033312
-0.024624
-0.009143
0.006967
0.017078
0.024002
0.029410
0.030852
0.031207
0.025385
0.009200
-0.003312
-0.006402
-0.007704
-0.003275
0.008208
0.015661
0.016949
0.010998
-0.000701
0.002695
0.021701
0.031580
0.033571
0.041541
0.051232
0.050813
0.034071
0.009139
-0.011008
-0.022576
-0.020469
-0.002483
0.015248
0.018421
0.015274
0.021303
0.033432
0.037367
0.039665
0.048503
0.043840
0.019386
0.000262
-0.008902
-0.032081
-0.066031
-0.072194
-0.049289
-0.040476
-0.046447
-0.032333
-0.007330
0.003567
0.015059
0.035646
0.040032
0.024514
0.014145
0.002865
-0.029539
-0.055843
-0.054916
-0.052035
-0.047017
-0.022287
0.000411
0.002715
0.001991
0.004921
-0.003426
-0.018596
-0.026379
-0.031673
-0.036693
-0.037919
-0.045055
-0.059342
-0.062811
-0.048298
-0.031515
-0.026724
-0.026655
-0.019685
-0.011535
-0.012151
-0.020858
-0.033160
-0.047274
-0.059056
-0.061093
-0.055148
-0.045878
-0.029810
-0.008123
0.012860
0.029667
0.039453
0.038834
0.026231
0.008269
-0.005800
-0.016251
-0.025498
-0.028693
-0.026877
-0.028002
-0.026834
-0.020147
-0.018064
-0.016232
-0.008432
-0.008739
-0.020187
-0.025542
-0.021391
-0.020668
-0.023000
-0.014374
0.001944
0.008090
0.004356
0.001159
0.001211
0.005600
0.012326
0.024258
0.045931
0.064431
0.071278
0.078758
0.088560
0.084967
0.067937
0.052906
0.041886
0.029179
0.018676
0.018297
0.029246
0.039238
0.041082
0.044094
0.044205
0.028497
0.006120
-0.005665
-0.007165
-0.012172
-0.022882
-0.025208
-0.019723
-0.022487
-0.027363
-0.016690
0.003691
0.020833
0.031923
0.032926
0.022196
0.010540
0.009395
0.013659
0.012649
0.010506
0.012807
0.011988
0.004966
-0.004510
-0.018313
-0.028865
-0.019769
0.001089
0.012767
0.019224
0.029586
0.033057
0.029592
0.033828
0.035242
0.017739
-0.001888
-0.006610
-0.006851
-0.016861
-0.029944
-0.031110
-0.027209
-0.026369
-0.019177
-0.009642
-0.007064
-0.003703
0.002410
0.004135
0.004672
0.007987
0.004395
-0.013451
-0.033312
-0.042296
-0.043800
-0.036332
-0.011910
0.016942
0.026854
0.015355
-0.000046
-0.010647
-0.021685
-0.031407
-0.033216
-0.028516
-0.022875
-0.019144
-0.012440
0.001648
0.013362
0.013847
0.010461
0.011884
0.014609
0.010605
0.001510
-0.004717
-0.002836
0.006182
0.009117
0.001805
0.004880
0.023519
0.032603
0.022502
0.008508
-0.003644
-0.012853
-0.010386
-0.000933
0.005017
0.009475
0.014529
0.016452
0.012857
0.005483
-0.004075
-0.012629
-0.015175
-0.012923
-0.009466
-0.011320
-0.018346
-0.014958
-0.003263
0.004180
0.017903
0.034802
0.032015
0.018449
0.012585
0.006407
-0.002036
-0.004035
-0.003951
-0.004652
0.001405
0.016256
0.032210
0.042040
0.046217
0.050486
0.054346
0.044175
0.018305
0.002765
0.004355
-0.002899
-0.018763
-0.019879
-0.010400
-0.006754
-0.007822
-0.006184
-0.005336
-0.012898
-0.017722
-0.008796
-0.002862
-0.006967
-0.003621
0.005993
0.004771
-0.002198
-0.001968
-0.004492
-0.019351
-0.032815
-0.033942
-0.028854
-0.021249
-0.011959
-0.008105
-0.009517
-0.010848
-0.014664
-0.017277
-0.010794
-0.004864
-0.007647
-0.007034
0.003263
0.014063
0.017450
0.010083
-0.003699
-0.012332
-0.015515
-0.017852
-0.011551
0.001542
0.008496
0.008186
0.004046
0.001952
0.004539
0.000486
-0.009758
-0.009582
0.000495
0.008818
0.013985
0.012609
0.001987
-0.006044
-0.003556
0.001289
0.003284
0.011278
0.028670
0.042022
0.046255
0.047917
0.040941
0.024563
0.014073
0.007759
-0.003974
-0.010590
-0.005666
-0.002565
-0.004953
0.004108
0.026585
0.037615
0.031034
0.023126
0.014248
0.002287
-0.008611
-0.022413
-0.033440
-0.033077
-0.031472
-0.033466
-0.030883
-0.024081
-0.015802
-0.006628
-0.002925
-0.003701
0.000208
0.005222
0.002077
-0.004466
-0.005043
-0.001396
-0.001499
-0.007730
-0.013791
-0.009767
0.005514
0.018817
0.022890
0.026338
0.031895
0.034796
0.037492
0.040499
0.039558
0.038611
0.038982
0.029805
0.007826
-0.015253
-0.028532
-0.031621
-0.027357
-0.015775
-0.003288
0.000400
-0.000895
0.002580
0.005686
-0.002125
-0.013928
-0.016043
-0.011872
-0.011762
-0.014793
-0.016221
-0.010547
0.003098
0.008837
0.000290
-0.005288
-0.000989
0.002692
0.002835
0.006998
0.012544
0.009785
0.004139
-0.001485
-0.013244
-0.021164
-0.020122
-0.021590
-0.020511
-0.006394
0.007332
0.010423
0.016552
0.025817
0.022140
0.014608
0.013774
0.007593
-0.001653
-0.002835
0.001467
0.007722
0.013509
0.018410
0.023430
0.027301
0.029592
0.027093
0.018699
0.011650
0.011217
0.010830
0.001952
-0.008906
-0.010341
-0.007337
-0.008377
-0.007776
-0.002951
-0.000629
-0.001471
-0.003024
-0.005530
-0.006413
-0.002120
0.004614
0.007473
0.003124
-0.006315
-0.017179
-0.028190
-0.033117
-0.027010
-0.018472
-0.015692
-0.017233
-0.015136
-0.003847
0.002657
-0.005309
-0.008934
0.001094
0.010687
0.013791
0.015264
0.014011
0.001771
-0.017455
-0.024717
-0.017454
-0.007904
0.004545
0.019614
0.023076
0.014049
0.008272
0.008541
0.007987
0.006647
0.004288
0.000276
-0.000306
0.002976
0.003653
-0.001085
-0.011231
-0.020667
-0.022287
-0.020865
-0.014643
0.000033
0.006584
-0.000053
-0.002463
0.000356
-0.001839
-0.003657
-0.001969
-0.002093
-0.000135
0.002422
-0.001299
-0.005422
-0.006796
-0.007830
-0.005328
0.003342
0.015794
0.023326
0.021713
0.015175
0.003495
-0.008431
-0.010861
-0.009727
-0.011363
-0.009965
-0.007989
-0.007653
0.000130
0.011238
0.015710
0.018827
0.024655
0.026803
0.022067
0.018476
0.019795
0.019261
0.019332
0.020792
0.012569
0.002147
0.007494
0.018792
0.017479
0.011634
0.013329
0.014277
0.010767
0.010236
0.009939
0.006379
0.003588
-0.001277
-0.012341
-0.020881
-0.016771
-0.007937
-0.009852
-0.018087
-0.017949
-0.013130
-0.011875
-0.010507
-0.011755
-0.017010
-0.015198
-0.010233
-0.013329
-0.014828
-0.006735
-0.001174
-0.005167
-0.005671
0.006683
0.020859
0.027984
0.032322
0.032638
0.022536
0.004325
-0.013093
-0.023773
-0.026578
-0.021822
-0.011133
0.002023
0.010232
0.009398
0.007586
0.008712
0.008720
0.011187
0.015766
0.010893
-0.001693
-0.005663
0.000918
0.004846
0.003315
0.007307
0.019520
0.028456
0.027188
0.019676
0.009546
-0.000943
-0.006844
-0.010142
-0.015248
-0.015539
-0.009246
-0.004809
-0.000205
0.006061
0.001348
-0.008170
-0.004544
0.002613
0.004460
0.006008
0.004609
0.005462
0.010439
0.007954
0.004370
0.009151
0.014796
0.019313
0.023655
0.024513
0.025527
0.025644
0.018156
0.011373
0.009566
0.001246
-0.008439
-0.008095
-0.006139
-0.006841
-0.002616
0.004241
0.007308
0.006672
0.001214
-0.006987
-0.011752
-0.015526
-0.023223
-0.030013
-0.027270
-0.014919
-0.001851
0.004766
0.007483
0.011791
0.014242
0.011893
0.008344
0.002804
-0.002569
-0.003229
-0.006252
-0.014892
-0.019493
-0.018165
-0.019838
-0.024597
-0.023931
-0.019179
-0.017386
-0.017694
-0.017233
-0.017840
-0.023587
-0.032678
-0.033997
-0.021764
-0.004746
0.006949
0.016711
0.031426
0.040642
0.033862
0.023306
0.019266
0.015536
0.010325
0.007454
0.003073
-0.004675
-0.008463
-0.008852
-0.012387
-0.016189
-0.019099
-0.023650
-0.026467
-0.026825
-0.027256
-0.026118
-0.020546
-0.015674
-0.019854
-0.024407
-0.018016
-0.011528
-0.014152
-0.014222
-0.003777
0.004784
-0.001050
-0.016308
-0.030750
-0.040685
-0.044008
-0.039074
-0.030801
-0.024382
-0.016893
-0.008974
-0.008913
-0.015242
-0.017846
-0.017058
-0.017629
-0.014562
-0.005787
0.001412
0.002952
0.000175
-0.002160
-0.000779
0.002264
0.009270
0.021575
0.031574
0.038335
0.046119
0.050596
0.047886
0.041362
0.037634
0.040908
0.042040
0.033162
0.027538
0.031029
0.028471
0.017143
0.008504
0.003411
-0.003892
-0.013317
-0.021609
-0.025982
-0.025599
-0.022817
-0.018129
-0.012660
-0.013866
-0.019963
-0.017207
-0.004320
0.006144
0.006580
-0.000634
-0.007881
-0.009616
-0.009918
-0.013878
-0.015196
-0.011219
-0.007850
-0.001159
0.010771
0.019104
0.023612
0.024751
0.017492
0.009135
0.007885
0.008956
0.009150
0.009652
0.008649
0.005549
0.003993
0.004439
-0.000315
-0.008449
-0.006859
0.000410
0.001859
0.002862
0.006995
0.010022
0.011412
0.009892
0.006552
0.005344
0.003709
-0.001580
-0.009859
-0.020994
-0.032986
-0.043079
-0.048509
-0.045517
-0.035694
-0.024534
-0.016815
-0.015107
-0.017088
-0.019787
-0.022210
-0.023318
-0.022209
-0.020272
-0.021175
-0.023331
-0.019707
-0.010422
-0.002762
0.002838
0.008644
0.011107
0.009461
0.003692
-0.004009
-0.002879
0.007002
0.012438
0.012117
0.013388
0.014357
0.010877
0.005458
0.002001
0.001234
-0.000871
-0.006174
-0.008679
-0.006632
-0.007003
-0.010517
-0.011999
-0.013706
-0.017375
-0.018325
-0.016433
-0.011405
-0.001222
0.005361
0.001930
-0.003095
-0.005340
-0.009531
-0.015306
-0.014819
-0.002843
0.009181
0.007332
0.001573
0.005088
0.011378
0.014374
0.017563
0.021813
0.025763
0.026793
0.020767
0.010675
0.001654
-0.007047
-0.011629
-0.007647
-0.000561
0.006799
0.013996
0.016657
0.016406
0.015200
0.011775
0.010544
0.013200
0.013104
0.006943
0.001883
0.004423
0.008305
0.009456
0.015003
0.024623
0.030722
0.030231
0.022703
0.014941
0.015456
0.018127
0.016324
0.017313
0.022976
0.023968
0.017706
0.010078
0.003569
-0.004201
-0.012075
-0.014964
-0.012213
-0.008573
-0.007156
-0.006324
-0.005654
-0.007386
-0.010363
-0.013525
-0.015159
-0.010075
-0.003670
-0.005268
-0.008674
-0.007059
-0.005519
-0.006711
-0.006679
-0.004116
-0.004046
-0.009853
-0.012395
-0.005417
0.000345
0.001056
0.005091
0.010224
0.008702
0.002594
-0.002123
-0.003567
-0.002738
-0.000294
0.004385
0.008442
0.007994
0.007331
0.008036
0.002637
-0.003661
0.002222
0.013151
0.015439
0.013622
0.015686
0.016073
0.009725
0.000933
-0.008643
-0.018538
-0.023979
-0.023877
-0.022032
-0.019963
-0.016247
-0.011551
-0.006089
0.001978
0.008756
0.007338
-0.000702
-0.007805
-0.011699
-0.014449
-0.016041
-0.014547
-0.007414
0.003210
0.010620
0.014027
0.014070
0.008533
0.002294
-0.000755
-0.004956
-0.009154
-0.008012
-0.004526
-0.004529
-0.005983
-0.005513
-0.007455
-0.013380
-0.015675
-0.013685
-0.015402
-0.018016
-0.014213
-0.010233
-0.010484
-0.006465
0.001075
0.001439
-0.002183
0.000773
0.008630
0.013707
0.015167
0.018184
0.025133
0.030178
0.027280
0.017685
0.006344
-0.000487
-0.002013
-0.005150
-0.008721
-0.005989
-0.001606
0.000328
0.004312
0.006573
0.000370
-0.007115
-0.007473
-0.006989
-0.012457
-0.016065
-0.011046
-0.004639
-0.001765
0.000838
0.003368
0.006780
0.010236
0.008035
0.006122
0.011375
0.015674
0.016517
0.019235
0.019919
0.014861
0.009122
0.005988
0.003628
0.000716
-0.002504
-0.005236
-0.004242
0.001007
0.003720
0.002616
0.002756
0.001417
-0.004497
-0.010874
-0.016044
-0.022310
-0.028965
-0.032346
-0.033161
-0.032593
-0.024772
-0.010138
0.000907
0.004168
0.002794
0.002644
0.007793
0.013253
0.013836
0.012299
0.010648
0.006124
-0.002066
-0.009151
-0.009282
-0.003300
0.002367
0.006341
0.010275
0.010602
0.006785
0.003318
-0.001194
-0.008401
-0.014394
-0.017128
-0.016943
-0.016068
-0.015587
-0.011092
-0.001769
0.006241
0.009657
0.012286
0.017658
0.021691
0.020357
0.017198
0.015067
0.011461
0.004094
-0.004454
-0.008013
-0.005250
-0.001256
0.000724
0.001835
0.002204
-0.002353
-0.011338
-0.016359
-0.016140
-0.016133
-0.015790
-0.014854
-0.014295
-0.008232
0.001756
0.004364
0.001320
0.000283
-0.002830
-0.010173
-0.015537
-0.017637
-0.018695
-0.015315
-0.005210
0.004629
0.008194
0.008941
0.010278
0.010888
0.011457
0.013726
0.013796
0.009302
0.006464
0.006140
0.002316
-0.003172
-0.006278
-0.006770
-0.003166
0.003681
0.009749
0.011935
0.009037
0.003357
-0.000828
-0.001721
-0.001653
-0.001843
0.000735
0.005999
0.010265
0.012370
0.013443
0.015414
0.016410
0.013468
0.011473
0.012884
0.012438
0.010237
0.008456
0.005193
0.002012
0.000656
-0.001413
-0.003939
-0.004234
-0.003314
-0.002657
-0.000045
0.003601
0.004159
0.004566
0.007089
0.005869
0.001355
-0.002152
-0.007812
-0.013226
-0.010774
-0.003404
0.003761
0.010619
0.014065
0.013018
0.011109
0.008405
0.004613
0.001703
0.000362
0.000838
0.002792
0.006174
0.011645
0.016812
0.018122
0.015119
0.009140
0.003577
0.001952
0.002539
0.001633
-0.001170
-0.003909
-0.005641
-0.008171
-0.010814
-0.008864
-0.003903
-0.002641
-0.003899
-0.002948
-0.001336
-0.001084
-0.000268
0.002826
0.007458
0.010160
0.010050
0.012001
0.014683
0.011059
0.005114
0.004065
0.004213
0.002485
0.003184
0.006510
0.006066
0.001035
-0.001662
-0.000661
-0.000685
-0.002247
-0.004091
-0.007365
-0.011749
-0.013438
-0.010738
-0.008358
-0.007610
-0.004498
-0.002205
-0.003531
-0.001984
0.003544
0.006460
0.004978
0.001914
0.001000
0.003738
0.004308
-0.000867
-0.005057
-0.005735
-0.008972
-0.015922
-0.020894
-0.019590
-0.015157
-0.011914
-0.007401
-0.002296
-0.002294
-0.006076
-0.007957
-0.006768
-0.005024
-0.004652
-0.005255
-0.004210
-0.001405
-0.001136
-0.003775
-0.005855
-0.006215
-0.005023
-0.004353
-0.006092
-0.007358
-0.005507
-0.003455
-0.002685
-0.000787
0.000014
-0.002096
-0.003105
-0.003509
-0.005891
-0.007250
-0.006153
-0.004903
-0.003980
-0.003440
-0.005082
-0.008036
-0.010567
-0.014340
-0.016777
-0.013772
-0.010186
-0.009418
-0.007091
-0.002860
-0.000873
-0.001956
-0.003256
-0.000091
0.008723
0.017678
0.022576
0.024678
0.024559
0.019960
0.012465
0.008685
0.008716
0.005891
-0.000650
-0.006359
-0.007806
-0.005787
-0.004283
-0.004145
-0.004806
-0.007661
-0.011090
-0.011464
-0.008602
-0.003845
0.002415
0.008477
0.011597
0.011107
0.008651
0.005506
0.001034
-0.003824
-0.005974
-0.005962
-0.006960
-0.009402
-0.010654
-0.007665
-0.000965
0.004754
0.005692
0.003361
0.001050
-0.001782
-0.005450
-0.007532
-0.006987
-0.004579
-0.001050
0.003945
0.007867
0.006518
0.003722
0.004700
0.006234
0.004737
0.001583
-0.001059
-0.002439
-0.002710
-0.001755
0.000388
0.002034
0.002302
0.003798
0.007096
0.006843
0.001721
-0.001264
-0.001326
-0.005367
-0.011666
-0.012885
-0.009833
-0.007203
-0.005302
-0.004281
-0.006914
-0.011431
-0.012242
-0.010668
-0.011548
-0.011991
-0.009037
-0.007872
-0.009369
-0.007737
-0.004878
-0.006286
-0.008195
-0.005599
-0.002061
-0.000898
0.001742
0.007312
0.009562
0.006200
0.002931
0.003452
0.007002
0.009917
0.009032
0.007893
0.008353
0.005310
-0.001253
-0.006319
-0.008227
-0.008856
-0.012205
-0.017416
-0.017772
-0.012501
-0.006706
-0.001980
0.002720
0.005811
0.004348
-0.000458
-0.004281
-0.007197
-0.010886
-0.011138
-0.005748
-0.000113
0.002217
0.002157
0.000334
-0.002045
-0.002037
0.001693
0.006388
0.007542
0.003544
-0.002239
-0.005608
-0.006481
-0.006257
-0.004646
-0.001983
0.000464
0.001887
0.001940
0.002003
0.003548
0.005148
0.006078
0.008558
0.012997
0.016056
0.014998
0.012281
0.011720
0.011181
0.007377
0.004138
0.005203
0.005727
0.003177
0.001717
0.001511
0.001525
0.001654
0.000000
-0.002429
-0.005009
-0.007911
-0.008482
-0.007502
-0.007335
-0.006023
-0.003907
-0.004197
-0.004793
-0.003176
-0.000835
0.002936
0.009000
0.014366
0.015703
0.013962
0.013954
0.015666
0.015254
0.014940
0.016753
0.016626
0.013798
0.010708
0.006896
0.003696
0.003139
0.003148
0.003442
0.005140
0.004555
-0.000299
-0.004325
-0.004670
-0.004692
-0.005259
-0.005089
-0.005499
-0.005394
-0.003507
-0.003353
-0.004246
-0.001123
0.003731
0.005423
0.005712
0.005846
0.004521
0.004655
0.006961
0.007916
0.009164
0.011199
0.008785
0.003713
0.002235
0.002570
0.001600
0.001400
0.002465
0.003156
0.003607
0.003699
0.003126
0.002785
0.002273
0.001553
0.002101
0.002737
0.002066
0.001521
0.001886
0.002336
0.002292
0.002170
0.001844
0.000778
-0.000812
-0.004074
-0.008173
-0.007987
-0.003386
0.000317
0.002556
0.004961
0.005743
0.004653
0.003487
0.002470
0.002352
0.003499
0.002806
-0.000331
-0.001628
-0.001432
-0.003091
-0.003819
-0.001074
0.002127
0.004112
0.004811
0.002578
-0.001368
-0.003741
-0.004749
-0.005211
-0.004563
-0.003562
-0.002710
-0.002400
-0.004132
-0.006427
-0.006466
-0.004931
-0.002708
-0.000580
-0.000161
0.000914
0.004390
0.006755
0.007071
0.007177
0.006666
0.006059
0.006727
0.008185
0.009470
0.009942
0.009849
0.009549
0.008533
0.006208
0.001613
-0.004002
-0.006619
-0.005603
-0.003335
-0.000496
0.002330
0.004628
0.006960
0.007702
0.005155
0.002836
0.003778
0.004745
0.004065
0.003915
0.003800
0.003008
0.002665
0.001475
-0.001147
-0.002001
-0.001132
-0.001652
-0.002378
-0.000522
0.002248
0.002271
0.000521
-0.000020
-0.001287
-0.004483
-0.005344
-0.002958
-0.001313
-0.001270
-0.001438
-0.001461
-0.000607
0.000608
-0.000559
-0.003874
-0.005967
-0.007461
-0.010578
-0.012923
-0.013105
-0.013263
-0.013259
-0.011925
-0.010474
-0.010643
-0.011516
-0.009106
-0.002483
0.003477
0.004828
0.002802
0.000526
-0.001764
-0.004877
-0.006317
-0.005094
-0.004457
-0.004149
-0.001458
0.001261
0.002218
0.003752
0.004604
0.002593
0.001789
0.004732
0.006505
0.005227
0.005513
0.007210
0.005869
0.002416
-0.000285
-0.002345
-0.002815
-0.002384
-0.005070
-0.008948
-0.008553
-0.005465
-0.003956
-0.004137
-0.005508
-0.008233
-0.010605
-0.011284
-0.010322
-0.008297
-0.007368
-0.008079
-0.007924
-0.006573
-0.006374
-0.007356
-0.006890
-0.004624
-0.002526
-0.000953
0.000344
0.001072
0.002386
0.005241
0.007072
0.005405
0.002187
0.000098
-0.001259
-0.002550
-0.002791
-0.002438
-0.001762
0.001125
0.004407
0.004404
0.002919
0.002608
0.001784
-0.000120
-0.000091
0.002249
0.003624
0.003577
0.004211
0.005220
0.004322
0.000920
-0.001725
-0.000952
0.000919
0.001413
0.000999
0.000572
0.001163
0.002869
0.003528
0.002787
0.002980
0.003459
0.001467
-0.002103
-0.004322
-0.005209
-0.007081
-0.009424
-0.008833
-0.005183
-0.001148
0.003075
0.007092
0.008072
0.007074
0.007960
0.009039
0.007995
0.008170
0.011333
0.014611
0.015326
0.013521
0.010785
0.007463
0.004209
0.003129
0.003714
0.003487
0.002418
0.002297
0.002923
0.002039
-0.000180
-0.001697
-0.002879
-0.003568
-0.001461
0.002989
0.006207
0.006801
0.007227
0.007621
0.005339
0.002277
0.000865
-0.001146
-0.003460
-0.003205
-0.002249
-0.003075
-0.003755
-0.002923
-0.002023
-0.002090
-0.002837
-0.003189
-0.002395
-0.002002
-0.002891
-0.002407
-0.000705
-0.001127
-0.002331
-0.002908
-0.005607
-0.009198
-0.010196
-0.010292
-0.010858
-0.009226
-0.006206
-0.005251
-0.004497
-0.001241
0.002498
0.004435
0.004468
0.004120
0.005188
0.006537
0.006676
0.007526
0.009255
0.008241
0.004584
0.002099
0.000469
-0.002308
-0.004157
-0.003626
-0.002771
-0.003012
-0.004121
-0.004979
-0.004300
-0.002932
-0.002137
-0.000765
0.001202
0.000897
-0.001572
-0.002477
-0.001709
-0.001658
-0.001128
0.000392
0.000418
-0.000275
-0.000225
-0.001160
-0.002340
-0.002096
-0.002345
-0.002995
-0.001587
-0.000025
-0.001085
-0.002576
-0.002690
-0.002759
-0.002885
-0.002609
-0.001535
0.001487
0.005252
0.007045
0.006542
0.005434
0.004694
0.003747
0.002146
-0.000339
-0.003252
-0.004220
-0.002401
-0.000159
0.000990
0.001950
0.002732
0.002255
0.001408
0.001293
0.001292
0.000790
-0.000091
-0.000893
-0.001052
-0.000982
-0.002489
-0.005502
-0.007105
-0.006146
-0.004852
-0.004378
-0.003460
-0.002090
-0.001509
-0.002667
-0.005364
-0.007475
-0.007399
-0.005217
-0.002150
0.000297
0.001819
0.002369
0.002006
0.001863
0.002451
0.003207
0.004150
0.005704
0.007941
0.009809
0.009716
0.008612
0.008442
0.007820
0.005544
0.004242
0.004225
0.001982
-0.001679
-0.002750
-0.002249
-0.003660
-0.006205
-0.006947
-0.005460
-0.003090
-0.000833
-0.000087
-0.001887
-0.004793
-0.006401
-0.005213
-0.001612
0.001902
0.003822
0.004789
0.004709
0.003403
0.002358
0.001359
-0.001462
-0.004562
-0.005749
-0.006088
-0.005108
-0.001837
0.001201
0.003378
0.005476
0.005155
0.002186
-0.000273
-0.001492
-0.002491
-0.002349
0.000360
0.004441
0.006992
0.007427
0.007334
0.006574
0.004651
0.003480
0.003666
0.002863
0.000196
-0.003207
-0.005870
-0.006327
-0.005796
-0.007124
-0.009952
-0.011806
-0.012806
-0.013827
-0.012958
-0.009992
-0.007618
-0.006225
-0.005376
-0.005948
-0.006483
-0.005225
-0.004169
-0.003959
-0.002830
-0.001728
-0.002037
-0.003157
-0.003818
-0.003045
-0.002225
-0.003189
-0.004622
-0.004763
-0.003742
-0.001727
0.000761
0.002368
0.002691
0.002245
0.001467
0.000553
-0.000146
-0.000571
-0.001753
-0.003625
-0.004538
-0.004280
-0.004007
-0.003382
-0.001086
0.001907
0.003434
0.002995
0.001082
-0.001288
-0.002687
-0.003188
-0.004049
-0.004736
-0.003881
-0.001363
0.002324
0.005417
0.006017
0.004724
0.003127
0.001964
0.001755
0.002142
0.000856
-0.002821
-0.005421
-0.004937
-0.003984
-0.003901
-0.002754
-0.000388
0.000531
-0.000711
-0.002313
-0.003235
-0.003488
-0.003315
-0.001960
0.000759
0.002633
0.003262
0.003740
0.003461
0.003216
0.003674
0.002512
0.000251
-0.000072
0.000585
0.000163
-0.000904
-0.002103
-0.002948
-0.002637
-0.001929
-0.001508
0.000150
0.002584
0.002595
0.000944
0.001359
0.003670
0.005681
0.007286
0.008146
0.006317
0.001419
-0.003068
-0.003851
-0.002316
-0.000386
0.001656
0.002567
0.002772
0.003662
0.003948
0.002991
0.001834
0.000517
-0.000568
0.000101
0.002139
0.002903
0.002111
0.001870
0.002307
0.002391
0.001570
-0.000055
-0.000668
0.001056
0.003402
0.003527
0.002006
0.002266
0.003542
0.003031
0.002616
0.003625
0.003643
0.001982
0.000871
0.002315
0.005308
0.007231
0.007537
0.006984
0.005604
0.002860
-0.001008
-0.004512
-0.006967
-0.008273
-0.007374
-0.004693
-0.002431
-0.000888
0.000886
0.001775
0.000825
0.000181
0.000805
0.000799
0.000597
0.001616
0.001790
-0.000495
-0.002566
-0.001571
0.001415
0.003695
0.004842
0.005238
0.003681
0.001399
0.001878
0.003756
0.003661
0.002917
0.003666
0.005348
0.007023
0.007766
0.007180
0.006089
0.004968
0.004004
0.003383
0.003062
0.002845
0.001874
0.000717
0.001361
0.002763
0.002554
0.002073
0.003196
0.003886
0.002271
-0.000198
-0.002083
-0.003244
-0.003652
-0.003157
-0.001889
-0.000380
0.000941
0.001290
0.001093
0.001892
0.002476
0.001888
0.001819
0.001918
0.001155
0.001350
0.002919
0.003349
0.002609
0.002042
0.000490
-0.001618
-0.001597
0.000526
0.002621
0.003353
0.002540
0.001454
0.001198
0.000793
0.000251
0.000910
0.001752
0.002482
0.004466
0.005295
0.003115
0.001787
0.002538
0.001649
-0.000872
-0.002331
-0.002958
-0.003243
-0.002458
-0.001311
-0.001359
-0.002552
-0.003296
-0.003129
-0.003116
-0.003469
-0.004094
-0.004390
-0.002730
-0.000593
-0.000614
-0.001025
-0.000079
0.000555
0.000288
0.000475
0.001448
0.001894
0.000593
-0.001774
-0.003588
-0.004321
-0.004171
-0.003069
-0.000933
0.001493
0.002758
0.002474
0.001886
0.001827
0.001864
0.002284
0.003748
0.004562
0.003071
0.001183
0.000711
0.000386
-0.000764
-0.001627
-0.001795
-0.002626
-0.003767
-0.002946
-0.000500
0.001449
0.002299
0.001703
-0.000722
-0.003743
-0.005561
-0.005763
-0.005329
-0.004733
-0.003366
-0.002003
-0.001779
-0.001419
-0.000917
-0.001984
-0.002941
-0.002335
-0.002531
-0.003420
-0.002653
-0.001277
-0.000774
-0.000019
0.002351
0.006130
0.009631
0.011297
0.011148
0.010257
0.008775
0.005789
0.002053
-0.000343
-0.001257
-0.001426
-0.000348
0.000789
-0.000516
-0.002430
-0.001402
0.000832
0.001044
0.000290
0.000400
0.001094
0.001957
0.002907
0.003727
0.004199
0.003958
0.002741
0.000727
-0.001280
-0.001852
-0.000335
0.001713
0.002253
0.002020
0.003086
0.004297
0.003750
0.003274
0.003413
0.001789
-0.000208
-0.000094
-0.000076
-0.001433
-0.001308
0.000479
0.001133
0.001295
0.002089
0.002458
0.003946
0.006584
0.006662
0.005306
0.005433
0.004927
0.002902
0.002138
0.002987
0.003488
0.003327
0.002565
0.000547
-0.002217
-0.004514
-0.005166
-0.003675
-0.002386
-0.003933
-0.006798
-0.008187
-0.007969
-0.007220
-0.006519
-0.005698
-0.003577
0.000064
0.002350
0.001508
-0.000256
-0.002438
-0.006199
-0.009149
-0.009240
-0.007873
-0.005844
-0.003255
-0.001103
0.000472
0.001327
0.000045
-0.003027
-0.005188
-0.005310
-0.004177
-0.001919
0.000733
0.002235
0.003030
0.003034
0.000223
-0.004005
-0.006112
-0.006562
-0.007419
-0.008338
-0.008593
-0.008009
-0.005950
-0.003111
-0.001625
-0.001280
-0.000008
0.001526
0.001370
0.000603
0.000763
0.000851
0.000330
-0.000244
-0.001225
-0.002356
-0.002768
-0.002902
-0.003091
-0.003133
-0.003268
-0.002853
-0.002051
-0.002718
-0.003928
-0.003699
-0.002790
-0.001117
0.001665
0.002985
0.002132
0.001470
0.000917
-0.000440
-0.000722
0.000939
0.002809
0.003961
0.004298
0.003734
0.003119
0.002225
-0.000122
-0.001938
-0.001071
0.000223
0.000245
0.000203
0.000470
0.001184
0.002434
0.002946
0.002555
0.002322
0.001552
-0.000755
-0.002340
-0.000874
0.001257
0.001555
0.001383
0.001216
-0.000269
-0.002578
-0.004241
-0.004551
-0.003481
-0.001559
0.000120
0.000326
-0.000425
-0.000759
-0.000763
-0.000639
-0.000251
0.000429
0.001367
0.001582
0.001184
0.001858
0.002956
0.002883
0.002606
0.002931
0.002873
0.002473
0.002977
0.003708
0.002540
0.000721
0.001313
0.003051
0.003025
0.001826
0.000942
-0.000309
-0.002330
-0.003365
-0.002732
-0.001949
-0.000931
0.001063
0.001825
-0.000046
-0.002607
-0.004508
-0.005520
-0.005616
-0.005670
-0.005987
-0.006061
-0.006323
-0.007358
-0.008044
-0.007039
-0.005029
-0.003417
-0.002081
-0.000142
0.001927
0.002600
0.001569
0.000657
0.001265
0.002528
0.003455
0.003011
0.000270
-0.002399
-0.002761
-0.002532
-0.002738
-0.002243
-0.000688
0.001300
0.002788
0.003621
0.004190
0.003802
0.002028
-0.000369
-0.002801
-0.004289
-0.003996
-0.002998
-0.001917
0.000024
0.001647
0.001098
-0.000310
-0.000872
-0.000974
-0.000501
0.000289
-0.000049
-0.001038
-0.001667
-0.002554
-0.003211
-0.001975
0.000275
0.001220
0.001287
0.001624
0.001115
-0.000832
-0.002724
-0.003112
-0.002602
-0.002897
-0.003760
-0.003464
-0.001566
0.000510
0.001338
0.001698
0.002664
0.003201
0.003303
0.004624
0.006100
0.005738
0.004806
0.004425
0.003520
0.002651
0.003215
0.003955
0.003815
0.004496
0.006261
0.007169
0.007605
0.008573
0.008158
0.005407
0.003199
0.003578
0.004651
0.004990
0.005607
0.005897
0.004418
0.001911
-0.000354
-0.001485
-0.001959
-0.003339
-0.004210
-0.002536
-0.000211
0.000790
0.001564
0.003088
0.004106
0.003514
0.002239
0.001745
0.002153
0.002133
0.001396
0.001583
0.002795
0.003416
0.003354
0.003028
0.001976
0.000568
-0.000256
-0.000587
-0.000654
-0.000131
0.000839
0.001813
0.002646
0.002960
0.002273
0.001045
0.000497
0.000927
0.001318
0.001437
0.002194
0.003009
0.002402
0.000994
0.000572
0.001041
0.000688
-0.000317
-0.000114
0.001107
0.001993
0.002833
0.003645
0.002891
0.000550
-0.001749
-0.003565
-0.004686
-0.003893
-0.001902
-0.001375
-0.001917
-0.001210
0.000054
0.000520
0.000796
0.001059
0.000530
-0.000871
-0.002553
-0.003959
-0.004994
-0.005998
-0.006218
-0.004938
-0.003170
-0.001033
0.001318
0.002078
0.001655
0.001558
0.000768
-0.001203
-0.002768
-0.003296
-0.003214
-0.002630
-0.001774
-0.000789
0.000424
0.001667
0.002725
0.003409
0.003383
0.002615
0.001686
0.000776
-0.000404
-0.000984
-0.000249
0.000946
0.001905
0.002846
0.003843
0.004031
0.002939
0.001591
0.000647
-0.000375
-0.001622
-0.002597
-0.002986
-0.003006
-0.002432
-0.000890
0.000101
-0.000741
-0.002012
-0.002581
-0.002826
-0.002726
-0.002000
-0.000883
0.000090
-0.000064
-0.001735
-0.002870
-0.002139
-0.001772
-0.002552
-0.002186
-0.000497
0.000328
0.000127
0.000870
0.002451
0.003185
0.003696
0.004816
0.005160
0.004340
0.003465
0.002243
0.000456
-0.000099
0.001003
0.002103
0.003103
0.004058
0.003605
0.002028
0.000877
0.000533
0.000587
0.000765
0.000730
-0.000419
-0.002870
-0.005127
-0.005913
-0.005486
-0.004574
-0.003134
-0.001263
-0.000076
0.000243
0.000372
0.000199
-0.000359
-0.001507
-0.003303
-0.004208
-0.003514
-0.002818
-0.002608
-0.002007
-0.001727
-0.002530
-0.002768
-0.001464
-0.000747
-0.001677
-0.001987
-0.001252
-0.001860
-0.003313
-0.003401
-0.002660
-0.002343
-0.002411
-0.002433
-0.002315
-0.002068
-0.001405
-0.000767
-0.000399
0.000429
0.000607
-0.001421
-0.003583
-0.003573
-0.002786
-0.002058
-0.000497
0.000649
0.000989
0.002453
0.004141
0.004073
0.003500
0.003617
0.003399
0.002719
0.002485
0.002060
0.000600
-0.001012
-0.001458
-0.000742
-0.000386
-0.001067
-0.001823
-0.002294
-0.002706
-0.002585
-0.001305
0.000018
-0.000753
-0.002701
-0.003231
-0.002719
-0.002445
-0.002056
-0.001392
-0.000910
-0.000730
-0.001138
-0.002464
-0.003818
-0.004158
-0.003660
-0.002541
-0.001035
0.000079
0.001121
0.002883
0.004151
0.003887
0.002866
0.001309
-0.000346
-0.001005
-0.000876
-0.000313
0.000487
0.000481
-0.000601
-0.001681
-0.002251
-0.003044
-0.003882
-0.003229
-0.001604
-0.001172
-0.001581
-0.001448
-0.001590
-0.002687
-0.003335
-0.002719
-0.002175
-0.002557
-0.002723
-0.002116
-0.001391
0.000085
0.002881
0.005194
0.005069
0.002730
0.000202
-0.000912
-0.000849
-0.000078
0.001491
0.003352
0.004910
0.006041
0.005963
0.004129
0.001859
0.000553
0.000159
0.000240
0.000372
0.000456
0.001071
0.001812
0.001436
0.000084
-0.001434
-0.003134
-0.004686
-0.005206
-0.005006
-0.004936
-0.004957
-0.004646
-0.003794
-0.002841
-0.002331
-0.001992
-0.001913
-0.002817
-0.004004
-0.003897
-0.002348
-0.000165
0.002064
0.003810
0.004389
0.003493
0.001815
0.000467
-0.000153
-0.000609
-0.001105
-0.000723
0.000550
0.001566
0.002188
0.002704
0.002915
0.002996
0.003263
0.003125
0.001620
-0.000664
-0.002387
-0.003431
-0.003890
-0.003344
-0.001914
-0.000452
0.000482
0.000941
0.000891
0.000580
0.000765
0.001011
0.000728
0.001469
0.003541
0.004851
0.005550
0.006769
0.007088
0.005711
0.004347
0.004035
0.004043
0.003764
0.003604
0.003574
0.003148
0.003277
0.004675
0.005314
0.003796
0.002006
0.001364
0.000243
-0.002335
-0.004339
-0.004432
-0.003787
-0.002954
-0.001222
0.000787
0.001702
0.001625
0.000976
-0.000038
-0.000620
-0.001132
-0.002230
-0.002721
-0.002350
-0.002148
-0.001310
0.000881
0.002809
0.003104
0.002035
0.000145
-0.001550
-0.001379
0.000195
0.000901
0.001049
0.002220
0.003247
0.003126
0.003238
0.003574
0.003017
0.002227
0.002033
0.002391
0.003034
0.003474
0.003486
0.003546
0.003869
0.003181
0.000875
-0.001610
-0.003562
-0.004677
-0.004152
-0.003007
-0.002423
-0.001835
-0.001512
-0.001890
-0.001755
-0.000897
-0.000259
0.000482
0.001497
0.002153
0.002538
0.002752
0.002620
0.002531
0.002872
0.003219
0.002992
0.002743
0.003417
0.004593
0.005213
0.005159
0.004834
0.004466
0.004154
0.003450
0.002104
0.001472
0.002505
0.004034
0.004881
0.004711
0.003327
0.000988
-0.001009
-0.001403
-0.001368
-0.002283
-0.002688
-0.001958
-0.001530
-0.001296
-0.000311
0.001039
0.001825
0.001847
0.001246
-0.000538
-0.003166
-0.004702
-0.004500
-0.003690
-0.003215
-0.002996
-0.002726
-0.003150
-0.004054
-0.004084
-0.004204
-0.004859
-0.003886
-0.001800
-0.001032
-0.001322
-0.001709
-0.002142
-0.002309
-0.002020
-0.001365
-0.000431
0.000237
-0.000435
-0.002487
-0.004313
-0.005041
-0.005143
-0.004843
-0.004417
-0.004081
-0.003460
-0.002993
-0.002854
-0.001936
-0.000655
-0.000022
0.000464
0.000910
0.001186
0.002019
0.003104
0.002994
0.001641
-0.000120
-0.002401
-0.004812
-0.006156
-0.006316
-0.005575
-0.003757
-0.000996
0.001898
0.003539
0.002984
0.000509
-0.002550
-0.005015
-0.007214
-0.009140
-0.009471
-0.007757
-0.004942
-0.002291
-0.000386
0.001062
0.002096
0.002274
0.001669
0.001374
0.001920
0.001550
-0.000490
-0.002012
-0.002791
-0.004460
-0.005621
-0.005145
-0.005802
-0.007964
-0.007973
-0.005598
-0.003476
-0.001441
0.001282
0.002961
0.002551
0.001306
0.000163
-0.000657
-0.000782
-0.000277
0.000272
0.000770
0.001400
0.001454
0.000831
0.000549
0.000481
-0.000209
-0.001219
-0.001699
-0.001862
-0.002528
-0.003413
-0.003628
-0.002986
-0.002136
-0.002101
-0.002702
-0.002412
-0.000616
0.001546
0.002680
0.003290
0.004211
0.004064
0.002727
0.001899
0.000989
-0.000297
-0.000312
0.000254
0.000191
0.000785
0.002024
0.002555
0.002820
0.003360
0.003948
0.004355
0.003544
0.001132
-0.000954
-0.001487
-0.001856
-0.002971
-0.004198
-0.004784
-0.004210
-0.003466
-0.003304
-0.002396
-0.001271
-0.001122
-0.000073
0.002546
0.004497
0.004405
0.002906
0.001589
0.001069
0.000916
0.000807
0.000048
-0.001232
-0.001474
-0.000592
0.000131
0.001074
0.002720
0.003525
0.003040
0.002925
0.003561
0.003926
0.004286
0.005419
0.006432
0.006073
0.004661
0.003115
0.002075
0.002138
0.002858
0.003288
0.003797
0.004612
0.004612
0.003423
0.002449
0.002496
0.002495
0.001789
0.001465
0.002435
0.003489
0.003257
0.002571
0.002486
0.002518
0.002035
0.001501
0.001047
-0.000541
-0.003331
-0.005773
-0.007150
-0.007634
-0.007235
-0.005742
-0.003688
-0.002353
-0.001783
-0.001193
-0.000511
0.000376
0.001789
0.003518
0.004796
0.004686
0.003291
0.001780
0.000596
-0.000033
0.000372
0.000679
-0.000008
-0.000313
-0.000386
-0.001702
-0.002704
-0.002079
-0.001783
-0.002645
-0.003209
-0.002939
-0.002334
-0.002125
-0.002836
-0.003314
-0.002576
-0.001613
-0.000970
-0.000116
0.001101
0.002234
0.002505
0.001762
0.000871
0.000251
-0.000269
-0.000797
-0.001707
-0.002678
-0.002993
-0.003202
-0.003308
-0.002312
-0.001058
-0.000740
-0.000192
0.001710
0.003904
0.005199
0.005655
0.004997
0.003054
0.001146
-0.000174
-0.001730
-0.002993
-0.002780
-0.001708
-0.001147
-0.001349
-0.001486
-0.001051
-0.000824
-0.001105
-0.000766
0.000111
0.000059
-0.001010
-0.001968
-0.002092
-0.001100
0.000713
0.001873
0.001459
0.000800
0.000848
0.000945
0.000934
0.000801
0.000188
-0.000191
0.000675
0.002146
0.003102
0.003767
0.004268
0.004175
0.003840
0.003660
0.003401
0.002895
0.002589
0.002571
0.002020
0.001083
0.000398
-0.000231
-0.000336
0.000590
0.001481
0.001213
0.000264
-0.000198
0.000029
0.001099
0.003346
0.005091
0.005058
0.004643
0.003889
0.001840
0.000130
0.000134
0.000749
0.001154
0.001900
0.003217
0.004008
0.003289
0.001911
0.001184
0.000794
-0.000105
-0.000925
-0.001006
-0.000753
-0.000071
0.000773
0.000615
-0.000141
-0.000370
-0.000180
0.000540
0.002132
0.003602
0.004311
0.004869
0.004597
0.002443
0.000043
-0.000655
-0.000323
0.000281
0.001388
0.002030
0.001390
0.000146
-0.001192
-0.002188
-0.002049
-0.000787
0.000449
0.001033
0.001244
0.000542
-0.000872
-0.001185
-0.000543
-0.000484
-0.000878
-0.001482
-0.002969
-0.005022
-0.005914
-0.004563
-0.002256
-0.000621
0.000706
0.002462
0.003959
0.004018
0.002682
0.000998
-0.000482
-0.001574
-0.001727
-0.001134
-0.000990
-0.001392
-0.001667
-0.002273
-0.003364
-0.003562
-0.002520
-0.001798
-0.001910
-0.001985
-0.001911
-0.001833
-0.001325
-0.000131
0.001315
0.002175
0.002050
0.001317
0.000590
-0.000077
-0.000935
-0.001529
-0.001643
-0.001916
-0.002520
-0.003331
-0.004210
-0.004279
-0.003121
-0.002073
-0.002260
-0.002594
-0.001735
-0.000289
0.000622
0.000903
0.000753
0.000221
-0.000295
-0.000563
-0.000564
0.000101
0.001194
0.001652
0.001165
0.000263
-0.000894
-0.002201
-0.003250
-0.003935
-0.003906
-0.002914
-0.001515
-0.000421
-0.000297
-0.000749
-0.000507
0.000183
0.000320
0.000104
0.000053
-0.000018
-0.000696
-0.001623
-0.001823
-0.001818
-0.002316
-0.002565
-0.002179
-0.001865
-0.002012
-0.002240
-0.002238
-0.002111
-0.001761
-0.000635
0.001133
0.002498
0.003262
0.003935
0.004345
0.004421
0.004490
0.003944
0.001975
-0.000359
-0.001461
-0.001682
-0.001748
-0.001130
0.000355
0.001727
0.002001
0.001534
0.001533
0.001864
0.001387
0.000375
-0.000136
-0.000392
-0.000748
-0.000698
-0.000734
-0.001782
-0.003076
-0.003835
-0.004466
-0.004780
-0.004248
-0.003332
-0.002722
-0.002241
-0.001451
-0.000869
-0.000737
-0.000329
-0.000213
-0.000882
-0.000617
0.000538
0.000750
0.000849
0.001819
0.002634
0.003171
0.003850
0.004151
0.003843
0.003304
0.002462
0.001143
-0.000092
-0.000911
-0.001516
-0.001628
-0.001330
-0.001438
-0.001874
-0.001754
-0.001181
-0.001087
-0.001238
-0.001036
-0.000984
-0.000821
0.000027
0.000723
0.001193
0.002119
0.002725
0.002315
0.001513
0.001034
0.001186
0.001891
0.002550
0.002516
0.002014
0.001465
0.000483
-0.000654
-0.000721
0.000261
0.001337
0.002523
0.003654
0.003571
0.002484
0.001369
-0.000314
-0.002291
-0.002913
-0.002539
-0.002816
-0.003503
-0.003614
-0.003617
-0.003635
-0.002675
-0.000751
0.001165
0.002455
0.003134
0.003414
0.003226
0.002649
0.001980
0.000982
-0.000306
-0.000681
-0.000006
-0.000015
-0.000987
-0.001595
-0.002060
-0.002669
-0.002434
-0.001590
-0.000762
0.000055
0.000169
-0.000620
-0.001583
-0.002553
-0.003501
-0.003970
-0.003753
-0.003296
-0.003213
-0.003380
-0.003422
-0.003278
-0.002742
-0.002050
-0.001681
-0.001375
-0.000979
-0.000986
-0.001294
-0.001056
-0.000320
-0.000105
-0.000945
-0.002327
-0.003196
-0.003156
-0.002592
-0.001655
-0.000649
-0.000218
-0.000337
-0.000586
-0.000839
-0.001171
-0.001476
-0.001176
-0.000190
0.000406
0.000136
-0.000141
-0.000162
-0.000448
-0.000682
-0.000167
0.000701
0.001119
0.001093
0.000783
0.000404
0.000684
0.000985
-0.000055
-0.001494
-0.002076
-0.002454
-0.003057
-0.003346
-0.003389
-0.003738
-0.004008
-0.003498
-0.002416
-0.001412
-0.000787
-0.000347
0.000026
0.000372
0.000782
0.000890
0.000503
-0.000000
-0.000560
-0.001238
-0.001465
-0.001072
-0.000673
-0.000011
0.001266
0.002015
0.001727
0.001451
0.001508
0.001548
0.001887
0.002526
0.002559
0.001234
-0.000595
-0.001305
-0.001117
-0.000655
0.000521
0.002005
0.003102
0.003597
0.003290
0.002975
0.003324
0.003494
0.003573
0.004609
0.005571
0.005463
0.005377
0.005100
0.003679
0.002298
0.001769
0.001702
0.002443
0.003673
0.004224
0.004062
0.003510
0.002518
0.001226
-0.000098
-0.001099
-0.001743
-0.002178
-0.002085
-0.001240
-0.000337
-0.000385
-0.001249
-0.002116
-0.002772
-0.003323
-0.003746
-0.003672
-0.003007
-0.002551
-0.002525
-0.002339
-0.002074
-0.002135
-0.002433
-0.002874
-0.003190
-0.002449
-0.000581
0.001391
0.002916
0.003649
0.004092
0.005291
0.006144
0.005440
0.004520
0.004168
0.003323
0.002020
0.001165
0.000726
0.000852
0.001683
0.002557
0.003114
0.003121
0.002126
0.000507
-0.000497
-0.000713
-0.001090
-0.001256
-0.000534
-0.000017
-0.000471
-0.001080
-0.001196
-0.001262
-0.001471
-0.000653
0.001065
0.001685
0.001421
0.001506
0.000926
-0.000602
-0.001366
-0.000940
-0.000413
-0.000519
-0.001139
-0.001389
-0.000965
-0.000635
-0.000356
0.000749
0.002447
0.003906
0.005136
0.005948
0.005618
0.004252
0.002725
0.001794
0.001238
0.000424
-0.000259
-0.000533
-0.000848
-0.000802
-0.000190
-0.000149
-0.000698
-0.000806
-0.000898
-0.001301
-0.001008
-0.000089
0.000535
0.001174
0.002200
0.002855
0.002637
0.002022
0.001703
0.001793
0.002185
0.003324
0.004969
0.006122
0.006902
0.007233
0.006540
0.005774
0.005244
0.004144
0.003409
0.003829
0.004249
0.004065
0.003987
0.004084
0.003430
0.001936
0.000615
-0.000006
-0.000311
-0.000612
-0.000703
-0.000545
-0.000256
0.000333
0.001189
0.001842
0.001726
0.000736
-0.000552
-0.001736
-0.002859
-0.003480
-0.003285
-0.003034
-0.003060
-0.002883
-0.002377
-0.001739
-0.001268
-0.000980
-0.000492
0.000155
0.000196
-0.000703
-0.001710
-0.002119
-0.002186
-0.002279
-0.002500
-0.002796
-0.002847
-0.002722
-0.002778
-0.002384
-0.000916
0.000981
0.002386
0.002887
0.002990
0.003158
0.002867
0.002398
0.002250
0.001343
-0.000198
-0.000643
-0.000685
-0.001552
-0.001777
-0.000660
0.000443
0.000694
0.000311
-0.000202
-0.000974
-0.002103
-0.002700
-0.002503
-0.002369
-0.002308
-0.001524
-0.000431
0.000183
0.000704
0.001157
0.001154
0.001284
0.001747
0.001979
0.002239
0.002843
0.003259
0.003413
0.003577
0.003762
0.004115
0.004336
0.004011
0.003202
0.001895
0.000693
0.000404
0.000140
-0.001170
-0.002486
-0.002934
-0.003639
-0.004662
-0.004612
-0.004016
-0.004248
-0.004833
-0.004977
-0.005111
-0.005472
-0.005712
-0.005871
-0.005804
-0.005131
-0.004225
-0.003538
-0.002852
-0.002090
-0.001496
-0.001361
-0.001798
-0.002046
-0.001452
-0.000547
0.000151
0.000544
0.000218
-0.000882
-0.001960
-0.002867
-0.003902
-0.004183
-0.003747
-0.004108
-0.004935
-0.005136
-0.005222
-0.005690
-0.005927
-0.005447
-0.004851
-0.004552
-0.004073
-0.003671
-0.003727
-0.003682
-0.003664
-0.003839
-0.003369
-0.002371
-0.001897
-0.002144
-0.002352
-0.002131
-0.001861
-0.001342
-0.000318
0.000161
-0.000499
-0.001578
-0.002514
-0.002980
-0.003026
-0.003166
-0.003376
-0.003384
-0.003047
-0.002494
-0.002353
-0.002685
-0.002971
-0.003033
-0.002938
-0.002939
-0.003214
-0.003508
-0.003521
-0.003412
-0.003323
-0.002695
-0.001303
0.000107
0.001082
0.001792
0.002388
0.002844
0.002650
0.001107
-0.001272
-0.002996
-0.003510
-0.003553
-0.003917
-0.003933
-0.002573
-0.000496
0.001716
0.004180
0.006248
0.007364
0.007528
0.007032
0.006748
0.006704
0.005201
0.001549
-0.002589
-0.006001
-0.008469
-0.009025
-0.007266
-0.004595
-0.002582
-0.001312
-0.000011
0.001028
0.000974
-0.000239
-0.002092
-0.003244
-0.002785
-0.001560
-0.000737
-0.000670
-0.000964
-0.001350
-0.002137
-0.002993
-0.003207
-0.002850
-0.002146
-0.000850
0.001321
0.003858
0.005483
0.005437
0.004054
0.002194
0.000678
-0.000221
-0.000910
-0.001552
-0.001633
-0.000681
0.000883
0.001779
0.001678
0.001318
0.000911
0.000926
0.002047
0.003841
0.005404
0.006220
0.006243
0.005672
0.004440
0.002632
0.001043
0.000174
-0.000076
0.000273
0.000899
0.001607
0.002535
0.003266
0.003949
0.005110
0.005217
0.003117
0.000830
-0.000409
-0.001617
-0.002654
-0.003165
-0.004052
-0.004863
-0.004765
-0.005102
-0.006074
-0.005740
-0.004580
-0.004292
-0.004091
-0.003269
-0.002738
-0.002666
-0.002298
-0.001306
-0.000055
0.000770
0.001135
0.001735
0.002537
0.002943
0.003121
0.003338
0.003408
0.003407
0.003344
0.003010
0.002733
0.002736
0.002678
0.002714
0.003039
0.003200
0.003130
0.002985
0.002557
0.002117
0.002229
0.002736
0.003221
0.003592
0.003639
0.003173
0.002584
0.002319
0.002279
0.002552
0.003493
0.004566
0.004835
0.004274
0.003318
0.002015
0.000484
-0.000416
-0.000084
0.000679
0.000903
0.000742
0.000513
-0.000028
-0.000797
-0.001240
-0.001447
-0.001843
-0.002090
-0.001828
-0.001613
-0.001837
-0.001919
-0.001591
-0.001604
-0.002205
-0.002118
-0.000615
0.000879
0.001301
0.001678
0.002539
0.002903
0.002775
0.002993
0.003384
0.003551
0.003782
0.004616
0.005685
0.005958
0.005812
0.005877
0.005178
0.003375
0.001387
-0.000341
-0.001495
-0.001779
-0.001375
-0.000503
0.000385
0.000718
0.000665
0.000770
0.001260
0.002121
0.002687
0.002718
0.003391
0.004739
0.005222
0.004354
0.003095
0.002337
0.001887
0.001310
0.000910
0.001001
0.001205
0.001079
0.000431
-0.000857
-0.002283
-0.003144
-0.003541
-0.003665
-0.003398
-0.002880
-0.002427
-0.002420
-0.002784
-0.002937
-0.002917
-0.002867
-0.002477
-0.001954
-0.001793
-0.001886
-0.001906
-0.001909
-0.001723
-0.001173
-0.000895
-0.001040
-0.000964
-0.000763
-0.000875
-0.001073
-0.001004
-0.000511
0.000434
0.001401
0.001985
0.002285
0.002162
0.001332
0.000365
-0.000051
-0.000306
-0.000964
-0.001916
-0.002728
-0.002821
-0.002035
-0.000775
0.000581
0.001479
0.001304
0.000344
-0.000433
-0.000632
-0.000493
-0.000110
0.000432
0.001035
0.001754
0.002258
0.002393
0.002315
0.001364
-0.000616
-0.002142
-0.002473
-0.002473
-0.002299
-0.001353
-0.000248
0.000220
0.000565
0.000955
0.000718
0.000023
-0.000711
-0.001873
-0.003217
-0.003676
-0.003040
-0.001649
0.000591
0.003171
0.004533
0.004305
0.003603
0.002442
0.000835
0.000298
0.000863
0.001008
0.000743
0.000554
0.000011
-0.000636
-0.000963
-0.001248
-0.001300
-0.001001
-0.000977
-0.001413
-0.001809
-0.001830
-0.001486
-0.000797
0.000010
0.000393
0.000200
-0.000041
0.000161
0.000524
0.000656
0.000841
0.001008
0.000778
0.000640
0.000984
0.001516
0.002089
0.002454
0.002482
0.002371
0.002003
0.001542
0.001251
0.000965
0.001107
0.001986
0.002820
0.003348
0.003973
0.004252
0.003855
0.003372
0.003067
0.002602
0.001710
0.000710
0.000376
0.000753
0.000953
0.000593
0.000229
-0.000091
-0.000969
-0.002017
-0.002534
-0.002655
-0.002332
-0.001538
-0.000587
0.000306
0.000388
-0.000460
-0.000960
-0.000921
-0.001203
-0.001679
-0.002047
-0.002484
-0.002945
-0.003288
-0.003374
-0.002988
-0.002316
-0.001836
-0.001723
-0.001975
-0.002587
-0.003370
-0.003776
-0.003502
-0.002831
-0.001866
-0.000666
0.000571
0.001601
0.001935
0.001617
0.001097
0.000585
0.000414
0.000598
0.000924
0.001496
0.002195
0.002782
0.003069
0.002836
0.002297
0.001702
0.000943
0.000291
0.000022
-0.000215
-0.000416
-0.000405
-0.000727
-0.001777
-0.002880
-0.003239
-0.003488
-0.004219
-0.004389
-0.003770
-0.003474
-0.003538
-0.003140
-0.001865
0.000130
0.002111
0.003414
0.003754
0.002951
0.001475
0.000323
-0.000190
-0.000545
-0.000574
0.000323
0.001231
0.000967
0.000383
0.000757
0.001717
0.002399
0.002724
0.002415
0.000997
-0.000802
-0.001726
-0.001573
-0.000701
0.000670
0.001980
0.002856
0.003610
0.004172
0.004253
0.004415
0.004768
0.004449
0.003668
0.003199
0.002795
0.002395
0.002353
0.002409
0.002418
0.002768
0.003554
0.004396
0.004995
0.005286
0.005100
0.004242
0.003064
0.002158
0.001379
0.000427
-0.000559
-0.001771
-0.003369
-0.004681
-0.005047
-0.004753
-0.004219
-0.003460
-0.003014
-0.003286
-0.003460
-0.003057
-0.003036
-0.003983
-0.005131
-0.005924
-0.006470
-0.006532
-0.005910
-0.004900
-0.003999
-0.003570
-0.003074
-0.001956
-0.001002
-0.000819
-0.000705
-0.000355
-0.000270
0.000248
0.002070
0.003899
0.004726
0.005393
0.005852
0.005192
0.003584
0.001856
0.000911
0.000774
0.000451
0.000142
0.000444
0.000308
-0.000734
-0.001499
-0.001707
-0.002100
-0.002585
-0.002808
-0.002857
-0.002765
-0.002813
-0.003080
-0.003079
-0.002710
-0.002225
-0.001957
-0.002005
-0.001575
-0.000242
0.000953
0.001327
0.001392
0.001331
0.000754
0.000012
0.000158
0.001091
0.001826
0.002279
0.002413
0.001827
0.001153
0.001298
0.002062
0.002716
0.003057
0.003201
0.002882
0.002197
0.001779
0.001790
0.002283
0.002877
0.002618
0.001830
0.001230
0.000177
-0.001109
-0.001186
-0.000387
0.000029
0.000366
0.001093
0.001607
0.001644
0.001524
0.001217
0.000580
0.000136
0.000442
0.000658
0.000048
-0.000444
-0.000151
0.000357
0.000651
0.001129
0.001899
0.002315
0.002398
0.002561
0.002439
0.001907
0.001467
0.001136
0.001005
0.001612
0.002502
0.002575
0.002000
0.001559
0.001025
0.000167
-0.000383
-0.000122
0.000724
0.001387
0.001358
0.000935
0.000427
-0.000554
-0.002241
-0.003911
-0.005100
-0.005896
-0.005838
-0.004973
-0.004012
-0.002920
-0.001718
-0.000931
-0.000654
-0.000512
-0.000181
0.000136
0.000019
-0.000577
-0.001400
-0.002019
-0.002226
-0.002122
-0.001557
-0.000678
0.000038
0.000662
0.001045
0.000851
0.000485
-0.000039
-0.001125
-0.002104
-0.002311
-0.002342
-0.002596
