-0.000476
-0.000635
-0.000690
-0.000493
-0.000504
-0.000495
-0.000482
-0.000468
-0.000454
-0.000442
-0.000434
-0.000429
-0.000422
-0.000405
-0.000382
-0.000360
-0.000345
-0.000340
-0.000351
-0.000370
-0.000378
-0.000353
-0.000299
-0.000251
-0.000238
-0.000255
-0.000277
-0.000278
-0.000254
-0.000229
-0.000236
-0.000270
-0.000303
-0.000316
-0.000296
-0.000233
-0.000145
-0.000086
-0.000090
-0.000133
-0.000188
-0.000254
-0.000335
-0.000407
-0.000403
-0.000265
-0.000008
0.000276
0.000510
0.000725
0.000980
0.001203
0.001258
0.001124
0.000907
0.000660
0.000310
-0.000216
-0.000876
-0.001575
-0.002240
-0.002740
-0.002762
-0.002086
-0.000915
0.000306
0.001242
0.001779
0.002024
0.002178
0.002220
0.001859
0.000969
-0.000225
-0.001366
-0.001848
-0.000898
0.001581
0.004563
0.006383
0.006156
0.004876
0.004117
0.004071
0.003798
0.002681
0.000896
-0.001038
-0.002607
-0.003582
-0.003843
-0.002669
0.000591
0.004910
0.007555
0.006364
0.002048
-0.002368
-0.004148
-0.003336
-0.002579
-0.004033
-0.006594
-0.006591
-0.002652
0.001922
0.003695
0.003017
0.002141
0.001933
0.001484
0.000201
-0.000677
0.000666
0.003914
0.006282
0.005748
0.003315
0.000736
-0.001468
-0.002973
-0.003895
-0.005440
-0.007904
-0.009370
-0.008361
-0.006183
-0.004726
-0.003383
-0.000055
0.005585
0.010547
0.010585
0.004623
-0.004241
-0.012289
-0.018112
-0.021583
-0.021093
-0.015010
-0.005037
0.004331
0.008702
0.006993
0.002446
-0.000670
-0.001005
-0.000343
-0.000827
-0.003070
-0.006122
-0.008698
-0.010684
-0.012933
-0.015584
-0.017055
-0.015563
-0.011143
-0.005257
0.000366
0.005233
0.010727
0.017609
0.024131
0.028957
0.032662
0.033901
0.030489
0.025068
0.024209
0.031250
0.043234
0.055136
0.064292
0.071135
0.077549
0.085007
0.093718
0.100548
0.098610
0.084406
0.062858
0.041843
0.025283
0.012052
-0.001177
-0.016702
-0.034556
-0.052980
-0.066827
-0.068205
-0.054881
-0.033996
-0.014640
-0.000617
0.009909
0.018321
0.020866
0.014205
0.001421
-0.012326
-0.024947
-0.035635
-0.043667
-0.050011
-0.056635
-0.064668
-0.072925
-0.076546
-0.070869
-0.057677
-0.043242
-0.031883
-0.023747
-0.017855
-0.015245
-0.016661
-0.018839
-0.016518
-0.008105
0.002504
0.008174
0.003946
-0.006860
-0.016448
-0.022850
-0.030487
-0.042388
-0.057296
-0.072528
-0.086588
-0.097663
-0.100641
-0.091559
-0.074358
-0.058808
-0.051871
-0.051735
-0.052517
-0.053260
-0.057412
-0.066043
-0.076588
-0.086409
-0.094706
-0.102627
-0.107900
-0.084945
-0.004031
0.105330
0.174439
0.176872
0.141008
0.106726
0.092162
0.092909
0.098955
0.102473
0.096538
0.078633
0.053888
0.030124
0.011598
-0.001510
-0.010646
-0.018374
-0.028595
-0.044033
-0.063587
-0.083093
-0.092947
-0.079578
-0.043045
-0.005424
0.011120
0.006036
-0.006675
-0.014985
-0.011894
0.005824
0.033860
0.061080
0.076232
0.078091
0.080609
0.095996
0.115345
0.119839
0.104727
0.080781
0.059617
0.045125
0.034654
0.023800
0.010174
-0.005801
-0.022285
-0.037894
-0.049150
-0.041599
-0.006189
0.033252
0.044779
0.025850
0.000323
-0.003124
0.019638
0.041706
0.041457
0.024369
0.006287
-0.005424
-0.013105
-0.021152
-0.031651
-0.044153
-0.057195
-0.069534
-0.077004
-0.071374
-0.049948
-0.020769
0.005750
0.025231
0.040100
0.054811
0.068058
0.071844
0.062440
0.045916
0.030705
0.020276
0.012859
0.005957
-0.000524
-0.006499
-0.013502
-0.022390
-0.032271
-0.041347
-0.045445
-0.038985
-0.021780
-0.000776
0.014723
0.018098
0.010439
-0.000425
-0.006582
-0.004395
0.004303
0.013483
0.016986
0.013355
0.006339
0.000611
-0.000519
0.004463
0.012257
0.015155
0.008817
-0.003312
-0.014857
-0.022469
-0.026934
-0.030823
-0.033494
-0.029699
-0.018556
-0.008005
-0.004181
-0.004009
-0.001342
0.005916
0.015747
0.025272
0.032823
0.037035
0.036252
0.030977
0.024315
0.019149
0.016571
0.016060
0.015923
0.014100
0.009484
0.002898
-0.003712
-0.009119
-0.013608
-0.017422
-0.018147
-0.012648
-0.002860
0.004264
0.004331
0.000699
0.000356
0.006142
0.014191
0.017461
0.012301
0.001590
-0.008994
-0.014386
-0.011242
-0.001347
0.007621
0.008795
0.002670
-0.004273
-0.006009
-0.001703
0.005122
0.010468
0.011736
0.008067
0.001088
-0.006105
-0.011549
-0.015243
-0.018305
-0.021123
-0.021466
-0.016719
-0.007852
0.000303
0.002292
-0.003041
-0.011510
-0.017937
-0.019163
-0.014532
-0.006497
0.000427
0.002843
0.001288
-0.000543
-0.000003
0.002003
0.002782
0.001229
-0.001500
-0.003500
-0.003447
-0.001409
0.000851
0.000484
-0.003725
-0.009976
-0.015584
-0.019262
-0.020367
-0.017011
-0.008176
0.003351
0.011544
0.010979
0.002090
-0.009214
-0.017327
-0.019244
-0.014028
-0.003982
0.006164
0.011673
0.009479
0.000809
-0.009368
-0.015873
-0.015493
-0.009215
-0.002133
0.002059
0.004804
0.009391
0.015477
0.018514
0.015325
0.007792
0.001355
0.001547
0.009431
0.020431
0.027580
0.026014
0.016858
0.005788
-0.002527
-0.007444
-0.010669
-0.012204
-0.009805
-0.003707
0.001070
-0.000348
-0.007422
-0.015165
-0.017814
-0.012429
-0.001297
0.009979
0.015939
0.013945
0.006212
-0.002079
-0.007291
-0.008857
-0.007917
-0.006414
-0.006327
-0.008204
-0.010798
-0.012597
-0.013086
-0.012599
-0.011381
-0.009139
-0.006186
-0.003587
-0.001594
-0.000121
-0.000111
-0.002401
-0.006249
-0.010034
-0.011859
-0.009801
-0.004085
0.002287
0.006273
0.006996
0.005830
0.005177
0.006283
0.008260
0.009596
0.009716
0.009021
0.008134
0.007294
0.006380
0.005278
0.003900
0.002146
0.000547
0.000330
0.002058
0.004356
0.004593
0.001634
-0.002864
-0.006328
-0.007459
-0.006797
-0.005525
-0.003919
-0.002286
-0.002135
-0.004327
-0.007823
-0.010343
-0.009634
-0.005470
-0.000092
0.003861
0.005155
0.003846
0.000321
-0.004727
-0.009403
-0.011110
-0.008641
-0.003190
0.002696
0.007053
0.009505
0.010591
0.010821
0.010340
0.008648
0.005292
0.001600
0.000206
0.002038
0.005206
0.007343
0.008162
0.008968
0.010664
0.013036
0.014880
0.014112
0.009072
0.000550
-0.008815
-0.016471
-0.019665
-0.016569
-0.009812
-0.005293
-0.006618
-0.012376
-0.017899
-0.018746
-0.014149
-0.007531
-0.002831
-0.001211
-0.001209
-0.000843
0.000771
0.003299
0.005788
0.006943
0.005648
0.002159
-0.002092
-0.005976
-0.009271
-0.011641
-0.011776
-0.008973
-0.004439
-0.000455
0.000980
0.000019
-0.000809
0.000538
0.003534
0.005660
0.004792
0.001298
-0.002513
-0.004327
-0.003298
-0.000455
0.002355
0.004083
0.005103
0.006025
0.006642
0.006799
0.006842
0.006693
0.005793
0.004097
0.002590
0.002580
0.003975
0.004995
0.004235
0.002022
-0.000095
-0.000832
-0.000495
-0.000544
-0.001826
-0.003578
-0.004090
-0.002405
0.000781
0.003969
0.005860
0.006026
0.005470
0.005706
0.007206
0.009130
0.010081
0.009175
0.006627
0.003729
0.002075
0.001853
0.001691
0.000673
-0.000571
-0.000901
-0.000180
0.000702
0.000950
0.000522
-0.000022
-0.000031
0.000531
0.000709
-0.000523
-0.003103
-0.005888
-0.007073
-0.005264
-0.000972
0.003715
0.006753
0.007366
0.006491
0.005555
0.004704
0.003092
0.000742
-0.000671
0.000431
0.003318
0.005691
0.005978
0.004180
0.001364
-0.001102
-0.002307
-0.002468
-0.002870
-0.004671
-0.007778
-0.011012
-0.012614
-0.011307
-0.007833
-0.004770
-0.004513
-0.007185
-0.010333
-0.010875
-0.007855
-0.003336
-0.000299
-0.000116
-0.001962
-0.003763
-0.003768
-0.001954
0.000163
0.001243
0.001376
0.001571
0.002441
0.003412
0.003315
0.001778
-0.000491
-0.002636
-0.004395
-0.005854
-0.006985
-0.007795
-0.008489
-0.009144
-0.009229
-0.007936
-0.005218
-0.001927
0.001115
0.003378
0.004145
0.002694
-0.000672
-0.004030
-0.005392
-0.004747
-0.003571
-0.003119
-0.003647
-0.004643
-0.005440
-0.005539
-0.004698
-0.002961
-0.000573
0.002247
0.005171
0.007420
0.008264
0.007791
0.006726
0.005676
0.004563
0.002937
0.000921
-0.000805
-0.001872
-0.002103
-0.000789
0.002422
0.006201
0.008512
0.008104
0.004911
0.000465
-0.002378
-0.001982
0.000292
0.002209
0.003096
0.003461
0.003558
0.002946
0.001393
-0.000647
-0.002668
-0.004129
-0.004275
-0.002806
-0.000190
0.002740
0.005305
0.007123
0.007644
0.006042
0.002061
-0.003061
-0.006538
-0.005916
-0.001636
0.003303
0.006069
0.005865
0.003552
0.000258
-0.003150
-0.005606
-0.005474
-0.001897
0.003552
0.007907
0.009187
0.007402
0.003994
0.000531
-0.001943
-0.002794
-0.002064
-0.000646
0.000378
0.000563
0.000238
-0.000019
0.000101
0.000559
0.001178
0.002111
0.003790
0.005770
0.006636
0.005397
0.002327
-0.001196
-0.003670
-0.004213
-0.002862
-0.000919
-0.000010
-0.000592
-0.001919
-0.003065
-0.003728
-0.004040
-0.003925
-0.003045
-0.001446
-0.000276
-0.001048
-0.003887
-0.007255
-0.009212
-0.008669
-0.005895
-0.002471
-0.000507
-0.000975
-0.002873
-0.004058
-0.002886
0.000269
0.003567
0.005367
0.004871
0.002570
-0.000007
-0.001453
-0.001184
0.000406
0.002351
0.003898
0.004853
0.005474
0.006103
0.006707
0.006934
0.006594
0.005789
0.004561
0.002853
0.000918
-0.000631
-0.001426
-0.001820
-0.002512
-0.003670
-0.004581
-0.004226
-0.002237
0.000846
0.004268
0.007392
0.009275
0.008919
0.006148
0.001733
-0.002754
-0.005135
-0.004099
-0.000703
0.002472
0.003591
0.002546
0.000337
-0.001874
-0.003277
-0.003235
-0.001334
0.001660
0.003864
0.004041
0.002358
-0.000285
-0.002643
-0.003484
-0.002490
-0.000562
0.001091
0.001940
0.002178
0.002147
0.002261
0.002974
0.004131
0.004898
0.004584
0.003284
0.001844
0.001181
0.001613
0.002479
0.002488
0.001142
-0.000607
-0.001530
-0.001156
0.000232
0.001822
0.002661
0.002347
0.001321
0.000412
0.000145
0.000523
0.001199
0.001779
0.002060
0.001936
0.001227
-0.000243
-0.002553
-0.005349
-0.007166
-0.006304
-0.003012
0.000762
0.003517
0.004742
0.004286
0.002374
-0.000400
-0.003297
-0.005593
-0.007050
-0.007904
-0.008239
-0.007745
-0.006239
-0.004127
-0.002086
-0.000455
0.000648
0.000985
0.000528
-0.000329
-0.000948
-0.000556
0.001092
0.003016
0.003855
0.002772
-0.000070
-0.003077
-0.004478
-0.003862
-0.001969
-0.000001
0.000837
0.000330
-0.000403
-0.000051
0.001458
0.002922
0.003486
0.003543
0.003883
0.004731
0.005736
0.006173
0.005074
0.002088
-0.001639
-0.004052
-0.003821
-0.000996
0.003478
0.007977
0.010374
0.009330
0.005742
0.001972
-0.000143
-0.000274
0.000767
0.001854
0.001906
0.000432
-0.001785
-0.003075
-0.002370
-0.000270
0.001429
0.001395
-0.000033
-0.001511
-0.002105
-0.001730
-0.000668
0.000960
0.002800
0.003819
0.003330
0.001936
0.000768
0.000465
0.001012
0.001962
0.002791
0.003200
0.002991
0.001791
-0.000596
-0.003430
-0.005426
-0.006050
-0.005767
-0.005348
-0.005242
-0.005312
-0.005041
-0.004231
-0.003683
-0.004448
-0.006310
-0.008117
-0.009043
-0.008534
-0.006108
-0.002323
0.000817
0.001517
-0.000097
-0.002469
-0.003908
-0.003500
-0.001842
-0.000515
-0.000250
-0.000092
0.001107
0.003027
0.004336
0.004179
0.002591
0.000154
-0.001854
-0.002025
-0.000351
0.001652
0.002405
0.001590
0.000286
-0.000078
0.000821
0.001949
0.002282
0.001851
0.001353
0.001134
0.000827
0.000102
-0.000736
-0.001241
-0.001337
-0.001048
-0.000177
0.001377
0.003057
0.003898
0.003520
0.002425
0.001396
0.000968
0.001304
0.002156
0.002871
0.002492
0.000510
-0.002213
-0.004097
-0.004378
-0.003313
-0.001448
0.000376
0.001076
0.000217
-0.001644
-0.003462
-0.004126
-0.002852
0.000038
0.002903
0.004103
0.003421
0.001808
0.000244
-0.000740
-0.000996
-0.000729
-0.000358
-0.000219
-0.000408
-0.000868
-0.001560
-0.002553
-0.003809
-0.004654
-0.004153
-0.002354
-0.000354
0.000673
0.000125
-0.001693
-0.003736
-0.004940
-0.004832
-0.003681
-0.002203
-0.001114
-0.000822
-0.001297
-0.002157
-0.002955
-0.003426
-0.003445
-0.002964
-0.002102
-0.001071
0.000017
0.001051
0.001727
0.001790
0.001332
0.000541
-0.000596
-0.001904
-0.002756
-0.002764
-0.002134
-0.001129
0.000295
0.002041
0.003454
0.003897
0.003487
0.002860
0.002490
0.002432
0.002393
0.001898
0.000624
-0.001145
-0.002447
-0.002266
-0.000266
0.002879
0.005699
0.006810
0.005987
0.004285
0.002960
0.002500
0.002670
0.003153
0.003923
0.004882
0.005526
0.005402
0.004631
0.003513
0.002044
0.000465
-0.000566
-0.000792
-0.000508
-0.000045
0.000376
0.000542
0.000317
-0.000128
-0.000439
-0.000438
-0.000277
-0.000219
-0.000357
-0.000563
-0.000631
-0.000462
-0.000188
-0.000095
-0.000394
-0.001064
-0.001895
-0.002623
-0.002901
-0.002356
-0.001118
-0.000057
-0.000006
-0.000902
-0.002019
-0.002671
-0.002536
-0.001642
-0.000368
0.000602
0.000701
-0.000012
-0.000939
-0.001383
-0.000838
0.000490
0.001568
0.001619
0.000901
0.000187
-0.000003
0.000447
0.001413
0.002506
0.003182
0.003351
0.003456
0.003704
0.003748
0.003258
0.002356
0.001412
0.000737
0.000477
0.000638
0.001010
0.001159
0.000782
0.000026
-0.000718
-0.001187
-0.001354
-0.001309
-0.001131
-0.000786
-0.000058
0.001152
0.002295
0.002397
0.001048
-0.001271
-0.003644
-0.004819
-0.003851
-0.001461
0.000524
0.001058
0.000442
-0.000402
-0.000812
-0.000704
-0.000352
-0.000046
-0.000150
-0.001145
-0.002912
-0.004477
-0.004965
-0.004329
-0.003019
-0.001347
0.000504
0.002052
0.002689
0.002253
0.001200
0.000232
-0.000331
-0.000758
-0.001365
-0.001897
-0.001660
-0.000360
0.001304
0.002161
0.001675
0.000382
-0.000754
-0.001160
-0.000840
-0.000129
0.000507
0.000652
0.000256
-0.000342
-0.000778
-0.000906
-0.000718
-0.000267
0.000226
0.000496
0.000451
0.000176
-0.000189
-0.000545
-0.000852
-0.001092
-0.001133
-0.000695
0.000390
0.001889
0.003225
0.003731
0.002952
0.001043
-0.001081
-0.002340
-0.002261
-0.001149
0.000234
0.001204
0.001573
0.001534
0.001206
0.000514
-0.000447
-0.001241
-0.001520
-0.001358
-0.001060
-0.000853
-0.000668
-0.000179
0.000769
0.001878
0.002610
0.002513
0.001387
-0.000456
-0.002059
-0.002486
-0.001619
-0.000193
0.000792
0.000800
0.000018
-0.000961
-0.001605
-0.001722
-0.001409
-0.000737
0.000221
0.001093
0.001454
0.001272
0.000867
0.000559
0.000446
0.000461
0.000473
0.000294
-0.000203
-0.001013
-0.001974
-0.002785
-0.003214
-0.003196
-0.002731
-0.001797
-0.000531
0.000409
0.000301
-0.000683
-0.001579
-0.001568
-0.000661
0.000481
0.001153
0.000973
0.000053
-0.001055
-0.001746
-0.001755
-0.001240
-0.000514
0.000285
0.001206
0.002079
0.002374
0.001754
0.000542
-0.000539
-0.000886
-0.000465
0.000081
-0.000018
-0.001010
-0.002471
-0.003539
-0.003471
-0.002314
-0.000761
0.000615
0.001640
0.002241
0.002272
0.001725
0.000739
-0.000607
-0.002073
-0.003203
-0.003619
-0.003174
-0.001931
-0.000155
0.001558
0.002491
0.002355
0.001473
0.000433
-0.000310
-0.000413
0.000254
0.001296
0.001939
0.001640
0.000689
0.000080
0.000582
0.002033
0.003502
0.004100
0.003833
0.003435
0.003277
0.002841
0.001524
-0.000223
-0.001112
-0.000499
0.000980
0.002163
0.002296
0.001442
0.000301
-0.000436
-0.000568
-0.000293
0.000110
0.000420
0.000531
0.000494
0.000398
0.000243
0.000016
-0.000222
-0.000379
-0.000410
-0.000294
-0.000093
0.000044
0.000024
-0.000209
-0.000657
-0.001171
-0.001547
-0.001710
-0.001744
-0.001736
-0.001659
-0.001444
-0.001095
-0.000760
-0.000799
-0.001460
-0.002116
-0.001600
0.000207
0.002054
0.002679
0.001860
0.000321
-0.000966
-0.001456
-0.001190
-0.000442
0.000560
0.001603
0.002443
0.002830
0.002620
0.001830
0.000623
-0.000671
-0.001624
-0.001940
-0.001549
-0.000584
0.000658
0.001835
0.002615
0.002624
0.001650
-0.000039
-0.001671
-0.002238
-0.001229
0.000830
0.002748
0.003323
0.002086
-0.000237
-0.002282
-0.002973
-0.002196
-0.000783
0.000296
0.000607
0.000278
-0.000278
-0.000637
-0.000615
-0.000277
0.000220
0.000698
0.001075
0.001346
0.001290
0.000530
-0.000794
-0.001769
-0.001598
-0.000576
0.000289
0.000361
-0.000221
-0.000831
-0.000871
-0.000255
0.000498
0.000667
0.000000
-0.001075
-0.001759
-0.001271
0.000535
0.002937
0.005001
0.006052
0.005568
0.003298
-0.000266
-0.003707
-0.005489
-0.005231
-0.003814
-0.002192
-0.000723
0.000332
0.000611
0.000180
-0.000443
-0.000819
-0.000790
-0.000333
0.000355
0.000823
0.000730
0.000137
-0.000609
-0.001148
-0.001155
-0.000417
0.000670
0.001207
0.000757
-0.000231
-0.000931
-0.000698
0.000520
0.001948
0.002563
0.002033
0.000807
-0.000536
-0.001607
-0.002130
-0.002109
-0.001890
-0.001776
-0.001691
-0.001387
-0.000884
-0.000515
-0.000553
-0.000910
-0.001268
-0.001404
-0.001312
-0.001124
-0.000955
-0.000826
-0.000690
-0.000549
-0.000526
-0.000737
-0.001192
-0.001799
-0.002241
-0.001905
-0.000525
0.001218
0.002221
0.001863
0.000418
-0.001213
-0.002248
-0.002480
-0.002169
-0.001758
-0.001493
-0.001196
-0.000543
0.000498
0.001586
0.002123
0.001672
0.000423
-0.001013
-0.001948
-0.001884
-0.000907
0.000431
0.001592
0.002142
0.001789
0.000668
-0.000681
-0.001663
-0.001779
-0.000711
0.001338
0.003542
0.004906
0.004965
0.004039
0.002803
0.001679
0.000689
-0.000203
-0.000904
-0.001357
-0.001570
-0.001494
-0.001110
-0.000524
0.000140
0.000725
0.000902
0.000442
-0.000436
-0.001207
-0.001300
-0.000361
0.001337
0.002982
0.003884
0.003886
0.003258
0.002360
0.001437
0.000627
0.000036
-0.000214
-0.000040
0.000477
0.001113
0.001662
0.002064
0.002406
0.002786
0.003135
0.003187
0.002605
0.001188
-0.000647
-0.001923
-0.002050
-0.001294
-0.000302
0.000495
0.001092
0.001471
0.001048
-0.000818
-0.003665
-0.005695
-0.005234
-0.002478
0.000679
0.002256
0.001649
-0.000130
-0.001609
-0.002127
-0.002077
-0.002159
-0.002568
-0.002748
-0.001977
-0.000351
0.001169
0.001679
0.001099
0.000084
-0.000738
-0.001263
-0.001736
-0.002362
-0.003112
-0.003500
-0.002780
-0.000897
0.001132
0.002016
0.001260
-0.000476
-0.002032
-0.002697
-0.002562
-0.002128
-0.001679
-0.001093
-0.000272
0.000478
0.000687
0.000257
-0.000489
-0.001176
-0.001584
-0.001658
-0.001493
-0.001196
-0.000800
-0.000406
-0.000214
-0.000344
-0.000694
-0.001063
-0.001296
-0.001235
-0.000800
-0.000123
0.000594
0.001222
0.001600
0.001450
0.000673
-0.000341
-0.000993
-0.001029
-0.000636
-0.000151
0.000273
0.000700
0.001081
0.001186
0.000939
0.000500
0.000087
-0.000192
-0.000364
-0.000416
-0.000189
0.000368
0.001034
0.001475
0.001424
0.000878
0.000138
-0.000446
-0.000710
-0.000718
-0.000661
-0.000606
-0.000412
0.000129
0.001280
0.003088
0.004967
0.006028
0.005879
0.004748
0.003106
0.001541
0.000611
0.000416
0.000516
0.000261
-0.000766
-0.002343
-0.003875
-0.004840
-0.004694
-0.003243
-0.001085
0.000753
0.001267
0.000162
-0.001621
-0.002778
-0.002812
-0.002099
-0.001255
-0.000591
-0.000052
0.000506
0.001096
0.001562
0.001696
0.001389
0.000714
-0.000089
-0.000677
-0.000849
-0.000814
-0.000929
-0.001293
-0.001748
-0.001822
-0.000741
0.001579
0.003956
0.004829
0.003376
0.000242
-0.002810
-0.004215
-0.003504
-0.001430
0.000677
0.001744
0.001446
0.000359
-0.000591
-0.000805
-0.000215
0.000728
0.001334
0.001250
0.000702
0.000160
-0.000125
-0.000241
-0.000245
0.000040
0.000667
0.001422
0.002010
0.002186
0.001923
0.001458
0.001021
0.000675
0.000492
0.000736
0.001452
0.002075
0.001944
0.000887
-0.000791
-0.002254
-0.002332
-0.000615
0.001983
0.004017
0.004664
0.004204
0.003378
0.002517
0.001574
0.000536
-0.000517
-0.001543
-0.002476
-0.003139
-0.003314
-0.002818
-0.001704
-0.000440
0.000580
0.001568
0.002811
0.003781
0.003600
0.002295
0.000841
0.000089
0.000107
0.000390
0.000395
-0.000079
-0.000785
-0.001393
-0.001860
-0.002372
-0.003125
-0.004066
-0.004586
-0.003889
-0.001997
0.000203
0.001910
0.002757
0.002461
0.000930
-0.001329
-0.003372
-0.004297
-0.003664
-0.001636
0.001171
0.003915
0.005793
0.006285
0.005245
0.002961
0.000127
-0.002330
-0.003427
-0.002775
-0.001098
0.000354
0.000698
-0.000108
-0.001391
-0.002214
-0.001711
0.000216
0.002330
0.003006
0.001768
-0.000466
-0.002243
-0.002413
-0.000821
0.001515
0.003088
0.002970
0.001487
-0.000232
-0.001190
-0.000915
0.000360
0.001758
0.002412
0.002025
0.000886
-0.000366
-0.001147
-0.001229
-0.000746
-0.000070
0.000444
0.000668
0.000663
0.000568
0.000398
0.000034
-0.000595
-0.001432
-0.002363
-0.003091
-0.002935
-0.001388
0.000990
0.002852
0.003206
0.002103
0.000505
-0.000521
-0.000559
0.000056
0.000649
0.000770
0.000378
-0.000329
-0.001053
-0.001514
-0.001638
-0.001530
-0.001312
-0.001054
-0.000749
-0.000372
0.000045
0.000431
0.000743
0.000970
0.001070
0.000977
0.000727
0.000445
0.000271
0.000343
0.000689
0.001146
0.001467
0.001444
0.001020
0.000392
-0.000101
-0.000260
-0.000117
0.000204
0.000570
0.000857
0.001045
0.001189
0.001235
0.000993
0.000447
-0.000173
-0.000634
-0.000846
-0.000883
-0.000882
-0.000866
-0.000755
-0.000516
-0.000209
0.000021
0.000003
-0.000309
-0.000794
-0.001267
-0.001585
-0.001668
-0.001466
-0.001038
-0.000648
-0.000566
-0.000800
-0.001155
-0.001405
-0.001413
-0.001236
-0.001118
-0.001277
-0.001702
-0.002156
-0.002348
-0.002120
-0.001648
-0.001309
-0.001280
-0.001381
-0.001347
-0.001176
-0.001079
-0.001160
-0.001355
-0.001535
-0.001528
-0.001222
-0.000740
-0.000376
-0.000346
-0.000657
-0.001071
-0.001273
-0.001157
-0.000904
-0.000791
-0.000933
-0.001249
-0.001566
-0.001722
-0.001645
-0.001341
-0.000846
-0.000276
0.000142
0.000197
-0.000125
-0.000634
-0.001121
-0.001384
-0.001192
-0.000427
0.000674
0.001430
0.001310
0.000546
-0.000211
-0.000551
-0.000428
0.000062
0.000689
0.001080
0.001052
0.000865
0.000910
0.001202
0.001375
0.001171
0.000706
0.000258
0.000042
0.000128
0.000417
0.000687
0.000710
0.000409
0.000036
0.000032
0.000556
0.001246
0.001562
0.001281
0.000610
-0.000082
-0.000547
-0.000677
-0.000367
0.000376
0.001179
0.001509
0.001209
0.000593
0.000084
-0.000007
0.000424
0.001183
0.001856
0.002038
0.001644
0.000980
0.000490
0.000511
0.001021
0.001572
0.001703
0.001396
0.001011
0.000893
0.001036
0.001128
0.000940
0.000548
0.000209
0.000098
0.000152
0.000189
0.000109
-0.000040
-0.000117
-0.000009
0.000243
0.000503
0.000674
0.000692
0.000437
-0.000129
-0.000778
-0.001025
-0.000503
0.000544
0.001399
0.001478
0.000776
-0.000202
-0.000816
-0.000638
0.000232
0.001154
0.001423
0.000853
-0.000155
-0.001063
-0.001493
-0.001319
-0.000624
0.000376
0.001106
0.000955
0.000097
-0.000748
-0.001007
-0.000446
0.000684
0.001632
0.001712
0.000915
-0.000231
-0.001115
-0.001249
-0.000411
0.001067
0.002280
0.002422
0.001462
-0.000006
-0.001325
-0.002096
-0.002194
-0.001621
-0.000457
0.000885
0.001636
0.001320
0.000251
-0.000812
-0.001327
-0.001270
-0.000847
-0.000207
0.000430
0.000738
0.000609
0.000267
0.000015
-0.000012
0.000121
0.000294
0.000392
0.000279
-0.000087
-0.000513
-0.000660
-0.000358
0.000220
0.000768
0.001109
0.001251
0.001269
0.001169
0.000938
0.000670
0.000529
0.000559
0.000589
0.000408
0.000007
-0.000426
-0.000734
-0.000790
-0.000390
0.000448
0.001225
0.001363
0.000729
-0.000295
-0.001068
-0.001165
-0.000720
-0.000224
-0.000067
-0.000243
-0.000442
-0.000386
-0.000050
0.000355
0.000537
0.000351
-0.000052
-0.000377
-0.000390
-0.000049
0.000446
0.000779
0.000755
0.000405
-0.000091
-0.000517
-0.000697
-0.000580
-0.000244
0.000165
0.000512
0.000749
0.000866
0.000782
0.000442
-0.000090
-0.000696
-0.001263
-0.001645
-0.001675
-0.001363
-0.000990
-0.000831
-0.000860
-0.000830
-0.000565
-0.000121
0.000319
0.000630
0.000782
0.000767
0.000559
0.000185
-0.000267
-0.000717
-0.001100
-0.001378
-0.001513
-0.001429
-0.001131
-0.000747
-0.000421
-0.000212
-0.000109
-0.000060
0.000005
0.000120
0.000293
0.000536
0.000846
0.001194
0.001513
0.001599
0.001255
0.000559
-0.000215
-0.000812
-0.001037
-0.000779
-0.000170
0.000483
0.000928
0.001009
0.000714
0.000236
-0.000105
-0.000074
0.000294
0.000744
0.001007
0.000923
0.000552
0.000127
-0.000145
-0.000203
-0.000125
-0.000049
-0.000046
-0.000094
-0.000127
-0.000098
0.000007
0.000216
0.000547
0.000922
0.001140
0.001029
0.000666
0.000328
0.000221
0.000340
0.000510
0.000574
0.000512
0.000405
0.000346
0.000373
0.000448
0.000525
0.000602
0.000691
0.000752
0.000731
0.000633
0.000475
0.000218
-0.000145
-0.000546
-0.000856
-0.000926
-0.000692
-0.000268
0.000120
0.000314
0.000345
0.000416
0.000691
0.001029
0.001088
0.000723
0.000111
-0.000457
-0.000717
-0.000504
0.000019
0.000426
0.000458
0.000207
-0.000073
-0.000222
-0.000267
-0.000354
-0.000647
-0.001156
-0.001693
-0.001981
-0.001805
-0.001233
-0.000586
-0.000168
-0.000075
-0.000184
-0.000346
-0.000496
-0.000650
-0.000907
-0.001329
-0.001803
-0.002013
-0.001696
-0.000973
-0.000239
0.000187
0.000132
-0.000409
-0.001186
-0.001841
-0.002108
-0.001924
-0.001492
-0.001105
-0.000900
-0.000830
-0.000803
-0.000768
-0.000753
-0.000831
-0.001008
-0.001179
-0.001251
-0.001195
-0.001013
-0.000743
-0.000431
-0.000082
0.000299
0.000632
0.000745
0.000562
0.000219
-0.000082
-0.000250
-0.000339
-0.000393
-0.000303
0.000069
0.000642
0.001190
0.001546
0.001655
0.001514
0.001171
0.000729
0.000304
-0.000001
-0.000060
0.000231
0.000786
0.001304
0.001491
0.001344
0.001092
0.000939
0.000932
0.000986
0.000983
0.000848
0.000610
0.000417
0.000456
0.000778
0.001243
0.001626
0.001764
0.001626
0.001232
0.000562
-0.000311
-0.000950
-0.000850
-0.000064
0.000893
0.001516
0.001517
0.001037
0.000653
0.000859
0.001544
0.002143
0.002228
0.001837
0.001227
0.000607
0.000165
0.000019
0.000135
0.000388
0.000646
0.000803
0.000752
0.000460
0.000045
-0.000348
-0.000675
-0.000976
-0.001178
-0.001000
-0.000303
0.000549
0.000973
0.000779
0.000309
0.000016
0.000105
0.000487
0.000926
0.001209
0.001219
0.000956
0.000498
-0.000053
-0.000574
-0.000968
-0.001241
-0.001476
-0.001748
-0.002037
-0.002128
-0.001793
-0.001009
0.000058
0.001052
0.001496
0.001200
0.000506
-0.000093
-0.000352
-0.000279
0.000002
0.000269
0.000245
-0.000147
-0.000671
-0.001018
-0.001055
-0.000846
-0.000562
-0.000360
-0.000281
-0.000288
-0.000357
-0.000491
-0.000693
-0.000933
-0.001179
-0.001411
-0.001594
-0.001624
-0.001395
-0.000915
-0.000280
0.000327
0.000591
0.000292
-0.000372
-0.000944
-0.001160
-0.001110
-0.000983
-0.000807
-0.000560
-0.000358
-0.000336
-0.000466
-0.000610
-0.000668
-0.000647
-0.000582
-0.000450
-0.000224
0.000010
0.000099
0.000010
-0.000146
-0.000263
-0.000326
-0.000377
-0.000457
-0.000558
-0.000622
-0.000604
-0.000483
-0.000283
-0.000066
0.000063
0.000023
-0.000136
-0.000287
-0.000350
-0.000320
-0.000227
-0.000117
-0.000034
-0.000053
-0.000241
-0.000556
-0.000862
-0.001031
-0.000993
-0.000730
-0.000299
0.000164
0.000524
0.000725
0.000775
0.000663
0.000392
0.000033
-0.000331
-0.000686
-0.001051
-0.001306
-0.001183
-0.000611
0.000107
0.000531
0.000406
-0.000155
-0.000792
-0.001233
-0.001405
-0.001296
-0.000946
-0.000555
-0.000392
-0.000493
-0.000546
-0.000193
0.000537
0.001193
0.001297
0.000785
0.000005
-0.000670
-0.001096
-0.001217
-0.000902
-0.000184
0.000502
0.000615
0.000036
-0.000870
-0.001583
-0.001707
-0.001157
-0.000211
0.000622
0.000885
0.000498
-0.000206
-0.000776
-0.000869
-0.000385
0.000435
0.001156
0.001390
0.001028
0.000354
-0.000191
-0.000329
-0.000108
0.000198
0.000357
0.000316
0.000193
0.000179
0.000371
0.000693
0.001002
0.001214
0.001327
0.001306
0.001049
0.000570
0.000023
-0.000414
-0.000635
-0.000617
-0.000383
-0.000025
0.000305
0.000506
0.000598
0.000660
0.000675
0.000555
0.000359
0.000281
0.000398
0.000574
0.000615
0.000454
0.000195
0.000008
-0.000030
0.000033
0.000117
0.000181
0.000243
0.000361
0.000531
0.000683
0.000764
0.000751
0.000614
0.000371
0.000100
-0.000118
-0.000260
-0.000354
-0.000407
-0.000404
-0.000375
-0.000387
-0.000476
-0.000607
-0.000682
-0.000576
-0.000265
0.000151
0.000570
0.000952
0.001249
0.001409
0.001426
0.001313
0.001085
0.000815
0.000623
0.000551
0.000528
0.000445
0.000260
0.000028
-0.000141
-0.000172
-0.000094
0.000003
0.000048
0.000007
-0.000113
-0.000251
-0.000312
-0.000239
-0.000070
0.000101
0.000205
0.000229
0.000213
0.000193
0.000186
0.000188
0.000181
0.000141
0.000056
-0.000046
-0.000136
-0.000199
-0.000240
-0.000285
-0.000329
-0.000328
-0.000270
-0.000181
-0.000097
-0.000049
-0.000078
-0.000236
-0.000526
-0.000875
-0.001142
-0.001168
-0.000933
-0.000601
-0.000341
-0.000204
-0.000154
-0.000205
-0.000425
-0.000774
-0.001096
-0.001265
-0.001207
-0.000871
-0.000308
0.000315
0.000818
0.001039
0.000880
0.000396
-0.000164
-0.000524
-0.000619
-0.000588
-0.000558
-0.000551
-0.000547
-0.000531
-0.000480
-0.000375
-0.000224
-0.000049
0.000146
0.000365
0.000583
0.000751
0.000837
0.000814
0.000680
0.000476
0.000234
-0.000044
-0.000337
-0.000583
-0.000701
-0.000618
-0.000340
0.000057
0.000527
0.001028
0.001443
0.001608
0.001454
0.001100
0.000760
0.000573
0.000530
0.000579
0.000703
0.000885
0.001059
0.001112
0.000960
0.000658
0.000374
0.000241
0.000302
0.000553
0.000910
0.001204
0.001346
0.001364
0.001311
0.001217
0.001134
0.001156
0.001330
0.001594
0.001835
0.001925
0.001782
0.001464
0.001127
0.000895
0.000785
0.000722
0.000625
0.000485
0.000360
0.000344
0.000522
0.000865
0.001159
0.001187
0.000952
0.000648
0.000458
0.000422
0.000470
0.000494
0.000422
0.000233
-0.000026
-0.000259
-0.000410
-0.000495
-0.000546
-0.000504
-0.000248
0.000189
0.000559
0.000633
0.000443
0.000213
0.000126
0.000198
0.000309
0.000276
-0.000011
-0.000493
-0.000993
-0.001317
-0.001306
-0.000933
-0.000419
-0.000079
-0.000064
-0.000317
-0.000644
-0.000859
-0.000926
-0.000944
-0.001029
-0.001240
-0.001585
-0.001952
-0.002029
-0.001523
-0.000567
0.000240
0.000354
-0.000207
-0.000981
-0.001526
-0.001600
-0.001185
-0.000539
-0.000037
0.000138
0.000080
-0.000017
-0.000059
-0.000045
-0.000014
-0.000023
-0.000107
-0.000246
-0.000396
-0.000528
-0.000631
-0.000656
-0.000524
-0.000225
0.000111
0.000287
0.000212
-0.000024
-0.000221
-0.000196
0.000098
0.000498
0.000766
0.000805
0.000683
0.000493
0.000288
0.000042
-0.000281
-0.000542
-0.000507
-0.000154
0.000283
0.000559
0.000624
0.000590
0.000564
0.000567
0.000572
0.000535
0.000435
0.000289
0.000134
-0.000002
-0.000113
-0.000216
-0.000349
-0.000538
-0.000747
-0.000865
-0.000797
-0.000606
-0.000440
-0.000374
-0.000394
-0.000465
-0.000557
-0.000651
-0.000741
-0.000832
-0.000910
-0.000932
-0.000867
-0.000713
-0.000506
-0.000298
-0.000120
-0.000026
-0.000070
-0.000231
-0.000406
-0.000500
-0.000475
-0.000379
-0.000298
-0.000275
-0.000295
-0.000322
-0.000327
-0.000303
-0.000273
-0.000265
-0.000293
-0.000355
-0.000442
-0.000521
-0.000526
-0.000415
-0.000231
-0.000075
-0.000006
-0.000027
-0.000124
-0.000269
-0.000435
-0.000605
-0.000720
-0.000686
-0.000480
-0.000229
-0.000130
-0.000281
-0.000594
-0.000902
-0.001075
-0.001041
-0.000837
-0.000591
-0.000414
-0.000321
-0.000269
-0.000256
-0.000318
-0.000431
-0.000518
-0.000540
-0.000514
-0.000463
-0.000404
-0.000353
-0.000314
-0.000290
-0.000279
-0.000272
-0.000273
-0.000305
-0.000386
-0.000539
-0.000759
-0.000876
-0.000579
0.000208
0.001111
0.001604
0.001453
0.000861
0.000183
-0.000336
-0.000587
-0.000605
-0.000484
-0.000271
-0.000008
0.000243
0.000443
0.000586
0.000679
0.000751
0.000833
0.000894
0.000877
0.000728
0.000410
-0.000038
-0.000478
-0.000716
-0.000553
0.000047
0.000784
0.001166
0.000941
0.000311
-0.000332
-0.000757
-0.000883
-0.000635
-0.000057
0.000624
0.001142
0.001245
0.000822
0.000090
-0.000524
-0.000703
-0.000456
-0.000076
0.000161
0.000179
0.000075
-0.000007
0.000028
0.000187
0.000382
0.000509
0.000520
0.000411
0.000202
-0.000047
-0.000263
-0.000418
-0.000529
-0.000574
-0.000474
-0.000227
0.000056
0.000275
0.000417
0.000511
0.000555
0.000538
0.000477
0.000384
0.000254
0.000098
-0.000060
-0.000206
-0.000329
-0.000383
-0.000294
-0.000061
0.000188
0.000263
0.000074
-0.000274
-0.000575
-0.000714
-0.000674
-0.000485
-0.000234
-0.000024
0.000097
0.000155
0.000208
0.000277
0.000339
0.000376
0.000389
0.000368
0.000281
0.000126
-0.000063
-0.000255
-0.000445
-0.000611
-0.000670
-0.000540
-0.000263
0.000014
0.000151
0.000138
0.000069
0.000032
0.000042
0.000061
0.000059
0.000026
-0.000022
-0.000017
0.000127
0.000401
0.000709
0.000921
0.000909
0.000673
0.000358
0.000128
0.000084
0.000217
0.000411
0.000538
0.000467
0.000159
-0.000226
-0.000500
-0.000609
-0.000543
-0.000306
0.000036
0.000364
0.000544
0.000492
0.000279
0.000124
0.000229
0.000597
0.001033
0.001364
0.001549
0.001563
0.001348
0.000944
0.000467
0.000007
-0.000370
-0.000627
-0.000742
-0.000675
-0.000423
-0.000047
0.000382
0.000797
0.001123
0.001288
0.001236
0.000968
0.000551
0.000065
-0.000339
-0.000417
-0.000084
0.000434
0.000708
0.000417
-0.000356
-0.001205
-0.001717
-0.001721
-0.001294
-0.000544
0.000335
0.000934
0.000940
0.000445
-0.000245
-0.000766
-0.000707
0.000033
0.001037
0.001641
0.001448
0.000674
-0.000111
-0.000528
-0.000511
-0.000156
0.000323
0.000648
0.000658
0.000435
0.000191
0.000070
0.000077
0.000133
0.000157
0.000117
0.000027
-0.000078
-0.000166
-0.000211
-0.000204
-0.000165
-0.000131
-0.000116
-0.000095
-0.000052
0.000007
0.000075
0.000149
0.000225
0.000270
0.000230
0.000096
-0.000085
-0.000245
-0.000355
-0.000429
-0.000498
-0.000587
-0.000684
-0.000738
-0.000708
-0.000616
-0.000531
-0.000505
-0.000493
-0.000362
-0.000051
0.000278
0.000338
0.000006
-0.000545
-0.001048
-0.001250
-0.000927
-0.000124
0.000745
0.001202
0.001091
0.000611
0.000087
-0.000270
-0.000432
-0.000498
-0.000575
-0.000645
-0.000594
-0.000381
-0.000085
0.000193
0.000349
0.000274
-0.000019
-0.000359
-0.000521
-0.000389
-0.000056
0.000273
0.000407
0.000234
-0.000170
-0.000557
-0.000720
-0.000664
-0.000536
-0.000456
-0.000438
-0.000444
-0.000427
-0.000363
-0.000256
-0.000128
-0.000003
0.000099
0.000156
0.000157
0.000122
0.000087
0.000064
0.000043
0.000011
-0.000040
-0.000101
-0.000160
-0.000214
-0.000263
-0.000308
-0.000335
-0.000297
-0.000162
0.000037
0.000211
0.000258
0.000138
-0.000077
-0.000269
-0.000341
-0.000249
-0.000042
0.000165
0.000256
0.000164
-0.000075
-0.000326
-0.000425
-0.000321
-0.000134
-0.000031
-0.000075
-0.000205
-0.000327
-0.000390
-0.000376
-0.000258
-0.000033
0.000219
0.000396
0.000472
0.000474
0.000402
0.000255
0.000085
-0.000040
-0.000087
-0.000045
0.000064
0.000195
0.000348
0.000526
0.000667
0.000686
0.000570
0.000341
0.000032
-0.000260
-0.000418
-0.000393
-0.000194
0.000124
0.000445
0.000643
0.000688
0.000623
0.000456
0.000201
-0.000071
-0.000273
-0.000377
-0.000430
-0.000482
-0.000519
-0.000502
-0.000431
-0.000324
-0.000182
0.000005
0.000213
0.000402
0.000558
0.000670
0.000660
0.000460
0.000123
-0.000230
-0.000504
-0.000631
-0.000560
-0.000326
-0.000070
0.000068
0.000061
-0.000016
-0.000078
-0.000103
-0.000117
-0.000132
-0.000096
0.000059
0.000317
0.000572
0.000700
0.000662
0.000534
0.000432
0.000410
0.000451
0.000501
0.000489
0.000340
0.000042
-0.000291
-0.000474
-0.000415
-0.000194
0.000035
0.000173
0.000208
0.000179
0.000139
0.000130
0.000179
0.000311
0.000504
0.000691
0.000807
0.000850
0.000860
0.000857
0.000838
0.000803
0.000754
0.000689
0.000657
0.000741
0.000949
0.001189
0.001311
0.001198
0.000888
0.000545
0.000313
0.000218
0.000217
0.000261
0.000307
0.000323
0.000314
0.000322
0.000369
0.000457
0.000545
0.000546
0.000403
0.000157
-0.000092
-0.000282
-0.000392
-0.000381
-0.000227
0.000012
0.000236
0.000396
0.000495
0.000531
0.000496
0.000414
0.000325
0.000251
0.000194
0.000142
0.000088
0.000032
-0.000030
-0.000095
-0.000129
-0.000061
0.000130
0.000370
0.000565
0.000677
0.000695
0.000554
0.000187
-0.000374
-0.000963
-0.001378
-0.001549
-0.001503
-0.001249
-0.000835
-0.000367
0.000001
0.000102
-0.000101
-0.000450
-0.000729
-0.000792
-0.000609
-0.000305
-0.000109
-0.000202
-0.000536
-0.000874
-0.001045
-0.001030
-0.000854
-0.000582
-0.000315
-0.000152
-0.000123
-0.000170
-0.000232
-0.000336
-0.000515
-0.000714
-0.000842
-0.000874
-0.000825
-0.000714
-0.000578
-0.000453
-0.000345
-0.000239
-0.000129
-0.000061
-0.000111
-0.000286
-0.000517
-0.000727
-0.000848
-0.000809
-0.000615
-0.000366
-0.000183
-0.000139
-0.000216
-0.000327
-0.000396
-0.000411
-0.000414
-0.000442
-0.000505
-0.000583
-0.000629
-0.000589
-0.000425
-0.000138
0.000218
0.000534
0.000684
0.000639
0.000503
0.000402
0.000382
0.000412
0.000445
0.000450
0.000430
0.000395
0.000336
0.000235
0.000105
-0.000019
-0.000095
-0.000068
0.000100
0.000355
0.000594
0.000753
0.000850
0.000926
0.000964
0.000906
0.000753
0.000568
0.000408
0.000300
0.000257
0.000272
0.000310
0.000332
0.000309
0.000237
0.000140
0.000040
-0.000058
-0.000160
-0.000264
-0.000342
-0.000320
-0.000160
0.000065
0.000225
0.000246
0.000173
0.000096
0.000075
0.000103
0.000141
0.000159
0.000152
0.000136
0.000131
0.000133
0.000099
-0.000014
-0.000195
-0.000381
-0.000518
-0.000605
-0.000670
-0.000719
-0.000698
-0.000533
-0.000243
0.000066
0.000305
0.000410
0.000341
0.000142
-0.000074
-0.000213
-0.000241
-0.000188
-0.000112
-0.000035
0.000051
0.000144
0.000182
0.000065
-0.000213
-0.000518
-0.000713
-0.000765
-0.000683
-0.000466
-0.000169
0.000080
0.000148
0.000026
-0.000168
-0.000308
-0.000341
-0.000293
-0.000223
-0.000184
-0.000188
-0.000208
-0.000216
-0.000204
-0.000178
-0.000149
-0.000125
-0.000106
-0.000088
-0.000064
-0.000028
0.000024
0.000076
0.000104
0.000088
0.000041
-0.000009
-0.000041
-0.000050
-0.000030
0.000026
0.000101
0.000169
0.000209
0.000224
0.000231
0.000248
0.000276
0.000309
0.000337
0.000354
0.000361
0.000369
0.000378
0.000375
0.000344
0.000284
0.000214
0.000151
0.000101
0.000079
0.000101
0.000164
0.000237
0.000284
0.000266
0.000175
0.000051
-0.000049
-0.000098
-0.000114
-0.000130
-0.000136
-0.000082
0.000055
0.000220
0.000313
0.000275
0.000143
0.000007
-0.000072
-0.000080
-0.000032
0.000036
0.000082
0.000075
0.000022
-0.000045
-0.000100
-0.000146
-0.000199
-0.000267
-0.000337
-0.000373
-0.000337
-0.000237
-0.000128
-0.000073
-0.000101
-0.000181
-0.000259
-0.000302
-0.000300
-0.000264
-0.000213
-0.000171
-0.000149
-0.000142
-0.000139
-0.000131
-0.000118
-0.000104
-0.000090
-0.000070
-0.000040
-0.000004
0.000016
-0.000002
-0.000057
-0.000122
-0.000167
-0.000182
-0.000164
-0.000110
-0.000029
0.000052
0.000106
0.000112
0.000071
0.000012
-0.000031
-0.000037
-0.000007
0.000037
0.000065
0.000062
0.000038
0.000020
0.000024
0.000045
0.000067
0.000081
0.000086
0.000087
0.000090
0.000093
0.000094
0.000094
0.000088
0.000069
0.000036
0.000001
-0.000028
-0.000046
-0.000054
-0.000051
-0.000041
-0.000024
0.000002
0.000035
0.000054
0.000048
0.000027
0.000006
-0.000004
-0.000006
-0.000005
-0.000008
-0.000016
-0.000026
-0.000037
-0.000045
-0.000053
-0.000060
-0.000061
-0.000055
-0.000039
-0.000019
0.000001
0.000021
0.000037
0.000038
0.000019
-0.000010
-0.000033
-0.000042
-0.000044
-0.000047
-0.000054
-0.000049
-0.000019
0.000030
0.000076
0.000094
0.000079
0.000050
0.000027
0.000020
0.000025
0.000032
0.000034
0.000032
0.000030
0.000033
0.000042
0.000051
0.000057
0.000058
0.000050
0.000037
0.000024
0.000016
0.000010
0.000005
-0.000001
-0.000006
-0.000010
-0.000011
-0.000005
0.000013
0.000037
0.000055
0.000063
0.000063
0.000062
0.000062
0.000061
0.000057
0.000053
0.000050
0.000047
0.000044
0.000041
0.000038
0.000035
0.000031
0.000027
0.000023
0.000020
0.000016
0.000015
0.000016
0.000020
0.000026
0.000029
0.000027
0.000022
0.000015
0.000011
0.000008
0.000008
0.000007
0.000007
0.000006
0.000006
0.000006
0.000006
0.000005
0.000005
0.000004
0.000002
0.000001
0.000000
0.000000
0.000001
0.000001
0.000001
0.000000
-0.000000
-0.000001
-0.000001
-0.000001
-0.000001
-0.000001
-0.000001
-0.000001
-0.000001
-0.000001
