-0.002850
-0.003087
-0.001341
0.000896
0.000265
0.000078
-0.000040
-0.000065
-0.000015
0.000075
0.000179
0.000296
0.000433
0.000602
0.000788
0.000954
0.001069
0.001128
0.001151
0.001194
0.001301
0.001472
0.001678
0.001917
0.002198
0.002478
0.002673
0.002741
0.002696
0.002568
0.002394
0.002218
0.002073
0.001927
0.001719
0.001467
0.001220
0.000958
0.000651
0.000325
0.000020
-0.000246
-0.000509
-0.000797
-0.001072
-0.001274
-0.001366
-0.001336
-0.001188
-0.000943
-0.000656
-0.000423
-0.000293
-0.000253
-0.000270
-0.000319
-0.000367
-0.000361
-0.000280
-0.000138
0.000062
0.000312
0.000587
0.000903
0.001297
0.001697
0.001941
0.001946
0.001761
0.001430
0.000952
0.000374
-0.000217
-0.000734
-0.001067
-0.001148
-0.001033
-0.000846
-0.000683
-0.000602
-0.000609
-0.000633
-0.000636
-0.000659
-0.000722
-0.000743
-0.000677
-0.000544
-0.000341
-0.000088
0.000169
0.000431
0.000714
0.001002
0.001263
0.001507
0.001782
0.002073
0.002269
0.002334
0.002365
0.002415
0.002416
0.002308
0.002090
0.001698
0.001055
0.000297
-0.000376
-0.000915
-0.001408
-0.001968
-0.002547
-0.002976
-0.003189
-0.003237
-0.003180
-0.002972
-0.002536
-0.001948
-0.001410
-0.001009
-0.000612
-0.000168
0.000252
0.000696
0.001203
0.001719
0.002267
0.002843
0.003365
0.003773
0.004000
0.004010
0.003862
0.003686
0.003642
0.003781
0.003996
0.004213
0.004437
0.004619
0.004686
0.004641
0.004450
0.004050
0.003449
0.002575
0.001264
-0.000475
-0.002460
-0.004467
-0.006085
-0.006958
-0.007365
-0.007899
-0.008683
-0.009430
-0.009839
-0.009871
-0.009862
-0.009980
-0.009885
-0.009324
-0.008546
-0.007778
-0.006927
-0.006057
-0.005380
-0.004781
-0.003907
-0.002645
-0.001185
0.000312
0.001820
0.003270
0.004521
0.005657
0.007094
0.009184
0.011731
0.013975
0.015195
0.015016
0.013226
0.010162
0.007032
0.005158
0.004835
0.005056
0.004370
0.001623
-0.003113
-0.007670
-0.009486
-0.008011
-0.004776
-0.002137
-0.001703
-0.003364
-0.005927
-0.008330
-0.009655
-0.008747
-0.005589
-0.002383
-0.001416
-0.002654
-0.004446
-0.005218
-0.004257
-0.001913
0.000923
0.003482
0.005243
0.005951
0.005732
0.005018
0.004424
0.004241
0.004042
0.003391
0.002528
0.001771
0.000922
-0.000045
-0.000447
0.000153
0.001026
0.001013
-0.000256
-0.002283
-0.004306
-0.005432
-0.004534
-0.001141
0.003296
0.006160
0.006038
0.003911
0.001886
0.000943
0.000370
-0.000648
-0.002237
-0.004323
-0.006138
-0.006012
-0.002994
0.001989
0.006685
0.009063
0.009047
0.008261
0.008212
0.009083
0.009734
0.009376
0.008324
0.007043
0.005757
0.004316
0.002339
-0.000467
-0.004239
-0.008458
-0.011917
-0.013683
-0.013537
-0.011249
-0.006525
-0.000830
0.002775
0.002788
0.000417
-0.002192
-0.003883
-0.004825
-0.005513
-0.006235
-0.007354
-0.009058
-0.010467
-0.010697
-0.009983
-0.008399
-0.005972
-0.003546
-0.001415
0.001411
0.005666
0.010730
0.015117
0.017827
0.019474
0.021037
0.021289
0.017623
0.009247
-0.001585
-0.010603
-0.015003
-0.016033
-0.016558
-0.017488
-0.017803
-0.016878
-0.015352
-0.014155
-0.013577
-0.013017
-0.011566
-0.009018
-0.006239
-0.004745
-0.005531
-0.007687
-0.009568
-0.010960
-0.012072
-0.011617
-0.008460
-0.003772
0.000869
0.005266
0.009693
0.014894
0.022362
0.031603
0.038910
0.041097
0.038483
0.033946
0.030631
0.029455
0.028835
0.027244
0.023909
0.017456
0.007198
-0.004063
-0.011782
-0.014234
-0.013708
-0.013806
-0.016252
-0.020287
-0.024254
-0.026713
-0.027318
-0.027221
-0.027740
-0.029005
-0.030152
-0.030509
-0.029706
-0.027383
-0.023737
-0.019637
-0.015787
-0.011784
-0.007238
-0.003219
-0.000717
0.001389
0.005806
0.013848
0.023351
0.030756
0.034440
0.035275
0.035316
0.035731
0.035478
0.033646
0.030956
0.027343
0.021566
0.012611
0.000734
-0.011568
-0.020949
-0.025965
-0.028410
-0.031665
-0.037500
-0.044078
-0.047886
-0.047965
-0.046287
-0.044974
-0.044547
-0.043767
-0.040356
-0.033327
-0.024551
-0.017152
-0.012995
-0.011483
-0.010625
-0.009202
-0.006569
-0.001564
0.006697
0.018150
0.031341
0.043644
0.053832
0.063545
0.074216
0.083719
0.088077
0.085042
0.075392
0.062581
0.050291
0.039678
0.029921
0.020542
0.012308
0.005461
-0.001933
-0.011817
-0.023893
-0.036684
-0.048318
-0.056581
-0.060623
-0.061664
-0.061626
-0.061652
-0.061008
-0.058611
-0.055187
-0.051260
-0.045739
-0.038301
-0.030462
-0.024261
-0.020478
-0.018441
-0.017140
-0.015689
-0.012959
-0.006900
0.003831
0.018311
0.033978
0.046741
0.052650
0.051700
0.048446
0.047441
0.049588
0.053214
0.055393
0.052481
0.042814
0.029057
0.016503
0.009095
0.007087
0.007194
0.005780
0.001498
-0.005604
-0.014803
-0.024088
-0.030596
-0.032804
-0.032034
-0.030784
-0.029633
-0.027316
-0.023995
-0.021819
-0.021847
-0.022982
-0.023041
-0.019674
-0.012117
-0.002488
0.005813
0.010012
0.009477
0.006953
0.005551
0.005384
0.005392
0.005659
0.006293
0.006536
0.005570
0.003633
0.002276
0.002317
0.002955
0.003176
0.002428
0.000710
-0.001748
-0.004419
-0.006236
-0.006430
-0.005837
-0.006297
-0.008172
-0.010042
-0.010561
-0.010083
-0.009899
-0.010134
-0.010182
-0.009854
-0.009330
-0.008654
-0.006988
-0.002771
0.004484
0.012994
0.019628
0.022519
0.022517
0.022243
0.024303
0.029431
0.036384
0.042120
0.043029
0.037809
0.028346
0.018797
0.012903
0.010790
0.009868
0.007830
0.003596
-0.002977
-0.010466
-0.015582
-0.016383
-0.014105
-0.010668
-0.007409
-0.005079
-0.003657
-0.003105
-0.003973
-0.006443
-0.009562
-0.012346
-0.014622
-0.016747
-0.018815
-0.020994
-0.023501
-0.025563
-0.026584
-0.027225
-0.028245
-0.029500
-0.030614
-0.031780
-0.033729
-0.036728
-0.038754
-0.036376
-0.028164
-0.016438
-0.005530
0.001927
0.005726
0.006508
0.005616
0.005787
0.010471
0.021251
0.036332
0.051543
0.062701
0.067600
0.067355
0.066289
0.067554
0.069958
0.070927
0.069153
0.064125
0.056106
0.046598
0.036743
0.025314
0.010518
-0.006462
-0.022884
-0.038989
-0.057424
-0.078311
-0.097236
-0.107447
-0.104070
-0.087411
-0.063363
-0.040473
-0.024419
-0.015312
-0.009456
-0.003025
0.004583
0.011761
0.018151
0.024224
0.029841
0.035309
0.041244
0.046886
0.049408
0.045582
0.033762
0.014899
-0.007600
-0.029201
-0.045252
-0.053514
-0.055934
-0.056012
-0.054960
-0.052362
-0.048816
-0.045362
-0.042116
-0.038554
-0.034530
-0.029765
-0.023818
-0.016118
-0.004745
0.011355
0.030247
0.048942
0.065016
0.077506
0.087647
0.096068
0.100395
0.098111
0.089770
0.078998
0.069506
0.061625
0.052414
0.039051
0.021332
0.002180
-0.014849
-0.029853
-0.046215
-0.066451
-0.088843
-0.107326
-0.115146
-0.109351
-0.093487
-0.075539
-0.061156
-0.050083
-0.038862
-0.024609
-0.006797
0.014278
0.038786
0.065143
0.089475
0.107699
0.117392
0.118256
0.110954
0.096720
0.077810
0.057559
0.039364
0.024683
0.011596
-0.003030
-0.020043
-0.037619
-0.050683
-0.053831
-0.047875
-0.039997
-0.036887
-0.038086
-0.037356
-0.028583
-0.008182
0.023729
0.060374
0.088870
0.098711
0.088296
0.061996
0.026723
-0.007201
-0.029136
-0.036396
-0.036744
-0.040887
-0.052330
-0.064377
-0.067633
-0.058292
-0.038170
-0.010821
0.019745
0.048434
0.069728
0.080494
0.081207
0.073758
0.061055
0.048421
0.041439
0.041505
0.044609
0.044264
0.034214
0.009649
-0.029786
-0.077530
-0.121263
-0.147689
-0.150622
-0.135022
-0.111392
-0.088388
-0.068627
-0.048020
-0.020229
0.017182
0.060132
0.100967
0.133348
0.154421
0.163900
0.163705
0.157463
0.148778
0.140438
0.133524
0.126313
0.115855
0.099994
0.078092
0.053343
0.031927
0.017327
0.008931
0.005481
0.005086
0.004674
0.002604
-0.001513
-0.007308
-0.012129
-0.012267
-0.006465
0.001357
0.004311
-0.002227
-0.018387
-0.041100
-0.067519
-0.095454
-0.120240
-0.134884
-0.136542
-0.131277
-0.128972
-0.134937
-0.147581
-0.162061
-0.173768
-0.178901
-0.174736
-0.160926
-0.141471
-0.122557
-0.106428
-0.090814
-0.073950
-0.057249
-0.043169
-0.032408
-0.022653
-0.010135
0.006457
0.024522
0.038867
0.046267
0.048440
0.049273
0.051361
0.053756
0.052716
0.046477
0.038664
0.034944
0.037093
0.042308
0.047104
0.049875
0.051001
0.050730
0.046882
0.037095
0.023567
0.012409
0.007975
0.010722
0.019515
0.034373
0.056386
0.084606
0.115571
0.145453
0.169576
0.183691
0.187560
0.183548
0.172724
0.155574
0.134699
0.113737
0.094689
0.077434
0.060366
0.041250
0.020221
0.000001
-0.018887
-0.040316
-0.068931
-0.105073
-0.144632
-0.182123
-0.212584
-0.232753
-0.242508
-0.245037
-0.243475
-0.238504
-0.230605
-0.221444
-0.211781
-0.199251
-0.179747
-0.151330
-0.116277
-0.078826
-0.041820
-0.006573
0.025803
0.054342
0.079183
0.101532
0.121489
0.136578
0.143969
0.142175
0.131538
0.114977
0.095035
0.072098
0.046599
0.019543
-0.006292
-0.025673
-0.036155
-0.042329
-0.049427
-0.056560
-0.060658
-0.060803
-0.058081
-0.053067
-0.044443
-0.031930
-0.016940
-0.000665
0.016525
0.033999
0.050398
0.065325
0.079251
0.090986
0.096338
0.091735
0.079843
0.068428
0.063865
0.066599
0.072328
0.077284
0.080853
0.083291
0.083959
0.082094
0.076562
0.065189
0.044868
0.012977
-0.029732
-0.078488
-0.125831
-0.163854
-0.187166
-0.194604
-0.189336
-0.176823
-0.161470
-0.145494
-0.130138
-0.115885
-0.101292
-0.083320
-0.059566
-0.029691
0.004468
0.039206
0.071077
0.100256
0.129506
0.159162
0.186070
0.205870
0.215238
0.213970
0.204269
0.189867
0.175246
0.161779
0.145811
0.122698
0.093455
0.065117
0.043161
0.026957
0.012946
-0.000871
-0.014163
-0.027086
-0.041591
-0.058638
-0.076949
-0.094085
-0.106447
-0.110513
-0.105927
-0.096711
-0.089291
-0.088985
-0.097301
-0.111387
-0.125850
-0.134972
-0.135903
-0.130641
-0.120644
-0.102275
-0.070770
-0.026332
0.023228
0.065903
0.093583
0.106807
0.110837
0.109049
0.100792
0.084777
0.064416
0.047910
0.041000
0.040985
0.040115
0.033639
0.023915
0.017063
0.016583
0.021221
0.027916
0.034941
0.039907
0.037569
0.023715
0.000378
-0.023924
-0.041117
-0.049938
-0.053600
-0.053260
-0.046603
-0.033254
-0.017086
-0.002213
0.008924
0.014316
0.013287
0.007895
0.000615
-0.006600
-0.010022
-0.004498
0.011915
0.034394
0.055061
0.068296
0.071773
0.065554
0.050265
0.026798
-0.001839
-0.030502
-0.053559
-0.066163
-0.065238
-0.050098
-0.023923
0.005352
0.028139
0.038346
0.035864
0.023872
0.005345
-0.017533
-0.043523
-0.071714
-0.099537
-0.122217
-0.136178
-0.141351
-0.138169
-0.125734
-0.104295
-0.078065
-0.052968
-0.032660
-0.019054
-0.012522
-0.010329
-0.008189
-0.002278
0.009307
0.023849
0.033764
0.030477
0.011375
-0.017365
-0.045109
-0.061813
-0.061549
-0.042044
-0.004327
0.043399
0.088401
0.122888
0.147855
0.167308
0.182018
0.190091
0.188570
0.173374
0.141393
0.095910
0.050301
0.019786
0.007512
0.003295
-0.004843
-0.019884
-0.035006
-0.042200
-0.041844
-0.041327
-0.045326
-0.051966
-0.057421
-0.060950
-0.063016
-0.061135
-0.051140
-0.031884
-0.007695
0.015252
0.033097
0.043192
0.043995
0.038042
0.031234
0.028820
0.032716
0.040793
0.049658
0.057505
0.062600
0.061821
0.052369
0.034253
0.011120
-0.011023
-0.028352
-0.042968
-0.060109
-0.081093
-0.102161
-0.120913
-0.138183
-0.154678
-0.169007
-0.177328
-0.175054
-0.159467
-0.130247
-0.091399
-0.052320
-0.021065
0.000011
0.010577
0.009895
-0.001858
-0.023745
-0.054595
-0.090448
-0.122729
-0.139364
-0.130558
-0.097410
-0.052853
-0.011867
0.018570
0.038913
0.050402
0.052484
0.045825
0.036425
0.033192
0.041678
0.061792
0.089310
0.118193
0.142505
0.157977
0.163217
0.160167
0.152100
0.142115
0.134366
0.133394
0.140928
0.153577
0.163993
0.164916
0.152959
0.128875
0.094466
0.053459
0.014609
-0.013568
-0.031287
-0.047205
-0.070772
-0.106613
-0.154137
-0.209147
-0.264410
-0.309766
-0.332491
-0.321035
-0.273598
-0.201599
-0.120644
-0.041369
0.026285
0.072165
0.094667
0.100073
0.093513
0.076616
0.053001
0.031277
0.020469
0.023058
0.033887
0.046064
0.056132
0.063175
0.065905
0.060687
0.042674
0.010896
-0.028507
-0.065833
-0.091978
-0.098664
-0.080776
-0.039568
0.015339
0.065829
0.096228
0.106479
0.107398
0.107099
0.106300
0.102331
0.094838
0.086535
0.080362
0.077764
0.076246
0.069965
0.056057
0.038232
0.022577
0.011283
0.002275
-0.006908
-0.017097
-0.027838
-0.038429
-0.048118
-0.055589
-0.060716
-0.065551
-0.071851
-0.079266
-0.085374
-0.085741
-0.074671
-0.048484
-0.008586
0.036274
0.075591
0.108759
0.140662
0.168930
0.185830
0.186146
0.169499
0.141866
0.113677
0.093186
0.081979
0.076089
0.070680
0.063289
0.053137
0.039344
0.021000
-0.003788
-0.037969
-0.081893
-0.130691
-0.175847
-0.209330
-0.228151
-0.234424
-0.231555
-0.221751
-0.204075
-0.177180
-0.145340
-0.115692
-0.091642
-0.071895
-0.052568
-0.032870
-0.017773
-0.012664
-0.019610
-0.038189
-0.064253
-0.090300
-0.109319
-0.113189
-0.093739
-0.049338
0.011931
0.071367
0.108062
0.116320
0.109661
0.104882
0.109728
0.125541
0.152034
0.185905
0.220036
0.247114
0.261598
0.259333
0.237247
0.193386
0.128862
0.049750
-0.033769
-0.108865
-0.165293
-0.201011
-0.219397
-0.225456
-0.224208
-0.218426
-0.211393
-0.207489
-0.204154
-0.191451
-0.165353
-0.132770
-0.100356
-0.067278
-0.031405
0.003189
0.028577
0.040359
0.039699
0.029071
0.011014
-0.010427
-0.030942
-0.048112
-0.061405
-0.070275
-0.074509
-0.074067
-0.067689
-0.054094
-0.033504
-0.008657
0.016185
0.039105
0.060868
0.080155
0.092511
0.094199
0.087079
0.081029
0.086198
0.102848
0.121943
0.133811
0.135289
0.130156
0.123648
0.116061
0.102724
0.080771
0.052847
0.024402
0.001013
-0.013959
-0.021649
-0.027253
-0.035843
-0.046890
-0.054356
-0.053108
-0.044141
-0.033122
-0.023835
-0.015492
-0.006328
0.004264
0.015992
0.029275
0.046552
0.069013
0.093522
0.115210
0.131893
0.145193
0.157280
0.166941
0.170020
0.162259
0.140878
0.104885
0.054951
-0.006014
-0.074562
-0.148975
-0.223616
-0.286335
-0.327787
-0.346294
-0.343640
-0.323523
-0.294876
-0.268990
-0.250618
-0.236056
-0.219836
-0.200841
-0.180019
-0.158381
-0.137657
-0.113672
-0.074116
-0.009690
0.073046
0.153941
0.217303
0.262856
0.298845
0.329492
0.349876
0.351535
0.332346
0.298168
0.258096
0.219497
0.184053
0.149544
0.114803
0.081633
0.050734
0.019657
-0.014470
-0.052400
-0.090737
-0.125384
-0.155305
-0.179698
-0.196095
-0.200448
-0.187797
-0.155496
-0.105321
-0.043197
0.022664
0.085445
0.141396
0.187345
0.221255
0.245246
0.263786
0.280419
0.296439
0.310984
0.321248
0.322013
0.306958
0.272662
0.220801
0.155937
0.083278
0.008268
-0.064846
-0.135675
-0.210140
-0.294093
-0.380353
-0.452633
-0.498274
-0.512030
-0.497307
-0.464301
-0.421268
-0.366743
-0.300590
-0.236054
-0.181714
-0.126550
-0.056653
0.027707
0.110927
0.172221
0.201261
0.202599
0.188772
0.171569
0.155915
0.139191
0.116017
0.085099
0.051707
0.021711
-0.006032
-0.038115
-0.076407
-0.114340
-0.146603
-0.173669
-0.197106
-0.217339
-0.231794
-0.232990
-0.210038
-0.153709
-0.068106
0.025534
0.106936
0.171990
0.225764
0.270704
0.307509
0.339647
0.370860
0.399643
0.419354
0.423567
0.409735
0.381840
0.347330
0.308233
0.260625
0.202345
0.137517
0.074025
0.017726
-0.030888
-0.074035
-0.109762
-0.131407
-0.136268
-0.128625
-0.112654
-0.088871
-0.057813
-0.022161
0.014094
0.045136
0.064072
0.066794
0.052589
0.022039
-0.021990
-0.075052
-0.131999
-0.186076
-0.235379
-0.286448
-0.343027
-0.394405
-0.421059
-0.415118
-0.388397
-0.358256
-0.332098
-0.305791
-0.273377
-0.230872
-0.172684
-0.097716
-0.017923
0.052331
0.109504
0.155217
0.188767
0.207668
0.212892
0.211938
0.207551
0.191717
0.161279
0.127461
0.105022
0.099990
0.108886
0.124940
0.142067
0.155918
0.165262
0.172328
0.179973
0.188666
0.197458
0.205007
0.207374
0.199409
0.179404
0.149100
0.111749
0.070938
0.028957
-0.011788
-0.049452
-0.084686
-0.118888
-0.153253
-0.185977
-0.211407
-0.221645
-0.207539
-0.164215
-0.098903
-0.029715
0.028341
0.072206
0.105633
0.130661
0.144616
0.145154
0.135104
0.119936
0.102960
0.084188
0.061787
0.034477
0.005061
-0.020566
-0.038106
-0.046791
-0.050877
-0.058919
-0.077759
-0.106558
-0.140471
-0.179046
-0.223060
-0.265724
-0.295482
-0.306485
-0.301299
-0.285847
-0.266192
-0.247735
-0.232236
-0.214314
-0.187277
-0.153539
-0.119266
-0.083136
-0.042215
0.000330
0.040169
0.077833
0.119085
0.166735
0.214229
0.251799
0.273720
0.277528
0.261878
0.229198
0.188631
0.153190
0.131805
0.124998
0.127079
0.130783
0.131175
0.125945
0.114509
0.098705
0.080578
0.059271
0.032068
-0.003332
-0.045328
-0.086609
-0.116941
-0.127928
-0.116503
-0.084727
-0.039748
0.007921
0.050390
0.084044
0.106266
0.115919
0.115366
0.108609
0.098469
0.086141
0.073243
0.062301
0.054491
0.049347
0.044809
0.036802
0.021416
-0.002896
-0.033598
-0.064397
-0.090526
-0.112342
-0.133012
-0.154895
-0.176538
-0.194237
-0.205848
-0.210017
-0.205757
-0.193644
-0.175946
-0.155539
-0.134289
-0.111774
-0.084974
-0.050390
-0.007961
0.037228
0.078674
0.113727
0.143773
0.168547
0.184012
0.187169
0.178619
0.159438
0.128956
0.085304
0.028597
-0.033635
-0.089776
-0.135355
-0.175876
-0.215091
-0.248868
-0.271774
-0.275497
-0.246413
-0.183410
-0.108632
-0.041791
0.018658
0.078985
0.135749
0.180308
0.206013
0.211723
0.201167
0.179040
0.150427
0.121105
0.095099
0.074609
0.060877
0.052892
0.047245
0.039450
0.027507
0.013726
0.002007
-0.003382
-0.000494
0.007477
0.015872
0.024378
0.037656
0.060722
0.093968
0.132729
0.169868
0.198231
0.213745
0.215580
0.205557
0.188897
0.172427
0.161838
0.158366
0.159719
0.162945
0.164562
0.161423
0.149332
0.123418
0.082346
0.029784
-0.027648
-0.081536
-0.124142
-0.153543
-0.173640
-0.189280
-0.203026
-0.215468
-0.227099
-0.237962
-0.245718
-0.247255
-0.241531
-0.228513
-0.208203
-0.180751
-0.147369
-0.110602
-0.073392
-0.039207
-0.011015
0.009244
0.020192
0.024484
0.030183
0.044219
0.065422
0.086011
0.099474
0.105540
0.108687
0.111936
0.115228
0.117555
0.117782
0.113599
0.102191
0.083960
0.062630
0.042371
0.024050
0.004508
-0.020055
-0.049754
-0.080921
-0.108538
-0.126517
-0.131004
-0.122969
-0.107294
-0.090649
-0.077407
-0.068825
-0.064618
-0.061948
-0.054813
-0.036270
-0.002975
0.042424
0.093226
0.140683
0.178321
0.204291
0.217447
0.216359
0.201908
0.177712
0.148336
0.117515
0.086187
0.051676
0.010792
-0.036282
-0.086342
-0.136044
-0.181414
-0.218441
-0.244833
-0.257371
-0.253673
-0.237742
-0.216770
-0.190757
-0.154037
-0.109016
-0.066081
-0.030883
-0.002421
0.020585
0.038844
0.053971
0.069809
0.090830
0.117966
0.147542
0.171860
0.183306
0.178073
0.157192
0.125463
0.087191
0.046422
0.007668
-0.026449
-0.055529
-0.080672
-0.101498
-0.115545
-0.122362
-0.123803
-0.122182
-0.119678
-0.117290
-0.114733
-0.110905
-0.104144
-0.093176
-0.077245
-0.055566
-0.028671
0.000146
0.023916
0.035063
0.030842
0.014400
-0.009661
-0.038540
-0.070489
-0.103905
-0.136493
-0.166315
-0.190877
-0.206139
-0.209505
-0.203541
-0.193670
-0.182412
-0.168090
-0.149107
-0.128151
-0.109137
-0.091599
-0.069419
-0.035507
0.013782
0.078371
0.153243
0.228823
0.297801
0.356642
0.403920
0.439771
0.458729
0.449063
0.406753
0.344146
0.281372
0.232238
0.197488
0.170873
0.147602
0.125386
0.103159
0.079900
0.053962
0.025945
-0.000187
-0.021088
-0.037234
-0.052282
-0.068755
-0.086148
-0.104608
-0.125462
-0.150149
-0.178636
-0.207530
-0.234814
-0.259840
-0.279536
-0.293443
-0.306590
-0.322617
-0.339783
-0.354230
-0.363148
-0.365934
-0.361732
-0.346958
-0.317955
-0.274437
-0.219207
-0.157762
-0.097426
-0.039794
0.019493
0.080726
0.137261
0.181538
0.209148
0.216511
0.202105
0.169575
0.128619
0.090632
0.062145
0.045149
0.039190
0.043360
0.055726
0.071778
0.087040
0.099677
0.108900
0.114074
0.116002
0.116190
0.116066
0.116333
0.118839
0.127477
0.144784
0.169621
0.197911
0.226302
0.253497
0.278557
0.299387
0.312942
0.318227
0.316643
0.309642
0.297716
0.279926
0.254662
0.221416
0.181893
0.138463
0.092360
0.045340
0.000521
-0.040945
-0.081471
-0.123234
-0.165476
-0.204520
-0.236285
-0.259306
-0.272768
-0.275756
-0.267653
-0.248035
-0.221524
-0.196726
-0.178020
-0.163302
-0.148432
-0.132045
-0.114447
-0.095279
-0.074285
-0.050680
-0.024873
-0.000395
0.019247
0.032402
0.037082
0.029473
0.006989
-0.029326
-0.074275
-0.119015
-0.153931
-0.170310
-0.164342
-0.140032
-0.106077
-0.072361
-0.045690
-0.027647
-0.016661
-0.010326
-0.007169
-0.005140
-0.000943
0.008939
0.028136
0.057679
0.095027
0.133285
0.163578
0.184000
0.199301
0.213359
0.223760
0.223207
0.208628
0.182996
0.151402
0.119909
0.093004
0.070619
0.049876
0.029404
0.009967
-0.008026
-0.025771
-0.044556
-0.063945
-0.082044
-0.096544
-0.106580
-0.114234
-0.123483
-0.135759
-0.148814
-0.161304
-0.172591
-0.179469
-0.177697
-0.164805
-0.142137
-0.114363
-0.086380
-0.061864
-0.042512
-0.029856
-0.025445
-0.028569
-0.037794
-0.050589
-0.062198
-0.069257
-0.070785
-0.066036
-0.054367
-0.036224
-0.014245
0.006810
0.020485
0.020951
0.007652
-0.014233
-0.037852
-0.058516
-0.075029
-0.088134
-0.098773
-0.107305
-0.113045
-0.115343
-0.113632
-0.105489
-0.087414
-0.059797
-0.030127
-0.007871
0.003141
0.006361
0.008633
0.015727
0.029647
0.047523
0.063447
0.073312
0.077201
0.075936
0.069616
0.058707
0.043199
0.022851
-0.001328
-0.027563
-0.053212
-0.074024
-0.086959
-0.091890
-0.091973
-0.090779
-0.088628
-0.084790
-0.078528
-0.068959
-0.055024
-0.034484
-0.005980
0.026613
0.053629
0.066677
0.066486
0.060163
0.054593
0.053207
0.056205
0.063600
0.075741
0.092936
0.113663
0.135354
0.157483
0.179444
0.199318
0.214434
0.220128
0.211458
0.186715
0.148837
0.104681
0.062611
0.030707
0.013221
0.007326
0.006470
0.006023
0.005702
0.006877
0.008731
0.008562
0.004670
-0.001603
-0.006645
-0.007569
-0.002609
0.009257
0.026466
0.044469
0.056599
0.058664
0.053259
0.046208
0.040709
0.034876
0.024012
0.006139
-0.016969
-0.042143
-0.066411
-0.089335
-0.111547
-0.132602
-0.152079
-0.169494
-0.185824
-0.203621
-0.223948
-0.245956
-0.267970
-0.288074
-0.304018
-0.313221
-0.313861
-0.304809
-0.284716
-0.253234
-0.211930
-0.163794
-0.111742
-0.058203
-0.006320
0.042131
0.086984
0.126377
0.157288
0.179059
0.193593
0.201915
0.203738
0.198378
0.185333
0.166720
0.147546
0.132216
0.121692
0.114072
0.106842
0.098259
0.088428
0.077764
0.065879
0.053861
0.044101
0.038739
0.039491
0.047383
0.062318
0.084458
0.112449
0.141917
0.169193
0.192884
0.213409
0.232086
0.248731
0.261084
0.267365
0.266727
0.258325
0.239793
0.206116
0.155495
0.094956
0.035940
-0.015261
-0.061186
-0.107707
-0.157723
-0.208229
-0.252170
-0.284240
-0.302414
-0.306190
-0.296525
-0.276037
-0.249163
-0.221272
-0.195636
-0.172526
-0.151157
-0.130412
-0.107825
-0.080089
-0.044359
-0.000871
0.044810
0.083602
0.107950
0.116635
0.113987
0.106081
0.097736
0.091588
0.087797
0.084329
0.079710
0.073767
0.066533
0.057818
0.046779
0.031981
0.012608
-0.011505
-0.041017
-0.076321
-0.114761
-0.149934
-0.176012
-0.191011
-0.193887
-0.181287
-0.150864
-0.106527
-0.058607
-0.017319
0.014124
0.038671
0.059823
0.079034
0.095604
0.107488
0.114330
0.117511
0.118662
0.119744
0.122234
0.126857
0.133355
0.140951
0.148378
0.154003
0.156437
0.155048
0.150203
0.140894
0.126612
0.109486
0.090584
0.069108
0.044761
0.019414
-0.002359
-0.017792
-0.029365
-0.040813
-0.052838
-0.063003
-0.068786
-0.070703
-0.072134
-0.075017
-0.078002
-0.078286
-0.074716
-0.068981
-0.061938
-0.053446
-0.044232
-0.035577
-0.028241
-0.022402
-0.019540
-0.020772
-0.025440
-0.033620
-0.045451
-0.059275
-0.072880
-0.084436
-0.092269
-0.094904
-0.091501
-0.082956
-0.072141
-0.061687
-0.053026
-0.045685
-0.036420
-0.021755
-0.001353
0.021651
0.043854
0.062431
0.075554
0.084242
0.090178
0.093087
0.090218
0.078786
0.058591
0.030579
-0.003333
-0.039150
-0.071810
-0.096693
-0.112637
-0.120643
-0.119940
-0.109389
-0.089301
-0.062466
-0.033036
-0.003648
0.024977
0.053433
0.081865
0.109162
0.133773
0.153268
0.165575
0.171675
0.175334
0.178091
0.177437
0.170550
0.156586
0.135766
0.107107
0.071240
0.032758
-0.003501
-0.036299
-0.068475
-0.103241
-0.140301
-0.176279
-0.207371
-0.229617
-0.240228
-0.239479
-0.229277
-0.212322
-0.191116
-0.168505
-0.149299
-0.135643
-0.124465
-0.112428
-0.098507
-0.083533
-0.069585
-0.058417
-0.051230
-0.047815
-0.045688
-0.042900
-0.038461
-0.030600
-0.018185
-0.001312
0.019402
0.043024
0.068914
0.096321
0.124212
0.151089
0.174838
0.193583
0.205268
0.207420
0.197113
0.173645
0.142207
0.111196
0.086948
0.069940
0.054833
0.035872
0.012608
-0.010314
-0.029389
-0.044355
-0.054286
-0.056040
-0.046610
-0.026508
0.000769
0.030443
0.057497
0.077912
0.088728
0.089552
0.082022
0.067491
0.047867
0.025961
0.003639
-0.016681
-0.030450
-0.033636
-0.025961
-0.012129
0.000693
0.006584
0.002732
-0.009511
-0.026571
-0.046456
-0.067345
-0.086301
-0.101153
-0.111404
-0.117595
-0.118946
-0.113507
-0.098982
-0.074836
-0.044780
-0.013995
0.015182
0.042753
0.068696
0.093755
0.118926
0.144319
0.169031
0.191071
0.208016
0.217434
0.217085
0.204836
0.179282
0.140038
0.087656
0.027438
-0.028197
-0.068902
-0.095444
-0.114949
-0.131586
-0.143636
-0.147959
-0.144629
-0.136642
-0.126904
-0.116890
-0.107065
-0.097963
-0.089201
-0.076681
-0.056115
-0.026092
0.012545
0.055363
0.097283
0.135164
0.166295
0.188822
0.202151
0.207298
0.205995
0.198302
0.182165
0.155611
0.119810
0.079133
0.037558
-0.003595
-0.042697
-0.076778
-0.105571
-0.132360
-0.159921
-0.187263
-0.209733
-0.222039
-0.221876
-0.209401
-0.184538
-0.147983
-0.104065
-0.059307
-0.017620
0.019329
0.051491
0.082290
0.113676
0.142299
0.163237
0.173921
0.175712
0.172213
0.166052
0.157401
0.144361
0.125588
0.101359
0.072481
0.041023
0.010029
-0.018008
-0.040424
-0.053375
-0.054310
-0.046184
-0.035041
-0.024234
-0.013804
-0.003331
0.005640
0.009686
0.006925
0.000233
-0.005880
-0.009477
-0.011000
-0.011040
-0.008847
-0.001697
0.012638
0.031569
0.050154
0.064658
0.072549
0.072684
0.066225
0.057120
0.049586
0.044940
0.041153
0.034934
0.024082
0.008034
-0.013235
-0.038280
-0.063876
-0.088437
-0.111274
-0.130192
-0.143111
-0.149494
-0.149434
-0.143324
-0.131955
-0.115845
-0.096946
-0.080538
-0.072105
-0.071871
-0.074948
-0.076420
-0.074684
-0.069857
-0.060929
-0.047200
-0.030537
-0.014726
-0.002448
0.005793
0.008848
0.004878
-0.006489
-0.022822
-0.037734
-0.045019
-0.044583
-0.041286
-0.038788
-0.035892
-0.029469
-0.018224
-0.003477
0.011125
0.022309
0.029517
0.034042
0.038382
0.045347
0.056406
0.071778
0.090431
0.109838
0.127183
0.139718
0.143848
0.135780
0.114275
0.082497
0.046975
0.014427
-0.011321
-0.029933
-0.042851
-0.051549
-0.057468
-0.061515
-0.063455
-0.063618
-0.063560
-0.063845
-0.063456
-0.061243
-0.055716
-0.045641
-0.031019
-0.012768
0.006175
0.021335
0.029612
0.030496
0.025889
0.018915
0.012508
0.008455
0.005861
0.001580
-0.007474
-0.022606
-0.041885
-0.060429
-0.073304
-0.078793
-0.079712
-0.079325
-0.078106
-0.075704
-0.072013
-0.067336
-0.062081
-0.056503
-0.050626
-0.044386
-0.039126
-0.036778
-0.037562
-0.040471
-0.044713
-0.049183
-0.051343
-0.048109
-0.037176
-0.018844
0.002759
0.022854
0.038997
0.050497
0.057480
0.060074
0.058414
0.054211
0.050467
0.049143
0.049849
0.051234
0.053103
0.056199
0.060991
0.066361
0.070258
0.072066
0.071950
0.069776
0.066016
0.061360
0.055645
0.048908
0.042675
0.038401
0.035903
0.033929
0.030777
0.024855
0.015878
0.005435
-0.003210
-0.005312
0.002932
0.020764
0.043615
0.065790
0.082260
0.090998
0.093670
0.093649
0.093147
0.092217
0.089068
0.081651
0.069376
0.052809
0.032633
0.009118
-0.016987
-0.044253
-0.071259
-0.097255
-0.121527
-0.141873
-0.156308
-0.164084
-0.164686
-0.158714
-0.147476
-0.132283
-0.115585
-0.099728
-0.085318
-0.071696
-0.057591
-0.042005
-0.025639
-0.010386
0.002582
0.013164
0.021551
0.027354
0.029350
0.026173
0.017661
0.004922
-0.010488
-0.025878
-0.037403
-0.042474
-0.041075
-0.034299
-0.022741
-0.006884
0.011559
0.029642
0.044895
0.056297
0.063254
0.066847
0.069916
0.074114
0.079295
0.084185
0.087389
0.087746
0.084342
0.076415
0.063003
0.045319
0.028254
0.017045
0.013212
0.014020
0.015588
0.016087
0.016152
0.017856
0.023305
0.032827
0.043650
0.051133
0.052767
0.049429
0.042569
0.032518
0.020152
0.007871
-0.001994
-0.007826
-0.009155
-0.007186
-0.004509
-0.003407
-0.004557
-0.008281
-0.014496
-0.022604
-0.032381
-0.043550
-0.055229
-0.066261
-0.075787
-0.082903
-0.087607
-0.091421
-0.094960
-0.096843
-0.095318
-0.089264
-0.078748
-0.064435
-0.046455
-0.025985
-0.006791
0.006599
0.013648
0.018238
0.023896
0.032076
0.042938
0.056459
0.073046
0.092225
0.111760
0.128649
0.141199
0.148771
0.150591
0.146092
0.134878
0.116390
0.091341
0.062446
0.032385
0.003833
-0.020351
-0.038905
-0.052345
-0.061736
-0.067963
-0.070877
-0.069713
-0.065760
-0.061539
-0.057328
-0.051468
-0.043052
-0.032179
-0.018581
-0.002176
0.016219
0.034370
0.049009
0.058849
0.065204
0.069795
0.073588
0.077253
0.081417
0.085557
0.087614
0.084777
0.075285
0.059656
0.041468
0.027152
0.021503
0.022881
0.024755
0.022466
0.016385
0.008836
0.000517
-0.009503
-0.020740
-0.030530
-0.037186
-0.041901
-0.046731
-0.051743
-0.055395
-0.056611
-0.055988
-0.055459
-0.057080
-0.062120
-0.070232
-0.080178
-0.089391
-0.093620
-0.090679
-0.082966
-0.074494
-0.067895
-0.065109
-0.066164
-0.068124
-0.068968
-0.069226
-0.069045
-0.067312
-0.063465
-0.058031
-0.051506
-0.044031
-0.036317
-0.030086
-0.027037
-0.027217
-0.028454
-0.027634
-0.023263
-0.015353
-0.004748
0.006100
0.014718
0.020426
0.023840
0.025238
0.024511
0.021875
0.018345
0.015775
0.015722
0.019131
0.026226
0.035895
0.046129
0.056015
0.065982
0.075650
0.083555
0.087891
0.086958
0.080435
0.070225
0.059905
0.052536
0.048347
0.045670
0.043406
0.041663
0.041125
0.041639
0.041754
0.040347
0.038375
0.037308
0.036572
0.034511
0.030427
0.024975
0.018545
0.010183
-0.000739
-0.013191
-0.025350
-0.035518
-0.042585
-0.046023
-0.045468
-0.041312
-0.035252
-0.029384
-0.025718
-0.025381
-0.027207
-0.029153
-0.030485
-0.031845
-0.034203
-0.037504
-0.040562
-0.042505
-0.042754
-0.040588
-0.036505
-0.032194
-0.028966
-0.027309
-0.027254
-0.028210
-0.028875
-0.027932
-0.024174
-0.016786
-0.005886
0.007401
0.020382
0.030112
0.035565
0.038123
0.040517
0.043919
0.047231
0.049154
0.048723
0.045380
0.039901
0.033716
0.027244
0.020344
0.013888
0.008627
0.004178
0.000139
-0.003420
-0.005528
-0.004736
-0.000508
0.006159
0.013122
0.017915
0.019006
0.016091
0.009584
0.000215
-0.011092
-0.022686
-0.032602
-0.039647
-0.043824
-0.045436
-0.044448
-0.040933
-0.035226
-0.028035
-0.021098
-0.016741
-0.016002
-0.017229
-0.017180
-0.014244
-0.009136
-0.003371
0.001908
0.006165
0.008938
0.010470
0.011354
0.010450
0.005772
-0.002730
-0.012272
-0.019437
-0.023045
-0.023875
-0.023188
-0.021080
-0.016402
-0.009399
-0.002288
0.003485
0.008064
0.010868
0.010186
0.005271
-0.002862
-0.011799
-0.018160
-0.018727
-0.012549
-0.002198
0.008634
0.017584
0.023961
0.028070
0.029657
0.028906
0.027704
0.027302
0.027423
0.027794
0.028273
0.028042
0.025993
0.022251
0.017905
0.014162
0.011856
0.010789
0.010130
0.008978
0.006432
0.001520
-0.005303
-0.011240
-0.013808
-0.012751
-0.009199
-0.005333
-0.002978
-0.001712
-0.000487
0.000283
-0.000359
-0.002637
-0.006925
-0.014351
-0.025199
-0.037168
-0.046842
-0.052224
-0.053154
-0.050914
-0.047257
-0.043032
-0.038065
-0.032774
-0.027604
-0.021921
-0.015802
-0.010409
-0.006954
-0.005479
-0.003358
0.003601
0.017264
0.034811
0.050725
0.060091
0.060517
0.052990
0.040761
0.026940
0.013239
0.000607
-0.009676
-0.016404
-0.019264
-0.019074
-0.016905
-0.013093
-0.008113
-0.003350
0.000154
0.002336
0.002918
0.002335
0.002690
0.005574
0.010536
0.015014
0.016391
0.014879
0.012401
0.009613
0.006159
0.001879
-0.003456
-0.009193
-0.013307
-0.014645
-0.014317
-0.013705
-0.012572
-0.010015
-0.005437
0.001234
0.008643
0.014913
0.019990
0.024821
0.029477
0.033531
0.036075
0.035546
0.030755
0.022064
0.011914
0.004149
0.000794
-0.000053
-0.001615
-0.005438
-0.010916
-0.016796
-0.021553
-0.023075
-0.020077
-0.013327
-0.005406
0.001038
0.004477
0.004548
0.002709
0.001498
0.001558
0.001537
0.001207
0.001786
0.003601
0.005753
0.007520
0.008465
0.008169
0.006575
0.003836
-0.000237
-0.005621
-0.010736
-0.013426
-0.012776
-0.008652
-0.001413
0.006884
0.013434
0.016755
0.017178
0.016504
0.016369
0.016593
0.016132
0.015121
0.014436
0.013944
0.013054
0.012082
0.010704
0.007234
0.001211
-0.005710
-0.011160
-0.013707
-0.013991
-0.013968
-0.014839
-0.015961
-0.016573
-0.017429
-0.019720
-0.023420
-0.026680
-0.027599
-0.026640
-0.025690
-0.025216
-0.023377
-0.018120
-0.009994
-0.001162
0.007480
0.016069
0.024555
0.032418
0.038824
0.043603
0.047158
0.049443
0.049998
0.047982
0.042455
0.032986
0.019703
0.003467
-0.014172
-0.031730
-0.047369
-0.058694
-0.064488
-0.065206
-0.062238
-0.057252
-0.051299
-0.044532
-0.036760
-0.027631
-0.016689
-0.004423
0.007341
0.017262
0.025661
0.033416
0.040467
0.045244
0.046827
0.046748
0.046597
0.046318
0.045039
0.041993
0.036897
0.029563
0.019523
0.007150
-0.004800
-0.012717
-0.015536
-0.015202
-0.014140
-0.013409
-0.012522
-0.010821
-0.008538
-0.006179
-0.003785
-0.000623
0.004432
0.011852
0.020201
0.026136
0.026568
0.021135
0.012223
0.002045
-0.008539
-0.018572
-0.027001
-0.033604
-0.038993
-0.044132
-0.049439
-0.053864
-0.056220
-0.057036
-0.057768
-0.058713
-0.058928
-0.057964
-0.055865
-0.052705
-0.048587
-0.043237
-0.036810
-0.029219
-0.018389
-0.002479
0.017441
0.038941
0.060190
0.079845
0.096627
0.109112
0.116570
0.119814
0.120217
0.119044
0.116777
0.112156
0.103469
0.090295
0.074049
0.057345
0.041888
0.027233
0.012579
-0.001652
-0.014669
-0.026385
-0.037349
-0.047868
-0.057573
-0.065363
-0.070318
-0.072923
-0.074352
-0.074747
-0.072406
-0.066032
-0.057134
-0.047889
-0.039221
-0.031975
-0.026751
-0.022889
-0.019905
-0.018718
-0.019867
-0.022008
-0.023021
-0.022330
-0.021209
-0.020864
-0.021668
-0.023053
-0.023988
-0.024384
-0.024863
-0.025335
-0.025384
-0.024968
-0.023722
-0.021358
-0.018695
-0.016701
-0.015168
-0.013359
-0.010961
-0.007942
-0.004232
-0.000205
0.003012
0.004788
0.005655
0.006500
0.007620
0.008500
0.009076
0.010116
0.012137
0.015406
0.020438
0.027356
0.034726
0.039860
0.041054
0.038966
0.035518
0.031140
0.024138
0.014228
0.004131
-0.003088
-0.006576
-0.007886
-0.009201
-0.011402
-0.014062
-0.017424
-0.022719
-0.030321
-0.039038
-0.046635
-0.051121
-0.051715
-0.048907
-0.043681
-0.035634
-0.023769
-0.009434
0.004447
0.016274
0.025772
0.032655
0.036887
0.039272
0.041149
0.043210
0.045007
0.046176
0.046717
0.046350
0.045335
0.043730
0.039384
0.029553
0.013323
-0.007868
-0.030185
-0.048845
-0.060492
-0.064011
-0.060097
-0.050614
-0.037424
-0.021819
-0.005427
0.008948
0.018955
0.025251
0.029770
0.032748
0.033750
0.032827
0.029734
0.024559
0.018306
0.011693
0.005044
-0.001097
-0.007115
-0.014193
-0.021618
-0.027336
-0.030780
-0.032176
-0.030901
-0.026557
-0.020188
-0.013347
-0.007013
-0.001281
0.004179
0.009083
0.012475
0.013498
0.012201
0.009341
0.005176
-0.000354
-0.006035
-0.009515
-0.010180
-0.009897
-0.009904
-0.009784
-0.009547
-0.010036
-0.011309
-0.012360
-0.012556
-0.012101
-0.011100
-0.009246
-0.006428
-0.002758
0.001995
0.007922
0.014105
0.019294
0.023133
0.026098
0.028348
0.029612
0.029448
0.026772
0.020823
0.012255
0.002612
-0.006099
-0.011855
-0.014225
-0.015044
-0.016094
-0.017363
-0.017965
-0.017495
-0.016673
-0.016830
-0.018928
-0.023409
-0.029786
-0.036048
-0.040115
-0.041563
-0.040427
-0.035718
-0.026849
-0.015283
-0.003865
0.004555
0.008734
0.009950
0.010000
0.009480
0.008865
0.009367
0.012289
0.017832
0.024334
0.029664
0.033315
0.036072
0.038422
0.040510
0.042384
0.043467
0.043455
0.043045
0.042092
0.038545
0.030612
0.018712
0.004864
-0.008450
-0.019311
-0.027398
-0.033427
-0.037629
-0.039758
-0.040234
-0.040305
-0.040651
-0.040599
-0.039318
-0.035738
-0.028281
-0.017045
-0.004890
0.004614
0.010140
0.013077
0.015689
0.019468
0.024287
0.029098
0.032777
0.033949
0.032263
0.028943
0.024219
0.017271
0.009296
0.002768
-0.002054
-0.006881
-0.011990
-0.015495
-0.015446
-0.011365
-0.004681
0.002414
0.008639
0.013887
0.018370
0.021793
0.023932
0.025097
0.025494
0.025484
0.025664
0.026189
0.026826
0.027076
0.025967
0.022683
0.017061
0.009431
0.001191
-0.005740
-0.010930
-0.015779
-0.022242
-0.031361
-0.042352
-0.053097
-0.061485
-0.066531
-0.067819
-0.064321
-0.055896
-0.044947
-0.034344
-0.025216
-0.017835
-0.012467
-0.008892
-0.006355
-0.004340
-0.003135
-0.003113
-0.004183
-0.006266
-0.009068
-0.011316
-0.011743
-0.010484
-0.008448
-0.005828
-0.001816
0.004180
0.011776
0.019765
0.026809
0.032222
0.036098
0.039008
0.041428
0.043708
0.045804
0.046795
0.045598
0.041352
0.033432
0.022007
0.008934
-0.002498
-0.009738
-0.012534
-0.012897
-0.013275
-0.014607
-0.016696
-0.018897
-0.020465
-0.021378
-0.022187
-0.023597
-0.026790
-0.032789
-0.041585
-0.051548
-0.059874
-0.064642
-0.065489
-0.062821
-0.056808
-0.047285
-0.035376
-0.023739
-0.014613
-0.008698
-0.005679
-0.005035
-0.006641
-0.010021
-0.013344
-0.015210
-0.016258
-0.017542
-0.018871
-0.019473
-0.019164
-0.018602
-0.018604
-0.019086
-0.019242
-0.018568
-0.016828
-0.013713
-0.009530
-0.005448
-0.002651
-0.001409
-0.000514
0.001434
0.004703
0.009402
0.015848
0.023213
0.029159
0.031871
0.031637
0.029387
0.024998
0.018810
0.013084
0.009702
0.008411
0.008386
0.009370
0.010927
0.012200
0.012719
0.012394
0.011105
0.009025
0.006834
0.004853
0.002850
0.001077
0.000099
-0.000228
-0.000734
-0.001714
-0.002596
-0.002805
-0.002166
-0.000593
0.002042
0.005598
0.009989
0.014665
0.018337
0.020723
0.022827
0.025479
0.028455
0.030765
0.031809
0.031656
0.029823
0.025109
0.017850
0.010591
0.005428
0.002401
0.000570
-0.000835
-0.001932
-0.002397
-0.002302
-0.002049
-0.001763
-0.000905
0.000858
0.003025
0.005508
0.008201
0.010055
0.010403
0.009710
0.008331
0.005989
0.002400
-0.002157
-0.006399
-0.008942
-0.009820
-0.010167
-0.010475
-0.010380
-0.009685
-0.008586
-0.007463
-0.006400
-0.004958
-0.003130
-0.001150
0.001424
0.004900
0.009649
0.016330
0.023880
0.029242
0.030776
0.030182
0.029464
0.028201
0.025465
0.022311
0.020529
0.020521
0.021476
0.022324
0.022573
0.022275
0.021912
0.021898
0.021514
0.019695
0.016386
0.012523
0.008632
0.004557
0.000631
-0.002777
-0.005882
-0.008329
-0.009232
-0.009097
-0.009784
-0.012056
-0.015088
-0.018327
-0.022009
-0.026148
-0.030439
-0.034739
-0.038647
-0.041096
-0.040974
-0.038888
-0.036730
-0.034829
-0.031707
-0.025981
-0.017285
-0.006223
0.005539
0.015509
0.021807
0.024284
0.023734
0.020840
0.016640
0.012481
0.009163
0.007131
0.006817
0.008273
0.011070
0.014395
0.017004
0.018143
0.018332
0.018320
0.018211
0.017638
0.015926
0.013186
0.010617
0.008780
0.007252
0.005896
0.004762
0.003718
0.003004
0.002721
0.002374
0.001365
-0.000936
-0.004892
-0.009491
-0.013193
-0.016147
-0.018929
-0.021179
-0.023002
-0.024579
-0.025358
-0.024957
-0.022841
-0.018155
-0.011297
-0.004068
0.002035
0.006719
0.010180
0.012589
0.014315
0.015798
0.017162
0.017832
0.017309
0.015780
0.013497
0.011015
0.009165
0.008282
0.008265
0.009134
0.010511
0.011418
0.012220
0.014275
0.017023
0.018845
0.019813
0.020933
0.022250
0.022999
0.022519
0.020640
0.017563
0.013698
0.009922
0.007178
0.004996
0.001745
-0.003386
-0.009920
-0.016888
-0.023480
-0.029380
-0.034268
-0.037588
-0.039207
-0.039589
-0.039271
-0.038709
-0.038026
-0.036642
-0.034093
-0.030615
-0.026182
-0.020270
-0.012969
-0.005443
0.000694
0.004771
0.007614
0.010186
0.012452
0.014041
0.014896
0.015027
0.014509
0.013531
0.012384
0.011426
0.011163
0.012299
0.015072
0.018838
0.022448
0.025054
0.026469
0.026883
0.026580
0.025189
0.021983
0.017620
0.013641
0.010896
0.009579
0.008922
0.007390
0.004524
0.001072
-0.002882
-0.008147
-0.014755
-0.021496
-0.027355
-0.032099
-0.035182
-0.035646
-0.033603
-0.030521
-0.027742
-0.025734
-0.024539
-0.024088
-0.024266
-0.024988
-0.026176
-0.027038
-0.026096
-0.022642
-0.017145
-0.010235
-0.003129
0.001583
0.002719
0.002305
0.002022
0.000926
-0.001843
-0.005280
-0.008224
-0.010362
-0.011613
-0.012084
-0.011916
-0.010469
-0.006994
-0.001805
0.004187
0.010490
0.016792
0.022096
0.025500
0.026923
0.026812
0.026202
0.026037
0.026455
0.027072
0.027653
0.028847
0.031063
0.032809
0.031961
0.028423
0.023944
0.019336
0.013701
0.006278
-0.002117
-0.009355
-0.013641
-0.014936
-0.014759
-0.014405
-0.013474
-0.011465
-0.009457
-0.008684
-0.009363
-0.011018
-0.012819
-0.013975
-0.013955
-0.012577
-0.010297
-0.008286
-0.007330
-0.006999
-0.006524
-0.005743
-0.004768
-0.003226
-0.000861
0.001479
0.002907
0.004090
0.006392
0.009597
0.011957
0.012591
0.012145
0.011724
0.011978
0.012429
0.012472
0.013013
0.015327
0.019201
0.023759
0.027734
0.029226
0.027948
0.025254
0.021374
0.015771
0.008627
0.000372
-0.008551
-0.018139
-0.028670
-0.038776
-0.045867
-0.048840
-0.049004
-0.048376
-0.047652
-0.046216
-0.043537
-0.040098
-0.036725
-0.032699
-0.026071
-0.016998
-0.007655
0.000738
0.007825
0.012850
0.015466
0.016939
0.018530
0.019729
0.019836
0.019148
0.018181
0.017426
0.017077
0.016496
0.014908
0.012636
0.011074
0.011193
0.012359
0.013191
0.013371
0.013892
0.015324
0.017151
0.018879
0.020106
0.020325
0.019370
0.017497
0.015271
0.013259
0.011895
0.011607
0.012238
0.012656
0.012181
0.011086
0.009361
0.007144
0.004741
0.001434
-0.003714
-0.010844
-0.019262
-0.027400
-0.033787
-0.038071
-0.040304
-0.040379
-0.038994
-0.037299
-0.035307
-0.032512
-0.028873
-0.024159
-0.018618
-0.013214
-0.008374
-0.004484
-0.002183
-0.000817
0.001323
0.004507
0.007519
0.009651
0.011394
0.013664
0.016366
0.018601
0.019903
0.020510
0.020709
0.019651
0.016495
0.012408
0.008683
0.005140
0.001790
-0.000909
-0.003030
-0.004617
-0.005094
-0.004264
-0.002847
-0.001352
0.000595
0.003646
0.008466
0.015284
0.022603
0.028314
0.031871
0.033562
0.033240
0.030247
0.023889
0.014658
0.004917
-0.002774
-0.007764
-0.010899
-0.013082
-0.014734
-0.015930
-0.016803
-0.017573
-0.018159
-0.018189
-0.017436
-0.015881
-0.013600
-0.010676
-0.007228
-0.003571
-0.000040
0.003067
0.005283
0.006467
0.007341
0.008798
0.010812
0.012518
0.013676
0.014728
0.015550
0.015807
0.015266
0.013128
0.008387
0.001360
-0.005856
-0.011082
-0.013825
-0.015252
-0.016332
-0.016227
-0.013075
-0.005924
0.004122
0.014453
0.022445
0.026594
0.027490
0.026637
0.023979
0.019127
0.013419
0.008540
0.005477
0.004314
0.003835
0.002982
0.002264
0.002272
0.002152
0.001044
-0.000374
-0.001271
-0.002201
-0.003775
-0.005524
-0.006575
-0.006661
-0.006293
-0.006035
-0.006256
-0.006889
-0.007742
-0.008832
-0.009643
-0.009241
-0.006986
-0.002695
0.003720
0.011592
0.018816
0.023803
0.026670
0.028173
0.028509
0.027495
0.025298
0.022032
0.017836
0.013288
0.008956
0.005166
0.002097
-0.000195
-0.001650
-0.002154
-0.002010
-0.001839
-0.001409
0.000066
0.002115
0.003072
0.001825
-0.001058
-0.004251
-0.007480
-0.010998
-0.014261
-0.016696
-0.018550
-0.020182
-0.021427
-0.021798
-0.020725
-0.018243
-0.015208
-0.012315
-0.009693
-0.007081
-0.004361
-0.002261
-0.001359
-0.001009
-0.000353
0.000546
0.001122
0.001080
0.000526
0.000359
0.001618
0.003672
0.005222
0.006568
0.008836
0.012046
0.015300
0.017837
0.019761
0.022085
0.024755
0.025826
0.023714
0.018574
0.011032
0.001468
-0.008366
-0.015594
-0.019283
-0.020880
-0.021939
-0.022881
-0.023122
-0.021861
-0.018987
-0.015313
-0.012071
-0.010436
-0.010516
-0.010682
-0.009767
-0.008680
-0.008279
-0.007869
-0.006075
-0.002331
0.002310
0.006322
0.008559
0.008058
0.004857
0.000479
-0.003571
-0.007061
-0.010524
-0.014181
-0.017542
-0.019821
-0.020061
-0.017705
-0.013884
-0.010316
-0.007404
-0.004714
-0.001849
0.001309
0.004168
0.006025
0.007110
0.008198
0.009851
0.011753
0.013215
0.014482
0.016187
0.018067
0.019216
0.019006
0.017654
0.016345
0.016098
0.016635
0.016858
0.016590
0.016518
0.016371
0.015390
0.013703
0.011873
0.009659
0.006139
0.001118
-0.004569
-0.010222
-0.015862
-0.021303
-0.025256
-0.026616
-0.025621
-0.022886
-0.019397
-0.016281
-0.013196
-0.009273
-0.005270
-0.002390
0.000071
0.003344
0.006688
0.008659
0.009720
0.010913
0.012020
0.013256
0.015367
0.017812
0.019295
0.019239
0.018011
0.015571
0.011328
0.005983
0.001228
-0.002325
-0.005406
-0.008395
-0.010852
-0.012739
-0.014472
-0.015586
-0.014955
-0.012791
-0.010574
-0.008640
-0.005984
-0.002590
0.000107
0.001165
0.001455
0.002230
0.003060
0.003053
0.002445
0.001684
0.001028
0.000535
-0.000115
-0.001003
-0.002210
-0.004546
-0.008138
-0.011417
-0.013438
-0.014845
-0.015832
-0.015776
-0.014631
-0.013006
-0.011084
-0.008310
-0.004599
-0.001013
0.001637
0.003512
0.004873
0.005671
0.005979
0.006148
0.006213
0.005911
0.005333
0.005047
0.005251
0.004871
0.002990
0.000375
-0.001792
-0.003236
-0.004425
-0.005760
-0.006999
-0.007950
-0.008619
-0.008702
-0.008278
-0.007551
-0.006192
-0.004417
-0.002988
-0.001588
0.000649
0.003426
0.005893
0.007613
0.008568
0.009414
0.010673
0.011708
0.011731
0.011203
0.011068
0.011261
0.010913
0.009561
0.007718
0.006244
0.005509
0.004976
0.003895
0.002501
0.001463
0.000899
0.000636
0.000341
-0.000541
-0.001841
-0.002960
-0.003841
-0.004501
-0.005464
-0.007620
-0.010859
-0.014356
-0.017289
-0.019285
-0.020856
-0.022582
-0.023820
-0.023340
-0.021038
-0.017584
-0.013402
-0.008911
-0.004667
-0.001228
0.001504
0.004488
0.008163
0.011677
0.014225
0.016041
0.017402
0.017823
0.017235
0.016759
0.016980
0.016921
0.015902
0.014396
0.012934
0.011786
0.010933
0.010157
0.009412
0.008611
0.007501
0.006350
0.005867
0.006195
0.006549
0.005931
0.004563
0.003704
0.003635
0.003071
0.001227
-0.001056
-0.003016
-0.004347
-0.004370
-0.003202
-0.002103
-0.001460
-0.000456
0.001373
0.003561
0.005306
0.006289
0.006584
0.006184
0.005300
0.004522
0.004108
0.003515
0.002221
0.000644
-0.000488
-0.000943
-0.000949
-0.000840
-0.000480
0.000203
0.000802
0.001455
0.002556
0.003904
0.005423
0.007183
0.008667
0.009283
0.009118
0.008578
0.007829
0.006685
0.005162
0.004451
0.005629
0.007619
0.008683
0.009096
0.010344
0.012374
0.013367
0.012171
0.009578
0.007162
0.005436
0.003418
0.000478
-0.002603
-0.005107
-0.007396
-0.009977
-0.012555
-0.014597
-0.015987
-0.016524
-0.016249
-0.015967
-0.015933
-0.015477
-0.014255
-0.012910
-0.012596
-0.013487
-0.014442
-0.014608
-0.014148
-0.013462
-0.012624
-0.011267
-0.009304
-0.007131
-0.004530
-0.001455
0.001272
0.003421
0.005338
0.007144
0.008944
0.010400
0.010594
0.009692
0.009171
0.009456
0.009413
0.008388
0.007101
0.006547
0.006589
0.006175
0.004854
0.003036
0.001434
0.000336
-0.001182
-0.003541
-0.005343
-0.005903
-0.006175
-0.006600
-0.006801
-0.006952
-0.007667
-0.008932
-0.010280
-0.011208
-0.011614
-0.011879
-0.011522
-0.009752
-0.006975
-0.003959
-0.001073
0.001552
0.003897
0.005974
0.007682
0.008727
0.009082
0.008500
0.006605
0.004600
0.003897
0.003527
0.001962
-0.000187
-0.001487
-0.001662
-0.001237
-0.000560
0.000286
0.001119
0.001914
0.002522
0.002452
0.001774
0.001172
0.001089
0.001341
0.001488
0.001344
0.000747
-0.000749
-0.002792
-0.004032
-0.004355
-0.005212
-0.006781
-0.007396
-0.006431
-0.005228
-0.004625
-0.003856
-0.002068
0.000336
0.001846
0.001732
0.000659
-0.000687
-0.001944
-0.003209
-0.005044
-0.007388
-0.009367
-0.010570
-0.011720
-0.012857
-0.012289
-0.009493
-0.006539
-0.004782
-0.003148
-0.000650
0.002064
0.003851
0.004328
0.003977
0.003285
0.002523
0.001968
0.001519
0.001091
0.001075
0.001522
0.002212
0.003154
0.004069
0.004708
0.005255
0.005577
0.005312
0.004496
0.003336
0.001852
0.000020
-0.001999
-0.003986
-0.005814
-0.007367
-0.008140
-0.007744
-0.006933
-0.006588
-0.006481
-0.006322
-0.006589
-0.007462
-0.008199
-0.008226
-0.007863
-0.007447
-0.007021
-0.006980
-0.007426
-0.007383
-0.005927
-0.003538
-0.001379
0.000370
0.002212
0.004101
0.005759
0.007433
0.009365
0.011245
0.012929
0.014684
0.016202
0.016386
0.014824
0.012533
0.010368
0.008061
0.005427
0.003200
0.002390
0.003026
0.003566
0.002511
0.000520
-0.000552
-0.000350
-0.000228
-0.001324
-0.003523
-0.005758
-0.007151
-0.007919
-0.008833
-0.010089
-0.011228
-0.011953
-0.012446
-0.012886
-0.013207
-0.013437
-0.013708
-0.013804
-0.013118
-0.011405
-0.009081
-0.006621
-0.004209
-0.001658
0.000832
0.002265
0.002563
0.003043
0.004308
0.005460
0.006026
0.007108
0.009651
0.012654
0.014357
0.014811
0.015794
0.018206
0.020926
0.022237
0.021752
0.020652
0.020102
0.020186
0.020184
0.019042
0.016585
0.014089
0.012354
0.010525
0.007360
0.003160
-0.000224
-0.002099
-0.003746
-0.005925
-0.008106
-0.010085
-0.011870
-0.012874
-0.012860
-0.012442
-0.012139
-0.011849
-0.011462
-0.011228
-0.011089
-0.010188
-0.008225
-0.006500
-0.005792
-0.005223
-0.003929
-0.001889
0.000120
0.001189
0.001376
0.001170
0.000173
-0.001950
-0.004051
-0.005180
-0.005809
-0.005969
-0.004885
-0.002599
-0.000046
0.001974
0.003296
0.004169
0.004578
0.004290
0.003699
0.003663
0.004239
0.004705
0.004873
0.005710
0.008010
0.010534
0.011664
0.011680
0.011444
0.011041
0.010041
0.008324
0.006663
0.005865
0.005851
0.005860
0.005564
0.005490
0.005500
0.004902
0.004090
0.003595
0.002887
0.001541
-0.000164
-0.002024
-0.003913
-0.005777
-0.007471
-0.008234
-0.007921
-0.007379
-0.006817
-0.006094
-0.005931
-0.006600
-0.006887
-0.006278
-0.005591
-0.005034
-0.004307
-0.003512
-0.002806
-0.001863
-0.000398
0.001003
0.001808
0.002434
0.003255
0.003666
0.002937
0.001798
0.001343
0.001122
0.000494
-0.000253
-0.000869
-0.001390
-0.001561
-0.001111
-0.000359
0.000119
-0.000014
-0.000547
-0.000848
-0.000803
-0.000972
-0.001641
-0.002363
-0.002572
-0.002259
-0.002135
-0.002571
-0.002480
-0.000916
0.001443
0.003718
0.005917
0.008243
0.011052
0.014691
0.018622
0.021606
0.022744
0.022461
0.021448
0.019102
0.014886
0.009910
0.005485
0.001645
-0.001680
-0.004280
-0.006602
-0.008927
-0.010910
-0.012501
-0.014314
-0.016932
-0.019729
-0.021455
-0.022176
-0.022798
-0.023301
-0.023682
-0.024363
-0.025003
-0.025372
-0.026019
-0.027561
-0.029974
-0.032377
-0.034011
-0.034532
-0.033444
-0.030289
-0.024852
-0.017133
-0.007713
0.001954
0.010594
0.018557
0.026464
0.033528
0.038968
0.043017
0.045856
0.046709
0.044262
0.038015
0.029281
0.020327
0.011819
0.002938
-0.005242
-0.010659
-0.013925
-0.017092
-0.020380
-0.022153
-0.021406
-0.018691
-0.014671
-0.009682
-0.004388
0.000364
0.004499
0.008611
0.012500
0.015199
0.016308
0.016027
0.014622
0.012489
0.010145
0.008268
0.007264
0.006878
0.006597
0.006093
0.005419
0.004589
0.003513
0.002257
0.000683
-0.001344
-0.003647
-0.006174
-0.008813
-0.011099
-0.012637
-0.013078
-0.012438
-0.011340
-0.009966
-0.007688
-0.004448
-0.001365
0.000733
0.002436
0.004612
0.006663
0.007307
0.006421
0.005019
0.004165
0.003576
0.002266
0.000483
-0.000857
-0.001526
-0.002099
-0.002853
-0.003060
-0.002353
-0.001172
0.000172
0.001289
0.001837
0.001918
0.001489
0.000365
-0.001173
-0.002693
-0.004230
-0.005855
-0.007367
-0.008839
-0.010213
-0.010902
-0.010658
-0.009613
-0.007988
-0.006230
-0.004711
-0.003607
-0.002748
-0.001725
-0.000499
0.000780
0.001908
0.002247
0.001417
-0.000036
-0.001228
-0.001885
-0.002522
-0.003689
-0.005288
-0.006298
-0.005676
-0.004219
-0.003620
-0.003470
-0.002184
0.000453
0.003607
0.006316
0.007928
0.008613
0.009329
0.010465
0.010947
0.010006
0.008346
0.006538
0.004360
0.001933
-0.000252
-0.002216
-0.004401
-0.006660
-0.008270
-0.009002
-0.009422
-0.010104
-0.011145
-0.012423
-0.013116
-0.012424
-0.011381
-0.011185
-0.011125
-0.010139
-0.008224
-0.005917
-0.004095
-0.003148
-0.002113
-0.000508
0.000794
0.001562
0.002447
0.003281
0.003603
0.004014
0.004803
0.004985
0.004414
0.004124
0.004035
0.003509
0.002923
0.002758
0.002919
0.003263
0.003676
0.004093
0.004784
0.005923
0.007246
0.008391
0.009329
0.010054
0.009958
0.008632
0.006821
0.005459
0.004357
0.002834
0.000869
-0.000962
-0.002014
-0.002480
-0.003383
-0.004947
-0.006429
-0.007441
-0.008320
-0.009291
-0.009890
-0.009845
-0.009458
-0.008928
-0.007768
-0.005479
-0.002900
-0.001114
0.000078
0.001201
0.001998
0.001661
-0.000036
-0.002154
-0.004217
-0.007073
-0.010763
-0.014096
-0.016431
-0.017829
-0.018337
-0.017900
-0.016609
-0.014760
-0.012701
-0.010368
-0.007438
-0.004308
-0.001670
0.000580
0.002726
0.004344
0.005050
0.005288
0.005679
0.005976
0.005482
0.004273
0.003043
0.002118
0.001216
0.000339
-0.000235
-0.000541
-0.000452
0.000128
0.000705
0.000979
0.001226
0.001416
0.001142
0.000458
-0.000100
-0.000364
-0.000590
-0.000685
-0.000247
0.001016
0.003291
0.006349
0.009414
0.011984
0.014594
0.017886
0.020966
0.022189
0.021272
0.019231
0.016943
0.014159
0.010521
0.007083
0.004559
0.002232
-0.000117
-0.002363
-0.004850
-0.007053
-0.008253
-0.008946
-0.009901
-0.011100
-0.012058
-0.012847
-0.013767
-0.014069
-0.013079
-0.011642
-0.010541
-0.009523
-0.008111
-0.006229
-0.004613
-0.004109
-0.004442
-0.004716
-0.004664
-0.004714
-0.005109
-0.005333
-0.004830
-0.003594
-0.001756
0.000388
0.002156
0.003029
0.003210
0.003384
0.003869
0.004166
0.003853
0.003369
0.003237
0.003513
0.004365
0.006043
0.007951
0.009116
0.009894
0.011278
0.012747
0.013231
0.012660
0.011636
0.010633
0.009401
0.007848
0.006410
0.005102
0.003556
0.001658
-0.000254
-0.001969
-0.003720
-0.005502
-0.007214
-0.008779
-0.009744
-0.010022
-0.009821
-0.008850
-0.006752
-0.003943
-0.001704
-0.000555
0.000413
0.001507
0.002046
0.001929
0.001838
0.002190
0.002449
0.001872
0.000690
0.000001
0.000409
0.001061
0.000745
-0.000423
-0.001170
-0.000647
0.000091
-0.000787
-0.002956
-0.004533
-0.005043
-0.005452
-0.006264
-0.007136
-0.007929
-0.008744
-0.009260
-0.008949
-0.007923
-0.006954
-0.005950
-0.004061
-0.001640
0.000373
0.002055
0.003599
0.004806
0.005732
0.006486
0.007134
0.007881
0.008793
0.009760
0.010648
0.011275
0.011404
0.010853
0.009759
0.008524
0.007285
0.005761
0.003953
0.002413
0.001497
0.001045
0.000819
0.000309
-0.001040
-0.002941
-0.004917
-0.006667
-0.007817
-0.008936
-0.010764
-0.012418
-0.012813
-0.012144
-0.010962
-0.009334
-0.007084
-0.004674
-0.002894
-0.001574
-0.000108
0.001472
0.002844
0.003824
0.004450
0.005213
0.006548
0.008331
0.010082
0.011274
0.011737
0.011520
0.010670
0.009204
0.006710
0.002883
-0.001301
-0.004208
-0.005436
-0.006211
-0.007560
-0.008958
-0.009017
-0.007127
-0.004570
-0.002834
-0.001348
0.001150
0.004253
0.006417
0.007203
0.007203
0.006330
0.004669
0.003281
0.002581
0.002024
0.001234
0.000018
-0.001101
-0.001115
-0.000897
-0.001937
-0.003443
-0.004142
-0.004245
-0.004270
-0.004417
-0.004714
-0.004936
-0.004845
-0.004155
-0.002890
-0.001818
-0.001596
-0.001910
-0.002041
-0.001579
-0.000819
-0.000687
-0.001186
-0.001494
-0.001527
-0.001631
-0.002022
-0.002180
-0.001279
0.000654
0.003543
0.006833
0.008922
0.009662
0.010755
0.012894
0.015009
0.016280
0.016846
0.016585
0.015461
0.014479
0.014029
0.012933
0.010896
0.009144
0.008314
0.007748
0.006630
0.005010
0.003265
0.001950
0.001787
0.002125
0.001677
0.000814
0.000212
-0.000630
-0.001752
-0.002840
-0.004151
-0.005281
-0.005397
-0.004518
-0.003324
-0.002435
-0.001613
-0.000022
0.002530
0.005078
0.006711
0.007819
0.008875
0.009601
0.009833
0.009590
0.008963
0.008174
0.007206
0.006380
0.006321
0.006823
0.007218
0.007174
0.006676
0.005972
0.005270
0.004840
0.005189
0.005992
0.006192
0.005573
0.004914
0.004619
0.004267
0.003442
0.002273
0.000878
-0.000710
-0.002076
-0.003050
-0.004043
-0.005390
-0.006649
-0.007186
-0.007423
-0.007891
-0.007953
-0.007254
-0.006461
-0.006175
-0.006269
-0.006105
-0.005611
-0.005581
-0.006672
-0.008336
-0.009103
-0.008602
-0.008205
-0.008639
-0.008758
-0.007639
-0.005892
-0.004460
-0.003299
-0.001890
-0.000523
0.000146
0.000059
-0.000219
-0.000179
0.000077
0.000196
0.000306
0.000709
0.001238
0.001712
0.002006
0.002168
0.002975
0.004704
0.006379
0.007111
0.007031
0.006820
0.006718
0.006419
0.005895
0.005137
0.003892
0.002516
0.001351
0.000037
-0.001579
-0.003013
-0.003826
-0.004414
-0.005437
-0.006433
-0.006587
-0.006208
-0.006000
-0.006054
-0.006097
-0.006035
-0.005790
-0.005140
-0.003904
-0.002116
-0.000148
0.001311
0.002194
0.003348
0.004833
0.005500
0.004955
0.004445
0.004823
0.005601
0.006251
0.006670
0.006995
0.007418
0.007991
0.008232
0.007609
0.006404
0.004917
0.003029
0.000897
-0.001396
-0.004077
-0.006665
-0.008567
-0.009951
-0.011005
-0.011587
-0.011614
-0.011381
-0.011246
-0.011182
-0.011211
-0.011669
-0.012137
-0.011892
-0.011382
-0.011132
-0.011055
-0.011150
-0.011227
-0.010928
-0.010294
-0.009842
-0.009796
-0.009707
-0.009214
-0.008508
-0.007910
-0.007386
-0.006500
-0.004917
-0.002891
-0.000731
0.001512
0.003705
0.005681
0.007414
0.009028
0.010495
0.011412
0.011618
0.011561
0.011725
0.011973
0.011780
0.011096
0.010242
0.009340
0.008369
0.007187
0.005716
0.004088
0.002263
0.000199
-0.002111
-0.004448
-0.005923
-0.006501
-0.007364
-0.008772
-0.009751
-0.009684
-0.009111
-0.008836
-0.008831
-0.008553
-0.007957
-0.007467
-0.007107
-0.006512
-0.005539
-0.004590
-0.003951
-0.003188
-0.002128
-0.001033
0.000181
0.001813
0.003686
0.005188
0.006317
0.007516
0.008794
0.009705
0.010117
0.010507
0.010835
0.010386
0.009283
0.008405
0.007854
0.007372
0.007091
0.006654
0.005679
0.004625
0.003903
0.003278
0.002306
0.000656
-0.001928
-0.005030
-0.007676
-0.009619
-0.011532
-0.014041
-0.016544
-0.017765
-0.017603
-0.016999
-0.016041
-0.014139
-0.011898
-0.010384
-0.009173
-0.007341
-0.005037
-0.002925
-0.001274
-0.000033
0.000823
0.001513
0.002386
0.003507
0.004615
0.005666
0.006937
0.008230
0.009044
0.009425
0.009330
0.008463
0.007297
0.006475
0.005825
0.004848
0.003514
0.001840
-0.000020
-0.001399
-0.002408
-0.003943
-0.005945
-0.007421
-0.007783
-0.007393
-0.006882
-0.006103
-0.004572
-0.002433
-0.000608
0.000012
-0.000447
-0.001161
-0.001373
-0.001090
-0.001419
-0.002923
-0.004498
-0.005289
-0.005695
-0.006019
-0.006003
-0.005756
-0.005831
-0.006087
-0.005835
-0.005125
-0.004640
-0.004646
-0.004834
-0.004707
-0.003927
-0.002943
-0.002572
-0.002617
-0.002179
-0.001068
0.000080
0.000880
0.001771
0.002941
0.003659
0.003587
0.003693
0.004755
0.006124
0.007162
0.008243
0.009366
0.009608
0.008623
0.007110
0.005554
0.004001
0.002583
0.000900
-0.001365
-0.003313
-0.004320
-0.005008
-0.005980
-0.007060
-0.007925
-0.008574
-0.009086
-0.009577
-0.009909
-0.009678
-0.008985
-0.008207
-0.007684
-0.007886
-0.008123
-0.007073
-0.005196
-0.003873
-0.003390
-0.003207
-0.002632
-0.001057
0.001101
0.002446
0.002588
0.002811
0.004125
0.006152
0.008066
0.009195
0.009214
0.008673
0.008345
0.008085
0.007214
0.005356
0.002934
0.001128
0.000416
0.000052
-0.000760
-0.002496
-0.004456
-0.005200
-0.004924
-0.004741
-0.004579
-0.003860
-0.002840
-0.002090
-0.001401
-0.000493
0.000012
0.000027
0.000212
0.000281
-0.000282
-0.001052
-0.001958
-0.003708
-0.006083
-0.007877
-0.008538
-0.008247
-0.007388
-0.006716
-0.006422
-0.005515
-0.003366
-0.000652
0.001693
0.003228
0.003861
0.004058
0.004608
0.005362
0.005551
0.005283
0.005011
0.004258
0.002719
0.001491
0.001164
0.000970
0.000499
-0.000077
-0.000550
-0.000730
-0.000646
-0.000812
-0.001618
-0.002244
-0.001656
-0.000205
0.000969
0.001564
0.002425
0.003929
0.005381
0.006736
0.008528
0.010383
0.011897
0.013435
0.014885
0.015478
0.015157
0.014567
0.013933
0.013174
0.012257
0.011000
0.009460
0.008106
0.007311
0.006852
0.006086
0.004855
0.003752
0.003146
0.002695
0.002232
0.002087
0.002367
0.002613
0.002463
0.002145
0.001984
0.002153
0.002700
0.003096
0.002564
0.001516
0.000817
0.000237
-0.000516
-0.001157
-0.001610
-0.001929
-0.001914
-0.001228
-0.000137
0.000602
0.001346
0.002837
0.004211
0.004483
0.004334
0.004474
0.004399
0.003535
0.002007
0.000275
-0.001370
-0.002782
-0.003796
-0.004557
-0.005263
-0.005833
-0.006281
-0.006536
-0.006266
-0.005252
-0.003725
-0.002080
-0.000053
0.002912
0.006319
0.008943
0.010355
0.011203
0.012232
0.013187
0.013252
0.012423
0.011322
0.010016
0.008419
0.007124
0.006367
0.005310
0.003534
0.001952
0.001263
0.000910
0.000348
0.000048
0.000556
0.001283
0.001276
0.000886
0.001053
0.001627
0.001794
0.001318
0.000733
0.000098
-0.001157
-0.002461
-0.003041
-0.003744
-0.005225
-0.006803
-0.007617
-0.007148
-0.005699
-0.004457
-0.004064
-0.003618
-0.001888
0.000701
0.002654
0.003780
0.004891
0.006178
0.007667
0.009474
0.010849
0.010808
0.009438
0.007483
0.005377
0.003179
0.000631
-0.002746
-0.006806
-0.010499
-0.012938
-0.014327
-0.015306
-0.015975
-0.015933
-0.014754
-0.012738
-0.010617
-0.008189
-0.004811
-0.001037
0.001949
0.003831
0.005135
0.006610
0.008473
0.010090
0.010808
0.010825
0.010710
0.010534
0.010248
0.010159
0.010374
0.010344
0.009580
0.008584
0.008219
0.008260
0.007889
0.007214
0.006921
0.006905
0.006373
0.005099
0.003436
0.001389
-0.001084
-0.003515
-0.005502
-0.007330
-0.009470
-0.011677
-0.013269
-0.014031
-0.014422
-0.014706
-0.014679
-0.014404
-0.014214
-0.014160
-0.013725
-0.012559
-0.011200
-0.009861
-0.007844
-0.005148
-0.002559
-0.000106
0.002713
0.005484
0.007104
0.007393
0.007221
0.007108
0.006859
0.006326
0.005673
0.005055
0.004475
0.003899
0.003488
0.003499
0.003835
0.003918
0.003547
0.003343
0.003436
0.003162
0.002435
0.001710
0.000496
-0.001846
-0.004166
-0.005264
-0.005929
-0.007208
-0.008926
-0.010544
-0.011394
-0.011159
-0.010784
-0.010718
-0.009832
-0.007576
-0.004964
-0.002998
-0.001479
0.000464
0.003002
0.005271
0.006752
0.007860
0.008961
0.010025
0.010925
0.011329
0.010988
0.010256
0.009658
0.009264
0.008695
0.007782
0.006733
0.005504
0.004031
0.002433
0.000671
-0.001108
-0.002460
-0.003220
-0.003660
-0.004126
-0.004600
-0.004794
-0.004660
-0.004546
-0.004827
-0.005249
-0.005225
-0.004779
-0.004271
-0.003786
-0.003285
-0.002616
-0.001431
0.000200
0.001532
0.002064
0.002097
0.002668
0.004318
0.005667
0.005347
0.004188
0.003584
0.003538
0.003199
0.002141
0.001107
0.001305
0.002655
0.003875
0.004518
0.005358
0.006613
0.007750
0.008534
0.008933
0.009114
0.009253
0.009124
0.008655
0.008288
0.008299
0.008185
0.007165
0.005255
0.002960
0.000546
-0.001720
-0.003865
-0.006291
-0.008845
-0.010723
-0.011521
-0.011707
-0.012029
-0.012836
-0.013834
-0.014350
-0.014177
-0.014102
-0.014653
-0.015127
-0.014748
-0.013535
-0.011984
-0.010319
-0.008686
-0.007511
-0.006139
-0.003411
-0.000233
0.001586
0.002267
0.003045
0.003984
0.004543
0.004647
0.004782
0.005230
0.005590
0.005853
0.006534
0.007490
0.008072
0.008228
0.008516
0.009103
0.009489
0.009125
0.008093
0.007088
0.006266
0.005079
0.003656
0.002642
0.002012
0.001430
0.000572
-0.000787
-0.002020
-0.002369
-0.002400
-0.003282
-0.004890
-0.006042
-0.006431
-0.006724
-0.007097
-0.007123
-0.007026
-0.007352
-0.007593
-0.006995
-0.005742
-0.004278
-0.002913
-0.002072
-0.001686
-0.001004
0.000344
0.001819
0.002833
0.003389
0.003898
0.004637
0.005121
0.004764
0.003995
0.003223
0.001933
0.000351
-0.000523
-0.000974
-0.002075
-0.003991
-0.006081
-0.007815
-0.009165
-0.010380
-0.011596
-0.012965
-0.014446
-0.015358
-0.015455
-0.015529
-0.015971
-0.015999
-0.014619
-0.011986
-0.009352
-0.007510
-0.006207
-0.004609
-0.002328
-0.000071
0.001448
0.002359
0.003378
0.004946
0.006594
0.007578
0.007848
0.008202
0.009048
0.009628
0.009339
0.008390
0.007031
0.005286
0.003495
0.002304
0.001596
0.000780
-0.000125
-0.000482
0.000297
0.001939
0.003364
0.003968
0.004512
0.005602
0.006753
0.007595
0.008079
0.008117
0.007688
0.006633
0.004375
0.000506
-0.004128
-0.008319
-0.012007
-0.015589
-0.019038
-0.022122
-0.024621
-0.026478
-0.027521
-0.027341
-0.026192
-0.024840
-0.023083
-0.020277
-0.016763
-0.012969
-0.008372
-0.002734
0.002805
0.007575
0.012464
0.017883
0.022891
0.026547
0.028991
0.031005
0.032860
0.033817
0.033100
0.031250
0.029339
0.027118
0.023130
0.016595
0.008767
0.001764
-0.004039
-0.009531
-0.014258
-0.017295
-0.019121
-0.020373
-0.020751
-0.019809
-0.017726
-0.014839
-0.010690
-0.005747
-0.002261
-0.000779
0.000462
0.002416
0.004682
0.006403
0.006963
0.006651
0.006114
0.005478
0.004101
0.001304
-0.002507
-0.006295
-0.009343
-0.011445
-0.013003
-0.014300
-0.014766
-0.013870
-0.012027
-0.010166
-0.008796
-0.007357
-0.004675
-0.000200
0.005140
0.009655
0.012902
0.015462
0.017362
0.018662
0.019759
0.020362
0.019970
0.018642
0.016127
0.012293
0.008286
0.005043
0.002074
-0.001105
-0.004117
-0.006382
-0.007510
-0.007723
-0.007842
-0.008014
-0.007520
-0.005887
-0.003185
0.000044
0.003210
0.005981
0.008012
0.009409
0.010839
0.012345
0.013077
0.012601
0.011432
0.009906
0.007757
0.005325
0.003186
0.001066
-0.001163
-0.003041
-0.004350
-0.005416
-0.006518
-0.007325
-0.007724
-0.008060
-0.008158
-0.007619
-0.006477
-0.004777
-0.002530
-0.000133
0.002050
0.004033
0.006049
0.008140
0.009939
0.011178
0.011941
0.012619
0.013681
0.014984
0.015892
0.016166
0.015501
0.013547
0.010801
0.007572
0.003526
-0.000938
-0.004785
-0.007620
-0.009803
-0.011486
-0.012315
-0.012311
-0.012111
-0.012222
-0.012649
-0.013009
-0.012934
-0.012367
-0.011268
-0.009581
-0.007809
-0.006358
-0.004445
-0.001422
0.001916
0.004367
0.005719
0.006626
0.007233
0.007028
0.005651
0.003800
0.002827
0.002506
0.001523
-0.000083
-0.001252
-0.001539
-0.001589
-0.002167
-0.002818
-0.002646
-0.002031
-0.001743
-0.001570
-0.001042
-0.000110
0.000715
0.000748
0.000225
0.000178
0.000882
0.001521
0.001509
0.000775
-0.000244
-0.000674
-0.000582
-0.000731
-0.000992
-0.000798
0.000101
0.001555
0.002632
0.002743
0.002794
0.003649
0.004788
0.005258
0.004883
0.004448
0.004698
0.005319
0.005707
0.005786
0.005756
0.005775
0.005734
0.005398
0.004628
0.003514
0.002363
0.001357
0.000344
-0.000629
-0.001230
-0.001669
-0.002466
-0.003447
-0.004099
-0.004269
-0.004031
-0.003522
-0.002951
-0.002632
-0.002687
-0.002802
-0.002491
-0.001554
-0.000603
-0.000462
-0.000891
-0.001161
-0.001327
-0.001761
-0.002204
-0.002372
-0.002644
-0.003160
-0.003596
-0.004075
-0.005132
-0.006612
-0.007357
-0.006968
-0.006581
-0.006970
-0.007468
-0.007203
-0.006210
-0.004943
-0.003812
-0.002946
-0.001909
-0.000623
0.000315
0.000769
0.001070
0.001221
0.001474
0.002269
0.003324
0.004138
0.004355
0.003827
0.003096
0.002769
0.002418
0.001273
-0.000279
-0.001329
-0.001886
-0.002361
-0.002612
-0.002509
-0.002351
-0.002161
-0.001581
-0.000822
-0.000733
-0.001516
-0.002609
-0.003711
-0.004538
-0.004548
-0.003773
-0.002925
-0.002269
-0.001308
-0.000041
0.000945
0.001583
0.001967
0.001697
0.000815
0.000299
0.000483
0.000340
-0.000534
-0.001068
-0.000611
0.000044
0.000170
0.000349
0.001189
0.001982
0.001880
0.001453
0.001730
0.002686
0.003577
0.003841
0.003646
0.003537
0.003577
0.003562
0.003637
0.004086
0.004871
0.005396
0.005071
0.004630
0.005279
0.006486
0.006869
0.006372
0.005758
0.005117
0.004120
0.003146
0.002812
0.002485
0.001334
-0.000151
-0.001227
-0.001635
-0.001486
-0.001536
-0.002407
-0.003724
-0.004887
-0.005786
-0.006351
-0.006549
-0.006909
-0.007640
-0.008073
-0.007909
-0.007693
-0.007534
-0.006849
-0.005858
-0.005426
-0.005347
-0.004523
-0.002652
-0.000669
0.000546
0.001198
0.002077
0.003463
0.004784
0.005153
0.004418
0.003596
0.003379
0.003158
0.002501
0.001927
0.001440
0.000451
-0.000703
-0.001280
-0.001400
-0.001567
-0.001878
-0.002206
-0.002686
-0.003554
-0.004417
-0.004471
-0.003610
-0.002334
-0.001069
-0.000317
-0.000260
-0.000296
0.000044
0.000505
0.000705
0.000674
0.000849
0.001465
0.002095
0.002392
0.002640
0.003088
0.003435
0.003473
0.003495
0.003553
0.003370
0.003078
0.002917
0.002674
0.002197
0.001667
0.001077
-0.000006
-0.001924
-0.004244
-0.006135
-0.007306
-0.008061
-0.008680
-0.009098
-0.009141
-0.008948
-0.008825
-0.008759
-0.008405
-0.007879
-0.007847
-0.008228
-0.008189
-0.007258
-0.005497
-0.003434
-0.001673
-0.000149
0.001567
0.003336
0.004665
0.005466
0.006012
0.006565
0.006950
0.006740
0.006057
0.005351
0.004814
0.004349
0.003893
0.003646
0.003510
0.003148
0.002806
0.002700
0.002375
0.001717
0.001469
0.002123
0.003121
0.003506
0.003109
0.002650
0.002472
0.002204
0.001914
0.001951
0.001576
-0.000025
-0.001957
-0.002977
-0.003065
-0.003027
-0.003625
-0.004692
-0.005323
-0.005334
-0.005475
-0.005774
-0.005512
-0.004862
-0.004547
-0.004420
-0.003812
-0.002767
-0.002199
-0.002460
-0.002400
-0.001002
0.000972
0.002162
0.002593
0.003176
0.004025
0.004705
0.005140
0.005309
0.005192
0.005320
0.005898
0.006369
0.006598
0.006806
0.007128
0.007717
0.008216
0.007900
0.006850
0.006017
0.005698
0.005067
0.003680
0.002308
0.001860
0.002110
0.002300
0.002319
0.002215
0.001715
0.000988
0.000513
0.000164
-0.000349
-0.000898
-0.001448
-0.002045
-0.002438
-0.002645
-0.002978
-0.003221
-0.003166
-0.003375
-0.004063
-0.004366
-0.003739
-0.002914
-0.002674
-0.002945
-0.003461
-0.004070
-0.004608
-0.005044
-0.005607
-0.006319
-0.006847
-0.007232
-0.007592
-0.007707
-0.007555
-0.007387
-0.006961
-0.005544
-0.003348
-0.001739
-0.001488
-0.001726
-0.001180
0.000042
0.001046
0.001654
0.002265
0.003126
0.003940
0.004348
0.004701
0.005401
0.006073
0.006008
0.005310
0.004997
0.005371
0.005564
0.005024
0.004107
0.003305
0.002481
0.001269
-0.000052
-0.001266
-0.002596
-0.003811
-0.004472
-0.004680
-0.004689
-0.004519
-0.004179
-0.003600
-0.003077
-0.003185
-0.003547
-0.003327
-0.002772
-0.002768
-0.003307
-0.003580
-0.003138
-0.002427
-0.002162
-0.002134
-0.001584
-0.000699
-0.000094
0.000340
0.000785
0.001306
0.002263
0.003641
0.004689
0.005060
0.005560
0.006685
0.007540
0.007473
0.007163
0.006987
0.006433
0.005551
0.004983
0.004519
0.003752
0.003371
0.003469
0.003133
0.002375
0.001731
0.001207
0.000584
-0.000319
-0.001404
-0.002280
-0.003071
-0.004279
-0.005584
-0.006219
-0.006113
-0.005718
-0.005099
-0.004227
-0.003607
-0.003338
-0.002833
-0.001810
-0.000786
-0.000352
-0.000082
0.000666
0.001452
0.001567
0.001280
0.001395
0.002092
0.002884
0.003179
0.002700
0.002046
0.002158
0.003066
0.004040
0.004483
0.004580
0.004806
0.004716
0.003776
0.002533
0.001698
0.001416
0.001192
0.000467
-0.000325
-0.000289
0.000774
0.002048
0.002483
0.001959
0.001024
0.000162
-0.000194
-0.000219
-0.000828
-0.002008
-0.002808
-0.003341
-0.004086
-0.004592
-0.004650
-0.004616
-0.004717
-0.005022
-0.005234
-0.004950
-0.004502
-0.004540
-0.004979
-0.004956
-0.003970
-0.002770
-0.002255
-0.001989
-0.001241
-0.000134
0.000614
0.001057
0.001729
0.002535
0.002848
0.002631
0.002338
0.002407
0.002759
0.002695
0.002076
0.001501
0.001394
0.001881
0.002607
0.002872
0.002566
0.002308
0.002762
0.003870
0.004848
0.005250
0.005241
0.004897
0.004093
0.003079
0.002310
0.001541
0.000529
-0.000298
-0.000837
-0.001672
-0.003371
-0.005426
-0.006528
-0.006472
-0.006238
-0.006178
-0.005737
-0.004741
-0.003760
-0.003206
-0.002835
-0.002116
-0.000722
0.000977
0.001961
0.001755
0.001149
0.001087
0.001330
0.001102
0.000446
-0.000088
-0.000184
0.000054
-0.000028
-0.000991
-0.002471
-0.003633
-0.004101
-0.004349
-0.004986
-0.005600
-0.005437
-0.004599
-0.003595
-0.002655
-0.001811
-0.001182
-0.000807
-0.000535
-0.000345
-0.000251
-0.000007
0.000709
0.001980
0.003285
0.004018
0.004563
0.005441
0.006167
0.006050
0.005279
0.004530
0.003862
0.002937
0.001887
0.000697
-0.000980
-0.002556
-0.002995
-0.002479
-0.002065
-0.002250
-0.002593
-0.002451
-0.001833
-0.001197
-0.000537
0.000538
0.002135
0.003839
0.005153
0.005957
0.006274
0.006341
0.006518
0.006681
0.006423
0.005858
0.005165
0.003697
0.001502
-0.000306
-0.001528
-0.002551
-0.003413
-0.004292
-0.005304
-0.006333
-0.007118
-0.007156
-0.006531
-0.006090
-0.006213
-0.006158
-0.004965
-0.003016
-0.001702
-0.001619
-0.002003
-0.001723
-0.000706
0.000076
0.000127
-0.000195
-0.000479
-0.000462
-0.000248
-0.000487
-0.001397
-0.002463
-0.003198
-0.003542
-0.003898
-0.004498
-0.004931
-0.004766
-0.004319
-0.004019
-0.003342
-0.001764
-0.000106
0.000538
0.000532
0.001019
0.001990
0.002592
0.002706
0.002749
0.002914
0.003239
0.003475
0.003245
0.002875
0.002923
0.003071
0.002804
0.002256
0.001693
0.001187
0.000825
0.000491
0.000126
0.000264
0.001120
0.001915
0.001964
0.001574
0.001500
0.001859
0.001991
0.001586
0.000991
0.000492
0.000128
-0.000294
-0.000972
-0.001600
-0.001875
-0.002445
-0.003819
-0.005014
-0.005015
-0.004474
-0.004708
-0.005786
-0.006651
-0.006745
-0.006327
-0.005783
-0.005346
-0.004736
-0.003595
-0.002161
-0.000925
-0.000208
0.000448
0.001822
0.003587
0.004787
0.005147
0.005209
0.005335
0.005285
0.005098
0.004975
0.004765
0.004313
0.003454
0.002354
0.001457
0.000801
0.000307
-0.000053
-0.000422
-0.000632
-0.000471
-0.000367
-0.000817
-0.001586
-0.002208
-0.002779
-0.003646
-0.004770
-0.005793
-0.006523
-0.007047
-0.007440
-0.007733
-0.007999
-0.008160
-0.007903
-0.007168
-0.006017
-0.004558
-0.003268
-0.002127
-0.000750
0.000676
0.001845
0.002684
0.003206
0.003500
0.003816
0.004445
0.005191
0.005590
0.005525
0.005242
0.005142
0.005202
0.004929
0.004313
0.003708
0.002888
0.001428
-0.000335
-0.001587
-0.002187
-0.002638
-0.003143
-0.003419
-0.003240
-0.002806
-0.002511
-0.002554
-0.002809
-0.003035
-0.002979
-0.002667
-0.002582
-0.002831
-0.002975
-0.002812
-0.002427
-0.002036
-0.001721
-0.001152
-0.000318
0.000338
0.000820
0.001441
0.001984
0.002002
0.001659
0.001441
0.001555
0.001779
0.001671
0.001147
0.000568
0.000228
0.000237
0.000546
0.000716
0.000376
-0.000094
-0.000161
0.000101
0.000436
0.000952
0.001571
0.001895
0.001999
0.002078
0.001898
0.001377
0.000975
0.001031
0.001255
0.001338
0.001307
0.001297
0.001450
0.001803
0.001987
0.001580
0.000968
0.000712
0.000377
-0.000557
-0.001373
-0.001359
-0.001114
-0.001330
-0.001777
-0.001974
-0.001741
-0.001177
-0.000529
0.000065
0.000567
0.000912
0.001184
0.001576
0.001987
0.002072
0.001812
0.001538
0.001353
0.001152
0.000927
0.000594
0.000113
-0.000154
0.000030
0.000290
0.000285
0.000145
0.000013
-0.000186
-0.000575
-0.000927
-0.000863
-0.000595
-0.000465
-0.000343
-0.000053
0.000394
0.000931
0.001331
0.001358
0.001397
0.002057
0.002969
0.003296
0.003071
0.002976
0.003327
0.003833
0.004061
0.003919
0.003632
0.003520
0.003770
0.004159
0.004289
0.004078
0.003860
0.003762
0.003568
0.003330
0.003216
0.003203
0.003241
0.003331
0.003283
0.002861
0.002307
0.001989
0.001819
0.001569
0.001228
0.000910
0.000741
0.000731
0.000673
0.000408
-0.000033
-0.000572
-0.001005
-0.001107
-0.001092
-0.001334
-0.001582
-0.001362
-0.000823
-0.000405
-0.000101
0.000539
0.001531
0.002330
0.002677
0.002705
0.002666
0.002840
0.003191
0.003366
0.003196
0.002903
0.002663
0.002361
0.001993
0.001739
0.001547
0.001218
0.000803
0.000540
0.000499
0.000589
0.000636
0.000448
0.000102
-0.000120
-0.000194
-0.000413
-0.000857
-0.001269
-0.001553
-0.001770
-0.001843
-0.001758
-0.001689
-0.001736
-0.001849
-0.001919
-0.001880
-0.001802
-0.001752
-0.001639
-0.001367
-0.001086
-0.000971
-0.000936
-0.000827
-0.000649
-0.000469
-0.000272
-0.000093
0.000063
0.000291
0.000502
0.000529
0.000415
0.000271
0.000111
-0.000063
-0.000185
-0.000222
-0.000259
-0.000341
-0.000357
-0.000235
-0.000095
-0.000012
0.000072
0.000155
0.000236
0.000361
0.000471
0.000532
0.000626
0.000762
0.000783
0.000553
0.000249
0.000167
0.000282
0.000360
0.000258
0.000049
-0.000159
-0.000360
-0.000524
-0.000628
-0.000777
-0.001034
-0.001226
-0.001202
-0.001073
-0.000953
-0.000843
-0.000721
-0.000589
-0.000461
-0.000300
-0.000085
0.000133
0.000303
0.000434
0.000543
0.000597
0.000560
0.000407
0.000177
0.000016
-0.000027
-0.000063
-0.000134
-0.000189
-0.000223
-0.000263
-0.000282
-0.000219
-0.000071
0.000056
0.000095
0.000117
0.000195
0.000305
0.000377
0.000422
0.000488
0.000541
0.000528
0.000465
0.000381
0.000268
0.000174
0.000144
0.000115
0.000030
-0.000092
-0.000207
-0.000265
-0.000286
-0.000362
-0.000521
-0.000699
-0.000815
-0.000825
-0.000779
-0.000774
-0.000815
-0.000813
-0.000750
-0.000672
-0.000597
-0.000553
-0.000537
-0.000474
-0.000356
-0.000274
-0.000272
-0.000285
-0.000232
-0.000117
-0.000006
0.000053
0.000056
0.000056
0.000107
0.000154
0.000130
0.000084
0.000068
0.000032
-0.000062
-0.000142
-0.000156
-0.000157
-0.000183
-0.000199
-0.000198
-0.000225
-0.000288
-0.000350
-0.000395
-0.000417
-0.000430
-0.000467
-0.000510
-0.000513
-0.000493
-0.000500
-0.000535
-0.000579
-0.000621
-0.000651
-0.000669
-0.000662
-0.000624
-0.000576
-0.000516
-0.000434
-0.000342
-0.000274
-0.000237
-0.000191
-0.000113
-0.000029
0.000029
0.000048
0.000043
0.000047
0.000068
0.000079
0.000064
0.000032
-0.000001
-0.000021
-0.000019
-0.000020
-0.000057
-0.000115
-0.000157
-0.000173
-0.000181
-0.000209
-0.000252
-0.000281
-0.000286
-0.000276
-0.000267
-0.000271
-0.000284
-0.000288
-0.000273
-0.000247
-0.000222
-0.000199
-0.000176
-0.000152
-0.000132
-0.000126
-0.000124
-0.000113
-0.000105
-0.000120
-0.000143
-0.000153
-0.000149
-0.000149
-0.000155
-0.000165
-0.000172
-0.000169
-0.000157
-0.000150
-0.000159
-0.000174
-0.000179
-0.000181
-0.000187
-0.000193
-0.000193
-0.000189
-0.000186
-0.000186
-0.000189
-0.000190
-0.000183
-0.000174
-0.000168
-0.000164
-0.000158
-0.000149
-0.000139
-0.000131
-0.000123
-0.000118
-0.000113
-0.000108
-0.000104
-0.000101
-0.000100
-0.000099
-0.000096
-0.000090
-0.000086
-0.000083
-0.000080
-0.000077
-0.000072
-0.000068
-0.000066
-0.000065
-0.000066
-0.000068
-0.000070
-0.000070
-0.000071
-0.000072
-0.000074
-0.000074
-0.000075
-0.000074
-0.000072
-0.000070
-0.000069
-0.000068
-0.000066
-0.000064
-0.000062
-0.000059
-0.000057
-0.000055
-0.000054
-0.000052
-0.000049
-0.000046
-0.000045
-0.000044
-0.000042
-0.000039
-0.000036
-0.000033
-0.000032
-0.000030
-0.000028
-0.000027
-0.000025
-0.000023
-0.000022
-0.000022
-0.000021
-0.000020
-0.000018
-0.000017
-0.000016
-0.000015
-0.000014
-0.000013
-0.000012
-0.000011
-0.000010
-0.000009
-0.000008
-0.000007
-0.000006
-0.000004
-0.000003
-0.000002
-0.000001
-0.000000
0.000001
0.000002
0.000004
0.000005
0.000006
0.000007
0.000009
0.000010
0.000011
0.000013
0.000014
0.000015
0.000016
0.000018
0.000019
0.000020
0.000021
0.000023
0.000024
0.000025
0.000026
0.000028
0.000029
0.000030
0.000031
0.000032
0.000034
0.000035
0.000036
0.000037
