0.000271
0.000475
0.000805
0.000867
0.000830
0.000807
0.000780
0.000752
0.000723
0.000695
0.000667
0.000642
0.000620
0.000603
0.000589
0.000580
0.000575
0.000573
0.000575
0.000580
0.000589
0.000600
0.000610
0.000618
0.000623
0.000623
0.000620
0.000614
0.000606
0.000600
0.000601
0.000611
0.000631
0.000656
0.000685
0.000714
0.000739
0.000762
0.000781
0.000798
0.000815
0.000829
0.000840
0.000849
0.000856
0.000864
0.000873
0.000884
0.000894
0.000897
0.000891
0.000870
0.000838
0.000799
0.000754
0.000706
0.000654
0.000599
0.000546
0.000498
0.000463
0.000442
0.000430
0.000420
0.000405
0.000383
0.000362
0.000354
0.000364
0.000388
0.000413
0.000428
0.000426
0.000408
0.000379
0.000348
0.000332
0.000345
0.000392
0.000465
0.000543
0.000606
0.000651
0.000680
0.000702
0.000726
0.000751
0.000769
0.000771
0.000752
0.000720
0.000704
0.000732
0.000815
0.000932
0.001058
0.001159
0.001202
0.001171
0.001053
0.000846
0.000574
0.000277
0.000001
-0.000212
-0.000348
-0.000425
-0.000474
-0.000512
-0.000535
-0.000536
-0.000507
-0.000446
-0.000358
-0.000238
-0.000093
0.000055
0.000176
0.000233
0.000219
0.000161
0.000107
0.000084
0.000083
0.000075
0.000040
-0.000044
-0.000173
-0.000316
-0.000421
-0.000436
-0.000335
-0.000123
0.000158
0.000441
0.000668
0.000789
0.000780
0.000646
0.000438
0.000233
0.000084
-0.000004
-0.000058
-0.000103
-0.000161
-0.000241
-0.000329
-0.000390
-0.000387
-0.000329
-0.000258
-0.000200
-0.000153
-0.000082
0.000033
0.000181
0.000328
0.000420
0.000403
0.000272
0.000087
-0.000033
0.000016
0.000240
0.000580
0.000971
0.001366
0.001762
0.002134
0.002426
0.002579
0.002541
0.002280
0.001792
0.001126
0.000384
-0.000330
-0.000920
-0.001304
-0.001475
-0.001484
-0.001406
-0.001321
-0.001287
-0.001336
-0.001464
-0.001648
-0.001854
-0.002059
-0.002260
-0.002458
-0.002629
-0.002704
-0.002612
-0.002353
-0.001991
-0.001601
-0.001240
-0.000921
-0.000620
-0.000273
0.000163
0.000688
0.001275
0.001843
0.002313
0.002643
0.002796
0.002771
0.002626
0.002415
0.002184
0.001977
0.001817
0.001732
0.001697
0.001610
0.001415
0.001169
0.000966
0.000884
0.000946
0.001091
0.001294
0.001566
0.001900
0.002288
0.002675
0.003004
0.003226
0.003307
0.003220
0.002990
0.002720
0.002510
0.002393
0.002350
0.002370
0.002452
0.002651
0.003033
0.003582
0.004181
0.004677
0.004963
0.005002
0.004830
0.004509
0.004127
0.003796
0.003600
0.003548
0.003532
0.003427
0.003175
0.002741
0.002131
0.001375
0.000526
-0.000342
-0.001148
-0.001829
-0.002368
-0.002777
-0.003057
-0.003152
-0.003116
-0.003055
-0.003008
-0.003021
-0.003044
-0.002969
-0.002745
-0.002472
-0.002348
-0.002527
-0.002999
-0.003620
-0.004314
-0.005020
-0.005676
-0.006192
-0.006548
-0.006776
-0.006865
-0.006880
-0.006845
-0.006807
-0.006850
-0.006969
-0.007104
-0.007156
-0.007108
-0.007054
-0.007016
-0.006986
-0.007016
-0.007097
-0.007207
-0.007284
-0.007237
-0.007069
-0.006789
-0.006509
-0.006331
-0.006240
-0.006257
-0.006409
-0.006766
-0.007412
-0.008328
-0.009398
-0.010474
-0.011462
-0.012330
-0.012950
-0.013189
-0.012996
-0.012308
-0.011106
-0.009539
-0.007811
-0.006071
-0.004466
-0.003180
-0.002401
-0.002159
-0.002305
-0.002643
-0.002939
-0.003004
-0.002855
-0.002601
-0.002287
-0.001943
-0.001594
-0.001197
-0.000752
-0.000303
0.000146
0.000654
0.001336
0.002269
0.003393
0.004586
0.005704
0.006574
0.007205
0.007691
0.007967
0.008009
0.007892
0.007712
0.007549
0.007407
0.007279
0.007134
0.006968
0.006777
0.006505
0.006113
0.005549
0.004827
0.004035
0.003198
0.002356
0.001595
0.000905
0.000396
0.000235
0.000443
0.001040
0.001986
0.003131
0.004252
0.005116
0.005493
0.005259
0.004504
0.003422
0.002353
0.001697
0.001575
0.001976
0.002736
0.003497
0.003978
0.003937
0.003316
0.002340
0.001351
0.000625
0.000275
0.000302
0.000639
0.001251
0.002159
0.003313
0.004536
0.005618
0.006615
0.007645
0.008641
0.009578
0.010353
0.010755
0.010603
0.009809
0.008448
0.006750
0.005043
0.003633
0.002761
0.002557
0.002900
0.003449
0.003928
0.004248
0.004518
0.004828
0.005229
0.005740
0.006151
0.006302
0.006050
0.005378
0.004491
0.003526
0.002588
0.001763
0.001020
0.000246
-0.000558
-0.001427
-0.002426
-0.003648
-0.005216
-0.007001
-0.008874
-0.010780
-0.012445
-0.013602
-0.014201
-0.014234
-0.013788
-0.013144
-0.012730
-0.012908
-0.013712
-0.014975
-0.016299
-0.017331
-0.017958
-0.018125
-0.017900
-0.017261
-0.016255
-0.015060
-0.013881
-0.012950
-0.012384
-0.012106
-0.011935
-0.011700
-0.011245
-0.010559
-0.009604
-0.008330
-0.006784
-0.004946
-0.002811
-0.000579
0.001645
0.003901
0.006100
0.007980
0.009459
0.010462
0.010669
0.010112
0.009185
0.008187
0.007294
0.006664
0.006324
0.005996
0.005538
0.005111
0.004812
0.004640
0.004609
0.004786
0.005098
0.005397
0.005697
0.005874
0.005970
0.006203
0.006638
0.007334
0.008127
0.008913
0.009634
0.010177
0.010574
0.010851
0.011151
0.011584
0.012061
0.012651
0.013476
0.014552
0.015901
0.017455
0.018996
0.020216
0.020738
0.020316
0.019034
0.017210
0.015231
0.013494
0.012231
0.011417
0.011153
0.011469
0.011874
0.012142
0.012159
0.011503
0.010411
0.009266
0.008226
0.007674
0.007600
0.007588
0.007507
0.007229
0.006557
0.005563
0.004274
0.002869
0.001638
0.000537
-0.000322
-0.000917
-0.001538
-0.002123
-0.002754
-0.003284
-0.003411
-0.003121
-0.002258
-0.000915
0.000666
0.002298
0.003760
0.004903
0.005868
0.006859
0.007968
0.009276
0.010771
0.012293
0.013629
0.014958
0.016251
0.017225
0.017847
0.017916
0.017357
0.016361
0.015014
0.013582
0.012349
0.011137
0.009901
0.008641
0.007184
0.005676
0.004237
0.002936
0.002203
0.002111
0.002338
0.002967
0.003880
0.004591
0.004975
0.005150
0.005085
0.004524
0.003469
0.002120
0.000688
-0.000872
-0.002834
-0.005005
-0.007282
-0.009767
-0.012267
-0.014657
-0.017204
-0.019949
-0.022708
-0.025430
-0.027736
-0.029308
-0.030238
-0.030569
-0.030550
-0.030490
-0.030322
-0.029927
-0.029087
-0.027873
-0.026371
-0.024472
-0.022400
-0.019978
-0.017023
-0.014143
-0.011401
-0.008872
-0.007207
-0.006319
-0.006234
-0.006921
-0.008041
-0.009715
-0.011722
-0.013696
-0.015374
-0.016468
-0.016952
-0.017040
-0.016836
-0.016482
-0.016199
-0.016083
-0.016054
-0.015913
-0.015702
-0.015363
-0.014893
-0.014363
-0.013652
-0.012886
-0.012130
-0.011303
-0.010557
-0.009790
-0.008866
-0.007967
-0.007174
-0.006553
-0.006065
-0.005685
-0.005410
-0.004993
-0.004335
-0.003563
-0.002635
-0.001530
-0.000268
0.001137
0.002737
0.004517
0.006112
0.007319
0.008061
0.008338
0.008295
0.007965
0.007355
0.006577
0.005626
0.004426
0.003109
0.001719
0.000290
-0.001112
-0.002738
-0.004553
-0.006316
-0.008176
-0.009821
-0.010925
-0.011417
-0.011107
-0.010239
-0.009242
-0.008295
-0.007684
-0.007566
-0.007776
-0.008436
-0.009292
-0.010109
-0.010940
-0.011768
-0.012609
-0.013240
-0.013735
-0.013994
-0.014038
-0.014155
-0.014162
-0.014232
-0.014418
-0.014433
-0.014372
-0.014106
-0.013780
-0.013548
-0.013211
-0.012836
-0.012342
-0.011932
-0.011787
-0.011937
-0.012392
-0.013024
-0.013692
-0.014307
-0.014930
-0.015503
-0.016133
-0.016832
-0.017524
-0.018045
-0.018329
-0.018561
-0.018690
-0.018866
-0.019186
-0.019306
-0.018969
-0.018182
-0.016958
-0.015415
-0.013745
-0.011824
-0.009699
-0.007445
-0.005096
-0.002971
-0.000948
0.001198
0.003413
0.005638
0.007968
0.010226
0.012105
0.013810
0.015279
0.016202
0.016648
0.016550
0.015895
0.014948
0.013778
0.012534
0.011479
0.010560
0.009622
0.008799
0.008065
0.007264
0.006278
0.005106
0.003828
0.002316
0.000611
-0.001234
-0.003185
-0.005020
-0.006540
-0.007614
-0.007993
-0.007399
-0.005883
-0.003574
-0.000828
0.001845
0.004210
0.006176
0.007702
0.008838
0.009572
0.009891
0.009873
0.009630
0.009343
0.009293
0.009779
0.010768
0.012271
0.014289
0.016504
0.018653
0.020616
0.022397
0.024053
0.025591
0.027053
0.028598
0.030221
0.031779
0.032931
0.033354
0.032985
0.031669
0.029559
0.026924
0.023750
0.020341
0.017147
0.014199
0.011532
0.009329
0.007626
0.006517
0.006052
0.005966
0.006119
0.006476
0.006658
0.006588
0.006519
0.006425
0.006522
0.006967
0.007706
0.009143
0.011309
0.014048
0.017308
0.020713
0.024066
0.027190
0.029983
0.032241
0.033732
0.034425
0.034182
0.033098
0.031392
0.028886
0.025626
0.021921
0.017768
0.013249
0.008788
0.004774
0.001300
-0.001539
-0.003737
-0.005486
-0.007010
-0.008616
-0.010706
-0.013491
-0.016923
-0.020868
-0.024968
-0.028872
-0.032269
-0.034984
-0.037091
-0.038651
-0.039856
-0.040730
-0.041414
-0.042330
-0.043624
-0.045490
-0.048229
-0.051517
-0.054657
-0.057425
-0.059643
-0.061034
-0.061809
-0.062081
-0.061810
-0.061059
-0.059647
-0.057691
-0.055257
-0.052450
-0.049589
-0.046541
-0.043469
-0.040606
-0.037777
-0.035110
-0.032599
-0.029986
-0.027257
-0.024333
-0.021157
-0.017715
-0.014148
-0.010615
-0.007236
-0.004254
-0.001770
0.000191
0.001575
0.002255
0.002201
0.001425
-0.000093
-0.002232
-0.004626
-0.007077
-0.009618
-0.011868
-0.013429
-0.014326
-0.014478
-0.013707
-0.011983
-0.009436
-0.006306
-0.002791
0.000946
0.004731
0.008419
0.012219
0.016547
0.021553
0.027402
0.034313
0.042322
0.051270
0.060564
0.069606
0.077738
0.084202
0.089014
0.092513
0.095100
0.097437
0.099684
0.101559
0.102743
0.102867
0.101581
0.098592
0.094035
0.088718
0.083626
0.079392
0.076139
0.073335
0.070461
0.067317
0.063990
0.060732
0.057425
0.054131
0.050951
0.047864
0.044970
0.042437
0.040500
0.039031
0.037838
0.036812
0.035788
0.034805
0.033850
0.032805
0.031682
0.030439
0.028952
0.027179
0.025138
0.022777
0.019999
0.016751
0.013131
0.009440
0.005863
0.002419
-0.001042
-0.005101
-0.009974
-0.015519
-0.021592
-0.027685
-0.033433
-0.038693
-0.043561
-0.047871
-0.051482
-0.054294
-0.055707
-0.055877
-0.055122
-0.053671
-0.052163
-0.050780
-0.049460
-0.048380
-0.047417
-0.046539
-0.045885
-0.044996
-0.043590
-0.041636
-0.039055
-0.035961
-0.032698
-0.029654
-0.026876
-0.024549
-0.022735
-0.021391
-0.020755
-0.020616
-0.020760
-0.021003
-0.020857
-0.020260
-0.019056
-0.017183
-0.014907
-0.012036
-0.008689
-0.004947
-0.000639
0.004050
0.009084
0.014644
0.020854
0.027675
0.035124
0.043088
0.051374
0.059815
0.067719
0.074312
0.079059
0.081370
0.081042
0.078404
0.074159
0.069048
0.063515
0.057902
0.052323
0.046548
0.040548
0.034172
0.027047
0.019138
0.010226
0.000401
-0.009508
-0.018888
-0.027340
-0.034372
-0.040071
-0.044732
-0.048572
-0.051702
-0.053998
-0.055647
-0.056401
-0.056226
-0.055643
-0.054523
-0.053046
-0.051559
-0.049893
-0.048066
-0.046216
-0.044441
-0.042778
-0.041153
-0.039624
-0.038137
-0.036400
-0.034307
-0.031693
-0.028456
-0.024690
-0.020510
-0.016205
-0.012029
-0.008228
-0.005060
-0.002651
-0.001101
-0.000362
-0.000176
-0.000561
-0.001352
-0.002194
-0.002931
-0.003245
-0.003026
-0.002225
-0.000821
0.000993
0.003251
0.005886
0.008560
0.011237
0.013676
0.015444
0.016434
0.016594
0.015844
0.014296
0.012414
0.010421
0.008499
0.006724
0.004740
0.002408
-0.000292
-0.003243
-0.006401
-0.009626
-0.012585
-0.015352
-0.017827
-0.019678
-0.020898
-0.021548
-0.021535
-0.020835
-0.019693
-0.018261
-0.016685
-0.015268
-0.014041
-0.012913
-0.011960
-0.011089
-0.010324
-0.009817
-0.009407
-0.009293
-0.009527
-0.009838
-0.010211
-0.010338
-0.010068
-0.009541
-0.008709
-0.007797
-0.006928
-0.006083
-0.005437
-0.005044
-0.005031
-0.005437
-0.006380
-0.007754
-0.009156
-0.010633
-0.012148
-0.013459
-0.014458
-0.015108
-0.015276
-0.014812
-0.014102
-0.013534
-0.013260
-0.013623
-0.014670
-0.016198
-0.018098
-0.020199
-0.022382
-0.024606
-0.026854
-0.029021
-0.030881
-0.032245
-0.033055
-0.033385
-0.033248
-0.032581
-0.031404
-0.029803
-0.027615
-0.024575
-0.020630
-0.015915
-0.010448
-0.004539
0.001291
0.007066
0.012456
0.017198
0.021344
0.024652
0.027189
0.029070
0.030308
0.031180
0.031968
0.032761
0.033608
0.034378
0.034922
0.035319
0.035431
0.035115
0.034591
0.033778
0.032476
0.031002
0.029316
0.027146
0.024782
0.022279
0.019785
0.017743
0.016266
0.015474
0.015298
0.015367
0.015550
0.015921
0.016297
0.016518
0.016642
0.016591
0.016390
0.016193
0.015856
0.015385
0.014812
0.014084
0.013341
0.012438
0.011389
0.010194
0.008698
0.007223
0.005663
0.004021
0.002670
0.001481
0.000569
0.000092
-0.000098
0.000126
0.000681
0.001413
0.002327
0.003180
0.004068
0.004816
0.005293
0.005768
0.006030
0.006257
0.006587
0.006806
0.007321
0.008117
0.008791
0.009497
0.010140
0.010385
0.010122
0.009415
0.008113
0.006240
0.004364
0.002652
0.001343
0.000578
0.000043
-0.000569
-0.001279
-0.001922
-0.002668
-0.003076
-0.002552
-0.001267
0.000800
0.003844
0.007832
0.012486
0.017569
0.022998
0.028283
0.033063
0.037283
0.040742
0.043137
0.044378
0.044522
0.043335
0.040765
0.037022
0.032251
0.026890
0.021398
0.016047
0.011325
0.007438
0.004233
0.001672
-0.000241
-0.001646
-0.002845
-0.003822
-0.004624
-0.005367
-0.005989
-0.006651
-0.007183
-0.007442
-0.007608
-0.007757
-0.007888
-0.008234
-0.008983
-0.010138
-0.011440
-0.012511
-0.013407
-0.014145
-0.014681
-0.015092
-0.015510
-0.015905
-0.016423
-0.017381
-0.018804
-0.020635
-0.022785
-0.024829
-0.026184
-0.026590
-0.025883
-0.024290
-0.021950
-0.019073
-0.016368
-0.014146
-0.012733
-0.012325
-0.012819
-0.014400
-0.016978
-0.020174
-0.023730
-0.027346
-0.030825
-0.033973
-0.036565
-0.038858
-0.041207
-0.043701
-0.046714
-0.050140
-0.053541
-0.056914
-0.059910
-0.062182
-0.063704
-0.064252
-0.063781
-0.062343
-0.059813
-0.056373
-0.052219
-0.047657
-0.043094
-0.038603
-0.034299
-0.030082
-0.025827
-0.021613
-0.017395
-0.013376
-0.009635
-0.006084
-0.002918
-0.000169
0.002309
0.004485
0.006365
0.008101
0.009669
0.011032
0.012214
0.012995
0.013103
0.012553
0.011410
0.009925
0.008621
0.007880
0.007877
0.008609
0.009763
0.010881
0.011692
0.011992
0.011788
0.011234
0.010208
0.008638
0.006525
0.003809
0.000792
-0.002064
-0.004515
-0.006390
-0.007879
-0.009166
-0.010134
-0.010878
-0.011436
-0.011706
-0.011556
-0.010994
-0.010291
-0.009543
-0.008716
-0.007868
-0.006833
-0.005333
-0.003359
-0.000780
0.002591
0.006466
0.010800
0.015713
0.020848
0.026008
0.031170
0.035951
0.039936
0.043189
0.045780
0.047803
0.049331
0.050497
0.051327
0.051408
0.050817
0.049471
0.047135
0.043990
0.040012
0.035449
0.030849
0.026439
0.022317
0.018688
0.015415
0.012221
0.009217
0.006205
0.002919
-0.000528
-0.004226
-0.007861
-0.010921
-0.013246
-0.014493
-0.014742
-0.014258
-0.013039
-0.011427
-0.009810
-0.008299
-0.006685
-0.005065
-0.003590
-0.002032
-0.000508
0.001008
0.002845
0.004850
0.006667
0.008330
0.009762
0.010812
0.011610
0.012319
0.013006
0.013798
0.014825
0.015988
0.017335
0.018679
0.019702
0.020405
0.020552
0.019889
0.018452
0.016525
0.014447
0.012544
0.010894
0.009396
0.008202
0.007100
0.005988
0.005029
0.004211
0.003886
0.003955
0.004084
0.004574
0.005316
0.005891
0.006476
0.007232
0.008216
0.009552
0.011095
0.012958
0.015156
0.017304
0.019565
0.021955
0.023972
0.025454
0.026408
0.026693
0.026419
0.025980
0.025243
0.024116
0.022663
0.020675
0.018069
0.014911
0.011512
0.007930
0.004456
0.001319
-0.001536
-0.003681
-0.005183
-0.006234
-0.006709
-0.006623
-0.006143
-0.005402
-0.004402
-0.003333
-0.002342
-0.001386
-0.000620
-0.000096
0.000250
0.000017
-0.000796
-0.002007
-0.003801
-0.005710
-0.007466
-0.009041
-0.010323
-0.011402
-0.012194
-0.012817
-0.013138
-0.013044
-0.012537
-0.011906
-0.011507
-0.011263
-0.011455
-0.011984
-0.012685
-0.013700
-0.015056
-0.016623
-0.018316
-0.020007
-0.021296
-0.022336
-0.023106
-0.023326
-0.023365
-0.023101
-0.022107
-0.020515
-0.018149
-0.014998
-0.011683
-0.008189
-0.004484
-0.000824
0.002762
0.005822
0.008434
0.010551
0.011997
0.012980
0.013375
0.013405
0.013051
0.012308
0.011338
0.010015
0.008650
0.007379
0.006030
0.004909
0.004233
0.003619
0.002847
0.001869
0.000144
-0.002416
-0.005687
-0.009590
-0.013508
-0.016974
-0.019922
-0.022317
-0.023922
-0.024890
-0.025498
-0.025724
-0.025937
-0.026265
-0.026677
-0.027344
-0.027870
-0.028151
-0.028163
-0.027476
-0.026041
-0.024016
-0.021486
-0.018407
-0.014683
-0.010541
-0.006154
-0.001661
0.002703
0.006656
0.009709
0.011796
0.012706
0.012264
0.010639
0.008370
0.005904
0.003283
0.000860
-0.001269
-0.003122
-0.004593
-0.005727
-0.006526
-0.006985
-0.007097
-0.007081
-0.007197
-0.007395
-0.007775
-0.008204
-0.008525
-0.008616
-0.008295
-0.007409
-0.006064
-0.004719
-0.003304
-0.002144
-0.001452
-0.000845
-0.000489
-0.000257
0.000179
0.000645
0.001215
0.001864
0.002632
0.003776
0.005042
0.006776
0.009139
0.011719
0.014303
0.016611
0.018569
0.019914
0.020663
0.021384
0.022181
0.023011
0.024162
0.025551
0.026691
0.027547
0.028237
0.028647
0.028935
0.029299
0.029941
0.031089
0.032658
0.034577
0.036681
0.038693
0.040341
0.041483
0.042335
0.042692
0.042609
0.042303
0.041569
0.040131
0.037938
0.035449
0.032651
0.029707
0.027123
0.025149
0.023788
0.022980
0.022937
0.023375
0.023982
0.024889
0.025589
0.025716
0.025281
0.023914
0.021594
0.018554
0.014900
0.011011
0.007293
0.003966
0.001290
-0.000572
-0.001672
-0.002311
-0.002669
-0.002843
-0.003379
-0.004498
-0.006048
-0.008013
-0.010080
-0.012080
-0.013932
-0.015501
-0.016872
-0.018055
-0.018895
-0.019266
-0.019186
-0.018546
-0.017395
-0.015750
-0.013553
-0.011077
-0.008494
-0.005911
-0.003235
-0.000467
0.002127
0.004679
0.007058
0.008771
0.009683
0.009836
0.009148
0.007586
0.005613
0.003509
0.001394
-0.000328
-0.001728
-0.002769
-0.003370
-0.003961
-0.004367
-0.004456
-0.004949
-0.005954
-0.007336
-0.009276
-0.011569
-0.013798
-0.015715
-0.017131
-0.017887
-0.017964
-0.017297
-0.016088
-0.014443
-0.012242
-0.009838
-0.007346
-0.004586
-0.001859
0.000759
0.003111
0.004680
0.005578
0.005767
0.005395
0.004885
0.004233
0.003666
0.003118
0.002413
0.001570
0.000568
-0.000409
-0.001064
-0.001387
-0.001217
-0.000448
0.000657
0.002090
0.003711
0.005440
0.007534
0.009961
0.012484
0.014995
0.017315
0.019186
0.020525
0.021448
0.022055
0.022499
0.023033
0.023893
0.025049
0.026496
0.028318
0.030321
0.032249
0.033832
0.035015
0.035730
0.035750
0.035042
0.033644
0.031748
0.029482
0.026908
0.023921
0.020439
0.016759
0.012915
0.009011
0.005496
0.002523
-0.000176
-0.002474
-0.004369
-0.006155
-0.007942
-0.009800
-0.011615
-0.013424
-0.015163
-0.016542
-0.017509
-0.018066
-0.017987
-0.017556
-0.016913
-0.015878
-0.014636
-0.013337
-0.011929
-0.010618
-0.009756
-0.009237
-0.008993
-0.009050
-0.009377
-0.009970
-0.010993
-0.012443
-0.014223
-0.016393
-0.018717
-0.021100
-0.023474
-0.025535
-0.027055
-0.028085
-0.028832
-0.029445
-0.029881
-0.030244
-0.030703
-0.031072
-0.031369
-0.031583
-0.031678
-0.031666
-0.031465
-0.031206
-0.030924
-0.030615
-0.030429
-0.030316
-0.030081
-0.029718
-0.029191
-0.028518
-0.027685
-0.026672
-0.025478
-0.024019
-0.022384
-0.020548
-0.018633
-0.016661
-0.014759
-0.013165
-0.011745
-0.010645
-0.010004
-0.009596
-0.009476
-0.009840
-0.010443
-0.011250
-0.012115
-0.012656
-0.012819
-0.012519
-0.011536
-0.010002
-0.008049
-0.005649
-0.002939
-0.000089
0.002530
0.004910
0.006948
0.008474
0.009733
0.010517
0.010736
0.010495
0.009632
0.008186
0.006266
0.003945
0.001302
-0.001467
-0.004047
-0.006306
-0.008189
-0.009550
-0.010452
-0.011243
-0.012140
-0.013207
-0.014440
-0.015649
-0.016420
-0.016609
-0.016222
-0.015073
-0.013356
-0.011288
-0.009032
-0.006878
-0.004986
-0.003663
-0.002958
-0.002746
-0.002850
-0.002925
-0.002984
-0.002945
-0.002674
-0.002260
-0.001693
-0.001083
-0.000478
0.000044
0.000161
-0.000148
-0.000736
-0.001662
-0.002801
-0.004072
-0.005529
-0.006997
-0.008401
-0.009488
-0.009788
-0.009278
-0.007976
-0.005963
-0.003723
-0.001739
-0.000323
0.000473
0.000855
0.001089
0.001364
0.001952
0.002901
0.004055
0.005521
0.007216
0.008822
0.010092
0.010982
0.011402
0.011180
0.010253
0.008731
0.006969
0.004978
0.002825
0.000813
-0.001162
-0.003017
-0.004451
-0.005561
-0.006409
-0.007025
-0.007629
-0.008251
-0.008906
-0.009747
-0.010808
-0.011994
-0.013326
-0.014687
-0.015885
-0.016928
-0.017828
-0.018578
-0.019169
-0.019697
-0.020170
-0.020280
-0.019972
-0.019662
-0.019278
-0.018856
-0.018517
-0.017944
-0.017401
-0.016834
-0.016132
-0.015298
-0.014192
-0.013020
-0.011525
-0.009717
-0.007887
-0.006075
-0.004280
-0.002449
-0.000720
0.000938
0.002461
0.003637
0.004436
0.004776
0.004663
0.004167
0.003445
0.002752
0.002386
0.002585
0.003209
0.004182
0.005471
0.006833
0.008150
0.009449
0.010344
0.010572
0.010363
0.009541
0.007989
0.005865
0.003376
0.000903
-0.001069
-0.002321
-0.002973
-0.002873
-0.002223
-0.001285
0.000206
0.002097
0.004133
0.006286
0.008483
0.010685
0.012960
0.015145
0.017056
0.018814
0.020362
0.021422
0.022172
0.022876
0.023318
0.023595
0.023731
0.023535
0.022964
0.021982
0.020603
0.018945
0.017129
0.015188
0.013167
0.011084
0.009026
0.006958
0.004847
0.002641
0.000340
-0.001846
-0.003979
-0.006116
-0.007887
-0.009292
-0.010357
-0.010705
-0.010403
-0.009764
-0.008828
-0.007742
-0.006989
-0.006640
-0.006442
-0.006275
-0.005819
-0.005041
-0.004021
-0.002789
-0.001778
-0.001066
-0.000516
-0.000187
-0.000091
-0.000124
-0.000104
0.000019
0.000215
0.000539
0.000645
0.000329
-0.000240
-0.001260
-0.002620
-0.004077
-0.005545
-0.006845
-0.007898
-0.008601
-0.008772
-0.008392
-0.007537
-0.006109
-0.004351
-0.002467
-0.000225
0.002053
0.004110
0.006041
0.007597
0.008397
0.008594
0.008645
0.008224
0.007470
0.006643
0.005429
0.004172
0.003024
0.001986
0.001189
0.000724
0.000769
0.001325
0.002320
0.003729
0.005615
0.007899
0.010382
0.012870
0.015148
0.017287
0.019291
0.020976
0.022409
0.023467
0.023881
0.023642
0.022928
0.021794
0.020221
0.018196
0.015630
0.012596
0.009114
0.005570
0.002520
-0.000038
-0.001973
-0.003246
-0.004237
-0.005153
-0.006125
-0.007267
-0.008597
-0.010070
-0.011560
-0.013076
-0.014636
-0.016285
-0.018005
-0.019542
-0.020866
-0.021921
-0.022633
-0.023145
-0.023337
-0.023114
-0.022514
-0.021462
-0.019923
-0.017913
-0.015445
-0.012779
-0.010020
-0.006983
-0.003863
-0.000881
0.001774
0.004072
0.006097
0.007579
0.008667
0.009708
0.010741
0.011743
0.012680
0.013498
0.014175
0.014590
0.014558
0.014117
0.013305
0.012033
0.010421
0.008664
0.006717
0.004805
0.003042
0.001248
-0.000441
-0.001896
-0.003126
-0.004074
-0.004700
-0.004900
-0.004656
-0.004274
-0.003871
-0.003389
-0.002869
-0.002254
-0.001480
-0.000434
0.000990
0.002644
0.004323
0.005953
0.007359
0.008472
0.009354
0.009799
0.009749
0.009325
0.008558
0.007485
0.006285
0.005070
0.003687
0.002324
0.001009
-0.000543
-0.002168
-0.003695
-0.005302
-0.007079
-0.008835
-0.010508
-0.012182
-0.013688
-0.014989
-0.016044
-0.016663
-0.016993
-0.016968
-0.016476
-0.015709
-0.014750
-0.013778
-0.012890
-0.012367
-0.012598
-0.013183
-0.014014
-0.015110
-0.015957
-0.016514
-0.016663
-0.016176
-0.015240
-0.013954
-0.012439
-0.010866
-0.009413
-0.008256
-0.007251
-0.006311
-0.005214
-0.004081
-0.003249
-0.002430
-0.001635
-0.001056
-0.000694
-0.000435
-0.000293
-0.000254
-0.000211
-0.000182
0.000102
0.000666
0.001315
0.002147
0.002923
0.003261
0.003434
0.003544
0.003267
0.002906
0.002507
0.001799
0.001096
0.000434
-0.000065
-0.000121
0.000264
0.001063
0.002246
0.003463
0.004650
0.006003
0.007241
0.008251
0.009039
0.009412
0.009190
0.008445
0.007112
0.005480
0.003711
0.001944
0.000634
-0.000507
-0.001469
-0.002279
-0.003147
-0.003952
-0.004746
-0.005488
-0.006097
-0.006604
-0.006874
-0.006754
-0.006339
-0.005764
-0.005013
-0.003973
-0.002936
-0.002028
-0.001188
-0.000593
0.000106
0.000902
0.001704
0.002776
0.003925
0.005021
0.005874
0.006451
0.007024
0.007476
0.007881
0.008441
0.009111
0.009837
0.010638
0.011556
0.012380
0.012918
0.013270
0.013433
0.013239
0.012781
0.012073
0.011279
0.010461
0.009477
0.008446
0.007121
0.005676
0.004374
0.003073
0.002017
0.001499
0.001487
0.001814
0.002218
0.002585
0.002676
0.002119
0.001261
0.000187
-0.001128
-0.002639
-0.004381
-0.006069
-0.007633
-0.008951
-0.010117
-0.011096
-0.011901
-0.012540
-0.012700
-0.012814
-0.013127
-0.013156
-0.012959
-0.012871
-0.012597
-0.011878
-0.010898
-0.009828
-0.008545
-0.006993
-0.005298
-0.003424
-0.001594
-0.000036
0.001548
0.003312
0.004997
0.006755
0.008616
0.010408
0.012289
0.013826
0.014944
0.015889
0.016355
0.016553
0.016881
0.016990
0.016890
0.017010
0.017255
0.017631
0.018027
0.018675
0.020023
0.021402
0.022408
0.023385
0.024219
0.024536
0.024473
0.024025
0.023188
0.022251
0.020998
0.019567
0.018305
0.017045
0.015679
0.014387
0.013213
0.012121
0.011387
0.011094
0.010941
0.011009
0.011125
0.010680
0.009761
0.008422
0.006627
0.004889
0.003463
0.002325
0.001687
0.001595
0.001819
0.002272
0.002795
0.003276
0.003846
0.004289
0.004370
0.004372
0.004189
0.003638
0.003214
0.002964
0.002439
0.001679
0.000779
-0.000452
-0.002311
-0.004642
-0.006968
-0.009415
-0.011971
-0.014116
-0.015562
-0.016436
-0.016953
-0.017040
-0.016723
-0.016421
-0.016321
-0.016314
-0.016501
-0.017014
-0.017631
-0.018386
-0.019288
-0.020092
-0.020825
-0.021397
-0.021668
-0.021579
-0.020857
-0.019688
-0.018283
-0.016587
-0.015133
-0.013682
-0.012003
-0.010413
-0.008793
-0.007200
-0.005608
-0.004321
-0.003255
-0.002276
-0.001861
-0.001638
-0.001223
-0.000989
-0.000974
-0.000904
-0.000837
-0.000882
-0.000754
-0.000491
-0.000584
-0.000904
-0.001493
-0.002650
-0.004118
-0.005597
-0.007299
-0.009039
-0.010475
-0.011771
-0.013010
-0.014193
-0.015319
-0.016517
-0.017517
-0.018152
-0.018659
-0.018939
-0.018832
-0.018589
-0.018278
-0.017793
-0.017466
-0.016909
-0.015874
-0.015035
-0.013963
-0.012597
-0.011794
-0.011369
-0.011280
-0.011523
-0.011858
-0.012308
-0.012589
-0.012778
-0.013096
-0.013708
-0.014421
-0.015209
-0.016389
-0.017264
-0.017778
-0.018274
-0.018204
-0.017614
-0.017038
-0.016338
-0.015467
-0.014428
-0.012956
-0.011078
-0.008994
-0.006917
-0.004876
-0.003003
-0.001331
0.000397
0.002143
0.003789
0.005347
0.006616
0.007848
0.009274
0.010647
0.012077
0.013305
0.014230
0.014996
0.015226
0.015036
0.014416
0.013332
0.012274
0.011210
0.010216
0.009716
0.009579
0.009489
0.009490
0.009466
0.009288
0.009383
0.009855
0.010364
0.010881
0.011409
0.011789
0.012026
0.012345
0.012775
0.013407
0.014257
0.015263
0.016575
0.017852
0.019076
0.020238
0.020974
0.021664
0.022303
0.022684
0.023009
0.023124
0.023079
0.023103
0.023226
0.023419
0.023778
0.024361
0.024939
0.025307
0.025468
0.025354
0.024767
0.023792
0.022703
0.021576
0.020417
0.019478
0.018940
0.018597
0.018318
0.018223
0.018293
0.018401
0.018493
0.018467
0.018378
0.018318
0.018255
0.018289
0.018446
0.018738
0.018975
0.019051
0.019007
0.018555
0.017790
0.016922
0.015886
0.014740
0.013284
0.011485
0.009653
0.007566
0.005372
0.003394
0.001393
-0.000666
-0.002600
-0.004439
-0.006191
-0.007644
-0.008804
-0.009717
-0.010359
-0.010958
-0.011562
-0.012064
-0.012561
-0.013079
-0.013641
-0.014190
-0.014742
-0.015503
-0.016415
-0.017188
-0.017694
-0.018030
-0.018215
-0.018372
-0.018583
-0.018694
-0.018620
-0.018349
-0.017825
-0.017023
-0.016121
-0.015172
-0.014081
-0.012999
-0.012163
-0.011469
-0.010865
-0.010408
-0.009914
-0.009462
-0.009155
-0.009050
-0.009250
-0.009627
-0.010066
-0.010553
-0.010964
-0.011242
-0.011452
-0.011365
-0.010909
-0.010179
-0.009332
-0.008412
-0.007498
-0.006853
-0.006548
-0.006707
-0.007422
-0.008631
-0.010053
-0.011637
-0.013251
-0.014455
-0.015089
-0.015214
-0.014687
-0.013484
-0.012039
-0.010396
-0.008477
-0.006623
-0.004930
-0.003414
-0.002249
-0.001147
-0.000165
0.000522
0.001332
0.002093
0.002622
0.003039
0.003278
0.003610
0.004012
0.004361
0.004797
0.005225
0.005460
0.005514
0.005515
0.005412
0.005212
0.004919
0.004468
0.003761
0.002795
0.001767
0.000735
-0.000151
-0.000750
-0.001018
-0.000868
-0.000428
0.000092
0.000584
0.001011
0.001495
0.002083
0.002705
0.003360
0.004025
0.004656
0.005320
0.006183
0.007179
0.008366
0.009834
0.011283
0.012695
0.014085
0.015374
0.016737
0.018039
0.019149
0.020284
0.021342
0.022209
0.022907
0.023268
0.023301
0.023151
0.022975
0.022535
0.021644
0.020478
0.019058
0.017511
0.016027
0.014715
0.013515
0.012233
0.010888
0.009544
0.008111
0.006685
0.005235
0.003785
0.002585
0.001520
0.000535
-0.000254
-0.001001
-0.002062
-0.003448
-0.004910
-0.006308
-0.007477
-0.008271
-0.008715
-0.008881
-0.008826
-0.008614
-0.008210
-0.007782
-0.007520
-0.007441
-0.007703
-0.008519
-0.009802
-0.011313
-0.012978
-0.014650
-0.016226
-0.017715
-0.018897
-0.019586
-0.019897
-0.019796
-0.019405
-0.018950
-0.018430
-0.017975
-0.017446
-0.016743
-0.016058
-0.015312
-0.014637
-0.014293
-0.014179
-0.014017
-0.013533
-0.012594
-0.011138
-0.009272
-0.007181
-0.005074
-0.003184
-0.001514
0.000136
0.001889
0.003782
0.005816
0.007846
0.009674
0.011281
0.012730
0.013930
0.014856
0.015619
0.016193
0.016630
0.016954
0.017011
0.016856
0.016479
0.015815
0.014985
0.014090
0.013308
0.012825
0.012636
0.012547
0.012422
0.012243
0.011932
0.011538
0.011191
0.010743
0.010088
0.009346
0.008571
0.007690
0.006705
0.005569
0.004204
0.002796
0.001303
-0.000262
-0.001493
-0.002393
-0.003170
-0.003685
-0.003840
-0.003709
-0.003256
-0.002498
-0.001705
-0.001086
-0.000674
-0.000426
-0.000293
-0.000158
0.000050
0.000189
0.000289
0.000595
0.001195
0.002041
0.003206
0.004730
0.006364
0.007942
0.009527
0.010926
0.011990
0.012736
0.013043
0.012782
0.011966
0.010650
0.008916
0.006895
0.004681
0.002467
0.000323
-0.001582
-0.002999
-0.003962
-0.004564
-0.004994
-0.005430
-0.005943
-0.006621
-0.007331
-0.007858
-0.008086
-0.007913
-0.007319
-0.006144
-0.004386
-0.002073
0.000688
0.003477
0.006160
0.008673
0.010718
0.012157
0.012911
0.012902
0.012347
0.011486
0.010429
0.009335
0.008284
0.007214
0.006113
0.005089
0.004112
0.003164
0.002333
0.001654
0.000998
0.000245
-0.000617
-0.001807
-0.003107
-0.004316
-0.005546
-0.006631
-0.007451
-0.007968
-0.008190
-0.007987
-0.007374
-0.006473
-0.005552
-0.004794
-0.004252
-0.003992
-0.003900
-0.003829
-0.003725
-0.003735
-0.003795
-0.003876
-0.003964
-0.004127
-0.004318
-0.004434
-0.004641
-0.004954
-0.005448
-0.006178
-0.007222
-0.008571
-0.009974
-0.011388
-0.012748
-0.013969
-0.015076
-0.015961
-0.016763
-0.017428
-0.017782
-0.018021
-0.018204
-0.018283
-0.018395
-0.018537
-0.018587
-0.018632
-0.018741
-0.018838
-0.018851
-0.018742
-0.018452
-0.018085
-0.017709
-0.017272
-0.016718
-0.016062
-0.015379
-0.014857
-0.014660
-0.014747
-0.015182
-0.015895
-0.016588
-0.017014
-0.017152
-0.017139
-0.016914
-0.016459
-0.015851
-0.015194
-0.014552
-0.013867
-0.013338
-0.012946
-0.012536
-0.012222
-0.012116
-0.012139
-0.012266
-0.012620
-0.013156
-0.013693
-0.014097
-0.014332
-0.014297
-0.013841
-0.013171
-0.012203
-0.010683
-0.009088
-0.007459
-0.005799
-0.004210
-0.002457
-0.000733
0.000814
0.002057
0.003013
0.003587
0.003605
0.003482
0.003257
0.002774
0.002256
0.001747
0.001278
0.000755
0.000145
-0.000394
-0.000971
-0.001619
-0.002217
-0.002801
-0.003445
-0.003996
-0.004222
-0.004299
-0.004446
-0.004549
-0.004721
-0.005076
-0.005325
-0.005363
-0.005272
-0.004970
-0.004627
-0.004511
-0.004771
-0.005298
-0.005901
-0.006436
-0.006640
-0.006559
-0.006414
-0.006167
-0.005742
-0.005224
-0.004671
-0.004203
-0.003871
-0.003765
-0.003962
-0.004336
-0.004825
-0.005202
-0.005352
-0.005371
-0.005132
-0.004735
-0.004340
-0.003871
-0.003313
-0.002521
-0.001499
-0.000332
0.000932
0.002247
0.003514
0.004694
0.005941
0.007164
0.008334
0.009361
0.010022
0.010422
0.010691
0.010906
0.011024
0.011030
0.011042
0.010911
0.010749
0.010636
0.010445
0.010079
0.009538
0.008995
0.008399
0.007855
0.007360
0.006994
0.006967
0.007190
0.007624
0.008056
0.008390
0.008685
0.008661
0.008481
0.008407
0.008229
0.008046
0.007690
0.007052
0.006289
0.005489
0.004777
0.004023
0.003215
0.002394
0.001624
0.001027
0.000875
0.000994
0.001243
0.001747
0.002361
0.002996
0.003467
0.003670
0.003545
0.003112
0.002501
0.001875
0.001448
0.001431
0.001714
0.002117
0.002564
0.002982
0.003537
0.004123
0.004594
0.005049
0.005589
0.006375
0.007353
0.008489
0.009878
0.011262
0.012416
0.013467
0.014415
0.015126
0.015466
0.015473
0.015332
0.014992
0.014614
0.014209
0.013660
0.013050
0.012253
0.011353
0.010453
0.009551
0.008551
0.007354
0.006087
0.004770
0.003648
0.002874
0.002141
0.001472
0.000820
0.000089
-0.000415
-0.000519
-0.000319
0.000068
0.000669
0.001379
0.002124
0.002941
0.003893
0.004939
0.005690
0.006099
0.006244
0.006080
0.005828
0.005569
0.005289
0.004899
0.004476
0.004199
0.004006
0.004001
0.004321
0.004892
0.005493
0.005951
0.006208
0.006498
0.007049
0.007725
0.008431
0.008825
0.008685
0.008275
0.007728
0.007006
0.006247
0.005504
0.004777
0.004345
0.004129
0.003970
0.003870
0.003700
0.003362
0.002804
0.002119
0.001332
0.000389
-0.000401
-0.000892
-0.001311
-0.001558
-0.001763
-0.002160
-0.002506
-0.002661
-0.002612
-0.002271
-0.001764
-0.001444
-0.001460
-0.001715
-0.002056
-0.002335
-0.002605
-0.002873
-0.003030
-0.003008
-0.002749
-0.002254
-0.001519
-0.000586
0.000483
0.001706
0.003185
0.004858
0.006553
0.008133
0.009631
0.011131
0.012251
0.012927
0.013294
0.013206
0.012781
0.012131
0.011395
0.010785
0.010474
0.010472
0.010579
0.010670
0.010596
0.010329
0.009854
0.009242
0.008640
0.007928
0.007193
0.006656
0.006324
0.006163
0.006150
0.006150
0.006206
0.006342
0.006408
0.006447
0.006559
0.006843
0.007336
0.007816
0.008107
0.008283
0.008593
0.009279
0.010017
0.010463
0.010720
0.010958
0.011082
0.011184
0.011503
0.011580
0.011178
0.010442
0.009393
0.008249
0.007169
0.006162
0.005164
0.004218
0.003371
0.002405
0.001464
0.000923
0.000532
0.000197
0.000206
0.000418
0.000547
0.000445
0.000197
-0.000157
-0.000611
-0.001109
-0.001669
-0.002142
-0.002583
-0.003056
-0.003386
-0.003568
-0.003585
-0.003481
-0.003420
-0.003244
-0.002851
-0.002132
-0.001073
-0.000031
0.000987
0.001967
0.002883
0.003809
0.004573
0.005171
0.005532
0.005739
0.005985
0.006139
0.006170
0.006091
0.005848
0.005349
0.004689
0.004109
0.003646
0.003070
0.002243
0.001197
-0.000109
-0.001488
-0.002519
-0.003215
-0.003829
-0.004249
-0.004640
-0.005112
-0.005462
-0.005653
-0.005705
-0.005711
-0.005617
-0.005502
-0.005486
-0.005450
-0.005533
-0.005755
-0.006010
-0.006278
-0.006413
-0.006418
-0.006337
-0.006178
-0.005961
-0.005540
-0.005023
-0.004601
-0.004199
-0.003856
-0.003486
-0.002990
-0.002462
-0.001866
-0.001339
-0.000933
-0.000543
-0.000209
-0.000046
-0.000094
-0.000287
-0.000589
-0.000760
-0.000866
-0.000968
-0.000871
-0.000704
-0.000327
0.000335
0.001028
0.001797
0.002748
0.003703
0.004760
0.005906
0.006758
0.007232
0.007221
0.006832
0.006232
0.005437
0.004454
0.003480
0.002684
0.001964
0.001485
0.001279
0.001078
0.000938
0.000844
0.000469
-0.000049
-0.000464
-0.000869
-0.001345
-0.001901
-0.002533
-0.003152
-0.003630
-0.003949
-0.004152
-0.004349
-0.004453
-0.004425
-0.004224
-0.003773
-0.003489
-0.003529
-0.003821
-0.004435
-0.005118
-0.005613
-0.005958
-0.006277
-0.006571
-0.006877
-0.007251
-0.007632
-0.007878
-0.007841
-0.007520
-0.006974
-0.006394
-0.005997
-0.005773
-0.005691
-0.005787
-0.005768
-0.005467
-0.004925
-0.004090
-0.003089
-0.001987
-0.000732
0.000615
0.001903
0.003001
0.003796
0.004279
0.004456
0.004325
0.004036
0.003778
0.003664
0.003738
0.003874
0.003949
0.004035
0.004083
0.003963
0.003666
0.003134
0.002324
0.001247
-0.000205
-0.001986
-0.003893
-0.005677
-0.007091
-0.008215
-0.009071
-0.009585
-0.009841
-0.009899
-0.009737
-0.009246
-0.008637
-0.008146
-0.007676
-0.007204
-0.006797
-0.006256
-0.005387
-0.004338
-0.003234
-0.002289
-0.001702
-0.001429
-0.001340
-0.001250
-0.001091
-0.000942
-0.000902
-0.000967
-0.001005
-0.000970
-0.000956
-0.000935
-0.000860
-0.000756
-0.000604
-0.000369
-0.000117
0.000055
0.000179
0.000157
-0.000125
-0.000685
-0.001382
-0.002007
-0.002512
-0.003016
-0.003733
-0.004579
-0.005466
-0.006221
-0.006550
-0.006549
-0.006463
-0.006421
-0.006422
-0.006400
-0.006370
-0.006383
-0.006477
-0.006695
-0.006916
-0.006964
-0.006750
-0.006304
-0.005778
-0.005380
-0.005198
-0.005126
-0.005212
-0.005531
-0.005978
-0.006594
-0.007380
-0.008147
-0.008805
-0.009353
-0.009784
-0.010141
-0.010453
-0.010773
-0.011105
-0.011382
-0.011622
-0.011658
-0.011490
-0.011311
-0.011048
-0.010564
-0.009689
-0.008411
-0.006835
-0.004940
-0.002793
-0.000490
0.001970
0.004546
0.007042
0.009205
0.010964
0.012274
0.012935
0.012894
0.012435
0.011767
0.010973
0.010256
0.009555
0.008769
0.008084
0.007554
0.007185
0.007044
0.006987
0.006803
0.006588
0.006362
0.005912
0.005402
0.004930
0.004421
0.004093
0.004002
0.004256
0.004908
0.005781
0.006769
0.007594
0.008046
0.008157
0.008086
0.008083
0.008259
0.008486
0.008708
0.008820
0.008612
0.008164
0.007644
0.007218
0.006985
0.006887
0.006974
0.007135
0.007113
0.006945
0.006580
0.006003
0.005451
0.004879
0.004144
0.003312
0.002466
0.001617
0.000830
0.000150
-0.000417
-0.000931
-0.001487
-0.002076
-0.002621
-0.002988
-0.003263
-0.003565
-0.003949
-0.004494
-0.005126
-0.005722
-0.006171
-0.006427
-0.006463
-0.006388
-0.006406
-0.006557
-0.006875
-0.007294
-0.007612
-0.007883
-0.008230
-0.008765
-0.009549
-0.010402
-0.011134
-0.011498
-0.011405
-0.010984
-0.010288
-0.009504
-0.008682
-0.007813
-0.007078
-0.006389
-0.005788
-0.005303
-0.004913
-0.004790
-0.004965
-0.005349
-0.005676
-0.005698
-0.005368
-0.004784
-0.004108
-0.003586
-0.003318
-0.003257
-0.003406
-0.003605
-0.003741
-0.003833
-0.003922
-0.004112
-0.004459
-0.004988
-0.005513
-0.005973
-0.006494
-0.006964
-0.007425
-0.008043
-0.008743
-0.009480
-0.010197
-0.010844
-0.011372
-0.011667
-0.011862
-0.012061
-0.012333
-0.012685
-0.012958
-0.013101
-0.013070
-0.012936
-0.012775
-0.012475
-0.012100
-0.011670
-0.011098
-0.010437
-0.009782
-0.009216
-0.008725
-0.008311
-0.007999
-0.007745
-0.007390
-0.006920
-0.006513
-0.006222
-0.006108
-0.006191
-0.006257
-0.006157
-0.005941
-0.005647
-0.005310
-0.004978
-0.004615
-0.004265
-0.004045
-0.003959
-0.003987
-0.004073
-0.004114
-0.004080
-0.004020
-0.003975
-0.003965
-0.003993
-0.004026
-0.004113
-0.004213
-0.004189
-0.003931
-0.003370
-0.002552
-0.001600
-0.000663
0.000233
0.001083
0.001854
0.002563
0.003185
0.003692
0.004129
0.004571
0.004920
0.005196
0.005505
0.005800
0.006085
0.006283
0.006296
0.006086
0.005715
0.005309
0.004914
0.004639
0.004593
0.004715
0.004924
0.005044
0.005009
0.004978
0.004938
0.004852
0.004807
0.004775
0.004599
0.004201
0.003596
0.002954
0.002464
0.002207
0.002249
0.002525
0.002973
0.003603
0.004370
0.005208
0.006014
0.006610
0.006943
0.007073
0.006921
0.006553
0.006065
0.005434
0.004703
0.003919
0.003152
0.002471
0.001853
0.001238
0.000750
0.000423
0.000190
0.000087
0.000085
0.000138
0.000204
0.000257
0.000261
0.000238
0.000230
0.000212
0.000170
0.000049
-0.000175
-0.000414
-0.000515
-0.000223
0.000555
0.001525
0.002365
0.002939
0.003290
0.003572
0.003936
0.004509
0.005289
0.006170
0.007056
0.007844
0.008540
0.009169
0.009599
0.009757
0.009712
0.009575
0.009399
0.009182
0.008954
0.008694
0.008400
0.008096
0.007724
0.007251
0.006654
0.005834
0.004794
0.003737
0.002850
0.002226
0.001815
0.001454
0.001033
0.000551
0.000040
-0.000415
-0.000624
-0.000649
-0.000572
-0.000308
0.000082
0.000596
0.001147
0.001561
0.001766
0.001683
0.001335
0.000895
0.000523
0.000334
0.000386
0.000633
0.001058
0.001588
0.002111
0.002504
0.002613
0.002369
0.001834
0.001131
0.000401
-0.000177
-0.000508
-0.000584
-0.000501
-0.000476
-0.000681
-0.001116
-0.001603
-0.001967
-0.002106
-0.002038
-0.001815
-0.001503
-0.001151
-0.000719
-0.000273
0.000136
0.000523
0.000960
0.001412
0.001661
0.001610
0.001223
0.000602
-0.000213
-0.001133
-0.001882
-0.002445
-0.002901
-0.003261
-0.003570
-0.003941
-0.004376
-0.004687
-0.004764
-0.004498
-0.003804
-0.002852
-0.001976
-0.001405
-0.001202
-0.001317
-0.001529
-0.001589
-0.001394
-0.000942
-0.000357
0.000207
0.000721
0.001188
0.001603
0.002015
0.002389
0.002669
0.002847
0.002916
0.002957
0.003010
0.002971
0.002705
0.002169
0.001454
0.000736
0.000100
-0.000499
-0.001157
-0.001920
-0.002729
-0.003483
-0.004097
-0.004512
-0.004730
-0.004748
-0.004606
-0.004424
-0.004285
-0.004194
-0.004145
-0.004111
-0.004032
-0.003827
-0.003449
-0.003045
-0.002762
-0.002574
-0.002353
-0.001960
-0.001420
-0.000850
-0.000316
0.000119
0.000452
0.000789
0.001116
0.001348
0.001546
0.001699
0.001774
0.001930
0.002258
0.002709
0.003214
0.003685
0.003961
0.003952
0.003709
0.003280
0.002792
0.002291
0.001725
0.001137
0.000551
-0.000038
-0.000564
-0.000907
-0.001009
-0.000874
-0.000597
-0.000257
0.000114
0.000472
0.000846
0.001353
0.002075
0.002907
0.003756
0.004592
0.005327
0.005953
0.006585
0.007325
0.008125
0.008811
0.009224
0.009262
0.008983
0.008531
0.007999
0.007472
0.007032
0.006690
0.006376
0.005980
0.005377
0.004587
0.003770
0.003109
0.002696
0.002500
0.002355
0.002053
0.001440
0.000542
-0.000357
-0.001014
-0.001359
-0.001422
-0.001325
-0.001248
-0.001328
-0.001633
-0.002010
-0.002215
-0.002088
-0.001642
-0.001190
-0.000930
-0.000839
-0.000790
-0.000602
-0.000293
0.000136
0.000672
0.001065
0.001198
0.001088
0.000757
0.000359
-0.000029
-0.000402
-0.000658
-0.000644
-0.000365
0.000031
0.000412
0.000644
0.000684
0.000665
0.000676
0.000759
0.001006
0.001361
0.001758
0.002227
0.002751
0.003196
0.003419
0.003387
0.003112
0.002718
0.002391
0.002172
0.002049
0.002049
0.002112
0.002180
0.002214
0.002197
0.002056
0.001735
0.001328
0.000861
0.000387
0.000030
-0.000118
-0.000117
-0.000029
0.000115
0.000235
0.000316
0.000412
0.000633
0.001045
0.001692
0.002565
0.003465
0.004109
0.004347
0.004124
0.003514
0.002808
0.002272
0.001930
0.001663
0.001276
0.000668
-0.000186
-0.001365
-0.002678
-0.003898
-0.004932
-0.005728
-0.006373
-0.006927
-0.007443
-0.007876
-0.008254
-0.008677
-0.009054
-0.009264
-0.009292
-0.009289
-0.009377
-0.009533
-0.009696
-0.009708
-0.009475
-0.009202
-0.009002
-0.008861
-0.008890
-0.009009
-0.009058
-0.009009
-0.008734
-0.008186
-0.007569
-0.007011
-0.006374
-0.005610
-0.004814
-0.004099
-0.003616
-0.003406
-0.003439
-0.003717
-0.004169
-0.004676
-0.005137
-0.005401
-0.005405
-0.005288
-0.005219
-0.005189
-0.005124
-0.004944
-0.004562
-0.004048
-0.003491
-0.002896
-0.002237
-0.001522
-0.000901
-0.000521
-0.000359
-0.000174
0.000284
0.001016
0.001902
0.002705
0.003185
0.003387
0.003403
0.003339
0.003380
0.003690
0.004401
0.005337
0.006258
0.007133
0.007881
0.008428
0.008789
0.008920
0.008827
0.008675
0.008556
0.008514
0.008517
0.008480
0.008327
0.008055
0.007790
0.007589
0.007397
0.007073
0.006581
0.005885
0.004957
0.003961
0.003094
0.002484
0.002120
0.001894
0.001745
0.001653
0.001599
0.001591
0.001677
0.001908
0.002329
0.002944
0.003644
0.004333
0.005039
0.005808
0.006509
0.006949
0.006986
0.006631
0.006147
0.005760
0.005596
0.005656
0.005798
0.005846
0.005620
0.005122
0.004504
0.003902
0.003404
0.002981
0.002665
0.002495
0.002269
0.001762
0.000932
-0.000037
-0.000887
-0.001511
-0.002011
-0.002487
-0.002983
-0.003440
-0.003710
-0.003772
-0.003668
-0.003543
-0.003460
-0.003388
-0.003377
-0.003271
-0.002924
-0.002319
-0.001565
-0.000963
-0.000628
-0.000423
-0.000227
0.000043
0.000421
0.000655
0.000510
0.000083
-0.000435
-0.000821
-0.000962
-0.001023
-0.001228
-0.001592
-0.002024
-0.002377
-0.002501
-0.002467
-0.002368
-0.002289
-0.002292
-0.002355
-0.002425
-0.002440
-0.002447
-0.002466
-0.002491
-0.002574
-0.002728
-0.002856
-0.002902
-0.002923
-0.002888
-0.002820
-0.002745
-0.002580
-0.002397
-0.002223
-0.002108
-0.002197
-0.002390
-0.002583
-0.002702
-0.002643
-0.002482
-0.002217
-0.001824
-0.001411
-0.000950
-0.000604
-0.000531
-0.000556
-0.000676
-0.000779
-0.000778
-0.000743
-0.000555
-0.000198
0.000288
0.000900
0.001563
0.002223
0.002848
0.003407
0.003957
0.004496
0.004927
0.005220
0.005370
0.005326
0.005190
0.005066
0.004859
0.004617
0.004475
0.004396
0.004388
0.004463
0.004527
0.004572
0.004575
0.004498
0.004321
0.003987
0.003510
0.002897
0.002171
0.001506
0.000973
0.000640
0.000512
0.000529
0.000648
0.000764
0.000890
0.001087
0.001358
0.001655
0.001972
0.002210
0.002304
0.002285
0.002204
0.002144
0.001980
0.001703
0.001376
0.001009
0.000635
0.000247
-0.000098
-0.000390
-0.000628
-0.000789
-0.000975
-0.001178
-0.001395
-0.001656
-0.001777
-0.001812
-0.001848
-0.001723
-0.001474
-0.001185
-0.000827
-0.000447
-0.000009
0.000595
0.001394
0.002287
0.003079
0.003680
0.004155
0.004504
0.004871
0.005421
0.005981
0.006519
0.006953
0.007150
0.007194
0.007145
0.007090
0.007002
0.006824
0.006688
0.006527
0.006262
0.005987
0.005710
0.005444
0.005201
0.004916
0.004535
0.004147
0.003734
0.003334
0.003060
0.002844
0.002714
0.002656
0.002629
0.002674
0.002813
0.003016
0.003181
0.003288
0.003410
0.003598
0.003865
0.004099
0.004140
0.004071
0.003957
0.003851
0.003787
0.003674
0.003528
0.003311
0.002987
0.002627
0.002226
0.001821
0.001514
0.001180
0.000758
0.000386
0.000036
-0.000304
-0.000639
-0.001029
-0.001404
-0.001784
-0.002197
-0.002576
-0.002952
-0.003385
-0.003867
-0.004436
-0.005032
-0.005507
-0.005903
-0.006329
-0.006677
-0.006873
-0.006907
-0.006692
-0.006255
-0.005626
-0.004877
-0.004151
-0.003533
-0.003046
-0.002629
-0.002276
-0.001945
-0.001609
-0.001283
-0.000907
-0.000520
-0.000260
-0.000209
-0.000372
-0.000694
-0.001069
-0.001385
-0.001556
-0.001571
-0.001484
-0.001323
-0.001139
-0.000947
-0.000793
-0.000754
-0.000815
-0.000997
-0.001301
-0.001651
-0.001950
-0.002178
-0.002339
-0.002322
-0.002110
-0.001780
-0.001339
-0.000850
-0.000432
-0.000060
0.000390
0.000889
0.001305
0.001662
0.002016
0.002364
0.002710
0.002999
0.003139
0.003106
0.002973
0.002862
0.002760
0.002612
0.002396
0.002143
0.001926
0.001748
0.001579
0.001344
0.000938
0.000319
-0.000472
-0.001318
-0.002099
-0.002760
-0.003238
-0.003533
-0.003653
-0.003630
-0.003500
-0.003251
-0.002916
-0.002531
-0.002206
-0.001993
-0.001817
-0.001583
-0.001199
-0.000669
-0.000037
0.000536
0.000886
0.001068
0.001186
0.001347
0.001655
0.002118
0.002578
0.002892
0.002968
0.002804
0.002528
0.002214
0.001941
0.001722
0.001510
0.001289
0.001037
0.000753
0.000445
0.000026
-0.000535
-0.001143
-0.001724
-0.002208
-0.002573
-0.002905
-0.003229
-0.003523
-0.003815
-0.004067
-0.004227
-0.004336
-0.004497
-0.004711
-0.004859
-0.004834
-0.004574
-0.004089
-0.003465
-0.002866
-0.002375
-0.001940
-0.001639
-0.001448
-0.001240
-0.001046
-0.000804
-0.000513
-0.000273
-0.000142
-0.000145
-0.000227
-0.000357
-0.000549
-0.000771
-0.000959
-0.001169
-0.001416
-0.001624
-0.001809
-0.001913
-0.001964
-0.002002
-0.002054
-0.002233
-0.002419
-0.002577
-0.002774
-0.002948
-0.003128
-0.003427
-0.003770
-0.003990
-0.004124
-0.004190
-0.004230
-0.004355
-0.004558
-0.004729
-0.004827
-0.004927
-0.004971
-0.004902
-0.004757
-0.004571
-0.004400
-0.004235
-0.004089
-0.003990
-0.003910
-0.003861
-0.003809
-0.003660
-0.003381
-0.003045
-0.002682
-0.002366
-0.002185
-0.001968
-0.001583
-0.001040
-0.000343
0.000390
0.000922
0.001200
0.001191
0.000904
0.000669
0.000638
0.000778
0.001078
0.001279
0.001279
0.001250
0.001231
0.001333
0.001665
0.002026
0.002284
0.002478
0.002519
0.002400
0.002241
0.002020
0.001714
0.001327
0.000771
0.000090
-0.000517
-0.000958
-0.001233
-0.001352
-0.001436
-0.001536
-0.001666
-0.001825
-0.001943
-0.002031
-0.002033
-0.001923
-0.001858
-0.001876
-0.001876
-0.001872
-0.001814
-0.001673
-0.001546
-0.001485
-0.001547
-0.001815
-0.002192
-0.002499
-0.002738
-0.002834
-0.002871
-0.003008
-0.003177
-0.003387
-0.003566
-0.003611
-0.003574
-0.003611
-0.003769
-0.004021
-0.004478
-0.005051
-0.005641
-0.006261
-0.006873
-0.007407
-0.007771
-0.007862
-0.007784
-0.007700
-0.007518
-0.007302
-0.007106
-0.006808
-0.006447
-0.006172
-0.005995
-0.005926
-0.005984
-0.006017
-0.006002
-0.005960
-0.005901
-0.005877
-0.005700
-0.005287
-0.004699
-0.004015
-0.003384
-0.002887
-0.002575
-0.002371
-0.002202
-0.002097
-0.002091
-0.002195
-0.002386
-0.002617
-0.002827
-0.002990
-0.003095
-0.003193
-0.003383
-0.003571
-0.003573
-0.003385
-0.003014
-0.002499
-0.001999
-0.001542
-0.001100
-0.000660
-0.000186
0.000312
0.000837
0.001329
0.001669
0.001944
0.002227
0.002534
0.002941
0.003330
0.003652
0.003903
0.003982
0.003883
0.003623
0.003302
0.003088
0.003091
0.003322
0.003669
0.003928
0.004038
0.004082
0.004128
0.004274
0.004469
0.004610
0.004666
0.004585
0.004428
0.004289
0.004195
0.004130
0.004088
0.004050
0.003989
0.003982
0.004053
0.004176
0.004428
0.004851
0.005402
0.006015
0.006583
0.006944
0.006969
0.006789
0.006518
0.006211
0.005965
0.005716
0.005455
0.005186
0.004910
0.004630
0.004288
0.003975
0.003716
0.003503
0.003339
0.003047
0.002636
0.002207
0.001797
0.001501
0.001323
0.001257
0.001294
0.001365
0.001427
0.001462
0.001489
0.001486
0.001457
0.001444
0.001405
0.001381
0.001416
0.001498
0.001675
0.001944
0.002264
0.002578
0.002728
0.002675
0.002469
0.002078
0.001614
0.001193
0.000857
0.000648
0.000544
0.000485
0.000390
0.000202
-0.000139
-0.000623
-0.001120
-0.001525
-0.001780
-0.001872
-0.001838
-0.001793
-0.001812
-0.001851
-0.001858
-0.001759
-0.001547
-0.001294
-0.001054
-0.000820
-0.000624
-0.000521
-0.000476
-0.000446
-0.000389
-0.000250
0.000010
0.000435
0.000949
0.001431
0.001772
0.001915
0.001864
0.001652
0.001408
0.001214
0.001107
0.001119
0.001216
0.001283
0.001304
0.001363
0.001462
0.001558
0.001591
0.001545
0.001444
0.001331
0.001225
0.001066
0.000888
0.000681
0.000466
0.000479
0.000706
0.000993
0.001327
0.001620
0.001732
0.001692
0.001567
0.001350
0.001126
0.000915
0.000605
0.000227
-0.000154
-0.000520
-0.000767
-0.000900
-0.000919
-0.000772
-0.000503
-0.000067
0.000522
0.001191
0.001913
0.002552
0.003137
0.003762
0.004360
0.004929
0.005529
0.006208
0.006924
0.007612
0.008160
0.008483
0.008646
0.008756
0.008890
0.009072
0.009297
0.009576
0.009900
0.010135
0.010129
0.009857
0.009392
0.008818
0.008236
0.007713
0.007243
0.006811
0.006423
0.006102
0.005823
0.005520
0.005235
0.005055
0.004955
0.004957
0.005039
0.005060
0.004947
0.004625
0.004132
0.003647
0.003304
0.003119
0.003010
0.002911
0.002831
0.002797
0.002831
0.002921
0.003047
0.003187
0.003316
0.003438
0.003547
0.003602
0.003500
0.003204
0.002771
0.002301
0.001904
0.001606
0.001380
0.001201
0.001045
0.000870
0.000731
0.000654
0.000549
0.000372
0.000020
-0.000539
-0.001229
-0.001979
-0.002617
-0.003066
-0.003338
-0.003443
-0.003431
-0.003373
-0.003293
-0.003212
-0.003171
-0.003165
-0.003216
-0.003276
-0.003304
-0.003343
-0.003384
-0.003454
-0.003577
-0.003721
-0.003838
-0.003855
-0.003796
-0.003680
-0.003434
-0.003062
-0.002622
-0.002189
-0.001875
-0.001705
-0.001612
-0.001558
-0.001526
-0.001516
-0.001550
-0.001608
-0.001700
-0.001813
-0.001892
-0.001928
-0.001901
-0.001757
-0.001452
-0.001023
-0.000520
0.000031
0.000511
0.000821
0.000959
0.000931
0.000820
0.000738
0.000793
0.001012
0.001308
0.001597
0.001742
0.001737
0.001676
0.001591
0.001551
0.001569
0.001619
0.001658
0.001648
0.001574
0.001397
0.001133
0.000874
0.000671
0.000466
0.000183
-0.000139
-0.000488
-0.000796
-0.000921
-0.000917
-0.000868
-0.000827
-0.000834
-0.000900
-0.001037
-0.001282
-0.001655
-0.002116
-0.002625
-0.003105
-0.003511
-0.003829
-0.003990
-0.003914
-0.003582
-0.003067
-0.002507
-0.001999
-0.001618
-0.001479
-0.001541
-0.001658
-0.001779
-0.001893
-0.001981
-0.001994
-0.001919
-0.001842
-0.001810
-0.001885
-0.002077
-0.002226
-0.002296
-0.002288
-0.002213
-0.002170
-0.002169
-0.002224
-0.002391
-0.002673
-0.002971
-0.003213
-0.003402
-0.003541
-0.003713
-0.003958
-0.004152
-0.004239
-0.004223
-0.004142
-0.004081
-0.004025
-0.003988
-0.003995
-0.003984
-0.003964
-0.003958
-0.003951
-0.003966
-0.003953
-0.003878
-0.003692
-0.003410
-0.003162
-0.002969
-0.002853
-0.002843
-0.002963
-0.003224
-0.003530
-0.003835
-0.004041
-0.004088
-0.004070
-0.004005
-0.003916
-0.003800
-0.003604
-0.003305
-0.002978
-0.002808
-0.002860
-0.003034
-0.003268
-0.003535
-0.003829
-0.004225
-0.004693
-0.005138
-0.005521
-0.005765
-0.005829
-0.005782
-0.005669
-0.005558
-0.005502
-0.005495
-0.005498
-0.005532
-0.005581
-0.005554
-0.005557
-0.005521
-0.005371
-0.005144
-0.004776
-0.004378
-0.004024
-0.003738
-0.003573
-0.003489
-0.003382
-0.003129
-0.002797
-0.002505
-0.002274
-0.002155
-0.002100
-0.001957
-0.001640
-0.001124
-0.000578
-0.000111
0.000302
0.000605
0.000785
0.000844
0.000695
0.000380
0.000061
-0.000149
-0.000194
-0.000102
0.000039
0.000109
0.000069
-0.000059
-0.000238
-0.000487
-0.000762
-0.001039
-0.001287
-0.001388
-0.001295
-0.001032
-0.000659
-0.000259
0.000077
0.000358
0.000639
0.000948
0.001260
0.001549
0.001865
0.002265
0.002811
0.003550
0.004314
0.004848
0.005084
0.005058
0.004881
0.004701
0.004586
0.004566
0.004537
0.004376
0.004040
0.003470
0.002789
0.002216
0.001819
0.001533
0.001415
0.001476
0.001503
0.001464
0.001339
0.001064
0.000752
0.000485
0.000337
0.000369
0.000523
0.000668
0.000746
0.000876
0.001099
0.001393
0.001818
0.002311
0.002704
0.002884
0.002833
0.002614
0.002409
0.002277
0.002178
0.002168
0.002212
0.002208
0.002129
0.001932
0.001559
0.001010
0.000320
-0.000306
-0.000645
-0.000600
-0.000266
0.000108
0.000347
0.000344
0.000165
-0.000014
-0.000125
-0.000054
0.000217
0.000473
0.000645
0.000694
0.000616
0.000557
0.000456
0.000223
-0.000111
-0.000535
-0.001031
-0.001460
-0.001718
-0.001853
-0.001894
-0.001932
-0.002046
-0.002249
-0.002621
-0.003113
-0.003473
-0.003586
-0.003423
-0.003016
-0.002559
-0.002215
-0.002071
-0.002074
-0.002173
-0.002291
-0.002361
-0.002361
-0.002337
-0.002337
-0.002324
-0.002335
-0.002311
-0.002302
-0.002332
-0.002220
-0.002007
-0.001784
-0.001604
-0.001528
-0.001515
-0.001593
-0.001636
-0.001605
-0.001685
-0.001819
-0.001964
-0.002093
-0.001920
-0.001380
-0.000744
-0.000089
0.000434
0.000697
0.000856
0.000917
0.000923
0.000965
0.001036
0.001141
0.001212
0.001266
0.001319
0.001366
0.001465
0.001639
0.001788
0.001820
0.001642
0.001238
0.000803
0.000443
0.000331
0.000411
0.000649
0.001090
0.001417
0.001591
0.001622
0.001494
0.001416
0.001408
0.001418
0.001455
0.001491
0.001411
0.001173
0.000866
0.000435
-0.000124
-0.000676
-0.001125
-0.001510
-0.001938
-0.002322
-0.002655
-0.002915
-0.003019
-0.003002
-0.002925
-0.002866
-0.002823
-0.002806
-0.002734
-0.002499
-0.002065
-0.001527
-0.001006
-0.000489
-0.000022
0.000396
0.000750
0.000966
0.001085
0.001138
0.001206
0.001437
0.001777
0.002069
0.002201
0.002090
0.001800
0.001469
0.001211
0.001083
0.001047
0.001144
0.001263
0.001347
0.001418
0.001380
0.001301
0.001150
0.000883
0.000591
0.000305
0.000034
-0.000164
-0.000280
-0.000309
-0.000271
-0.000328
-0.000467
-0.000684
-0.001012
-0.001340
-0.001626
-0.001837
-0.001937
-0.001976
-0.001944
-0.001869
-0.001825
-0.001667
-0.001364
-0.001071
-0.000845
-0.000654
-0.000495
-0.000443
-0.000421
-0.000403
-0.000428
-0.000407
-0.000276
-0.000019
0.000343
0.000738
0.001118
0.001488
0.001813
0.002115
0.002344
0.002450
0.002474
0.002252
0.001830
0.001347
0.000790
0.000293
-0.000127
-0.000450
-0.000523
-0.000381
-0.000123
0.000189
0.000378
0.000425
0.000383
0.000253
0.000159
0.000116
0.000032
-0.000040
-0.000145
-0.000400
-0.000663
-0.000877
-0.001134
-0.001441
-0.001728
-0.001905
-0.001978
-0.001950
-0.001866
-0.001835
-0.001843
-0.001914
-0.002071
-0.002203
-0.002270
-0.002320
-0.002242
-0.002057
-0.001953
-0.001900
-0.001888
-0.001950
-0.001996
-0.002026
-0.002067
-0.002084
-0.002149
-0.002300
-0.002525
-0.002829
-0.003088
-0.003185
-0.003117
-0.002941
-0.002776
-0.002675
-0.002641
-0.002657
-0.002713
-0.002764
-0.002711
-0.002522
-0.002177
-0.001708
-0.001230
-0.000844
-0.000595
-0.000515
-0.000584
-0.000721
-0.000844
-0.000929
-0.000941
-0.000911
-0.000876
-0.000841
-0.000792
-0.000615
-0.000311
0.000053
0.000399
0.000599
0.000644
0.000607
0.000526
0.000483
0.000481
0.000480
0.000475
0.000472
0.000460
0.000424
0.000433
0.000438
0.000430
0.000435
0.000406
0.000383
0.000402
0.000422
0.000494
0.000724
0.001043
0.001480
0.001989
0.002435
0.002772
0.002937
0.003051
0.003126
0.003097
0.003025
0.002909
0.002747
0.002656
0.002686
0.002711
0.002677
0.002564
0.002305
0.001973
0.001587
0.001139
0.000678
0.000164
-0.000345
-0.000754
-0.001068
-0.001233
-0.001234
-0.001156
-0.001012
-0.000865
-0.000750
-0.000549
-0.000238
0.000135
0.000474
0.000702
0.000815
0.000804
0.000762
0.000759
0.000770
0.000796
0.000786
0.000789
0.000808
0.000780
0.000757
0.000764
0.000776
0.000785
0.000788
0.000787
0.000781
0.000741
0.000669
0.000550
0.000391
0.000249
0.000078
-0.000253
-0.000736
-0.001300
-0.001889
-0.002320
-0.002536
-0.002660
-0.002700
-0.002652
-0.002580
-0.002473
-0.002293
-0.002094
-0.001945
-0.001788
-0.001534
-0.001173
-0.000682
-0.000083
0.000499
0.000938
0.001190
0.001297
0.001262
0.001155
0.001062
0.000972
0.000877
0.000740
0.000545
0.000357
0.000320
0.000499
0.000848
0.001276
0.001652
0.001840
0.001843
0.001779
0.001658
0.001520
0.001455
0.001428
0.001454
0.001502
0.001537
0.001567
0.001555
0.001517
0.001470
0.001435
0.001422
0.001464
0.001525
0.001550
0.001592
0.001619
0.001621
0.001610
0.001571
0.001549
0.001545
0.001569
0.001586
0.001588
0.001611
0.001551
0.001346
0.001046
0.000743
0.000540
0.000504
0.000622
0.000817
0.000971
0.001059
0.001105
0.001049
0.000900
0.000638
0.000251
-0.000186
-0.000583
-0.000871
-0.001056
-0.001125
-0.001104
-0.001051
-0.000997
-0.000958
-0.000941
-0.000945
-0.000927
-0.000803
-0.000581
-0.000271
0.000115
0.000503
0.000929
0.001441
0.002040
0.002631
0.003113
0.003449
0.003669
0.003917
0.004248
0.004659
0.005132
0.005516
0.005664
0.005576
0.005312
0.005012
0.004820
0.004718
0.004651
0.004577
0.004474
0.004399
0.004320
0.004143
0.003857
0.003449
0.002958
0.002466
0.002032
0.001724
0.001576
0.001550
0.001597
0.001666
0.001633
0.001407
0.001006
0.000468
-0.000115
-0.000568
-0.000810
-0.000875
-0.000804
-0.000658
-0.000556
-0.000547
-0.000618
-0.000819
-0.001063
-0.001258
-0.001456
-0.001674
-0.001847
-0.001951
-0.001996
-0.001996
-0.002020
-0.002091
-0.002203
-0.002403
-0.002669
-0.002910
-0.003078
-0.003181
-0.003396
-0.003900
-0.004670
-0.005579
-0.006357
-0.006757
-0.006782
-0.006494
-0.005995
-0.005448
-0.004993
-0.004727
-0.004635
-0.004669
-0.004750
-0.004761
-0.004574
-0.004169
-0.003686
-0.003310
-0.003092
-0.002965
-0.002780
-0.002431
-0.002049
-0.001688
-0.001432
-0.001381
-0.001472
-0.001632
-0.001746
-0.001768
-0.001719
-0.001643
-0.001597
-0.001630
-0.001834
-0.002227
-0.002719
-0.003241
-0.003669
-0.003928
-0.004034
-0.003970
-0.003852
-0.003753
-0.003652
-0.003628
-0.003663
-0.003637
-0.003454
-0.003061
-0.002448
-0.001634
-0.000790
-0.000091
0.000367
0.000516
0.000415
0.000193
0.000052
0.000015
0.000041
0.000141
0.000211
0.000222
0.000209
0.000194
0.000165
0.000120
0.000127
0.000140
0.000142
0.000183
0.000205
0.000222
0.000244
0.000224
0.000201
0.000199
0.000187
0.000181
0.000226
0.000363
0.000607
0.000924
0.001276
0.001659
0.002036
0.002356
0.002670
0.003011
0.003419
0.003905
0.004313
0.004559
0.004730
0.004829
0.004902
0.005109
0.005458
0.005884
0.006296
0.006655
0.006944
0.007080
0.007102
0.007021
0.006794
0.006441
0.006024
0.005637
0.005357
0.005221
0.005197
0.005287
0.005403
0.005465
0.005342
0.004929
0.004415
0.003962
0.003696
0.003660
0.003775
0.003847
0.003788
0.003739
0.003654
0.003588
0.003656
0.003754
0.003864
0.003941
0.003885
0.003680
0.003377
0.003089
0.002815
0.002529
0.002364
0.002365
0.002391
0.002419
0.002478
0.002490
0.002482
0.002491
0.002488
0.002489
0.002502
0.002509
0.002506
0.002506
0.002534
0.002528
0.002418
0.002204
0.001769
0.001127
0.000431
-0.000202
-0.000532
-0.000531
-0.000389
-0.000225
-0.000141
-0.000039
0.000160
0.000348
0.000436
0.000329
0.000061
-0.000279
-0.000596
-0.000847
-0.001146
-0.001492
-0.001809
-0.002070
-0.002244
-0.002198
-0.001886
-0.001386
-0.000826
-0.000379
-0.000018
0.000192
0.000288
0.000408
0.000457
0.000470
0.000498
0.000497
0.000465
0.000419
0.000293
0.000008
-0.000303
-0.000600
-0.000907
-0.001073
-0.001122
-0.001142
-0.001121
-0.001144
-0.001308
-0.001567
-0.001891
-0.002283
-0.002680
-0.002990
-0.003182
-0.003295
-0.003308
-0.003230
-0.003110
-0.002969
-0.002756
-0.002441
-0.002128
-0.001869
-0.001676
-0.001522
-0.001382
-0.001161
-0.000788
-0.000333
0.000134
0.000536
0.000824
0.000956
0.000848
0.000487
-0.000048
-0.000721
-0.001413
-0.002009
-0.002516
-0.002890
-0.003103
-0.003229
-0.003275
-0.003260
-0.003264
-0.003302
-0.003420
-0.003507
-0.003446
-0.003264
-0.002943
-0.002607
-0.002396
-0.002310
-0.002277
-0.002264
-0.002221
-0.002134
-0.002077
-0.002086
-0.002188
-0.002250
-0.002205
-0.002051
-0.001819
-0.001593
-0.001374
-0.001156
-0.000872
-0.000558
-0.000230
0.000140
0.000368
0.000456
0.000530
0.000481
0.000431
0.000408
0.000281
0.000140
-0.000003
-0.000113
-0.000172
-0.000255
-0.000409
-0.000602
-0.000820
-0.001069
-0.001244
-0.001275
-0.001190
-0.001049
-0.000894
-0.000798
-0.000813
-0.000894
-0.001026
-0.001119
-0.001146
-0.001116
-0.000930
-0.000599
-0.000129
0.000366
0.000773
0.001106
0.001274
0.001288
0.001234
0.001128
0.001021
0.000956
0.000925
0.000886
0.000838
0.000818
0.000882
0.001006
0.001067
0.001081
0.001105
0.001194
0.001355
0.001620
0.002000
0.002428
0.002851
0.003134
0.003275
0.003355
0.003358
0.003270
0.003193
0.003157
0.003128
0.003120
0.003058
0.002873
0.002485
0.001839
0.001034
0.000270
-0.000276
-0.000544
-0.000624
-0.000615
-0.000641
-0.000782
-0.000949
-0.001052
-0.001027
-0.000871
-0.000744
-0.000806
-0.001109
-0.001568
-0.002036
-0.002452
-0.002751
-0.002899
-0.002941
-0.002933
-0.002888
-0.002804
-0.002751
-0.002746
-0.002735
-0.002740
-0.002783
-0.002822
-0.002795
-0.002750
-0.002739
-0.002713
-0.002712
-0.002742
-0.002778
-0.002836
-0.002850
-0.002862
-0.002999
-0.003206
-0.003516
-0.003947
-0.004321
-0.004535
-0.004527
-0.004271
-0.003802
-0.003218
-0.002651
-0.002151
-0.001782
-0.001649
-0.001767
-0.002050
-0.002313
-0.002358
-0.002110
-0.001655
-0.001179
-0.000841
-0.000754
-0.000952
-0.001469
-0.002174
-0.002742
-0.003024
-0.003004
-0.002720
-0.002321
-0.001998
-0.001784
-0.001665
-0.001650
-0.001559
-0.001325
-0.001053
-0.000789
-0.000605
-0.000533
-0.000550
-0.000600
-0.000655
-0.000695
-0.000692
-0.000720
-0.000857
-0.001192
-0.001693
-0.002144
-0.002384
-0.002437
-0.002363
-0.002203
-0.002040
-0.001893
-0.001682
-0.001385
-0.001056
-0.000709
-0.000383
-0.000067
0.000314
0.000782
0.001266
0.001613
0.001711
0.001638
0.001550
0.001477
0.001461
0.001524
0.001608
0.001683
0.001765
0.001885
0.002076
0.002323
0.002575
0.002808
0.002909
0.002876
0.002744
0.002506
0.002248
0.001961
0.001714
0.001570
0.001469
0.001444
0.001378
0.001044
0.000449
-0.000305
-0.001068
-0.001671
-0.002076
-0.002290
-0.002359
-0.002346
-0.002242
-0.001993
-0.001655
-0.001356
-0.001146
-0.001018
-0.000995
-0.001011
-0.000928
-0.000746
-0.000508
-0.000244
-0.000024
0.000102
0.000120
-0.000008
-0.000200
-0.000442
-0.000792
-0.001179
-0.001615
-0.002051
-0.002381
-0.002576
-0.002545
-0.002283
-0.002008
-0.001770
-0.001506
-0.001310
-0.001081
-0.000753
-0.000460
-0.000230
-0.000099
-0.000098
-0.000248
-0.000495
-0.000707
-0.000795
-0.000700
-0.000465
-0.000209
-0.000074
-0.000114
-0.000309
-0.000614
-0.000917
-0.001190
-0.001421
-0.001610
-0.001759
-0.001761
-0.001516
-0.001073
-0.000620
-0.000324
-0.000256
-0.000329
-0.000394
-0.000452
-0.000512
-0.000566
-0.000698
-0.000987
-0.001383
-0.001774
-0.002138
-0.002440
-0.002606
-0.002665
-0.002615
-0.002459
-0.002337
-0.002261
-0.002215
-0.002162
-0.002017
-0.001703
-0.001142
-0.000457
0.000086
0.000352
0.000342
0.000097
-0.000202
-0.000444
-0.000632
-0.000698
-0.000686
-0.000644
-0.000511
-0.000260
0.000125
0.000564
0.000993
0.001339
0.001567
0.001681
0.001652
0.001569
0.001484
0.001412
0.001408
0.001467
0.001476
0.001424
0.001381
0.001320
0.001253
0.001240
0.001267
0.001340
0.001432
0.001485
0.001546
0.001553
0.001531
0.001528
0.001521
0.001521
0.001520
0.001561
0.001581
0.001574
0.001592
0.001611
0.001628
0.001624
0.001617
0.001638
0.001643
0.001597
0.001589
0.001612
0.001589
0.001607
0.001660
0.001661
0.001657
0.001631
0.001520
0.001317
0.001057
0.000770
0.000493
0.000325
0.000294
0.000371
0.000504
0.000653
0.000786
0.000811
0.000786
0.000859
0.001107
0.001538
0.002019
0.002348
0.002368
0.002121
0.001773
0.001438
0.001248
0.001198
0.001185
0.001231
0.001279
0.001300
0.001318
0.001310
0.001323
0.001303
0.001259
0.001255
0.001246
0.001249
0.001265
0.001267
0.001278
0.001288
0.001258
0.001243
0.001252
0.001224
0.001194
0.001186
0.001174
0.001159
0.001135
0.001124
0.001126
0.001098
0.001045
0.001002
0.000990
0.001002
0.000971
0.000927
0.000954
0.000930
0.000893
0.000900
0.000881
0.000882
0.000895
0.000920
0.000920
0.000908
0.000920
0.000923
0.000926
0.000904
0.000899
0.000918
0.000933
0.000918
0.000915
0.000928
0.000905
0.000907
0.000909
0.000891
0.000902
0.000936
0.000960
0.000980
0.001004
0.001025
0.001051
0.001060
0.001080
0.001106
0.001131
0.001229
0.001441
0.001781
0.002205
0.002616
0.002867
0.002900
0.002877
0.002869
0.002852
0.002916
0.003024
0.003075
0.003050
0.002967
0.002890
0.002846
0.002795
0.002767
0.002807
0.002851
0.002852
0.002839
0.002863
0.002860
0.002821
0.002826
0.002818
0.002779
0.002769
0.002758
0.002731
0.002689
0.002598
0.002425
0.002186
0.001906
0.001632
0.001418
0.001238
0.001098
0.001064
0.001138
0.001236
0.001211
0.000977
0.000581
0.000166
-0.000029
0.000111
0.000434
0.000810
0.001161
0.001331
0.001331
0.001269
0.001193
0.001182
0.001271
0.001474
0.001787
0.002167
0.002593
0.002994
0.003288
0.003473
0.003545
0.003547
0.003499
0.003508
0.003613
0.003754
0.003941
0.004054
0.004066
0.003971
0.003803
0.003696
0.003684
0.003770
0.003976
0.004293
0.004619
0.004876
0.004911
0.004630
0.004172
0.003624
0.003135
0.002829
0.002661
0.002629
0.002688
0.002680
0.002603
0.002487
0.002256
0.001980
0.001747
0.001577
0.001484
0.001390
0.001213
0.000987
0.000768
0.000562
0.000481
0.000536
0.000694
0.000928
0.001104
0.001223
0.001333
0.001453
0.001517
0.001467
0.001323
0.001151
0.001024
0.001007
0.001101
0.001247
0.001353
0.001386
0.001364
0.001276
0.001166
0.001014
0.000801
0.000504
0.000169
-0.000135
-0.000403
-0.000664
-0.000955
-0.001213
-0.001458
-0.001610
-0.001563
-0.001415
-0.001245
-0.001021
-0.000736
-0.000357
0.000065
0.000317
0.000348
0.000192
0.000005
-0.000136
-0.000218
-0.000090
0.000194
0.000528
0.000962
0.001459
0.001809
0.002034
0.002179
0.002271
0.002462
0.002679
0.002890
0.002996
0.002980
0.002965
0.002891
0.002877
0.002919
0.002801
0.002550
0.002257
0.001902
0.001537
0.001266
0.001107
0.001078
0.001123
0.001172
0.001225
0.001275
0.001261
0.001218
0.001203
0.001156
0.001163
0.001183
0.001183
0.001200
0.001204
0.001219
0.001229
0.001244
0.001246
0.001261
0.001248
0.001063
0.000653
0.000030
-0.000660
-0.001246
-0.001702
-0.002050
-0.002263
-0.002386
-0.002481
-0.002552
-0.002552
-0.002488
-0.002466
-0.002503
-0.002586
-0.002717
-0.002920
-0.003187
-0.003436
-0.003628
-0.003759
-0.003788
-0.003768
-0.003718
-0.003611
-0.003509
-0.003340
-0.003038
-0.002525
-0.001837
-0.001239
-0.000800
-0.000562
-0.000547
-0.000569
-0.000525
-0.000427
-0.000251
-0.000013
0.000222
0.000438
0.000576
0.000593
0.000521
0.000325
0.000033
-0.000265
-0.000514
-0.000653
-0.000689
-0.000659
-0.000600
-0.000550
-0.000516
-0.000574
-0.000771
-0.001115
-0.001595
-0.002067
-0.002341
-0.002375
-0.002306
-0.002191
-0.002092
-0.002118
-0.002170
-0.002200
-0.002242
-0.002243
-0.002208
-0.002225
-0.002246
-0.002227
-0.002248
-0.002246
-0.002153
-0.002045
-0.001996
-0.001982
-0.002012
-0.002082
-0.002137
-0.002238
-0.002301
-0.002275
-0.002270
-0.002255
-0.002250
-0.002265
-0.002317
-0.002482
-0.002756
-0.003113
-0.003375
-0.003376
-0.003133
-0.002777
-0.002496
-0.002315
-0.002066
-0.001609
-0.001002
-0.000502
-0.000300
-0.000405
-0.000712
-0.001029
-0.001210
-0.001257
-0.001211
-0.001117
-0.001061
-0.001052
-0.001072
-0.001101
-0.001130
-0.001165
-0.001169
-0.001100
-0.000955
-0.000724
-0.000439
-0.000186
0.000001
0.000101
0.000121
0.000086
0.000051
0.000130
0.000302
0.000538
0.000852
0.001199
0.001541
0.001828
0.002066
0.002232
0.002285
0.002306
0.002308
0.002300
0.002327
0.002372
0.002379
0.002297
0.002131
0.001955
0.001849
0.001846
0.001931
0.002067
0.002217
0.002329
0.002401
0.002454
0.002486
0.002499
0.002479
0.002445
0.002434
0.002347
0.002126
0.001828
0.001390
0.000852
0.000278
-0.000342
-0.000927
-0.001338
-0.001474
-0.001386
-0.001225
-0.001122
-0.001124
-0.001223
-0.001374
-0.001517
-0.001648
-0.001797
-0.001935
-0.001953
-0.001771
-0.001465
-0.001210
-0.001148
-0.001319
-0.001635
-0.001929
-0.002054
-0.002037
-0.001936
-0.001828
-0.001816
-0.001928
-0.002242
-0.002747
-0.003328
-0.003871
-0.004208
-0.004316
-0.004275
-0.004152
-0.004028
-0.003958
-0.003914
-0.003921
-0.003957
-0.003969
-0.004025
-0.004041
-0.004013
-0.003991
-0.003927
-0.003889
-0.003868
-0.003832
-0.003834
-0.003857
-0.003866
-0.003863
-0.003866
-0.003873
-0.003844
-0.003762
-0.003649
-0.003497
-0.003313
-0.003191
-0.003144
-0.003108
-0.003071
-0.002975
-0.002762
-0.002450
-0.002101
-0.001791
-0.001604
-0.001535
-0.001482
-0.001385
-0.001188
-0.000873
-0.000467
-0.000023
0.000348
0.000604
0.000744
0.000730
0.000642
0.000574
0.000588
0.000734
0.000978
0.001286
0.001645
0.002074
0.002533
0.003010
0.003509
0.003956
0.004271
0.004433
0.004426
0.004352
0.004297
0.004232
0.004204
0.004199
0.004201
0.004200
0.004195
0.004167
0.004075
0.003888
0.003591
0.003188
0.002727
0.002297
0.001912
0.001565
0.001220
0.000797
0.000273
-0.000288
-0.000819
-0.001280
-0.001633
-0.001899
-0.002159
-0.002447
-0.002752
-0.003145
-0.003571
-0.003918
-0.004203
-0.004363
-0.004395
-0.004348
-0.004230
-0.004138
-0.004121
-0.004128
-0.004145
-0.004187
-0.004209
-0.004203
-0.004114
-0.003908
-0.003395
-0.002900
-0.002559
-0.002446
-0.002515
-0.002624
-0.002717
-0.002709
-0.002636
-0.002614
-0.002591
-0.002589
-0.002613
-0.002617
-0.002618
-0.002623
-0.002595
-0.002569
-0.002572
-0.002556
-0.002526
-0.002510
-0.002520
-0.002481
-0.002449
-0.002415
-0.002297
-0.002188
-0.002034
-0.001805
-0.001536
-0.001247
-0.000933
-0.000599
-0.000337
-0.000156
-0.000094
-0.000101
-0.000114
-0.000185
-0.000243
-0.000259
-0.000253
-0.000222
-0.000216
-0.000214
-0.000190
-0.000188
-0.000210
-0.000205
-0.000203
-0.000223
-0.000209
-0.000200
-0.000226
-0.000234
-0.000240
-0.000230
-0.000202
-0.000232
-0.000251
-0.000285
-0.000395
-0.000537
-0.000723
-0.000882
-0.001018
-0.001176
-0.001308
-0.001483
-0.001739
-0.001996
-0.002229
-0.002415
-0.002511
-0.002520
-0.002466
-0.002406
-0.002336
-0.002248
-0.002239
-0.002206
-0.002015
-0.001770
-0.001467
-0.001078
-0.000669
-0.000348
-0.000152
-0.000032
-0.000026
-0.000118
-0.000196
-0.000211
-0.000233
-0.000244
-0.000180
-0.000143
-0.000130
-0.000063
-0.000055
-0.000076
-0.000042
-0.000072
-0.000085
-0.000033
-0.000042
-0.000061
-0.000058
-0.000059
-0.000051
-0.000042
-0.000011
0.000040
0.000121
0.000212
0.000304
0.000461
0.000694
0.000976
0.001280
0.001577
0.001826
0.002009
0.002109
0.002114
0.002098
0.002066
0.002008
0.001988
0.001985
0.001991
0.002002
0.001999
0.001999
0.001985
0.001963
0.001918
0.001838
0.001740
0.001613
0.001446
0.001300
0.001250
0.001316
0.001515
0.001789
0.002063
0.002274
0.002378
0.002397
0.002343
0.002249
0.002169
0.002130
0.002129
0.002137
0.002181
0.002277
0.002382
0.002516
0.002708
0.002915
0.003145
0.003394
0.003512
0.003519
0.003508
0.003475
0.003524
0.003663
0.003797
0.003840
0.003705
0.003396
0.002984
0.002535
0.002136
0.001821
0.001525
0.001241
0.001058
0.000976
0.000960
0.001002
0.001041
0.001043
0.001030
0.001012
0.000989
0.000974
0.000975
0.000983
0.000985
0.000946
0.000844
0.000679
0.000432
0.000161
-0.000040
-0.000162
-0.000268
-0.000357
-0.000416
-0.000460
-0.000472
-0.000451
-0.000403
-0.000357
-0.000319
-0.000263
-0.000165
0.000013
0.000232
0.000428
0.000587
0.000727
0.000826
0.000796
0.000675
0.000528
0.000398
0.000336
0.000356
0.000464
0.000557
0.000562
0.000497
0.000370
0.000223
0.000103
-0.000032
-0.000207
-0.000388
-0.000588
-0.000744
-0.000823
-0.000869
-0.000873
-0.000845
-0.000827
-0.000799
-0.000763
-0.000758
-0.000759
-0.000775
-0.000795
-0.000810
-0.000831
-0.000821
-0.000792
-0.000764
-0.000724
-0.000668
-0.000607
-0.000508
-0.000353
-0.000171
0.000011
0.000133
0.000196
0.000222
0.000194
0.000147
0.000164
0.000258
0.000397
0.000604
0.000811
0.000931
0.001003
0.001012
0.000948
0.000891
0.000876
0.000911
0.000998
0.001136
0.001314
0.001514
0.001701
0.001856
0.001994
0.002102
0.002161
0.002223
0.002285
0.002310
0.002325
0.002320
0.002293
0.002257
0.002234
0.002185
0.002098
0.001994
0.001831
0.001638
0.001477
0.001360
0.001273
0.001199
0.001081
0.000847
0.000563
0.000344
0.000243
0.000287
0.000393
0.000475
0.000510
0.000505
0.000454
0.000381
0.000317
0.000216
0.000071
-0.000077
-0.000203
-0.000303
-0.000350
-0.000363
-0.000369
-0.000352
-0.000357
-0.000412
-0.000492
-0.000608
-0.000750
-0.000868
-0.000970
-0.001036
-0.001052
-0.001044
-0.001033
-0.001028
-0.001035
-0.001070
-0.001114
-0.001183
-0.001317
-0.001498
-0.001710
-0.001895
-0.002001
-0.002059
-0.002069
-0.002048
-0.002024
-0.001989
-0.001928
-0.001841
-0.001764
-0.001729
-0.001724
-0.001694
-0.001602
-0.001470
-0.001342
-0.001268
-0.001239
-0.001225
-0.001222
-0.001205
-0.001164
-0.001109
-0.001034
-0.000945
-0.000848
-0.000750
-0.000657
-0.000590
-0.000557
-0.000516
-0.000432
-0.000298
-0.000151
-0.000050
-0.000013
-0.000032
-0.000104
-0.000203
-0.000301
-0.000412
-0.000511
-0.000579
-0.000627
-0.000627
-0.000588
-0.000550
-0.000522
-0.000492
-0.000458
-0.000411
-0.000337
-0.000207
-0.000032
0.000140
0.000294
0.000442
0.000601
0.000786
0.000986
0.001149
0.001267
0.001333
0.001347
0.001340
0.001314
0.001269
0.001205
0.001136
0.001095
0.001067
0.001052
0.001024
0.000950
0.000871
0.000790
0.000722
0.000690
0.000664
0.000645
0.000652
0.000695
0.000791
0.000912
0.001010
0.001058
0.001058
0.001025
0.000990
0.000978
0.000974
0.000960
0.000946
0.000940
0.000929
0.000906
0.000897
0.000890
0.000876
0.000869
0.000829
0.000736
0.000612
0.000472
0.000325
0.000203
0.000091
-0.000014
-0.000091
-0.000169
-0.000264
-0.000355
-0.000441
-0.000525
-0.000594
-0.000646
-0.000677
-0.000686
-0.000684
-0.000670
-0.000653
-0.000649
-0.000644
-0.000639
-0.000647
-0.000654
-0.000651
-0.000645
-0.000638
-0.000632
-0.000630
-0.000638
-0.000667
-0.000724
-0.000794
-0.000867
-0.000924
-0.000958
-0.000960
-0.000922
-0.000864
-0.000816
-0.000814
-0.000844
-0.000893
-0.000958
-0.001008
-0.001029
-0.001046
-0.001071
-0.001081
-0.001078
-0.001078
-0.001060
-0.001027
-0.001003
-0.000988
-0.000970
-0.000952
-0.000918
-0.000861
-0.000786
-0.000698
-0.000603
-0.000501
-0.000409
-0.000341
-0.000291
-0.000262
-0.000253
-0.000256
-0.000266
-0.000268
-0.000267
-0.000261
-0.000246
-0.000229
-0.000210
-0.000175
-0.000125
-0.000078
-0.000027
0.000025
0.000056
0.000074
0.000096
0.000113
0.000137
0.000171
0.000204
0.000228
0.000239
0.000242
0.000239
0.000222
0.000205
0.000203
0.000195
0.000193
0.000194
0.000185
0.000182
0.000181
0.000173
0.000166
0.000164
0.000157
0.000153
0.000155
0.000148
0.000143
0.000140
0.000121
0.000092
0.000053
0.000003
-0.000041
-0.000077
-0.000103
-0.000109
-0.000102
-0.000095
-0.000093
-0.000086
-0.000087
-0.000088
-0.000085
-0.000090
-0.000083
-0.000078
-0.000081
-0.000078
-0.000076
-0.000072
-0.000069
-0.000068
-0.000067
-0.000063
-0.000060
-0.000060
-0.000056
-0.000050
-0.000048
-0.000048
-0.000045
-0.000043
-0.000043
-0.000043
-0.000048
-0.000060
-0.000079
-0.000098
-0.000112
-0.000123
-0.000133
-0.000139
-0.000144
-0.000152
-0.000154
-0.000148
-0.000140
-0.000124
-0.000100
-0.000078
-0.000060
-0.000046
-0.000032
-0.000018
-0.000004
0.000011
0.000025
0.000041
0.000047
0.000047
0.000049
0.000046
0.000043
0.000044
0.000047
0.000054
0.000067
0.000083
0.000098
0.000115
0.000134
0.000144
0.000146
0.000144
0.000134
0.000124
0.000116
0.000116
0.000120
0.000124
0.000124
0.000123
0.000118
0.000114
0.000110
0.000107
0.000105
0.000104
0.000100
0.000099
0.000097
0.000093
0.000090
0.000086
0.000084
0.000082
0.000079
0.000074
0.000068
0.000063
0.000065
0.000071
0.000071
0.000069
0.000065
0.000063
0.000065
0.000066
0.000065
0.000061
0.000054
0.000047
0.000040
0.000037
0.000038
0.000039
0.000039
0.000040
0.000042
0.000042
0.000040
0.000040
0.000038
0.000037
0.000036
0.000034
0.000032
0.000033
0.000034
0.000037
0.000039
0.000040
0.000041
0.000041
0.000042
0.000045
0.000048
0.000051
0.000054
0.000056
0.000057
0.000057
0.000058
0.000059
0.000060
0.000062
0.000064
0.000064
0.000066
0.000066
0.000066
0.000067
0.000067
0.000066
0.000067
0.000067
0.000066
0.000067
0.000066
0.000066
0.000066
0.000066
0.000066
0.000066
0.000066
0.000067
0.000066
0.000066
0.000067
0.000067
0.000067
0.000067
0.000067
0.000067
0.000067
0.000067
0.000066
0.000066
0.000065
0.000065
0.000065
0.000065
0.000065
0.000066
0.000066
0.000066
0.000066
0.000066
0.000067
0.000067
0.000067
0.000067
0.000067
0.000067
0.000067
0.000067
0.000067
0.000067
0.000067
0.000067
0.000067
0.000067
0.000067
0.000066
0.000066
0.000066
0.000066
0.000066
0.000066
0.000066
0.000066
0.000066
0.000066
0.000066
0.000066
0.000066
0.000066
0.000066
0.000066
0.000066
0.000066
0.000065
0.000065
0.000065
0.000065
0.000065
0.000065
0.000065
0.000065
0.000065
0.000064
0.000064
0.000064
0.000064
0.000064
0.000064
0.000063
0.000063
0.000063
0.000063
