0.000081
0.000068
-0.000079
-0.000246
-0.000237
-0.000230
-0.000222
-0.000214
-0.000205
-0.000195
-0.000186
-0.000180
-0.000177
-0.000174
-0.000170
-0.000165
-0.000161
-0.000157
-0.000157
-0.000160
-0.000161
-0.000160
-0.000160
-0.000156
-0.000142
-0.000124
-0.000107
-0.000089
-0.000073
-0.000060
-0.000043
-0.000022
-0.000014
-0.000024
-0.000044
-0.000066
-0.000101
-0.000161
-0.000223
-0.000256
-0.000263
-0.000271
-0.000293
-0.000318
-0.000322
-0.000297
-0.000258
-0.000220
-0.000182
-0.000136
-0.000082
-0.000035
-0.000011
-0.000006
-0.000004
0.000007
0.000012
-0.000003
0.000003
0.000055
0.000110
0.000151
0.000215
0.000290
0.000310
0.000228
0.000086
-0.000038
-0.000136
-0.000229
-0.000285
-0.000252
-0.000145
-0.000049
-0.000021
-0.000032
-0.000019
0.000032
0.000085
0.000113
0.000136
0.000126
0.000037
-0.000088
-0.000205
-0.000367
-0.000525
-0.000526
-0.000386
-0.000266
-0.000246
-0.000297
-0.000386
-0.000517
-0.000653
-0.000700
-0.000609
-0.000430
-0.000241
-0.000050
0.000175
0.000403
0.000571
0.000710
0.000863
0.000976
0.001002
0.000986
0.000959
0.000843
0.000532
-0.000010
-0.000723
-0.001459
-0.001937
-0.001912
-0.001635
-0.001644
-0.001949
-0.002114
-0.001947
-0.001563
-0.001072
-0.000528
0.000023
0.000545
0.000966
0.001191
0.001166
0.000981
0.000882
0.001005
0.001228
0.001378
0.001355
0.001124
0.000770
0.000447
0.000201
-0.000056
-0.000408
-0.000948
-0.001597
-0.001766
-0.001357
-0.001342
-0.001937
-0.002225
-0.001903
-0.001522
-0.001455
-0.001502
-0.001307
-0.000835
-0.000349
-0.000058
0.000105
0.000312
0.000598
0.000902
0.001130
0.001092
0.000692
0.000176
-0.000119
-0.000104
0.000048
0.000200
0.000468
0.000903
0.001290
0.001556
0.001810
0.001960
0.001792
0.001334
0.000896
0.000675
0.000497
0.000155
-0.000262
-0.000537
-0.000593
-0.000531
-0.000553
-0.000808
-0.001193
-0.001460
-0.001509
-0.001407
-0.001257
-0.001174
-0.001254
-0.001481
-0.001700
-0.001742
-0.001645
-0.001591
-0.001614
-0.001512
-0.001058
-0.000299
0.000522
0.001344
0.002408
0.003915
0.005570
0.006780
0.007242
0.007178
0.006957
0.006403
0.005005
0.002833
0.000504
-0.001472
-0.002825
-0.003544
-0.004031
-0.004434
-0.004203
-0.003283
-0.002511
-0.002288
-0.002155
-0.001676
-0.000928
-0.000308
-0.000236
-0.000696
-0.001088
-0.001001
-0.000655
-0.000414
-0.000290
-0.000056
0.000141
-0.000255
-0.001415
-0.002858
-0.003984
-0.004726
-0.005425
-0.005943
-0.005806
-0.005063
-0.004151
-0.003356
-0.002804
-0.002534
-0.002436
-0.002356
-0.002102
-0.001333
-0.000030
0.001170
0.001760
0.001905
0.001978
0.002165
0.002531
0.003022
0.003443
0.003676
0.003662
0.003209
0.002258
0.001127
0.000139
-0.000589
-0.000999
-0.001226
-0.001579
-0.001951
-0.001897
-0.001412
-0.000942
-0.000782
-0.000795
-0.000712
-0.000553
-0.000431
-0.000248
-0.000004
0.000124
0.000203
0.000433
0.000760
0.001000
0.001138
0.001339
0.001718
0.002206
0.002599
0.002710
0.002509
0.002039
0.001292
0.000413
-0.000322
-0.000867
-0.001322
-0.001636
-0.001706
-0.001522
-0.001173
-0.000782
-0.000415
-0.000114
0.000092
0.000217
0.000329
0.000530
0.000958
0.001631
0.002132
0.001989
0.001372
0.000737
0.000176
-0.000452
-0.001133
-0.001686
-0.002239
-0.003297
-0.004540
-0.004789
-0.003899
-0.002764
-0.001677
-0.000410
0.000913
0.002089
0.003013
0.003254
0.002516
0.001207
-0.000112
-0.001202
-0.001947
-0.002357
-0.002615
-0.002660
-0.002284
-0.001811
-0.001800
-0.002238
-0.002628
-0.002578
-0.002124
-0.001580
-0.001200
-0.000937
-0.000544
0.000003
0.000529
0.001022
0.001484
0.001729
0.001534
0.000939
0.000385
0.000205
0.000221
0.000069
-0.000264
-0.000389
0.000009
0.000760
0.001395
0.001634
0.001592
0.001515
0.001450
0.001202
0.000750
0.000670
0.001389
0.002303
0.002656
0.002511
0.002233
0.001876
0.001353
0.000757
0.000282
0.000010
-0.000111
-0.000124
-0.000150
-0.000457
-0.001014
-0.001350
-0.001071
-0.000228
0.000797
0.001635
0.002153
0.002603
0.003281
0.004042
0.004567
0.004813
0.004945
0.005066
0.005100
0.004749
0.003701
0.002156
0.000755
-0.000119
-0.000549
-0.000733
-0.000748
-0.000588
-0.000197
0.000513
0.001594
0.003025
0.004632
0.006141
0.007277
0.007833
0.007800
0.007432
0.007005
0.006551
0.005910
0.005001
0.004009
0.003193
0.002666
0.002305
0.001875
0.001332
0.000822
0.000373
-0.000043
-0.000229
-0.000126
-0.000001
0.000091
0.000488
0.001496
0.002907
0.004059
0.004450
0.004097
0.003370
0.002528
0.001516
0.000397
-0.000361
-0.000450
-0.000154
0.000113
0.000321
0.000777
0.001551
0.002240
0.002637
0.002969
0.003430
0.003832
0.003723
0.002907
0.001681
0.000579
-0.000235
-0.001155
-0.002269
-0.003013
-0.003105
-0.002900
-0.002736
-0.002610
-0.002407
-0.002262
-0.002429
-0.002912
-0.003493
-0.003940
-0.004078
-0.003817
-0.003209
-0.002438
-0.001690
-0.000977
0.000032
0.001623
0.003454
0.005157
0.006987
0.008897
0.009927
0.009097
0.006569
0.003624
0.001122
-0.001291
-0.003995
-0.006634
-0.008616
-0.009727
-0.010433
-0.011164
-0.011668
-0.011717
-0.011590
-0.011643
-0.011711
-0.011084
-0.009360
-0.006979
-0.004646
-0.002605
-0.000634
0.001185
0.002252
0.002302
0.001744
0.001213
0.000885
0.000324
-0.000345
-0.000259
0.000681
0.001622
0.001939
0.001878
0.002048
0.002339
0.002165
0.001579
0.000999
0.000472
0.000104
0.000291
0.001122
0.002167
0.002933
0.003635
0.004730
0.005446
0.004531
0.002049
-0.000935
-0.003614
-0.005583
-0.006496
-0.006481
-0.006168
-0.005882
-0.004965
-0.001966
0.003381
0.008967
0.012462
0.013421
0.012904
0.011951
0.010880
0.009734
0.008576
0.007268
0.005359
0.002400
-0.001477
-0.005467
-0.008810
-0.011131
-0.012169
-0.011883
-0.010778
-0.009572
-0.008622
-0.007762
-0.006546
-0.004639
-0.002301
-0.000370
0.000798
0.001589
0.002227
0.002926
0.004495
0.006881
0.008606
0.009179
0.009478
0.009680
0.009436
0.008941
0.007815
0.004951
0.000289
-0.004669
-0.007927
-0.008749
-0.008043
-0.006778
-0.005031
-0.002343
0.001416
0.005375
0.007475
0.005897
0.001525
-0.003385
-0.008421
-0.013976
-0.019337
-0.023476
-0.025887
-0.026567
-0.025518
-0.022522
-0.018055
-0.013681
-0.010762
-0.009290
-0.008576
-0.008506
-0.009434
-0.011244
-0.013011
-0.013504
-0.011850
-0.007890
-0.001244
0.008902
0.020462
0.028762
0.031670
0.030094
0.025583
0.019221
0.011132
0.001969
-0.005848
-0.010240
-0.011086
-0.009103
-0.004405
0.003453
0.013103
0.020471
0.022525
0.019511
0.013513
0.006702
0.000389
-0.004648
-0.007650
-0.007970
-0.005906
-0.002607
0.000996
0.004432
0.007385
0.009585
0.010960
0.011462
0.010604
0.008053
0.004600
0.001767
0.000553
0.000771
0.001948
0.004486
0.008724
0.013410
0.016607
0.017516
0.016434
0.013870
0.009329
0.001338
-0.009367
-0.019518
-0.026661
-0.030579
-0.032125
-0.031189
-0.026284
-0.016836
-0.005067
0.005726
0.014036
0.020136
0.024123
0.025756
0.025580
0.024548
0.022598
0.018108
0.009811
-0.000804
-0.010402
-0.016477
-0.018832
-0.018775
-0.017319
-0.015122
-0.013063
-0.011976
-0.012249
-0.013750
-0.015932
-0.018038
-0.019432
-0.020026
-0.019844
-0.018392
-0.015250
-0.010673
-0.005547
-0.001322
0.000886
0.001519
0.001899
0.002574
0.002791
0.001635
-0.000648
-0.002770
-0.003506
-0.002528
-0.000070
0.003520
0.007536
0.011223
0.013897
0.014203
0.011979
0.009672
0.008639
0.007625
0.005620
0.003150
0.001187
0.000001
-0.000792
-0.001545
-0.002341
-0.003093
-0.003616
-0.003875
-0.004214
-0.005211
-0.007029
-0.009141
-0.010821
-0.011677
-0.012223
-0.013029
-0.013011
-0.010211
-0.003645
0.005507
0.013955
0.019434
0.022885
0.025856
0.027625
0.026878
0.023707
0.018076
0.009221
-0.002546
-0.014687
-0.023773
-0.028421
-0.029273
-0.026774
-0.021533
-0.014876
-0.008083
-0.002349
0.001577
0.004119
0.006226
0.007866
0.007749
0.005219
0.001452
-0.002181
-0.005291
-0.007536
-0.007883
-0.005395
-0.000426
0.005322
0.009831
0.011302
0.008930
0.004320
0.000076
-0.002910
-0.005082
-0.006513
-0.007044
-0.006970
-0.006701
-0.006332
-0.005746
-0.005077
-0.004643
-0.004463
-0.004306
-0.004032
-0.004147
-0.005068
-0.005381
-0.003271
0.000688
0.004141
0.005752
0.006409
0.007391
0.008576
0.008765
0.007252
0.004939
0.003067
0.001747
0.000762
0.000640
0.002263
0.006164
0.012064
0.018572
0.023597
0.025618
0.024086
0.018986
0.011411
0.003555
-0.002488
-0.005974
-0.007644
-0.008522
-0.008931
-0.008475
-0.006959
-0.004996
-0.003240
-0.001672
0.000018
0.001500
0.001710
0.000340
-0.001492
-0.002604
-0.002935
-0.003271
-0.003849
-0.003947
-0.003289
-0.002503
-0.002160
-0.002610
-0.004075
-0.005876
-0.007041
-0.007756
-0.008811
-0.010177
-0.010916
-0.010243
-0.008374
-0.005763
-0.002338
0.001862
0.006561
0.011267
0.014015
0.012348
0.007078
0.001194
-0.004440
-0.009931
-0.013932
-0.015282
-0.014474
-0.012591
-0.010197
-0.007394
-0.004343
-0.001513
0.000676
0.002315
0.003752
0.005040
0.006226
0.007506
0.008466
0.008317
0.006997
0.005215
0.003486
0.001679
-0.000118
-0.001009
-0.000262
0.001867
0.004624
0.007110
0.008391
0.008236
0.006933
0.004233
0.000275
-0.003587
-0.006351
-0.007958
-0.008505
-0.008031
-0.006642
-0.004485
-0.001706
0.001248
0.003864
0.005897
0.007207
0.007482
0.006381
0.004396
0.002697
0.002112
0.002909
0.004875
0.007229
0.009049
0.009982
0.010102
0.009522
0.008381
0.006927
0.005304
0.003506
0.001705
0.000165
-0.000888
-0.001366
-0.001447
-0.001323
-0.000898
0.000037
0.001383
0.002389
0.002670
0.003401
0.005243
0.007188
0.008619
0.010140
0.012345
0.014597
0.015988
0.016868
0.018228
0.019972
0.020615
0.019707
0.018488
0.016870
0.013084
0.006585
-0.000526
-0.005352
-0.007152
-0.007152
-0.006665
-0.006209
-0.005716
-0.005264
-0.005173
-0.005694
-0.006951
-0.008934
-0.011291
-0.013655
-0.016032
-0.017788
-0.017766
-0.016005
-0.012863
-0.008068
-0.002713
0.001115
0.002587
0.002368
0.002281
0.003447
0.004624
0.004546
0.003874
0.003591
0.003474
0.002689
0.001023
-0.001290
-0.003432
-0.003850
-0.002492
-0.000942
0.000308
0.001990
0.004266
0.006611
0.008265
0.008640
0.008269
0.008407
0.009402
0.010614
0.011702
0.012717
0.013565
0.013922
0.013272
0.011555
0.009697
0.008038
0.005360
0.001811
-0.000552
-0.001171
-0.001316
-0.001765
-0.001835
-0.000407
0.002446
0.005419
0.007363
0.008082
0.008186
0.008290
0.008246
0.007780
0.007195
0.006672
0.005816
0.004391
0.002874
0.002064
0.002375
0.003479
0.004430
0.004548
0.004226
0.004108
0.004181
0.004091
0.003572
0.002585
0.001200
-0.000253
-0.001189
-0.001720
-0.002620
-0.004095
-0.005649
-0.006913
-0.007835
-0.008649
-0.009601
-0.010437
-0.010945
-0.011568
-0.012763
-0.014168
-0.015186
-0.015844
-0.016327
-0.016352
-0.015280
-0.012533
-0.007814
-0.001506
0.004975
0.010570
0.015539
0.019894
0.022929
0.024127
0.022801
0.018578
0.012393
0.005612
-0.000879
-0.006582
-0.011074
-0.013797
-0.014642
-0.014733
-0.015234
-0.015959
-0.016136
-0.015811
-0.015839
-0.016338
-0.016310
-0.015126
-0.012683
-0.008822
-0.004443
-0.000860
0.002240
0.005523
0.008724
0.011760
0.014386
0.015313
0.013372
0.008710
0.002497
-0.004364
-0.011457
-0.017649
-0.021692
-0.023606
-0.024247
-0.024141
-0.023217
-0.021343
-0.018583
-0.014775
-0.009829
-0.004810
-0.000902
0.002149
0.004802
0.006354
0.005831
0.003400
0.000369
-0.002167
-0.003992
-0.005068
-0.005416
-0.005295
-0.004823
-0.004030
-0.002987
-0.002048
-0.001796
-0.002239
-0.002998
-0.004040
-0.005780
-0.008374
-0.011034
-0.013140
-0.014999
-0.016791
-0.017760
-0.016447
-0.011808
-0.004280
0.004598
0.012950
0.018918
0.022063
0.023603
0.024292
0.023844
0.022352
0.020677
0.019412
0.018171
0.016099
0.012844
0.008880
0.004964
0.001673
-0.000415
-0.000965
-0.000629
-0.000726
-0.001983
-0.003656
-0.004201
-0.003316
-0.002343
-0.002146
-0.002211
-0.001970
-0.001498
-0.001168
-0.001272
-0.001933
-0.003029
-0.003983
-0.004240
-0.003890
-0.003372
-0.003040
-0.003067
-0.003363
-0.003829
-0.004490
-0.005484
-0.007064
-0.009219
-0.011489
-0.013487
-0.015156
-0.015923
-0.014859
-0.011892
-0.007209
-0.000671
0.007102
0.015093
0.022465
0.027920
0.030637
0.031192
0.030725
0.029714
0.027759
0.024341
0.019253
0.012845
0.006221
0.000399
-0.004687
-0.009438
-0.013463
-0.015838
-0.016214
-0.015590
-0.015056
-0.014538
-0.013024
-0.009644
-0.004819
0.000123
0.004085
0.006810
0.008958
0.011627
0.015101
0.018063
0.018863
0.017330
0.014490
0.011173
0.007773
0.004516
0.001450
-0.001356
-0.003699
-0.005334
-0.006204
-0.006714
-0.007387
-0.008279
-0.008862
-0.008567
-0.007406
-0.005938
-0.004666
-0.003115
-0.000755
0.001473
0.002431
0.002255
0.001762
0.001226
0.000132
-0.002303
-0.006212
-0.010266
-0.012955
-0.014399
-0.015485
-0.016427
-0.016766
-0.015748
-0.012886
-0.007866
-0.000783
0.007122
0.014929
0.022416
0.028884
0.034517
0.040313
0.045780
0.049228
0.049699
0.047674
0.043853
0.037970
0.030081
0.022027
0.015513
0.010024
0.004385
-0.001422
-0.006857
-0.011761
-0.016386
-0.021019
-0.025654
-0.029870
-0.032941
-0.033958
-0.031665
-0.024792
-0.013763
-0.001149
0.011072
0.022607
0.032728
0.040075
0.044039
0.044113
0.039456
0.030730
0.020424
0.011066
0.004233
-0.000048
-0.002765
-0.004433
-0.004817
-0.003736
-0.001564
0.001036
0.003527
0.005604
0.007210
0.008752
0.010806
0.013194
0.015006
0.015606
0.015397
0.014979
0.013618
0.010761
0.007898
0.006359
0.005480
0.004501
0.004398
0.006330
0.009548
0.012773
0.015428
0.016196
0.013830
0.008800
0.001803
-0.006947
-0.016528
-0.025575
-0.033444
-0.039995
-0.045236
-0.049418
-0.052020
-0.052176
-0.050406
-0.047879
-0.045015
-0.041840
-0.038922
-0.036968
-0.035947
-0.035229
-0.034073
-0.031766
-0.027417
-0.020208
-0.010517
-0.000513
0.007411
0.012927
0.017765
0.023295
0.028068
0.029384
0.027166
0.023785
0.021099
0.019376
0.018119
0.016707
0.015248
0.014758
0.015505
0.016651
0.017993
0.019331
0.018785
0.015137
0.009904
0.005406
0.002671
0.001702
0.002109
0.003432
0.005910
0.010402
0.017142
0.024730
0.031475
0.037274
0.043514
0.050947
0.057654
0.061069
0.060620
0.056481
0.047654
0.033404
0.015187
-0.003600
-0.019397
-0.031316
-0.040810
-0.048838
-0.055472
-0.060732
-0.064303
-0.065893
-0.065941
-0.064799
-0.062228
-0.057310
-0.048265
-0.035119
-0.022399
-0.014522
-0.010674
-0.007816
-0.004993
-0.002918
-0.001834
-0.001274
-0.000510
0.001354
0.004579
0.008496
0.012117
0.014628
0.015683
0.015025
0.012410
0.007877
0.001116
-0.008202
-0.019354
-0.030368
-0.038901
-0.043051
-0.041854
-0.035253
-0.023753
-0.009046
0.006787
0.022082
0.035038
0.044323
0.050103
0.053007
0.052241
0.046567
0.035244
0.018595
-0.000858
-0.020171
-0.037232
-0.050194
-0.058625
-0.063599
-0.065890
-0.065530
-0.062133
-0.055178
-0.044703
-0.030953
-0.014700
0.001723
0.017351
0.031673
0.041698
0.045798
0.044959
0.040553
0.033214
0.022407
0.008700
-0.005066
-0.016854
-0.026929
-0.035588
-0.042160
-0.046139
-0.047921
-0.048328
-0.047415
-0.044179
-0.037410
-0.027070
-0.015197
-0.003932
0.006274
0.015533
0.023664
0.030203
0.033773
0.032630
0.027090
0.019400
0.011251
0.003049
-0.005573
-0.014851
-0.024280
-0.032863
-0.039473
-0.044233
-0.048620
-0.053457
-0.058362
-0.062400
-0.064665
-0.065038
-0.064048
-0.061408
-0.056114
-0.047544
-0.036160
-0.024031
-0.013257
-0.004425
0.003027
0.009715
0.015861
0.021584
0.026920
0.032382
0.038727
0.046480
0.055751
0.065763
0.075033
0.081882
0.085682
0.086581
0.084563
0.079882
0.072796
0.064306
0.056616
0.050224
0.042906
0.033100
0.021466
0.009478
-0.002321
-0.015800
-0.032489
-0.050717
-0.068144
-0.084371
-0.100183
-0.114925
-0.126952
-0.135515
-0.140203
-0.141305
-0.139979
-0.136905
-0.132215
-0.125819
-0.117217
-0.105440
-0.089242
-0.068269
-0.043913
-0.019149
0.002874
0.020544
0.034210
0.045386
0.054733
0.060538
0.060480
0.053888
0.041382
0.024696
0.007407
-0.005041
-0.008714
-0.004022
0.007194
0.022548
0.039248
0.057062
0.077336
0.099291
0.117560
0.126407
0.126044
0.120558
0.112960
0.103739
0.092290
0.078971
0.064893
0.051022
0.038981
0.029726
0.021769
0.012749
0.001158
-0.013740
-0.031265
-0.048070
-0.061143
-0.071368
-0.081051
-0.089924
-0.095932
-0.097638
-0.094860
-0.088633
-0.078587
-0.062044
-0.038016
-0.008472
0.023634
0.055438
0.084797
0.112025
0.139847
0.168518
0.192143
0.201893
0.191898
0.160877
0.113758
0.059288
0.003596
-0.048077
-0.089792
-0.119073
-0.137106
-0.146584
-0.151229
-0.153478
-0.152104
-0.144154
-0.129611
-0.112140
-0.095508
-0.080472
-0.065811
-0.051501
-0.037877
-0.023585
-0.006817
0.012083
0.031327
0.050384
0.070460
0.094138
0.121847
0.149803
0.173739
0.189873
0.195375
0.190684
0.176292
0.151749
0.120991
0.089625
0.059847
0.032216
0.006638
-0.017399
-0.039151
-0.056683
-0.068138
-0.072977
-0.072218
-0.067600
-0.061234
-0.054686
-0.048456
-0.042447
-0.036770
-0.031968
-0.028720
-0.027311
-0.027039
-0.026706
-0.025034
-0.020117
-0.009782
0.006316
0.026417
0.047768
0.067375
0.082854
0.091981
0.092322
0.079982
0.052092
0.014431
-0.021404
-0.049480
-0.072180
-0.091984
-0.106808
-0.114619
-0.117101
-0.117735
-0.118186
-0.117915
-0.116394
-0.113521
-0.108674
-0.100865
-0.088753
-0.072151
-0.053439
-0.033290
-0.010015
0.016059
0.044022
0.072635
0.097155
0.113539
0.122512
0.125719
0.123247
0.113784
0.096320
0.072797
0.047424
0.023616
0.002570
-0.014521
-0.025865
-0.031464
-0.033388
-0.033535
-0.032054
-0.028422
-0.022663
-0.014802
-0.004538
0.008634
0.024780
0.042759
0.060346
0.074686
0.084480
0.090779
0.093674
0.091840
0.085785
0.077394
0.067612
0.055518
0.039647
0.020338
-0.000819
-0.020982
-0.036892
-0.048618
-0.058339
-0.066137
-0.070616
-0.071620
-0.070065
-0.066366
-0.060052
-0.050948
-0.040516
-0.030185
-0.020029
-0.010131
-0.001187
0.005775
0.010369
0.013160
0.014693
0.015438
0.016002
0.016750
0.017825
0.019809
0.023073
0.026553
0.029065
0.030442
0.030723
0.030235
0.029599
0.028848
0.027172
0.024181
0.020851
0.018211
0.016581
0.015913
0.016155
0.017207
0.018245
0.018005
0.015784
0.012173
0.008450
0.005237
0.002692
0.001622
0.002564
0.004767
0.007553
0.010971
0.015097
0.020262
0.026284
0.031464
0.034330
0.034218
0.030956
0.025186
0.017475
0.007984
-0.001995
-0.010111
-0.015922
-0.020945
-0.025972
-0.030548
-0.033903
-0.036004
-0.037514
-0.039063
-0.040736
-0.041970
-0.042181
-0.041071
-0.038159
-0.033443
-0.028026
-0.022379
-0.016203
-0.009964
-0.004803
-0.001296
0.001024
0.002909
0.005003
0.007585
0.010585
0.013777
0.017006
0.020003
0.021657
0.020815
0.017321
0.011955
0.005888
-0.000147
-0.005927
-0.010757
-0.013719
-0.014888
-0.014859
-0.013805
-0.011526
-0.007856
-0.002798
0.003102
0.009084
0.014859
0.020898
0.027889
0.035410
0.042193
0.047198
0.050096
0.050834
0.049260
0.045570
0.040314
0.034159
0.027804
0.021787
0.016741
0.013365
0.011626
0.010692
0.010041
0.009832
0.009978
0.010277
0.010630
0.010529
0.009558
0.007909
0.006036
0.004061
0.001835
-0.000555
-0.002772
-0.004669
-0.006251
-0.007605
-0.009159
-0.011495
-0.014743
-0.018137
-0.021096
-0.023748
-0.026160
-0.028373
-0.030525
-0.032930
-0.035692
-0.038672
-0.041932
-0.045179
-0.047742
-0.049094
-0.049142
-0.047880
-0.044894
-0.040118
-0.034798
-0.030274
-0.026620
-0.023381
-0.020595
-0.018757
-0.018135
-0.018419
-0.018761
-0.018415
-0.017513
-0.016291
-0.014462
-0.012076
-0.009640
-0.007541
-0.005750
-0.003983
-0.002363
-0.001411
-0.001396
-0.002276
-0.004100
-0.007196
-0.011445
-0.015867
-0.019226
-0.020439
-0.019191
-0.015389
-0.008306
0.001685
0.011868
0.019706
0.025407
0.030643
0.035868
0.039973
0.042047
0.042052
0.040192
0.036619
0.031713
0.026279
0.021071
0.016664
0.013896
0.013338
0.014522
0.016192
0.017622
0.019250
0.021079
0.022038
0.021346
0.019182
0.016125
0.013000
0.010406
0.008256
0.006356
0.004663
0.003445
0.003001
0.003301
0.003886
0.004296
0.004526
0.004672
0.004707
0.004379
0.003441
0.001857
-0.000109
-0.001959
-0.003627
-0.005547
-0.008046
-0.011075
-0.014496
-0.018682
-0.023872
-0.029378
-0.034258
-0.038133
-0.040983
-0.042739
-0.043727
-0.043992
-0.043120
-0.041229
-0.038054
-0.032411
-0.024531
-0.016769
-0.010362
-0.004993
-0.000701
0.002502
0.004702
0.005953
0.006489
0.006676
0.006970
0.007704
0.009089
0.011000
0.013403
0.016604
0.020371
0.023848
0.026248
0.026906
0.025595
0.022503
0.017362
0.009792
0.000163
-0.009789
-0.017580
-0.022249
-0.024648
-0.024852
-0.021953
-0.015768
-0.006454
0.004199
0.012463
0.016685
0.018595
0.020074
0.021048
0.020761
0.019257
0.017322
0.015316
0.012950
0.010418
0.008533
0.007702
0.007699
0.007888
0.007581
0.006751
0.005606
0.004198
0.002283
-0.000270
-0.002795
-0.004484
-0.004945
-0.004184
-0.002501
-0.000328
0.002240
0.004949
0.006816
0.007345
0.007070
0.006522
0.005933
0.005862
0.006691
0.008250
0.010250
0.012396
0.014364
0.015487
0.015095
0.013168
0.010247
0.006858
0.003362
0.000308
-0.002089
-0.003925
-0.005164
-0.005961
-0.006377
-0.006115
-0.005041
-0.003272
-0.000974
0.001707
0.004565
0.007245
0.009455
0.011241
0.013137
0.015495
0.018104
0.020558
0.022125
0.022077
0.020021
0.016074
0.011239
0.006429
0.001725
-0.002550
-0.005595
-0.007245
-0.007954
-0.008081
-0.007864
-0.007682
-0.007951
-0.008636
-0.009367
-0.009792
-0.009765
-0.009399
-0.008934
-0.008697
-0.009187
-0.011154
-0.014638
-0.018534
-0.021357
-0.022024
-0.020538
-0.017570
-0.013732
-0.009154
-0.004048
0.000568
0.003728
0.005382
0.006073
0.006098
0.005564
0.004349
0.002283
0.000107
-0.001436
-0.002823
-0.004478
-0.006120
-0.007207
-0.007323
-0.006745
-0.006105
-0.005923
-0.005956
-0.005562
-0.004409
-0.002439
0.000032
0.002482
0.004345
0.005607
0.006782
0.008377
0.010652
0.013394
0.016166
0.018626
0.020566
0.022243
0.023770
0.024345
0.023608
0.022143
0.020420
0.018355
0.015847
0.013050
0.010142
0.007436
0.005008
0.002738
0.000708
-0.000948
-0.001944
-0.002091
-0.001706
-0.001049
-0.000121
0.000770
0.000936
-0.000263
-0.002905
-0.006257
-0.009725
-0.013554
-0.018063
-0.023017
-0.027832
-0.032407
-0.037305
-0.042687
-0.047736
-0.051656
-0.054476
-0.056395
-0.057337
-0.057049
-0.055481
-0.053096
-0.050627
-0.048577
-0.046880
-0.045260
-0.043818
-0.042715
-0.041718
-0.040776
-0.039828
-0.038584
-0.036654
-0.033486
-0.028916
-0.022849
-0.015045
-0.005623
0.004693
0.014826
0.024201
0.032887
0.041011
0.048328
0.054320
0.058659
0.061437
0.063151
0.064298
0.065207
0.065973
0.065738
0.063409
0.058852
0.050642
0.036134
0.017019
-0.002370
-0.020692
-0.037181
-0.050612
-0.060834
-0.067483
-0.070230
-0.069496
-0.065299
-0.056513
-0.043157
-0.027201
-0.010254
0.006533
0.021416
0.031805
0.035801
0.032960
0.023715
0.010792
-0.001640
-0.011065
-0.017161
-0.020463
-0.021260
-0.019498
-0.015790
-0.011580
-0.008094
-0.005736
-0.004278
-0.003332
-0.002504
-0.001304
0.000687
0.003507
0.007138
0.011615
0.016547
0.021208
0.024911
0.027154
0.027264
0.024417
0.018288
0.009210
-0.001754
-0.012525
-0.021396
-0.029041
-0.036551
-0.043121
-0.047404
-0.049244
-0.049221
-0.047266
-0.042859
-0.035389
-0.024268
-0.010259
0.003839
0.015633
0.024761
0.031673
0.037051
0.041605
0.045192
0.046763
0.045894
0.043525
0.040969
0.038302
0.034752
0.030391
0.025599
0.020329
0.014839
0.010043
0.006792
0.005057
0.004184
0.003708
0.003639
0.004169
0.005267
0.006659
0.007803
0.008187
0.007838
0.006676
0.004042
-0.000136
-0.005081
-0.010052
-0.014461
-0.018264
-0.022019
-0.025912
-0.029429
-0.031861
-0.033073
-0.033295
-0.032514
-0.030767
-0.028190
-0.024621
-0.019837
-0.013914
-0.007346
-0.000849
0.005300
0.010933
0.015502
0.018500
0.019911
0.020390
0.020897
0.021930
0.023643
0.026199
0.029684
0.033852
0.038145
0.041934
0.044730
0.046395
0.046933
0.046505
0.045548
0.044016
0.041862
0.039797
0.037851
0.035166
0.031469
0.027256
0.022742
0.017461
0.011046
0.004328
-0.001226
-0.005341
-0.009001
-0.012717
-0.015855
-0.017653
-0.017795
-0.016431
-0.014295
-0.012060
-0.009760
-0.007230
-0.004700
-0.002747
-0.001821
-0.002160
-0.003776
-0.006447
-0.009824
-0.013622
-0.017752
-0.021876
-0.025293
-0.027541
-0.028654
-0.028836
-0.028302
-0.027376
-0.026322
-0.025280
-0.024031
-0.022543
-0.021471
-0.021247
-0.021536
-0.021598
-0.021004
-0.019912
-0.018662
-0.017105
-0.015054
-0.012611
-0.009794
-0.006769
-0.003678
-0.000735
0.001593
0.003019
0.003665
0.003965
0.004475
0.005437
0.006592
0.007828
0.009475
0.011700
0.014389
0.017338
0.020313
0.023216
0.026121
0.029053
0.031733
0.033402
0.033131
0.030879
0.027352
0.023105
0.018421
0.013916
0.010690
0.009013
0.008203
0.007756
0.007426
0.007311
0.007319
0.006999
0.006238
0.004861
0.002862
0.000466
-0.002181
-0.005025
-0.008053
-0.011040
-0.013743
-0.016148
-0.018532
-0.020629
-0.021877
-0.022360
-0.022461
-0.022498
-0.022324
-0.021619
-0.020395
-0.019109
-0.018147
-0.017399
-0.016537
-0.015165
-0.013276
-0.011332
-0.009935
-0.009176
-0.008691
-0.008437
-0.008388
-0.008476
-0.009028
-0.010200
-0.011733
-0.013566
-0.015701
-0.017901
-0.020216
-0.022967
-0.026119
-0.029057
-0.031168
-0.032202
-0.032076
-0.030996
-0.028857
-0.024422
-0.016528
-0.006332
0.003341
0.010515
0.015349
0.019527
0.024051
0.028247
0.031089
0.032035
0.030897
0.028169
0.024570
0.020386
0.015667
0.010472
0.005051
-0.000225
-0.004940
-0.008788
-0.011739
-0.013716
-0.014668
-0.014651
-0.013843
-0.012502
-0.010552
-0.007780
-0.004538
-0.001715
0.000207
0.001095
0.000825
-0.000623
-0.003039
-0.005908
-0.008981
-0.011982
-0.014356
-0.016203
-0.018085
-0.019513
-0.019357
-0.017482
-0.014664
-0.011480
-0.007599
-0.002480
0.003267
0.007722
0.009825
0.010643
0.011096
0.010644
0.008669
0.005646
0.002756
0.000580
-0.001164
-0.002860
-0.004488
-0.005849
-0.007074
-0.008450
-0.009910
-0.010961
-0.010936
-0.009354
-0.006684
-0.004262
-0.002629
-0.001127
0.000708
0.002841
0.004694
0.004648
0.001846
-0.002432
-0.006647
-0.010486
-0.014476
-0.018858
-0.023021
-0.026172
-0.027935
-0.028367
-0.027615
-0.025926
-0.023575
-0.020150
-0.015047
-0.008813
-0.003083
0.001025
0.004247
0.007816
0.011714
0.015386
0.018328
0.020308
0.021760
0.023184
0.024573
0.025694
0.026450
0.026852
0.027089
0.027356
0.027740
0.028283
0.028890
0.029416
0.030049
0.031218
0.032787
0.034173
0.035242
0.036051
0.036241
0.035698
0.034448
0.032279
0.029395
0.026417
0.023912
0.021968
0.020299
0.019002
0.018378
0.018194
0.017821
0.016874
0.015391
0.013520
0.011561
0.009799
0.008113
0.006369
0.004672
0.003126
0.001775
0.000548
-0.000809
-0.002551
-0.004644
-0.006972
-0.009397
-0.011876
-0.014292
-0.016105
-0.017016
-0.017026
-0.016244
-0.014867
-0.012849
-0.010069
-0.006925
-0.004445
-0.003184
-0.002950
-0.003609
-0.005113
-0.006971
-0.008219
-0.008591
-0.008704
-0.009012
-0.009271
-0.008899
-0.007708
-0.005954
-0.003812
-0.001159
0.001675
0.003830
0.004636
0.003947
0.002343
0.000465
-0.001477
-0.003288
-0.004658
-0.005247
-0.004920
-0.003821
-0.002147
-0.000143
0.001976
0.003740
0.004451
0.003870
0.002412
0.000589
-0.001498
-0.003734
-0.006086
-0.008343
-0.009683
-0.009827
-0.009149
-0.007996
-0.006527
-0.004577
-0.001943
0.001392
0.005146
0.008411
0.010107
0.010012
0.008670
0.006848
0.005126
0.003520
0.001778
-0.000188
-0.002120
-0.003366
-0.003610
-0.003220
-0.002634
-0.002192
-0.001878
-0.001410
-0.000635
0.000441
0.001505
0.002256
0.002601
0.002668
0.002759
0.003268
0.004737
0.006910
0.008691
0.009596
0.009696
0.009026
0.007956
0.006978
0.006254
0.005568
0.004697
0.003602
0.002512
0.001733
0.001156
0.000639
0.000007
-0.000785
-0.001788
-0.003097
-0.004482
-0.006042
-0.007899
-0.009851
-0.011532
-0.012544
-0.013000
-0.013134
-0.013158
-0.013017
-0.012209
-0.010784
-0.009232
-0.007973
-0.007169
-0.006771
-0.006682
-0.006439
-0.005765
-0.005014
-0.004459
-0.004045
-0.003890
-0.004155
-0.004792
-0.005581
-0.005926
-0.005202
-0.003542
-0.001439
0.000935
0.003777
0.007432
0.011411
0.014757
0.017288
0.019156
0.020416
0.021424
0.022398
0.023531
0.024760
0.025236
0.024347
0.021934
0.018081
0.013105
0.007435
0.001492
-0.004322
-0.009293
-0.012589
-0.014313
-0.015058
-0.014894
-0.013609
-0.011230
-0.008338
-0.005789
-0.003942
-0.002326
-0.000615
0.000837
0.001417
0.000926
-0.000247
-0.001660
-0.002794
-0.003380
-0.003880
-0.004699
-0.005550
-0.006227
-0.006781
-0.007209
-0.007547
-0.007744
-0.007837
-0.007723
-0.007202
-0.006041
-0.003856
-0.000605
0.003266
0.007004
0.010232
0.012925
0.014971
0.016916
0.019382
0.021363
0.021223
0.018925
0.015589
0.012153
0.008793
0.005122
0.001021
-0.002946
-0.005693
-0.006797
-0.006555
-0.005255
-0.003460
-0.001786
-0.000289
0.001234
0.002787
0.004338
0.005938
0.007461
0.008374
0.008122
0.006494
0.003760
0.000670
-0.001859
-0.003627
-0.005127
-0.006705
-0.008343
-0.009670
-0.010573
-0.011614
-0.013408
-0.015611
-0.017205
-0.017589
-0.016480
-0.013653
-0.008728
-0.001972
0.004520
0.008828
0.011422
0.013786
0.016025
0.017453
0.017975
0.017706
0.016458
0.014383
0.012204
0.010208
0.008359
0.006321
0.003898
0.001468
-0.000339
-0.001015
-0.000991
-0.000588
0.000193
0.001134
0.002448
0.004235
0.005950
0.006705
0.006493
0.006247
0.006182
0.005513
0.003775
0.001748
0.000308
-0.000561
-0.001454
-0.002676
-0.003634
-0.003997
-0.004250
-0.004760
-0.005121
-0.004721
-0.003651
-0.002214
-0.000427
0.001483
0.002981
0.004330
0.006027
0.007811
0.009682
0.011556
0.012992
0.014065
0.014957
0.015764
0.016349
0.016344
0.015934
0.015647
0.016056
0.017062
0.017672
0.017781
0.017779
0.017429
0.016353
0.014295
0.011671
0.009107
0.006726
0.004532
0.002400
0.000372
-0.001125
-0.001917
-0.002136
-0.002109
-0.002147
-0.002493
-0.002992
-0.003389
-0.003725
-0.003931
-0.004128
-0.004594
-0.005213
-0.005454
-0.004931
-0.003765
-0.002546
-0.001742
-0.001227
-0.000799
-0.000639
-0.000624
-0.000534
-0.000449
-0.000442
-0.000774
-0.001867
-0.003584
-0.005051
-0.005695
-0.005755
-0.005881
-0.006510
-0.007885
-0.009871
-0.011890
-0.013488
-0.014738
-0.016091
-0.017614
-0.019190
-0.020896
-0.022929
-0.025059
-0.026802
-0.028132
-0.029125
-0.029962
-0.030827
-0.031457
-0.031503
-0.031152
-0.030855
-0.030504
-0.029246
-0.026592
-0.023164
-0.019762
-0.016439
-0.013193
-0.010167
-0.007203
-0.004406
-0.001936
0.000280
0.001933
0.002688
0.002926
0.002967
0.002810
0.002477
0.002159
0.001960
0.001572
0.001041
0.000768
0.000841
0.000935
0.000982
0.001053
0.001079
0.001310
0.001738
0.002154
0.002681
0.003455
0.004329
0.005045
0.005834
0.006766
0.007563
0.008303
0.009009
0.009501
0.009544
0.009028
0.008137
0.006907
0.005331
0.003754
0.002162
0.000245
-0.001860
-0.003835
-0.005536
-0.006604
-0.006841
-0.006345
-0.005418
-0.004458
-0.003199
-0.001637
0.000020
0.001666
0.003018
0.003979
0.004499
0.004617
0.004347
0.004017
0.004083
0.004610
0.005207
0.005384
0.005077
0.004407
0.003568
0.002773
0.001953
0.000922
0.000013
-0.000325
-0.000076
0.000581
0.001288
0.001672
0.001699
0.001704
0.001834
0.001988
0.002104
0.002178
0.002113
0.001657
0.000988
0.000292
-0.000419
-0.000963
-0.001401
-0.002031
-0.002481
-0.002431
-0.002126
-0.001718
-0.001463
-0.001150
-0.000755
-0.000472
-0.000261
-0.000259
-0.000149
0.000346
0.000967
0.001414
0.001725
0.002234
0.003098
0.004108
0.004785
0.005017
0.005225
0.005296
0.004745
0.003712
0.002640
0.001791
0.001186
0.000831
0.000819
0.001076
0.001662
0.002879
0.005058
0.008119
0.011020
0.012855
0.013537
0.013437
0.013251
0.013229
0.012891
0.011966
0.011006
0.010169
0.009137
0.007943
0.006647
0.005489
0.005052
0.005634
0.006654
0.007316
0.007475
0.007555
0.007861
0.007993
0.007204
0.005574
0.004063
0.003140
0.002286
0.000918
-0.000777
-0.002327
-0.003540
-0.004301
-0.004505
-0.004233
-0.003846
-0.003055
-0.001122
0.001696
0.004595
0.007131
0.009051
0.010414
0.011232
0.011085
0.010211
0.009388
0.008997
0.008635
0.007987
0.007393
0.006748
0.006227
0.005932
0.005470
0.004971
0.004545
0.004150
0.003548
0.002364
0.000682
-0.001039
-0.002377
-0.003140
-0.003543
-0.004118
-0.004981
-0.005684
-0.006027
-0.006105
-0.006089
-0.006101
-0.006062
-0.006247
-0.006840
-0.007619
-0.008556
-0.009573
-0.010550
-0.011497
-0.012259
-0.012838
-0.013435
-0.013670
-0.013314
-0.012579
-0.011459
-0.010001
-0.008162
-0.006076
-0.004156
-0.002567
-0.001438
-0.000813
-0.000556
-0.000555
-0.000582
-0.000428
-0.000237
0.000093
0.000667
0.001204
0.001700
0.002122
0.002377
0.002625
0.002806
0.002787
0.002863
0.003264
0.003982
0.004464
0.003928
0.002728
0.001277
-0.000310
-0.001410
-0.001909
-0.002310
-0.003120
-0.004484
-0.006010
-0.007436
-0.008675
-0.009433
-0.009765
-0.010032
-0.010295
-0.010153
-0.009267
-0.007876
-0.006305
-0.004862
-0.003914
-0.003185
-0.002373
-0.001830
-0.001775
-0.001936
-0.002050
-0.001952
-0.001579
-0.001312
-0.001332
-0.001352
-0.001046
-0.000167
0.001123
0.002301
0.003108
0.003693
0.004296
0.004803
0.004722
0.003964
0.003137
0.002872
0.002942
0.002661
0.002000
0.001645
0.001805
0.002019
0.002013
0.001806
0.001841
0.002516
0.003481
0.004545
0.005967
0.007992
0.010862
0.013868
0.016215
0.018109
0.019815
0.021052
0.021341
0.020884
0.020316
0.020031
0.020092
0.019832
0.018351
0.015484
0.011978
0.009115
0.007195
0.005364
0.003016
0.000206
-0.002701
-0.005283
-0.007200
-0.008572
-0.009419
-0.009626
-0.009242
-0.008315
-0.007577
-0.007509
-0.007548
-0.007099
-0.006074
-0.004822
-0.004011
-0.003974
-0.004387
-0.004736
-0.004195
-0.002803
-0.001760
-0.001625
-0.001908
-0.001753
-0.000871
0.000196
0.001196
0.002348
0.003431
0.004126
0.004603
0.005310
0.006043
0.006137
0.005641
0.005158
0.005341
0.006334
0.007703
0.009033
0.009963
0.010290
0.010117
0.009892
0.010292
0.011286
0.011901
0.011453
0.010048
0.008421
0.007252
0.006338
0.004955
0.002759
0.000284
-0.001692
-0.002865
-0.003577
-0.004512
-0.005788
-0.006927
-0.007486
-0.007415
-0.006909
-0.005881
-0.004640
-0.003813
-0.003415
-0.003175
-0.002891
-0.002190
-0.000805
0.000931
0.002605
0.003781
0.004299
0.004489
0.004746
0.005212
0.005464
0.005202
0.004575
0.003755
0.003071
0.002636
0.002184
0.001517
0.000780
0.000086
-0.000693
-0.001450
-0.002018
-0.002486
-0.002788
-0.002983
-0.003250
-0.003525
-0.003915
-0.004192
-0.004216
-0.004172
-0.004083
-0.003752
-0.002880
-0.001755
-0.000762
0.000134
0.001033
0.001829
0.002557
0.003291
0.003820
0.004041
0.004057
0.004068
0.004158
0.004254
0.004165
0.004058
0.004482
0.005439
0.006422
0.007064
0.007373
0.007755
0.008827
0.010572
0.012304
0.013252
0.013238
0.012917
0.012762
0.012658
0.012313
0.011715
0.011072
0.010445
0.009645
0.008400
0.006864
0.005204
0.003281
0.001388
-0.000073
-0.001261
-0.002590
-0.004120
-0.005605
-0.006706
-0.007370
-0.007925
-0.008359
-0.008641
-0.008924
-0.009233
-0.009566
-0.009964
-0.010610
-0.011604
-0.012444
-0.012604
-0.012388
-0.011922
-0.010978
-0.009795
-0.008685
-0.007515
-0.006314
-0.005467
-0.004689
-0.003530
-0.002463
-0.002183
-0.002534
-0.002954
-0.003147
-0.003181
-0.003173
-0.003071
-0.002910
-0.002807
-0.002765
-0.002439
-0.001235
0.001193
0.004193
0.006487
0.007490
0.007698
0.007981
0.008764
0.009914
0.011373
0.013074
0.014146
0.013635
0.011880
0.009983
0.008632
0.007546
0.006025
0.003767
0.000817
-0.002042
-0.003868
-0.004840
-0.005601
-0.006277
-0.006911
-0.007502
-0.007761
-0.007568
-0.006861
-0.005411
-0.003332
-0.000966
0.001582
0.004154
0.006145
0.007120
0.007367
0.007089
0.006572
0.006100
0.005252
0.003628
0.001237
-0.001409
-0.003662
-0.005274
-0.006363
-0.007315
-0.008468
-0.009652
-0.010194
-0.009711
-0.008298
-0.006353
-0.004510
-0.003240
-0.002402
-0.001249
0.000459
0.002252
0.003729
0.004659
0.005123
0.005145
0.004527
0.003397
0.002168
0.001441
0.001650
0.002690
0.003992
0.004973
0.005542
0.005764
0.005916
0.006290
0.006706
0.006990
0.007057
0.007047
0.007182
0.007323
0.007231
0.007209
0.007944
0.009274
0.010207
0.010150
0.009379
0.008425
0.007582
0.006812
0.005662
0.003753
0.001465
-0.000414
-0.001576
-0.002214
-0.002779
-0.003458
-0.004041
-0.004429
-0.004652
-0.004715
-0.004754
-0.004825
-0.004773
-0.004870
-0.005187
-0.005592
-0.006028
-0.006172
-0.006214
-0.006328
-0.006310
-0.006120
-0.005745
-0.005327
-0.005197
-0.005392
-0.005519
-0.005292
-0.004830
-0.004337
-0.003831
-0.003316
-0.002975
-0.002895
-0.003000
-0.003223
-0.003563
-0.003781
-0.003591
-0.003207
-0.002932
-0.002839
-0.002648
-0.002399
-0.002351
-0.002275
-0.002140
-0.002175
-0.002504
-0.003250
-0.004519
-0.006006
-0.007226
-0.008298
-0.009436
-0.010806
-0.012410
-0.013789
-0.014808
-0.015260
-0.015052
-0.014338
-0.013462
-0.012987
-0.012752
-0.012391
-0.011942
-0.011653
-0.011691
-0.011981
-0.012426
-0.013020
-0.013767
-0.014647
-0.015515
-0.016274
-0.016941
-0.017208
-0.017009
-0.016556
-0.015825
-0.014595
-0.012711
-0.010269
-0.007619
-0.005425
-0.003800
-0.002408
-0.001084
0.000166
0.001327
0.002306
0.002748
0.002980
0.003305
0.003564
0.004185
0.004956
0.005607
0.006464
0.007566
0.008960
0.010080
0.010389
0.010184
0.010241
0.010894
0.011789
0.012219
0.011658
0.010553
0.009325
0.008175
0.007368
0.007063
0.006804
0.005656
0.003937
0.002494
0.001463
0.000824
0.000398
-0.000237
-0.001266
-0.002496
-0.003382
-0.003601
-0.003734
-0.004198
-0.004788
-0.005286
-0.005400
-0.004960
-0.004099
-0.003597
-0.003989
-0.004412
-0.004414
-0.004440
-0.004469
-0.004386
-0.004211
-0.003914
-0.003828
-0.003606
-0.002806
-0.002027
-0.001088
0.000318
0.001435
0.001524
0.000781
-0.000065
-0.000748
-0.001432
-0.002170
-0.002568
-0.002657
-0.002789
-0.003012
-0.003552
-0.004277
-0.004731
-0.004977
-0.005546
-0.006530
-0.007079
-0.006962
-0.007033
-0.007603
-0.008142
-0.008410
-0.008449
-0.008357
-0.008158
-0.007922
-0.007643
-0.007008
-0.006341
-0.005549
-0.004663
-0.004114
-0.003834
-0.004098
-0.004715
-0.005017
-0.005059
-0.005152
-0.005439
-0.006176
-0.007123
-0.007584
-0.007113
-0.005574
-0.003632
-0.002247
-0.001361
-0.000804
-0.000043
0.001093
0.002303
0.003473
0.003728
0.003531
0.003868
0.004296
0.004563
0.004981
0.005249
0.005216
0.005296
0.005600
0.006050
0.006754
0.007377
0.007723
0.008106
0.008244
0.008070
0.007914
0.007667
0.007096
0.006291
0.005476
0.005024
0.004909
0.005115
0.005478
0.005515
0.005442
0.005656
0.005851
0.005558
0.004756
0.003269
0.001550
-0.000145
-0.001838
-0.002914
-0.003411
-0.004084
-0.005321
-0.006712
-0.007888
-0.008525
-0.008639
-0.008681
-0.008675
-0.008471
-0.008096
-0.007796
-0.007614
-0.007542
-0.007657
-0.007856
-0.008059
-0.008085
-0.007732
-0.007051
-0.006364
-0.005804
-0.005132
-0.004495
-0.003962
-0.003740
-0.003797
-0.003354
-0.002616
-0.002037
-0.001877
-0.002116
-0.002124
-0.002202
-0.002618
-0.002762
-0.002812
-0.003056
-0.003311
-0.003503
-0.003205
-0.002066
-0.000676
0.000422
0.000998
0.001098
0.001337
0.001409
0.001242
0.001035
0.000994
0.001717
0.002492
0.002791
0.002406
0.001711
0.001527
0.001469
0.001792
0.002515
0.002608
0.002284
0.002178
0.002308
0.002430
0.002330
0.001932
0.001142
0.000261
-0.000687
-0.001751
-0.002465
-0.002906
-0.003128
-0.002852
-0.002808
-0.003044
-0.003290
-0.003888
-0.004522
-0.004977
-0.005191
-0.005243
-0.005568
-0.006542
-0.007787
-0.008535
-0.008677
-0.008182
-0.007221
-0.006922
-0.007469
-0.008202
-0.008593
-0.008172
-0.007199
-0.006565
-0.007085
-0.008384
-0.009567
-0.010086
-0.010000
-0.009703
-0.009542
-0.009884
-0.010465
-0.010823
-0.010792
-0.010868
-0.011225
-0.011524
-0.011754
-0.011677
-0.011679
-0.012040
-0.012273
-0.012185
-0.012004
-0.011899
-0.011810
-0.011610
-0.011123
-0.010719
-0.010714
-0.010784
-0.010777
-0.010636
-0.010229
-0.009418
-0.008172
-0.006765
-0.005629
-0.004920
-0.004030
-0.002531
-0.000930
0.000343
0.001360
0.002498
0.003595
0.004271
0.004840
0.005389
0.005957
0.006719
0.007327
0.007745
0.008345
0.009010
0.009509
0.009833
0.010236
0.010834
0.011397
0.012017
0.012720
0.013224
0.013713
0.014474
0.015366
0.016164
0.016582
0.016684
0.016898
0.017133
0.017185
0.016914
0.016338
0.015611
0.014688
0.013562
0.012105
0.010361
0.008625
0.007019
0.005441
0.003971
0.002799
0.001798
0.000938
-0.000003
-0.001185
-0.001868
-0.002168
-0.002989
-0.003970
-0.004613
-0.005025
-0.005470
-0.006355
-0.007219
-0.007779
-0.008198
-0.008540
-0.009340
-0.010536
-0.011577
-0.012326
-0.013065
-0.013993
-0.014918
-0.015536
-0.015888
-0.016167
-0.016481
-0.016716
-0.016680
-0.016541
-0.016141
-0.015219
-0.014164
-0.013428
-0.013057
-0.012658
-0.011796
-0.010591
-0.009433
-0.008766
-0.008595
-0.008159
-0.007246
-0.006372
-0.005743
-0.005282
-0.004848
-0.004412
-0.004097
-0.003905
-0.003774
-0.003446
-0.002917
-0.002377
-0.001575
-0.000904
-0.000701
-0.000664
-0.000762
-0.000573
0.000069
0.000651
0.000879
0.000853
0.000737
0.000977
0.001449
0.001566
0.001588
0.001447
0.000883
0.000072
-0.000571
-0.000640
-0.000198
0.000522
0.001048
0.001160
0.001257
0.001303
0.001285
0.001535
0.001871
0.002361
0.002841
0.002740
0.002276
0.001690
0.001019
0.000524
0.000124
-0.000113
-0.000360
-0.001275
-0.002665
-0.003718
-0.003638
-0.002631
-0.001656
-0.001430
-0.001755
-0.001867
-0.001608
-0.001302
-0.001352
-0.001528
-0.001419
-0.001061
-0.000656
-0.000211
0.000059
0.000162
0.000492
0.000991
0.001596
0.001957
0.001815
0.001418
0.000979
0.001123
0.001914
0.002406
0.002209
0.001818
0.001730
0.001833
0.001972
0.001941
0.001647
0.001397
0.001369
0.001636
0.001924
0.002115
0.002613
0.003481
0.004202
0.004406
0.004344
0.004063
0.003645
0.003704
0.004318
0.004944
0.005092
0.004933
0.004703
0.004261
0.003833
0.003565
0.003407
0.003454
0.003060
0.001673
0.000079
-0.000844
-0.001278
-0.001880
-0.002470
-0.002599
-0.002446
-0.002195
-0.001597
-0.000319
0.001350
0.003114
0.004876
0.006119
0.006820
0.007359
0.008073
0.009130
0.009975
0.010291
0.010561
0.011012
0.011328
0.011352
0.011696
0.012676
0.013669
0.014164
0.014075
0.014026
0.014253
0.014433
0.014520
0.014257
0.013766
0.012975
0.011759
0.010606
0.009502
0.008462
0.007460
0.006407
0.005452
0.004340
0.003116
0.002116
0.001325
0.000353
-0.000815
-0.001733
-0.002424
-0.002956
-0.003488
-0.004135
-0.004459
-0.004417
-0.004240
-0.004032
-0.004015
-0.004160
-0.004335
-0.004273
-0.004042
-0.003778
-0.003226
-0.002645
-0.002060
-0.001142
0.000017
0.001147
0.001911
0.002456
0.003337
0.004532
0.005569
0.006345
0.007109
0.008169
0.009316
0.009916
0.009895
0.009389
0.008715
0.008574
0.009348
0.010524
0.010956
0.010646
0.010547
0.010933
0.011506
0.011883
0.011528
0.010007
0.008152
0.007174
0.007079
0.007009
0.006077
0.004439
0.003181
0.002660
0.002458
0.002390
0.002141
0.001674
0.001533
0.001606
0.001515
0.001735
0.002325
0.002465
0.002101
0.001889
0.002025
0.002188
0.002075
0.001664
0.001386
0.001296
0.001270
0.001860
0.002745
0.003148
0.003134
0.002876
0.002651
0.002623
0.002727
0.003269
0.003862
0.003765
0.003497
0.003538
0.003674
0.004193
0.004950
0.005160
0.004704
0.003927
0.003566
0.003908
0.004456
0.004879
0.004860
0.004154
0.003118
0.002330
0.002249
0.002485
0.002197
0.001340
0.000359
-0.000298
-0.000850
-0.001262
-0.001212
-0.001256
-0.001799
-0.002491
-0.002908
-0.002818
-0.002746
-0.003144
-0.003832
-0.004633
-0.005197
-0.005492
-0.005703
-0.006189
-0.007070
-0.007951
-0.008418
-0.008281
-0.008067
-0.008139
-0.008197
-0.007846
-0.006987
-0.005869
-0.004662
-0.003510
-0.002575
-0.001898
-0.001579
-0.001390
-0.000834
-0.000213
0.000228
0.000690
0.001088
0.001593
0.002355
0.003054
0.003406
0.003491
0.003572
0.003579
0.003402
0.003379
0.003717
0.004119
0.004073
0.003572
0.003192
0.003203
0.003359
0.003523
0.003822
0.004340
0.004858
0.005111
0.005323
0.005607
0.005685
0.005704
0.006056
0.006559
0.006845
0.006725
0.006361
0.006505
0.007024
0.007136
0.007064
0.007012
0.007013
0.007230
0.007326
0.007012
0.006372
0.006023
0.006479
0.007267
0.007686
0.007426
0.006802
0.006523
0.006345
0.005596
0.004821
0.004508
0.004097
0.003447
0.002716
0.001898
0.001325
0.000986
0.000705
0.000357
-0.000113
-0.000458
-0.000815
-0.001104
-0.001292
-0.001611
-0.001816
-0.001870
-0.001743
-0.001546
-0.001646
-0.001907
-0.002058
-0.001986
-0.001855
-0.001890
-0.002021
-0.002268
-0.002444
-0.002498
-0.002692
-0.002798
-0.002562
-0.002194
-0.002239
-0.002616
-0.002489
-0.001578
-0.000456
-0.000072
-0.000469
-0.000649
-0.000131
0.000714
0.001280
0.001656
0.002265
0.003175
0.004355
0.005291
0.005548
0.005615
0.005860
0.006152
0.006685
0.007327
0.007672
0.007740
0.007777
0.008109
0.008663
0.009171
0.009426
0.009524
0.009502
0.009099
0.008547
0.007993
0.007451
0.006833
0.005701
0.003968
0.001936
0.000034
-0.001535
-0.002889
-0.004030
-0.005034
-0.006229
-0.007440
-0.008388
-0.009035
-0.008954
-0.008402
-0.008105
-0.008004
-0.008192
-0.008820
-0.009198
-0.009121
-0.009241
-0.009507
-0.009308
-0.008609
-0.008015
-0.007819
-0.007559
-0.007102
-0.006602
-0.005863
-0.005026
-0.004520
-0.004438
-0.004362
-0.003947
-0.003479
-0.003034
-0.002490
-0.002124
-0.001742
-0.000978
-0.000075
0.000860
0.001484
0.001730
0.002162
0.002673
0.003213
0.003693
0.003943
0.004134
0.004053
0.003941
0.004061
0.004136
0.004186
0.004130
0.003793
0.003432
0.003408
0.003377
0.003235
0.003133
0.002840
0.002658
0.002697
0.002857
0.003145
0.003399
0.003545
0.003608
0.003671
0.003625
0.003474
0.003332
0.003397
0.003521
0.003291
0.002932
0.002958
0.003152
0.003204
0.003329
0.003426
0.003373
0.003174
0.002842
0.002525
0.002206
0.001910
0.001779
0.001802
0.002042
0.002346
0.002507
0.002521
0.002315
0.002034
0.001946
0.002026
0.002431
0.003004
0.003144
0.003091
0.003290
0.003741
0.004042
0.003537
0.002460
0.001860
0.001882
0.001938
0.001701
0.001248
0.000843
0.000352
-0.000266
-0.001183
-0.002403
-0.003313
-0.003701
-0.003953
-0.004483
-0.005294
-0.006026
-0.006090
-0.005651
-0.005329
-0.005102
-0.004724
-0.004320
-0.004174
-0.004063
-0.003604
-0.003097
-0.002848
-0.002783
-0.002808
-0.002587
-0.002054
-0.001465
-0.001132
-0.000882
-0.000223
0.000660
0.001507
0.002171
0.002613
0.002839
0.003068
0.003838
0.005084
0.006531
0.008007
0.009245
0.010100
0.010624
0.011165
0.011718
0.011928
0.011934
0.011908
0.011950
0.012198
0.012273
0.011960
0.011731
0.011512
0.010995
0.010592
0.010363
0.009943
0.009287
0.008447
0.007728
0.007248
0.006771
0.006059
0.004924
0.003871
0.003218
0.002754
0.002229
0.001460
0.000774
0.000210
-0.000657
-0.001712
-0.002563
-0.003264
-0.004292
-0.005570
-0.006427
-0.006726
-0.006873
-0.006983
-0.007014
-0.007179
-0.007389
-0.007709
-0.007985
-0.007923
-0.007686
-0.007382
-0.007500
-0.008079
-0.008446
-0.008455
-0.008329
-0.008033
-0.007309
-0.006523
-0.006092
-0.005626
-0.005122
-0.004475
-0.003581
-0.002827
-0.002098
-0.001527
-0.001478
-0.001387
-0.000476
0.000814
0.001614
0.001535
0.001135
0.001120
0.001318
0.001630
0.001836
0.001758
0.001671
0.002011
0.002373
0.002311
0.001982
0.001412
0.001292
0.002010
0.003041
0.003425
0.002606
0.001595
0.001659
0.002882
0.004147
0.003872
0.002299
0.001071
0.000853
0.001128
0.000976
0.000641
0.000882
0.001306
0.000760
-0.001076
-0.002751
-0.002899
-0.002054
-0.001732
-0.002581
-0.003927
-0.004819
-0.005239
-0.005743
-0.006592
-0.007191
-0.006643
-0.005334
-0.004494
-0.004837
-0.005849
-0.006538
-0.006466
-0.006076
-0.006016
-0.006012
-0.005678
-0.005109
-0.004620
-0.004370
-0.004385
-0.004547
-0.004703
-0.004691
-0.004214
-0.003613
-0.003541
-0.003936
-0.004299
-0.004479
-0.004426
-0.003967
-0.002990
-0.001882
-0.001566
-0.002027
-0.002304
-0.001976
-0.001065
0.000304
0.001683
0.002452
0.002285
0.001762
0.001811
0.002503
0.003239
0.003467
0.003143
0.002890
0.002957
0.002948
0.002653
0.002301
0.002440
0.003080
0.003444
0.003090
0.002359
0.001914
0.001940
0.001883
0.001365
0.000957
0.001043
0.000895
-0.000014
-0.001129
-0.001661
-0.001741
-0.001849
-0.002149
-0.002607
-0.002928
-0.003065
-0.003181
-0.003266
-0.003318
-0.003058
-0.002334
-0.001779
-0.001865
-0.002199
-0.002346
-0.002319
-0.001981
-0.001276
-0.000677
-0.000487
-0.000691
-0.001340
-0.002004
-0.002114
-0.001846
-0.001477
-0.000892
-0.000083
0.000700
0.001130
0.001205
0.001449
0.001751
0.001434
0.000823
0.000730
0.000999
0.001045
0.001260
0.002028
0.002749
0.002960
0.002898
0.003072
0.003441
0.003524
0.003272
0.002910
0.002443
0.002097
0.002087
0.002158
0.002067
0.001718
0.001067
0.000152
-0.000779
-0.001505
-0.001955
-0.002362
-0.003025
-0.003745
-0.004217
-0.004328
-0.004077
-0.003595
-0.003079
-0.002757
-0.002615
-0.002250
-0.001191
0.000047
0.000494
0.000473
0.000529
0.000630
0.000975
0.001600
0.001947
0.001973
0.001841
0.001222
0.000303
-0.000263
-0.000148
0.000232
0.000317
0.000072
-0.000187
-0.000400
-0.000845
-0.001449
-0.001970
-0.002391
-0.002884
-0.003477
-0.003763
-0.003560
-0.003195
-0.003021
-0.003072
-0.003102
-0.003107
-0.003252
-0.003795
-0.004612
-0.005069
-0.004942
-0.004484
-0.003976
-0.003693
-0.003969
-0.004848
-0.005645
-0.005810
-0.005724
-0.005871
-0.006291
-0.006417
-0.006146
-0.006252
-0.006751
-0.007024
-0.006626
-0.005925
-0.005830
-0.006353
-0.006957
-0.007464
-0.007881
-0.008013
-0.007806
-0.007392
-0.006634
-0.005655
-0.004714
-0.003877
-0.003382
-0.003515
-0.003897
-0.003695
-0.003163
-0.003111
-0.003540
-0.003828
-0.003632
-0.003158
-0.002419
-0.001547
-0.000602
0.000536
0.001206
0.000875
0.000261
0.000424
0.001480
0.002230
0.001922
0.001543
0.002171
0.003583
0.004416
0.003869
0.002761
0.002181
0.002205
0.002418
0.002508
0.002247
0.001845
0.001394
0.000652
-0.000135
-0.000719
-0.001038
-0.001159
-0.001587
-0.002460
-0.003281
-0.003587
-0.003668
-0.004082
-0.004552
-0.004402
-0.003605
-0.002832
-0.002725
-0.003122
-0.003395
-0.003327
-0.002979
-0.002506
-0.002083
-0.001862
-0.001759
-0.001642
-0.001703
-0.001871
-0.001909
-0.001807
-0.001641
-0.001653
-0.001619
-0.001347
-0.001214
-0.001209
-0.001295
-0.001321
-0.001034
-0.000687
-0.000351
0.000011
0.000185
0.000109
0.000028
0.000169
0.000352
0.000295
0.000195
0.000271
0.000168
-0.000242
-0.000522
-0.000501
-0.000373
-0.000155
0.000285
0.000663
0.000016
-0.000570
-0.000692
0.000155
0.001262
0.001837
0.002078
0.002372
0.002667
0.002725
0.002584
0.002184
0.001641
0.001313
0.000966
0.000531
0.000378
0.000369
-0.000028
-0.000670
-0.000985
-0.000959
-0.000825
-0.000675
-0.000795
-0.001299
-0.001778
-0.001848
-0.001495
-0.001361
-0.001938
-0.002397
-0.001971
-0.001229
-0.000934
-0.001097
-0.001247
-0.001124
-0.000796
-0.000441
-0.000246
-0.000526
-0.001153
-0.001376
-0.001286
-0.001466
-0.001773
-0.001943
-0.001969
-0.001976
-0.002049
-0.002121
-0.002262
-0.002605
-0.003032
-0.003152
-0.002923
-0.002650
-0.002588
-0.002904
-0.003286
-0.003174
-0.002585
-0.001978
-0.001808
-0.002255
-0.002696
-0.002797
-0.003161
-0.003739
-0.003898
-0.003569
-0.003076
-0.002822
-0.002783
-0.002531
-0.002014
-0.001712
-0.001755
-0.001736
-0.001491
-0.001166
-0.000901
-0.000505
0.000243
0.001040
0.001348
0.001185
0.001302
0.001986
0.002696
0.002968
0.002799
0.002543
0.002690
0.003390
0.004241
0.004661
0.004301
0.003658
0.003497
0.003858
0.004261
0.004008
0.003204
0.002725
0.002860
0.003105
0.002920
0.002392
0.001985
0.001971
0.002194
0.002232
0.001983
0.001694
0.001414
0.001080
0.000848
0.000916
0.001267
0.001735
0.002182
0.002470
0.002535
0.002445
0.002406
0.002575
0.002550
0.002097
0.001796
0.002004
0.002361
0.002344
0.001816
0.001223
0.000847
0.000533
0.000281
0.000291
0.000628
0.001001
0.001178
0.001209
0.001141
0.000880
0.000382
0.000046
0.000205
0.000569
0.000819
0.000916
0.000860
0.000733
0.000648
0.000812
0.001334
0.001705
0.001434
0.000813
0.000401
0.000430
0.000789
0.001017
0.000734
0.000396
0.000491
0.000618
0.000094
-0.000942
-0.001420
-0.000938
-0.000317
-0.000291
-0.000720
-0.001048
-0.001025
-0.000897
-0.000990
-0.001182
-0.001279
-0.001317
-0.001189
-0.000882
-0.000576
-0.000388
-0.000341
-0.000254
-0.000039
0.000312
0.000777
0.001114
0.001108
0.000791
0.000570
0.000642
0.000706
0.000691
0.000772
0.001043
0.001325
0.001262
0.000876
0.000434
0.000157
0.000256
0.000706
0.001071
0.000994
0.000674
0.000623
0.001011
0.001388
0.001308
0.000838
0.000220
-0.000505
-0.001056
-0.001006
-0.000669
-0.000641
-0.000944
-0.001209
-0.001188
-0.001061
-0.001068
-0.001241
-0.001466
-0.001465
-0.001292
-0.001326
-0.001420
-0.001151
-0.000644
-0.000388
-0.000623
-0.000928
-0.000690
0.000023
0.000635
0.000765
0.000665
0.000850
0.001321
0.001591
0.001318
0.000741
0.000337
0.000310
0.000575
0.000935
0.001132
0.001065
0.000970
0.001059
0.001198
0.001202
0.001173
0.001160
0.001057
0.000886
0.000853
0.001154
0.001466
0.001402
0.001224
0.001365
0.001766
0.001912
0.001625
0.001438
0.001725
0.002182
0.002343
0.002063
0.001646
0.001498
0.001715
0.002075
0.002201
0.001916
0.001510
0.001470
0.001736
0.001821
0.001604
0.001361
0.001351
0.001517
0.001615
0.001506
0.001248
0.001000
0.000873
0.000900
0.000854
0.000499
0.000066
-0.000221
-0.000492
-0.000886
-0.001352
-0.001647
-0.001662
-0.001695
-0.001970
-0.002252
-0.002291
-0.002227
-0.002331
-0.002666
-0.003034
-0.003121
-0.002819
-0.002327
-0.001917
-0.001662
-0.001398
-0.001050
-0.000759
-0.000591
-0.000382
-0.000039
0.000248
0.000339
0.000386
0.000618
0.000915
0.000997
0.000935
0.000967
0.001145
0.001339
0.001431
0.001328
0.001027
0.000789
0.000827
0.001069
0.001363
0.001514
0.001388
0.001146
0.001095
0.001262
0.001346
0.001207
0.001014
0.000959
0.000978
0.000842
0.000568
0.000365
0.000294
0.000192
-0.000105
-0.000476
-0.000715
-0.000815
-0.000842
-0.000789
-0.000682
-0.000600
-0.000555
-0.000526
-0.000500
-0.000484
-0.000454
-0.000309
-0.000018
0.000260
0.000396
0.000476
0.000628
0.000845
0.001014
0.001063
0.001054
0.001076
0.001123
0.001151
0.001146
0.001113
0.001098
0.001120
0.001166
0.001242
0.001278
0.001225
0.001098
0.000919
0.000762
0.000670
0.000592
0.000482
0.000424
0.000496
0.000603
0.000614
0.000518
0.000394
0.000320
0.000300
0.000283
0.000240
0.000172
0.000113
0.000049
-0.000036
-0.000102
-0.000135
-0.000160
-0.000225
-0.000305
-0.000328
-0.000295
-0.000242
-0.000199
-0.000180
-0.000202
-0.000260
-0.000290
-0.000248
-0.000173
-0.000128
-0.000139
-0.000167
-0.000168
-0.000136
-0.000097
-0.000081
-0.000097
-0.000128
-0.000135
-0.000109
-0.000080
-0.000071
-0.000067
-0.000053
-0.000042
-0.000047
-0.000057
-0.000056
-0.000042
-0.000035
-0.000040
-0.000039
-0.000026
-0.000018
-0.000019
-0.000020
-0.000015
-0.000010
-0.000013
-0.000018
-0.000023
-0.000033
-0.000030
-0.000016
-0.000016
-0.000026
-0.000032
-0.000029
-0.000019
-0.000007
0.000000
-0.000009
-0.000030
-0.000043
-0.000037
-0.000021
-0.000017
-0.000033
-0.000053
-0.000063
-0.000061
-0.000057
-0.000067
-0.000090
-0.000108
-0.000119
-0.000124
-0.000124
-0.000119
-0.000108
-0.000101
-0.000100
-0.000105
-0.000111
-0.000111
-0.000107
-0.000103
-0.000098
-0.000096
-0.000098
-0.000099
-0.000097
-0.000090
-0.000082
-0.000074
-0.000069
-0.000066
-0.000060
-0.000054
-0.000048
-0.000043
-0.000037
-0.000031
-0.000025
-0.000020
-0.000016
-0.000012
-0.000007
-0.000002
0.000001
0.000002
0.000003
0.000005
0.000009
0.000012
0.000014
0.000016
0.000018
0.000020
0.000022
0.000024
0.000026
0.000029
0.000032
0.000034
0.000036
0.000037
0.000039
0.000041
0.000042
0.000043
0.000045
0.000046
0.000048
0.000049
0.000050
0.000051
0.000052
0.000053
0.000054
0.000055
0.000056
0.000057
0.000058
0.000059
0.000060
0.000060
0.000061
0.000062
0.000062
0.000063
0.000064
0.000064
0.000065
0.000065
0.000066
0.000066
0.000066
0.000067
0.000067
