-0.000206
0.000427
0.000380
0.000238
-0.000428
-0.000833
-0.000456
-0.000323
-0.000307
0.000036
0.000084
-0.000359
-0.000230
-0.000186
-0.000777
-0.000407
-0.001774
-0.001199
0.000468
-0.000494
-0.000895
-0.000484
0.000352
-0.000330
-0.000167
-0.000319
-0.000561
-0.000683
-0.000748
-0.000098
0.000999
0.000765
-0.000022
-0.000867
-0.000215
-0.000948
-0.001375
0.000586
-0.001028
-0.000569
-0.000116
-0.000298
0.000240
-0.000555
0.000535
-0.000665
-0.001204
0.000192
0.000830
-0.000199
-0.001571
0.000559
0.000144
-0.001076
-0.000331
0.000794
0.000536
-0.001174
0.000842
-0.000579
-0.001973
0.001158
0.000037
-0.000348
0.001136
0.002162
-0.000859
-0.002490
-0.001595
0.000781
0.002047
0.000525
0.002163
-0.001633
-0.002195
-0.001809
0.000083
0.002774
0.000422
0.000435
-0.000655
-0.000827
0.000534
0.001491
0.002994
-0.002956
-0.000330
0.003286
0.000388
0.000068
0.002946
0.003008
-0.003928
0.000689
0.002103
-0.000149
-0.000415
0.003242
0.005819
0.001212
-0.000117
-0.002030
-0.001173
0.002682
0.001948
0.000579
-0.001095
0.000143
0.003795
0.001040
0.002395
0.005203
0.000197
-0.002875
0.002324
0.004691
-0.001291
-0.003175
0.004970
0.008716
0.002252
0.002622
0.005034
0.001136
-0.001992
-0.002348
-0.000236
0.000313
-0.000561
-0.001299
-0.000666
-0.001514
0.002278
0.000876
-0.003734
-0.002419
0.002407
0.000897
-0.004418
-0.001022
0.000980
-0.001263
-0.001816
0.002220
0.002213
-0.000174
0.000617
0.000233
0.002603
0.001101
-0.004126
-0.001008
0.005553
0.001775
-0.005364
0.000569
-0.001902
-0.003055
0.001886
-0.000999
-0.003220
0.005898
0.004651
-0.005650
-0.002579
0.000557
-0.001259
-0.000447
0.000182
-0.000958
0.002324
0.002407
-0.004850
-0.006844
-0.002967
-0.001157
0.000353
-0.001649
-0.006667
-0.014397
-0.011608
-0.011956
-0.012207
0.000291
0.013328
0.013613
0.002596
-0.010642
-0.014607
-0.002512
0.011110
0.015170
0.018758
0.013995
0.009296
0.017226
0.015616
-0.002525
-0.001335
0.008513
0.007501
0.006271
-0.000131
-0.016173
-0.003668
0.013473
0.004676
0.000353
-0.000827
0.000088
-0.000398
-0.019547
-0.051101
-0.058569
-0.055178
-0.048735
-0.016754
0.031263
0.051894
0.069054
0.057175
0.030575
0.022470
0.006268
-0.013045
-0.004870
0.007266
0.006283
0.014854
-0.006126
-0.058099
-0.078041
-0.068045
-0.029771
0.004830
0.007904
-0.021309
-0.044684
-0.030911
-0.018223
-0.022817
0.040375
0.098717
0.116644
0.095787
-0.005804
-0.053802
-0.086316
-0.051233
-0.004069
0.036927
0.078641
0.058352
0.016316
-0.002652
0.002562
-0.059395
-0.101333
-0.091622
-0.034876
0.000903
0.035520
0.095846
0.098820
0.021720
-0.028768
-0.061890
-0.118089
-0.132125
-0.088853
0.012176
0.058831
0.113702
0.141998
0.116808
0.018379
-0.095251
-0.154697
-0.163242
-0.144193
-0.124962
-0.126270
-0.033901
0.105439
0.131697
0.146393
0.159458
0.136202
0.090685
0.087762
0.082074
0.058163
0.040587
0.038847
0.051348
0.061379
0.048072
0.030675
0.032088
0.028167
0.022411
0.009107
-0.013729
-0.042678
-0.061055
-0.087539
-0.112506
-0.123504
-0.080459
-0.044724
-0.029181
0.012084
0.045907
0.053635
0.051737
0.054101
0.033036
0.000005
-0.046861
-0.066929
-0.060705
-0.045466
-0.038875
0.024077
0.073974
0.056875
0.031192
0.014796
-0.023890
-0.074611
-0.072689
-0.040286
-0.008560
-0.018449
-0.014125
-0.031361
-0.047308
-0.052876
0.003775
0.064490
0.108618
0.104348
0.030579
0.035669
0.062107
0.030339
-0.058406
-0.069627
-0.068063
-0.067884
-0.044823
-0.029843
-0.038273
-0.057894
-0.057485
-0.042365
-0.013370
0.021200
0.064980
0.080310
0.077933
0.065143
0.067657
0.035268
-0.005895
-0.039721
-0.082501
-0.103585
-0.088180
-0.034134
-0.013192
0.001063
-0.006517
0.004273
0.028369
0.040608
0.071664
0.111202
0.103115
0.075976
0.039867
-0.007264
-0.029017
-0.042582
-0.035689
-0.025429
-0.024504
-0.041277
-0.043078
-0.038178
-0.025276
0.000005
0.034648
0.023542
0.000394
0.014294
0.016664
0.009298
-0.023634
-0.011918
0.003798
-0.001203
0.024676
0.042485
0.036944
0.016936
-0.005732
0.003511
0.013623
-0.009731
-0.009174
-0.027102
-0.049113
-0.032223
-0.030087
-0.021297
0.034208
0.050463
0.038073
0.022270
-0.002952
-0.022707
-0.036399
-0.026428
-0.012266
-0.018937
-0.016277
-0.002769
-0.023103
-0.042078
-0.038848
-0.014155
0.019052
0.058078
0.088513
0.098505
0.091488
0.070247
-0.000676
-0.057007
-0.066972
-0.053435
-0.022223
-0.015229
-0.010025
0.010073
0.012901
-0.017144
-0.037301
-0.014371
0.007379
0.003946
-0.004184
-0.009057
-0.016873
-0.017851
-0.018279
-0.005258
0.010067
0.014527
0.017341
0.000037
-0.000687
0.005825
0.019519
0.033303
0.035002
0.010408
-0.012259
-0.029325
-0.040571
-0.020218
0.002030
0.013320
0.010722
0.019787
0.015107
0.001992
-0.000926
-0.000075
0.001490
-0.002413
-0.000875
0.007298
0.002417
-0.009392
-0.003325
0.004841
-0.005415
0.003064
0.005676
-0.012547
-0.015140
-0.013016
-0.012367
-0.010595
0.005500
0.001891
0.006004
0.007672
-0.005344
-0.004932
0.000394
0.008904
0.010415
0.012014
0.001565
-0.002290
-0.001603
0.006358
0.004330
-0.016598
-0.014916
0.004061
0.018453
0.013705
0.011373
0.010131
0.014473
0.002388
-0.008112
-0.004225
-0.006813
0.004991
0.017569
0.012390
0.000776
0.000835
0.001764
0.005804
0.008126
0.006113
-0.015620
-0.030294
-0.027863
-0.023008
-0.007891
-0.003134
0.001909
0.020906
0.026702
0.021905
0.008582
-0.012555
-0.023372
-0.018882
-0.016609
-0.015045
0.005769
0.026973
0.018722
-0.005786
0.003134
0.023581
0.005669
-0.006760
-0.001489
0.003794
0.007251
-0.005113
-0.018093
-0.012707
-0.008376
-0.013649
-0.004927
0.004506
0.011658
0.004396
-0.003050
-0.005254
0.002326
0.012898
0.014223
0.001697
-0.005090
-0.010302
-0.012632
-0.017150
-0.017824
0.005083
-0.002283
-0.005136
-0.006841
-0.007526
0.000034
0.012615
0.020919
0.009705
0.007614
-0.003317
-0.022311
-0.014915
-0.000511
0.003624
0.005827
0.002115
-0.002738
-0.002299
0.001333
-0.005024
-0.003754
-0.007146
-0.020222
-0.008896
0.014245
0.019299
0.022860
0.023452
0.010215
0.004383
-0.004571
-0.015667
-0.005907
0.005602
0.005780
0.006323
0.001736
-0.001040
0.000078
0.001598
0.001628
0.002533
0.005455
0.013757
0.013440
0.010535
0.003157
-0.007617
-0.017313
-0.012611
0.003005
-0.000371
-0.005409
-0.005948
-0.001878
-0.002518
-0.005442
-0.006989
-0.000920
-0.001806
-0.004787
0.001119
0.001800
-0.004644
-0.006104
0.010718
0.014587
0.003215
-0.008520
-0.006726
0.006789
0.010111
0.002132
-0.003300
-0.006317
-0.010515
-0.011275
-0.014962
-0.013731
0.002459
0.017364
0.013608
0.007942
0.005366
-0.002224
-0.007145
-0.005416
-0.005553
-0.002088
0.008816
0.013933
0.012936
0.005563
-0.004220
-0.000540
0.003184
-0.004514
-0.010608
-0.006770
-0.007480
-0.007646
0.002496
0.005064
0.003287
0.003675
0.004275
0.000701
-0.003087
0.002322
0.006082
0.002894
-0.000371
0.003229
-0.000507
-0.010413
-0.010673
-0.005621
-0.004820
-0.004885
0.004015
0.008434
0.004336
0.000480
0.000748
0.003747
0.006281
0.007612
0.008082
0.003618
-0.004548
-0.008375
-0.005427
-0.004731
-0.003424
0.002295
-0.000525
-0.000016
0.005352
0.008400
0.011087
0.005949
-0.007920
-0.016538
-0.015812
-0.012896
-0.000860
0.013008
0.017523
0.015517
0.005276
-0.007324
-0.012553
-0.009495
0.000519
0.006150
0.000544
0.000392
0.006598
-0.000587
-0.008619
-0.006726
-0.007112
-0.002446
0.004806
0.004710
0.002592
0.004389
0.011036
0.013229
0.004595
-0.006264
-0.003485
-0.003035
-0.008344
-0.006384
-0.003256
-0.002864
-0.001711
-0.007893
-0.012617
0.001350
0.011735
0.016618
0.018412
0.012086
-0.000418
-0.011544
-0.014060
-0.004777
0.002888
-0.003402
-0.003388
-0.004187
-0.008245
-0.009915
-0.012565
-0.003260
0.005934
0.005688
0.003861
-0.001233
-0.004848
0.002764
0.005635
0.006634
0.010428
0.006753
0.002830
-0.002011
-0.008609
-0.006978
-0.001546
0.000537
0.009856
0.018985
0.018469
0.004914
-0.016890
-0.022667
-0.013305
-0.006534
-0.002613
0.003072
0.007472
0.008072
0.002198
-0.000464
-0.002618
-0.001983
0.005823
0.012276
0.003463
-0.008768
-0.005365
-0.005426
-0.005013
-0.005618
-0.010272
-0.008376
-0.001973
0.002784
0.008368
0.014899
0.016842
0.010904
-0.002637
-0.003964
-0.002845
-0.009278
-0.007734
-0.000424
0.003508
0.003729
0.000658
-0.006936
-0.005368
0.003008
0.007208
0.006263
0.001732
0.000510
-0.000678
-0.005935
-0.008675
-0.012700
-0.014344
0.002353
0.013847
0.013155
0.009575
0.000772
-0.002174
0.002243
0.007873
0.007777
0.005954
0.007482
0.006961
0.002638
-0.000048
0.000073
-0.008763
-0.012218
-0.004199
-0.001427
-0.006791
-0.009129
-0.006691
-0.000266
-0.004799
-0.010386
-0.006645
0.002441
0.008677
0.005234
0.002095
0.005855
0.009923
0.003675
0.002726
0.000736
-0.003615
-0.011578
-0.017946
-0.004782
0.009681
0.010543
0.005903
-0.001680
-0.002440
0.005054
-0.001305
-0.005006
0.005219
0.008728
0.002998
-0.004439
-0.003529
0.002182
0.011194
0.007223
-0.019275
-0.027483
-0.009895
0.003669
0.009955
0.012555
0.013637
0.009657
-0.001937
-0.008547
-0.003339
-0.004030
-0.001752
0.004959
0.007478
0.006287
-0.005757
-0.011533
-0.005227
-0.000739
0.002436
-0.001381
-0.001866
0.010476
0.016575
0.004551
-0.008654
-0.013796
-0.002666
0.012366
0.003647
0.001835
-0.000163
-0.003066
0.003102
0.001775
-0.006662
-0.010391
0.003510
0.013613
0.007710
-0.001086
-0.006876
-0.013413
-0.014425
-0.009685
-0.005346
-0.002664
0.006515
0.001452
-0.004453
0.000721
0.000091
-0.004326
-0.002925
0.003256
-0.000134
0.001187
0.002994
0.003106
0.000369
0.006442
0.004208
0.001075
0.008038
0.012305
0.009538
-0.001177
-0.010689
-0.012805
-0.001053
-0.003681
-0.003948
0.000037
0.002318
0.004751
-0.000111
-0.002921
-0.001698
0.008336
0.016830
0.011848
0.009762
0.008937
-0.001278
-0.010588
-0.019686
-0.018860
-0.012390
-0.011918
-0.010657
0.003139
0.012686
0.011982
0.015088
0.015033
0.012678
0.013977
0.008676
-0.003863
-0.014737
-0.020467
-0.028000
-0.021500
-0.002338
0.000378
0.007608
0.012354
0.010794
0.012770
0.011749
0.006431
-0.007364
-0.018369
-0.015311
-0.007547
-0.006482
-0.005452
0.000874
-0.004266
-0.009455
-0.000949
0.007622
0.014785
0.015087
0.019430
0.015558
-0.002451
-0.012782
0.000799
0.012814
0.002041
-0.005160
-0.012779
-0.021818
-0.004632
0.007654
0.000269
0.004508
0.009063
0.014674
0.005857
-0.006863
-0.007657
0.003423
0.009406
0.002018
-0.003616
-0.009478
-0.009151
-0.001471
0.001679
-0.003615
-0.002016
-0.000691
0.001541
0.001122
0.002156
-0.000759
-0.003189
0.003079
-0.003038
-0.000698
0.004591
0.004863
-0.001069
0.002408
0.011004
0.010936
0.005879
-0.002425
-0.015293
-0.016462
0.000326
-0.007410
-0.012772
-0.002546
0.000814
-0.000629
0.001811
0.008404
0.013852
0.018392
0.009963
-0.004770
-0.006520
-0.005880
-0.012942
-0.017266
-0.010016
-0.005910
-0.006382
-0.011837
-0.011091
0.013092
0.026078
0.021005
0.003277
-0.001756
0.007778
0.001693
-0.011382
-0.005501
0.009290
0.012438
0.005589
-0.003214
-0.001908
-0.003218
-0.003479
-0.001665
0.000443
-0.007990
-0.015071
-0.005124
0.006992
0.002584
-0.004131
0.005229
0.002379
-0.004660
-0.001164
0.008394
0.009492
0.010130
0.013423
0.005358
-0.003616
0.004078
0.007386
0.000054
-0.006925
-0.013180
-0.013697
-0.020603
-0.017168
-0.008015
0.001240
0.017314
0.015540
-0.000268
-0.005398
0.006867
0.013347
0.010590
0.010554
0.004190
-0.012232
-0.022256
-0.015673
-0.005470
0.004332
0.006584
0.005161
0.010071
0.012217
0.002597
-0.001569
-0.000225
-0.001963
0.009723
0.008063
-0.012307
-0.018955
-0.012660
-0.013214
-0.007379
0.000158
0.005587
0.013677
0.017333
0.009095
-0.004922
-0.008189
-0.005111
0.000400
-0.005775
0.001807
0.007026
0.000209
-0.000738
0.001215
0.001524
0.001281
0.005912
0.002587
0.007217
0.008831
0.000555
-0.006371
-0.005884
-0.006393
-0.000506
0.002743
-0.007976
-0.004246
-0.003247
-0.004762
-0.002779
-0.002273
0.001652
0.002523
0.002450
0.004616
0.005086
0.000423
-0.002509
0.002214
0.004014
0.000379
0.000293
-0.006921
-0.007655
0.001865
0.005459
0.000913
0.002980
0.007748
0.003285
0.000238
-0.007721
-0.008034
-0.009252
-0.010436
-0.008506
-0.007389
-0.002153
0.006444
0.010721
0.002794
0.006486
0.008340
0.004761
0.008130
0.017023
0.011424
-0.002359
-0.005771
-0.012284
-0.018554
-0.013073
0.007501
0.016476
0.006678
-0.002848
-0.005068
-0.010427
-0.006828
-0.000607
-0.003170
0.000976
0.005802
0.000875
-0.003638
-0.002085
-0.000218
0.005622
0.004156
0.004578
0.005239
-0.004410
-0.008491
-0.005106
0.001657
-0.001175
-0.005879
-0.004872
-0.004873
0.004927
0.014571
0.006070
-0.002616
-0.010204
-0.013802
0.001041
0.007064
0.000632
-0.008484
-0.007575
-0.002453
0.003642
0.016669
0.018606
0.007557
-0.000330
-0.002783
-0.006200
-0.005852
-0.003511
0.001526
0.009154
0.011187
0.004962
-0.001252
-0.004331
-0.005101
-0.003594
-0.005582
-0.006608
0.002110
0.005113
0.000307
0.001927
0.002764
-0.005389
-0.002870
0.006084
0.006637
0.006383
0.001689
-0.003938
-0.008812
-0.009378
-0.013681
-0.013781
0.004474
0.011671
0.011295
0.008123
0.006659
0.005350
0.005627
0.011537
0.001879
-0.015416
-0.017249
-0.013326
-0.005317
-0.001048
-0.002414
0.002913
0.002392
0.001801
0.004060
0.010601
0.011929
-0.003872
-0.011929
-0.004875
-0.001949
0.001652
0.000038
-0.001446
0.003564
0.004445
0.004737
0.007608
0.004081
-0.006488
-0.008503
-0.006112
-0.002533
-0.002424
-0.003583
-0.007487
-0.003055
0.007576
0.007345
0.001575
0.003056
0.006662
0.004469
0.007037
0.008925
0.003485
-0.004715
0.001396
0.001923
-0.002681
0.000842
0.000327
-0.001301
-0.003657
-0.006740
-0.011619
-0.009911
-0.005862
-0.004772
0.004093
0.009314
-0.000434
0.000383
0.008653
0.007565
-0.000840
-0.006525
-0.001404
0.004561
0.003890
-0.004046
-0.004892
-0.001666
0.001374
0.002783
0.006709
0.008969
0.003518
-0.000534
-0.001790
-0.000191
-0.002241
-0.003982
-0.002107
0.000963
0.000167
-0.006512
-0.005750
-0.000292
-0.000207
0.003246
0.003155
-0.003274
-0.005630
-0.002791
-0.000364
-0.003248
-0.003289
0.003514
0.005047
0.005217
0.005717
0.003284
0.000096
-0.002125
-0.001461
-0.003297
-0.003794
-0.001543
-0.001856
0.000544
0.000807
-0.006569
-0.007684
0.003341
0.007587
0.009337
0.009400
-0.000317
-0.002226
-0.002039
-0.002018
-0.005677
-0.002642
0.000137
-0.000566
0.000190
0.003576
0.001918
-0.004519
-0.001945
0.001052
-0.002291
-0.005351
0.001677
0.004619
0.004377
0.000924
-0.000267
0.001394
0.006138
0.006011
-0.001602
-0.003795
0.000448
0.001300
-0.003820
-0.003136
-0.004151
-0.003937
-0.001815
-0.000057
-0.001230
-0.001399
0.003420
0.003915
-0.000610
-0.004004
-0.003399
-0.004374
-0.003400
0.001498
-0.001873
-0.001806
0.006673
0.010675
0.009515
0.001295
-0.004981
-0.005012
-0.001367
-0.002188
-0.001691
0.000806
0.005019
0.007219
0.003767
-0.001649
-0.004591
-0.003278
-0.000138
0.000823
0.000330
0.000032
-0.001906
-0.007344
-0.008160
0.000194
0.001402
0.006477
0.006733
0.005135
0.006066
0.004766
0.003245
0.001211
-0.002250
-0.009158
-0.004875
0.003710
0.001829
-0.002027
-0.002954
-0.002627
-0.004299
-0.002818
-0.000608
0.000072
0.002115
-0.000105
-0.001997
-0.004677
-0.002430
0.001771
-0.002302
0.002399
0.011298
0.005365
-0.001778
-0.001128
0.005652
0.003681
0.002428
-0.001035
-0.005703
-0.000721
-0.001127
-0.004677
-0.002738
0.003678
0.004735
0.002554
-0.000696
-0.002754
-0.003314
-0.005401
-0.007011
-0.001960
0.001213
-0.000392
0.002495
0.007454
0.008370
0.002329
-0.003731
0.003011
0.004494
-0.000199
0.002990
0.003044
-0.001220
0.000512
-0.000897
-0.008952
-0.006272
0.001886
0.004938
0.004745
0.001991
-0.003188
-0.008944
-0.008137
-0.003464
-0.000273
0.001053
-0.001099
0.002717
0.007982
0.008655
0.000923
-0.003003
-0.003086
-0.004496
-0.005866
-0.004831
0.001280
0.002614
0.000724
0.000248
0.003949
0.004204
0.003404
0.002110
-0.000272
-0.001394
-0.003146
-0.006482
-0.004498
-0.001277
0.000512
0.002374
0.000929
0.000590
0.001295
-0.002073
0.000042
0.004190
0.006493
0.007652
-0.003343
-0.010832
-0.008336
-0.002015
-0.001885
0.000327
0.002285
0.002880
0.004845
0.002416
-0.003878
-0.004685
-0.002042
-0.002421
0.001781
0.004526
0.005155
0.000805
-0.000414
0.001423
0.001933
0.001744
0.000673
0.004392
0.002969
-0.003317
-0.004786
-0.001813
-0.002806
-0.006791
-0.003824
0.001437
0.001956
0.001501
0.004797
0.003105
0.000136
-0.004216
-0.005969
0.000305
0.003215
-0.001256
-0.007485
-0.002558
0.007293
0.005563
0.002219
0.002604
0.004369
0.002601
-0.001469
-0.000122
0.000675
0.000497
0.001422
0.005315
0.004628
-0.001525
-0.003270
-0.002825
-0.004660
-0.005937
-0.004318
-0.000258
0.000318
0.001098
0.003412
-0.003535
-0.004515
0.004788
0.005160
-0.002163
-0.004619
-0.002049
0.000188
-0.002336
-0.005933
0.001407
0.007196
0.002743
-0.002453
-0.003794
-0.002739
0.001043
0.003385
0.003409
0.003296
0.000273
-0.002402
-0.003394
-0.002362
0.000630
0.005684
0.003288
-0.001173
-0.002219
-0.001414
-0.002107
0.000489
0.004800
0.002738
0.001674
-0.002825
-0.007772
-0.004929
-0.000050
0.003125
0.006672
0.005667
0.004358
0.006237
0.001924
-0.008978
-0.005948
0.002800
-0.001332
-0.003761
0.002058
0.004523
0.002504
0.001603
0.000025
-0.002604
-0.000200
0.000073
-0.004003
-0.001264
0.001296
0.001461
0.002479
0.000767
-0.003179
-0.004350
-0.001843
-0.001863
-0.001809
0.002893
0.006141
0.002515
-0.000713
-0.002196
-0.003960
-0.001511
-0.000689
0.000354
0.001010
-0.001474
-0.004436
-0.002112
0.006203
0.006500
0.003000
0.001490
-0.002284
-0.004897
-0.003655
0.002266
0.000582
0.000003
0.002663
0.000644
-0.002825
-0.001462
0.001898
-0.000582
-0.000168
-0.000602
-0.000088
0.000920
0.001662
0.000860
-0.002401
-0.001120
-0.000287
0.001189
0.003624
0.004553
0.000804
-0.002956
-0.002080
-0.001380
0.000360
0.001040
0.000609
-0.000297
0.001388
0.002730
-0.001305
-0.005449
-0.002986
0.001161
-0.001423
-0.002809
-0.001976
0.000810
0.003008
0.003207
0.001260
-0.003660
-0.001434
0.004367
0.001799
-0.002223
0.002117
0.006161
0.000687
-0.001903
-0.000242
-0.000853
-0.000190
-0.001434
-0.002439
-0.002124
0.000189
0.005508
0.003969
0.000784
0.001240
-0.000520
-0.000137
-0.003323
-0.004625
-0.001877
-0.004545
-0.007288
-0.007198
-0.004343
-0.000620
0.000956
0.000842
0.003569
0.004504
-0.000505
-0.003792
-0.000925
0.002488
-0.000343
0.001567
0.004370
0.003076
0.002559
0.002160
0.002300
0.000435
-0.002542
-0.003993
-0.001075
0.002225
0.002850
0.001098
0.000784
0.001211
0.000805
-0.000196
-0.004609
-0.006180
-0.001415
-0.001349
-0.000366
0.003722
0.005329
0.006095
0.004133
0.000730
-0.000199
0.000116
-0.000765
-0.001238
-0.002727
-0.002897
-0.003676
-0.002677
-0.001208
0.000730
0.003467
0.005001
0.003843
0.001851
0.000213
-0.005183
-0.004781
0.000196
0.001003
-0.000969
-0.002467
-0.001211
0.001607
0.001293
-0.000944
0.000918
0.001943
-0.003221
-0.005140
-0.000251
0.002807
0.001366
0.001647
0.003348
0.001895
0.002497
0.001358
-0.001391
-0.002603
-0.004865
-0.003682
-0.004283
-0.003417
0.000180
0.003300
0.004739
0.004321
0.002139
-0.002943
-0.002037
-0.000563
-0.000970
-0.000150
0.001479
0.003251
0.003971
0.003978
0.001940
-0.001460
0.001149
0.002206
-0.001065
-0.001581
-0.002565
-0.003485
-0.001075
-0.001961
-0.004121
0.001382
0.006747
0.003980
-0.002188
-0.003686
-0.001593
-0.001607
-0.002949
-0.001209
0.003121
0.007727
0.005571
-0.001263
-0.004201
-0.001921
0.001503
0.001839
-0.000118
-0.000509
-0.001740
-0.003334
-0.003590
-0.000800
0.000398
-0.002266
-0.001536
-0.001960
-0.003520
-0.002586
-0.000348
-0.002106
-0.000547
0.002539
0.004557
0.007646
0.005173
-0.001224
0.000512
0.002426
-0.001688
-0.000130
0.001967
-0.000559
-0.000266
0.001510
0.000983
0.002891
0.001602
-0.000928
-0.000389
0.001640
0.001654
0.000624
-0.000732
-0.002530
-0.004171
-0.001571
0.005187
0.004843
0.000760
-0.003007
-0.003851
-0.000697
-0.000328
-0.002091
-0.000297
0.001233
-0.002247
-0.004019
-0.003248
-0.000958
0.002089
-0.001592
-0.004165
-0.002866
-0.004090
-0.001473
0.001325
0.002976
0.003739
0.003119
0.000647
-0.000427
0.003198
0.003800
0.000456
-0.001088
0.000697
-0.001310
0.000397
0.003860
0.004803
0.004048
0.002835
-0.001629
-0.003309
0.000617
-0.000819
-0.002914
-0.002245
-0.000339
0.001299
-0.001226
-0.006312
-0.002859
0.000632
-0.000725
-0.001412
-0.000673
0.004050
0.007028
0.000396
-0.004967
-0.002964
-0.001153
0.000143
0.000287
0.000295
0.000440
0.000164
0.002001
0.004276
0.002064
0.001561
-0.000168
-0.003103
-0.005281
-0.008267
-0.005662
-0.001454
0.002639
0.003752
0.002755
0.000747
0.003447
0.004122
-0.001243
-0.003498
-0.002160
0.001123
-0.000195
0.000330
0.002609
0.001896
-0.000516
-0.001481
0.001457
0.005392
0.002520
-0.002271
-0.002508
-0.001191
-0.001706
-0.003597
-0.001621
0.001457
0.003822
0.005834
0.002483
0.001098
-0.000162
-0.000108
0.001717
-0.000633
-0.001101
-0.001120
-0.003367
-0.002889
0.000991
0.001917
0.002793
0.002414
0.001724
0.003570
0.001786
-0.005145
-0.006558
-0.005638
-0.003456
-0.003174
-0.006169
-0.001723
0.003517
0.003803
0.002353
0.001952
0.002598
0.001948
0.002074
0.000342
-0.003450
-0.001636
0.000488
0.002105
-0.001927
-0.004336
-0.002652
-0.003661
-0.002409
0.000175
0.001306
0.003302
0.005444
0.004035
0.001078
0.001831
0.003325
-0.000012
-0.000411
0.000398
-0.001324
0.000129
0.000134
-0.001555
0.000899
0.001919
0.002322
0.002855
0.000615
-0.001633
-0.001722
-0.003231
0.000145
0.003523
0.002643
0.000184
-0.004585
-0.004176
0.001570
0.003399
-0.000597
-0.002691
-0.004189
-0.005696
-0.005633
-0.004959
-0.002150
0.001074
0.001754
0.003086
0.004245
0.003298
0.004015
0.001454
-0.004102
-0.001782
0.002662
0.002718
0.003865
0.004388
0.001363
-0.000878
-0.001689
-0.003082
-0.001706
-0.000381
0.000923
0.001832
0.000218
-0.002030
-0.002534
-0.001040
-0.002144
-0.002338
0.000473
0.000745
-0.002379
-0.002993
-0.000813
-0.000973
-0.001620
0.000406
0.001000
0.001364
0.002028
0.001282
-0.001342
-0.000359
0.001137
0.000313
0.000376
0.001987
0.002615
0.000641
-0.002307
-0.004139
-0.001478
0.003577
0.001770
-0.001159
0.001644
0.004394
0.005108
0.005017
0.004090
0.000780
-0.000868
-0.001889
-0.001486
-0.001307
-0.003789
-0.005795
-0.003836
-0.001572
-0.002645
-0.001246
-0.000400
-0.000618
0.000307
-0.000189
0.000443
0.000639
-0.000568
-0.001562
0.000147
0.001366
0.001603
0.001861
0.000994
0.001349
0.000808
-0.000577
0.000190
0.002359
-0.000169
-0.002636
-0.003734
-0.003484
-0.001583
-0.000364
0.003108
0.005053
0.000921
-0.002180
-0.000276
-0.000620
0.001265
0.004391
0.001755
-0.002245
-0.002921
-0.003966
-0.002279
0.002635
0.006990
0.007437
0.005668
0.002455
-0.002728
-0.006265
-0.002408
0.003019
-0.000337
-0.001969
0.001031
0.001515
-0.003343
-0.006548
-0.004851
-0.003269
-0.002788
0.001392
0.004417
0.004967
0.003515
0.000090
0.000413
0.002135
0.003223
0.001503
0.002013
0.001969
-0.000873
-0.000804
-0.001658
-0.002157
-0.001235
-0.001602
-0.000672
0.002027
0.000013
-0.002713
-0.002699
-0.001957
-0.001416
-0.000782
0.002903
0.005338
0.004703
-0.001323
-0.003302
0.001232
0.001859
0.000409
0.000690
0.000208
-0.002081
-0.003691
-0.002735
-0.001432
0.000921
0.003694
0.001299
-0.002321
-0.004504
-0.004572
-0.001043
0.001567
0.001427
0.001267
0.001241
0.001907
0.000091
-0.000065
-0.000336
-0.001136
-0.000796
-0.002886
-0.001068
0.001237
0.001273
-0.000715
0.000482
0.003655
0.005851
0.005476
0.002284
-0.000020
-0.001052
-0.001888
-0.003483
-0.003457
-0.001434
-0.001344
-0.000265
0.002563
-0.000327
-0.003430
-0.003499
-0.003639
-0.000759
0.003315
0.003042
0.001019
-0.002757
-0.003726
-0.000054
0.004290
0.004768
0.002022
-0.001689
-0.005363
-0.006800
-0.002781
0.004173
0.005081
0.004934
0.001041
-0.003180
-0.004132
-0.003402
0.001805
0.002902
0.001619
-0.000214
-0.001445
-0.000674
0.001412
0.001066
-0.000499
0.002028
0.003133
0.003308
0.001654
-0.000695
-0.001173
-0.003790
-0.003868
-0.000451
0.002201
0.003778
0.004470
0.001084
-0.003202
-0.003690
0.000401
-0.000056
-0.001161
0.001631
0.001868
0.002212
0.000938
-0.001997
-0.002918
-0.001871
0.000148
0.001585
0.001551
-0.001971
-0.002360
0.000578
0.001171
0.001736
0.002471
0.004013
-0.000799
-0.003547
-0.002929
-0.004591
-0.001849
0.002220
0.003741
0.001794
-0.000629
-0.002277
-0.002231
0.000121
0.000585
-0.001770
-0.003094
-0.000209
0.000806
0.003015
0.006594
0.003727
0.001044
-0.002802
-0.005749
-0.005344
-0.003321
-0.000283
0.001530
0.003060
0.001746
-0.001426
-0.001319
0.001206
0.000842
0.001398
0.002108
-0.000958
-0.002301
-0.000828
-0.001200
-0.000898
0.001555
0.003829
0.005300
0.005516
0.003797
0.000508
-0.002296
-0.001530
-0.000065
-0.001077
-0.001591
0.000380
0.001242
0.002049
0.000719
-0.001383
-0.000039
0.000761
-0.001432
-0.002991
-0.001325
-0.000725
-0.000728
-0.002937
-0.001091
0.002313
0.001172
0.000232
-0.000187
-0.001680
-0.003263
-0.002161
-0.001071
-0.000406
-0.001445
-0.001186
0.001077
0.002807
0.003554
0.004096
0.002369
-0.001083
-0.003385
-0.005991
-0.005552
-0.002576
-0.001457
-0.001322
0.000871
0.002482
0.002456
0.003186
0.003260
0.000786
0.000023
-0.000057
-0.000547
0.001621
0.000466
-0.001178
0.000246
-0.000306
0.000264
-0.000280
-0.001599
-0.004305
-0.002451
0.003731
0.004226
0.001249
-0.000413
0.001775
0.001276
0.000434
-0.001946
-0.002123
-0.001301
-0.003665
-0.004574
-0.004056
-0.001378
0.000408
0.001689
0.003504
0.004506
0.004235
0.003563
-0.000317
-0.002439
0.000541
0.002548
0.002332
0.002133
0.002036
0.000084
-0.002315
-0.003701
-0.002187
0.001243
0.002241
0.001141
0.000516
0.000774
0.000910
0.002263
0.000963
-0.000461
-0.001498
-0.004001
-0.002972
-0.001999
-0.002932
-0.001864
0.000413
-0.000154
-0.001581
-0.001196
-0.001809
-0.000008
0.003387
0.002521
-0.001932
-0.003097
-0.000893
0.000376
0.001274
0.000719
0.000025
0.000707
0.000720
0.000222
0.002359
0.001431
0.001874
0.002009
-0.000154
-0.000053
0.000595
0.000499
0.000940
0.001407
0.000973
0.000674
0.000347
0.000237
-0.001412
-0.002616
-0.001035
-0.000329
-0.000247
-0.000827
-0.000643
0.001231
0.000984
-0.000214
-0.001841
-0.000423
-0.000216
-0.000943
-0.000408
0.000903
0.000840
0.001061
-0.000906
0.000005
0.003869
0.003846
0.001481
-0.000249
0.000568
-0.000513
-0.002163
-0.002051
0.001365
0.002309
0.000279
-0.002117
-0.004422
-0.004421
-0.002720
-0.000403
0.000994
-0.001766
-0.002073
0.000841
0.001459
0.000896
0.000475
0.000139
-0.000440
0.001117
0.002044
-0.000932
-0.001507
0.000637
0.000148
0.000132
0.001115
0.001575
0.001901
0.002124
0.000584
-0.001430
-0.000879
0.000744
0.002445
0.001452
0.001234
0.000156
-0.002059
-0.002434
-0.002673
-0.000948
0.000944
0.001223
-0.000640
-0.000580
0.001454
0.001939
0.001710
0.001338
0.001053
0.000048
-0.000316
-0.002427
-0.004247
-0.003197
-0.003124
-0.001835
0.000401
0.002025
0.002474
0.002380
0.001020
0.000482
0.001512
0.001851
0.000627
-0.002365
-0.003931
-0.002857
-0.000971
0.001336
0.001851
0.000321
0.001724
0.001061
0.000190
0.000666
0.000805
0.000650
0.001063
-0.000120
-0.004674
-0.004223
-0.001578
0.000355
0.002218
0.002199
0.000421
0.001153
0.002130
0.001046
0.001202
0.001368
0.000255
-0.002266
-0.003882
-0.001866
0.002331
0.004034
0.002463
0.000874
-0.000204
-0.002497
-0.003011
-0.001368
-0.000744
-0.001686
-0.001040
-0.000832
-0.002207
-0.001980
-0.001331
-0.000391
-0.001249
-0.002092
-0.000966
0.001666
0.003521
0.001601
0.000430
0.000923
0.001659
0.001212
-0.000403
-0.001086
-0.001508
-0.002959
-0.003766
-0.003334
-0.001841
-0.001617
-0.001819
0.000304
0.001113
0.003225
0.001842
-0.000230
0.000465
0.001550
0.001895
0.001405
0.000961
0.000621
0.001134
0.001228
0.001364
0.002029
0.004031
0.002990
-0.000588
-0.000729
0.001569
0.002511
0.001838
-0.000091
-0.002062
-0.000932
0.000616
-0.000266
-0.001668
-0.002047
-0.001241
-0.000366
-0.001317
-0.002674
-0.002107
-0.001880
-0.003214
-0.003561
-0.000819
0.000584
0.000093
0.000798
0.000872
0.001169
0.001739
0.001684
0.000415
0.000901
0.001824
0.000030
0.000292
0.000814
-0.000032
-0.001285
-0.001599
-0.002825
-0.001399
0.000709
-0.001307
-0.002665
-0.001747
0.001773
0.003741
0.001000
-0.000448
-0.001194
-0.001387
-0.000350
0.000206
0.000346
-0.000164
-0.000067
-0.000028
0.000880
0.001165
0.001920
0.002075
0.001649
0.001493
0.000667
-0.001061
-0.001434
0.000625
0.001954
0.003357
0.004814
0.004697
0.003069
0.001855
-0.001474
-0.002330
-0.001267
-0.003902
-0.004460
-0.002140
-0.000831
0.001512
0.002693
0.001282
-0.000650
-0.001636
-0.001903
-0.001618
-0.001663
-0.001351
0.000760
0.001294
-0.000119
-0.000520
0.000931
0.001200
0.001176
0.000272
-0.001333
0.000386
0.000757
0.001558
0.002773
0.002105
0.000780
-0.000869
-0.001633
-0.001352
0.000648
0.000229
-0.001379
-0.001034
-0.001876
-0.002793
-0.001518
-0.000823
0.000469
0.001964
0.001056
0.000394
-0.000070
-0.000652
-0.000385
-0.000186
0.000089
0.000463
0.000319
0.000677
0.000397
-0.000678
0.000239
0.001173
0.001177
0.000338
-0.000925
-0.001097
-0.000456
-0.000665
-0.000067
0.001033
0.001585
0.001280
0.000666
0.000245
-0.000134
0.000400
0.000878
0.000915
0.000544
-0.000512
-0.001648
-0.001205
0.000213
0.000364
-0.000028
-0.000309
-0.000890
-0.000843
-0.001421
-0.001330
-0.000467
0.000624
0.001475
0.000900
0.000110
-0.000136
0.000720
0.000336
-0.000740
-0.000967
-0.001002
-0.000957
-0.000187
0.000112
-0.000510
0.000004
-0.000147
-0.000443
-0.000312
-0.000456
0.000155
-0.000489
-0.001321
-0.000605
-0.000227
0.000587
