-0.000040
-0.000010
0.000051
0.000069
0.000048
0.000039
0.000049
0.000089
0.000151
0.000188
0.000203
0.000223
0.000238
0.000227
0.000117
-0.000094
-0.000327
-0.000478
-0.000596
-0.000747
-0.000769
-0.000643
-0.000490
-0.000463
-0.000545
-0.000501
-0.000346
-0.000222
-0.000098
0.000072
0.000235
0.000308
0.000325
0.000361
0.000399
0.000400
0.000443
0.000558
0.000720
0.000778
0.000668
0.000549
0.000451
0.000386
0.000351
0.000340
0.000314
0.000279
0.000258
0.000277
0.000381
0.000389
0.000425
0.000638
0.000763
0.000782
0.000797
0.000728
0.000652
0.000733
0.000652
0.000457
0.000416
0.000366
0.000224
0.000150
-0.000027
-0.000350
-0.000336
-0.000373
-0.000509
-0.000323
-0.000234
-0.000225
-0.000110
-0.000119
-0.000025
0.000164
0.000191
0.000127
0.000061
0.000028
0.000152
0.000263
0.000294
0.000748
0.000797
0.000162
0.000045
0.000022
-0.000175
-0.000431
-0.000423
0.000286
0.000468
-0.000128
-0.000166
0.000581
0.000196
-0.001031
-0.000606
0.000271
-0.000215
-0.000324
0.000087
0.000543
0.000528
-0.000573
-0.000677
0.000313
-0.000014
-0.000856
0.000809
0.001996
0.000755
0.000497
0.001468
0.001836
0.000596
-0.000496
-0.001802
-0.002718
-0.001000
0.000394
0.001755
0.001345
0.001390
0.001685
-0.000653
-0.001780
-0.002943
-0.003565
-0.003901
-0.004417
-0.002758
0.000902
0.001509
0.000652
0.004723
0.008320
0.006498
0.001988
-0.001725
-0.006731
-0.008046
-0.002506
0.001790
0.002733
0.001116
-0.000202
0.002904
0.007697
0.002337
-0.004250
-0.003820
-0.005368
-0.004486
-0.003325
-0.003046
0.005096
0.012988
0.012050
0.010157
0.006590
-0.001194
-0.003093
0.002503
0.003763
-0.003193
-0.002145
0.004545
0.004443
0.001765
0.001619
0.005831
0.001981
-0.006149
-0.004016
-0.002722
-0.004087
0.000956
0.007865
0.011585
0.007965
0.001519
-0.001924
-0.004886
-0.009647
-0.008310
0.000067
-0.001461
-0.004411
-0.002786
-0.002550
0.001638
-0.000009
-0.007448
-0.012156
-0.017326
-0.019658
-0.015132
-0.004086
0.008762
0.011131
0.003599
0.004664
0.013040
0.011433
0.005274
0.002568
0.000495
-0.001611
-0.003070
0.000121
0.004009
0.001333
0.000150
0.008376
0.012664
0.002302
-0.012573
-0.013268
0.003821
0.020160
0.023155
0.021091
0.015596
0.001341
-0.007834
-0.009755
-0.015177
-0.019734
-0.013748
0.000273
0.011413
0.013690
0.005885
-0.003363
-0.005957
-0.011237
-0.018225
-0.013039
-0.008714
-0.011902
-0.005774
0.014096
0.023820
0.016794
0.019071
0.020402
0.011627
0.008413
0.004371
-0.002581
-0.012496
-0.019692
-0.010264
-0.001990
-0.003010
-0.004669
0.000434
0.009610
0.009235
-0.002724
-0.009587
-0.000514
-0.001882
-0.012333
-0.008056
-0.000386
0.000664
0.000044
-0.000191
0.000916
-0.005173
-0.018846
-0.016319
-0.011882
-0.019173
-0.012196
-0.005763
-0.011461
-0.014663
-0.015427
-0.011485
-0.012921
-0.013744
-0.001302
0.006142
0.005421
0.006577
0.017203
0.018296
-0.007709
-0.024637
-0.012071
-0.001680
-0.001497
0.010863
0.016802
0.006227
-0.000396
0.001332
0.003251
-0.001835
0.001589
0.015761
0.029452
0.037986
0.039328
0.037203
0.023824
0.005597
-0.000407
0.004616
0.016043
0.022501
0.013249
0.003484
-0.000441
-0.000885
0.006029
0.012621
0.022938
0.022799
0.002277
-0.005452
0.003975
0.004223
-0.004435
-0.009435
-0.016944
-0.019804
-0.019106
-0.021903
-0.014985
-0.008946
-0.008877
0.000877
0.005170
-0.012010
-0.035803
-0.047577
-0.047238
-0.033546
0.006242
0.035536
0.036344
0.033961
0.028429
0.015462
-0.003549
-0.021344
-0.022414
-0.016959
-0.021598
-0.016321
-0.002097
0.007643
0.005153
-0.007141
-0.012392
-0.011495
-0.018153
-0.030531
-0.022890
-0.000500
0.009529
0.009755
0.014449
0.015685
0.009078
0.005919
-0.003427
-0.023113
-0.034351
-0.030889
-0.018230
0.000642
0.018776
0.020316
0.006796
0.001649
0.006264
0.007029
0.005930
0.005584
0.011796
0.023527
0.029861
0.029290
0.022216
0.015542
0.003082
-0.001611
0.016207
0.017828
-0.005880
-0.016463
-0.000234
0.018839
0.018948
0.002681
-0.005056
-0.006549
-0.008752
0.006770
0.024624
0.023695
0.015721
0.012675
0.005908
-0.010675
-0.032764
-0.044869
-0.027656
0.003972
0.018663
0.019977
0.019324
0.014111
0.001799
-0.013502
-0.011933
0.001748
-0.000722
-0.006108
0.005704
0.012663
0.007251
0.011828
0.021400
0.020688
0.011877
-0.004773
-0.019673
-0.027302
-0.023778
-0.008960
-0.005029
-0.005378
0.010409
0.026999
0.033662
0.033780
0.021775
0.008708
0.007233
0.011269
0.010551
0.000951
-0.008246
-0.007656
0.001319
0.017492
0.035188
0.041928
0.031807
0.012087
0.001186
-0.005428
-0.027454
-0.053180
-0.049338
-0.024580
-0.005194
0.009202
0.018138
0.019314
0.012395
-0.002199
-0.016628
-0.016407
-0.005317
0.003077
0.014057
0.021083
0.006909
-0.010338
-0.014324
-0.011882
-0.005390
-0.003822
0.004437
0.012719
0.001815
-0.008215
-0.007524
-0.005754
-0.003985
0.003389
0.006566
0.003963
-0.008498
-0.028946
-0.035694
-0.033622
-0.035521
-0.042659
-0.046893
-0.036671
-0.018963
-0.011655
-0.014785
-0.013200
-0.008857
-0.010463
-0.022984
-0.040543
-0.057546
-0.072734
-0.068366
-0.051422
-0.039644
-0.026062
-0.014746
-0.021267
-0.030490
-0.027542
-0.028753
-0.042733
-0.051363
-0.039009
-0.027299
-0.030134
-0.038711
-0.043812
-0.035763
-0.024349
-0.021311
-0.025580
-0.021721
0.009097
0.039199
0.042419
0.049023
0.066483
0.079577
0.082149
0.076286
0.074082
0.052422
0.010731
-0.001959
0.031211
0.075086
0.090333
0.087219
0.078516
0.053116
0.017778
0.006797
0.015540
0.007544
-0.001457
-0.001675
-0.002321
0.000915
0.011556
0.030217
0.040729
0.043235
0.045540
0.037214
0.024173
0.010369
-0.004593
-0.016836
-0.025893
-0.029932
-0.024381
-0.031890
-0.071570
-0.098908
-0.089150
-0.066189
-0.044729
-0.026805
-0.018540
-0.022042
-0.023352
-0.020190
-0.019512
-0.019897
-0.026006
-0.031785
-0.027402
-0.028984
-0.054758
-0.079982
-0.085423
-0.076395
-0.046150
-0.013107
0.011392
0.028023
0.030486
0.030923
0.027599
0.015463
0.004460
-0.003132
-0.012566
-0.021332
-0.008116
0.025760
0.047238
0.042363
0.024631
0.019288
0.018230
-0.000197
-0.005274
0.022910
0.055932
0.075725
0.096747
0.109421
0.105761
0.102589
0.063171
0.014101
0.022137
0.053289
0.067207
0.078139
0.099266
0.095042
0.045562
-0.007807
-0.039947
-0.060415
-0.077308
-0.086105
-0.079424
-0.064294
-0.044641
-0.026373
-0.013314
-0.013220
-0.026946
-0.028340
-0.014346
0.000795
0.013622
0.021387
0.021682
0.016641
0.020723
0.041812
0.067178
0.086889
0.097633
0.076655
0.028474
-0.011632
-0.046936
-0.074780
-0.082478
-0.075677
-0.068301
-0.073654
-0.076612
-0.065047
-0.037156
0.000728
0.018127
0.020456
0.029281
0.026931
0.018449
0.011898
-0.006508
-0.028462
-0.047846
-0.048561
-0.019734
0.016275
0.048652
0.064488
0.048965
0.006615
-0.044922
-0.079054
-0.083715
-0.067956
-0.054641
-0.046636
-0.033439
-0.023679
-0.028870
-0.051149
-0.078720
-0.088434
-0.078225
-0.063273
-0.047317
-0.023175
0.009844
0.026525
0.015887
0.010554
0.030410
0.057322
0.082991
0.102853
0.107817
0.118741
0.133787
0.127415
0.111114
0.094103
0.079691
0.083823
0.088052
0.074153
0.052076
0.029869
0.010003
-0.029296
-0.076429
-0.094873
-0.091317
-0.080894
-0.063467
-0.045184
-0.041245
-0.053274
-0.062888
-0.049643
-0.016332
0.015141
0.036827
0.044869
0.029120
0.005050
-0.001319
0.020979
0.051957
0.067952
0.064427
0.042121
0.017129
-0.001491
-0.023865
-0.052314
-0.070933
-0.074184
-0.068254
-0.067764
-0.084815
-0.096023
-0.087446
-0.069965
-0.059666
-0.055191
-0.046367
-0.044858
-0.040575
-0.024947
-0.011440
-0.008475
-0.016167
-0.027202
-0.035704
-0.020914
0.023058
0.072354
0.108430
0.132785
0.144486
0.135966
0.126930
0.126679
0.122392
0.114099
0.095373
0.066098
0.040524
0.027702
0.039439
0.060676
0.072393
0.078084
0.068499
0.039769
0.001144
-0.037284
-0.060658
-0.076313
-0.090138
-0.085857
-0.064417
-0.037064
-0.023762
-0.036317
-0.048123
-0.053747
-0.066354
-0.082171
-0.097095
-0.104128
-0.100953
-0.083235
-0.061609
-0.046082
-0.034372
-0.023883
0.000350
0.033768
0.060362
0.080492
0.085408
0.072578
0.052594
0.019658
-0.013592
-0.027139
-0.031382
-0.037083
-0.025208
0.000984
0.016237
0.023225
0.015187
-0.006775
-0.037833
-0.060991
-0.047649
-0.018690
0.001098
0.000319
-0.008806
-0.013130
-0.023199
-0.018641
0.012742
0.041004
0.037658
0.018826
0.000592
-0.010042
0.000618
0.010917
0.027870
0.052236
0.057744
0.066635
0.078644
0.078145
0.074570
0.075496
0.091697
0.101526
0.083492
0.053497
0.013425
-0.033380
-0.069141
-0.078907
-0.064897
-0.042381
-0.025894
-0.030551
-0.052498
-0.074337
-0.081969
-0.062920
-0.031014
-0.004072
0.020068
0.040253
0.067318
0.096892
0.111101
0.114436
0.102280
0.065930
0.024491
0.003952
0.003584
-0.003055
-0.024014
-0.042343
-0.053625
-0.067885
-0.083812
-0.075971
-0.042568
-0.014214
-0.000840
-0.002897
-0.020560
-0.043559
-0.069653
-0.087994
-0.090337
-0.089130
-0.076840
-0.053717
-0.036698
-0.026408
-0.020306
-0.007112
0.015572
0.038163
0.060729
0.083509
0.086369
0.060507
0.031908
0.011223
0.003882
0.016278
0.039789
0.064798
0.072646
0.050049
0.020863
0.006967
0.005888
0.010769
0.013126
0.008166
-0.000116
-0.001351
-0.009027
-0.014145
-0.003032
0.004630
0.010690
0.016610
0.014954
0.011219
0.013372
0.026317
0.043320
0.048501
0.035962
0.014311
-0.000600
-0.003995
0.002172
0.008784
0.013734
0.020905
0.015478
-0.000858
-0.022245
-0.043224
-0.051765
-0.043838
-0.020256
0.010135
0.040688
0.053936
0.040468
0.014294
-0.014260
-0.036131
-0.048405
-0.047911
-0.031840
-0.009339
0.011410
0.018917
0.020173
0.024229
0.016009
-0.010236
-0.029785
-0.038045
-0.042153
-0.025895
-0.004740
0.008674
0.015086
0.002262
-0.015165
-0.021824
-0.022051
-0.016531
-0.001147
0.023735
0.042854
0.038314
0.010042
-0.028559
-0.065149
-0.094524
-0.106065
-0.091222
-0.050335
-0.000833
0.039724
0.076946
0.098226
0.098779
0.083401
0.050842
0.014421
-0.007303
-0.013648
-0.011075
-0.000050
0.001147
-0.007094
-0.005130
0.002846
0.008226
0.015991
0.030532
0.040160
0.031455
0.026289
0.035706
0.045981
0.046778
0.032649
0.019768
0.030147
0.056920
0.068143
0.074364
0.082024
0.069393
0.040786
0.016985
0.011870
0.015200
0.012016
-0.001798
-0.019263
-0.047370
-0.080070
-0.091720
-0.087507
-0.075876
-0.062079
-0.049170
-0.031467
-0.015243
-0.002291
0.003936
0.007951
0.007378
-0.006223
-0.018430
-0.022554
-0.016028
-0.011219
-0.024421
-0.037074
-0.044972
-0.059372
-0.060996
-0.046095
-0.033559
-0.028472
-0.023612
-0.012476
-0.002201
0.003197
0.009559
0.016200
0.021774
0.022156
0.011305
-0.001982
-0.003981
0.006736
0.017372
0.022467
0.034035
0.040421
0.029149
0.027261
0.034829
0.031583
0.042466
0.072656
0.088302
0.083116
0.076333
0.083992
0.095071
0.096928
0.093222
0.083205
0.060875
0.033967
0.013051
-0.010094
-0.043050
-0.071594
-0.084240
-0.083650
-0.075390
-0.067783
-0.054167
-0.041657
-0.036990
-0.033248
-0.034345
-0.043509
-0.062344
-0.070333
-0.047713
-0.017703
-0.000945
0.001045
-0.011457
-0.038040
-0.076719
-0.110225
-0.131325
-0.144711
-0.149739
-0.153530
-0.144501
-0.124009
-0.112274
-0.084852
-0.050635
-0.037389
-0.038537
-0.034620
-0.019747
-0.005970
0.014087
0.032965
0.041052
0.036647
0.017759
0.010432
0.026497
0.037078
0.021726
-0.015222
-0.038642
-0.013085
0.045354
0.099673
0.121517
0.107475
0.090023
0.075504
0.047353
0.013833
-0.013096
-0.027846
-0.031797
-0.019156
0.006209
0.018134
0.009514
-0.002683
-0.013125
-0.026293
-0.025261
-0.005120
0.007936
0.006227
0.005643
0.004375
-0.007828
-0.025561
-0.046396
-0.080560
-0.109998
-0.112123
-0.089902
-0.046783
0.006760
0.045062
0.040330
-0.007573
-0.071033
-0.103319
-0.092218
-0.057173
-0.006855
0.042362
0.084495
0.097402
0.060338
0.013879
-0.006493
-0.021105
-0.036721
-0.015933
0.040653
0.084895
0.093582
0.083518
0.071422
0.050057
0.017148
-0.016784
-0.041878
-0.056184
-0.065375
-0.050886
-0.007289
0.046337
0.092260
0.105348
0.086078
0.060072
0.041905
0.023377
-0.003277
-0.025751
-0.032044
-0.022951
-0.001271
0.019308
0.029724
0.034085
0.038140
0.038578
0.030789
0.024197
0.021940
0.009370
-0.016478
-0.034236
-0.036601
-0.030391
-0.029400
-0.041173
-0.055434
-0.060754
-0.059284
-0.055985
-0.032927
0.004567
0.021696
0.020824
0.013917
0.002078
-0.003974
0.005386
0.023443
0.026927
0.006535
-0.023312
-0.040235
-0.040786
-0.041725
-0.046601
-0.044850
-0.029789
-0.014307
-0.013487
-0.018985
-0.028601
-0.022938
0.005674
0.024270
0.036133
0.059683
0.067240
0.044284
0.023241
-0.001592
-0.032151
-0.032705
-0.009506
0.013986
0.035364
0.052624
0.056255
0.040806
0.012317
-0.011801
-0.020182
-0.013147
0.004697
0.021238
0.027666
0.017247
0.002897
-0.003378
-0.019198
-0.051956
-0.085435
-0.102040
-0.089407
-0.054328
-0.027233
-0.006292
0.015823
0.031555
0.048117
0.064254
0.055131
0.023549
0.000802
-0.019396
-0.037057
-0.044588
-0.047535
-0.048472
-0.046775
-0.035588
-0.011962
0.021526
0.040724
0.037609
0.023859
0.000914
-0.025508
-0.044279
-0.043708
-0.022299
0.009268
0.046434
0.084293
0.102336
0.090171
0.059958
0.022725
-0.011357
-0.027410
-0.028118
-0.020135
-0.002288
0.017360
0.024344
0.025496
0.031662
0.035605
0.037119
0.038526
0.041832
0.057600
0.075215
0.079100
0.072980
0.069015
0.064719
0.042526
0.018099
-0.000860
-0.017460
-0.029021
-0.045294
-0.060325
-0.061341
-0.059021
-0.058994
-0.057482
-0.056736
-0.060310
-0.072359
-0.078500
-0.075093
-0.051396
-0.005833
0.026604
0.040104
0.051990
0.054368
0.046552
0.037184
0.028935
0.029270
0.036821
0.053870
0.069360
0.071346
0.063675
0.049393
0.036751
0.028704
0.019852
0.006330
-0.005681
-0.008381
0.007811
0.031205
0.034474
0.030863
0.021659
-0.011484
-0.059844
-0.099857
-0.108488
-0.088869
-0.069524
-0.045888
-0.006154
0.033187
0.069462
0.086541
0.078016
0.061083
0.042883
0.030683
0.029058
0.034712
0.032867
0.023413
0.021421
0.027217
0.046002
0.061057
0.053132
0.036632
0.012889
-0.018876
-0.050508
-0.065997
-0.056837
-0.049261
-0.044003
-0.032126
-0.021062
-0.009104
-0.004795
0.001940
0.013398
0.012888
0.012829
0.022319
0.024912
0.014761
0.000804
-0.012832
-0.026257
-0.031951
-0.026597
-0.002371
0.041706
0.083015
0.120272
0.141799
0.130829
0.101404
0.074640
0.064083
0.060172
0.054373
0.048197
0.038195
0.018798
-0.007804
-0.032336
-0.053950
-0.070627
-0.074714
-0.065869
-0.043871
-0.013038
0.017316
0.039532
0.059547
0.073371
0.071981
0.053702
0.022382
0.000500
-0.019856
-0.044886
-0.065498
-0.075645
-0.072248
-0.073134
-0.081817
-0.087682
-0.087860
-0.084396
-0.081156
-0.082570
-0.080788
-0.070740
-0.060223
-0.055158
-0.052399
-0.048389
-0.051392
-0.065761
-0.087976
-0.112172
-0.131227
-0.146711
-0.151573
-0.139946
-0.121882
-0.095949
-0.072054
-0.057603
-0.048071
-0.057336
-0.080260
-0.082104
-0.057230
-0.027695
0.004636
0.039661
0.069116
0.093701
0.111622
0.117635
0.114301
0.098652
0.075369
0.058360
0.039085
0.024568
0.016027
0.005638
-0.002557
-0.006737
-0.003219
0.005026
0.018276
0.031569
0.043141
0.053572
0.051500
0.031832
0.007820
-0.004108
-0.001018
0.010445
0.023800
0.033213
0.037875
0.044876
0.059877
0.076522
0.092169
0.108132
0.110523
0.095074
0.080251
0.069514
0.057849
0.040505
0.013939
-0.003766
-0.003504
0.007268
0.015081
0.013505
0.011437
0.003905
-0.013019
-0.033245
-0.053218
-0.059255
-0.049294
-0.037550
-0.029783
-0.023220
-0.016576
-0.017172
-0.025904
-0.036551
-0.045679
-0.045146
-0.042040
-0.040872
-0.025532
-0.003015
0.016293
0.035472
0.056096
0.070462
0.066359
0.051212
0.037150
0.025061
0.012236
-0.002013
-0.015041
-0.019966
-0.014857
-0.000688
0.014484
0.020581
0.017623
0.009716
-0.006670
-0.031756
-0.043257
-0.035107
-0.028088
-0.025768
-0.019471
-0.013916
-0.007057
0.005446
0.008416
0.005680
0.008152
0.009383
0.007624
0.001530
-0.007758
-0.013553
-0.016100
-0.019144
-0.021722
-0.019509
-0.002790
0.027737
0.063210
0.086848
0.104066
0.124984
0.127553
0.108849
0.088202
0.084184
0.093833
0.088522
0.066940
0.047546
0.028165
0.003207
-0.021949
-0.031475
-0.032128
-0.042228
-0.048718
-0.045024
-0.048802
-0.067966
-0.094577
-0.102398
-0.085402
-0.068339
-0.055819
-0.045442
-0.040781
-0.038442
-0.036794
-0.028349
-0.017999
-0.023397
-0.035806
-0.049164
-0.068180
-0.084650
-0.093464
-0.101544
-0.104736
-0.096272
-0.082840
-0.072967
-0.063885
-0.052282
-0.041919
-0.035786
-0.028707
-0.004048
0.028597
0.056478
0.074178
0.079972
0.081415
0.070770
0.062215
0.062547
0.051554
0.032652
0.015891
0.006952
0.003963
0.003857
0.008699
0.018656
0.013748
-0.027667
-0.072501
-0.088296
-0.077855
-0.049443
-0.009336
0.037521
0.074644
0.094363
0.095444
0.082041
0.072330
0.065884
0.063142
0.069200
0.079487
0.089859
0.100125
0.105350
0.094988
0.078919
0.064643
0.057192
0.057756
0.058241
0.058408
0.053327
0.047392
0.039326
0.027558
0.022573
0.020838
0.016902
0.008435
-0.002782
-0.015121
-0.027321
-0.043787
-0.064506
-0.079006
-0.085396
-0.087705
-0.087974
-0.087975
-0.083924
-0.077065
-0.075005
-0.066520
-0.057576
-0.059497
-0.064917
-0.075693
-0.084974
-0.092789
-0.106308
-0.106794
-0.098099
-0.097702
-0.105783
-0.119864
-0.118966
-0.099171
-0.076669
-0.051862
-0.024467
-0.001149
0.019262
0.032508
0.036187
0.052831
0.077585
0.090346
0.092784
0.084746
0.066560
0.043373
0.029572
0.030454
0.033769
0.041195
0.047546
0.053277
0.058788
0.051294
0.043368
0.050252
0.069551
0.078175
0.068927
0.053318
0.038366
0.023696
0.012145
0.025185
0.051465
0.071792
0.075698
0.058358
0.038925
0.016898
-0.009000
-0.030427
-0.035629
-0.021906
-0.007946
-0.003483
-0.002647
-0.010540
-0.028835
-0.048826
-0.071843
-0.087219
-0.086191
-0.081205
-0.083196
-0.079546
-0.057907
-0.032787
-0.021839
-0.020384
-0.017699
-0.016056
-0.016733
-0.021787
-0.026759
-0.029594
-0.035181
-0.041565
-0.047878
-0.051499
-0.043267
-0.025514
-0.023364
-0.027794
-0.019941
-0.013072
-0.010303
0.003092
0.021432
0.033269
0.044741
0.050489
0.059400
0.076871
0.087952
0.089466
0.089949
0.092710
0.094379
0.100591
0.096175
0.085732
0.086724
0.081374
0.066111
0.051287
0.039602
0.034545
0.034017
0.036195
0.045517
0.048349
0.037885
0.025307
0.005829
-0.015945
-0.029386
-0.046927
-0.069589
-0.090375
-0.113476
-0.131681
-0.136131
-0.141447
-0.141772
-0.119517
-0.087912
-0.059285
-0.032260
-0.018195
-0.018725
-0.019483
-0.027290
-0.041769
-0.050197
-0.040278
-0.020911
-0.017153
-0.006420
0.010245
0.011143
0.013841
0.006602
-0.007668
-0.007268
0.000591
0.011032
0.029884
0.052035
0.063960
0.065098
0.056361
0.048721
0.046740
0.041243
0.032554
0.029314
0.033847
0.037190
0.041202
0.040394
0.036353
0.036687
0.024686
0.002194
-0.004667
-0.003152
-0.007905
-0.016928
-0.023685
-0.013688
0.006232
0.026756
0.033988
0.025750
0.015002
-0.008997
-0.044936
-0.067658
-0.081705
-0.095722
-0.101383
-0.098661
-0.088807
-0.080906
-0.077117
-0.083772
-0.093205
-0.090366
-0.077263
-0.050873
-0.018584
-0.001519
-0.002508
-0.009744
-0.023147
-0.038757
-0.055335
-0.071859
-0.072990
-0.054931
-0.023510
0.006530
0.020348
0.017885
0.002888
-0.007715
-0.010784
-0.000615
0.031546
0.063741
0.077407
0.077075
0.081869
0.084491
0.071420
0.058240
0.051660
0.041261
0.022034
0.005541
0.009603
0.029485
0.044706
0.053977
0.069643
0.087106
0.094003
0.093775
0.099357
0.105969
0.103252
0.098996
0.095761
0.082841
0.056355
0.024480
-0.000303
-0.020652
-0.043378
-0.051708
-0.046042
-0.049236
-0.057550
-0.058993
-0.045384
-0.017892
0.001797
0.006242
-0.000727
-0.017014
-0.031615
-0.037124
-0.043549
-0.050521
-0.045900
-0.030427
-0.012738
-0.004130
-0.009787
-0.016992
-0.018013
-0.021474
-0.023278
-0.017916
-0.016061
-0.018454
-0.011893
0.006014
0.019415
0.018216
0.012399
0.002038
-0.010490
-0.020103
-0.028553
-0.033769
-0.034906
-0.031921
-0.023148
-0.014855
-0.013965
-0.010097
-0.006889
-0.012672
-0.022906
-0.031939
-0.040236
-0.053645
-0.061706
-0.062497
-0.069426
-0.083360
-0.098208
-0.103638
-0.104336
-0.096083
-0.068433
-0.033399
0.005062
0.030221
0.028873
0.021394
0.011987
0.001574
-0.004097
-0.004917
0.005678
0.017972
0.026444
0.039298
0.063463
0.087202
0.095674
0.099056
0.101663
0.098692
0.091967
0.078924
0.068541
0.068907
0.066729
0.071371
0.088360
0.097070
0.088841
0.075408
0.053767
0.034505
0.031152
0.019651
0.008479
0.006811
-0.001026
-0.011069
-0.013237
-0.010557
-0.003115
0.004876
0.011144
0.018923
0.021452
0.017054
0.006631
0.000936
-0.002626
-0.013881
-0.020986
-0.029489
-0.042492
-0.055061
-0.070318
-0.080496
-0.077556
-0.064972
-0.047400
-0.028324
-0.010132
0.003768
0.010499
0.020561
0.028966
0.027713
0.018625
0.010079
0.005183
-0.000299
-0.000799
0.004759
0.013159
0.015805
0.013928
0.004734
-0.007904
-0.007838
-0.003398
0.002697
0.013455
0.024662
0.033497
0.040310
0.052341
0.069801
0.084588
0.090162
0.076650
0.048676
0.024782
0.002735
-0.017925
-0.028150
-0.029342
-0.030432
-0.033291
-0.035533
-0.035114
-0.030165
-0.027794
-0.027476
-0.023191
-0.017028
-0.010693
-0.010356
-0.020515
-0.033575
-0.044681
-0.053765
-0.062069
-0.058205
-0.041969
-0.028362
-0.015859
-0.007871
-0.011248
-0.020213
-0.036301
-0.059609
-0.070117
-0.065200
-0.054756
-0.037572
-0.023840
-0.015801
-0.003217
0.010057
0.016558
0.013927
0.007406
-0.002046
-0.012514
-0.019459
-0.026192
-0.032720
-0.035752
-0.034697
-0.045338
-0.055973
-0.041275
-0.014786
0.011039
0.049361
0.083622
0.091929
0.115146
0.141462
0.142410
0.130172
0.091471
0.048257
0.031468
0.025264
0.026680
0.048267
0.066800
0.056985
0.025066
-0.015012
-0.045039
-0.049287
-0.047959
-0.049377
-0.038602
-0.023916
-0.011760
0.000028
0.013570
0.033187
0.051497
0.060405
0.063355
0.055281
0.037742
0.013946
-0.018926
-0.043722
-0.048320
-0.041404
-0.049780
-0.075854
-0.096995
-0.112029
-0.115810
-0.099261
-0.065554
-0.020578
0.028274
0.066262
0.091359
0.106869
0.098759
0.064991
0.015010
-0.035255
-0.068315
-0.079548
-0.072778
-0.059803
-0.046321
-0.032828
-0.025205
-0.019775
-0.005137
0.017846
0.040929
0.054080
0.059652
0.065983
0.071741
0.078989
0.078130
0.058691
0.034390
0.009682
-0.017227
-0.032526
-0.029594
-0.018644
-0.004985
0.018169
0.025069
-0.015485
-0.071016
-0.114607
-0.143013
-0.146804
-0.129568
-0.098262
-0.059492
-0.015031
0.029052
0.060496
0.074723
0.070760
0.056256
0.044848
0.035625
0.030831
0.020256
-0.002057
-0.020721
-0.034071
-0.043118
-0.043139
-0.027471
-0.004726
0.005978
0.016869
0.035760
0.046048
0.048832
0.049782
0.056297
0.059232
0.044870
0.033104
0.028867
0.016353
-0.001653
-0.019566
-0.021653
-0.008228
-0.003391
0.001148
0.007494
0.002416
-0.003338
-0.002619
0.004906
0.017033
0.022864
0.029401
0.046885
0.066390
0.087371
0.110332
0.119209
0.110590
0.089622
0.061346
0.037765
0.023770
0.016812
0.026472
0.045060
0.057705
0.067017
0.054508
0.020947
-0.006129
-0.019895
-0.020745
-0.010940
0.004021
0.023966
0.047421
0.058824
0.055129
0.054930
0.057709
0.049228
0.038012
0.033772
0.027055
0.016902
0.002013
-0.018619
-0.033270
-0.037284
-0.037346
-0.030347
-0.020951
-0.015113
-0.005606
-0.000268
-0.007645
-0.022615
-0.041584
-0.055645
-0.063587
-0.073355
-0.075162
-0.077942
-0.087345
-0.100572
-0.120530
-0.129635
-0.130296
-0.131428
-0.125796
-0.109266
-0.090281
-0.079898
-0.071925
-0.061895
-0.053093
-0.047409
-0.044698
-0.032381
-0.013616
-0.009906
-0.012404
-0.012167
-0.019460
-0.026010
-0.024793
-0.010370
0.013015
0.020645
0.022642
0.022646
0.003873
-0.021062
-0.042148
-0.049348
-0.035415
-0.010929
0.023349
0.064171
0.096422
0.114317
0.123013
0.124987
0.112642
0.087151
0.053350
0.025154
0.008573
-0.004807
-0.007471
-0.012432
-0.019429
-0.016728
-0.014593
-0.003025
0.024483
0.059661
0.092023
0.111934
0.110814
0.102365
0.099554
0.076923
0.038531
0.010344
-0.005030
-0.023156
-0.040435
-0.043530
-0.044442
-0.046041
-0.042341
-0.042477
-0.046998
-0.050442
-0.048665
-0.034944
-0.016074
0.009463
0.035853
0.056751
0.074807
0.079698
0.071072
0.063040
0.057051
0.052929
0.053137
0.059590
0.067933
0.067821
0.065255
0.052281
0.035670
0.034820
0.032056
0.016018
0.001865
-0.010956
-0.030676
-0.046049
-0.049639
-0.058289
-0.061515
-0.043827
-0.029313
-0.024010
-0.025608
-0.031221
-0.031764
-0.027334
-0.022130
-0.017863
-0.014166
-0.020360
-0.041218
-0.061964
-0.081444
-0.102807
-0.114714
-0.113339
-0.100578
-0.084837
-0.072221
-0.066356
-0.075580
-0.086519
-0.089553
-0.094898
-0.103915
-0.110868
-0.108345
-0.098493
-0.080832
-0.068016
-0.068483
-0.071187
-0.071283
-0.063670
-0.052069
-0.037589
-0.020434
-0.012642
-0.011616
-0.001559
0.016572
0.037287
0.054391
0.066987
0.084927
0.099094
0.098753
0.090127
0.069158
0.044088
0.035141
0.041381
0.055633
0.076791
0.101776
0.117850
0.123248
0.111556
0.085698
0.062546
0.041327
0.022345
0.009656
0.007352
0.018120
0.023605
0.013151
0.006550
0.000800
-0.006817
-0.009813
-0.017148
-0.024840
-0.032379
-0.041931
-0.049004
-0.048424
-0.035771
-0.020259
-0.007653
-0.004974
-0.012512
-0.020991
-0.030166
-0.037931
-0.034548
-0.017002
0.002579
0.012659
0.011932
0.007244
-0.002490
-0.016319
-0.032458
-0.048118
-0.060820
-0.071658
-0.074819
-0.079136
-0.083218
-0.078344
-0.077150
-0.074827
-0.056289
-0.031468
-0.005725
0.015607
0.026783
0.033745
0.035838
0.039519
0.040419
0.040141
0.044676
0.038680
0.022677
0.004878
-0.016872
-0.036979
-0.051143
-0.060542
-0.058793
-0.050067
-0.044757
-0.047216
-0.059717
-0.078496
-0.089531
-0.085302
-0.067152
-0.036243
-0.010642
-0.004025
-0.008998
-0.012713
-0.015906
-0.022501
-0.022312
-0.020302
-0.022298
-0.022913
-0.028820
-0.033479
-0.035744
-0.046489
-0.049318
-0.040467
-0.029070
-0.014197
0.002217
0.017518
0.029719
0.034665
0.035034
0.031421
0.019369
0.004656
-0.007956
-0.012279
-0.011851
-0.009571
0.000606
0.017444
0.040712
0.065877
0.084860
0.101634
0.111947
0.113419
0.113993
0.115308
0.118130
0.119074
0.118723
0.123934
0.130724
0.131748
0.135359
0.132998
0.115582
0.091404
0.068461
0.052793
0.044440
0.033856
0.014837
0.009673
0.009867
-0.003735
-0.013853
-0.013687
-0.015313
-0.016004
-0.010950
-0.007911
-0.003226
-0.001040
-0.002586
-0.002333
-0.005161
-0.013569
-0.019215
-0.021466
-0.024819
-0.025010
-0.024724
-0.024742
-0.022060
-0.019633
-0.011086
0.001789
0.006486
0.013441
0.023151
0.033108
0.044266
0.045221
0.041980
0.033156
0.014539
0.002636
-0.004909
-0.010711
-0.008043
-0.002965
0.004404
0.008097
-0.000629
-0.013446
-0.017296
-0.019842
-0.030845
-0.038269
-0.037950
-0.038533
-0.041902
-0.042278
-0.031258
-0.020319
-0.020883
-0.021601
-0.017473
-0.015080
-0.018709
-0.023272
-0.019236
-0.011169
-0.008639
-0.007422
-0.002814
-0.002250
-0.008578
-0.013836
-0.015684
-0.017641
-0.018650
-0.014929
-0.003551
0.005506
0.002318
0.001251
0.002673
0.002738
0.003204
0.003979
0.009812
0.015105
0.016426
0.016887
0.015455
0.009727
0.006542
0.007956
0.014118
0.033805
0.055462
0.065948
0.072103
0.081512
0.087353
0.085205
0.089473
0.096395
0.095723
0.084278
0.067127
0.057431
0.054380
0.057444
0.062334
0.065708
0.064383
0.050553
0.029082
0.009744
-0.004585
-0.016249
-0.028617
-0.037982
-0.040393
-0.039655
-0.033418
-0.030294
-0.031313
-0.023097
-0.019251
-0.025927
-0.025256
-0.024102
-0.028759
-0.029310
-0.033178
-0.035770
-0.029753
-0.027427
-0.027072
-0.024160
-0.020101
-0.012403
-0.001245
0.012107
0.024581
0.036161
0.041127
0.033201
0.022769
0.012138
-0.005943
-0.024878
-0.039217
-0.046693
-0.046210
-0.044030
-0.044467
-0.048633
-0.048918
-0.047386
-0.051622
-0.058072
-0.062292
-0.061291
-0.055599
-0.045938
-0.048145
-0.058119
-0.060213
-0.061252
-0.061318
-0.058091
-0.054797
-0.049980
-0.045555
-0.048317
-0.047664
-0.042743
-0.036885
-0.033847
-0.034728
-0.024153
-0.013393
-0.009448
-0.007340
-0.009206
-0.010298
-0.011353
-0.012250
-0.012254
-0.018490
-0.023846
-0.018747
-0.012403
-0.007515
-0.001429
0.003374
0.008083
0.014677
0.017194
0.019920
0.027054
0.036796
0.049132
0.059229
0.070326
0.085647
0.095872
0.094770
0.094619
0.092035
0.080254
0.064248
0.042014
0.021851
0.010096
0.003134
-0.003351
-0.009975
-0.004626
0.010571
0.021794
0.031534
0.041812
0.051455
0.060305
0.068025
0.072647
0.074098
0.078965
0.081134
0.076264
0.074407
0.068020
0.055021
0.044241
0.030673
0.019655
0.018162
0.015572
0.006052
-0.004381
-0.011551
-0.013753
-0.014105
-0.014895
-0.011740
-0.007602
-0.009327
-0.011599
-0.014234
-0.019638
-0.020748
-0.016347
-0.011321
-0.011556
-0.016128
-0.020145
-0.026578
-0.035769
-0.039646
-0.040590
-0.041968
-0.040481
-0.040029
-0.036789
-0.024197
-0.012549
-0.011793
-0.012701
-0.005075
-0.000377
-0.003890
-0.002534
-0.001197
-0.003691
-0.002950
-0.001125
0.003975
0.010175
0.012166
0.017526
0.024937
0.030284
0.030712
0.022086
0.012767
0.001859
-0.008522
-0.011685
-0.013040
-0.011857
-0.011558
-0.013307
-0.012501
-0.017511
-0.024373
-0.030973
-0.038259
-0.038253
-0.038353
-0.039137
-0.038323
-0.037390
-0.034350
-0.035745
-0.038390
-0.039287
-0.043668
-0.048120
-0.048357
-0.048148
-0.048569
-0.050138
-0.054645
-0.059059
-0.067047
-0.076570
-0.078440
-0.078112
-0.077028
-0.071068
-0.063002
-0.053177
-0.047000
-0.044903
-0.034428
-0.022360
-0.018815
-0.009194
0.002073
0.008149
0.015270
0.017423
0.018707
0.019136
0.017045
0.015348
0.012431
0.021352
0.033737
0.036853
0.041450
0.046946
0.048227
0.047908
0.047352
0.047221
0.050119
0.053205
0.057403
0.062320
0.062307
0.059429
0.060931
0.062565
0.062004
0.062679
0.061349
0.057419
0.048381
0.033104
0.021282
0.014078
0.005487
0.001626
0.002359
0.003966
0.005064
0.004806
0.008258
0.007758
-0.000557
-0.002451
-0.000960
-0.003948
-0.011265
-0.022104
-0.027880
-0.033876
-0.042819
-0.039270
-0.031293
-0.026563
-0.019749
-0.013753
-0.003737
0.005424
0.007872
0.010971
0.012394
0.010761
0.006476
0.000568
0.000857
0.003603
0.003945
0.005144
0.006192
0.005569
0.003006
-0.000127
-0.000522
0.005018
0.014627
0.011861
0.007618
0.011774
0.010051
0.005139
0.002657
0.008264
0.014841
0.019008
0.022371
0.026272
0.028924
0.021339
0.018253
0.017526
0.012551
0.003247
-0.010405
-0.017070
-0.023320
-0.026944
-0.032395
-0.035085
-0.028924
-0.029798
-0.034935
-0.036211
-0.032443
-0.029752
-0.029237
-0.031373
-0.033731
-0.034441
-0.037665
-0.038803
-0.034128
-0.026847
-0.018706
-0.014855
-0.012291
-0.003382
0.003912
0.004714
0.005755
0.007638
0.007991
0.011183
0.012012
0.012505
0.017757
0.018579
0.014135
0.017044
0.021288
0.015625
0.015757
0.016275
0.004627
-0.004507
-0.006017
-0.003726
-0.003780
-0.009299
-0.015551
-0.013816
-0.009125
-0.018319
-0.028422
-0.032588
-0.037025
-0.032297
-0.033039
-0.044758
-0.045466
-0.043887
-0.048369
-0.048455
-0.049713
-0.048206
-0.038436
-0.035163
-0.034894
-0.022483
-0.014626
-0.014380
-0.004930
0.006068
0.011982
0.015466
0.020172
0.026431
0.025596
0.018893
0.020202
0.023968
0.021276
0.018908
0.014846
0.010719
0.014321
0.014412
0.007807
-0.000005
-0.001199
-0.000665
-0.005604
-0.005450
-0.006426
-0.008390
-0.004412
-0.001502
-0.003539
0.001610
0.010655
0.009192
0.010211
0.010911
0.008875
0.014942
0.018571
0.021108
0.027417
0.033530
0.040222
0.045794
0.046248
0.045745
0.048390
0.044174
0.033036
0.031984
0.036875
0.035412
0.033173
0.029075
0.025814
0.029505
0.030750
0.026322
0.020993
0.014514
0.005590
-0.000970
-0.014494
-0.032852
-0.038251
-0.039165
-0.043927
-0.047346
-0.044067
-0.040093
-0.044389
-0.051334
-0.052027
-0.047968
-0.044129
-0.041142
-0.042117
-0.041930
-0.034063
-0.025485
-0.017918
-0.007186
0.007760
0.021462
0.036367
0.042883
0.039535
0.040072
0.041474
0.042142
0.038343
0.030839
0.024807
0.024092
0.017305
-0.000579
-0.013635
-0.022840
-0.029441
-0.034916
-0.035599
-0.027985
-0.021618
-0.008452
-0.000070
-0.000885
0.004770
0.009778
0.011011
0.010365
0.005020
-0.000802
-0.000303
0.001945
0.001722
-0.001479
0.002073
0.013246
0.020513
0.025339
0.026892
0.029414
0.031562
0.031358
0.029137
0.024776
0.025199
0.027962
0.035445
0.039061
0.035058
0.035558
0.036590
0.035811
0.035037
0.031652
0.027748
0.026434
0.021683
0.012064
0.005250
0.001271
0.000647
-0.003040
-0.007730
-0.001481
0.002216
-0.003282
-0.013170
-0.027584
-0.040741
-0.049734
-0.060209
-0.069019
-0.071724
-0.079253
-0.083527
-0.080133
-0.080275
-0.083593
-0.085806
-0.083550
-0.078139
-0.069975
-0.062988
-0.057066
-0.045714
-0.036814
-0.034742
-0.025142
-0.012256
-0.004997
0.002510
0.005172
0.007422
0.014799
0.019861
0.025537
0.033089
0.040832
0.049851
0.060447
0.063556
0.061357
0.065388
0.066563
0.061220
0.061751
0.063213
0.056655
0.047758
0.034760
0.024032
0.022992
0.020656
0.018637
0.019227
0.019886
0.022925
0.023688
0.025619
0.027873
0.026859
0.027475
0.025992
0.022761
0.027768
0.031296
0.029470
0.026728
0.024889
0.025746
0.020759
0.019114
0.019333
0.014616
0.008178
0.001334
-0.003052
-0.006791
-0.006587
-0.014607
-0.024155
-0.028798
-0.038381
-0.041737
-0.050974
-0.065173
-0.070606
-0.077973
-0.084822
-0.089803
-0.090295
-0.088016
-0.093229
-0.091971
-0.084368
-0.077881
-0.071554
-0.063327
-0.050518
-0.040811
-0.031634
-0.022021
-0.014748
-0.006384
-0.002374
-0.001638
0.005147
0.010646
0.014952
0.025994
0.038611
0.050731
0.060613
0.070506
0.082572
0.088881
0.092513
0.092944
0.088592
0.086126
0.078582
0.066789
0.061930
0.059011
0.058350
0.060467
0.059876
0.062888
0.065550
0.064084
0.067886
0.072781
0.075251
0.077221
0.075278
0.070164
0.062019
0.053861
0.051014
0.048627
0.042249
0.039590
0.037641
0.032615
0.027751
0.019985
0.013873
0.007946
-0.003886
-0.009126
-0.011052
-0.019948
-0.026650
-0.031637
-0.033112
-0.035393
-0.043986
-0.047809
-0.051485
-0.057455
-0.061654
-0.066397
-0.066268
-0.065941
-0.072160
-0.072215
-0.069729
-0.068953
-0.065577
-0.066495
-0.063468
-0.055581
-0.055590
-0.056151
-0.047013
-0.038195
-0.033338
-0.028339
-0.021341
-0.009932
-0.000710
0.004658
0.010156
0.013365
0.015746
0.015256
0.011981
0.012553
0.011524
0.012159
0.011991
0.010874
0.014996
0.015216
0.010679
0.006927
0.009907
0.013224
0.013257
0.012143
0.015074
0.019983
0.016984
0.022160
0.028493
0.027125
0.023351
0.014010
0.009091
0.004696
0.001566
-0.002483
-0.007513
-0.005881
-0.008990
-0.015198
-0.017254
-0.016603
-0.014886
-0.012626
-0.013308
-0.012945
-0.008802
-0.006345
-0.005511
-0.004402
-0.002869
-0.003470
-0.006764
-0.009860
-0.009088
-0.009608
-0.016914
-0.021214
-0.022039
-0.022926
-0.018272
-0.017823
-0.020149
-0.014862
-0.013496
-0.019519
-0.017503
-0.012346
-0.012868
-0.012899
-0.013962
-0.012777
-0.004800
0.002108
0.002801
0.003117
0.006904
0.008538
0.004035
0.004193
0.012410
0.012278
0.007485
0.007819
0.008102
0.008849
0.008710
0.004188
-0.000453
0.002230
0.004272
0.002975
0.010921
0.018529
0.018806
0.019000
0.017800
0.017104
0.019085
0.019947
0.019658
0.015352
0.008846
0.009054
0.010440
0.007248
-0.002488
-0.009690
-0.009074
-0.010035
-0.012653
-0.015322
-0.012335
-0.007898
-0.005823
-0.003842
-0.005039
-0.006922
-0.010230
-0.011966
-0.017806
-0.024643
-0.025292
-0.024160
-0.018178
-0.018448
-0.020452
-0.012822
-0.003391
0.003865
0.007696
0.010275
0.014217
0.016112
0.014079
0.013579
0.015038
0.018192
0.017873
0.014373
0.017730
0.019617
0.018819
0.019643
0.019382
0.024161
0.031689
0.035200
0.036339
0.029589
0.020268
0.021319
0.020727
0.014921
0.008706
0.004078
-0.000224
-0.009946
-0.022322
-0.031673
-0.036065
-0.039051
-0.037765
-0.038029
-0.040560
-0.041829
-0.040085
-0.035736
-0.036785
-0.034716
-0.030336
-0.029798
-0.030694
-0.034394
-0.036943
-0.038677
-0.040802
-0.045627
-0.052853
-0.057360
-0.060098
-0.056484
-0.055243
-0.058961
-0.060261
-0.055557
-0.048175
-0.046222
-0.040531
-0.033647
-0.030165
-0.024339
-0.023089
-0.023592
-0.015329
-0.008968
-0.007618
-0.006952
-0.005743
-0.002857
-0.001427
0.000416
0.006448
0.014012
0.017702
0.018328
0.022002
0.030584
0.035680
0.037056
0.035778
0.034560
0.035567
0.033358
0.032969
0.034093
0.032616
0.028554
0.020414
0.013841
0.013915
0.016001
0.013578
0.012547
0.017512
0.021227
0.025034
0.032831
0.040861
0.047010
0.052688
0.053656
0.054218
0.054157
0.047991
0.048722
0.049311
0.044038
0.038730
0.032157
0.029738
0.028387
0.023407
0.020769
0.021545
0.021807
0.019567
0.014834
0.014812
0.014583
0.008940
0.005438
0.002364
-0.003346
-0.011006
-0.018561
-0.021548
-0.024626
-0.029896
-0.033651
-0.036338
-0.036601
-0.039051
-0.043606
-0.041082
-0.036899
-0.034874
-0.028655
-0.023023
-0.014807
-0.002863
-0.004106
-0.000462
0.008509
0.009217
0.015679
0.021188
0.022241
0.021497
0.019215
0.021544
0.025478
0.020781
0.019272
0.021157
0.017990
0.016796
0.012220
0.009154
0.007961
-0.000172
-0.002925
-0.002845
-0.005448
-0.006022
-0.009353
-0.010841
-0.012663
-0.018662
-0.018362
-0.016165
-0.016028
-0.012976
-0.013064
-0.011157
-0.009424
-0.013355
-0.011543
-0.009372
-0.009647
-0.007113
-0.007945
-0.005275
-0.000183
-0.003530
-0.001468
0.002905
0.000360
-0.000704
-0.004092
-0.006133
-0.006827
-0.012454
-0.010995
-0.007127
-0.006042
-0.001165
0.000429
0.002738
0.007831
0.009073
0.013400
0.017713
0.018584
0.017086
0.013595
0.014620
0.013687
0.013527
0.010663
0.005345
0.005963
0.003107
-0.003064
-0.005942
-0.001699
0.003771
0.010500
0.016350
0.019326
0.025461
0.027009
0.027259
0.030834
0.030978
0.027440
0.019010
0.009585
0.006680
0.003409
-0.008029
-0.019044
-0.019749
-0.021673
-0.029141
-0.025435
-0.019283
-0.017763
-0.016572
-0.018791
-0.016168
-0.008919
-0.003812
-0.003635
-0.005974
-0.004438
-0.003321
-0.006712
-0.007010
-0.006351
-0.010078
-0.011743
-0.016098
-0.021613
-0.019506
-0.017626
-0.020221
-0.019861
-0.017458
-0.016186
-0.009970
-0.009485
-0.014139
-0.010540
-0.009230
-0.015483
-0.015653
-0.013554
-0.015838
-0.014240
-0.015188
-0.018740
-0.018493
-0.016835
-0.019638
-0.026950
-0.025622
-0.020387
-0.017770
-0.014818
-0.012375
-0.006787
-0.000579
0.003836
0.004318
0.000540
-0.002403
-0.005609
-0.011146
-0.016061
-0.018285
-0.015872
-0.016867
-0.019541
-0.012251
-0.004598
0.002404
0.005651
0.004170
0.009863
0.013072
0.010092
0.006967
0.002750
0.000812
0.000089
-0.000576
-0.000225
-0.001987
-0.004641
-0.004248
-0.001063
0.002774
0.005857
0.004691
0.003861
0.008453
0.012025
0.008567
-0.002781
-0.011426
-0.010724
-0.010462
-0.012928
-0.014411
-0.009168
-0.002314
0.000331
0.002881
0.004071
0.005981
0.008664
0.014855
0.016526
0.013949
0.014868
0.015560
0.017370
0.014151
0.009111
0.011398
0.014631
0.016063
0.016921
0.017736
0.021460
0.019154
0.013182
0.015531
0.018022
0.017918
0.016495
0.013172
0.013266
0.013579
0.010509
0.007681
0.000060
-0.009763
-0.010441
-0.010364
-0.013860
-0.015084
-0.016030
-0.018162
-0.015207
-0.020414
-0.030163
-0.027071
-0.021939
-0.021891
-0.023325
-0.018340
-0.012427
-0.009738
-0.005828
-0.005291
-0.004243
0.001884
0.005422
0.004094
0.003694
0.004324
0.004797
0.009585
0.009874
0.008202
0.014444
0.016999
0.013604
0.016982
0.022335
0.022508
0.023148
0.019985
0.017653
0.020344
0.025100
0.030685
0.029731
0.026756
0.032058
0.037998
0.034692
0.038066
0.045051
0.044940
0.043280
0.040554
0.040183
0.040033
0.042691
0.037145
0.029545
0.032674
0.029419
0.021235
0.016998
0.017508
0.018164
0.018290
0.017707
0.019319
0.024040
0.021589
0.023421
0.030113
0.033158
0.033559
0.031180
0.032955
0.033643
0.030110
0.028329
0.025250
0.021665
0.019699
0.014945
0.009885
0.005365
0.003035
-0.001071
-0.006860
-0.011153
-0.012573
-0.013975
-0.020997
-0.026352
-0.029690
-0.029647
-0.032243
-0.035939
-0.034777
-0.037501
-0.040290
-0.038474
-0.036722
-0.034118
-0.031839
-0.032250
-0.028664
-0.024040
-0.023451
-0.020144
-0.016747
-0.015387
-0.013718
-0.012061
-0.011680
-0.011838
-0.012014
-0.016123
-0.016710
-0.014528
-0.015445
-0.014597
-0.010562
-0.007543
-0.009121
-0.011128
-0.008788
-0.007639
-0.008267
-0.006318
-0.003062
-0.000692
-0.001336
-0.002176
0.001144
0.004966
0.005336
0.008335
0.013321
0.014395
0.013660
0.011449
0.008593
0.005609
-0.001131
-0.005116
-0.004016
-0.005474
-0.008928
-0.011072
-0.011222
-0.010788
-0.013897
-0.014681
-0.012185
-0.013653
-0.016655
-0.020187
-0.019914
-0.017867
-0.019168
-0.020004
-0.019755
-0.016894
-0.014734
-0.016506
-0.016152
-0.011034
-0.001094
-0.001640
-0.003761
0.004146
0.005883
0.004736
0.006222
0.011690
0.015529
0.016998
0.018752
0.019755
0.021110
0.020785
0.023741
0.025615
0.022639
0.022974
0.018997
0.013980
0.016577
0.020035
0.020377
0.016505
0.012763
0.013729
0.013492
0.006494
0.006355
0.007552
0.002789
-0.001775
-0.009913
-0.015185
-0.016683
-0.017336
-0.025305
-0.036965
-0.036265
-0.035618
-0.040591
-0.038280
-0.034982
-0.036330
-0.034994
-0.036576
-0.038260
-0.031342
-0.026104
-0.024032
-0.019814
-0.015613
-0.011749
-0.006489
-0.006740
-0.009644
-0.005475
-0.002090
-0.004409
-0.002708
-0.000259
-0.001551
0.000194
0.002630
0.005778
0.011197
0.016264
0.019202
0.017654
0.018742
0.027172
0.032358
0.033857
0.036330
0.036980
0.038234
0.042863
0.039834
0.034905
0.033070
0.028688
0.026100
0.025509
0.023393
0.020328
0.025638
0.029334
0.026272
0.027724
0.029813
0.029956
0.024432
0.014815
0.015078
0.016944
0.013079
0.010471
0.003117
-0.003704
-0.004703
-0.008112
-0.014222
-0.022732
-0.028540
-0.027153
-0.024066
-0.023560
-0.028011
-0.029612
-0.025773
-0.023593
-0.024154
-0.024620
-0.022366
-0.022680
-0.021851
-0.023768
-0.027658
-0.027365
-0.025983
-0.019710
-0.021157
-0.026245
-0.023233
-0.021643
-0.021554
-0.021044
-0.019884
-0.012630
-0.007446
-0.010243
-0.005931
0.000348
0.000857
-0.000738
-0.005281
-0.004288
-0.002149
-0.005455
-0.007556
-0.012049
-0.017156
-0.012777
-0.006908
-0.007290
-0.008807
-0.006732
-0.004892
-0.004104
-0.005327
-0.008497
-0.009154
-0.008696
-0.007397
-0.008283
-0.011308
-0.010917
-0.010958
-0.016970
-0.017509
-0.015576
-0.020584
-0.023034
-0.025718
-0.029788
-0.026585
-0.020887
-0.020623
-0.017993
-0.013795
-0.012923
-0.006922
-0.006306
-0.011126
-0.008295
-0.004764
-0.007430
-0.005191
0.002276
0.001813
0.001531
0.000089
-0.003394
-0.000517
0.000485
-0.000307
-0.001627
-0.001596
0.000806
0.003162
0.005796
0.008408
0.011561
0.011067
0.007262
0.003840
0.004545
0.006624
0.005951
0.004321
0.005933
0.008448
0.009827
0.012139
0.014628
0.015881
0.016976
0.016680
0.016614
0.025289
0.034371
0.035352
0.033013
0.035555
0.036921
0.031289
0.031603
0.033832
0.033641
0.030995
0.025221
0.022292
0.019461
0.015835
0.014276
0.013859
0.015121
0.015977
0.013075
0.010053
0.007611
0.007289
0.003495
-0.000595
0.000671
0.000874
-0.001407
-0.005820
-0.002578
0.004407
0.001076
-0.001684
0.000653
0.002137
0.002293
0.001713
0.009293
0.015977
0.012820
0.011036
0.012447
0.012961
0.010577
0.006500
0.010500
0.014210
0.007313
0.000390
-0.004263
-0.009669
-0.015975
-0.024382
-0.022723
-0.014561
-0.018201
-0.020948
-0.015420
-0.012729
-0.009819
-0.007857
-0.006877
-0.001273
-0.002975
-0.009578
-0.011088
-0.014207
-0.018364
-0.020340
-0.020062
-0.016257
-0.015565
-0.017104
-0.015035
-0.014921
-0.018584
-0.019318
-0.018929
-0.018107
-0.016473
-0.015912
-0.014024
-0.014223
-0.015142
-0.012573
-0.008883
-0.004749
-0.003260
-0.003674
-0.000691
-0.001068
-0.003022
-0.001201
0.000162
0.004807
0.006697
0.007266
0.012239
0.015570
0.017391
0.019438
0.027319
0.036365
0.035215
0.033535
0.037660
0.037756
0.034695
0.033999
0.038443
0.040145
0.038350
0.035887
0.033814
0.032938
0.025149
0.021575
0.020827
0.017234
0.012373
0.004712
0.001440
-0.001027
-0.001747
-0.005192
-0.008352
-0.005056
-0.006342
-0.008598
-0.007700
-0.006511
-0.005428
-0.004688
-0.004126
-0.001856
0.001189
0.002702
0.005155
0.008053
0.009475
0.011160
0.010061
0.008237
0.010009
0.012712
0.013112
0.009298
0.006545
0.004934
0.003305
0.000265
-0.003758
-0.004949
-0.011037
-0.018965
-0.018351
-0.015426
-0.015483
-0.016517
-0.020445
-0.021491
-0.016806
-0.011850
-0.008249
-0.006425
-0.003518
-0.000400
0.003697
0.003459
-0.000340
0.001726
0.003136
-0.001066
-0.003587
-0.002847
-0.001867
-0.003776
-0.008121
-0.005811
-0.000044
0.001623
0.002368
0.002094
-0.000169
0.002726
0.008349
0.009922
0.008228
0.009295
0.011227
0.011469
0.009770
0.005306
0.003445
0.004146
0.009046
0.009512
0.006162
0.005781
0.007996
0.012581
0.009347
0.003073
0.003660
0.007162
0.007647
0.005359
0.004181
0.005871
0.006145
0.002904
0.000067
-0.003442
-0.006484
-0.008082
-0.012665
-0.018837
-0.023888
-0.026659
-0.029720
-0.035346
-0.038871
-0.040638
-0.038358
-0.033257
-0.032444
-0.029442
-0.025210
-0.020343
-0.016681
-0.018841
-0.015973
-0.012823
-0.010816
-0.011382
-0.017443
-0.012915
-0.007387
-0.009337
-0.008371
-0.007610
-0.002517
0.006276
0.009407
0.011456
0.013666
0.016128
0.023783
0.033390
0.037645
0.035224
0.035833
0.042054
0.047112
0.047740
0.046064
0.047716
0.048363
0.049713
0.045994
0.037599
0.034949
0.031575
0.024743
0.019390
0.018735
0.019815
0.015173
0.007524
0.006146
0.005541
0.000694
-0.003296
-0.010466
-0.018486
-0.019595
-0.021155
-0.026046
-0.030989
-0.034579
-0.037905
-0.040297
-0.043664
-0.046703
-0.044503
-0.046381
-0.053319
-0.051670
-0.047799
-0.048365
-0.046311
-0.046558
-0.045331
-0.033993
-0.024724
-0.019709
-0.013416
-0.007599
-0.000242
0.004832
0.010012
0.016807
0.017270
0.018457
0.020452
0.018482
0.022294
0.026623
0.027178
0.025217
0.023809
0.023695
0.019793
0.018554
0.019098
0.018073
0.017849
0.018340
0.015715
0.011472
0.016205
0.022836
0.020220
0.014271
0.014409
0.013513
0.004237
0.001318
-0.000466
-0.006091
-0.011673
-0.019356
-0.020910
-0.021265
-0.024502
-0.024272
-0.022931
-0.022131
-0.022248
-0.022144
-0.017808
-0.013959
-0.007613
-0.002869
-0.000151
0.007049
0.011272
0.010644
0.007793
0.012124
0.019411
0.017286
0.014194
0.015841
0.015867
0.012020
0.008054
0.009270
0.013265
0.012162
0.006874
0.008509
0.009931
0.004134
0.001404
0.001081
0.001764
-0.000288
-0.004402
-0.005202
-0.005769
-0.010778
-0.016940
-0.014864
-0.011225
-0.011955
-0.012671
-0.012935
-0.011905
-0.013242
-0.016502
-0.013082
-0.007846
-0.008288
-0.011215
-0.011879
-0.011559
-0.015791
-0.019850
-0.017423
-0.013405
-0.013651
-0.016302
-0.010395
-0.004087
-0.005990
-0.003498
0.001138
0.003518
0.007644
0.009541
0.013115
0.018237
0.015121
0.017014
0.023876
0.027135
0.029478
0.027330
0.027491
0.029617
0.026848
0.027214
0.028216
0.026328
0.023337
0.017315
0.017288
0.019086
0.016592
0.015710
0.016224
0.014283
0.011634
0.008469
0.005668
0.011242
0.017155
0.012918
0.007719
0.008410
0.005111
-0.002669
-0.004163
-0.003664
-0.003651
-0.006347
-0.011137
-0.010145
-0.010600
-0.013304
-0.017255
-0.018823
-0.016756
-0.019509
-0.024072
-0.025275
-0.022798
-0.020464
-0.020203
-0.022509
-0.023415
-0.022054
-0.020094
-0.019966
-0.020290
-0.014839
-0.013282
-0.017171
-0.013872
-0.007272
-0.003395
-0.002624
-0.003846
-0.000827
0.004329
0.009563
0.010746
0.006760
0.004188
0.002485
-0.000639
-0.003349
-0.004227
-0.004296
-0.008217
-0.013343
-0.011321
-0.007503
-0.006701
-0.005514
-0.007067
-0.009245
-0.003320
0.003214
0.003106
0.003938
0.007388
0.006540
0.007183
0.006887
0.003647
0.002551
0.002179
0.005688
0.002924
-0.002976
-0.000071
0.003729
0.004800
0.008399
0.012179
0.015075
0.016376
0.012544
0.010850
0.011965
0.011560
0.006249
-0.000400
0.001343
0.001640
-0.002461
-0.005915
-0.010669
-0.012981
-0.011769
-0.015058
-0.022635
-0.021869
-0.018790
-0.017741
-0.016915
-0.019425
-0.021946
-0.021653
-0.017484
-0.013487
-0.014646
-0.018100
-0.016976
-0.013041
-0.010474
-0.009099
-0.009592
-0.009117
-0.005122
-0.001954
-0.001708
-0.005728
-0.010429
-0.007514
-0.003319
-0.004248
-0.009594
-0.013687
-0.008967
-0.002031
0.000205
-0.004551
-0.006024
0.002498
0.008701
0.009569
0.007606
0.009937
0.012853
0.012259
0.012768
0.010447
0.008991
0.007664
0.009789
0.009544
0.005019
0.002747
-0.000750
0.001221
-0.003968
-0.013670
-0.012606
-0.010747
-0.012872
-0.015003
-0.016228
-0.015403
-0.016637
-0.021746
-0.019167
-0.014317
-0.013268
-0.012187
-0.012977
-0.013209
-0.011000
-0.006436
-0.006763
-0.011868
-0.009948
-0.006039
-0.004207
-0.004230
-0.006712
-0.006079
-0.005129
-0.006896
-0.007949
-0.006496
-0.005110
-0.008730
-0.013745
-0.013012
-0.012041
-0.009771
-0.011573
-0.018236
-0.019622
-0.020897
-0.017590
-0.018289
-0.023976
-0.019385
-0.015363
-0.019184
-0.018640
-0.013371
-0.012804
-0.011427
-0.011064
-0.011935
-0.005657
-0.000322
0.002095
0.003750
0.005070
0.008881
0.011542
0.012860
0.015258
0.017320
0.018222
0.016906
0.013484
0.016963
0.022785
0.023671
0.024043
0.025818
0.028211
0.025852
0.027683
0.032497
0.033080
0.031340
0.027356
0.027611
0.028772
0.032865
0.033384
0.031314
0.034868
0.033935
0.030347
0.028450
0.028561
0.027807
0.026122
0.023040
0.023517
0.026339
0.021789
0.022156
0.025148
0.024964
0.021061
0.015253
0.017207
0.017670
0.013582
0.013158
0.014236
0.013323
0.009877
0.005838
0.004092
0.001465
0.000819
-0.000265
-0.003450
-0.005454
-0.007159
-0.008331
-0.011047
-0.007650
-0.000186
-0.001710
-0.005167
-0.003475
-0.001068
-0.001500
-0.005546
-0.010055
-0.006116
0.001106
-0.002537
-0.003885
0.002955
0.005289
0.003861
0.003703
0.010175
0.018822
0.018852
0.019648
0.025137
0.026132
0.025101
0.024294
0.025342
0.026145
0.025048
0.019866
0.018682
0.021973
0.015619
0.015352
0.019177
0.017704
0.014960
0.008948
0.005607
0.002790
-0.001846
-0.004035
-0.005238
-0.004506
-0.004417
-0.006768
-0.007462
-0.007711
-0.003930
-0.006064
-0.010067
-0.005324
-0.004239
-0.004617
-0.002485
0.001937
0.006338
0.008108
0.006815
0.006644
0.008490
0.005099
0.006039
0.010098
0.010202
0.007730
0.002835
0.002025
0.001653
0.003824
0.003317
-0.003420
-0.003730
-0.005224
-0.013266
-0.013130
-0.009293
-0.009317
-0.013675
-0.020988
-0.022230
-0.023909
-0.024544
-0.026683
-0.033076
-0.031888
-0.029453
-0.034546
-0.034933
-0.030524
-0.029992
-0.030042
-0.033262
-0.035158
-0.027469
-0.019456
-0.016387
-0.013166
-0.008264
-0.002269
0.001869
0.004210
0.007609
0.012524
0.012822
0.009666
0.014019
0.018814
0.018327
0.018747
0.015580
0.011664
0.014654
0.017733
0.013986
0.010480
0.013268
0.013079
0.012776
0.012302
0.007420
0.004931
0.003266
0.004524
0.000369
-0.006883
-0.005250
-0.003859
-0.006753
-0.008769
-0.010183
-0.009040
-0.006382
-0.012024
-0.014354
-0.008870
-0.006091
-0.009406
-0.015273
-0.011604
-0.006811
-0.006713
-0.006780
-0.008398
-0.006908
-0.004444
-0.005653
-0.008089
-0.010959
-0.013173
-0.013027
-0.012846
-0.012466
-0.015045
-0.018764
-0.014571
-0.010865
-0.012343
-0.013391
-0.013623
-0.009948
-0.002719
-0.000089
-0.002110
-0.000272
0.004536
0.009340
0.011673
0.008004
0.005439
0.010420
0.015562
0.015991
0.011943
0.005540
0.006652
0.010518
0.009341
0.004511
-0.001159
0.000745
0.005305
0.003202
-0.004774
-0.009312
-0.007009
-0.005336
-0.006716
-0.012071
-0.013207
-0.010753
-0.012062
-0.012632
-0.014021
-0.014126
-0.014849
-0.015130
-0.015195
-0.017588
-0.017528
-0.018418
-0.014763
-0.015197
-0.019298
-0.018632
-0.017994
-0.014204
-0.014417
-0.017075
-0.018811
-0.017943
-0.015108
-0.015806
-0.014094
-0.013195
-0.009817
-0.004376
-0.007083
-0.005901
0.000403
0.004137
0.003034
0.000947
0.005397
0.008929
0.009318
0.010090
0.007755
0.004015
0.005729
0.010149
0.009209
0.007814
0.009658
0.009502
0.013946
0.015604
0.011034
0.011692
0.012544
0.009853
0.007309
0.006463
0.005075
0.001737
-0.001106
-0.002350
-0.005143
-0.004644
-0.006695
-0.012115
-0.015059
-0.018880
-0.017439
-0.020904
-0.029439
-0.028999
-0.027051
-0.030543
-0.032270
-0.031170
-0.030752
-0.028706
-0.029666
-0.032457
-0.028007
-0.024105
-0.022944
-0.021763
-0.020172
-0.014631
-0.012784
-0.012529
-0.009961
-0.007886
-0.006887
-0.010560
-0.013375
-0.007872
-0.003097
-0.003560
-0.005212
-0.000417
0.004247
0.000279
0.003907
0.011228
0.013234
0.012169
0.011246
0.015203
0.017340
0.016783
0.017924
0.021756
0.025134
0.026023
0.024969
0.023619
0.026944
0.032009
0.031676
0.029766
0.030981
0.030784
0.029654
0.029622
0.029325
0.027680
0.027515
0.026187
0.025522
0.026031
0.019280
0.017525
0.019509
0.017707
0.019038
0.017653
0.018581
0.021763
0.016648
0.016705
0.020381
0.018780
0.019104
0.018082
0.019348
0.023025
0.020135
0.022021
0.025650
0.025115
0.026036
0.026398
0.023508
0.022110
0.022590
0.016677
0.015487
0.017807
0.017394
0.016000
0.013040
0.014081
0.015455
0.012887
0.012789
0.013343
0.014135
0.014511
0.009580
0.009858
0.011289
0.008723
0.007404
0.007493
0.008078
0.009422
0.007456
0.002095
0.005887
0.010459
0.007117
0.004460
0.007254
0.007477
0.002909
0.005420
0.007776
0.006057
0.008196
0.008256
0.004784
0.005017
0.005772
0.004576
0.004546
0.004618
0.004932
0.006297
0.004405
0.001594
0.006468
0.010231
0.007616
0.003908
0.005124
0.008453
0.003312
0.003038
0.007339
0.007906
0.007961
0.003524
0.000459
0.003328
0.005208
0.003815
0.001991
0.000980
0.000449
-0.002628
-0.003997
-0.003124
-0.003908
-0.003741
-0.007255
-0.012142
-0.010772
-0.009063
-0.009528
-0.011569
-0.013785
-0.013664
-0.013628
-0.016829
-0.020276
-0.018342
-0.018705
-0.023741
-0.022852
-0.020092
-0.019766
-0.018118
-0.019569
-0.022930
-0.020316
-0.015104
-0.015556
-0.018233
-0.016707
-0.015800
-0.013440
-0.011957
-0.013712
-0.013158
-0.011599
-0.009948
-0.010688
-0.011843
-0.008923
-0.005769
-0.009214
-0.010912
-0.007535
-0.005329
-0.007896
-0.011795
-0.009310
-0.005545
-0.005162
-0.006502
-0.008015
-0.008546
-0.007362
-0.005423
-0.005494
-0.008749
-0.011045
-0.007330
-0.002566
-0.001802
-0.007513
-0.012401
-0.008262
-0.005029
-0.004453
-0.008326
-0.012597
-0.007469
-0.004109
-0.005998
-0.009371
-0.012661
-0.010532
-0.007296
-0.007120
-0.009616
-0.011550
-0.007980
-0.004373
-0.003804
-0.006615
-0.007780
-0.002678
0.001800
0.005009
0.001700
-0.004024
0.001073
0.006372
0.006041
0.000662
-0.006894
-0.003390
0.002964
0.002590
-0.002625
-0.008329
-0.005298
-0.000192
-0.001365
-0.005330
-0.007942
-0.004696
0.000793
0.002545
-0.001569
-0.005080
-0.000328
0.003519
0.003567
-0.000097
-0.005846
-0.002915
0.001589
0.001565
-0.003880
-0.010299
-0.006555
-0.002736
-0.004482
-0.010467
-0.013184
-0.009886
-0.009755
-0.008897
-0.009539
-0.008618
-0.005775
-0.005367
-0.003732
-0.004065
-0.004607
-0.005203
-0.003563
-0.003332
-0.005989
-0.006738
-0.006736
-0.003195
-0.005751
-0.010781
-0.008127
-0.006396
-0.006847
-0.006755
-0.007267
-0.005920
-0.008435
-0.014279
-0.012650
-0.010802
-0.011221
-0.010329
-0.014642
-0.018134
-0.014440
-0.013424
-0.016102
-0.015872
-0.014525
-0.013617
-0.010507
-0.010936
-0.013372
-0.014270
-0.015070
-0.013223
-0.012921
-0.012971
-0.011832
-0.015387
-0.018581
-0.017656
-0.018031
-0.018555
-0.016275
-0.017175
-0.022057
-0.022507
-0.020962
-0.017199
-0.016202
-0.019109
-0.014082
-0.007690
-0.007621
-0.004105
0.001101
0.002265
0.004847
0.006700
0.007036
0.012102
0.017988
0.015992
0.012247
0.014490
0.015582
0.010943
0.011648
0.016445
0.018236
0.016247
0.012828
0.013759
0.013250
0.011523
0.011650
0.012180
0.012994
0.013015
0.011005
0.008817
0.012720
0.017466
0.016217
0.014941
0.017809
0.019011
0.020201
0.024449
0.026544
0.028154
0.031244
0.031267
0.032510
0.035820
0.033070
0.034318
0.036780
0.034000
0.032819
0.029640
0.027550
0.027660
0.024345
0.020812
0.019333
0.018505
0.016939
0.013341
0.012642
0.012605
0.009766
0.008879
0.010743
0.013493
0.011369
0.006238
0.006448
0.007235
0.005181
0.003483
0.008770
0.015703
0.012032
0.008488
0.011827
0.012836
0.011169
0.011182
0.017305
0.025363
0.021142
0.018002
0.022018
0.021092
0.016864
0.012349
0.016882
0.022431
0.018731
0.016346
0.016047
0.013180
0.008210
0.004015
0.003969
0.006020
0.003625
-0.001081
0.003371
0.004728
-0.001083
0.000742
-0.000320
-0.002950
-0.003024
-0.008907
-0.011692
-0.012274
-0.018590
-0.021056
-0.021266
-0.023379
-0.027593
-0.034426
-0.037311
-0.039456
-0.037748
-0.040182
-0.045905
-0.043853
-0.045849
-0.047596
-0.044115
-0.043934
-0.043127
-0.041759
-0.043292
-0.040948
-0.037116
-0.033313
-0.031364
-0.028666
-0.021619
-0.019010
-0.017009
-0.011210
-0.006305
-0.001088
0.000575
0.001489
0.004268
0.004659
0.009738
0.009624
0.005427
0.010762
0.012532
0.008126
0.011286
0.015527
0.014438
0.015763
0.013275
0.008732
0.011555
0.013910
0.012417
0.011185
0.010855
0.010984
0.013457
0.013013
0.010590
0.013141
0.013619
0.013176
0.010777
0.006476
0.014725
0.016552
0.009033
0.013379
0.018035
0.017665
0.015817
0.011964
0.009877
0.011555
0.014656
0.016984
0.012300
0.011082
0.017380
0.019309
0.018417
0.017426
0.016117
0.014438
0.016338
0.014584
0.010368
0.009426
0.007298
0.006286
0.004239
0.002422
0.004352
0.001256
-0.005496
-0.003472
0.001667
0.001890
0.000359
-0.003895
-0.007882
-0.005705
-0.002073
-0.003479
-0.006487
-0.004943
-0.004221
-0.004257
-0.004414
-0.006430
-0.008319
-0.008646
-0.008001
-0.010378
-0.011888
-0.009601
-0.012377
-0.018031
-0.014382
-0.009892
-0.010188
-0.009721
-0.012668
-0.015567
-0.012400
-0.010712
-0.010523
-0.010964
-0.011551
-0.010283
-0.009398
-0.009596
-0.009539
-0.006659
-0.007085
-0.008833
-0.006227
-0.004132
-0.002402
-0.002905
-0.005352
-0.005577
-0.005761
-0.001120
0.001293
-0.003793
-0.004107
0.000367
-0.000019
-0.003033
0.000821
0.002909
0.004645
0.005539
0.002289
0.002638
0.004225
0.008706
0.008703
0.005008
0.008106
0.009188
0.004462
0.007366
0.011991
0.013242
0.013432
0.011139
0.010965
0.010514
0.011778
0.007858
0.005350
0.008205
0.005902
0.003186
0.000871
0.002813
0.004548
0.002828
0.000089
-0.001804
-0.003031
-0.007141
-0.005683
-0.005261
-0.006962
-0.004952
-0.008336
-0.009813
-0.007541
-0.010089
-0.009722
-0.008421
-0.008393
-0.007937
-0.010535
-0.010126
-0.008869
-0.010920
-0.010164
-0.006719
-0.003204
-0.002844
-0.006268
-0.004890
-0.002693
-0.003519
-0.002123
-0.001249
-0.000211
-0.000072
-0.001512
0.000556
0.002481
0.003520
0.004251
0.004749
0.005643
0.005349
0.004701
0.002192
0.002804
0.008397
0.005634
0.002405
0.004900
0.003837
0.001325
-0.002066
0.000376
0.003682
0.000675
-0.003155
-0.002800
-0.002577
-0.005228
-0.002334
0.000007
0.000569
0.000939
-0.002446
-0.002952
-0.001870
-0.002047
-0.001473
-0.000342
-0.000291
-0.000196
-0.002433
-0.007238
-0.004865
-0.002680
-0.003321
-0.003022
-0.003142
-0.001814
-0.002005
-0.000340
0.002363
0.003306
0.003980
0.002150
0.000233
0.002973
0.006852
0.007452
0.004992
0.002589
0.006204
0.008493
0.004858
0.007279
0.011473
0.011537
0.011742
0.008023
0.004863
0.007811
0.008369
0.007776
0.006916
0.004523
0.004280
0.003200
0.002241
0.002526
0.002043
0.001785
-0.000451
-0.003027
-0.001492
0.000020
-0.000969
-0.001852
-0.001672
-0.001439
0.001018
0.000287
-0.002140
-0.000025
-0.000079
-0.002158
-0.001189
-0.001142
-0.002090
-0.002304
-0.002992
-0.001358
0.001013
0.002998
0.004554
0.001826
-0.000139
0.003440
0.005041
0.004969
0.005650
0.005709
0.006041
0.008124
0.007857
0.004625
0.002624
0.002103
0.001968
-0.000482
-0.003740
-0.004126
-0.003411
-0.004638
-0.005292
-0.005123
-0.003992
-0.003397
-0.004977
-0.005588
-0.006007
-0.006014
-0.006037
-0.008014
-0.008328
-0.007245
-0.006272
-0.005732
-0.006623
-0.006179
-0.005420
-0.006024
-0.007164
-0.008940
-0.009273
-0.008307
-0.006818
-0.005008
-0.005488
-0.005936
-0.004897
-0.004191
-0.004008
-0.005535
-0.007134
-0.007157
-0.006871
-0.006389
-0.006241
-0.006568
-0.006638
-0.006388
-0.005898
-0.006116
-0.006425
-0.005935
-0.005299
-0.005329
-0.005988
-0.006133
-0.006312
-0.005783
-0.004319
-0.004320
-0.004136
-0.002980
-0.001875
-0.001344
-0.002566
-0.003722
-0.003847
-0.002903
-0.002926
-0.004170
-0.002787
-0.001245
0.000346
0.000640
-0.000650
0.002021
0.004085
0.005047
0.006211
0.005458
0.006719
0.008076
0.006380
0.003998
0.002375
0.001094
0.000411
0.001357
0.001199
-0.002368
-0.004843
-0.003975
-0.003802
-0.003503
-0.003586
-0.004800
-0.004944
-0.005494
-0.004814
-0.005625
-0.007662
-0.007947
-0.008273
-0.008584
-0.008981
-0.008399
-0.006317
-0.005447
-0.005698
-0.003527
-0.001293
-0.000999
-0.000985
-0.001541
-0.001972
-0.000588
0.001315
0.002226
0.002467
0.002307
0.001991
0.003148
0.003028
0.001577
0.003338
0.004667
0.003862
0.003838
0.003883
0.003346
0.003150
0.001773
-0.000135
0.000989
0.002230
0.002540
0.003057
0.003218
0.004153
0.005044
0.005456
0.005964
0.006327
0.006275
0.005790
0.005724
0.006556
0.006666
0.006830
0.007071
0.006879
0.006998
0.007389
0.007789
0.007989
0.008099
0.008100
0.007238
0.005867
0.006108
0.005982
0.005393
0.005037
0.004185
0.003996
0.003568
0.003773
0.004364
0.004346
0.004009
0.003243
0.003008
0.003094
0.003720
0.003186
0.002242
0.002501
0.002324
0.001825
0.001237
0.001820
0.002566
0.002111
0.001667
0.001812
0.001641
0.000720
0.001181
0.001841
0.001478
0.001716
0.001689
0.001622
0.001946
0.001691
0.001875
0.002359
0.002515
0.002277
0.001651
0.001733
0.001825
0.001637
0.001672
0.001619
0.001662
0.001510
0.001390
0.001272
0.001319
0.001935
0.001494
0.001038
0.001365
0.001047
0.000689
0.000454
0.000363
0.000236
0.000063
-0.000194
-0.000558
-0.000764
-0.001260
-0.001232
-0.000957
-0.001006
-0.001184
-0.001625
-0.001768
-0.001795
-0.001908
-0.001903
-0.001885
-0.002016
-0.002094
-0.002233
-0.002475
-0.002242
-0.002095
-0.002085
-0.001935
-0.001892
-0.001704
-0.001481
-0.001294
-0.001147
-0.001024
-0.000950
-0.001038
-0.001042
-0.000805
-0.000672
-0.000631
-0.000610
-0.000663
-0.000580
-0.000433
-0.000334
-0.000285
-0.000198
-0.000124
-0.000204
-0.000236
-0.000104
-0.000069
-0.000097
-0.000074
-0.000075
-0.000028
0.000054
-0.000013
-0.000112
-0.000074
-0.000092
-0.000202
-0.000163
-0.000097
-0.000140
-0.000153
-0.000259
-0.000365
-0.000310
-0.000265
-0.000291
-0.000313
-0.000306
-0.000336
-0.000314
-0.000347
-0.000472
-0.000473
-0.000455
-0.000459
-0.000455
-0.000445
-0.000399
-0.000410
-0.000452
-0.000409
-0.000352
-0.000343
-0.000341
-0.000333
-0.000324
-0.000304
-0.000277
-0.000272
-0.000306
-0.000319
-0.000296
-0.000281
-0.000275
-0.000274
-0.000267
-0.000259
-0.000238
-0.000229
-0.000234
-0.000228
-0.000221
-0.000206
-0.000211
-0.000221
-0.000212
-0.000200
-0.000194
-0.000191
-0.000184
-0.000174
-0.000165
-0.000158
-0.000155
-0.000151
-0.000143
-0.000136
-0.000134
-0.000129
-0.000124
-0.000119
-0.000112
-0.000106
-0.000104
-0.000102
-0.000098
-0.000093
-0.000091
-0.000090
-0.000088
-0.000085
-0.000083
-0.000081
-0.000079
-0.000077
-0.000075
-0.000073
-0.000071
-0.000070
-0.000068
-0.000067
-0.000065
-0.000064
-0.000062
-0.000061
-0.000059
-0.000058
-0.000056
-0.000055
-0.000054
-0.000053
-0.000051
-0.000050
-0.000049
-0.000048
-0.000047
-0.000046
-0.000045
-0.000044
-0.000043
-0.000042
-0.000041
-0.000041
-0.000040
-0.000039
-0.000038
-0.000038
-0.000037
-0.000037
-0.000036
