0.000408
0.000395
0.000207
-0.000011
-0.000025
-0.000065
-0.000073
-0.000053
-0.000011
0.000050
0.000113
0.000149
0.000145
0.000112
0.000071
0.000028
-0.000016
-0.000054
-0.000069
-0.000049
-0.000029
-0.000066
-0.000171
-0.000324
-0.000497
-0.000653
-0.000763
-0.000835
-0.000883
-0.000898
-0.000837
-0.000653
-0.000373
-0.000140
-0.000052
-0.000032
0.000009
0.000056
0.000124
0.000222
0.000231
0.000106
-0.000030
-0.000073
-0.000021
0.000080
0.000246
0.000536
0.000851
0.000973
0.000842
0.000513
0.000157
0.000013
0.000032
0.000001
-0.000113
-0.000232
-0.000296
-0.000280
-0.000151
0.000008
-0.000065
-0.000369
-0.000654
-0.000724
-0.000540
-0.000340
-0.000248
-0.000140
-0.000015
0.000097
0.000229
0.000438
0.000759
0.000919
0.000495
-0.000409
-0.001164
-0.001580
-0.001990
-0.002179
-0.001649
-0.000648
0.000159
0.000577
0.001004
0.001561
0.001536
0.000619
-0.000202
-0.000282
-0.000174
-0.000226
-0.000061
0.000575
0.001261
0.001397
0.000969
0.000560
0.000537
0.000681
0.001119
0.002148
0.002990
0.002773
0.001809
0.000643
-0.000398
-0.000749
-0.000214
0.000345
-0.000226
-0.001518
-0.001762
-0.000662
0.000385
0.000671
0.000927
0.001784
0.002630
0.002700
0.002340
0.002332
0.002587
0.002387
0.001498
0.000408
-0.000649
-0.001722
-0.002603
-0.003024
-0.002959
-0.003022
-0.003571
-0.003830
-0.002800
-0.000736
0.000740
0.000641
-0.000246
-0.000699
-0.000287
0.000310
0.000106
-0.000850
-0.001612
-0.001501
-0.001016
-0.001060
-0.001656
-0.002291
-0.002592
-0.001999
-0.000307
0.001294
0.001568
0.000756
-0.000118
-0.000215
0.000363
-0.000284
-0.003902
-0.009084
-0.012357
-0.011764
-0.008816
-0.006040
-0.004176
-0.003254
-0.002743
-0.001427
0.001241
0.004249
0.005909
0.005734
0.004507
0.003464
0.002927
0.001418
-0.001564
-0.003800
-0.003953
-0.002896
-0.001337
0.000592
0.002278
0.002963
0.002470
0.000948
-0.000955
-0.002034
-0.001647
-0.000772
-0.000430
-0.000504
-0.000733
-0.000733
-0.000236
0.000550
0.001153
0.001136
0.001306
0.002441
0.002714
0.000178
-0.003771
-0.006071
-0.005443
-0.003301
-0.001717
-0.001015
-0.000189
0.001615
0.004381
0.006656
0.006845
0.005312
0.003865
0.003526
0.003797
0.003976
0.003381
0.001115
-0.002103
-0.004496
-0.005589
-0.005672
-0.005224
-0.005230
-0.006304
-0.007566
-0.007100
-0.003826
0.000998
0.004307
0.004279
0.001868
-0.000832
-0.001964
-0.001313
-0.000566
-0.001041
-0.002219
-0.003109
-0.003156
-0.002253
-0.001427
-0.001778
-0.002863
-0.002722
-0.000142
0.004363
0.008690
0.008799
0.002969
-0.004754
-0.008813
-0.008049
-0.004366
0.001312
0.008384
0.014885
0.017583
0.015996
0.012785
0.008815
0.003299
-0.003195
-0.007954
-0.008444
-0.005404
-0.001634
0.001363
0.002976
0.002104
-0.001728
-0.007191
-0.011219
-0.011710
-0.009921
-0.007676
-0.004637
0.000494
0.006784
0.010667
0.010046
0.006225
0.001406
-0.003263
-0.006773
-0.007901
-0.005770
-0.001245
0.002562
0.003707
0.003474
0.003734
0.003527
0.000843
-0.003988
-0.009562
-0.013456
-0.012734
-0.007149
0.000649
0.007432
0.011595
0.013203
0.012880
0.011385
0.009315
0.006709
0.003962
0.002729
0.003364
0.004587
0.006317
0.008496
0.009398
0.007648
0.004266
0.000884
-0.001353
-0.001147
0.001263
0.003597
0.003527
0.000785
-0.002550
-0.004227
-0.003540
-0.000657
0.002900
0.004409
0.004441
0.006487
0.010314
0.011055
0.005873
-0.001863
-0.007315
-0.009667
-0.010011
-0.008253
-0.004921
-0.000996
0.003381
0.007029
0.008589
0.007339
0.002880
-0.002463
-0.005502
-0.006506
-0.008029
-0.011110
-0.014221
-0.014895
-0.011186
-0.003520
0.005211
0.011267
0.013105
0.012813
0.011555
0.007771
0.000850
-0.006771
-0.011894
-0.013190
-0.010760
-0.005323
0.001895
0.008576
0.011669
0.009762
0.003758
-0.004462
-0.013064
-0.019953
-0.022477
-0.018840
-0.009950
-0.000704
0.003490
0.001704
-0.003392
-0.008542
-0.011784
-0.012283
-0.009223
-0.002835
0.004560
0.009282
0.008795
0.004074
-0.002612
-0.009173
-0.011971
-0.009167
-0.003692
0.001522
0.006177
0.009766
0.010643
0.007930
0.002424
-0.003842
-0.008748
-0.011391
-0.011975
-0.011998
-0.012172
-0.010701
-0.006165
0.000688
0.007987
0.013807
0.016937
0.016965
0.013124
0.006224
0.000409
-0.000687
0.001990
0.004293
0.004413
0.004602
0.006482
0.008311
0.007429
0.002714
-0.004938
-0.013687
-0.021102
-0.024029
-0.020643
-0.012567
-0.004028
0.001724
0.004226
0.005080
0.006431
0.008340
0.009325
0.008771
0.006767
0.003831
0.002427
0.005204
0.010971
0.016171
0.018840
0.020246
0.022275
0.023509
0.021378
0.015711
0.008324
0.001376
-0.004849
-0.011022
-0.015185
-0.015363
-0.012825
-0.008051
-0.000667
0.006472
0.009445
0.007945
0.004880
0.002542
0.001114
-0.000096
-0.001008
-0.000997
-0.000393
-0.000332
-0.001285
-0.002704
-0.003970
-0.004752
-0.004248
-0.001742
0.002779
0.009227
0.016684
0.022358
0.022577
0.015293
0.002977
-0.008358
-0.014129
-0.013131
-0.008099
-0.003020
0.001632
0.006949
0.013393
0.019957
0.022412
0.017459
0.007376
-0.003122
-0.010473
-0.012772
-0.010595
-0.005858
-0.000364
0.004839
0.010138
0.015245
0.018747
0.019488
0.016018
0.008766
0.002379
0.000789
0.003004
0.007581
0.013929
0.019475
0.021921
0.021174
0.018296
0.014724
0.012398
0.012727
0.014580
0.015872
0.015567
0.013708
0.011190
0.008162
0.003546
-0.001907
-0.004197
-0.001028
0.006320
0.014850
0.020677
0.022668
0.022578
0.021747
0.020471
0.018482
0.016612
0.016573
0.018144
0.019817
0.019493
0.014785
0.005954
-0.004742
-0.015623
-0.025618
-0.032814
-0.035021
-0.031287
-0.022038
-0.010074
0.000439
0.006471
0.006477
0.000714
-0.007425
-0.012589
-0.012076
-0.007897
-0.003204
0.000009
0.000470
-0.002092
-0.007372
-0.013426
-0.016972
-0.016907
-0.014721
-0.013424
-0.016363
-0.024731
-0.037245
-0.050524
-0.059594
-0.060167
-0.050820
-0.033191
-0.011535
0.006932
0.015926
0.015234
0.007768
-0.004908
-0.020751
-0.034529
-0.040328
-0.036293
-0.023787
-0.006731
0.007316
0.013203
0.011758
0.007113
0.003756
0.002197
-0.000854
-0.008547
-0.021659
-0.037959
-0.052802
-0.060828
-0.059649
-0.050055
-0.035192
-0.022219
-0.018682
-0.025651
-0.037868
-0.050496
-0.060625
-0.064775
-0.059165
-0.043467
-0.021577
0.004063
0.030576
0.051122
0.059137
0.051650
0.031774
0.006613
-0.016660
-0.031470
-0.034311
-0.025212
-0.008446
0.008766
0.021735
0.028355
0.027666
0.021498
0.015342
0.014958
0.021944
0.033803
0.045385
0.051202
0.049501
0.042957
0.035038
0.027393
0.022345
0.023442
0.030010
0.036784
0.038038
0.030330
0.014993
-0.002994
-0.017893
-0.025146
-0.022955
-0.010825
0.008799
0.027947
0.039219
0.040069
0.031772
0.018464
0.006739
0.003637
0.011958
0.029603
0.050816
0.069066
0.081193
0.085319
0.080038
0.066254
0.046734
0.024964
0.003766
-0.014428
-0.028513
-0.039092
-0.045544
-0.046673
-0.043231
-0.037929
-0.035412
-0.038529
-0.044247
-0.047058
-0.044483
-0.037788
-0.028851
-0.017981
-0.003164
0.017514
0.039582
0.053794
0.055267
0.044840
0.025821
0.003341
-0.018409
-0.037347
-0.052463
-0.063564
-0.069063
-0.066398
-0.054730
-0.035647
-0.014966
-0.001016
0.001888
-0.005791
-0.021049
-0.039792
-0.057531
-0.068155
-0.066257
-0.049607
-0.021382
0.008768
0.031135
0.039748
0.032915
0.014186
-0.009928
-0.031800
-0.044481
-0.043228
-0.027713
-0.003778
0.020741
0.040853
0.052573
0.052250
0.041092
0.023999
0.006940
-0.005131
-0.011115
-0.010386
-0.003030
0.006581
0.013336
0.016089
0.017070
0.018606
0.021605
0.025700
0.029227
0.029889
0.026382
0.018580
0.006969
-0.005934
-0.016210
-0.022491
-0.024551
-0.019929
-0.006577
0.013048
0.033046
0.048543
0.056350
0.053761
0.040554
0.018626
-0.009468
-0.037616
-0.058462
-0.069127
-0.069612
-0.059212
-0.037556
-0.007745
0.022574
0.043698
0.048309
0.035433
0.010043
-0.020143
-0.045622
-0.058796
-0.058178
-0.046088
-0.026067
-0.003689
0.014250
0.023480
0.023846
0.016514
0.003870
-0.008699
-0.015878
-0.014821
-0.007012
0.001820
0.007379
0.008287
0.004798
-0.001836
-0.010539
-0.018685
-0.022855
-0.022129
-0.018185
-0.013371
-0.009485
-0.007182
-0.005538
-0.003758
-0.001470
0.003299
0.013310
0.029231
0.049419
0.071018
0.090860
0.106187
0.114408
0.113946
0.104880
0.088785
0.068374
0.046389
0.026600
0.013931
0.010062
0.012156
0.015716
0.016709
0.012370
0.002328
-0.011595
-0.027553
-0.043945
-0.059356
-0.072047
-0.079408
-0.079308
-0.071606
-0.059729
-0.048527
-0.041020
-0.039037
-0.042583
-0.049633
-0.056515
-0.058035
-0.050007
-0.031920
-0.007948
0.016984
0.039681
0.056679
0.065899
0.067824
0.062593
0.050688
0.036104
0.024275
0.017937
0.016464
0.017061
0.016678
0.014665
0.011502
0.007141
0.002690
-0.001004
-0.004093
-0.006311
-0.006975
-0.004485
0.001451
0.007615
0.010513
0.009041
0.003216
-0.006383
-0.017826
-0.028643
-0.036646
-0.039695
-0.037038
-0.029424
-0.017427
-0.003346
0.007683
0.011349
0.006777
-0.003764
-0.017202
-0.030583
-0.040018
-0.043296
-0.041809
-0.036853
-0.028471
-0.018703
-0.010801
-0.006425
-0.004456
-0.001327
0.004663
0.010494
0.012195
0.008838
0.003093
-0.002539
-0.009651
-0.018871
-0.025701
-0.025644
-0.017314
-0.001410
0.017775
0.033056
0.039355
0.035578
0.023651
0.007859
-0.006812
-0.016735
-0.020902
-0.020906
-0.019395
-0.017615
-0.015074
-0.011176
-0.005892
-0.000042
0.005240
0.009007
0.010068
0.007873
0.004317
0.001865
0.001139
0.002339
0.006553
0.015689
0.029761
0.044502
0.054177
0.055245
0.046557
0.031197
0.016533
0.007579
0.004314
0.004450
0.005255
0.005153
0.004790
0.006088
0.008903
0.008709
0.002357
-0.007832
-0.018457
-0.027496
-0.034229
-0.039603
-0.045127
-0.050835
-0.054660
-0.053318
-0.044240
-0.028442
-0.011692
-0.000049
0.005953
0.009734
0.014308
0.021913
0.033097
0.045200
0.054527
0.058725
0.058396
0.056778
0.054931
0.051194
0.045266
0.037773
0.028361
0.016386
0.002436
-0.011441
-0.022949
-0.031331
-0.037698
-0.041706
-0.040736
-0.033231
-0.021008
-0.007838
0.004481
0.015677
0.023870
0.026734
0.024516
0.019019
0.010960
0.000992
-0.009621
-0.020807
-0.031312
-0.037307
-0.036148
-0.027615
-0.013332
0.003607
0.018833
0.028467
0.031724
0.029120
0.020628
0.006633
-0.011471
-0.030838
-0.047553
-0.058338
-0.061730
-0.057192
-0.045636
-0.030339
-0.014563
-0.001478
0.005515
0.005452
0.000443
-0.006303
-0.011970
-0.014024
-0.010381
-0.001649
0.008120
0.015849
0.021409
0.024552
0.024576
0.021107
0.014635
0.007397
0.000637
-0.006077
-0.011995
-0.015968
-0.018315
-0.019644
-0.019056
-0.015318
-0.008609
-0.000726
0.005619
0.009550
0.013535
0.019729
0.025159
0.025128
0.019193
0.009906
0.001041
-0.002495
0.002796
0.016472
0.035115
0.054039
0.068167
0.073729
0.069352
0.054700
0.029679
-0.003489
-0.038972
-0.067976
-0.082054
-0.078072
-0.059300
-0.032687
-0.006025
0.014520
0.025886
0.028046
0.023182
0.013448
0.000039
-0.014388
-0.026322
-0.033486
-0.034078
-0.028278
-0.018102
-0.005561
0.006109
0.014200
0.017569
0.014179
0.003124
-0.012972
-0.028667
-0.036976
-0.032752
-0.015888
0.007421
0.028652
0.043764
0.051161
0.048061
0.034876
0.017235
0.001763
-0.007532
-0.008846
-0.002733
0.007291
0.017224
0.024614
0.028145
0.027040
0.020992
0.010598
-0.000888
-0.008214
-0.008812
-0.005275
-0.002613
-0.004264
-0.009935
-0.015809
-0.017216
-0.012616
-0.004175
0.004312
0.009239
0.009782
0.007982
0.006052
0.004486
0.001974
-0.002362
-0.007258
-0.010333
-0.009677
-0.006865
-0.005397
-0.005641
-0.006316
-0.006367
-0.004594
-0.001117
0.002457
0.004379
0.002787
-0.003914
-0.015095
-0.027237
-0.036548
-0.041688
-0.042769
-0.040033
-0.033558
-0.023837
-0.013108
-0.003321
0.004864
0.010163
0.010817
0.006392
-0.000940
-0.007991
-0.013262
-0.017369
-0.022084
-0.028296
-0.035244
-0.041552
-0.045675
-0.047018
-0.045697
-0.040902
-0.032258
-0.020990
-0.007922
0.006389
0.019700
0.028269
0.028999
0.022720
0.013768
0.007265
0.007149
0.013465
0.022851
0.031091
0.035864
0.037815
0.037569
0.034354
0.028747
0.023059
0.018342
0.015184
0.014488
0.016134
0.018818
0.021153
0.022868
0.022737
0.020187
0.017831
0.016788
0.015558
0.013383
0.010530
0.007430
0.003725
-0.000304
-0.002558
-0.003036
-0.003590
-0.004443
-0.006246
-0.009419
-0.011589
-0.010656
-0.006247
0.000425
0.005716
0.005864
-0.000274
-0.010265
-0.019211
-0.023644
-0.023050
-0.017295
-0.006036
0.009276
0.025558
0.038340
0.043337
0.040716
0.034156
0.026733
0.019759
0.014438
0.012285
0.011840
0.008635
0.000647
-0.009268
-0.015925
-0.014721
-0.004462
0.010883
0.026705
0.042073
0.054539
0.058931
0.053057
0.039374
0.021984
0.004158
-0.009731
-0.015668
-0.013515
-0.006777
-0.001062
0.000229
-0.002479
-0.008289
-0.016794
-0.027043
-0.036307
-0.041433
-0.041756
-0.038852
-0.035129
-0.031563
-0.027486
-0.022528
-0.016217
-0.008145
0.000506
0.008171
0.013792
0.015267
0.011689
0.005024
-0.002433
-0.007804
-0.008456
-0.004657
0.000540
0.002838
0.001091
-0.002793
-0.007519
-0.010847
-0.010702
-0.007539
-0.001710
0.005605
0.011043
0.012796
0.010553
0.005209
-0.000656
-0.006702
-0.012623
-0.014872
-0.011699
-0.004788
0.002430
0.005599
0.003786
0.000265
-0.002051
-0.001808
0.001876
0.007836
0.012705
0.013593
0.009141
0.000435
-0.011059
-0.023979
-0.034044
-0.037835
-0.035464
-0.028118
-0.017618
-0.006900
0.000629
0.003420
0.002065
-0.002847
-0.010514
-0.018766
-0.024458
-0.025687
-0.022550
-0.015403
-0.005492
0.004602
0.012698
0.017832
0.019876
0.018856
0.014572
0.006563
-0.003759
-0.013207
-0.019408
-0.020769
-0.017407
-0.010517
-0.001646
0.006320
0.011302
0.012564
0.009675
0.002869
-0.005329
-0.010601
-0.011091
-0.007928
-0.002900
0.002162
0.006288
0.009196
0.010756
0.011434
0.011663
0.011953
0.012623
0.013699
0.016047
0.019744
0.023217
0.024674
0.023034
0.018085
0.011530
0.006819
0.005374
0.006868
0.010457
0.014201
0.017019
0.018571
0.018237
0.016059
0.011853
0.004849
-0.002774
-0.006931
-0.006534
-0.002933
0.001865
0.005774
0.007038
0.003759
-0.003773
-0.012126
-0.017789
-0.018726
-0.016095
-0.014536
-0.017145
-0.022957
-0.029091
-0.032491
-0.032418
-0.030506
-0.027518
-0.022481
-0.014823
-0.006163
-0.000187
-0.000370
-0.006319
-0.014440
-0.021162
-0.024031
-0.021583
-0.013192
-0.000244
0.013422
0.023216
0.026490
0.023212
0.014729
0.003946
-0.005152
-0.010451
-0.011875
-0.009077
-0.002530
0.005696
0.012420
0.014089
0.009742
0.001733
-0.007513
-0.015986
-0.021306
-0.022814
-0.020320
-0.013719
-0.005350
0.002169
0.007407
0.008949
0.006710
0.001792
-0.004175
-0.007807
-0.007114
-0.003193
0.003116
0.010771
0.017155
0.020102
0.019547
0.017074
0.014668
0.012803
0.009642
0.004672
-0.000231
-0.003544
-0.004127
-0.002081
0.000596
0.002124
0.001597
-0.001029
-0.004465
-0.007475
-0.009504
-0.010148
-0.009341
-0.007147
-0.004051
-0.000831
0.001931
0.003092
0.002055
0.000075
-0.001215
-0.001316
0.000082
0.004341
0.010942
0.017375
0.022402
0.025232
0.024641
0.020340
0.013496
0.005977
0.000305
-0.001475
0.000357
0.003977
0.008530
0.013915
0.017829
0.017556
0.013748
0.008841
0.004463
0.001002
-0.001160
-0.000485
0.003264
0.007999
0.011622
0.012437
0.009633
0.004354
-0.001606
-0.005973
-0.005982
-0.001170
0.006359
0.013723
0.018006
0.018257
0.015746
0.011024
0.004839
0.000001
-0.002282
-0.003097
-0.002911
-0.002091
-0.001176
-0.000069
0.001416
0.002677
0.003460
0.004467
0.005139
0.004186
0.002071
-0.000619
-0.004117
-0.007642
-0.009814
-0.010318
-0.010101
-0.009652
-0.008707
-0.007167
-0.004344
0.000346
0.004727
0.006103
0.005128
0.003931
0.002674
-0.000336
-0.004881
-0.008366
-0.009695
-0.009603
-0.008351
-0.005836
-0.002970
-0.001197
-0.000541
0.000012
0.000901
0.001890
0.002453
0.002206
0.001329
-0.000151
-0.002248
-0.004457
-0.006526
-0.007479
-0.006551
-0.004324
-0.000879
0.003552
0.007398
0.009375
0.009692
0.009023
0.007945
0.006980
0.005622
0.003668
0.002907
0.004292
0.007092
0.010334
0.013102
0.015368
0.017527
0.018893
0.017716
0.013079
0.005901
-0.001121
-0.005692
-0.008294
-0.009760
-0.010241
-0.010390
-0.010488
-0.010849
-0.012149
-0.013696
-0.013578
-0.010909
-0.007057
-0.004446
-0.004790
-0.008580
-0.014404
-0.019957
-0.024161
-0.026608
-0.026935
-0.024893
-0.020143
-0.013026
-0.004919
0.001876
0.005291
0.005034
0.002180
-0.001562
-0.004624
-0.006442
-0.007624
-0.008666
-0.009051
-0.008179
-0.005920
-0.002625
0.001328
0.005556
0.008969
0.010311
0.009483
0.007578
0.004769
0.000239
-0.004870
-0.008639
-0.010673
-0.010505
-0.007254
-0.001935
0.002426
0.004363
0.005071
0.005571
0.005587
0.005002
0.003770
0.001791
-0.000057
-0.001745
-0.004114
-0.006300
-0.007167
-0.006518
-0.004554
-0.001834
0.001466
0.005224
0.008366
0.009942
0.010126
0.009239
0.007419
0.004732
0.001601
-0.001156
-0.002880
-0.003674
-0.004111
-0.004142
-0.003825
-0.003635
-0.003651
-0.003040
-0.001283
0.000097
0.000286
0.000286
0.000335
0.000369
0.001082
0.002697
0.004298
0.005257
0.005329
0.003831
0.000914
-0.001521
-0.002048
-0.001704
-0.002177
-0.003565
-0.005013
-0.006230
-0.007565
-0.009100
-0.010291
-0.010865
-0.011046
-0.011025
-0.010835
-0.010654
-0.010702
-0.011033
-0.011152
-0.010565
-0.009539
-0.008346
-0.007705
-0.008340
-0.009384
-0.009317
-0.007733
-0.005327
-0.002681
0.000147
0.002975
0.005596
0.008064
0.009897
0.010307
0.009176
0.006850
0.004017
0.001622
-0.000171
-0.001232
-0.000704
0.000725
0.001904
0.003151
0.004373
0.004841
0.003818
0.001462
-0.000971
-0.003182
-0.004649
-0.003471
0.000399
0.004853
0.008649
0.011101
0.010837
0.007646
0.003312
-0.000338
-0.002385
-0.002602
-0.001244
0.001225
0.004543
0.008463
0.012060
0.014752
0.016758
0.017988
0.018084
0.017146
0.016307
0.016451
0.017067
0.017406
0.017463
0.017467
0.017266
0.016921
0.017021
0.018374
0.020747
0.022720
0.023251
0.022135
0.020356
0.019144
0.017755
0.015011
0.012203
0.010889
0.010348
0.010212
0.010797
0.010760
0.008869
0.005694
0.001868
-0.002789
-0.007019
-0.008270
-0.007199
-0.006494
-0.006152
-0.005772
-0.006528
-0.008591
-0.011082
-0.013631
-0.015632
-0.016534
-0.016459
-0.015102
-0.012703
-0.010646
-0.010491
-0.012308
-0.014822
-0.017360
-0.019846
-0.022241
-0.023863
-0.024227
-0.022978
-0.019202
-0.013507
-0.008069
-0.004666
-0.003981
-0.005517
-0.008002
-0.010597
-0.012892
-0.013817
-0.013113
-0.011509
-0.008860
-0.006009
-0.004126
-0.002412
-0.000345
0.001094
0.001194
0.000696
0.000308
0.000273
0.000883
0.001948
0.002531
0.002776
0.004518
0.007500
0.009911
0.011082
0.010651
0.009030
0.007604
0.006429
0.004943
0.003928
0.003326
0.002819
0.003144
0.003931
0.005005
0.007027
0.008882
0.008634
0.006311
0.003139
0.000056
-0.002867
-0.005747
-0.007694
-0.007353
-0.004510
-0.001199
0.000730
0.000846
-0.000999
-0.003796
-0.006190
-0.007904
-0.008537
-0.007857
-0.006766
-0.005776
-0.005660
-0.007042
-0.008389
-0.008884
-0.008538
-0.006559
-0.003853
-0.002226
-0.001418
-0.001224
-0.002019
-0.002943
-0.003207
-0.001809
0.001120
0.003230
0.003852
0.003608
0.002437
0.001238
0.000621
0.000638
0.001823
0.002967
0.003094
0.003292
0.003804
0.004654
0.005433
0.004964
0.003986
0.003614
0.003446
0.002547
0.000652
-0.001599
-0.003276
-0.003574
-0.002584
-0.001086
0.000629
0.002791
0.004802
0.005691
0.006146
0.006720
0.007003
0.007005
0.006523
0.005956
0.004725
0.000978
-0.003450
-0.004747
-0.002900
0.000136
0.003990
0.007746
0.009823
0.010411
0.010048
0.008134
0.005551
0.004199
0.002909
0.000213
-0.002004
-0.001615
0.000375
0.002248
0.003886
0.005264
0.006008
0.005503
0.003464
0.000139
-0.004768
-0.010445
-0.014872
-0.017337
-0.016975
-0.013258
-0.007874
-0.002525
0.001852
0.004254
0.004430
0.002766
0.000289
-0.001293
-0.001208
0.000447
0.002959
0.005652
0.008510
0.010781
0.012000
0.012641
0.012869
0.012618
0.010869
0.007319
0.003800
0.001570
0.000163
-0.001049
-0.002431
-0.004422
-0.006475
-0.007446
-0.007012
-0.006708
-0.007111
-0.006289
-0.004698
-0.004513
-0.005614
-0.006796
-0.007813
-0.008423
-0.007972
-0.006356
-0.003566
0.000168
0.003573
0.005189
0.004514
0.001905
-0.001212
-0.003471
-0.004954
-0.005439
-0.004343
-0.002091
0.000991
0.004231
0.005937
0.005535
0.003772
0.001151
-0.001674
-0.003688
-0.004578
-0.005114
-0.005533
-0.004872
-0.003244
-0.002052
-0.001257
0.000259
0.000533
-0.002057
-0.004556
-0.005514
-0.006692
-0.007846
-0.007361
-0.005365
-0.002430
0.001234
0.004893
0.007270
0.007953
0.007556
0.005795
0.002021
-0.002610
-0.005861
-0.006805
-0.005746
-0.003173
0.000214
0.003520
0.005544
0.005123
0.002318
-0.001690
-0.005567
-0.008165
-0.008429
-0.005972
-0.002082
0.001684
0.004637
0.006478
0.006499
0.004635
0.002338
0.000038
-0.002019
-0.002661
-0.001536
0.001247
0.004596
0.006806
0.007239
0.005725
0.003124
0.001032
-0.000095
-0.001318
-0.003413
-0.005423
-0.006405
-0.006591
-0.006125
-0.004844
-0.003374
-0.002591
-0.002154
-0.002061
-0.003237
-0.004489
-0.004634
-0.005004
-0.006101
-0.007140
-0.007301
-0.005681
-0.002748
0.000071
0.002165
0.002983
0.001962
0.000068
-0.001073
-0.001358
-0.000955
0.000273
0.001783
0.003470
0.004994
0.005635
0.005609
0.005689
0.006081
0.006139
0.006198
0.007019
0.007697
0.007613
0.007390
0.007459
0.007423
0.006768
0.006330
0.006403
0.005833
0.005537
0.006865
0.007957
0.007012
0.004877
0.002647
-0.000063
-0.003134
-0.004571
-0.003603
-0.001905
-0.000138
0.001824
0.002238
0.001072
0.000801
0.001126
0.000001
-0.002292
-0.004491
-0.006224
-0.007775
-0.008653
-0.008455
-0.007996
-0.007520
-0.006933
-0.005972
-0.004708
-0.004186
-0.004416
-0.004943
-0.006180
-0.008184
-0.009805
-0.009731
-0.008035
-0.005609
-0.002814
0.000314
0.002949
0.003573
0.002530
0.001141
-0.001003
-0.003107
-0.003918
-0.003694
-0.002413
-0.000779
0.000758
0.002913
0.004544
0.003670
0.001161
-0.001389
-0.003720
-0.005202
-0.005224
-0.004106
-0.001839
0.001277
0.003953
0.005236
0.005445
0.005748
0.005512
0.003811
0.002294
0.002309
0.003094
0.004258
0.005734
0.006390
0.006323
0.006381
0.005940
0.005121
0.005090
0.005886
0.006666
0.006389
0.005027
0.003549
0.002040
0.000278
-0.000945
-0.001511
-0.002113
-0.002228
-0.001548
-0.000777
-0.000357
-0.000095
0.000492
0.001409
0.002231
0.002189
0.001382
0.000781
0.000287
-0.000293
-0.000951
-0.001725
-0.001846
-0.000790
0.000777
0.001589
0.001643
0.001554
0.000577
-0.001204
-0.002468
-0.003275
-0.003566
-0.002826
-0.001940
-0.001461
-0.001149
-0.001050
-0.000938
-0.000459
0.000113
0.000371
0.000355
0.000293
0.000237
-0.000071
-0.000488
-0.000578
-0.000126
0.001120
0.002880
0.004356
0.005255
0.005584
0.005043
0.003795
0.002690
0.002193
0.002289
0.002777
0.003316
0.003548
0.003240
0.002621
0.001960
0.001131
0.000324
-0.000021
0.000110
0.000476
0.000659
0.000473
0.000302
0.000364
0.000297
-0.000199
-0.000791
-0.000989
-0.000949
-0.001126
-0.001501
-0.001870
-0.002210
-0.002471
-0.002565
-0.002554
-0.002604
-0.002534
-0.002211
-0.001936
-0.001786
-0.001612
-0.001403
-0.001203
-0.001068
-0.001031
-0.001045
-0.001084
-0.001152
-0.001154
-0.001025
-0.000839
-0.000624
-0.000456
-0.000467
-0.000612
-0.000808
-0.001067
-0.001339
-0.001451
-0.001348
-0.001160
-0.000951
-0.000774
-0.000744
-0.000796
-0.000812
-0.000872
-0.001012
-0.001084
-0.001066
-0.000980
-0.000756
-0.000409
-0.000048
0.000142
0.000145
0.000101
0.000026
-0.000061
-0.000103
-0.000112
-0.000086
0.000010
0.000159
0.000273
0.000287
0.000249
0.000235
0.000226
0.000208
0.000219
0.000249
0.000271
0.000280
0.000273
0.000249
0.000209
0.000172
0.000158
0.000165
0.000183
0.000202
0.000209
0.000202
0.000185
0.000160
0.000135
0.000113
0.000093
0.000073
0.000054
0.000035
0.000013
-0.000014
-0.000043
-0.000074
-0.000106
-0.000139
