-0.000012
0.000001
-0.000011
0.000001
-0.000011
0.000003
-0.000008
0.000003
-0.000005
0.000020
0.000003
0.000011
0.000002
0.000016
0.000004
0.000014
0.000027
0.000081
0.000027
0.000005
0.000008
0.000018
0.000001
0.000011
0.000002
0.000020
0.000092
0.000082
0.000032
0.000121
0.000164
0.000164
0.000153
0.000175
0.000164
0.000173
0.000159
0.000176
0.000163
0.000133
0.000040
0.000043
0.000034
0.000062
0.000150
0.000177
0.000136
0.000165
0.000142
0.000156
0.000132
0.000131
0.000117
0.000103
-0.000080
-0.000053
0.000103
0.000109
0.000055
0.000079
0.000059
0.000062
0.000025
0.000016
0.000001
0.000008
-0.000117
-0.000195
-0.000048
-0.000032
-0.000086
-0.000082
-0.000079
-0.000145
0.000165
0.000057
-0.000281
0.000099
0.000743
0.000570
0.000243
0.000667
0.000008
-0.000318
-0.000019
0.000481
0.000551
0.000262
0.000487
0.000096
0.000162
0.000514
0.000337
0.000418
-0.000007
-0.000121
0.000329
0.000329
0.000226
-0.000021
-0.000731
-0.000724
-0.000715
-0.000752
-0.000825
-0.000849
0.000018
0.001267
0.000638
0.000686
0.000483
0.000227
0.000181
-0.000558
-0.000949
-0.000298
-0.000280
0.000999
0.000534
-0.000284
-0.000261
-0.000463
0.000002
0.000047
-0.000086
-0.000132
-0.000693
-0.001356
-0.001307
-0.000428
-0.001394
-0.001441
-0.001505
-0.001998
-0.001042
-0.000359
-0.001014
-0.001032
-0.000498
-0.000973
-0.001498
-0.000742
0.000407
0.000784
0.000232
-0.000059
0.000145
-0.000079
-0.000000
-0.000307
0.000753
0.001721
0.002036
0.001437
0.000519
-0.000540
-0.001469
-0.002450
-0.001832
-0.001292
-0.001483
-0.001754
-0.002414
-0.002434
-0.002267
-0.001517
-0.000473
-0.000132
0.000241
0.000215
0.000160
0.000426
0.001621
0.001644
0.002286
0.002117
0.000329
-0.000030
-0.000484
-0.000692
-0.000698
-0.000759
-0.000844
-0.000749
-0.000865
-0.000402
0.000861
0.001309
0.000954
-0.000145
-0.001093
-0.001021
-0.001086
-0.001172
-0.000329
0.003116
0.003459
0.002779
0.002815
0.001069
-0.000229
0.000356
-0.000104
-0.000393
0.001694
0.002533
0.002526
0.003751
0.003629
0.003850
0.002156
0.001021
0.001028
-0.001408
-0.003085
-0.002104
-0.000734
-0.000894
-0.000953
-0.000906
-0.000884
-0.002218
-0.001827
-0.001181
-0.000812
-0.000931
-0.001015
-0.002360
-0.002726
-0.002536
-0.002506
-0.003648
-0.002914
-0.002244
-0.001884
0.000228
0.003676
0.005429
0.007381
0.008019
0.006147
0.005286
0.003772
0.001578
0.000991
0.001102
0.000742
0.000234
-0.000693
-0.000421
0.000232
0.000491
-0.000351
-0.001580
-0.002995
-0.004111
-0.005197
-0.004258
-0.001549
0.000482
0.000679
0.002333
0.003239
0.004219
0.003220
0.004012
0.003845
0.002960
0.002846
0.003667
0.004569
0.003980
0.001957
0.001091
0.000040
-0.001078
-0.002421
-0.002842
-0.002773
-0.002750
-0.002854
-0.003002
-0.003934
-0.003886
-0.003482
-0.002557
-0.001822
-0.000675
-0.002338
-0.003110
-0.002428
-0.002544
-0.003133
-0.002477
-0.001133
-0.000273
-0.000060
0.000195
0.001269
0.001598
0.000811
0.000347
0.000960
0.001530
0.000539
-0.000518
-0.000436
-0.001098
-0.002296
-0.001171
0.000302
0.001395
0.001503
0.000605
-0.000208
-0.002486
-0.004534
-0.004747
-0.004698
-0.004037
-0.000930
-0.000584
-0.001849
-0.000633
0.000361
0.000292
0.000868
0.001973
0.003095
0.004072
0.005061
0.007133
0.006642
0.004303
0.004710
0.004159
0.002856
0.001240
-0.000133
-0.002280
-0.003323
-0.003545
-0.004028
-0.003469
-0.001866
-0.002412
-0.002131
-0.002360
-0.003065
-0.003345
-0.001856
-0.000085
0.000623
0.000641
0.001223
0.002646
0.004733
0.008017
0.008303
0.006961
0.006446
0.004387
0.001590
0.001127
0.000240
0.000172
0.001657
0.001982
0.000843
-0.002069
-0.005107
-0.006239
-0.007031
-0.007549
-0.005391
-0.003098
-0.001632
-0.000520
-0.000115
0.001657
0.002366
0.002898
0.003371
0.003983
0.003323
0.000762
-0.000738
-0.001698
-0.004990
-0.004616
-0.001068
0.002707
0.004780
0.005258
0.005690
0.005917
0.004426
0.004202
0.003293
0.001940
-0.001239
-0.003799
-0.004756
-0.004965
-0.006780
-0.007536
-0.006236
-0.004228
-0.002121
-0.001363
0.000758
0.001071
0.000426
0.000714
0.000055
-0.000720
-0.001387
-0.001691
-0.000671
0.000190
0.000063
-0.000065
-0.000418
-0.001842
-0.001889
-0.002185
-0.002545
-0.001820
-0.000038
0.000245
0.000908
-0.000268
-0.002488
-0.003400
-0.003860
-0.004392
-0.002982
-0.001744
-0.002227
-0.003269
-0.002762
-0.003916
-0.004914
-0.004179
-0.003304
-0.000714
0.002155
0.004066
0.005766
0.006452
0.006894
0.004906
0.002398
0.000523
-0.000181
-0.000522
-0.002617
-0.004331
-0.004048
-0.002644
-0.001809
0.000386
0.003206
0.004589
0.003001
0.002535
0.002050
-0.000467
-0.001195
-0.000566
-0.000056
-0.000484
0.000606
0.001526
0.000233
-0.001945
-0.003162
-0.004046
-0.004864
-0.003605
-0.003517
-0.002369
-0.001576
-0.001754
-0.001676
-0.001620
-0.000251
-0.000146
-0.001575
-0.001680
-0.000318
0.003004
0.004087
0.003646
0.003301
0.001293
-0.000920
-0.001047
-0.000948
-0.000869
-0.000105
0.000102
-0.000714
-0.003072
-0.005054
-0.003270
-0.002894
-0.002396
0.000506
0.002561
0.002617
0.003646
0.004482
0.004438
0.004093
0.004068
0.003524
0.001616
-0.000445
-0.000806
-0.000183
0.001905
0.001555
0.000604
0.000069
0.000047
0.000806
0.000757
0.000228
0.001636
0.002399
0.003367
0.003967
0.004888
0.007188
0.009016
0.009313
0.009968
0.010153
0.009738
0.008774
0.007260
0.006949
0.005559
0.004162
0.003128
0.002514
0.004120
0.004328
0.002218
-0.002371
-0.008163
-0.012591
-0.015969
-0.015433
-0.012117
-0.006049
0.001063
0.006790
0.011010
0.012711
0.012749
0.011379
0.009926
0.006003
0.001877
-0.001400
-0.004656
-0.006876
-0.006825
-0.005625
-0.004378
-0.004605
-0.005408
-0.006288
-0.006214
-0.006047
-0.003724
0.000898
0.007603
0.015183
0.018867
0.015576
0.009096
-0.003524
-0.013987
-0.021466
-0.024698
-0.022795
-0.016370
-0.008068
-0.000856
0.004746
0.011447
0.013502
0.012868
0.013381
0.009119
0.004015
-0.001008
-0.008410
-0.016596
-0.025833
-0.030900
-0.030104
-0.027730
-0.022806
-0.017293
-0.010770
-0.004681
-0.000354
0.004423
0.010314
0.013504
0.017255
0.020329
0.023737
0.026234
0.026422
0.024135
0.015668
0.005681
-0.003429
-0.008498
-0.010428
-0.007354
-0.004632
0.000021
0.001839
0.001241
-0.001016
-0.006177
-0.010293
-0.013707
-0.016135
-0.013645
-0.010314
-0.007609
-0.006205
-0.004829
-0.003453
-0.002349
-0.001461
0.000013
-0.000501
-0.002215
-0.005107
-0.011932
-0.017493
-0.022082
-0.022371
-0.018920
-0.013717
-0.006446
0.000164
0.005362
0.009730
0.013503
0.016129
0.016921
0.015209
0.016491
0.020608
0.024236
0.025363
0.025420
0.023557
0.020401
0.015867
0.014663
0.014702
0.012500
0.010679
0.008501
0.006086
0.006382
0.003772
-0.001999
-0.005612
-0.008859
-0.010509
-0.010452
-0.005818
0.003551
0.012106
0.017000
0.017961
0.016504
0.014434
0.014019
0.012839
0.011793
0.011007
0.008190
0.003698
-0.005397
-0.017344
-0.035148
-0.046550
-0.050307
-0.047580
-0.040980
-0.035874
-0.029523
-0.022658
-0.012954
-0.000636
0.012853
0.020515
0.022151
0.013129
-0.005175
-0.019446
-0.030032
-0.032704
-0.027488
-0.017533
-0.005812
0.003581
0.011032
0.015342
0.017220
0.021187
0.023997
0.025367
0.025434
0.026271
0.028042
0.027757
0.026521
0.023656
0.021068
0.018605
0.018206
0.019195
0.023785
0.028060
0.031953
0.034517
0.034209
0.030209
0.025113
0.020348
0.013075
0.005146
0.002265
-0.000353
-0.003616
-0.009959
-0.016499
-0.023486
-0.026274
-0.025287
-0.021365
-0.015876
-0.010465
-0.006845
-0.003778
-0.002965
-0.004824
-0.008644
-0.013058
-0.015860
-0.015154
-0.013717
-0.012400
-0.010366
-0.009139
-0.008502
-0.012029
-0.015803
-0.019423
-0.022015
-0.021924
-0.018933
-0.015511
-0.008345
0.000965
0.010117
0.016936
0.019943
0.018422
0.016209
0.009288
-0.000300
-0.008423
-0.013837
-0.014050
-0.013260
-0.010403
-0.007848
-0.007433
-0.008786
-0.012735
-0.018593
-0.024585
-0.028053
-0.030471
-0.030489
-0.025857
-0.016335
-0.006245
0.000233
0.002705
0.004013
0.003659
0.004813
0.007303
0.010156
0.014000
0.016642
0.015438
0.013597
0.010179
0.007318
0.004985
0.001201
-0.001362
-0.000459
0.004324
0.015137
0.022828
0.026123
0.026113
0.022634
0.015126
0.004123
-0.015338
-0.038754
-0.060875
-0.072306
-0.069059
-0.060765
-0.044756
-0.022891
-0.001892
0.008967
0.009262
0.006261
0.000431
-0.004485
-0.007975
-0.008554
-0.003073
0.006045
0.014923
0.025664
0.037284
0.046594
0.054169
0.056017
0.050465
0.039701
0.020375
0.005376
-0.003609
-0.009436
-0.012678
-0.013555
-0.016954
-0.019882
-0.020417
-0.020452
-0.020022
-0.022242
-0.027764
-0.031175
-0.033728
-0.032500
-0.022605
0.003537
0.035795
0.055238
0.060248
0.056883
0.049223
0.035743
0.014361
0.001244
-0.008189
-0.016892
-0.025272
-0.037217
-0.044915
-0.048473
-0.047691
-0.041558
-0.024375
0.001144
0.021705
0.033996
0.044490
0.052931
0.055788
0.054562
0.044318
0.028672
0.013181
0.011972
0.022690
0.040276
0.059952
0.067473
0.067576
0.060598
0.048456
0.032560
0.014752
-0.000101
-0.016316
-0.032059
-0.056313
-0.076898
-0.089165
-0.094318
-0.092199
-0.077837
-0.053774
-0.030272
-0.015219
-0.005948
0.000452
0.005823
0.013682
0.019001
0.020108
0.016423
0.007604
-0.000337
-0.005397
-0.008440
-0.004875
0.000145
0.005397
0.008915
0.005908
-0.002501
-0.015188
-0.029940
-0.029228
-0.022549
-0.016796
-0.001402
0.015863
0.026658
0.027872
0.023653
0.019187
0.018696
0.023655
0.029071
0.032823
0.030945
0.026054
0.020447
0.014511
0.009107
0.005310
0.002541
-0.001693
-0.006782
-0.016472
-0.028273
-0.038436
-0.040930
-0.031237
-0.023134
-0.021076
-0.017829
-0.010715
0.003824
0.024960
0.036073
0.038585
0.033425
0.020367
0.002620
-0.011187
-0.020661
-0.026504
-0.028496
-0.024991
-0.018221
-0.004698
0.006243
0.011972
0.012650
0.009758
0.006115
0.003116
0.002219
-0.000695
-0.009198
-0.018603
-0.028493
-0.034100
-0.037074
-0.034423
-0.027992
-0.020076
-0.010687
0.001387
0.011834
0.022943
0.029626
0.031988
0.030660
0.027315
0.027644
0.030975
0.035378
0.037916
0.037292
0.035074
0.025523
0.011016
-0.006433
-0.020741
-0.026355
-0.026314
-0.020911
-0.011885
-0.000178
0.010966
0.019800
0.026368
0.024551
0.017630
0.009110
0.001074
-0.008865
-0.011181
-0.008229
-0.005101
0.004513
0.010725
0.012381
0.013969
0.014793
0.010083
0.004655
-0.000529
-0.003535
-0.003262
0.001250
0.009047
0.012740
0.013048
0.010017
0.001252
-0.010116
-0.021181
-0.027864
-0.026882
-0.018120
-0.004950
0.005410
0.011325
0.007228
0.001143
-0.003944
-0.004558
-0.001872
0.005133
0.015568
0.024471
0.028915
0.031132
0.029826
0.027304
0.022079
0.014685
0.001221
-0.013880
-0.027620
-0.034336
-0.031560
-0.022109
-0.011599
-0.003879
0.001378
0.001384
0.000347
-0.004071
-0.010789
-0.017738
-0.026500
-0.033729
-0.041029
-0.043553
-0.036212
-0.025243
-0.019466
-0.014968
-0.013540
-0.014481
-0.015994
-0.017777
-0.021520
-0.024133
-0.024064
-0.016231
-0.006156
0.001696
0.007088
0.008466
0.006707
0.004103
0.000528
-0.001965
-0.004553
-0.004960
-0.003674
0.001067
0.005809
0.015384
0.021924
0.022090
0.012084
-0.005994
-0.028658
-0.044490
-0.049150
-0.045592
-0.037292
-0.027943
-0.028290
-0.031317
-0.034110
-0.034857
-0.032585
-0.019285
0.003920
0.031577
0.050797
0.054035
0.039791
0.012583
-0.028057
-0.050982
-0.058102
-0.057228
-0.052790
-0.041738
-0.025317
0.000079
0.038154
0.084951
0.121820
0.138869
0.142441
0.141257
0.128366
0.105522
0.067676
0.026733
-0.009595
-0.025096
-0.028890
-0.026700
-0.021025
-0.013692
-0.009692
-0.012288
-0.013824
-0.016793
-0.020507
-0.025026
-0.026813
-0.029564
-0.031095
-0.031377
-0.027883
-0.020742
-0.012382
-0.004776
0.000942
0.001222
-0.002400
-0.009904
-0.018966
-0.026217
-0.030348
-0.031897
-0.030300
-0.022739
-0.014387
-0.005066
0.006881
0.011825
0.017323
0.021746
0.006273
-0.012479
-0.015457
-0.015714
-0.015618
-0.010286
0.001415
0.017307
0.031834
0.041941
0.049950
0.056527
0.059880
0.061375
0.060877
0.055982
0.051545
0.048876
0.040694
0.028882
0.013244
-0.008825
-0.036095
-0.060957
-0.079282
-0.089800
-0.094895
-0.091670
-0.082685
-0.073006
-0.057516
-0.036845
-0.013811
0.005642
0.020312
0.031320
0.042418
0.052094
0.061799
0.071436
0.083216
0.087469
0.082681
0.066398
0.045294
0.024250
0.006097
-0.009593
-0.025343
-0.037935
-0.047121
-0.047601
-0.042704
-0.035963
-0.029703
-0.028422
-0.031040
-0.033589
-0.034567
-0.027396
-0.015630
-0.001393
0.017387
0.029381
0.028326
0.022257
0.014863
0.002293
-0.011878
-0.019858
-0.023513
-0.022963
-0.020637
-0.012235
-0.004072
0.009379
0.023492
0.040143
0.055791
0.064111
0.063955
0.059333
0.047951
0.036707
0.022835
0.005220
-0.017483
-0.036201
-0.043807
-0.046102
-0.041175
-0.024362
-0.000606
0.021829
0.036081
0.041335
0.044108
0.043139
0.040078
0.038272
0.038837
0.040919
0.044571
0.045972
0.044110
0.038035
0.028859
0.011617
-0.006112
-0.021696
-0.030980
-0.034887
-0.033731
-0.031073
-0.027184
-0.016975
-0.004097
0.006243
0.013139
0.019239
0.016679
0.006300
-0.004895
-0.015216
-0.023423
-0.031646
-0.034479
-0.039505
-0.046924
-0.053240
-0.050204
-0.043791
-0.037057
-0.027390
-0.019114
-0.015743
-0.012772
-0.015605
-0.021182
-0.026570
-0.034276
-0.045098
-0.047497
-0.046002
-0.044438
-0.041762
-0.036806
-0.032952
-0.032462
-0.028159
-0.025813
-0.026698
-0.027075
-0.024188
-0.018060
-0.008450
0.000830
0.009003
0.013337
0.010644
0.004372
-0.003494
-0.011531
-0.018705
-0.024057
-0.026458
-0.023194
-0.014695
-0.006162
0.004114
0.010893
0.014349
0.015779
0.016488
0.014471
0.013419
0.012412
0.010204
0.011697
0.014012
0.015102
0.016136
0.017332
0.018204
0.017878
0.016922
0.012801
0.007413
0.006575
0.012436
0.025000
0.038022
0.048304
0.053843
0.049475
0.034880
0.013717
-0.005760
-0.020258
-0.021435
-0.013964
-0.000784
0.011883
0.021008
0.022829
0.020679
0.017544
0.011441
0.006318
0.003688
0.009217
0.018241
0.013451
0.007059
-0.001171
-0.011006
-0.020705
-0.022905
-0.017961
-0.006769
0.008763
0.017993
0.016560
0.011713
0.004705
-0.004433
-0.012637
-0.012992
-0.006192
0.004150
0.013486
0.018938
0.013188
-0.000390
-0.014072
-0.026281
-0.035743
-0.037070
-0.031480
-0.019451
-0.004464
0.008929
0.026289
0.046901
0.064874
0.074977
0.078245
0.073584
0.061847
0.042167
0.017834
-0.005981
-0.023851
-0.037245
-0.044755
-0.050623
-0.048181
-0.043202
-0.039610
-0.035875
-0.034436
-0.034115
-0.030242
-0.021532
-0.007783
0.008709
0.018474
0.018243
0.014447
0.005234
-0.005081
-0.015464
-0.023236
-0.020082
-0.009950
0.000958
0.006820
0.009523
0.006389
-0.000624
-0.006553
-0.009280
-0.009951
-0.009444
-0.008045
-0.009571
-0.007959
-0.008810
-0.009369
-0.010364
-0.008178
-0.004152
0.005311
0.018855
0.030737
0.040246
0.044087
0.044823
0.039371
0.032214
0.028107
0.026646
0.026726
0.026250
0.022920
0.018837
0.009820
0.001159
-0.005468
-0.010115
-0.014937
-0.017086
-0.015609
-0.008090
-0.000498
0.005516
0.008941
0.010737
0.010052
0.006455
0.005262
0.005408
0.007332
0.012461
0.019856
0.023300
0.023026
0.021659
0.020437
0.021410
0.022903
0.023193
0.020851
0.015716
0.005897
-0.012604
-0.039537
-0.066027
-0.081142
-0.088836
-0.089427
-0.081774
-0.062937
-0.035768
-0.008354
0.008409
0.015784
0.018379
0.017607
0.017004
0.016217
0.012634
0.005269
-0.006039
-0.017302
-0.030157
-0.041383
-0.048118
-0.050777
-0.046731
-0.032542
-0.011770
0.011031
0.034642
0.051076
0.056158
0.058351
0.057549
0.052513
0.046422
0.038624
0.027867
0.016467
0.005613
-0.003381
-0.009663
-0.013862
-0.016851
-0.020790
-0.022716
-0.024025
-0.025432
-0.025233
-0.022688
-0.018654
-0.008650
0.001587
0.010810
0.017467
0.015562
0.006750
-0.006046
-0.018571
-0.027153
-0.031383
-0.028331
-0.018794
-0.004968
0.007712
0.012299
0.009823
0.002939
-0.006014
-0.011546
-0.014528
-0.013371
-0.009148
0.001107
0.014530
0.027174
0.038717
0.049169
0.058975
0.068154
0.075538
0.079202
0.079677
0.077463
0.071190
0.059223
0.043602
0.024559
0.003460
-0.017544
-0.035823
-0.051580
-0.062193
-0.065693
-0.066489
-0.063362
-0.054374
-0.041803
-0.032472
-0.024566
-0.018143
-0.017834
-0.021009
-0.021844
-0.021149
-0.021697
-0.019333
-0.009970
0.002201
0.012828
0.023500
0.025783
0.022387
0.019302
0.015516
0.011213
0.007128
0.005382
0.002988
-0.000648
-0.009083
-0.016712
-0.021608
-0.022171
-0.020508
-0.017120
-0.013783
-0.008285
-0.004173
0.001916
0.008644
0.014340
0.022597
0.029103
0.033873
0.034015
0.030290
0.022117
0.010740
-0.001742
-0.014802
-0.027332
-0.036753
-0.040526
-0.041708
-0.038726
-0.030190
-0.021080
-0.015104
-0.012551
-0.013531
-0.017399
-0.024203
-0.030515
-0.034497
-0.033864
-0.028954
-0.022428
-0.017041
-0.010918
-0.006886
-0.000919
0.007475
0.016985
0.031016
0.043359
0.051983
0.058804
0.064068
0.068731
0.065941
0.061353
0.058806
0.053346
0.045748
0.038495
0.028311
0.020797
0.018425
0.015164
0.012730
0.010220
0.007283
0.004492
0.005164
0.004521
0.003402
0.004135
0.001507
-0.001143
-0.000682
0.000919
0.003383
0.004209
0.002690
-0.005927
-0.017442
-0.030691
-0.041796
-0.047799
-0.050200
-0.049443
-0.044938
-0.035999
-0.027481
-0.020993
-0.017838
-0.016552
-0.010786
-0.000324
0.013355
0.024385
0.034190
0.039338
0.038204
0.032658
0.023352
0.011681
0.001941
-0.005279
-0.005104
-0.000786
0.007915
0.017249
0.022721
0.024137
0.023523
0.019725
0.015435
0.009567
0.002340
-0.004073
-0.010612
-0.017401
-0.022861
-0.027432
-0.029436
-0.027929
-0.023310
-0.016263
-0.008131
-0.001531
0.002499
0.006246
0.007062
0.004778
0.002529
0.000678
-0.002386
-0.006273
-0.010250
-0.014037
-0.017165
-0.019427
-0.019426
-0.017799
-0.012235
-0.006793
-0.002431
0.000800
0.003319
0.004075
0.005446
0.003585
-0.003950
-0.012461
-0.022540
-0.028589
-0.032355
-0.034125
-0.032553
-0.031513
-0.027760
-0.025190
-0.024661
-0.023276
-0.020310
-0.013667
-0.006725
-0.001181
0.002963
0.003102
-0.000296
-0.003970
-0.008670
-0.012241
-0.012651
-0.012931
-0.013576
-0.012203
-0.009914
-0.008795
-0.006594
-0.004196
0.000668
0.006208
0.010944
0.014698
0.018078
0.020373
0.021594
0.023403
0.027099
0.029607
0.029797
0.028611
0.024884
0.018769
0.015218
0.012997
0.010655
0.009416
0.005563
-0.000853
-0.004453
-0.010395
-0.017305
-0.022136
-0.023189
-0.023346
-0.020708
-0.015909
-0.011753
-0.006509
-0.001722
0.001083
0.002114
0.002621
0.000579
-0.000608
0.000739
0.001444
0.001667
0.001940
0.000087
-0.004768
-0.010369
-0.014447
-0.018260
-0.022376
-0.025571
-0.027173
-0.027738
-0.026693
-0.026459
-0.024850
-0.021665
-0.015291
-0.003655
0.008507
0.018442
0.026610
0.032805
0.036320
0.040394
0.043634
0.040023
0.033878
0.030132
0.023161
0.015372
0.008673
0.004607
0.001561
0.000271
0.001204
0.004452
0.007036
0.006692
0.007661
0.007822
0.007322
0.005993
0.002910
-0.002157
-0.008246
-0.012238
-0.017074
-0.022985
-0.024209
-0.022696
-0.022510
-0.020766
-0.017952
-0.015051
-0.011816
-0.009381
-0.006781
-0.003221
-0.001923
-0.002936
-0.001008
0.004313
0.008188
0.011866
0.017214
0.024030
0.030431
0.035992
0.039064
0.040812
0.042506
0.041400
0.038450
0.038946
0.040316
0.041193
0.040672
0.040486
0.038476
0.033108
0.024675
0.015593
0.004827
-0.004705
-0.011607
-0.012031
-0.009468
-0.008082
-0.006168
-0.005336
-0.005544
-0.005961
-0.005122
-0.005773
-0.006550
-0.006997
-0.007773
-0.009876
-0.014406
-0.017652
-0.020052
-0.022418
-0.020793
-0.017828
-0.010651
-0.002423
0.005031
0.008214
0.007510
0.006735
0.006146
0.005062
0.004396
0.004720
0.006269
0.008880
0.008228
0.009460
0.011261
0.010143
0.008259
0.005984
0.002951
-0.001350
-0.006681
-0.010747
-0.016385
-0.023361
-0.030353
-0.033208
-0.033413
-0.033735
-0.032447
-0.028873
-0.026248
-0.027600
-0.027366
-0.027089
-0.027627
-0.025095
-0.021035
-0.017728
-0.015019
-0.012091
-0.012667
-0.015112
-0.017924
-0.021608
-0.025433
-0.027224
-0.024062
-0.021056
-0.016362
-0.008875
-0.003962
-0.002043
-0.000438
0.001700
0.004485
0.007111
0.008569
0.007691
0.007418
0.006329
0.004493
0.002777
0.000638
-0.000015
-0.002346
-0.006491
-0.010138
-0.013584
-0.014601
-0.013752
-0.011948
-0.008711
-0.001771
0.009224
0.019913
0.026768
0.030611
0.031740
0.032317
0.030236
0.026330
0.020810
0.014430
0.010040
0.008131
0.007102
0.007072
0.008056
0.007296
0.006380
0.003907
0.000315
-0.003849
-0.007493
-0.010418
-0.012902
-0.014215
-0.014177
-0.015599
-0.018035
-0.016899
-0.015380
-0.012520
-0.009729
-0.007109
-0.003877
-0.004135
-0.007687
-0.009259
-0.009347
-0.011459
-0.011073
-0.007686
-0.004204
-0.000472
0.003196
0.005490
0.008689
0.010013
0.011277
0.014612
0.018891
0.023213
0.028012
0.032337
0.034916
0.036037
0.034762
0.034062
0.033320
0.032767
0.031603
0.029965
0.027365
0.024694
0.020688
0.018331
0.017326
0.015872
0.014004
0.012393
0.008396
0.002732
-0.004170
-0.009421
-0.011761
-0.011890
-0.012876
-0.010516
-0.006732
-0.005638
-0.004012
-0.000204
0.001100
0.000758
0.001297
0.002752
0.003495
0.004126
0.005931
0.009195
0.011235
0.009990
0.007820
0.005726
0.002545
-0.003258
-0.007938
-0.008982
-0.007206
-0.004038
-0.002745
-0.003934
-0.005343
-0.006102
-0.006645
-0.008320
-0.011477
-0.011927
-0.011018
-0.009441
-0.008975
-0.007018
-0.002756
-0.000057
-0.000192
0.001016
0.003221
0.005908
0.007553
0.008876
0.007036
0.001796
-0.003586
-0.009967
-0.014575
-0.016311
-0.014518
-0.013767
-0.011927
-0.008259
-0.005854
-0.004130
-0.003081
0.000958
0.002068
0.001549
-0.000088
-0.002528
-0.005461
-0.010302
-0.016517
-0.020471
-0.022384
-0.021968
-0.020848
-0.018428
-0.012282
-0.007348
-0.001390
0.003964
0.009210
0.013629
0.017341
0.018408
0.017664
0.016881
0.013725
0.012866
0.012511
0.011452
0.010050
0.008954
0.005866
0.004346
0.002680
0.003886
0.006829
0.011259
0.017138
0.023631
0.028770
0.032630
0.034413
0.033565
0.030894
0.026159
0.019548
0.012558
0.006204
-0.000591
-0.004752
-0.007991
-0.011763
-0.015637
-0.019186
-0.021697
-0.023253
-0.023666
-0.024135
-0.021522
-0.016628
-0.011766
-0.005509
0.000050
0.006020
0.009641
0.009273
0.009396
0.010971
0.010679
0.010711
0.011332
0.008855
0.008677
0.007034
0.005185
0.004378
0.003827
0.002412
0.002714
0.001267
-0.001233
-0.002043
-0.002283
-0.001844
0.000612
0.003711
0.003232
0.002929
0.004431
0.004823
0.003699
0.004656
0.006178
0.006852
0.007745
0.009739
0.009874
0.009008
0.008260
0.007673
0.005746
0.004264
0.003278
0.001356
-0.001396
-0.002826
-0.005997
-0.008847
-0.011806
-0.015375
-0.016392
-0.019327
-0.021707
-0.024370
-0.027835
-0.030275
-0.031582
-0.033477
-0.036247
-0.035878
-0.034969
-0.033389
-0.030631
-0.025572
-0.022715
-0.018985
-0.015549
-0.013452
-0.012517
-0.011393
-0.011705
-0.013732
-0.018467
-0.021163
-0.023668
-0.025381
-0.027287
-0.028619
-0.028281
-0.025433
-0.021926
-0.017902
-0.013006
-0.005068
0.003434
0.008162
0.010854
0.014339
0.017327
0.018635
0.020272
0.021387
0.022045
0.021944
0.018522
0.014600
0.011310
0.008195
0.004962
0.003096
0.003088
0.001577
0.000657
-0.002626
-0.006026
-0.008220
-0.010534
-0.012262
-0.013463
-0.013867
-0.016282
-0.018144
-0.022450
-0.026071
-0.026972
-0.027999
-0.029316
-0.026353
-0.023969
-0.022602
-0.020592
-0.017409
-0.015327
-0.011474
-0.009123
-0.008353
-0.005833
-0.003722
-0.001902
0.000473
0.003860
0.008811
0.013994
0.019076
0.024647
0.028642
0.032757
0.035936
0.035446
0.036072
0.034565
0.033561
0.032916
0.030649
0.030010
0.026795
0.024481
0.022876
0.018598
0.016356
0.014845
0.012364
0.011875
0.010471
0.009418
0.008146
0.006837
0.006058
0.004894
0.004567
0.006427
0.006948
0.005252
0.003558
0.003485
0.002549
0.002773
0.005457
0.005221
0.003870
0.002746
0.001379
-0.001229
-0.001712
-0.002647
-0.001614
-0.000225
0.001904
0.003288
0.006809
0.010605
0.015429
0.020826
0.024674
0.029356
0.033613
0.033240
0.032720
0.031655
0.029211
0.025044
0.020914
0.016266
0.011609
0.005285
-0.001034
-0.006162
-0.009997
-0.014046
-0.015387
-0.016008
-0.012937
-0.009401
-0.007076
-0.002903
-0.000769
0.002026
0.003131
0.003823
0.004945
0.005826
0.006759
0.007939
0.007137
0.006959
0.006405
0.008221
0.008399
0.007818
0.007971
0.008156
0.008015
0.010133
0.010834
0.010218
0.010156
0.009129
0.007601
0.007291
0.006621
0.007945
0.007333
0.006400
0.005741
0.005058
0.001833
-0.002129
-0.006226
-0.009604
-0.011825
-0.015043
-0.015554
-0.013982
-0.013201
-0.013242
-0.011075
-0.008575
-0.009054
-0.010808
-0.012550
-0.014511
-0.019037
-0.022828
-0.023755
-0.025012
-0.024981
-0.024353
-0.023431
-0.021477
-0.021105
-0.023215
-0.025724
-0.028980
-0.031844
-0.036119
-0.039344
-0.039545
-0.038198
-0.035195
-0.033780
-0.032360
-0.030006
-0.025992
-0.023363
-0.019746
-0.015796
-0.011650
-0.008811
-0.005823
-0.004261
-0.002402
-0.000805
0.000858
0.003236
0.005221
0.008602
0.011028
0.013609
0.015292
0.015860
0.015960
0.013963
0.011414
0.009400
0.005624
0.002657
-0.000213
-0.001831
-0.004636
-0.007625
-0.011219
-0.013302
-0.014441
-0.013666
-0.012020
-0.010170
-0.007452
-0.005905
-0.004206
-0.003478
-0.002724
-0.001289
-0.000381
0.001174
0.001064
0.003947
0.007040
0.008490
0.013204
0.017460
0.018793
0.025460
0.031230
0.032769
0.037116
0.040256
0.041371
0.040892
0.040490
0.037253
0.032978
0.028675
0.024364
0.021980
0.021388
0.019972
0.019342
0.020000
0.018317
0.016316
0.016120
0.016145
0.015753
0.016951
0.018559
0.017509
0.017020
0.017598
0.016256
0.015534
0.015540
0.015147
0.014934
0.013067
0.013119
0.013463
0.011528
0.008381
0.005790
0.003686
0.001084
-0.002213
-0.004690
-0.008914
-0.011817
-0.014510
-0.018296
-0.020893
-0.022042
-0.023570
-0.023648
-0.023689
-0.024313
-0.024190
-0.024099
-0.024130
-0.022765
-0.020118
-0.017921
-0.015243
-0.012135
-0.008560
-0.005500
-0.002843
-0.002192
-0.004498
-0.006161
-0.009077
-0.011760
-0.013867
-0.014558
-0.013206
-0.011596
-0.009112
-0.007876
-0.007026
-0.006677
-0.006832
-0.010174
-0.011116
-0.011068
-0.011883
-0.011697
-0.012417
-0.012594
-0.011833
-0.011493
-0.010010
-0.008923
-0.009838
-0.009813
-0.008677
-0.010139
-0.008050
-0.004981
-0.004851
-0.004188
-0.002526
-0.003068
-0.005402
-0.008321
-0.009605
-0.010167
-0.011233
-0.013248
-0.012900
-0.012543
-0.010923
-0.008010
-0.008362
-0.006428
-0.003043
-0.001199
0.000129
0.002106
0.003765
0.005523
0.007097
0.006746
0.006343
0.006984
0.007768
0.005643
0.004266
0.005181
0.005431
0.005676
0.007483
0.008515
0.006860
0.005264
0.003806
0.002057
0.000121
-0.002583
-0.004821
-0.008448
-0.012589
-0.013945
-0.015534
-0.016953
-0.015112
-0.013217
-0.012249
-0.009953
-0.006468
-0.003760
-0.000105
0.005736
0.011103
0.015352
0.017105
0.019541
0.021215
0.020477
0.020745
0.021446
0.021604
0.022123
0.020487
0.019767
0.017782
0.015513
0.015066
0.011734
0.008668
0.006726
0.005409
0.004836
0.003368
0.002245
0.002244
0.002637
0.001508
0.000481
0.000567
0.001849
0.003051
0.006446
0.010199
0.010632
0.013020
0.015499
0.016975
0.017789
0.018996
0.019312
0.018643
0.017508
0.017663
0.015969
0.013861
0.013178
0.012358
0.010824
0.007962
0.004877
0.001997
-0.000484
-0.002918
-0.002763
-0.002673
-0.001871
-0.000562
0.001118
0.003029
0.005010
0.004863
0.005141
0.004246
0.000855
-0.001766
-0.003031
-0.004426
-0.004098
-0.004566
-0.004941
-0.004253
-0.005696
-0.005058
-0.004012
-0.003103
-0.001465
-0.001291
-0.003806
-0.006018
-0.006717
-0.007842
-0.010045
-0.009895
-0.011919
-0.012254
-0.013929
-0.015509
-0.017195
-0.017953
-0.018087
-0.017026
-0.013949
-0.010416
-0.007553
-0.005343
-0.003332
-0.003945
-0.004068
-0.003881
-0.004225
-0.005648
-0.005583
-0.004072
-0.003186
-0.002011
-0.000678
0.000130
0.001362
0.000750
-0.000370
0.000366
0.000763
-0.000941
-0.002763
-0.002333
-0.001514
-0.002067
-0.001179
-0.001123
-0.002581
-0.003799
-0.004578
-0.005948
-0.007138
-0.008341
-0.009126
-0.010768
-0.012089
-0.012613
-0.013336
-0.011886
-0.010150
-0.010071
-0.008136
-0.006498
-0.004394
-0.000793
-0.000406
0.001529
0.004688
0.007516
0.009422
0.009362
0.008885
0.008301
0.009690
0.009771
0.009932
0.008585
0.007017
0.006409
0.004067
0.002527
0.001154
-0.000261
0.000827
0.002234
0.003077
0.005604
0.008292
0.011326
0.013016
0.013402
0.012456
0.012858
0.012623
0.012119
0.011455
0.010096
0.007479
0.004241
-0.000355
-0.004545
-0.006616
-0.008623
-0.010143
-0.009585
-0.009648
-0.011363
-0.011083
-0.009773
-0.010047
-0.009600
-0.009941
-0.009662
-0.009286
-0.009389
-0.010382
-0.008004
-0.005670
-0.004784
-0.003387
-0.004151
-0.003219
-0.002843
-0.002858
-0.000638
0.000844
0.002011
0.003454
0.004884
0.005315
0.004298
0.001850
-0.001637
-0.002035
-0.002377
-0.003982
-0.004542
-0.005436
-0.005720
-0.006567
-0.007268
-0.006984
-0.006621
-0.006332
-0.004508
-0.002312
-0.000353
0.001227
0.002375
0.003870
0.005604
0.006924
0.007143
0.007500
0.008533
0.009241
0.011184
0.012312
0.013459
0.013351
0.011270
0.010865
0.009014
0.006163
0.003462
0.002719
0.001366
0.001821
0.002250
0.001731
0.002668
0.003062
0.004679
0.005757
0.004767
0.005425
0.005360
0.005778
0.006183
0.006300
0.005881
0.004945
0.003304
0.002542
0.003185
0.003520
0.003693
0.004081
0.006484
0.007854
0.008321
0.008850
0.008546
0.010382
0.010195
0.009067
0.007501
0.005758
0.002701
0.000597
-0.002519
-0.004904
-0.007298
-0.008668
-0.009175
-0.013063
-0.014135
-0.012506
-0.012272
-0.012145
-0.010887
-0.009486
-0.009669
-0.007175
-0.003842
-0.001516
0.001612
0.003502
0.004505
0.004928
0.004856
0.005897
0.006535
0.007915
0.008209
0.006270
0.005153
0.004960
0.004632
0.005115
0.003549
0.003555
0.004848
0.005747
0.006111
0.005758
0.006581
0.005907
0.005682
0.002870
-0.000164
-0.004139
-0.006599
-0.010044
-0.012212
-0.014900
-0.016741
-0.018056
-0.017691
-0.015607
-0.013853
-0.012135
-0.009602
-0.006727
-0.003480
-0.000619
0.001929
0.003181
0.003008
0.002828
0.001500
0.001368
0.002226
0.001752
0.001270
0.000355
-0.001614
-0.002428
-0.003783
-0.004933
-0.008052
-0.011254
-0.014130
-0.016951
-0.017750
-0.018333
-0.021733
-0.022272
-0.022428
-0.024171
-0.024196
-0.023111
-0.021801
-0.019543
-0.017600
-0.014828
-0.013150
-0.012593
-0.009338
-0.006121
-0.003758
-0.001406
0.000915
0.002316
0.004872
0.005573
0.006227
0.007973
0.008485
0.009791
0.010024
0.008096
0.007760
0.008288
0.007899
0.008599
0.008260
0.009748
0.012045
0.013861
0.015457
0.017265
0.016601
0.015904
0.013935
0.011843
0.010060
0.006247
0.006243
0.006071
0.006031
0.006861
0.006799
0.008976
0.010739
0.010137
0.012626
0.013960
0.012952
0.013294
0.011533
0.011066
0.010356
0.009336
0.009871
0.012226
0.011946
0.011176
0.012797
0.013054
0.011338
0.008866
0.008416
0.007672
0.003756
0.002222
0.002543
0.002031
0.001598
-0.000326
-0.002142
-0.002508
-0.004195
-0.006798
-0.007079
-0.007096
-0.005835
-0.003673
-0.003740
-0.007835
-0.009523
-0.010504
-0.013670
-0.015041
-0.015971
-0.015548
-0.013504
-0.011437
-0.010061
-0.008438
-0.006732
-0.006673
-0.006536
-0.006250
-0.005185
-0.004044
-0.003991
-0.002495
0.000555
0.001734
0.001577
0.001391
0.001259
-0.000857
-0.001642
-0.002454
-0.004330
-0.006292
-0.007099
-0.009167
-0.010883
-0.012209
-0.011068
-0.010593
-0.013006
-0.013178
-0.012217
-0.012794
-0.013434
-0.015845
-0.016864
-0.017417
-0.017845
-0.018914
-0.019721
-0.019584
-0.018791
-0.019023
-0.016451
-0.012725
-0.010998
-0.008641
-0.007028
-0.005349
-0.004953
-0.003543
-0.001892
0.000237
0.003306
0.005814
0.006931
0.009900
0.012433
0.013349
0.016047
0.014647
0.011719
0.012233
0.014949
0.015060
0.014878
0.016090
0.017685
0.018501
0.017470
0.017629
0.018255
0.017549
0.016912
0.016215
0.015148
0.015691
0.016750
0.018067
0.019253
0.021832
0.022554
0.021693
0.021428
0.021627
0.021476
0.021322
0.020140
0.020503
0.021582
0.020470
0.019653
0.017568
0.015313
0.013708
0.012307
0.011860
0.011684
0.012868
0.012647
0.011611
0.010971
0.011220
0.012302
0.011871
0.011790
0.010720
0.006593
0.005310
0.005757
0.006228
0.006361
0.005739
0.004415
0.001651
0.000158
-0.002919
-0.004501
-0.005712
-0.008930
-0.010191
-0.011323
-0.013084
-0.014436
-0.014574
-0.015220
-0.015540
-0.016120
-0.015837
-0.015565
-0.015465
-0.015843
-0.015475
-0.016539
-0.015811
-0.012481
-0.010036
-0.009236
-0.005696
-0.002479
-0.002122
-0.002677
-0.004678
-0.007694
-0.007844
-0.007601
-0.007002
-0.006434
-0.005652
-0.004981
-0.003743
-0.002943
-0.003008
-0.002958
-0.001827
-0.000786
-0.000748
-0.000607
0.000736
0.000259
-0.001345
-0.002539
-0.003718
-0.005044
-0.005547
-0.006419
-0.007456
-0.007401
-0.007462
-0.008888
-0.008397
-0.007272
-0.007652
-0.008274
-0.007423
-0.007528
-0.007787
-0.005949
-0.004728
-0.002284
-0.002117
-0.002693
-0.003105
-0.004135
-0.004151
-0.005286
-0.005765
-0.005467
-0.005059
-0.003129
-0.000378
0.000827
0.003899
0.006298
0.006605
0.008209
0.009387
0.009818
0.010712
0.012471
0.012465
0.011936
0.011650
0.011400
0.010281
0.008030
0.006270
0.005292
0.001690
0.000233
0.000029
-0.002197
-0.003232
-0.004337
-0.006683
-0.007862
-0.010169
-0.011331
-0.010534
-0.010951
-0.010600
-0.009849
-0.008694
-0.007520
-0.007070
-0.005231
-0.003955
-0.004380
-0.003958
-0.003678
-0.000932
-0.000720
-0.001823
-0.003145
-0.003793
-0.004341
-0.004387
-0.004320
-0.004295
-0.004951
-0.005602
-0.005318
-0.004342
-0.004220
-0.005303
-0.005606
-0.004623
-0.006826
-0.007779
-0.007678
-0.007802
-0.007744
-0.008196
-0.008531
-0.009021
-0.007932
-0.007484
-0.007834
-0.006210
-0.003421
-0.002776
-0.000581
0.001618
0.001561
0.002470
0.005931
0.006971
0.006702
0.006602
0.006517
0.006243
0.006063
0.005615
0.004736
0.004421
0.006917
0.007603
0.008973
0.012429
0.013454
0.016052
0.016922
0.016816
0.016634
0.017612
0.019158
0.017465
0.016829
0.017212
0.017587
0.017489
0.015978
0.014130
0.014809
0.014191
0.012310
0.010369
0.009663
0.009179
0.009208
0.007886
0.005392
0.005306
0.003042
0.000953
-0.000512
-0.000778
-0.000379
-0.000118
-0.001129
-0.002132
-0.002751
-0.001946
-0.004635
-0.007037
-0.006920
-0.009614
-0.011216
-0.011435
-0.013666
-0.016608
-0.018671
-0.020811
-0.023272
-0.022990
-0.022298
-0.022879
-0.023517
-0.023089
-0.021298
-0.020268
-0.019844
-0.017952
-0.016022
-0.015329
-0.014655
-0.013064
-0.012254
-0.011880
-0.011932
-0.014256
-0.014655
-0.015381
-0.016434
-0.016060
-0.014685
-0.014463
-0.014285
-0.011487
-0.010002
-0.007169
-0.005106
-0.004928
-0.003344
-0.001497
0.001369
0.002414
0.001812
0.003461
0.004824
0.005332
0.004594
0.003046
0.002622
0.001025
0.000218
0.000332
0.000161
0.002189
0.003837
0.005780
0.007615
0.008265
0.008726
0.010497
0.010012
0.010756
0.011188
0.012598
0.013319
0.011817
0.012091
0.014030
0.013816
0.014078
0.015272
0.015637
0.016524
0.017380
0.018017
0.017161
0.016186
0.015635
0.014487
0.012085
0.011050
0.007906
0.005320
0.002807
0.001023
0.000209
-0.000793
-0.001615
-0.003305
-0.006280
-0.007125
-0.006872
-0.009577
-0.010186
-0.009508
-0.010165
-0.010947
-0.012643
-0.014567
-0.015821
-0.018020
-0.019079
-0.020754
-0.021672
-0.020868
-0.021422
-0.020946
-0.020269
-0.019306
-0.017382
-0.013908
-0.011661
-0.009522
-0.006488
-0.002464
0.001353
0.004613
0.005804
0.006818
0.009889
0.011509
0.011110
0.014253
0.014531
0.013929
0.014199
0.014560
0.014375
0.015093
0.015828
0.015661
0.014428
0.013865
0.013221
0.010284
0.007973
0.006695
0.005544
0.003960
0.001871
0.001027
-0.000087
-0.000272
-0.000661
-0.001253
-0.001700
-0.002460
-0.002919
-0.003670
-0.001558
0.000582
-0.000074
0.000945
0.002751
0.002745
0.001785
0.002359
0.002522
0.002041
0.001542
-0.000580
-0.001818
-0.002508
-0.003793
-0.003818
-0.004460
-0.005047
-0.005001
-0.003750
-0.002010
-0.002021
-0.002179
-0.001328
-0.000785
-0.000207
0.000331
0.001525
0.002067
0.002653
0.002911
0.002623
0.002603
0.002443
0.002423
0.001713
0.001422
0.001769
0.001754
0.001324
0.000968
0.001484
0.001193
-0.000195
0.000169
0.001256
0.002625
0.004479
0.007036
0.007872
0.008314
0.008000
0.008373
0.008094
0.007562
0.008008
0.007801
0.007607
0.007111
0.006370
0.005762
0.005093
0.005082
0.005123
0.005729
0.005638
0.005387
0.005315
0.005050
0.004998
0.004827
0.004773
0.004448
0.004518
0.005438
0.005272
0.005364
0.004973
0.002946
0.003244
0.003531
0.003263
0.002581
0.002014
0.002033
0.001944
0.001932
0.001084
-0.000270
-0.000126
-0.000094
0.000331
0.001812
0.003037
0.005044
0.005701
0.007001
0.008310
0.007640
0.007192
0.006767
0.006432
0.005609
0.004678
0.003658
0.002993
0.002640
0.002436
0.001650
0.000863
0.000008
-0.000485
-0.000728
-0.001092
-0.002916
-0.003536
-0.003797
-0.004829
-0.005128
-0.004653
-0.004200
-0.004333
-0.005518
-0.004899
-0.004764
-0.005241
-0.005482
-0.005741
-0.005581
-0.006248
-0.008153
-0.008586
-0.007538
-0.007956
-0.008954
-0.009260
-0.009430
-0.008996
-0.008634
-0.008275
-0.007934
-0.007218
-0.006387
-0.004218
-0.003489
-0.003546
-0.003244
-0.003046
-0.003287
-0.003587
-0.003284
-0.003235
-0.002416
-0.001325
-0.000105
0.000150
0.000726
0.001437
0.001982
0.002736
0.003055
0.003813
0.004257
0.004447
0.004841
0.005203
0.005547
0.006765
0.005919
0.004780
0.004415
0.004515
0.003664
0.003034
0.002511
0.002284
0.002069
0.001827
0.001281
0.001831
0.001594
0.000836
0.000798
0.000688
0.000072
-0.000595
-0.000551
-0.000641
-0.001002
-0.001798
-0.002297
-0.003314
-0.003548
-0.003921
-0.004931
-0.004887
-0.004496
-0.004162
-0.003553
-0.002557
-0.001423
-0.001220
-0.000344
0.000607
0.000699
0.000500
0.000979
0.001253
0.000864
0.000450
0.000665
0.001295
0.001597
0.000885
0.001239
0.001533
0.001202
0.001034
0.000908
0.000744
0.000511
0.000116
-0.000147
-0.000201
-0.000346
-0.000443
-0.000550
-0.000891
-0.001605
-0.001664
-0.002192
-0.002551
-0.002410
-0.002142
-0.002348
-0.002546
-0.002038
-0.002110
-0.002234
-0.002170
-0.001832
-0.001628
-0.001554
-0.001087
-0.000944
-0.001041
-0.000394
-0.000049
-0.000246
-0.000345
-0.000206
0.000005
-0.000157
-0.000291
-0.000365
-0.000468
-0.000575
-0.000660
-0.000754
-0.000805
-0.000778
-0.000933
-0.001028
-0.000956
-0.000971
-0.000964
-0.001128
-0.001064
-0.001071
-0.001179
-0.001302
-0.001193
-0.001220
-0.001409
-0.001483
-0.001521
-0.001704
-0.001679
-0.001671
-0.001746
-0.001787
-0.001816
-0.001756
-0.001680
-0.001594
-0.001588
-0.001672
-0.001687
-0.001647
-0.001615
-0.001486
-0.001443
-0.001437
-0.001415
-0.001340
-0.001204
-0.001090
-0.001010
-0.000828
-0.000768
-0.000673
-0.000544
-0.000441
-0.000311
-0.000206
-0.000122
-0.000043
0.000045
0.000081
0.000107
0.000207
0.000212
0.000257
0.000355
0.000394
0.000428
0.000482
0.000537
0.000581
0.000636
0.000678
0.000707
0.000733
0.000761
0.000797
0.000816
0.000825
0.000838
0.000852
0.000853
0.000857
0.000852
0.000852
0.000851
0.000839
0.000828
0.000815
0.000801
0.000786
0.000774
0.000761
0.000742
0.000728
0.000713
0.000693
0.000676
0.000657
0.000637
0.000614
0.000589
0.000563
0.000537
0.000512
0.000488
0.000464
0.000439
0.000416
0.000395
0.000374
0.000355
0.000336
0.000317
0.000299
0.000281
0.000265
0.000249
0.000233
0.000219
0.000204
0.000191
0.000178
0.000165
0.000153
0.000142
0.000131
0.000120
0.000110
0.000100
0.000091
0.000082
0.000074
0.000066
0.000058
0.000051
0.000044
0.000037
0.000031
0.000025
