-0.000076
-0.000090
-0.000096
-0.000099
-0.000100
-0.000100
-0.000098
-0.000095
-0.000089
-0.000085
-0.000080
-0.000079
-0.000082
-0.000087
-0.000094
-0.000101
-0.000102
-0.000090
-0.000066
-0.000051
-0.000050
-0.000051
-0.000058
-0.000090
-0.000150
-0.000227
-0.000309
-0.000382
-0.000451
-0.000509
-0.000531
-0.000526
-0.000513
-0.000498
-0.000477
-0.000426
-0.000335
-0.000186
-0.000008
0.000124
0.000162
0.000127
0.000027
-0.000127
-0.000269
-0.000358
-0.000369
-0.000278
-0.000096
0.000143
0.000348
0.000394
0.000269
0.000051
-0.000099
0.000008
0.000460
0.001183
0.001984
0.002593
0.002795
0.002577
0.002085
0.001641
0.001484
0.001626
0.001951
0.002304
0.002492
0.002391
0.002011
0.001452
0.000864
0.000484
0.000484
0.000803
0.001257
0.001713
0.002214
0.002857
0.003581
0.004231
0.004673
0.004815
0.004718
0.004537
0.004308
0.004097
0.004018
0.004070
0.004175
0.004268
0.004335
0.004392
0.004461
0.004604
0.004888
0.005269
0.005707
0.006292
0.007115
0.008208
0.009297
0.010120
0.010629
0.010687
0.010233
0.009433
0.008800
0.008531
0.008949
0.010184
0.011883
0.013639
0.014756
0.014694
0.013499
0.011908
0.010926
0.011354
0.013308
0.015688
0.017337
0.017524
0.015795
0.012168
0.007008
0.000824
-0.006269
-0.014163
-0.021992
-0.028658
-0.034020
-0.038274
-0.041251
-0.042626
-0.043041
-0.043707
-0.045433
-0.048128
-0.050935
-0.052835
-0.052541
-0.049655
-0.045374
-0.041439
-0.039014
-0.038360
-0.038574
-0.038685
-0.038178
-0.037254
-0.036433
-0.035374
-0.032733
-0.027407
-0.020196
-0.013099
-0.007544
-0.003340
0.000249
0.004082
0.009001
0.014613
0.019976
0.024312
0.027405
0.029562
0.031178
0.032786
0.034220
0.034358
0.031676
0.025049
0.015207
0.006130
0.003013
0.007935
0.017905
0.027752
0.033058
0.033082
0.031382
0.032061
0.036538
0.043243
0.049019
0.051408
0.050002
0.045722
0.039071
0.030341
0.021015
0.013864
0.011164
0.013248
0.018215
0.021910
0.020452
0.012789
-0.000103
-0.015196
-0.027954
-0.034487
-0.033370
-0.026084
-0.016235
-0.008375
-0.005988
-0.010149
-0.018685
-0.026995
-0.029478
-0.022232
-0.006199
0.013429
0.029454
0.035911
0.031474
0.018258
-0.001482
-0.025347
-0.050246
-0.071093
-0.081765
-0.077138
-0.055112
-0.018959
0.021335
0.054044
0.071239
0.070777
0.056444
0.035719
0.016732
0.005092
0.001753
0.003440
0.005675
0.004699
-0.001513
-0.013930
-0.031912
-0.052322
-0.071390
-0.085601
-0.091781
-0.089582
-0.081796
-0.071941
-0.062500
-0.053529
-0.043342
-0.029811
-0.012406
0.006817
0.025080
0.040512
0.052936
0.063956
0.075117
0.086058
0.093871
0.094555
0.084530
0.064660
0.038990
0.013425
-0.007417
-0.021027
-0.026346
-0.024024
-0.016377
-0.005680
0.005550
0.014479
0.018073
0.013954
0.001845
-0.014694
-0.031066
-0.043342
-0.049521
-0.050119
-0.046967
-0.042054
-0.036841
-0.032182
-0.028094
-0.023946
-0.019023
-0.012368
-0.003719
0.005610
0.013979
0.020244
0.023805
0.024274
0.022409
0.019700
0.017642
0.016220
0.014429
0.010861
0.004780
-0.002869
-0.009862
-0.014156
-0.014788
-0.012247
-0.007813
-0.002394
0.004176
0.012366
0.022114
0.032541
0.041853
0.048728
0.053414
0.056782
0.059194
0.060595
0.060733
0.059438
0.056483
0.051528
0.044282
0.034505
0.022123
0.007476
-0.008053
-0.022211
-0.033031
-0.040411
-0.044881
-0.047087
-0.047689
-0.047404
-0.046908
-0.046389
-0.045445
-0.043840
-0.041637
-0.038771
-0.034523
-0.028362
-0.020172
-0.010563
-0.001094
0.005902
0.008770
0.007855
0.005133
0.002597
0.001800
0.002986
0.004997
0.006656
0.008221
0.010669
0.013730
0.015951
0.015777
0.012767
0.007629
0.002514
-0.000484
-0.000437
0.001419
0.002637
0.001303
-0.002144
-0.005593
-0.007427
-0.006790
-0.003855
0.000560
0.005086
0.008604
0.011061
0.012640
0.013150
0.012508
0.011290
0.010579
0.010906
0.011998
0.013014
0.012716
0.010035
0.004932
-0.001706
-0.007932
-0.012570
-0.015225
-0.015732
-0.014299
-0.011768
-0.008842
-0.005463
-0.001855
0.002326
0.007561
0.014641
0.023934
0.034278
0.043489
0.049151
0.050130
0.046974
0.041442
0.035617
0.030481
0.026572
0.024502
0.024489
0.025795
0.027180
0.027297
0.025275
0.021177
0.016050
0.011228
0.006812
0.003248
0.001510
0.001682
0.002028
0.000050
-0.005436
-0.014143
-0.024897
-0.036734
-0.049305
-0.061856
-0.073566
-0.083269
-0.089614
-0.091925
-0.090236
-0.085258
-0.077697
-0.067461
-0.054324
-0.038742
-0.021271
-0.002827
0.015959
0.034774
0.052811
0.069216
0.083404
0.095270
0.104595
0.110979
0.113693
0.111918
0.105500
0.094789
0.080430
0.062916
0.042742
0.020474
-0.003419
-0.027410
-0.049417
-0.067968
-0.082004
-0.090674
-0.093279
-0.089893
-0.082065
-0.072241
-0.062350
-0.053869
-0.047643
-0.043704
-0.041695
-0.040693
-0.040063
-0.038880
-0.036094
-0.031326
-0.024087
-0.014011
-0.001258
0.012946
0.026629
0.037428
0.043072
0.043177
0.039008
0.032014
0.023346
0.013905
0.003897
-0.006286
-0.014941
-0.019437
-0.018600
-0.013144
-0.004735
0.005147
0.015567
0.024639
0.030346
0.032144
0.031310
0.029597
0.028216
0.027335
0.026848
0.027355
0.029347
0.032585
0.036304
0.040207
0.044036
0.047457
0.049904
0.050983
0.051019
0.050154
0.048668
0.046581
0.043464
0.038540
0.030591
0.018866
0.003289
-0.015425
-0.035525
-0.054993
-0.073094
-0.090427
-0.107883
-0.125212
-0.140877
-0.152588
-0.157921
-0.155672
-0.146533
-0.132090
-0.114077
-0.093980
-0.072428
-0.049803
-0.026412
-0.002907
0.019448
0.038495
0.052403
0.060720
0.063744
0.061772
0.055187
0.045071
0.032772
0.019605
0.006833
-0.004050
-0.011535
-0.013955
-0.010410
-0.001150
0.011061
0.023225
0.033839
0.042586
0.050220
0.056590
0.061306
0.063759
0.063232
0.059901
0.054481
0.048048
0.042104
0.038439
0.037847
0.039685
0.043103
0.047114
0.050657
0.052806
0.052945
0.050728
0.046224
0.040136
0.033295
0.026275
0.018938
0.010917
0.001893
-0.007888
-0.017854
-0.028275
-0.039029
-0.049498
-0.059226
-0.068072
-0.076073
-0.082809
-0.087380
-0.089254
-0.088646
-0.086261
-0.082519
-0.076808
-0.068394
-0.056401
-0.040569
-0.021558
-0.000403
0.020277
0.037344
0.048861
0.053935
0.053279
0.048458
0.040898
0.032328
0.024400
0.018120
0.013517
0.009483
0.004775
-0.000927
-0.006745
-0.011780
-0.015793
-0.019270
-0.022865
-0.026636
-0.029573
-0.030177
-0.027373
-0.021168
-0.012312
-0.001670
0.010156
0.022164
0.032909
0.041238
0.046448
0.048327
0.047717
0.045896
0.044216
0.043887
0.045077
0.047096
0.047872
0.045600
0.039402
0.029659
0.018384
0.007351
-0.002851
-0.012138
-0.020108
-0.026629
-0.031379
-0.033794
-0.033829
-0.032244
-0.030243
-0.028883
-0.029269
-0.031992
-0.036669
-0.042048
-0.047115
-0.051242
-0.054443
-0.056768
-0.058510
-0.059609
-0.059435
-0.057333
-0.053072
-0.046955
-0.039578
-0.031785
-0.024676
-0.019259
-0.015820
-0.013613
-0.011431
-0.007906
-0.002136
0.005425
0.013493
0.020696
0.025864
0.028519
0.029051
0.028496
0.027835
0.028108
0.029568
0.031495
0.033051
0.033622
0.032898
0.031150
0.029191
0.028321
0.029886
0.034075
0.039967
0.046083
0.050721
0.052929
0.052189
0.048004
0.040554
0.031261
0.022753
0.017268
0.016220
0.019097
0.023902
0.028005
0.029596
0.028322
0.024755
0.019214
0.011508
0.001659
-0.009614
-0.021198
-0.031983
-0.041295
-0.048868
-0.054951
-0.060052
-0.064178
-0.066197
-0.064991
-0.060378
-0.053386
-0.045106
-0.035924
-0.026658
-0.017919
-0.010565
-0.005160
-0.001661
0.000669
0.002345
0.004167
0.006665
0.010033
0.013732
0.017467
0.021291
0.024779
0.027444
0.028734
0.027427
0.022815
0.014853
0.004311
-0.007039
-0.016614
-0.022181
-0.023037
-0.019100
-0.011359
-0.001403
0.008800
0.017864
0.024590
0.027829
0.026831
0.021937
0.014481
0.005840
-0.002578
-0.009256
-0.012846
-0.013474
-0.012270
-0.010499
-0.008866
-0.007346
-0.005398
-0.002942
-0.000277
0.001799
0.002600
0.002106
0.001387
0.001100
0.001483
0.002455
0.003791
0.005205
0.006944
0.008666
0.010241
0.011669
0.013233
0.015270
0.017648
0.020639
0.023972
0.027076
0.029366
0.030632
0.030337
0.027370
0.021755
0.014327
0.006931
0.001636
0.000108
0.002265
0.006293
0.010546
0.014145
0.016312
0.016544
0.014543
0.009979
0.002841
-0.006506
-0.017371
-0.028571
-0.038449
-0.045646
-0.049521
-0.050520
-0.049922
-0.049654
-0.050672
-0.053784
-0.059517
-0.067189
-0.075210
-0.082013
-0.086882
-0.089382
-0.089247
-0.086842
-0.082079
-0.074233
-0.061557
-0.042447
-0.018757
0.005243
0.026007
0.042052
0.054353
0.064353
0.073109
0.080988
0.087293
0.091596
0.093779
0.093346
0.090336
0.085116
0.077845
0.068830
0.058703
0.048332
0.038861
0.031142
0.025332
0.021463
0.019759
0.019639
0.019610
0.018874
0.018030
0.017822
0.018028
0.018568
0.019028
0.017955
0.013282
0.003980
-0.009251
-0.024824
-0.039966
-0.051807
-0.059152
-0.062279
-0.061815
-0.058913
-0.055144
-0.051616
-0.049349
-0.049063
-0.050778
-0.053244
-0.055417
-0.057100
-0.058688
-0.060127
-0.060612
-0.059710
-0.057175
-0.053165
-0.048348
-0.043574
-0.039231
-0.034927
-0.030073
-0.023612
-0.014868
-0.004904
0.004596
0.012602
0.018643
0.023225
0.027198
0.031407
0.036343
0.041981
0.047753
0.052663
0.056273
0.058707
0.060137
0.061230
0.062258
0.062561
0.061911
0.060806
0.059206
0.056699
0.052862
0.047466
0.040690
0.033886
0.028583
0.025582
0.025285
0.027695
0.032181
0.037441
0.042182
0.045258
0.046065
0.044644
0.041339
0.036882
0.031449
0.024590
0.016057
0.005731
-0.005915
-0.018048
-0.030221
-0.042165
-0.053270
-0.063735
-0.073676
-0.083158
-0.091187
-0.096356
-0.097831
-0.094764
-0.087339
-0.077349
-0.066874
-0.057842
-0.050881
-0.045696
-0.041937
-0.039741
-0.038680
-0.037774
-0.035878
-0.032047
-0.025383
-0.016390
-0.007075
0.001129
0.007474
0.011995
0.015697
0.019631
0.024564
0.030674
0.037255
0.043538
0.048720
0.052417
0.054760
0.056244
0.056691
0.055177
0.051405
0.045521
0.038105
0.029457
0.020215
0.011437
0.003592
-0.002941
-0.007834
-0.011089
-0.012287
-0.010893
-0.006043
0.002816
0.015199
0.029218
0.042374
0.052259
0.056745
0.055349
0.049277
0.040254
0.030223
0.021018
0.013979
0.009666
0.007340
0.005550
0.002630
-0.002375
-0.009902
-0.019313
-0.029638
-0.039702
-0.047935
-0.053308
-0.055848
-0.055922
-0.054018
-0.050589
-0.045682
-0.038473
-0.028529
-0.015861
-0.001283
0.014098
0.029069
0.041854
0.050878
0.055666
0.056593
0.054333
0.049751
0.043801
0.037394
0.031200
0.025391
0.020004
0.015398
0.012150
0.010686
0.011111
0.012644
0.014177
0.014702
0.013740
0.010651
0.005107
-0.002244
-0.009251
-0.014264
-0.017121
-0.018187
-0.018150
-0.018289
-0.019239
-0.021007
-0.023583
-0.026221
-0.028103
-0.029293
-0.030471
-0.031894
-0.033706
-0.035820
-0.037834
-0.039490
-0.040745
-0.041200
-0.040911
-0.040415
-0.039299
-0.036382
-0.030922
-0.024120
-0.017637
-0.012712
-0.009929
-0.008278
-0.006173
-0.002735
0.001768
0.007257
0.013132
0.018401
0.022429
0.025281
0.027120
0.028398
0.029732
0.030806
0.031316
0.031076
0.030391
0.029411
0.028296
0.027329
0.026465
0.025375
0.023510
0.020456
0.016099
0.010839
0.004894
-0.001603
-0.008456
-0.014998
-0.020580
-0.024334
-0.025425
-0.023479
-0.018735
-0.012397
-0.005558
0.002065
0.010723
0.019593
0.027586
0.033069
0.035009
0.033591
0.029495
0.023661
0.016631
0.008762
0.000385
-0.008054
-0.016085
-0.023224
-0.029133
-0.032852
-0.034067
-0.033493
-0.032089
-0.030883
-0.030609
-0.031778
-0.034433
-0.037747
-0.040523
-0.042206
-0.043261
-0.043741
-0.043984
-0.044412
-0.044584
-0.044119
-0.043194
-0.041439
-0.038132
-0.033636
-0.028349
-0.022064
-0.014754
-0.006461
0.002611
0.012361
0.022723
0.033455
0.044136
0.053839
0.061742
0.067274
0.070618
0.072214
0.072101
0.070368
0.067206
0.062657
0.057244
0.051860
0.047085
0.043242
0.040652
0.039517
0.039505
0.040385
0.041722
0.042749
0.043165
0.042816
0.041495
0.039403
0.037227
0.035305
0.033632
0.031267
0.027446
0.022247
0.015899
0.008148
-0.001527
-0.012094
-0.022366
-0.031469
-0.039497
-0.046967
-0.053935
-0.059893
-0.064475
-0.068014
-0.071224
-0.074565
-0.077234
-0.078113
-0.076398
-0.072028
-0.064945
-0.055160
-0.043804
-0.032101
-0.021338
-0.012263
-0.003902
0.005167
0.015627
0.026833
0.037157
0.044837
0.047908
0.045184
0.037036
0.025502
0.013029
0.001546
-0.007992
-0.015226
-0.020701
-0.024963
-0.027848
-0.028885
-0.027409
-0.022638
-0.015222
-0.006596
0.002197
0.010065
0.016036
0.020140
0.022752
0.024180
0.024646
0.024672
0.025157
0.026375
0.028550
0.032012
0.036795
0.042153
0.046885
0.049741
0.050079
0.047479
0.042077
0.034717
0.026739
0.019506
0.013742
0.009598
0.006737
0.005015
0.003921
0.002259
-0.000986
-0.006176
-0.012827
-0.019818
-0.025795
-0.030126
-0.032273
-0.031966
-0.029496
-0.025313
-0.020373
-0.015770
-0.013058
-0.013035
-0.015625
-0.020238
-0.025688
-0.030644
-0.034376
-0.037103
-0.039510
-0.042399
-0.046019
-0.050175
-0.054196
-0.057493
-0.060225
-0.063247
-0.066489
-0.068882
-0.069475
-0.067835
-0.064059
-0.058481
-0.051540
-0.043794
-0.035414
-0.026704
-0.018343
-0.010771
-0.004115
0.001760
0.006732
0.009927
0.010141
0.007215
0.002608
-0.001526
-0.003640
-0.003039
0.000625
0.007067
0.015450
0.024836
0.034599
0.043880
0.052174
0.059792
0.066812
0.073070
0.078499
0.083436
0.088046
0.091973
0.095056
0.097778
0.100551
0.103067
0.104340
0.103927
0.101513
0.096025
0.087305
0.075774
0.061709
0.045196
0.026528
0.007438
-0.010305
-0.025926
-0.038212
-0.046818
-0.052198
-0.055055
-0.055777
-0.055197
-0.054440
-0.053580
-0.052331
-0.050553
-0.048120
-0.044450
-0.039943
-0.035336
-0.030577
-0.025660
-0.021341
-0.018139
-0.015782
-0.013733
-0.011917
-0.010572
-0.010274
-0.011394
-0.013370
-0.015800
-0.018159
-0.019931
-0.020676
-0.020041
-0.018085
-0.014584
-0.009872
-0.004448
0.001332
0.006790
0.011388
0.015038
0.017817
0.020161
0.022153
0.023630
0.024735
0.025607
0.026494
0.027815
0.029414
0.030518
0.030333
0.028450
0.025413
0.021775
0.017148
0.011736
0.005926
0.000633
-0.003298
-0.006062
-0.008179
-0.009848
-0.010926
-0.011617
-0.011782
-0.011406
-0.010406
-0.009011
-0.007039
-0.004406
-0.001557
0.000646
0.002323
0.004057
0.005665
0.006472
0.006426
0.005573
0.003564
0.000963
-0.001978
-0.004903
-0.007499
-0.009761
-0.011588
-0.013165
-0.014758
-0.016693
-0.018895
-0.021045
-0.023030
-0.024775
-0.025865
-0.025758
-0.024462
-0.022162
-0.018756
-0.014551
-0.009954
-0.005315
-0.000829
0.003312
0.007083
0.010383
0.013086
0.015385
0.017033
0.017312
0.015889
0.013146
0.009634
0.005787
0.001659
-0.002405
-0.006171
-0.009631
-0.012705
-0.015390
-0.017549
-0.018758
-0.018291
-0.016238
-0.013032
-0.008960
-0.004547
-0.000647
0.002435
0.004581
0.005890
0.006724
0.007586
0.008431
0.009766
0.011614
0.013751
0.015872
0.017465
0.018524
0.019412
0.020033
0.020590
0.021407
0.022365
0.022489
0.021044
0.017964
0.013913
0.009403
0.003899
-0.003183
-0.011452
-0.019763
-0.026606
-0.031380
-0.034207
-0.035105
-0.034364
-0.032492
-0.030092
-0.027482
-0.024656
-0.021175
-0.016873
-0.012072
-0.007504
-0.004129
-0.002191
-0.001328
-0.001453
-0.002676
-0.005181
-0.008784
-0.013028
-0.017222
-0.020442
-0.022239
-0.022446
-0.021597
-0.020361
-0.018377
-0.015334
-0.011376
-0.007108
-0.002577
0.002058
0.006503
0.010726
0.014664
0.017909
0.020488
0.022488
0.023887
0.024529
0.025010
0.026274
0.028450
0.031459
0.034667
0.037890
0.040892
0.043521
0.045464
0.046436
0.046251
0.044701
0.041952
0.038479
0.034149
0.029235
0.024058
0.018659
0.013288
0.007795
0.001973
-0.003793
-0.009412
-0.014604
-0.019242
-0.023756
-0.028168
-0.031777
-0.034182
-0.035350
-0.035335
-0.034119
-0.031725
-0.028466
-0.024774
-0.021275
-0.018045
-0.014906
-0.011799
-0.008440
-0.004887
-0.001585
0.001086
0.003110
0.004755
0.005856
0.006293
0.005704
0.003753
0.000649
-0.003189
-0.007558
-0.011921
-0.015180
-0.016850
-0.017961
-0.019617
-0.022089
-0.024887
-0.027478
-0.029204
-0.029157
-0.026971
-0.022667
-0.016704
-0.009489
-0.001663
0.005616
0.011822
0.016783
0.020632
0.023603
0.025746
0.027298
0.028260
0.028779
0.029347
0.029973
0.030129
0.029847
0.029696
0.030184
0.031273
0.032308
0.032731
0.032401
0.031519
0.030307
0.028662
0.026299
0.023347
0.020347
0.017352
0.014209
0.011391
0.009401
0.008312
0.008326
0.009421
0.010749
0.011666
0.012376
0.013294
0.014376
0.015476
0.016285
0.016384
0.015478
0.013370
0.010003
0.005818
0.001302
-0.003180
-0.007108
-0.010718
-0.014564
-0.018858
-0.023465
-0.028521
-0.033911
-0.039039
-0.043361
-0.046943
-0.049934
-0.052083
-0.053319
-0.053734
-0.053075
-0.051316
-0.048928
-0.046442
-0.043690
-0.040647
-0.037228
-0.032706
-0.027200
-0.021383
-0.015929
-0.011101
-0.006720
-0.002899
0.000323
0.002511
0.003409
0.003394
0.002824
0.001847
0.000427
-0.001187
-0.002693
-0.004130
-0.004984
-0.005126
-0.004380
-0.002899
-0.001448
-0.000362
0.000608
0.001254
0.001666
0.002284
0.003100
0.004013
0.004728
0.005036
0.005017
0.004810
0.004430
0.004023
0.003504
0.002663
0.001530
0.000335
-0.000690
-0.001545
-0.002019
-0.002160
-0.002049
-0.001749
-0.001135
-0.000244
0.001234
0.003663
0.006722
0.009464
0.011629
0.013401
0.014987
0.016231
0.017022
0.017123
0.016636
0.015462
0.013637
0.011237
0.008516
0.005833
0.003146
0.000592
-0.001486
-0.002881
-0.003597
-0.003666
-0.003360
-0.002918
-0.002841
-0.003528
-0.004780
-0.005807
-0.006143
-0.005852
-0.004958
-0.003184
-0.000401
0.002558
0.005113
0.006785
0.007479
0.007538
0.007244
0.006422
0.005142
0.003638
0.002413
0.001751
0.001759
0.002321
0.003093
0.003840
0.004801
0.005882
0.006865
0.007718
0.008191
0.007990
0.007296
0.006290
0.005464
0.005272
0.005689
0.006605
0.008058
0.009722
0.011340
0.012558
0.013370
0.013741
0.013888
0.013967
0.014446
0.015477
0.016544
0.017512
0.018575
0.020028
0.021592
0.022748
0.023129
0.022619
0.020998
0.018318
0.014787
0.010788
0.006783
0.003346
0.000828
-0.000929
-0.001986
-0.002570
-0.003105
-0.004001
-0.005301
-0.006981
-0.008813
-0.010517
-0.011411
-0.011142
-0.009982
-0.008496
-0.006768
-0.004428
-0.001616
0.001242
0.003844
0.005905
0.007316
0.007733
0.006386
0.003276
-0.000642
-0.004621
-0.008526
-0.012082
-0.014120
-0.013967
-0.012039
-0.009101
-0.005518
-0.001515
0.002070
0.004856
0.006842
0.007994
0.008287
0.008117
0.007997
0.008289
0.009033
0.009434
0.009081
0.008374
0.007424
0.005962
0.004381
0.003132
0.001806
0.000146
-0.001465
-0.002780
-0.004153
-0.006045
-0.008404
-0.010657
-0.012436
-0.013846
-0.014916
-0.015538
-0.015756
-0.015765
-0.015656
-0.015063
-0.013693
-0.011626
-0.008988
-0.006052
-0.003405
-0.001844
-0.001469
-0.001619
-0.002234
-0.003085
-0.003877
-0.004404
-0.004294
-0.003536
-0.002660
-0.001879
-0.000974
-0.000115
0.000190
-0.000745
-0.002897
-0.005427
-0.007505
-0.008501
-0.008812
-0.009242
-0.009887
-0.010212
-0.010076
-0.009800
-0.009642
-0.009743
-0.010455
-0.011391
-0.011622
-0.011033
-0.010009
-0.009214
-0.008518
-0.007676
-0.006522
-0.005052
-0.003760
-0.002701
-0.001606
-0.000547
0.000421
0.000901
0.000780
0.000324
-0.000290
-0.001399
-0.003366
-0.005966
-0.008345
-0.010150
-0.011579
-0.012878
-0.013910
-0.014850
-0.015420
-0.015388
-0.015233
-0.015206
-0.015251
-0.015633
-0.016435
-0.017385
-0.018491
-0.019849
-0.021115
-0.021849
-0.022099
-0.022037
-0.021130
-0.019382
-0.017201
-0.014915
-0.012903
-0.011118
-0.009601
-0.007855
-0.005640
-0.003398
-0.001480
0.000066
0.001255
0.002200
0.002680
0.002716
0.002841
0.003209
0.003747
0.004277
0.004531
0.004491
0.004184
0.003817
0.003730
0.003679
0.003469
0.003792
0.005200
0.007427
0.010178
0.013173
0.016024
0.018515
0.020235
0.020783
0.020269
0.018947
0.017143
0.015011
0.012531
0.010013
0.007780
0.005469
0.002811
-0.000087
-0.003306
-0.006409
-0.008296
-0.008459
-0.007345
-0.005722
-0.003538
-0.000541
0.003397
0.008236
0.013342
0.017810
0.020970
0.022559
0.022924
0.022637
0.022021
0.021432
0.020667
0.019296
0.017567
0.015930
0.014087
0.011480
0.008333
0.005278
0.002659
0.000403
-0.001665
-0.003038
-0.002963
-0.001529
0.000789
0.003243
0.005650
0.008122
0.010451
0.012550
0.014329
0.015441
0.015726
0.015426
0.014244
0.012189
0.009455
0.005876
0.001393
-0.003489
-0.008063
-0.012123
-0.015890
-0.019533
-0.022733
-0.024986
-0.026212
-0.026557
-0.026097
-0.025013
-0.023315
-0.021180
-0.019020
-0.017079
-0.015601
-0.014142
-0.012253
-0.009876
-0.006601
-0.002807
0.001079
0.005058
0.009182
0.013362
0.017308
0.021093
0.024440
0.027203
0.029422
0.031034
0.032165
0.033174
0.034035
0.034785
0.035500
0.035938
0.035547
0.034251
0.032403
0.030365
0.028503
0.027189
0.026683
0.026772
0.027660
0.029471
0.031643
0.033652
0.035361
0.036669
0.037154
0.036146
0.033531
0.029509
0.024611
0.019463
0.013965
0.007613
0.000200
-0.007737
-0.015826
-0.023833
-0.031127
-0.037540
-0.043501
-0.049239
-0.054322
-0.058486
-0.061187
-0.062220
-0.061591
-0.059469
-0.056509
-0.052970
-0.048992
-0.044617
-0.039541
-0.033731
-0.027689
-0.022023
-0.017526
-0.014785
-0.013218
-0.012093
-0.011344
-0.010998
-0.011143
-0.011621
-0.012120
-0.012619
-0.013410
-0.014639
-0.015699
-0.016148
-0.016079
-0.015754
-0.015175
-0.014151
-0.012330
-0.009135
-0.004729
0.000428
0.006119
0.011977
0.017669
0.022964
0.027591
0.031388
0.033822
0.034555
0.034081
0.032705
0.030156
0.026878
0.023841
0.021644
0.019653
0.017071
0.014024
0.010768
0.007253
0.003298
-0.000760
-0.004480
-0.008125
-0.011438
-0.014156
-0.016443
-0.017929
-0.018242
-0.017805
-0.017277
-0.016668
-0.015837
-0.014856
-0.013890
-0.012533
-0.010488
-0.008168
-0.005546
-0.002425
0.001074
0.004659
0.008082
0.010718
0.011861
0.011455
0.009596
0.006335
0.002536
-0.001436
-0.006042
-0.010942
-0.015246
-0.018041
-0.019238
-0.019345
-0.018957
-0.018842
-0.018864
-0.018317
-0.016843
-0.014706
-0.012199
-0.009610
-0.007210
-0.005187
-0.003414
-0.001472
0.000671
0.002627
0.004048
0.004899
0.005282
0.005374
0.005377
0.005506
0.006064
0.006993
0.007790
0.008232
0.008689
0.009425
0.010365
0.011311
0.012080
0.012305
0.011512
0.009799
0.007206
0.003605
-0.000662
-0.005045
-0.008901
-0.011840
-0.013716
-0.014337
-0.013681
-0.011434
-0.007927
-0.003930
0.000075
0.003703
0.007132
0.010154
0.012111
0.012756
0.012379
0.011570
0.010911
0.010372
0.010055
0.010354
0.011406
0.012945
0.014415
0.015234
0.015666
0.015992
0.015960
0.015592
0.014781
0.013918
0.013450
0.013407
0.013568
0.013827
0.014116
0.014037
0.013106
0.011593
0.010431
0.010059
0.010229
0.010495
0.010619
0.010943
0.012044
0.013429
0.014181
0.013768
0.012040
0.008812
0.004551
-0.000063
-0.004768
-0.009433
-0.013836
-0.018076
-0.021833
-0.024941
-0.027486
-0.029913
-0.032554
-0.035232
-0.037599
-0.039900
-0.042058
-0.043794
-0.044494
-0.044137
-0.042565
-0.039936
-0.036618
-0.032848
-0.028982
-0.025233
-0.021516
-0.017827
-0.014170
-0.010903
-0.008158
-0.005665
-0.002946
0.000079
0.002905
0.005281
0.007311
0.009092
0.010525
0.011746
0.012845
0.014316
0.015851
0.017274
0.018493
0.019475
0.020519
0.021541
0.022431
0.022836
0.022810
0.022480
0.022002
0.021766
0.021942
0.022363
0.022943
0.023414
0.023777
0.024127
0.024459
0.024342
0.023587
0.022020
0.019562
0.016593
0.012985
0.008754
0.004014
-0.001114
-0.005562
-0.008749
-0.010933
-0.012469
-0.013878
-0.014910
-0.015504
-0.015828
-0.016140
-0.016452
-0.016685
-0.016873
-0.017152
-0.017522
-0.018105
-0.019090
-0.020298
-0.020951
-0.020719
-0.020126
-0.019712
-0.019307
-0.018465
-0.017548
-0.016519
-0.015053
-0.013107
-0.011273
-0.009694
-0.008143
-0.006365
-0.003978
-0.001048
0.001898
0.004285
0.005796
0.006835
0.008091
0.010218
0.012898
0.015231
0.017118
0.018350
0.019059
0.019997
0.020976
0.021375
0.021478
0.021760
0.022043
0.021841
0.021344
0.020390
0.018839
0.016620
0.013915
0.011063
0.008440
0.006364
0.004758
0.003400
0.002304
0.001562
0.001038
0.000289
-0.000990
-0.002413
-0.003358
-0.003609
-0.003613
-0.003346
-0.002851
-0.002228
-0.001882
-0.001764
-0.001761
-0.001998
-0.002319
-0.002249
-0.001893
-0.001746
-0.001920
-0.002469
-0.003585
-0.005169
-0.007325
-0.009846
-0.012395
-0.014794
-0.016919
-0.018605
-0.019918
-0.020752
-0.020923
-0.020540
-0.019557
-0.017687
-0.014724
-0.011590
-0.008962
-0.006992
-0.005667
-0.004580
-0.003777
-0.003105
-0.002151
-0.000963
0.000484
0.001977
0.003482
0.004938
0.006337
0.007696
0.008941
0.010053
0.011297
0.012512
0.013923
0.015790
0.017789
0.019855
0.022028
0.024082
0.025480
0.025915
0.025464
0.024682
0.023723
0.022645
0.021469
0.020218
0.018665
0.016857
0.015210
0.013512
0.011487
0.009146
0.006708
0.004608
0.003431
0.003083
0.002901
0.002608
0.002559
0.002792
0.002816
0.002051
0.000422
-0.001879
-0.004221
-0.006173
-0.007902
-0.009586
-0.011332
-0.013076
-0.014406
-0.015244
-0.015963
-0.016755
-0.017379
-0.017664
-0.017667
-0.017419
-0.016782
-0.015894
-0.015087
-0.014310
-0.013494
-0.012630
-0.011593
-0.010530
-0.008987
-0.007084
-0.005417
-0.003983
-0.002558
-0.000888
0.000599
0.001669
0.002181
0.002078
0.001619
0.001007
0.000280
-0.000425
-0.000552
0.000151
0.001402
0.002736
0.003814
0.004593
0.005232
0.005632
0.005293
0.004479
0.003460
0.002012
0.000242
-0.001116
-0.001643
-0.001578
-0.001382
-0.001285
-0.001097
-0.000424
0.001087
0.002903
0.004321
0.005184
0.005815
0.006627
0.007481
0.007787
0.007589
0.007054
0.006580
0.006049
0.005113
0.003981
0.003052
0.002302
0.001810
0.001854
0.002674
0.004235
0.006381
0.008708
0.010769
0.012481
0.013423
0.013496
0.013048
0.012555
0.012201
0.011965
0.011650
0.011245
0.011213
0.011621
0.011766
0.011478
0.010843
0.010055
0.009700
0.009659
0.009482
0.008966
0.007923
0.006722
0.005619
0.004673
0.003623
0.002321
0.001172
0.000327
0.000005
-0.000312
-0.001143
-0.002287
-0.003383
-0.004263
-0.005271
-0.006353
-0.007167
-0.007680
-0.008016
-0.008396
-0.008728
-0.008391
-0.007278
-0.005524
-0.003492
-0.001339
0.000460
0.001900
0.002970
0.003476
0.003562
0.003611
0.003976
0.004431
0.004569
0.004471
0.004430
0.004682
0.004936
0.004893
0.004329
0.003110
0.001680
0.000033
-0.002211
-0.005227
-0.008926
-0.012552
-0.015494
-0.017628
-0.018976
-0.019996
-0.020679
-0.021024
-0.021156
-0.020898
-0.020181
-0.019291
-0.018401
-0.017716
-0.017067
-0.016298
-0.015573
-0.014935
-0.014372
-0.013985
-0.013738
-0.013436
-0.012824
-0.011538
-0.010098
-0.008935
-0.008010
-0.007070
-0.006214
-0.005057
-0.003481
-0.001881
-0.000633
0.000567
0.001796
0.003021
0.004303
0.005293
0.005942
0.006393
0.006496
0.006279
0.005886
0.005579
0.005509
0.005874
0.006815
0.007659
0.007902
0.008054
0.008856
0.010012
0.010613
0.010378
0.009793
0.009311
0.008922
0.008512
0.008031
0.007268
0.006056
0.004397
0.002698
0.001228
0.000071
-0.000447
-0.000002
0.001289
0.002773
0.004324
0.005779
0.007274
0.009308
0.011578
0.013505
0.014519
0.014468
0.014169
0.014007
0.013565
0.012730
0.011147
0.008725
0.006081
0.003969
0.002434
0.000884
-0.000757
-0.002049
-0.003033
-0.003475
-0.003421
-0.002936
-0.001956
-0.000795
0.000488
0.001652
0.002628
0.003305
0.003609
0.003710
0.003486
0.003239
0.002778
0.002028
0.001062
-0.000048
-0.001104
-0.001940
-0.002524
-0.002847
-0.002751
-0.002455
-0.002224
-0.002013
-0.001332
0.000183
0.001925
0.003407
0.004650
0.005427
0.005812
0.005845
0.005234
0.003860
0.001747
-0.000495
-0.002473
-0.004441
-0.006242
-0.007176
-0.007208
-0.006455
-0.004886
-0.002928
-0.001085
0.000506
0.002124
0.003853
0.005384
0.006774
0.008182
0.009520
0.010166
0.009844
0.009226
0.008594
0.007629
0.005894
0.003625
0.001451
-0.000452
-0.002262
-0.004250
-0.006389
-0.008522
-0.010157
-0.011162
-0.011611
-0.011438
-0.010613
-0.009532
-0.008746
-0.008237
-0.007805
-0.007458
-0.006961
-0.006066
-0.005066
-0.004340
-0.004168
-0.004484
-0.004891
-0.005203
-0.005450
-0.005566
-0.005284
-0.004349
-0.002656
-0.000218
0.002282
0.004088
0.005219
0.006009
0.006355
0.006505
0.006843
0.007222
0.007196
0.006915
0.006627
0.006108
0.005353
0.004407
0.003309
0.002543
0.002276
0.002137
0.001592
0.000721
-0.000025
-0.000807
-0.001739
-0.002674
-0.003663
-0.004690
-0.005464
-0.005739
-0.005546
-0.005266
-0.005419
-0.005956
-0.006327
-0.006361
-0.006308
-0.006190
-0.005960
-0.005714
-0.005350
-0.004834
-0.004511
-0.004511
-0.004725
-0.005259
-0.006051
-0.006790
-0.007322
-0.007381
-0.007090
-0.006863
-0.006560
-0.006175
-0.005758
-0.005108
-0.004309
-0.003306
-0.002212
-0.001440
-0.000873
-0.000369
-0.000221
-0.000667
-0.001440
-0.002201
-0.002718
-0.002727
-0.002219
-0.001580
-0.001212
-0.001098
-0.000682
0.000176
0.001011
0.001261
0.000978
0.000639
0.000420
0.000450
0.000644
0.000839
0.001131
0.001509
0.001742
0.001493
0.000655
-0.000337
-0.001180
-0.002019
-0.003014
-0.004234
-0.005906
-0.007883
-0.009817
-0.011342
-0.012324
-0.013094
-0.013747
-0.014081
-0.013625
-0.012145
-0.010319
-0.008608
-0.007075
-0.005551
-0.003705
-0.001445
0.000990
0.003063
0.004398
0.005260
0.005842
0.006156
0.005838
0.004930
0.003933
0.002713
0.001570
0.000558
-0.000664
-0.001847
-0.002723
-0.003413
-0.004194
-0.004996
-0.005309
-0.004762
-0.003571
-0.002322
-0.001364
-0.000550
0.000380
0.001388
0.002300
0.002907
0.003173
0.003385
0.003813
0.004327
0.004668
0.004756
0.004690
0.004643
0.004917
0.005842
0.007221
0.008777
0.010211
0.011442
0.012502
0.013400
0.014079
0.014152
0.013788
0.013014
0.012091
0.011263
0.010671
0.010170
0.009291
0.008131
0.007313
0.006524
0.005562
0.004714
0.004116
0.003622
0.003182
0.002734
0.002305
0.002502
0.003244
0.003881
0.004083
0.003854
0.002989
0.001803
0.000500
-0.000661
-0.001810
-0.002917
-0.004126
-0.005404
-0.006738
-0.007821
-0.008497
-0.008864
-0.009182
-0.009568
-0.010104
-0.010752
-0.011262
-0.011467
-0.011365
-0.010933
-0.010192
-0.009158
-0.007984
-0.006759
-0.005393
-0.003551
-0.001780
-0.000590
0.000242
0.001277
0.002308
0.002897
0.002913
0.002452
0.001957
0.001531
0.000955
-0.000014
-0.001219
-0.002096
-0.002661
-0.002913
-0.002884
-0.002965
-0.003428
-0.004068
-0.004325
-0.004197
-0.003992
-0.003385
-0.002644
-0.001851
-0.001191
-0.000809
-0.000490
-0.000048
0.000341
0.000397
0.000095
-0.000391
-0.000983
-0.001841
-0.002933
-0.004066
-0.004796
-0.005011
-0.004861
-0.004497
-0.003897
-0.002971
-0.001894
-0.000899
0.000122
0.001542
0.002923
0.003869
0.004824
0.006004
0.007245
0.008596
0.009854
0.010857
0.011557
0.012246
0.012876
0.013242
0.013453
0.013741
0.014269
0.014926
0.015749
0.016571
0.017114
0.017505
0.017571
0.017391
0.017323
0.017452
0.017378
0.016628
0.015189
0.013144
0.010470
0.007549
0.004824
0.002630
0.000550
-0.001551
-0.003439
-0.005044
-0.006039
-0.006498
-0.006870
-0.007362
-0.008023
-0.008573
-0.008895
-0.009206
-0.009720
-0.010419
-0.010958
-0.011390
-0.012068
-0.012805
-0.012911
-0.012110
-0.010805
-0.009586
-0.009055
-0.009004
-0.008595
-0.007617
-0.006446
-0.005654
-0.005171
-0.004535
-0.003919
-0.003313
-0.002772
-0.002452
-0.002222
-0.001681
-0.000825
-0.000125
0.000145
0.000084
-0.000066
-0.000137
-0.000095
0.000013
0.000362
0.001143
0.001772
0.002120
0.002551
0.002992
0.003447
0.004016
0.004313
0.004284
0.004420
0.005167
0.005793
0.005460
0.004600
0.003914
0.003337
0.002427
0.001185
-0.000176
-0.001283
-0.002063
-0.002612
-0.002780
-0.002452
-0.001758
-0.000899
0.000161
0.001615
0.003250
0.004608
0.005613
0.006450
0.007196
0.007640
0.007570
0.007230
0.006601
0.005619
0.004630
0.003675
0.002805
0.001821
0.000504
-0.000733
-0.002003
-0.003434
-0.004271
-0.004461
-0.004758
-0.005151
-0.005074
-0.004271
-0.003301
-0.002485
-0.001823
-0.001326
-0.001092
-0.001014
-0.000612
0.000122
0.000739
0.000989
0.000967
0.000982
0.001324
0.001867
0.002613
0.003749
0.004908
0.005847
0.006362
0.006587
0.006803
0.007132
0.007564
0.007865
0.007647
0.006666
0.005364
0.004038
0.002689
0.001792
0.001407
0.001098
0.000626
0.000055
-0.000605
-0.001221
-0.001577
-0.001611
-0.001225
-0.000392
0.000496
0.001364
0.002355
0.003206
0.003873
0.004388
0.004708
0.004910
0.004899
0.004511
0.004071
0.003652
0.003020
0.002209
0.001296
0.000120
-0.001129
-0.002076
-0.002616
-0.003035
-0.003496
-0.003887
-0.004198
-0.004508
-0.004741
-0.004860
-0.005033
-0.005687
-0.006703
-0.007452
-0.007931
-0.008626
-0.009940
-0.011303
-0.012099
-0.012373
-0.012607
-0.013009
-0.013303
-0.013201
-0.012510
-0.011236
-0.010041
-0.009446
-0.009312
-0.009108
-0.008532
-0.007648
-0.006683
-0.005817
-0.005193
-0.004912
-0.004858
-0.004669
-0.003900
-0.002713
-0.001802
-0.001472
-0.001356
-0.000834
0.000430
0.002247
0.004236
0.006245
0.008012
0.009566
0.010863
0.011761
0.012327
0.013037
0.013661
0.013423
0.012714
0.012167
0.011900
0.011496
0.010922
0.010471
0.009715
0.008444
0.007219
0.006563
0.006468
0.006509
0.006282
0.005435
0.003952
0.002487
0.001310
0.000412
-0.000459
-0.001511
-0.002573
-0.003740
-0.005236
-0.006554
-0.007237
-0.007325
-0.007052
-0.006558
-0.006067
-0.006061
-0.006754
-0.007432
-0.007564
-0.007298
-0.007228
-0.007478
-0.007858
-0.008076
-0.007917
-0.007253
-0.006435
-0.006108
-0.006393
-0.007012
-0.007564
-0.007786
-0.007385
-0.006540
-0.005778
-0.005231
-0.004773
-0.004074
-0.002694
-0.001068
0.000277
0.001371
0.002680
0.004353
0.006078
0.007702
0.009330
0.010724
0.011982
0.012696
0.012725
0.012675
0.012933
0.013062
0.012475
0.011563
0.010577
0.009302
0.008118
0.007000
0.005531
0.003991
0.002660
0.001287
-0.000489
-0.002468
-0.004168
-0.005111
-0.005300
-0.005332
-0.005668
-0.006326
-0.007037
-0.007473
-0.007406
-0.006859
-0.006400
-0.006286
-0.006143
-0.005523
-0.004521
-0.003677
-0.003289
-0.003267
-0.003358
-0.003393
-0.003353
-0.003369
-0.003574
-0.003750
-0.003631
-0.003571
-0.004106
-0.004954
-0.005629
-0.005665
-0.005228
-0.004669
-0.004330
-0.004302
-0.004438
-0.004307
-0.003486
-0.002392
-0.001414
-0.000459
0.000210
0.000646
0.001371
0.002458
0.003484
0.004052
0.004233
0.004229
0.003871
0.003546
0.003363
0.002833
0.001988
0.001004
0.000099
-0.000338
-0.000314
-0.000055
0.000295
0.000548
0.000652
0.000787
0.001316
0.002255
0.003108
0.003514
0.003610
0.003871
0.004383
0.004770
0.004692
0.004234
0.003588
0.002916
0.002355
0.001883
0.001398
0.000716
0.000082
-0.000673
-0.001391
-0.001770
-0.001804
-0.001689
-0.001530
-0.001327
-0.001435
-0.001687
-0.002066
-0.002586
-0.003121
-0.003791
-0.004649
-0.005472
-0.006277
-0.007107
-0.007704
-0.008191
-0.008690
-0.009060
-0.009158
-0.008871
-0.008156
-0.007089
-0.006243
-0.005890
-0.005788
-0.005657
-0.004964
-0.003835
-0.002804
-0.001932
-0.001135
-0.000666
-0.000459
-0.000322
-0.000164
0.000362
0.000874
0.001005
0.001089
0.001067
0.000760
0.000446
0.000560
0.000887
0.000864
0.000497
0.000127
0.000096
0.000687
0.001582
0.002400
0.002862
0.002992
0.002523
0.001780
0.001304
0.001232
0.001368
0.001382
0.000882
-0.000082
-0.000939
-0.001313
-0.001451
-0.001939
-0.002449
-0.002473
-0.002124
-0.001786
-0.001669
-0.001708
-0.001590
-0.000947
-0.000192
0.000566
0.001170
0.001454
0.001513
0.001631
0.001859
0.002058
0.002144
0.002190
0.002388
0.002701
0.002941
0.002969
0.002666
0.002044
0.001473
0.001241
0.001316
0.001584
0.002107
0.002731
0.003076
0.002916
0.002494
0.002121
0.001816
0.001535
0.001185
0.000829
0.000535
0.000208
-0.000023
0.000225
0.000969
0.001715
0.002229
0.002943
0.004005
0.005102
0.006330
0.007807
0.009165
0.009952
0.010125
0.009996
0.009957
0.010232
0.010415
0.010208
0.009361
0.008358
0.007315
0.006426
0.005715
0.005104
0.004719
0.004656
0.004768
0.004486
0.004014
0.003859
0.004172
0.004580
0.004270
0.003364
0.002595
0.002270
0.002001
0.001498
0.000865
-0.000190
-0.001728
-0.003472
-0.004834
-0.005492
-0.005753
-0.005809
-0.005588
-0.005378
-0.005165
-0.004822
-0.004436
-0.003858
-0.003401
-0.003480
-0.003928
-0.004438
-0.004774
-0.004965
-0.005091
-0.005269
-0.005461
-0.005495
-0.005162
-0.004808
-0.004403
-0.003561
-0.002535
-0.001554
-0.000475
0.000561
0.001681
0.002747
0.003677
0.004573
0.005257
0.005562
0.005580
0.005513
0.005438
0.005230
0.004826
0.003992
0.002943
0.001961
0.001327
0.001308
0.001730
0.002334
0.002986
0.003467
0.003554
0.003325
0.003134
0.002734
0.002299
0.002206
0.001927
0.001443
0.001101
0.000849
0.000424
-0.000117
-0.000496
-0.000622
-0.000620
-0.000433
-0.000058
0.000234
0.000298
0.000198
0.000017
-0.000432
-0.000929
-0.001035
-0.000728
-0.000131
0.000270
-0.000237
-0.001452
-0.002567
-0.003061
-0.002526
-0.001194
0.000033
0.000633
0.000917
0.001289
0.001858
0.002144
0.001631
0.000627
-0.000078
0.000051
0.000609
0.000767
0.000182
-0.001043
-0.002256
-0.003335
-0.004571
-0.005647
-0.006149
-0.006097
-0.006018
-0.006303
-0.006927
-0.007625
-0.008196
-0.008570
-0.008715
-0.008696
-0.008615
-0.008536
-0.008472
-0.008389
-0.008219
-0.007664
-0.006700
-0.006001
-0.005815
-0.005575
-0.004916
-0.004104
-0.003455
-0.003035
-0.003218
-0.003996
-0.004773
-0.005409
-0.005879
-0.006382
-0.006926
-0.007140
-0.006888
-0.006253
-0.005453
-0.004681
-0.004065
-0.003333
-0.002104
-0.000516
0.001345
0.003227
0.004557
0.005368
0.006242
0.007307
0.008395
0.009479
0.010354
0.010784
0.010717
0.010359
0.009916
0.009364
0.008451
0.007012
0.005410
0.004115
0.003114
0.002022
0.000744
-0.000457
-0.001442
-0.002270
-0.003064
-0.003912
-0.004819
-0.005730
-0.006509
-0.007147
-0.007798
-0.008531
-0.009208
-0.009727
-0.010071
-0.010202
-0.010149
-0.009894
-0.009482
-0.008890
-0.008043
-0.007210
-0.006667
-0.006097
-0.005127
-0.004061
-0.003394
-0.003101
-0.002929
-0.002771
-0.002609
-0.002387
-0.002105
-0.001879
-0.001656
-0.001289
-0.000830
-0.000423
-0.000204
-0.000134
0.000122
0.000894
0.002191
0.003624
0.004747
0.005271
0.005216
0.004777
0.004359
0.004207
0.004187
0.004070
0.003711
0.002802
0.001174
-0.000606
-0.001788
-0.002276
-0.002561
-0.003039
-0.003537
-0.003566
-0.002998
-0.002006
-0.000581
0.001127
0.002784
0.004079
0.004848
0.005253
0.005569
0.005919
0.006082
0.005797
0.005101
0.004207
0.003288
0.002297
0.001067
-0.000160
-0.001035
-0.001496
-0.001632
-0.001621
-0.001627
-0.001702
-0.001841
-0.002148
-0.002287
-0.002116
-0.001680
-0.001116
-0.000768
-0.000626
-0.000405
0.000088
0.000585
0.000727
0.000715
0.000981
0.001630
0.002454
0.003021
0.003043
0.002727
0.002549
0.002607
0.002656
0.002727
0.002945
0.003328
0.003781
0.004222
0.004620
0.004862
0.004857
0.004408
0.003679
0.003139
0.002891
0.002992
0.003458
0.003981
0.004365
0.004641
0.004698
0.004463
0.004454
0.004554
0.004451
0.004257
0.003992
0.003602
0.002858
0.002079
0.001601
0.001529
0.001774
0.001788
0.001362
0.000746
0.000412
0.000424
0.000454
0.000403
0.000416
0.000575
0.000929
0.001269
0.001314
0.001116
0.000764
0.000375
0.000132
0.000091
0.000190
0.000412
0.000553
0.000723
0.001286
0.002243
0.003521
0.004847
0.005759
0.006245
0.006875
0.007934
0.008824
0.009194
0.009065
0.008497
0.007855
0.007347
0.006794
0.006090
0.005429
0.004877
0.004185
0.003215
0.002264
0.001610
0.001216
0.000766
-0.000030
-0.000923
-0.001547
-0.002201
-0.003054
-0.003889
-0.004747
-0.005741
-0.006679
-0.007465
-0.008264
-0.008984
-0.009436
-0.009832
-0.010385
-0.010914
-0.011195
-0.011227
-0.011124
-0.010786
-0.010048
-0.009088
-0.008290
-0.007657
-0.006886
-0.005912
-0.004792
-0.003645
-0.002899
-0.002767
-0.002756
-0.002473
-0.001936
-0.001718
-0.002366
-0.003527
-0.004253
-0.004138
-0.003593
-0.002962
-0.002549
-0.002510
-0.002436
-0.002066
-0.001415
-0.000685
-0.000098
0.000285
0.000473
0.000648
0.000825
0.001017
0.001410
0.001946
0.002484
0.002879
0.002869
0.002827
0.003190
0.003882
0.004598
0.005159
0.005511
0.005580
0.005458
0.005312
0.005231
0.005168
0.004868
0.004294
0.003597
0.002942
0.002366
0.001983
0.001768
0.001679
0.001764
0.001725
0.001528
0.001257
0.001068
0.001151
0.001382
0.001558
0.001594
0.001541
0.001482
0.001466
0.001494
0.001530
0.001549
0.001544
0.001526
0.001497
0.001353
0.001094
0.000758
0.000283
-0.000319
-0.000774
-0.000868
-0.000687
-0.000605
-0.000937
-0.001455
-0.001888
-0.002167
-0.002569
-0.003203
-0.004037
-0.004943
-0.005692
-0.006414
-0.007208
-0.007885
-0.008241
-0.008279
-0.008036
-0.007550
-0.007050
-0.006723
-0.006263
-0.005442
-0.004582
-0.003843
-0.003040
-0.002246
-0.001717
-0.001322
-0.000875
-0.000175
0.000719
0.001489
0.001965
0.002128
0.002223
0.002419
0.002657
0.002998
0.003632
0.004500
0.005263
0.005768
0.006076
0.006253
0.006446
0.006543
0.006540
0.006598
0.006464
0.005856
0.005069
0.004717
0.005006
0.005345
0.005021
0.004017
0.003145
0.002950
0.002958
0.002534
0.001659
0.000815
0.000380
0.000233
0.000075
-0.000442
-0.001278
-0.002073
-0.002814
-0.003581
-0.004322
-0.004901
-0.005323
-0.005766
-0.006232
-0.006579
-0.006884
-0.007378
-0.008106
-0.008812
-0.009104
-0.008796
-0.008311
-0.008134
-0.008173
-0.008176
-0.007863
-0.007088
-0.006181
-0.005431
-0.004937
-0.004706
-0.004301
-0.003448
-0.002526
-0.001933
-0.001474
-0.001097
-0.000696
-0.000105
0.000556
0.001230
0.001795
0.002212
0.002534
0.002878
0.003393
0.003990
0.004544
0.005010
0.005455
0.005976
0.006247
0.005904
0.005355
0.005243
0.005400
0.005371
0.004964
0.004410
0.003871
0.003170
0.002552
0.002345
0.002465
0.002775
0.003105
0.003205
0.003231
0.003328
0.003547
0.003769
0.003631
0.003105
0.002163
0.001215
0.000713
0.000436
0.000097
-0.000099
0.000031
0.000204
0.000391
0.000651
0.000710
0.000442
-0.000090
-0.000536
-0.000891
-0.001300
-0.001606
-0.001733
-0.001523
-0.001004
-0.000791
-0.000992
-0.001219
-0.000980
-0.000289
0.000466
0.001061
0.001332
0.001344
0.001220
0.001184
0.001200
0.001238
0.001472
0.001607
0.001346
0.000989
0.000704
0.000412
-0.000015
-0.000509
-0.000666
-0.000291
0.000293
0.000503
0.000364
0.000081
-0.000237
-0.000190
0.000253
0.000673
0.000748
0.000687
0.000690
0.000721
0.000512
0.000064
-0.000335
-0.000640
-0.001040
-0.001679
-0.002317
-0.002601
-0.002538
-0.002522
-0.002753
-0.003032
-0.002936
-0.002286
-0.001279
-0.000346
0.000265
0.000704
0.001069
0.001306
0.001388
0.001356
0.001243
0.000916
0.000390
-0.000252
-0.000860
-0.001196
-0.001244
-0.001173
-0.001123
-0.001133
-0.001151
-0.001019
-0.000728
-0.000486
-0.000102
0.000456
0.000898
0.001322
0.001806
0.002319
0.002919
0.003495
0.003819
0.003629
0.002932
0.002154
0.001624
0.001402
0.001444
0.001779
0.002247
0.002528
0.002621
0.002643
0.002641
0.002645
0.002671
0.002656
0.002267
0.001529
0.000915
0.000579
0.000424
0.000351
0.000269
0.000537
0.001283
0.002175
0.002745
0.002757
0.002485
0.002242
0.002068
0.002010
0.002013
0.001929
0.001792
0.001659
0.001452
0.001150
0.000776
0.000398
0.000165
0.000146
0.000454
0.000998
0.001641
0.002283
0.002697
0.002845
0.003162
0.003806
0.004404
0.004796
0.005015
0.005038
0.004731
0.004208
0.003862
0.003628
0.003323
0.003022
0.002635
0.002136
0.001517
0.000686
-0.000146
-0.000836
-0.001346
-0.001584
-0.001645
-0.001857
-0.002160
-0.002130
-0.001789
-0.001642
-0.001810
-0.002176
-0.002617
-0.002950
-0.003341
-0.004058
-0.004999
-0.005806
-0.006417
-0.006909
-0.007389
-0.007849
-0.008087
-0.007889
-0.007055
-0.005872
-0.004752
-0.003867
-0.003061
-0.002272
-0.001829
-0.001627
-0.001331
-0.000610
0.000331
0.001064
0.001402
0.001533
0.001901
0.002341
0.002475
0.002293
0.001824
0.001261
0.000587
-0.000207
-0.000792
-0.000960
-0.000495
0.000422
0.001362
0.001921
0.001945
0.001810
0.001845
0.002032
0.002230
0.002308
0.002041
0.001593
0.001505
0.001868
0.002281
0.002446
0.002359
0.002176
0.001988
0.001623
0.001200
0.001110
0.001311
0.001275
0.000861
0.000130
-0.000632
-0.001325
-0.001894
-0.002489
-0.003209
-0.003855
-0.004317
-0.004533
-0.004498
-0.004246
-0.004142
-0.004182
-0.004273
-0.004350
-0.004354
-0.004318
-0.004381
-0.004923
-0.005740
-0.006247
-0.005972
-0.004980
-0.003975
-0.003504
-0.003511
-0.003531
-0.003350
-0.003097
-0.002946
-0.003005
-0.003433
-0.004009
-0.004376
-0.004383
-0.003918
-0.003311
-0.003052
-0.002951
-0.002683
-0.002342
-0.001959
-0.001346
-0.000501
0.000405
0.001116
0.001783
0.002593
0.003317
0.003845
0.004500
0.005180
0.005537
0.005533
0.005621
0.005768
0.005931
0.005796
0.005280
0.004768
0.004516
0.004502
0.004580
0.004631
0.004617
0.004387
0.003624
0.002817
0.002756
0.003323
0.003951
0.004362
0.004390
0.003886
0.003068
0.002185
0.001230
0.000184
-0.000837
-0.001701
-0.002256
-0.003071
-0.004000
-0.004436
-0.004338
-0.004235
-0.004736
-0.005457
-0.006081
-0.006418
-0.006412
-0.006228
-0.006334
-0.006712
-0.006987
-0.006973
-0.006706
-0.006168
-0.005174
-0.003730
-0.002525
-0.001736
-0.000925
-0.000229
0.000156
0.000591
0.001644
0.002891
0.003821
0.004368
0.004926
0.005627
0.006032
0.005888
0.005686
0.005642
0.005646
0.005586
0.005528
0.005535
0.005307
0.005205
0.005809
0.006694
0.007277
0.007668
0.008274
0.008619
0.008372
0.007814
0.007010
0.006108
0.005360
0.004604
0.003768
0.002875
0.001765
0.000824
0.000108
-0.000695
-0.001295
-0.001702
-0.002075
-0.002409
-0.002923
-0.003364
-0.003614
-0.003845
-0.003802
-0.003381
-0.002912
-0.002678
-0.002607
-0.002522
-0.002441
-0.002178
-0.001777
-0.001670
-0.001995
-0.002407
-0.002319
-0.001839
-0.001819
-0.002196
-0.002569
-0.002727
-0.002712
-0.002645
-0.002601
-0.002538
-0.002391
-0.002074
-0.001373
-0.000627
-0.000240
-0.000200
-0.000119
0.000215
0.000387
0.000236
-0.000022
-0.000446
-0.000847
-0.001040
-0.001038
-0.001093
-0.001248
-0.001194
-0.000904
-0.000378
0.000157
0.000300
0.000131
0.000053
0.000494
0.001606
0.002980
0.003894
0.004219
0.004383
0.004688
0.005043
0.005285
0.005456
0.005665
0.005857
0.005959
0.005886
0.005417
0.004666
0.004230
0.004199
0.004014
0.003278
0.002471
0.002005
0.001577
0.000810
0.000078
-0.000285
-0.000318
-0.000283
-0.000673
-0.001668
-0.002607
-0.003024
-0.003001
-0.003035
-0.003562
-0.004584
-0.005364
-0.005293
-0.004771
-0.004358
-0.004287
-0.004550
-0.005000
-0.005340
-0.005419
-0.005147
-0.004212
-0.002916
-0.002027
-0.001814
-0.001994
-0.002173
-0.002089
-0.001392
-0.000268
0.000597
0.001035
0.001517
0.002383
0.003523
0.004930
0.006278
0.007022
0.007176
0.007314
0.007914
0.008753
0.009300
0.009267
0.008827
0.008386
0.008071
0.007851
0.007740
0.007646
0.007133
0.006176
0.005119
0.003967
0.002831
0.001650
0.000314
-0.001185
-0.002562
-0.003374
-0.003864
-0.004645
-0.005672
-0.006886
-0.008077
-0.008938
-0.009682
-0.010444
-0.010951
-0.010986
-0.010597
-0.010252
-0.010333
-0.010608
-0.010528
-0.009689
-0.008480
-0.007631
-0.007278
-0.007170
-0.007086
-0.006698
-0.005696
-0.004273
-0.002861
-0.001657
-0.000722
0.000485
0.002083
0.003406
0.004447
0.005350
0.005913
0.006145
0.006452
0.007179
0.008047
0.008488
0.008469
0.008220
0.007800
0.007368
0.007118
0.007047
0.006887
0.006281
0.005089
0.003775
0.002978
0.002740
0.002358
0.001537
0.000737
0.000186
-0.000247
-0.001102
-0.002394
-0.003403
-0.003773
-0.003697
-0.003643
-0.003859
-0.004319
-0.004883
-0.005659
-0.006845
-0.007872
-0.008195
-0.008120
-0.007638
-0.006928
-0.006578
-0.006632
-0.006792
-0.006495
-0.005530
-0.004451
-0.003572
-0.002915
-0.002559
-0.002193
-0.001489
-0.000587
0.000156
0.000501
0.000503
0.000411
0.000512
0.000859
0.001346
0.001834
0.002290
0.002805
0.003294
0.003576
0.003631
0.003598
0.003713
0.003968
0.003866
0.003196
0.002429
0.002131
0.002281
0.002133
0.001550
0.001029
0.000846
0.001161
0.001752
0.002106
0.001779
0.000969
0.000351
0.000316
0.000597
0.000702
0.000347
-0.000705
-0.002051
-0.002917
-0.003193
-0.003807
-0.005107
-0.006335
-0.007077
-0.007511
-0.007865
-0.008379
-0.009050
-0.009555
-0.009719
-0.009557
-0.008897
-0.008043
-0.007565
-0.007178
-0.006522
-0.005811
-0.005107
-0.004138
-0.002999
-0.001774
-0.000644
-0.000017
0.000080
0.000024
0.000617
0.002006
0.003383
0.004193
0.004596
0.004893
0.005250
0.005803
0.006438
0.006886
0.007142
0.007370
0.007577
0.007818
0.008145
0.008414
0.008532
0.008535
0.008491
0.008449
0.008354
0.007790
0.006685
0.005502
0.004627
0.004031
0.003384
0.002648
0.002082
0.001461
0.000412
-0.000786
-0.001706
-0.002129
-0.002275
-0.002564
-0.003100
-0.003950
-0.005094
-0.006047
-0.006579
-0.006614
-0.006285
-0.005954
-0.005811
-0.005645
-0.005092
-0.004278
-0.003576
-0.003080
-0.002522
-0.001524
-0.000383
0.000323
0.000388
0.000293
0.000806
0.001804
0.002581
0.002956
0.003331
0.003825
0.004250
0.004572
0.004890
0.005236
0.005615
0.005889
0.005990
0.005970
0.005951
0.006154
0.006629
0.007058
0.007232
0.007171
0.006862
0.006344
0.005931
0.005788
0.005834
0.005903
0.005787
0.005038
0.003559
0.002213
0.001521
0.001019
0.000040
-0.001160
-0.001992
-0.002256
-0.002160
-0.002033
-0.002295
-0.003167
-0.004090
-0.004844
-0.005359
-0.005489
-0.005565
-0.005434
-0.004739
-0.003936
-0.003501
-0.003329
-0.002913
-0.002152
-0.001480
-0.001180
-0.001116
-0.000961
-0.000559
0.000220
0.001132
0.001782
0.002241
0.002521
0.002706
0.002969
0.003255
0.003497
0.003779
0.004031
0.003897
0.003087
0.002176
0.001722
0.001755
0.001978
0.002114
0.002093
0.001999
0.001925
0.001916
0.001933
0.001668
0.000810
-0.000104
-0.000565
-0.000572
-0.000493
-0.000678
-0.001006
-0.001683
-0.002466
-0.002932
-0.003009
-0.002894
-0.002709
-0.002250
-0.001571
-0.001179
-0.001078
-0.001338
-0.001782
-0.002082
-0.002070
-0.001793
-0.001628
-0.001710
-0.001819
-0.001526
-0.000765
-0.000020
0.000333
0.000371
0.000483
0.000876
0.001189
0.001205
0.001050
0.000917
0.000847
0.000685
0.000390
-0.000025
-0.000396
-0.000577
-0.000577
-0.000497
-0.000438
-0.000441
-0.000481
-0.000518
-0.000543
-0.000646
-0.001014
-0.001545
-0.002123
-0.002365
-0.002043
-0.001481
-0.001104
-0.001048
-0.001130
-0.001016
-0.000552
0.000013
0.000360
0.000443
0.000526
0.000767
0.001293
0.002224
0.003255
0.003777
0.003923
0.003981
0.004037
0.004099
0.004153
0.004191
0.004304
0.004668
0.004967
0.004964
0.004740
0.004312
0.003619
0.002952
0.002629
0.002640
0.002738
0.002610
0.002132
0.000943
-0.000503
-0.001385
-0.001527
-0.001342
-0.001500
-0.002262
-0.003453
-0.004035
-0.003803
-0.003840
-0.004455
-0.005119
-0.005443
-0.005437
-0.005306
-0.005222
-0.005207
-0.005065
-0.004758
-0.004337
-0.003949
-0.003740
-0.003707
-0.003721
-0.003523
-0.002992
-0.002395
-0.002040
-0.001971
-0.002034
-0.001906
-0.001419
-0.000827
-0.000460
-0.000391
-0.000493
-0.000599
-0.000625
-0.000578
-0.000514
-0.000479
-0.000481
-0.000503
-0.000528
-0.000547
-0.000558
-0.000567
-0.000578
-0.000591
-0.000607
-0.000648
-0.000843
-0.001286
-0.001709
-0.001944
-0.002085
-0.002165
-0.002187
-0.002137
-0.001938
-0.001666
-0.001501
-0.001472
-0.001502
-0.001517
-0.001494
-0.001405
-0.001054
-0.000531
0.000053
0.000584
0.000868
0.000923
0.001008
0.001258
0.001549
0.001853
0.002127
0.002099
0.001877
0.001414
0.000679
0.000111
-0.000064
0.000030
0.000164
0.000206
0.000119
-0.000218
-0.000739
-0.001340
-0.001900
-0.002210
-0.002264
-0.002207
-0.002194
-0.002369
-0.002587
-0.002613
-0.002498
-0.002382
-0.002344
-0.002374
-0.002423
-0.002451
-0.002447
-0.002427
-0.002408
-0.002398
-0.002437
-0.002748
-0.003486
-0.004325
-0.004807
-0.004861
-0.004701
-0.004531
-0.004316
-0.003918
-0.003446
-0.003131
-0.003050
-0.003093
-0.002996
-0.002534
-0.001667
-0.000693
-0.000182
-0.000171
-0.000136
0.000119
0.000240
0.000086
0.000071
0.000381
0.000754
0.000960
0.000974
0.000906
0.000873
0.000906
0.000960
0.000996
0.000999
0.000966
0.000844
0.000808
0.000911
0.001133
0.001465
0.001714
0.001794
0.001761
0.001709
0.001732
0.002058
0.002793
0.003409
0.003624
0.003503
0.003354
0.003484
0.003750
0.003950
0.004011
0.003966
0.003865
0.003698
0.003702
0.004130
0.004823
0.005388
0.005571
0.005338
0.004905
0.004561
0.004247
0.003878
0.003086
0.001865
0.000912
0.000539
0.000386
-0.000221
-0.001472
-0.002759
-0.003477
-0.003697
-0.003775
-0.003940
-0.004552
-0.005387
-0.005818
-0.005766
-0.005516
-0.005310
-0.005134
-0.005027
-0.005232
-0.005628
-0.005621
-0.004971
-0.003653
-0.002141
-0.001037
-0.000425
0.000008
0.000685
0.001522
0.002148
0.002405
0.002433
0.002606
0.003006
0.003363
0.003569
0.004042
0.004873
0.005566
0.005873
0.006083
0.006460
0.007046
0.007655
0.007862
0.007488
0.006831
0.006212
0.005688
0.005395
0.005235
0.004615
0.003558
0.002717
0.002411
0.002446
0.002269
0.001634
0.000672
-0.000263
-0.001176
-0.002108
-0.002844
-0.003224
-0.003417
-0.004039
-0.004984
-0.005688
-0.006026
-0.006013
-0.005819
-0.005792
-0.005851
-0.005816
-0.005705
-0.005597
-0.005537
-0.005520
-0.005502
-0.005409
-0.004948
-0.003890
-0.002732
-0.002038
-0.001682
-0.001142
-0.000209
0.000699
0.001162
0.001184
0.001058
0.001160
0.001580
0.002427
0.003306
0.003501
0.003058
0.002538
0.002334
0.002586
0.003073
0.003484
0.003454
0.003007
0.002311
0.001737
0.001527
0.001613
0.001837
0.002163
0.002465
0.002612
0.002557
0.002266
0.001916
0.001711
0.001688
0.001752
0.001751
0.001571
0.001434
0.001310
0.001354
0.001475
0.001352
0.000982
0.000937
0.001482
0.002077
0.001988
0.001160
0.000271
-0.000156
-0.000125
0.000075
0.000195
0.000183
0.000258
0.000760
0.001341
0.001331
0.001237
0.001432
0.001594
0.001685
0.001755
0.001998
0.002178
0.002088
0.001972
0.001819
0.001686
0.001429
0.001299
0.001626
0.002265
0.002816
0.002968
0.002945
0.002947
0.003003
0.003068
0.003108
0.003189
0.003426
0.003700
0.003861
0.003880
0.003799
0.003533
0.003050
0.002621
0.002261
0.001880
0.001771
0.002046
0.002221
0.001957
0.001542
0.001300
0.001277
0.001340
0.001268
0.000860
0.000263
-0.000217
-0.000589
-0.001005
-0.001494
-0.002045
-0.002444
-0.002695
-0.002944
-0.003164
-0.003300
-0.003347
-0.003333
-0.003300
-0.003287
-0.003397
-0.003671
-0.003926
-0.004026
-0.004017
-0.004174
-0.004513
-0.004606
-0.004467
-0.004236
-0.003935
-0.003722
-0.003647
-0.003649
-0.003667
-0.003671
-0.003651
-0.003591
-0.003309
-0.002355
-0.000951
0.000065
0.000375
0.000456
0.000739
0.001115
0.001400
0.001744
0.002362
0.003040
0.003435
0.003525
0.003107
0.002434
0.001755
0.001311
0.001522
0.002200
0.002691
0.002420
0.001579
0.000845
0.000571
0.000613
0.000451
-0.000203
-0.000982
-0.001477
-0.001827
-0.002228
-0.002558
-0.002731
-0.002859
-0.003392
-0.004088
-0.004049
-0.003327
-0.002639
-0.002401
-0.002643
-0.003110
-0.003550
-0.003840
-0.003923
-0.003862
-0.003762
-0.003692
-0.003661
-0.003639
-0.003592
-0.003521
-0.003408
-0.003128
-0.002936
-0.002773
-0.002504
-0.001994
-0.001163
-0.000541
-0.000233
-0.000078
0.000001
0.000174
0.000571
0.001053
0.001395
0.001611
0.001804
0.002052
0.002342
0.002544
0.002602
0.002559
0.002491
0.002445
0.002424
0.002375
0.002147
0.002000
0.002027
0.001795
0.001238
0.000671
0.000487
0.000690
0.000969
0.001093
0.001037
0.000898
0.000680
0.000319
-0.000075
-0.000284
-0.000135
0.000059
0.000070
-0.000349
-0.001000
-0.001299
-0.001311
-0.001308
-0.001334
-0.001368
-0.001428
-0.001672
-0.002049
-0.002504
-0.002790
-0.002440
-0.001694
-0.001217
-0.001554
-0.002375
-0.002982
-0.003102
-0.002899
-0.002652
-0.002492
-0.002265
-0.001980
-0.001819
-0.001945
-0.002099
-0.002209
-0.002168
-0.001819
-0.001505
-0.001379
-0.001363
-0.001457
-0.001502
-0.001399
-0.001214
-0.000939
-0.000555
-0.000195
0.000010
0.000180
0.000650
0.001277
0.001795
0.002062
0.002099
0.002035
0.001977
0.001965
0.002041
0.002296
0.002586
0.002724
0.002686
0.002513
0.002270
0.002215
0.002293
0.002256
0.001997
0.001562
0.001206
0.001068
0.001035
0.000869
0.000530
0.000208
0.000053
0.000055
0.000114
0.000093
-0.000134
-0.000503
-0.000793
-0.000815
-0.000625
-0.000545
-0.000623
-0.000893
-0.001308
-0.001626
-0.001714
-0.001631
-0.001504
-0.001421
-0.001398
-0.001385
-0.001208
-0.000827
-0.000514
-0.000389
-0.000388
-0.000307
-0.000015
0.000371
0.000768
0.001136
0.001406
0.001429
0.001286
0.001260
0.001594
0.002159
0.002562
0.002655
0.002540
0.002335
0.002163
0.002023
0.001961
0.002039
0.002123
0.001973
0.001408
0.000669
0.000191
0.000101
0.000233
0.000357
0.000366
0.000246
-0.000143
-0.000712
-0.001209
-0.001468
-0.001493
-0.001407
-0.001329
-0.001305
-0.001316
-0.001324
-0.001307
-0.001270
-0.001226
-0.001185
-0.001143
-0.001022
-0.000730
-0.000355
-0.000060
0.000158
0.000330
0.000438
0.000480
0.000475
0.000456
0.000497
0.000792
0.001161
0.001425
0.001546
0.001560
0.001574
0.001620
0.001665
0.001673
0.001642
0.001591
0.001539
0.001497
0.001461
0.001424
0.001381
0.001337
0.001291
0.001198
0.001095
0.000991
0.000773
0.000539
0.000396
0.000251
0.000103
0.000010
-0.000015
-0.000005
0.000002
-0.000009
-0.000028
-0.000041
-0.000062
-0.000138
-0.000215
-0.000182
-0.000085
-0.000008
0.000018
0.000008
-0.000013
-0.000027
-0.000026
-0.000016
-0.000008
-0.000004
-0.000001
-0.000002
-0.000006
-0.000022
-0.000086
-0.000154
-0.000216
-0.000268
-0.000287
-0.000254
-0.000133
-0.000007
0.000012
-0.000035
-0.000033
0.000022
0.000076
0.000096
0.000085
0.000039
-0.000042
-0.000110
-0.000132
-0.000092
-0.000007
0.000056
0.000063
0.000059
0.000084
0.000106
0.000126
0.000152
0.000167
0.000161
0.000146
0.000149
0.000225
0.000331
0.000389
0.000383
0.000336
0.000271
0.000225
0.000225
0.000238
0.000223
0.000175
0.000110
0.000057
0.000035
0.000034
0.000034
-0.000008
-0.000096
-0.000170
-0.000197
-0.000189
-0.000173
-0.000166
-0.000175
-0.000203
-0.000227
-0.000262
-0.000306
-0.000332
-0.000333
-0.000321
-0.000307
-0.000299
-0.000294
-0.000292
-0.000302
-0.000334
-0.000354
-0.000344
-0.000310
-0.000275
-0.000255
-0.000247
-0.000226
-0.000181
-0.000141
-0.000123
-0.000122
-0.000123
-0.000099
-0.000060
-0.000032
-0.000027
-0.000035
-0.000043
-0.000036
-0.000020
-0.000007
0.000000
-0.000006
-0.000024
-0.000042
-0.000056
-0.000064
-0.000077
-0.000092
-0.000102
-0.000108
-0.000113
-0.000117
-0.000118
-0.000114
-0.000104
-0.000092
-0.000084
-0.000079
-0.000076
-0.000073
-0.000070
-0.000067
-0.000065
-0.000063
-0.000062
-0.000062
-0.000061
-0.000062
-0.000066
-0.000074
-0.000080
-0.000080
-0.000075
-0.000069
-0.000064
-0.000061
-0.000059
-0.000056
-0.000051
-0.000044
-0.000035
-0.000029
-0.000027
-0.000026
-0.000025
-0.000023
-0.000017
-0.000011
-0.000008
-0.000010
-0.000013
-0.000012
-0.000010
-0.000008
-0.000007
-0.000008
-0.000010
-0.000012
-0.000013
-0.000014
-0.000014
-0.000015
-0.000016
-0.000016
-0.000016
-0.000016
-0.000016
-0.000016
-0.000016
-0.000014
-0.000013
-0.000012
-0.000011
-0.000011
-0.000010
-0.000010
-0.000009
-0.000008
-0.000007
-0.000006
-0.000005
-0.000004
-0.000003
-0.000002
-0.000002
-0.000001
-0.000000
0.000000
0.000001
0.000001
0.000001
0.000001
0.000002
0.000002
0.000002
0.000002
0.000002
0.000002
0.000003
0.000003
0.000003
0.000003
0.000003
0.000003
0.000003
0.000003
0.000003
0.000003
0.000003
0.000003
0.000003
0.000003
0.000003
0.000003
0.000003
