0.000336
0.000716
0.001578
0.001990
0.001976
0.002028
0.001962
0.001810
0.001634
0.001544
0.001590
0.001645
0.001416
0.000910
0.000583
0.000544
0.000639
0.000994
0.001424
0.001427
0.000880
0.000019
-0.000634
-0.000616
-0.000083
0.000407
0.000136
-0.001342
-0.003045
-0.003348
-0.002200
-0.000661
0.000994
0.002543
0.002960
0.002279
0.001012
-0.000756
-0.001397
0.000094
0.002213
0.003538
0.003284
0.000570
-0.004868
-0.009311
-0.007998
-0.003725
-0.002636
-0.005622
-0.007998
-0.004804
0.002529
0.009147
0.012736
0.012852
0.010016
0.005747
0.001826
-0.002621
-0.008083
-0.012358
-0.015042
-0.016191
-0.015562
-0.012532
-0.008037
-0.004362
0.000173
0.007473
0.014666
0.017738
0.016207
0.010706
0.004712
0.002721
0.001398
-0.004945
-0.015018
-0.020356
-0.016955
-0.008707
0.000343
0.006022
0.004934
-0.001468
-0.004225
-0.000605
0.002489
0.005015
0.008539
0.007041
0.000441
-0.002476
-0.003191
-0.007382
-0.009095
-0.004543
0.000380
0.004228
0.008988
0.012132
0.011385
0.004135
-0.006700
-0.011602
-0.011326
-0.011100
-0.007195
0.001895
0.007461
0.008063
0.011991
0.016895
0.014460
0.005894
-0.003529
-0.010944
-0.014231
-0.015929
-0.017904
-0.016211
-0.009660
-0.002019
0.003314
0.008824
0.015162
0.016905
0.016426
0.018526
0.018651
0.013965
0.007669
0.001665
-0.003674
-0.007611
-0.009441
-0.010080
-0.011736
-0.014702
-0.016497
-0.013403
-0.006748
-0.003383
-0.003118
-0.001595
0.000261
0.002118
0.004377
0.005024
0.004222
0.001925
-0.003807
-0.010435
-0.014218
-0.015138
-0.009442
0.007700
0.022857
0.022796
0.018266
0.018268
0.019088
0.016063
0.008542
-0.002517
-0.015622
-0.022250
-0.018653
-0.013689
-0.012194
-0.011227
-0.008642
-0.006111
-0.003447
0.003440
0.010250
0.011605
0.014084
0.019367
0.019652
0.015778
0.014898
0.017373
0.014647
0.000386
-0.014757
-0.021644
-0.028787
-0.037461
-0.040050
-0.038855
-0.037226
-0.030965
-0.014477
0.007196
0.021602
0.028630
0.034591
0.040383
0.044209
0.043530
0.035270
0.019775
0.001395
-0.017077
-0.030638
-0.038737
-0.048070
-0.052812
-0.044231
-0.029738
-0.011830
0.008886
0.020220
0.024740
0.033663
0.044516
0.050410
0.048994
0.042668
0.033721
0.019928
0.003373
-0.008438
-0.014564
-0.020358
-0.032145
-0.047641
-0.049447
-0.032579
-0.018186
-0.012554
-0.003798
0.004770
0.007432
0.009214
0.014934
0.022213
0.022318
0.016889
0.017137
0.020481
0.018894
0.015070
0.012034
0.005535
-0.003514
-0.010063
-0.019790
-0.031504
-0.032197
-0.024758
-0.021413
-0.021448
-0.019864
-0.016796
-0.011848
-0.001836
0.012803
0.025901
0.032805
0.033127
0.029691
0.025718
0.020532
0.011843
0.001157
-0.008523
-0.015447
-0.017617
-0.017744
-0.020647
-0.021086
-0.014593
-0.009231
-0.009427
-0.009277
-0.003689
0.005600
0.015365
0.025670
0.035042
0.040058
0.038578
0.027020
0.005344
-0.015834
-0.027711
-0.032459
-0.033747
-0.030977
-0.023422
-0.013186
-0.006681
-0.008057
-0.004979
0.013591
0.032852
0.038303
0.035373
0.030862
0.025912
0.020867
0.017287
0.013026
0.004524
-0.001483
-0.003537
-0.009971
-0.018996
-0.027559
-0.035830
-0.032382
-0.013124
0.003427
0.006540
0.003741
0.002385
0.009505
0.029437
0.046956
0.042706
0.019495
-0.008006
-0.028336
-0.039547
-0.043117
-0.040856
-0.041920
-0.049466
-0.049911
-0.029971
-0.000361
0.015359
0.016237
0.017374
0.018792
0.018494
0.024937
0.033002
0.028083
0.013398
0.003695
0.000238
-0.005889
-0.016744
-0.030183
-0.045020
-0.056324
-0.054558
-0.034267
-0.001927
0.027043
0.043032
0.049022
0.048946
0.043519
0.034711
0.025880
0.021728
0.020741
0.019578
0.021984
0.019464
0.002458
-0.014037
-0.017800
-0.016846
-0.018901
-0.023202
-0.028640
-0.035885
-0.043399
-0.045045
-0.037998
-0.030460
-0.026213
-0.014298
0.007812
0.024228
0.029480
0.031786
0.033897
0.041517
0.057192
0.071255
0.075140
0.064790
0.045388
0.028685
0.018114
0.013403
0.014218
0.005698
-0.026778
-0.068017
-0.093272
-0.094070
-0.076050
-0.054189
-0.037518
-0.027900
-0.025234
-0.020485
-0.008512
0.003001
0.013860
0.031511
0.049005
0.053815
0.047071
0.034334
0.011108
-0.021253
-0.041371
-0.034330
-0.011688
0.006536
0.017963
0.026602
0.022542
0.002050
-0.017396
-0.019906
-0.013967
-0.013227
-0.013840
-0.007822
0.001613
0.010187
0.019727
0.027748
0.029988
0.024091
0.012312
0.004906
0.004514
0.003064
-0.001470
-0.002633
0.005321
0.015572
0.014348
0.001794
-0.014192
-0.030420
-0.043076
-0.047440
-0.043667
-0.037606
-0.033926
-0.029632
-0.022554
-0.015333
-0.007637
-0.001136
-0.001546
-0.006440
-0.007978
-0.004008
0.004013
0.013297
0.020274
0.021417
0.014157
0.003882
-0.003032
-0.011569
-0.029369
-0.047991
-0.050063
-0.039566
-0.026356
-0.003492
0.026329
0.046225
0.050529
0.044234
0.031231
0.017713
0.013619
0.020407
0.026894
0.025877
0.017245
0.004125
-0.003687
-0.002384
0.005854
0.021187
0.038326
0.050553
0.058410
0.062807
0.058552
0.042445
0.017246
-0.012139
-0.039857
-0.057511
-0.061672
-0.061847
-0.058743
-0.044027
-0.021736
0.001494
0.022759
0.042226
0.060264
0.064928
0.052674
0.043590
0.047019
0.055806
0.068756
0.080375
0.077096
0.058936
0.038518
0.021624
0.004808
-0.015598
-0.036327
-0.051479
-0.060777
-0.066290
-0.069928
-0.071450
-0.066420
-0.053149
-0.037853
-0.027288
-0.021780
-0.020830
-0.024396
-0.027630
-0.020468
0.000797
0.022658
0.030386
0.021005
-0.002592
-0.031616
-0.056182
-0.071236
-0.067316
-0.040128
-0.002140
0.032971
0.055196
0.064719
0.069953
0.065633
0.044577
0.015180
-0.012284
-0.036289
-0.057652
-0.072070
-0.077833
-0.078573
-0.073853
-0.062783
-0.049981
-0.040429
-0.038471
-0.046591
-0.056078
-0.056472
-0.049198
-0.037438
-0.019516
0.001712
0.022033
0.039006
0.051129
0.061671
0.068444
0.069992
0.070299
0.064597
0.049722
0.036002
0.030596
0.029040
0.025087
0.016196
0.006413
-0.000110
-0.002546
0.001129
0.006337
0.003176
-0.006267
-0.007214
0.006778
0.022641
0.029418
0.030643
0.026655
0.016316
0.003845
-0.002279
0.003820
0.012591
0.020377
0.031746
0.040353
0.042821
0.039707
0.031530
0.025812
0.022496
0.013020
-0.002966
-0.018830
-0.030818
-0.037694
-0.036035
-0.028348
-0.020482
-0.016243
-0.017691
-0.018365
-0.013449
-0.005412
0.000385
-0.001819
-0.006851
-0.006324
-0.006015
-0.014675
-0.027054
-0.033752
-0.033803
-0.031661
-0.030791
-0.028704
-0.019704
-0.005716
0.004348
0.007882
0.008063
0.003370
-0.009454
-0.025320
-0.033105
-0.026759
-0.012003
-0.000396
0.004528
0.010259
0.019922
0.026352
0.028960
0.030132
0.024045
0.011002
0.002719
0.006602
0.017825
0.029327
0.032210
0.016912
-0.007708
-0.021544
-0.022659
-0.021741
-0.024328
-0.032720
-0.043528
-0.047111
-0.034282
-0.009994
0.013176
0.035235
0.052644
0.055902
0.049732
0.046007
0.049134
0.052757
0.050564
0.043334
0.028483
0.004184
-0.023512
-0.049262
-0.066542
-0.072716
-0.073861
-0.072716
-0.067655
-0.051508
-0.027642
-0.007194
0.016074
0.038186
0.047055
0.047485
0.039698
0.022753
0.008026
-0.001572
-0.007916
-0.004042
0.006974
0.013929
0.015922
0.015297
0.010765
0.000794
-0.011682
-0.019925
-0.021754
-0.017947
-0.007940
0.006281
0.017503
0.023787
0.028957
0.029107
0.021880
0.010814
-0.003891
-0.016665
-0.018593
-0.012861
-0.009575
-0.010962
-0.011699
-0.008118
0.001066
0.016848
0.040947
0.064242
0.072339
0.071802
0.070634
0.062544
0.048866
0.034724
0.017324
-0.001335
-0.016896
-0.030040
-0.037187
-0.036782
-0.035831
-0.037110
-0.039804
-0.044115
-0.046147
-0.040213
-0.021493
0.003879
0.024141
0.034452
0.033207
0.023971
0.011664
-0.000939
-0.011646
-0.023762
-0.041562
-0.060361
-0.072927
-0.074386
-0.066475
-0.053095
-0.033509
-0.021413
-0.024014
-0.024908
-0.021814
-0.021065
-0.018803
-0.011864
0.000279
0.015891
0.031111
0.040276
0.039303
0.029196
0.015161
0.004086
-0.006422
-0.020298
-0.025321
-0.015569
-0.004345
0.001086
0.002531
0.002679
0.003361
0.000892
-0.007475
-0.020646
-0.034250
-0.038608
-0.028023
-0.008886
0.008362
0.018756
0.020434
0.014519
0.005931
0.001037
0.004098
0.011615
0.017131
0.015797
0.007986
0.005035
0.012551
0.021874
0.029611
0.034256
0.028318
0.014674
0.003150
-0.005817
-0.014659
-0.022187
-0.024474
-0.016676
-0.002578
0.007510
0.010887
0.010815
0.005982
-0.000074
0.001266
0.007229
0.012965
0.020549
0.028098
0.031368
0.028767
0.021315
0.014312
0.009458
0.005042
0.004277
0.007605
0.011175
0.011410
0.005225
-0.007304
-0.024489
-0.040751
-0.050315
-0.048984
-0.035591
-0.020879
-0.011565
-0.005900
-0.003869
-0.000177
0.007480
0.016977
0.029281
0.041234
0.048577
0.051169
0.049375
0.043397
0.032844
0.016093
-0.005101
-0.023841
-0.033378
-0.033923
-0.030215
-0.026791
-0.026427
-0.026951
-0.027223
-0.028737
-0.029366
-0.026743
-0.020541
-0.008070
0.008939
0.021409
0.025560
0.024132
0.020822
0.018052
0.014084
0.005652
-0.006148
-0.016167
-0.021074
-0.018367
-0.010321
-0.004737
-0.001132
0.002603
0.006057
0.012710
0.022090
0.030515
0.034808
0.030809
0.022978
0.018631
0.013958
0.005438
-0.005898
-0.017972
-0.026586
-0.030112
-0.030917
-0.030513
-0.028143
-0.021925
-0.010808
0.000975
0.009632
0.015886
0.019014
0.021226
0.026437
0.030571
0.028381
0.021018
0.013056
0.007398
0.003737
0.001489
0.000445
0.001465
0.005441
0.010088
0.012993
0.014553
0.013133
0.008051
0.005101
0.006091
0.008651
0.012530
0.015319
0.014320
0.009566
0.002496
-0.004936
-0.010610
-0.012514
-0.010897
-0.007569
-0.003434
-0.000715
-0.000880
-0.000817
0.001103
0.001873
0.000989
0.001692
0.003719
0.002488
-0.003783
-0.011555
-0.018340
-0.023825
-0.027588
-0.029462
-0.027297
-0.021571
-0.016032
-0.010400
-0.003714
0.001380
0.003340
0.005255
0.009525
0.013513
0.014100
0.011578
0.008727
0.006102
0.002052
-0.002524
-0.006144
-0.009379
-0.012965
-0.017266
-0.022076
-0.025953
-0.026031
-0.021918
-0.018196
-0.016726
-0.014401
-0.009704
-0.004382
0.002513
0.011947
0.017096
0.014505
0.010186
0.006429
0.001200
-0.004405
-0.005934
-0.000908
0.005927
0.009312
0.009593
0.009650
0.009974
0.010191
0.011118
0.011402
0.009890
0.006717
0.002361
-0.001053
-0.002087
-0.000475
0.002797
0.005928
0.008206
0.007245
0.002925
-0.000127
-0.001304
-0.002419
-0.002900
-0.001651
0.001034
0.004227
0.007841
0.010569
0.010851
0.009832
0.012516
0.020838
0.030073
0.035666
0.032995
0.020663
0.005959
-0.001778
-0.003366
-0.006926
-0.013369
-0.017843
-0.015680
-0.008139
-0.004607
-0.010245
-0.019141
-0.021864
-0.016024
-0.007447
-0.001796
-0.000958
-0.003601
-0.006569
-0.008761
-0.009496
-0.009687
-0.013352
-0.019891
-0.023378
-0.020462
-0.015131
-0.011964
-0.008331
-0.000266
0.009505
0.015413
0.016314
0.013031
0.007987
0.004532
0.002393
0.000349
-0.002722
-0.007268
-0.008889
-0.004475
0.002405
0.007448
0.007894
0.005712
0.006522
0.009793
0.011300
0.011385
0.012431
0.014170
0.015733
0.017495
0.017668
0.014545
0.010929
0.008263
0.004179
-0.001819
-0.007675
-0.011021
-0.009771
-0.004151
0.003255
0.010133
0.013942
0.013480
0.012062
0.011237
0.008038
0.002389
-0.003299
-0.008291
-0.011752
-0.013074
-0.012445
-0.009767
-0.006204
-0.002186
0.002537
0.005434
0.005335
0.004198
0.002962
0.000839
-0.002629
-0.006475
-0.009716
-0.011874
-0.012948
-0.012920
-0.011667
-0.009770
-0.007739
-0.006724
-0.008505
-0.013075
-0.018510
-0.022014
-0.021267
-0.017595
-0.014110
-0.012641
-0.011875
-0.008272
-0.002178
0.003928
0.007350
0.006179
0.003582
0.001853
-0.000937
-0.004961
-0.008944
-0.012745
-0.016743
-0.019871
-0.018659
-0.013252
-0.007292
-0.001543
0.003477
0.006678
0.008090
0.007449
0.004908
0.001420
-0.001515
-0.002210
-0.000367
0.003939
0.009628
0.013305
0.012934
0.009093
0.003480
-0.002056
-0.006920
-0.012097
-0.017523
-0.019813
-0.017792
-0.015173
-0.013248
-0.011329
-0.010235
-0.009160
-0.006372
-0.001516
0.004329
0.008714
0.009937
0.009289
0.010113
0.013574
0.015405
0.011901
0.006609
0.002782
-0.001348
-0.005837
-0.009373
-0.012983
-0.016547
-0.017074
-0.014111
-0.009757
-0.004156
0.001704
0.005129
0.006134
0.008278
0.013372
0.019461
0.025264
0.030052
0.031898
0.029802
0.023616
0.013623
0.002237
-0.007204
-0.011830
-0.011273
-0.008252
-0.006800
-0.009381
-0.012331
-0.009551
-0.002304
0.002313
0.004167
0.007868
0.011876
0.012427
0.009403
0.004767
0.000546
-0.001674
-0.002495
-0.002314
-0.001246
-0.002305
-0.004686
-0.006330
-0.008615
-0.008821
-0.005415
-0.001547
0.002939
0.008356
0.012994
0.016002
0.016479
0.013582
0.008074
0.003533
0.002963
0.004720
0.004332
0.001052
-0.001281
-0.000885
0.001082
0.004276
0.007095
0.006339
0.004633
0.007401
0.012600
0.016434
0.020542
0.023779
0.021562
0.015336
0.009074
0.003292
-0.002512
-0.009213
-0.017395
-0.025671
-0.030404
-0.028784
-0.023060
-0.017435
-0.013775
-0.009834
-0.002435
0.006401
0.013263
0.017209
0.017583
0.014570
0.011183
0.011427
0.013538
0.010910
0.002959
-0.005044
-0.010309
-0.012369
-0.011213
-0.007427
-0.003273
-0.001784
-0.001341
0.000964
0.003189
0.004414
0.006300
0.008632
0.010854
0.011597
0.008406
0.001046
-0.005933
-0.007305
-0.004679
-0.002156
-0.001025
-0.001669
-0.002930
-0.003053
-0.001982
0.000119
0.001861
0.002180
0.003389
0.005455
0.005284
0.002967
0.000839
-0.000275
-0.000255
-0.000358
-0.002424
-0.004761
-0.005043
-0.004589
-0.004779
-0.004988
-0.004693
-0.003104
-0.000432
0.001168
0.000777
0.000388
0.003164
0.008769
0.013956
0.017292
0.017608
0.015701
0.013922
0.011323
0.007846
0.004805
0.001546
-0.001606
-0.002640
-0.001866
-0.002147
-0.003729
-0.004990
-0.005448
-0.004144
-0.001331
0.000955
0.001300
-0.000623
-0.001951
0.000796
0.005344
0.008998
0.012276
0.012843
0.009597
0.006669
0.006581
0.006321
0.002477
-0.003382
-0.008795
-0.013414
-0.017240
-0.020028
-0.019286
-0.014021
-0.008286
-0.002900
0.003362
0.006982
0.006090
0.002630
-0.001994
-0.005834
-0.007358
-0.008715
-0.010438
-0.010961
-0.011830
-0.011671
-0.007313
-0.002128
0.000961
0.002782
0.003498
0.004131
0.005969
0.007615
0.006560
0.002908
-0.001517
-0.005286
-0.008924
-0.013219
-0.016869
-0.020301
-0.024009
-0.023365
-0.017522
-0.011234
-0.005051
0.000251
0.003356
0.005323
0.006516
0.007228
0.006878
0.005358
0.004274
0.005638
0.008105
0.009212
0.009297
0.006693
0.001587
-0.003154
-0.007087
-0.008552
-0.007634
-0.007825
-0.009130
-0.010206
-0.011255
-0.010520
-0.006710
-0.001058
0.005471
0.010717
0.012722
0.012346
0.010730
0.009473
0.010056
0.010369
0.007496
0.003397
0.000594
-0.000619
0.000010
0.000183
-0.000899
-0.002142
-0.004725
-0.008066
-0.010628
-0.010912
-0.008421
-0.006096
-0.004592
-0.001919
0.002089
0.006219
0.009018
0.008380
0.004439
-0.000204
-0.004990
-0.009918
-0.013994
-0.015526
-0.015129
-0.014838
-0.014154
-0.011356
-0.005116
0.000964
0.004058
0.006795
0.008164
0.006407
0.004305
0.002783
0.001097
0.001078
0.003050
0.006288
0.010464
0.011935
0.009214
0.005220
0.001744
-0.000069
0.000511
0.002695
0.003391
0.000216
-0.002597
-0.002295
-0.002199
-0.002463
-0.002110
-0.002651
-0.003743
-0.003643
-0.001424
0.001857
0.004387
0.005724
0.005036
0.002434
-0.000489
-0.003282
-0.005186
-0.005164
-0.002995
-0.000151
0.001617
0.003023
0.003913
0.003235
0.002125
0.002190
0.003346
0.005455
0.007825
0.007078
0.003826
0.002880
0.003291
0.002323
0.001241
0.000255
-0.000742
-0.001356
-0.001853
-0.001504
-0.000813
0.000672
0.003515
0.004825
0.004455
0.004160
0.003345
0.001519
-0.000467
-0.001735
-0.003848
-0.008159
-0.010978
-0.008763
-0.004881
-0.003223
-0.003021
-0.003225
-0.003824
-0.004811
-0.005773
-0.006004
-0.004960
-0.002901
-0.000856
0.000107
-0.000358
-0.000822
-0.000991
-0.001089
-0.000220
0.000343
0.000491
0.000791
-0.001141
-0.003922
-0.004056
-0.002602
-0.000799
0.002216
0.006129
0.009285
0.011295
0.012395
0.012195
0.010732
0.008757
0.007195
0.005441
0.002304
-0.002687
-0.008355
-0.011688
-0.012728
-0.013312
-0.012704
-0.010404
-0.007302
-0.004008
-0.000651
0.002091
0.004965
0.009589
0.013351
0.014267
0.013089
0.009560
0.005474
0.003967
0.005436
0.007678
0.007537
0.004255
0.000500
-0.003337
-0.005890
-0.004341
-0.001898
-0.000164
0.001097
-0.000549
-0.002741
-0.002778
-0.002045
-0.000632
0.000808
0.001184
0.001304
0.000644
-0.001513
-0.003685
-0.005275
-0.006991
-0.008435
-0.009106
-0.008822
-0.007303
-0.005688
-0.004835
-0.003217
0.000253
0.004005
0.007016
0.010157
0.013009
0.014603
0.014640
0.012782
0.009309
0.005937
0.005330
0.006212
0.004892
0.001960
-0.001097
-0.005028
-0.007557
-0.005746
-0.003833
-0.005118
-0.006811
-0.007897
-0.006878
-0.002745
0.000898
0.003025
0.004604
0.004799
0.003711
0.002467
0.001210
-0.000445
-0.001172
0.000047
0.001452
0.001753
0.001796
0.001806
0.001313
0.000619
0.000641
0.002130
0.004236
0.005396
0.005225
0.004004
0.001859
-0.000388
-0.002431
-0.005723
-0.010627
-0.013175
-0.010244
-0.005304
-0.000813
0.003988
0.008468
0.012066
0.014646
0.014697
0.011293
0.006653
0.002505
-0.001110
-0.004078
-0.007035
-0.010313
-0.013941
-0.016196
-0.014340
-0.010509
-0.007960
-0.006691
-0.005057
-0.001218
0.003726
0.008199
0.011870
0.012977
0.011231
0.009187
0.007536
0.005415
0.003212
0.000379
-0.003611
-0.007257
-0.009456
-0.010814
-0.012022
-0.012737
-0.013294
-0.012289
-0.007859
-0.003195
0.000539
0.005588
0.010684
0.014316
0.016518
0.016289
0.014423
0.012392
0.009262
0.005703
0.002800
-0.000186
-0.002950
-0.005129
-0.007302
-0.009491
-0.010649
-0.010073
-0.008132
-0.005387
-0.002479
0.000476
0.003463
0.006380
0.009003
0.009773
0.007596
0.003593
-0.000594
-0.004208
-0.006343
-0.007083
-0.007767
-0.008225
-0.008568
-0.009005
-0.007639
-0.003785
0.000118
0.002600
0.004572
0.005703
0.005293
0.004197
0.002901
0.001455
0.000119
-0.001343
-0.003325
-0.005951
-0.008064
-0.007747
-0.005681
-0.003716
-0.002449
-0.002494
-0.003125
-0.002204
0.001306
0.005888
0.008867
0.010259
0.011050
0.010266
0.007711
0.004309
0.000207
-0.003926
-0.007183
-0.009168
-0.008710
-0.006021
-0.003136
-0.000577
0.000995
0.000234
-0.001806
-0.001926
0.000390
0.002023
0.003194
0.004805
0.004285
0.002903
0.003285
0.003608
0.003223
0.003044
0.001666
-0.001438
-0.004169
-0.005886
-0.006809
-0.006495
-0.006002
-0.005772
-0.004936
-0.003143
-0.000901
0.000612
0.001376
0.001843
0.002073
0.003006
0.004478
0.005051
0.003685
0.000613
-0.002663
-0.005591
-0.006977
-0.005895
-0.004292
-0.003419
-0.002420
-0.000187
0.002688
0.004979
0.007211
0.009523
0.010836
0.010333
0.008294
0.005610
0.002934
0.001219
0.000126
-0.001762
-0.004178
-0.006032
-0.007330
-0.007620
-0.006414
-0.005053
-0.003958
-0.002634
-0.001390
-0.000455
0.000159
0.001127
0.003005
0.004896
0.006328
0.007259
0.006521
0.004046
0.001031
-0.001681
-0.003295
-0.004053
-0.004606
-0.005006
-0.004954
-0.003110
0.000432
0.003416
0.005513
0.007506
0.008081
0.006766
0.005326
0.004016
0.002477
0.001240
-0.000063
-0.002207
-0.004774
-0.006757
-0.008272
-0.009294
-0.009437
-0.008571
-0.006759
-0.004007
0.001318
0.007362
0.011001
0.013685
0.014813
0.013501
0.010947
0.007235
0.003203
-0.000911
-0.004642
-0.006271
-0.006806
-0.007718
-0.008166
-0.008188
-0.008727
-0.009509
-0.009741
-0.008384
-0.005110
-0.002409
-0.001249
-0.000531
-0.000493
0.000070
0.001006
0.000583
-0.000128
-0.000140
0.000187
0.001143
0.003374
0.005969
0.006156
0.003116
-0.000500
-0.003516
-0.006469
-0.008453
-0.008514
-0.006763
-0.004355
-0.001823
0.000860
0.003399
0.005432
0.005819
0.005049
0.003732
0.001178
-0.001633
-0.004027
-0.005254
-0.004606
-0.003683
-0.003034
-0.002560
-0.003023
-0.003703
-0.004327
-0.005260
-0.004945
-0.003011
-0.000752
0.001470
0.002853
0.003544
0.004815
0.005909
0.006197
0.006670
0.006593
0.004331
0.001307
-0.001254
-0.003611
-0.004323
-0.003653
-0.003332
-0.003046
-0.001836
0.000288
0.001846
0.001590
-0.000453
-0.003074
-0.004136
-0.002895
-0.000653
0.000772
0.001355
0.002230
0.003021
0.003008
0.002900
0.003702
0.003836
0.001494
-0.001071
-0.002386
-0.003265
-0.003286
-0.002582
-0.001985
-0.000933
0.001029
0.001898
0.001013
0.001026
0.002329
0.003451
0.004125
0.003464
0.002190
0.002736
0.004515
0.006424
0.008417
0.009388
0.009516
0.009227
0.007887
0.006312
0.005037
0.003478
0.001959
0.001056
0.000119
-0.001791
-0.003559
-0.003144
-0.000958
0.000874
0.001618
0.000777
-0.001968
-0.005357
-0.007660
-0.007270
-0.005619
-0.004452
-0.002746
-0.001220
-0.000862
-0.000881
-0.000918
-0.000991
-0.001147
-0.001392
-0.001616
-0.001970
-0.002502
-0.002927
-0.003186
-0.003592
-0.004259
-0.005000
-0.005564
-0.005644
-0.004980
-0.002773
0.000618
0.002969
0.003924
0.004074
0.003205
0.001502
-0.000560
-0.001368
-0.000480
0.000322
0.000561
0.000297
-0.000586
-0.000966
-0.000511
0.000130
0.000752
0.000931
0.001071
0.001750
0.002067
0.001657
0.001345
0.001296
0.001264
0.001115
-0.000100
-0.001435
-0.000685
0.001200
0.002808
0.004165
0.005417
0.005614
0.003997
0.002415
0.001942
0.001873
0.002033
0.002549
0.003158
0.003420
0.003394
0.003016
0.002219
0.001882
0.002096
0.001940
0.001324
0.000466
-0.000435
-0.001048
-0.001304
-0.001469
-0.002094
-0.003429
-0.004614
-0.004090
-0.002232
-0.000683
0.000790
0.002343
0.003059
0.003153
0.003299
0.003456
0.003437
0.002840
0.001728
0.000989
0.000888
0.001192
0.001789
0.001397
-0.001404
-0.005134
-0.008121
-0.010445
-0.011656
-0.010243
-0.006346
-0.002179
0.002310
0.006712
0.009519
0.010616
0.009434
0.007215
0.005250
0.002775
-0.000127
-0.002771
-0.005015
-0.007577
-0.010979
-0.013719
-0.013200
-0.010205
-0.007617
-0.004440
0.000090
0.003845
0.006667
0.009766
0.011687
0.010451
0.007885
0.005730
0.003328
0.000592
-0.002144
-0.005086
-0.008549
-0.010956
-0.009531
-0.005764
-0.002276
0.001195
0.004043
0.006093
0.007075
0.006727
0.005749
0.003753
0.001522
-0.000350
-0.002539
-0.003785
-0.002676
0.000525
0.004092
0.005943
0.006282
0.006029
0.005266
0.004094
0.003228
0.002863
0.002063
0.000980
0.001136
0.002755
0.004189
0.004589
0.004271
0.003378
0.001896
-0.000031
-0.001593
-0.000834
0.001674
0.003198
0.004384
0.005054
0.003500
0.001907
0.001852
0.001143
-0.001066
-0.003145
-0.005120
-0.006718
-0.006712
-0.006506
-0.006349
-0.005087
-0.003687
-0.002435
-0.000486
0.001700
0.003096
0.003668
0.004027
0.004280
0.003796
0.002093
0.000519
0.000308
0.000125
-0.001235
-0.003216
-0.005522
-0.008081
-0.010153
-0.011572
-0.011213
-0.008766
-0.006149
-0.003240
-0.000228
0.001546
0.002333
0.002363
0.001925
0.001467
0.000655
-0.000414
-0.000865
-0.000656
-0.000964
-0.002479
-0.004341
-0.005610
-0.006397
-0.006939
-0.007161
-0.006984
-0.006540
-0.005690
-0.004222
-0.002176
0.000252
0.002199
0.003556
0.004886
0.005703
0.005761
0.005139
0.003634
0.001483
-0.000927
-0.002913
-0.004266
-0.004591
-0.003454
-0.002456
-0.001927
-0.000826
-0.000191
-0.000172
0.000874
0.002549
0.003755
0.005027
0.006260
0.006224
0.005362
0.004365
0.002352
0.000096
-0.001021
-0.001701
-0.002618
-0.003395
-0.003834
-0.004082
-0.003807
-0.002835
-0.001936
-0.001187
-0.000141
0.000955
0.002036
0.002761
0.002751
0.002671
0.002864
0.003086
0.003370
0.003770
0.003716
0.002378
0.000539
-0.000471
-0.001042
-0.001344
-0.000811
-0.000361
-0.000728
-0.001335
-0.001792
-0.001747
-0.001358
-0.001122
-0.000901
-0.000551
-0.000137
0.000217
0.000590
0.001159
0.001736
0.002184
0.002541
0.002716
0.002686
0.002485
0.002165
0.001444
-0.000409
-0.002988
-0.005710
-0.008220
-0.009532
-0.009251
-0.007854
-0.006422
-0.005012
-0.003324
-0.001804
-0.000181
0.001768
0.003671
0.005382
0.006554
0.006872
0.005859
0.003363
0.000912
-0.000960
-0.003177
-0.004818
-0.004655
-0.003909
-0.003333
-0.002371
-0.001288
0.000039
0.001877
0.003802
0.005612
0.007381
0.008060
0.006441
0.004184
0.002516
0.000639
-0.000715
-0.001056
-0.001275
-0.001521
-0.001344
-0.000450
0.000859
0.001344
0.000165
-0.001420
-0.002038
-0.002109
-0.002061
-0.001540
-0.000610
0.000508
0.001781
0.002957
0.003398
0.002640
0.001409
0.000092
-0.001300
-0.002269
-0.002729
-0.001981
-0.000307
0.000645
0.001205
0.001818
0.001652
0.000958
0.000768
0.001325
0.002044
0.002524
0.002024
0.000431
-0.000681
-0.001187
-0.001421
-0.000957
-0.000502
-0.000532
-0.001181
-0.002109
-0.001885
-0.000666
0.000486
0.001965
0.003795
0.004593
0.003808
0.002538
0.001168
-0.000487
-0.001359
-0.000966
-0.000498
-0.000447
-0.000436
-0.000535
-0.000971
-0.001562
-0.001924
-0.002276
-0.002141
-0.000353
0.002125
0.003904
0.004642
0.004064
0.003078
0.002026
0.000487
-0.001047
-0.002312
-0.002999
-0.003041
-0.003076
-0.003092
-0.002513
-0.001408
-0.000556
-0.000029
0.000619
0.001165
0.001368
0.001371
0.001233
0.000913
0.000406
-0.000263
-0.000846
-0.000997
-0.000895
-0.000909
-0.001021
-0.001179
-0.001418
-0.001658
-0.001743
-0.001754
-0.001887
-0.001833
-0.001448
-0.001085
-0.000688
-0.000386
-0.000435
-0.000399
-0.000012
0.000563
0.001495
0.002294
0.001940
0.001190
0.000851
0.000644
0.000635
0.000569
0.000504
0.000847
0.001462
0.002433
0.002911
0.001510
-0.000477
-0.001761
-0.003416
-0.004271
-0.003140
-0.002025
-0.001077
0.000475
0.002056
0.003823
0.005447
0.005487
0.004273
0.003155
0.001766
0.000474
0.000309
0.000414
-0.000109
-0.000552
0.000002
0.000964
0.001281
0.001002
0.000549
-0.000155
-0.001068
-0.002099
-0.003206
-0.003611
-0.003299
-0.002921
-0.001901
-0.000334
0.000729
0.001377
0.002169
0.002997
0.003340
0.003253
0.003180
0.003062
0.002539
0.001302
-0.000222
-0.001583
-0.003008
-0.004331
-0.005032
-0.005231
-0.004987
-0.003780
-0.002227
-0.001032
0.000199
0.001493
0.002498
0.003053
0.003410
0.004133
0.005432
0.006685
0.006670
0.005378
0.003811
0.001750
-0.000900
-0.002752
-0.003125
-0.003033
-0.002803
-0.002287
-0.002048
-0.001992
-0.001696
-0.000949
0.000259
0.001534
0.002474
0.003084
0.003628
0.004016
0.004207
0.003958
0.002952
0.001537
-0.000075
-0.001572
-0.002795
-0.003791
-0.004321
-0.004673
-0.004324
-0.002696
-0.001062
0.000297
0.002044
0.003597
0.004493
0.005159
0.005555
0.004521
0.002441
0.000967
-0.000252
-0.001659
-0.002664
-0.003363
-0.004084
-0.004004
-0.002553
-0.001010
0.000098
0.001355
0.002667
0.003873
0.004882
0.005694
0.005743
0.004201
0.002185
0.000529
-0.001221
-0.001996
-0.001382
-0.000800
-0.000886
-0.001939
-0.003190
-0.002868
-0.001720
-0.001147
-0.000696
-0.000421
-0.000432
-0.000113
0.000427
0.000807
0.001061
0.001146
0.000857
0.000388
0.000057
-0.000183
-0.000527
-0.000898
-0.001018
-0.001103
-0.001374
-0.001587
-0.001801
-0.002168
-0.002478
-0.002505
-0.002389
-0.002220
-0.001706
-0.000921
-0.000069
0.000757
0.000919
0.000278
-0.000052
0.000311
0.000650
0.000634
-0.000196
-0.001080
-0.001422
-0.001698
-0.002080
-0.002221
-0.002092
-0.001947
-0.001707
-0.001307
-0.000918
-0.000482
-0.000043
-0.000051
-0.000452
-0.000782
-0.001262
-0.002023
-0.002799
-0.003522
-0.003665
-0.003145
-0.002787
-0.002502
-0.001926
-0.001461
-0.001044
-0.000294
0.000600
0.001331
0.001909
0.002211
0.001936
0.001407
0.001105
0.000876
0.000657
0.000635
0.000676
0.000628
0.000622
0.000743
0.000819
0.000453
-0.000352
-0.001254
-0.002094
-0.002666
-0.002947
-0.002844
-0.002313
-0.001517
-0.000485
0.000473
0.001284
0.002134
0.003025
0.003282
0.002344
0.001166
0.000388
-0.000191
-0.000546
-0.000815
-0.001151
-0.001495
-0.001874
-0.002335
-0.002793
-0.002999
-0.002446
-0.001326
-0.000561
-0.000315
-0.000516
-0.001236
-0.001482
-0.000623
0.000304
0.000836
0.001204
0.000887
0.000010
-0.000648
-0.001120
-0.001465
-0.001642
-0.001884
-0.002188
-0.002416
-0.001916
-0.000538
0.000593
0.001559
0.002726
0.003177
0.002875
0.002275
0.001314
0.000214
-0.000864
-0.002116
-0.003328
-0.004038
-0.003962
-0.003178
-0.002138
-0.000713
0.001116
0.002886
0.004433
0.005379
0.005834
0.005832
0.004829
0.003524
0.002286
0.000782
-0.000463
-0.001390
-0.002302
-0.003145
-0.003843
-0.003888
-0.003261
-0.002665
-0.001799
-0.000508
0.000611
0.001696
0.002897
0.003811
0.003885
0.003242
0.002849
0.002804
0.002543
0.002090
0.001609
0.001111
0.000613
0.000099
-0.000518
-0.001182
-0.001299
-0.000614
0.000153
0.000770
0.001567
0.002244
0.002338
0.002094
0.001971
0.001905
0.001804
0.001692
0.001305
0.000629
0.000035
-0.000409
-0.000847
-0.001148
-0.001147
-0.001007
-0.000843
-0.000586
-0.000389
-0.000466
-0.000721
-0.000588
0.000219
0.000992
0.001279
0.001373
0.001318
0.001061
0.000625
0.000011
-0.000605
-0.001102
-0.001503
-0.001776
-0.001938
-0.001997
-0.001786
-0.001410
-0.001122
-0.000859
-0.000616
-0.000429
-0.000192
0.000062
0.000248
0.000391
0.000503
0.000513
0.000509
0.000657
0.000810
0.000808
0.000724
0.000613
0.000511
0.000363
0.000091
-0.000170
-0.000338
-0.000520
-0.000619
-0.000468
-0.000255
-0.000166
-0.000120
-0.000017
0.000177
0.000378
0.000532
0.000681
0.000824
0.000853
0.000576
0.000117
-0.000238
-0.000413
-0.000364
-0.000238
-0.000189
-0.000174
-0.000194
-0.000255
-0.000320
-0.000264
0.000026
0.000346
0.000514
0.000556
0.000413
0.000177
0.000039
-0.000041
-0.000129
-0.000174
-0.000190
-0.000188
-0.000081
0.000061
0.000084
0.000072
0.000096
0.000048
-0.000067
-0.000105
-0.000029
0.000068
0.000126
0.000172
0.000181
0.000128
0.000075
0.000048
0.000033
0.000019
-0.000001
-0.000019
-0.000038
-0.000064
-0.000072
-0.000045
-0.000023
-0.000036
-0.000067
-0.000084
-0.000089
-0.000091
-0.000077
-0.000051
-0.000040
-0.000041
-0.000048
-0.000065
-0.000077
-0.000076
-0.000071
-0.000068
-0.000066
-0.000066
-0.000068
-0.000071
-0.000069
-0.000068
-0.000068
-0.000068
-0.000067
-0.000067
-0.000067
-0.000067
-0.000069
-0.000070
