-0.000077
-0.000011
0.000154
0.000246
0.000231
0.000224
0.000200
0.000168
0.000135
0.000107
0.000089
0.000079
0.000076
0.000081
0.000092
0.000102
0.000115
0.000138
0.000168
0.000192
0.000197
0.000182
0.000151
0.000105
0.000051
-0.000002
-0.000043
-0.000053
-0.000022
0.000038
0.000101
0.000136
0.000133
0.000113
0.000106
0.000118
0.000135
0.000158
0.000176
0.000155
0.000083
-0.000013
-0.000091
-0.000123
-0.000124
-0.000118
-0.000098
-0.000056
-0.000029
-0.000059
-0.000126
-0.000199
-0.000271
-0.000295
-0.000201
-0.000016
0.000140
0.000222
0.000279
0.000326
0.000349
0.000363
0.000380
0.000412
0.000454
0.000450
0.000303
0.000037
-0.000194
-0.000295
-0.000289
-0.000244
-0.000206
-0.000210
-0.000276
-0.000373
-0.000425
-0.000428
-0.000441
-0.000423
-0.000277
-0.000080
-0.000015
-0.000092
-0.000136
-0.000049
0.000093
0.000249
0.000424
0.000521
0.000474
0.000352
0.000301
0.000330
0.000252
0.000009
-0.000258
-0.000394
-0.000317
-0.000137
-0.000076
-0.000266
-0.000674
-0.001062
-0.001075
-0.000670
-0.000309
-0.000419
-0.000826
-0.000964
-0.000637
-0.000228
-0.000092
-0.000207
-0.000342
-0.000283
-0.000070
0.000135
0.000387
0.000693
0.000796
0.000556
0.000091
-0.000407
-0.000794
-0.001149
-0.001620
-0.001948
-0.001651
-0.000594
0.000777
0.001711
0.001935
0.001649
0.001055
0.000411
0.000129
0.000402
0.000797
0.000717
0.000282
0.000030
-0.000032
-0.000253
-0.000548
-0.000388
0.000447
0.001375
0.001612
0.001056
0.000024
-0.001164
-0.002036
-0.002267
-0.001922
-0.001203
-0.000423
0.000081
0.000192
0.000091
0.000033
0.000061
0.000052
0.000043
0.000308
0.000767
0.000792
0.000031
-0.001122
-0.001873
-0.001680
-0.000565
0.000958
0.002285
0.003158
0.003374
0.002848
0.002129
0.001925
0.002299
0.002706
0.002578
0.001870
0.000882
-0.000269
-0.001470
-0.002380
-0.002787
-0.002792
-0.002431
-0.001629
-0.000725
-0.000348
-0.000564
-0.000703
-0.000176
0.000723
0.001089
0.000751
0.000542
0.000943
0.001819
0.003049
0.004212
0.004904
0.005007
0.004263
0.002806
0.001274
0.000158
-0.000594
-0.001305
-0.002278
-0.003568
-0.004593
-0.004796
-0.004469
-0.004091
-0.003434
-0.002080
-0.000232
0.001565
0.002908
0.003523
0.003375
0.002687
0.001977
0.001842
0.001988
0.001453
0.000192
-0.000863
-0.001252
-0.001520
-0.002312
-0.003425
-0.004474
-0.005390
-0.005710
-0.005032
-0.003952
-0.003180
-0.002652
-0.002039
-0.001155
-0.000238
0.000319
0.000621
0.000943
0.001226
0.001219
0.000720
-0.000355
-0.001380
-0.001222
-0.000142
0.000458
0.000424
0.000638
0.001362
0.002297
0.003234
0.004009
0.004399
0.004241
0.003349
0.001441
-0.001484
-0.004840
-0.007732
-0.009428
-0.009616
-0.008226
-0.005379
-0.001960
0.000704
0.002125
0.002493
0.001954
0.000553
-0.001506
-0.003139
-0.003318
-0.002309
-0.000716
0.001196
0.003184
0.005145
0.006817
0.007158
0.005609
0.003091
0.000665
-0.001223
-0.002296
-0.002371
-0.002156
-0.002783
-0.003807
-0.003755
-0.002180
0.000245
0.002630
0.004528
0.005996
0.006936
0.007000
0.005943
0.003601
0.000487
-0.002129
-0.003347
-0.003278
-0.002454
-0.000976
0.000874
0.001914
0.001424
0.000292
-0.000101
0.000580
0.001180
0.000658
-0.000637
-0.001863
-0.002415
-0.002005
-0.000748
0.000898
0.002310
0.003044
0.003001
0.002258
0.001021
-0.000390
-0.001230
-0.000728
0.000587
0.001205
0.000527
-0.000476
-0.000963
-0.001361
-0.002238
-0.003428
-0.004442
-0.005163
-0.006069
-0.007607
-0.009439
-0.010475
-0.009835
-0.007936
-0.005714
-0.003247
-0.000690
0.000743
0.000219
-0.001321
-0.002096
-0.001327
0.000577
0.002749
0.004424
0.005222
0.004931
0.004014
0.003764
0.004736
0.005637
0.004720
0.001902
-0.001529
-0.004897
-0.008480
-0.011971
-0.013968
-0.013033
-0.009449
-0.005240
-0.001600
0.001380
0.003151
0.003326
0.002353
0.000869
-0.000674
-0.002144
-0.003722
-0.005606
-0.007693
-0.009386
-0.009723
-0.008018
-0.004673
-0.000921
0.002451
0.005221
0.007074
0.008049
0.008474
0.008233
0.007469
0.007451
0.009336
0.012698
0.016259
0.018782
0.019142
0.016843
0.012641
0.008442
0.005821
0.004544
0.003565
0.002565
0.001795
0.001153
0.000015
-0.002033
-0.004578
-0.006688
-0.008070
-0.009150
-0.009813
-0.009252
-0.007500
-0.005555
-0.004097
-0.003247
-0.002846
-0.002461
-0.001516
-0.000253
0.000381
0.000332
-0.000007
-0.000715
-0.001532
-0.001798
-0.001219
0.000255
0.002657
0.005604
0.008439
0.010366
0.010504
0.008564
0.004791
0.000209
-0.003483
-0.005707
-0.006950
-0.006900
-0.005111
-0.002909
-0.001956
-0.001749
-0.000868
0.000616
0.001747
0.002174
0.001935
0.001063
0.000082
-0.000360
-0.000394
-0.000396
-0.000188
0.000331
0.000436
-0.000637
-0.002580
-0.004463
-0.005725
-0.006154
-0.005605
-0.003959
-0.001301
0.001687
0.004018
0.005336
0.006520
0.008371
0.010044
0.010121
0.008160
0.004438
-0.000144
-0.004009
-0.006245
-0.006999
-0.006621
-0.005634
-0.004607
-0.003785
-0.003440
-0.003480
-0.003475
-0.003492
-0.003878
-0.004846
-0.005960
-0.006416
-0.006136
-0.005735
-0.005397
-0.004442
-0.002427
0.000439
0.003826
0.007064
0.009264
0.010171
0.010386
0.010482
0.010309
0.009912
0.010056
0.011166
0.012429
0.012285
0.009905
0.005885
0.001919
-0.000303
-0.000497
-0.000025
-0.000564
-0.002519
-0.005259
-0.007764
-0.008494
-0.006635
-0.002781
0.002100
0.006799
0.009850
0.010638
0.010323
0.010592
0.011539
0.012225
0.012332
0.012036
0.011621
0.011309
0.010556
0.008373
0.004656
0.000507
-0.002658
-0.004453
-0.005706
-0.007083
-0.008590
-0.009940
-0.010830
-0.011281
-0.011075
-0.009601
-0.006889
-0.004041
-0.002455
-0.002172
-0.002116
-0.002055
-0.002568
-0.004115
-0.006743
-0.009754
-0.012038
-0.013038
-0.012762
-0.011100
-0.008177
-0.004918
-0.002513
-0.001630
-0.002043
-0.002684
-0.002334
-0.000898
0.000418
0.000685
-0.000152
-0.001733
-0.003433
-0.004697
-0.005260
-0.005500
-0.005995
-0.006525
-0.006304
-0.005125
-0.003733
-0.002738
-0.002007
-0.001126
-0.000066
0.000802
0.001168
0.001072
0.000860
0.000998
0.002049
0.003875
0.005588
0.006816
0.007832
0.008386
0.007893
0.006363
0.003981
0.001261
-0.000889
-0.001987
-0.002213
-0.001955
-0.000977
0.001185
0.004115
0.006660
0.007812
0.007496
0.006269
0.004423
0.002117
-0.000376
-0.002829
-0.004871
-0.006093
-0.006381
-0.005900
-0.004751
-0.002567
0.000858
0.004755
0.007916
0.009502
0.009550
0.008438
0.006400
0.004018
0.001894
0.000363
-0.000125
0.000593
0.001528
0.001397
-0.000111
-0.002521
-0.005076
-0.007137
-0.008421
-0.009148
-0.009592
-0.009820
-0.010160
-0.010980
-0.011904
-0.011870
-0.010514
-0.008413
-0.006267
-0.004728
-0.004123
-0.004417
-0.005061
-0.005286
-0.005057
-0.004796
-0.004579
-0.004036
-0.003020
-0.001563
0.000809
0.004253
0.008179
0.011822
0.014206
0.014649
0.013591
0.011864
0.009713
0.007396
0.005477
0.004183
0.003473
0.003192
0.002839
0.002174
0.001518
0.001244
0.001429
0.001790
0.002068
0.002085
0.001826
0.001618
0.001475
0.001001
0.000090
-0.000914
-0.001174
-0.000275
0.001058
0.002426
0.004030
0.005442
0.006125
0.006371
0.006733
0.007336
0.007928
0.008290
0.008080
0.006760
0.004678
0.002893
0.001837
0.001410
0.001769
0.003151
0.005058
0.006463
0.007238
0.007758
0.007469
0.005989
0.004258
0.003570
0.004291
0.005587
0.006583
0.007000
0.006600
0.005458
0.004439
0.004127
0.004391
0.005090
0.006046
0.007310
0.009045
0.010682
0.011184
0.010107
0.007987
0.005797
0.003901
0.002030
0.000413
0.000145
0.002025
0.005432
0.008868
0.011514
0.013712
0.015798
0.017571
0.019171
0.020973
0.022759
0.023711
0.023030
0.020692
0.017175
0.013314
0.010547
0.009342
0.008333
0.006156
0.002881
-0.000668
-0.004053
-0.007201
-0.009717
-0.010929
-0.010313
-0.007773
-0.004080
-0.000566
0.002049
0.004071
0.005833
0.006848
0.006516
0.004750
0.001672
-0.002347
-0.006670
-0.010631
-0.013446
-0.014772
-0.015617
-0.017464
-0.020713
-0.024669
-0.028383
-0.031075
-0.032082
-0.030837
-0.027392
-0.022688
-0.017923
-0.014072
-0.011582
-0.010365
-0.010281
-0.011280
-0.012966
-0.014859
-0.017002
-0.019531
-0.022315
-0.024786
-0.025741
-0.024268
-0.020618
-0.015805
-0.011044
-0.007153
-0.004312
-0.002714
-0.002759
-0.004540
-0.007587
-0.010986
-0.014021
-0.016472
-0.018446
-0.020013
-0.020975
-0.021150
-0.020066
-0.017427
-0.013951
-0.010356
-0.006612
-0.002626
0.001332
0.005081
0.008638
0.011868
0.014871
0.017956
0.020191
0.020053
0.017498
0.013165
0.007390
0.000807
-0.005760
-0.011684
-0.016227
-0.018775
-0.019794
-0.020300
-0.020272
-0.019091
-0.016859
-0.014058
-0.011031
-0.008051
-0.005126
-0.002205
0.000384
0.002350
0.004206
0.007182
0.011628
0.016250
0.019810
0.022101
0.023266
0.023072
0.020819
0.016281
0.010373
0.004547
-0.000122
-0.002996
-0.003313
-0.000621
0.004308
0.009640
0.013797
0.016364
0.017336
0.016591
0.014816
0.013254
0.012489
0.012528
0.013169
0.014503
0.016680
0.019196
0.021347
0.023141
0.025320
0.027829
0.029740
0.030832
0.030961
0.029554
0.026898
0.023515
0.019292
0.014445
0.009119
0.003114
-0.003086
-0.008906
-0.013794
-0.016731
-0.017516
-0.017038
-0.016132
-0.015320
-0.015066
-0.015435
-0.015594
-0.014633
-0.012402
-0.009186
-0.005760
-0.003147
-0.001343
0.000328
0.001494
0.001278
0.000074
-0.001264
-0.003096
-0.006428
-0.011466
-0.017220
-0.022053
-0.024395
-0.023702
-0.020572
-0.015646
-0.009514
-0.003185
0.002385
0.006681
0.009686
0.011555
0.012210
0.011354
0.008592
0.003940
-0.002115
-0.009337
-0.017483
-0.025557
-0.032405
-0.037089
-0.038970
-0.038240
-0.035640
-0.031748
-0.026689
-0.020784
-0.015035
-0.010327
-0.006745
-0.003934
-0.001710
0.000171
0.002070
0.003667
0.004327
0.003768
0.001777
-0.001395
-0.005174
-0.009287
-0.013331
-0.016548
-0.018302
-0.018502
-0.017399
-0.014969
-0.011110
-0.006372
-0.001888
0.001551
0.003790
0.004849
0.005196
0.005482
0.005844
0.006010
0.005571
0.004374
0.002975
0.002442
0.003031
0.003926
0.005047
0.007161
0.010220
0.013040
0.014189
0.012884
0.008972
0.002826
-0.004705
-0.012151
-0.017503
-0.019952
-0.020309
-0.019003
-0.015907
-0.011810
-0.008022
-0.004611
-0.000557
0.004601
0.010655
0.017337
0.024230
0.030909
0.037016
0.042278
0.046833
0.051092
0.055138
0.058642
0.060943
0.061052
0.058490
0.053931
0.048515
0.042735
0.036662
0.031188
0.027383
0.024835
0.022176
0.019100
0.016505
0.014517
0.012039
0.008539
0.004417
-0.000187
-0.004803
-0.008987
-0.013428
-0.017903
-0.020398
-0.019924
-0.017812
-0.015366
-0.012588
-0.009268
-0.005219
-0.000307
0.004651
0.008399
0.010743
0.011804
0.010446
0.005572
-0.001976
-0.010449
-0.018867
-0.026345
-0.031946
-0.035867
-0.038358
-0.038615
-0.035516
-0.028465
-0.018288
-0.006759
0.004199
0.012876
0.018853
0.022473
0.023795
0.023326
0.021535
0.018083
0.013171
0.007748
0.002436
-0.002233
-0.005849
-0.008588
-0.010680
-0.012169
-0.013277
-0.015113
-0.019233
-0.025094
-0.029788
-0.031512
-0.031300
-0.029855
-0.026072
-0.020188
-0.014575
-0.011039
-0.009809
-0.010476
-0.012210
-0.014292
-0.016903
-0.020514
-0.024800
-0.028288
-0.029462
-0.028164
-0.024812
-0.019299
-0.011739
-0.002814
0.006382
0.014599
0.020967
0.024891
0.026362
0.026195
0.025425
0.024599
0.023517
0.022558
0.023012
0.025211
0.028224
0.031049
0.033187
0.034109
0.032906
0.029338
0.024024
0.017377
0.009911
0.002615
-0.003968
-0.010174
-0.016411
-0.022340
-0.027242
-0.030720
-0.032798
-0.033541
-0.032868
-0.030585
-0.026430
-0.020861
-0.015033
-0.009411
-0.003636
0.002437
0.008597
0.014694
0.020344
0.024785
0.027342
0.027404
0.024242
0.018009
0.010438
0.003398
-0.002765
-0.008695
-0.014691
-0.020633
-0.026249
-0.031237
-0.035058
-0.036899
-0.036472
-0.033829
-0.029003
-0.022670
-0.015590
-0.008116
-0.000932
0.005031
0.008997
0.010480
0.009755
0.007648
0.005125
0.003230
0.002232
0.001657
0.001238
0.000638
-0.000641
-0.002563
-0.004595
-0.006456
-0.008389
-0.010387
-0.011946
-0.013020
-0.013931
-0.014820
-0.015863
-0.017315
-0.019232
-0.020556
-0.019648
-0.016008
-0.010100
-0.002456
0.006726
0.017481
0.029129
0.040227
0.049780
0.057603
0.063526
0.067005
0.067892
0.067050
0.065478
0.063330
0.060353
0.056700
0.052649
0.047923
0.042374
0.036406
0.030361
0.024295
0.017940
0.011012
0.003505
-0.004624
-0.013353
-0.022545
-0.031969
-0.040626
-0.047774
-0.053718
-0.058211
-0.060190
-0.059054
-0.054882
-0.048244
-0.040294
-0.031761
-0.022317
-0.011653
-0.000035
0.011955
0.023134
0.032005
0.038105
0.041870
0.043355
0.042499
0.040139
0.037522
0.035203
0.033344
0.031975
0.030566
0.028493
0.025830
0.022793
0.018929
0.013724
0.007173
-0.000298
-0.007888
-0.014428
-0.019275
-0.023114
-0.026688
-0.030013
-0.032912
-0.035376
-0.037783
-0.040197
-0.042081
-0.042765
-0.041683
-0.038269
-0.031865
-0.022650
-0.011885
-0.001164
0.008065
0.014826
0.018686
0.019588
0.017711
0.013844
0.009275
0.004701
0.000129
-0.004362
-0.008793
-0.013410
-0.018084
-0.022392
-0.025905
-0.027986
-0.027925
-0.025414
-0.020958
-0.015727
-0.010721
-0.006780
-0.005046
-0.005880
-0.008721
-0.012842
-0.016859
-0.019204
-0.019195
-0.017291
-0.014722
-0.012405
-0.010172
-0.007587
-0.004804
-0.001816
0.001834
0.006282
0.011173
0.016031
0.020313
0.023462
0.025169
0.025114
0.022960
0.019032
0.013946
0.008024
0.001876
-0.003855
-0.008486
-0.011177
-0.012117
-0.011811
-0.009980
-0.006797
-0.003571
-0.001492
-0.000333
0.000698
0.001155
0.000465
-0.000199
0.000263
0.001021
0.001110
0.001008
0.001298
0.002108
0.004095
0.007408
0.010558
0.012279
0.012774
0.012463
0.011762
0.011560
0.012455
0.013892
0.014266
0.012244
0.007997
0.002252
-0.004607
-0.011910
-0.019051
-0.025414
-0.030020
-0.032452
-0.032636
-0.030244
-0.025894
-0.020932
-0.015561
-0.009367
-0.002674
0.003816
0.009554
0.014118
0.017609
0.020561
0.023136
0.024901
0.025459
0.025049
0.024043
0.022484
0.020424
0.017970
0.014912
0.011103
0.007134
0.003788
0.001132
-0.001247
-0.003261
-0.004170
-0.003198
-0.000486
0.002517
0.004487
0.004717
0.002671
-0.001522
-0.007380
-0.014539
-0.022074
-0.028494
-0.033442
-0.037690
-0.041054
-0.042708
-0.042359
-0.040256
-0.036999
-0.033085
-0.028656
-0.023485
-0.017445
-0.010849
-0.004211
0.002414
0.009659
0.017806
0.025933
0.032592
0.036889
0.038549
0.037593
0.034691
0.031233
0.028080
0.025275
0.023142
0.021840
0.020360
0.017707
0.013983
0.009459
0.004325
-0.000776
-0.005095
-0.008194
-0.010192
-0.011389
-0.011820
-0.011747
-0.011472
-0.010740
-0.009250
-0.007302
-0.005465
-0.004097
-0.003355
-0.003379
-0.004081
-0.005008
-0.005846
-0.006161
-0.005234
-0.003367
-0.001717
-0.000720
-0.000158
0.000042
-0.000621
-0.002756
-0.005963
-0.009576
-0.013356
-0.016910
-0.020100
-0.022827
-0.024554
-0.025255
-0.025153
-0.023795
-0.020970
-0.017246
-0.013087
-0.008713
-0.004316
0.000125
0.004556
0.008388
0.010776
0.011514
0.011160
0.010400
0.009995
0.010623
0.012411
0.014870
0.017642
0.020560
0.023111
0.025276
0.027538
0.029862
0.031952
0.033882
0.035652
0.036832
0.037165
0.036732
0.035272
0.032479
0.028992
0.026300
0.025189
0.024504
0.022866
0.020677
0.019026
0.017846
0.016390
0.014418
0.011959
0.009085
0.005991
0.002995
0.000445
-0.001654
-0.003413
-0.004772
-0.005821
-0.006560
-0.006654
-0.005957
-0.004705
-0.003122
-0.001307
0.000298
0.001089
0.001023
0.000800
0.001098
0.001874
0.002815
0.003681
0.004207
0.004224
0.003793
0.003041
0.001706
-0.000460
-0.003057
-0.005778
-0.008866
-0.012436
-0.016056
-0.019399
-0.022385
-0.024558
-0.025741
-0.026290
-0.026377
-0.025716
-0.024096
-0.022056
-0.020271
-0.018472
-0.016186
-0.013768
-0.011555
-0.009278
-0.006654
-0.003745
-0.000705
0.002111
0.004228
0.005444
0.005711
0.005093
0.003767
0.001975
0.000086
-0.001811
-0.004126
-0.006939
-0.010050
-0.013496
-0.016994
-0.020199
-0.023232
-0.025850
-0.027628
-0.028634
-0.028798
-0.027906
-0.025988
-0.022909
-0.018334
-0.012718
-0.007303
-0.002733
0.001168
0.004690
0.007888
0.010800
0.013464
0.015613
0.016828
0.017046
0.016861
0.016905
0.017570
0.019303
0.021928
0.024263
0.025373
0.025279
0.024232
0.022499
0.020400
0.018075
0.015786
0.013585
0.010962
0.007480
0.003218
-0.001082
-0.004581
-0.007079
-0.008818
-0.010323
-0.012160
-0.014172
-0.015882
-0.017200
-0.017880
-0.017680
-0.016696
-0.015072
-0.013328
-0.012100
-0.011490
-0.010852
-0.009506
-0.007636
-0.005623
-0.003679
-0.001873
-0.000018
0.001643
0.002329
0.001703
0.000480
-0.000541
-0.001427
-0.002599
-0.004164
-0.005794
-0.007301
-0.009000
-0.010913
-0.012374
-0.012578
-0.011791
-0.011499
-0.012590
-0.014517
-0.016160
-0.017012
-0.017116
-0.016465
-0.015471
-0.014495
-0.013178
-0.011257
-0.008547
-0.004690
-0.000154
0.003880
0.007118
0.010055
0.012703
0.014650
0.015751
0.016410
0.016833
0.016678
0.015612
0.013508
0.010655
0.007450
0.004117
0.000930
-0.001993
-0.004458
-0.005873
-0.005887
-0.004770
-0.003324
-0.002587
-0.002624
-0.002681
-0.002336
-0.001579
-0.000640
0.000244
0.000832
0.001024
0.001151
0.001344
0.001015
0.000378
0.000652
0.002112
0.004281
0.006835
0.009532
0.012162
0.014403
0.015993
0.016913
0.016984
0.016329
0.015969
0.016822
0.018835
0.021320
0.023680
0.025418
0.026209
0.026263
0.025703
0.024470
0.022990
0.021858
0.020877
0.019365
0.017167
0.014514
0.011752
0.009323
0.007173
0.004566
0.000714
-0.004750
-0.011445
-0.018430
-0.024826
-0.029977
-0.033666
-0.036451
-0.038961
-0.040706
-0.040834
-0.039429
-0.036839
-0.033071
-0.028203
-0.022745
-0.017416
-0.012789
-0.009201
-0.006158
-0.002511
0.001798
0.005478
0.007915
0.009842
0.011709
0.013002
0.013390
0.012975
0.011810
0.009910
0.007639
0.005711
0.004705
0.004892
0.005964
0.007458
0.009223
0.010989
0.012602
0.014498
0.016856
0.019087
0.020813
0.022499
0.024751
0.027383
0.029514
0.030902
0.032094
0.032861
0.032697
0.032071
0.031475
0.030846
0.030124
0.028677
0.025227
0.019500
0.012710
0.005968
-0.000689
-0.007205
-0.013186
-0.018684
-0.023818
-0.028308
-0.032236
-0.035782
-0.038226
-0.039108
-0.038834
-0.037633
-0.035433
-0.032321
-0.028663
-0.024946
-0.021621
-0.019075
-0.017416
-0.016460
-0.015856
-0.015257
-0.014604
-0.014080
-0.013961
-0.014305
-0.014991
-0.015907
-0.016831
-0.017479
-0.017862
-0.018117
-0.017681
-0.016128
-0.013888
-0.011067
-0.007604
-0.004088
-0.000985
0.001822
0.004738
0.008103
0.011854
0.015767
0.019661
0.022971
0.025154
0.026580
0.027396
0.027079
0.025811
0.023952
0.021222
0.017554
0.013379
0.008935
0.004083
-0.001071
-0.005779
-0.009123
-0.011318
-0.013446
-0.015679
-0.017766
-0.019798
-0.021739
-0.023310
-0.024120
-0.023779
-0.021872
-0.018920
-0.016157
-0.013984
-0.012185
-0.010464
-0.008539
-0.006151
-0.003043
0.000561
0.004277
0.008044
0.011525
0.014275
0.016246
0.017838
0.019501
0.021277
0.023225
0.025247
0.026905
0.028062
0.029016
0.029664
0.029756
0.029738
0.029703
0.028979
0.027265
0.025048
0.023003
0.021219
0.019486
0.017832
0.016186
0.014416
0.012484
0.010415
0.008328
0.006456
0.005458
0.005450
0.005602
0.005535
0.005420
0.005087
0.004592
0.004664
0.005047
0.004732
0.003833
0.002925
0.001897
0.000443
-0.001441
-0.003730
-0.006311
-0.008572
-0.010157
-0.011572
-0.013163
-0.014873
-0.016776
-0.018780
-0.020430
-0.021226
-0.021188
-0.020683
-0.019985
-0.019374
-0.018781
-0.018081
-0.017371
-0.016583
-0.015553
-0.014030
-0.012230
-0.010787
-0.009794
-0.008993
-0.008115
-0.007216
-0.007046
-0.008011
-0.009572
-0.010806
-0.011275
-0.011396
-0.011327
-0.010731
-0.009498
-0.007748
-0.005696
-0.003387
-0.000813
0.002013
0.005153
0.008203
0.010770
0.012878
0.014255
0.014887
0.015451
0.016165
0.016676
0.016771
0.016240
0.014996
0.013182
0.011193
0.009427
0.007926
0.006657
0.005768
0.005470
0.005552
0.005525
0.005137
0.004441
0.003538
0.002215
0.000441
-0.001180
-0.002395
-0.003500
-0.004508
-0.005414
-0.006476
-0.007678
-0.008810
-0.009812
-0.010583
-0.011183
-0.011820
-0.012336
-0.012367
-0.011879
-0.011166
-0.010199
-0.008473
-0.005898
-0.003166
-0.000776
0.001547
0.004097
0.006783
0.009295
0.011264
0.012721
0.013867
0.014713
0.015415
0.016062
0.016503
0.016840
0.017295
0.017615
0.017515
0.017105
0.016365
0.015273
0.014146
0.012878
0.011128
0.009331
0.007911
0.006478
0.004585
0.002328
-0.000097
-0.002852
-0.005852
-0.008432
-0.010389
-0.012141
-0.013816
-0.014899
-0.014980
-0.014641
-0.014197
-0.013025
-0.011070
-0.009281
-0.008303
-0.007724
-0.007064
-0.006404
-0.006042
-0.006044
-0.006098
-0.006005
-0.006144
-0.006941
-0.008042
-0.008907
-0.009451
-0.010131
-0.011364
-0.012463
-0.012862
-0.013288
-0.013998
-0.014113
-0.013535
-0.012858
-0.011841
-0.010129
-0.007961
-0.005627
-0.003420
-0.001760
-0.000823
-0.000340
0.000078
0.000539
0.000666
0.000395
0.000272
0.000312
-0.000011
-0.000541
-0.000376
0.000699
0.001895
0.002824
0.003776
0.004922
0.005929
0.006312
0.005942
0.005295
0.005246
0.005574
0.005413
0.004821
0.004232
0.003710
0.002853
0.001979
0.002026
0.002634
0.002700
0.002307
0.002425
0.003102
0.003799
0.004651
0.005991
0.007786
0.009733
0.011512
0.012765
0.013245
0.013100
0.012319
0.010656
0.008634
0.007156
0.006151
0.004730
0.002680
0.000885
-0.000179
-0.001014
-0.001989
-0.002997
-0.003512
-0.002924
-0.001888
-0.001564
-0.001698
-0.001549
-0.001500
-0.001873
-0.001862
-0.001143
-0.000208
0.000721
0.001457
0.001731
0.001897
0.002456
0.002990
0.003157
0.003643
0.004976
0.006435
0.007201
0.007518
0.007921
0.008317
0.008368
0.008075
0.007414
0.006754
0.006731
0.007016
0.007082
0.007089
0.007214
0.007288
0.006837
0.005352
0.002892
0.000178
-0.002206
-0.004227
-0.005785
-0.006886
-0.008077
-0.009541
-0.011196
-0.013060
-0.014874
-0.016444
-0.017577
-0.018366
-0.019320
-0.020255
-0.020567
-0.020252
-0.019590
-0.018683
-0.017249
-0.014961
-0.012323
-0.010168
-0.008798
-0.007892
-0.006983
-0.006170
-0.005790
-0.005611
-0.004965
-0.003797
-0.002588
-0.001663
-0.001538
-0.002134
-0.002305
-0.001610
-0.000537
0.000588
0.001324
0.001080
0.000370
0.000242
0.001030
0.002413
0.003581
0.004387
0.005093
0.005239
0.004525
0.003108
0.001280
-0.000290
-0.000921
-0.000676
-0.000462
-0.000648
-0.000622
-0.000381
-0.000394
-0.000448
0.000010
0.001162
0.002550
0.003752
0.005129
0.007120
0.009370
0.011281
0.012776
0.014047
0.015235
0.016386
0.017357
0.017864
0.017959
0.018176
0.018751
0.019295
0.019391
0.018804
0.017430
0.015498
0.013159
0.010473
0.008086
0.006375
0.004560
0.001959
-0.001218
-0.004684
-0.008252
-0.011499
-0.013999
-0.015606
-0.016260
-0.016352
-0.016750
-0.017293
-0.017297
-0.016955
-0.016640
-0.016375
-0.015988
-0.015434
-0.015113
-0.015256
-0.015401
-0.015243
-0.014961
-0.014374
-0.013153
-0.011443
-0.009451
-0.007174
-0.004830
-0.002797
-0.001117
0.000362
0.001699
0.002899
0.003774
0.004092
0.003814
0.003348
0.003317
0.003604
0.003593
0.003186
0.002733
0.002507
0.002552
0.002649
0.002538
0.002400
0.002703
0.003460
0.004214
0.004601
0.004445
0.003813
0.003078
0.002693
0.002766
0.002659
0.001789
0.000641
-0.000357
-0.001477
-0.002538
-0.003052
-0.003128
-0.003187
-0.003477
-0.003764
-0.003473
-0.002616
-0.001900
-0.001497
-0.000925
-0.000105
0.000620
0.001047
0.001464
0.002119
0.002385
0.001784
0.001136
0.001363
0.002208
0.002814
0.003429
0.005161
0.007384
0.008432
0.008456
0.008612
0.008896
0.008825
0.008752
0.009009
0.009137
0.008875
0.008645
0.008417
0.007790
0.007263
0.007316
0.007556
0.007631
0.007605
0.007626
0.007545
0.007266
0.007063
0.006882
0.006290
0.005261
0.004239
0.003691
0.003914
0.004649
0.005118
0.005394
0.006299
0.007702
0.008865
0.009559
0.010050
0.010595
0.011201
0.011538
0.011263
0.010546
0.009443
0.007822
0.005995
0.004341
0.003086
0.002315
0.001870
0.001472
0.000643
-0.000805
-0.002534
-0.003963
-0.004634
-0.004956
-0.005572
-0.006497
-0.007476
-0.008446
-0.009677
-0.011419
-0.013292
-0.014372
-0.014359
-0.014162
-0.014656
-0.015474
-0.015734
-0.015491
-0.015241
-0.014930
-0.014443
-0.013871
-0.013405
-0.013231
-0.013280
-0.013234
-0.013102
-0.013339
-0.013887
-0.014282
-0.014489
-0.014708
-0.015066
-0.015506
-0.015581
-0.015122
-0.014452
-0.013606
-0.012801
-0.012274
-0.011572
-0.010442
-0.009222
-0.008235
-0.007642
-0.007099
-0.005965
-0.004249
-0.002814
-0.002387
-0.002571
-0.002859
-0.003179
-0.003261
-0.003021
-0.002697
-0.002361
-0.001744
-0.000761
-0.000198
-0.000373
0.000017
0.001766
0.004053
0.006113
0.008031
0.009932
0.011476
0.012465
0.013381
0.014721
0.016168
0.017280
0.018152
0.019006
0.019849
0.020704
0.021657
0.022323
0.022165
0.021314
0.020474
0.019699
0.018332
0.016484
0.014548
0.012413
0.010108
0.007632
0.005091
0.002863
0.000889
-0.000768
-0.001721
-0.002381
-0.003159
-0.003461
-0.002909
-0.002032
-0.001505
-0.001514
-0.001795
-0.001667
-0.000767
0.000442
0.001849
0.003506
0.004926
0.005955
0.006692
0.007098
0.007387
0.008046
0.009177
0.010360
0.011256
0.011708
0.011938
0.012316
0.012619
0.012337
0.011444
0.010240
0.008893
0.007588
0.006376
0.005236
0.004003
0.002359
0.000579
-0.001038
-0.002591
-0.004146
-0.005753
-0.007480
-0.008997
-0.009876
-0.010418
-0.011067
-0.011759
-0.012315
-0.012928
-0.014013
-0.015697
-0.017535
-0.018893
-0.019566
-0.019722
-0.019552
-0.019223
-0.018965
-0.018848
-0.018690
-0.018149
-0.017100
-0.016092
-0.015480
-0.014645
-0.013073
-0.011585
-0.010786
-0.009677
-0.008021
-0.006797
-0.005917
-0.004617
-0.003058
-0.001880
-0.001079
-0.000204
0.000869
0.002137
0.003550
0.004671
0.005481
0.006476
0.007644
0.008710
0.009888
0.010983
0.011379
0.011389
0.011481
0.011574
0.011585
0.011367
0.010903
0.010489
0.010124
0.009437
0.008313
0.007042
0.005818
0.004954
0.004923
0.005311
0.005583
0.006132
0.007095
0.007798
0.007793
0.007279
0.006692
0.006340
0.006115
0.005718
0.005051
0.004376
0.003949
0.003432
0.002702
0.002207
0.002208
0.002625
0.003095
0.003389
0.003593
0.003526
0.002915
0.001928
0.000659
-0.001182
-0.003228
-0.004651
-0.005612
-0.006669
-0.007743
-0.008622
-0.009187
-0.009507
-0.010206
-0.011424
-0.012120
-0.011672
-0.010797
-0.010213
-0.009874
-0.009681
-0.009489
-0.009157
-0.008945
-0.008977
-0.009148
-0.009479
-0.009997
-0.010637
-0.011072
-0.010943
-0.010533
-0.010404
-0.010494
-0.010199
-0.009368
-0.008429
-0.007485
-0.006389
-0.005294
-0.004463
-0.003961
-0.003903
-0.004228
-0.004300
-0.003711
-0.002919
-0.002367
-0.001830
-0.001111
-0.000272
0.000484
0.000800
0.000944
0.001569
0.002466
0.003145
0.003785
0.004777
0.006175
0.007405
0.007747
0.007269
0.006673
0.006402
0.006302
0.006059
0.005687
0.005574
0.005931
0.006267
0.006038
0.005439
0.004901
0.004686
0.005023
0.005639
0.006008
0.006316
0.006886
0.007491
0.007634
0.007085
0.006598
0.006689
0.006764
0.006677
0.006856
0.007373
0.007787
0.007902
0.008184
0.008437
0.008185
0.007982
0.008234
0.008686
0.008943
0.008541
0.007446
0.006011
0.004482
0.003119
0.002246
0.001475
0.000188
-0.001411
-0.002818
-0.003849
-0.004660
-0.005388
-0.005904
-0.005903
-0.005544
-0.005390
-0.005303
-0.004944
-0.004502
-0.004266
-0.004367
-0.004645
-0.004801
-0.004854
-0.004981
-0.004924
-0.004353
-0.003663
-0.003510
-0.003804
-0.003974
-0.003787
-0.003453
-0.003284
-0.003164
-0.002743
-0.001998
-0.001063
-0.000152
0.000458
0.000727
0.000787
0.000867
0.000974
0.000788
0.000422
0.000238
0.000316
0.000645
0.000866
0.000522
-0.000152
-0.000460
-0.000260
-0.000306
-0.000953
-0.001685
-0.002323
-0.003086
-0.004005
-0.004992
-0.006021
-0.007009
-0.007706
-0.008301
-0.009126
-0.009787
-0.010030
-0.010391
-0.011098
-0.011798
-0.012281
-0.012270
-0.011747
-0.011364
-0.011356
-0.011319
-0.011016
-0.010457
-0.009778
-0.009104
-0.008159
-0.006879
-0.005900
-0.005551
-0.005293
-0.004728
-0.004354
-0.004289
-0.003957
-0.003268
-0.002438
-0.001734
-0.001377
-0.001042
-0.000300
0.000760
0.002024
0.003524
0.005026
0.006066
0.006448
0.006882
0.008128
0.009839
0.011229
0.012158
0.012901
0.013298
0.013295
0.013431
0.014046
0.014811
0.015308
0.015185
0.014597
0.014780
0.015861
0.016399
0.016071
0.015770
0.015784
0.015517
0.014872
0.014243
0.013522
0.012798
0.012453
0.012326
0.012081
0.011999
0.012404
0.012669
0.012051
0.010979
0.010131
0.009440
0.008873
0.008675
0.008587
0.007982
0.007105
0.006732
0.006458
0.005422
0.004204
0.003802
0.003835
0.003291
0.002072
0.000794
-0.000221
-0.000881
-0.001284
-0.001861
-0.002530
-0.002669
-0.002138
-0.001120
0.000187
0.001374
0.001805
0.001315
0.000834
0.001169
0.001946
0.002256
0.001989
0.001893
0.001866
0.001224
0.000185
-0.000861
-0.001894
-0.002845
-0.003896
-0.005103
-0.005890
-0.005973
-0.005771
-0.005677
-0.005682
-0.005749
-0.006392
-0.007859
-0.009248
-0.009773
-0.009683
-0.009536
-0.009701
-0.010280
-0.010978
-0.011419
-0.011991
-0.013295
-0.014772
-0.015509
-0.015379
-0.014689
-0.014025
-0.013861
-0.013802
-0.013196
-0.012177
-0.011589
-0.011546
-0.011194
-0.010448
-0.009917
-0.009558
-0.008827
-0.007714
-0.006961
-0.006911
-0.006724
-0.005512
-0.003824
-0.002608
-0.001809
-0.001226
-0.000949
-0.000585
0.000198
0.000871
0.001095
0.001235
0.001443
0.001703
0.002290
0.003100
0.003704
0.004146
0.004533
0.004702
0.004690
0.004721
0.004572
0.003807
0.002886
0.002575
0.002544
0.002242
0.002046
0.002305
0.002410
0.002042
0.001909
0.001949
0.001608
0.001201
0.000924
0.000602
0.000342
0.000574
0.001403
0.002187
0.002483
0.002686
0.003287
0.004093
0.004587
0.004652
0.004546
0.004501
0.004543
0.004599
0.004587
0.004416
0.003956
0.003259
0.002615
0.001901
0.001069
0.000669
0.000689
0.000706
0.000475
-0.000182
-0.000702
-0.000596
-0.000467
-0.000691
-0.000870
-0.000894
-0.001006
-0.001416
-0.002267
-0.003151
-0.003516
-0.003456
-0.003382
-0.003291
-0.002812
-0.002052
-0.001336
-0.000566
0.000316
0.001165
0.001921
0.002536
0.002802
0.002885
0.003524
0.004857
0.006022
0.006443
0.006378
0.006260
0.006270
0.006197
0.005695
0.004831
0.004138
0.003875
0.003536
0.003012
0.003030
0.003632
0.004050
0.003894
0.003132
0.001995
0.001013
0.000472
0.000316
-0.000167
-0.001627
-0.003200
-0.003976
-0.004439
-0.004899
-0.005048
-0.005159
-0.005643
-0.006423
-0.007216
-0.007731
-0.007951
-0.007990
-0.007760
-0.007155
-0.006352
-0.005941
-0.006378
-0.006892
-0.006336
-0.005170
-0.004582
-0.004566
-0.004364
-0.004029
-0.004028
-0.004029
-0.003787
-0.003594
-0.003492
-0.003379
-0.003391
-0.003567
-0.003650
-0.003599
-0.003448
-0.003078
-0.002599
-0.002038
-0.001335
-0.000699
-0.000242
0.000170
0.000848
0.001971
0.003050
0.003649
0.004080
0.004501
0.004676
0.004789
0.005158
0.005825
0.006721
0.007516
0.007927
0.008123
0.008307
0.008381
0.008216
0.007636
0.006962
0.006943
0.007249
0.007188
0.007099
0.007270
0.007186
0.006542
0.005823
0.005616
0.005629
0.005433
0.005311
0.005103
0.004501
0.003993
0.003792
0.003398
0.002598
0.001763
0.001140
0.000725
0.000373
-0.000128
-0.000892
-0.001750
-0.002328
-0.002856
-0.003615
-0.004040
-0.003891
-0.003747
-0.003923
-0.004171
-0.004226
-0.003885
-0.003220
-0.002709
-0.002386
-0.001867
-0.001001
0.000064
0.000903
0.001342
0.001707
0.002044
0.001842
0.000857
-0.000413
-0.001076
-0.000899
-0.000770
-0.001393
-0.002533
-0.003544
-0.004259
-0.005400
-0.006999
-0.007852
-0.007619
-0.007147
-0.006920
-0.006815
-0.006591
-0.006298
-0.006266
-0.006378
-0.006224
-0.005692
-0.004919
-0.004219
-0.003692
-0.003113
-0.002387
-0.001512
-0.000379
0.000928
0.002069
0.003004
0.003837
0.004312
0.004561
0.005145
0.006034
0.006917
0.007594
0.007873
0.007885
0.007975
0.008319
0.008568
0.008087
0.007095
0.006553
0.006662
0.006592
0.005655
0.004205
0.002944
0.001971
0.001074
0.000201
-0.000260
0.000011
0.000489
0.000566
0.000125
-0.000668
-0.001262
-0.001121
-0.000517
-0.000239
-0.000367
-0.000483
-0.000554
-0.000781
-0.001185
-0.001723
-0.002343
-0.002743
-0.002800
-0.002909
-0.003352
-0.004085
-0.004994
-0.005683
-0.005829
-0.005718
-0.005690
-0.005712
-0.005897
-0.006581
-0.007476
-0.007891
-0.007792
-0.007647
-0.007675
-0.007757
-0.007787
-0.007811
-0.007776
-0.007504
-0.006993
-0.006416
-0.005852
-0.005143
-0.004305
-0.003444
-0.002341
-0.000900
0.000621
0.001871
0.002863
0.003955
0.005290
0.006449
0.006748
0.006385
0.006492
0.007348
0.008091
0.008460
0.008818
0.009187
0.009491
0.009783
0.010060
0.010221
0.010280
0.010371
0.010107
0.009157
0.008309
0.008107
0.007624
0.006331
0.005103
0.004299
0.003504
0.002597
0.001583
0.000678
0.000111
-0.000240
-0.000550
-0.000951
-0.001354
-0.001727
-0.002362
-0.003172
-0.003992
-0.005093
-0.006193
-0.006459
-0.005954
-0.005605
-0.005777
-0.006079
-0.006140
-0.005791
-0.005148
-0.004883
-0.005056
-0.004851
-0.004392
-0.004316
-0.004537
-0.004654
-0.004205
-0.003164
-0.002216
-0.001773
-0.001522
-0.001050
-0.000421
0.000018
0.000352
0.001068
0.002206
0.003162
0.003758
0.004475
0.005310
0.005687
0.005428
0.004635
0.003509
0.002619
0.002171
0.001875
0.001596
0.001251
0.000822
0.000520
0.000479
0.000426
0.000177
-0.000161
-0.000565
-0.000701
-0.000265
0.000308
0.000417
0.000153
-0.000025
-0.000158
-0.000496
-0.001105
-0.001687
-0.001724
-0.001445
-0.001620
-0.002384
-0.003264
-0.003785
-0.003882
-0.004035
-0.004469
-0.004788
-0.004956
-0.005218
-0.005484
-0.005735
-0.006048
-0.006214
-0.006054
-0.005584
-0.004631
-0.003193
-0.001884
-0.001208
-0.001036
-0.000825
-0.000119
0.001080
0.002277
0.002946
0.003232
0.003549
0.003847
0.004013
0.004229
0.004674
0.005332
0.006043
0.006679
0.007252
0.007624
0.007567
0.007374
0.007531
0.007972
0.008227
0.008134
0.008155
0.008483
0.008424
0.007721
0.007032
0.006442
0.005605
0.004810
0.004188
0.003426
0.002577
0.001701
0.000682
-0.000352
-0.001107
-0.001536
-0.001960
-0.002433
-0.002628
-0.002488
-0.002346
-0.002440
-0.002575
-0.002521
-0.002386
-0.002308
-0.002315
-0.002305
-0.002056
-0.001597
-0.001259
-0.001142
-0.001083
-0.001079
-0.001160
-0.001247
-0.001286
-0.001417
-0.001801
-0.002202
-0.002416
-0.002661
-0.003054
-0.003520
-0.004004
-0.004311
-0.004472
-0.004984
-0.005979
-0.006635
-0.006401
-0.006030
-0.006122
-0.006354
-0.006513
-0.006407
-0.005770
-0.005032
-0.004738
-0.004727
-0.004540
-0.004060
-0.003929
-0.004453
-0.004624
-0.003952
-0.003176
-0.002813
-0.002842
-0.002943
-0.002704
-0.002210
-0.001903
-0.002141
-0.002896
-0.003674
-0.004061
-0.003838
-0.003364
-0.003359
-0.003565
-0.003401
-0.003151
-0.003079
-0.002725
-0.001896
-0.001159
-0.000934
-0.000696
0.000105
0.000983
0.001467
0.001821
0.002307
0.002855
0.003423
0.004051
0.004610
0.005028
0.005431
0.005859
0.005906
0.005181
0.004216
0.003589
0.003003
0.002095
0.001235
0.000930
0.000805
0.000478
0.000320
0.000350
0.000128
-0.000221
-0.000087
0.000597
0.001227
0.001408
0.001254
0.001123
0.001465
0.002265
0.002929
0.003189
0.003414
0.004009
0.004754
0.005179
0.005246
0.005184
0.005186
0.005206
0.004942
0.004512
0.004447
0.004483
0.004040
0.003427
0.003283
0.003459
0.003227
0.002604
0.002182
0.002036
0.001914
0.001951
0.002431
0.003009
0.003058
0.002664
0.002498
0.002625
0.002540
0.002145
0.001771
0.001707
0.001888
0.002221
0.002749
0.003298
0.003662
0.003811
0.003930
0.004221
0.004759
0.005336
0.005431
0.005149
0.004951
0.004816
0.004611
0.004336
0.004092
0.003823
0.003203
0.002309
0.001537
0.001077
0.000982
0.000760
-0.000071
-0.000851
-0.001187
-0.001611
-0.002076
-0.002231
-0.002324
-0.002816
-0.003756
-0.004588
-0.004814
-0.004658
-0.004570
-0.004611
-0.004736
-0.004893
-0.005089
-0.004932
-0.004380
-0.003833
-0.003413
-0.003079
-0.002858
-0.002797
-0.003080
-0.003578
-0.003747
-0.003590
-0.003752
-0.004311
-0.004311
-0.003777
-0.004177
-0.005446
-0.006043
-0.005649
-0.005166
-0.005058
-0.005346
-0.006005
-0.006587
-0.006719
-0.006612
-0.006554
-0.006566
-0.006587
-0.006454
-0.006016
-0.005531
-0.005383
-0.005443
-0.005296
-0.005005
-0.004879
-0.004766
-0.004284
-0.003459
-0.002814
-0.002639
-0.002688
-0.002712
-0.002596
-0.002185
-0.001612
-0.001164
-0.000882
-0.000730
-0.000698
-0.000683
-0.000640
-0.000660
-0.000706
-0.000676
-0.000623
-0.000638
-0.000637
-0.000324
0.000369
0.001067
0.001426
0.001459
0.001365
0.001405
0.001951
0.003140
0.004410
0.005165
0.005528
0.005870
0.006300
0.006683
0.006976
0.007373
0.007935
0.008406
0.008543
0.008417
0.008277
0.008203
0.007974
0.007410
0.006717
0.006275
0.006169
0.006192
0.006156
0.005909
0.005477
0.004962
0.004206
0.003288
0.002603
0.001996
0.000864
-0.000365
-0.000766
-0.001053
-0.001954
-0.002325
-0.001603
-0.000975
-0.001393
-0.002529
-0.003271
-0.003084
-0.002600
-0.002415
-0.002487
-0.002664
-0.002867
-0.002898
-0.002686
-0.002660
-0.002974
-0.002771
-0.001676
-0.000825
-0.001028
-0.001658
-0.002090
-0.002549
-0.003226
-0.003707
-0.003512
-0.002759
-0.002123
-0.002170
-0.002589
-0.002533
-0.001832
-0.000985
-0.000410
-0.000208
-0.000161
0.000102
0.000645
0.001213
0.001746
0.002239
0.002483
0.002455
0.002370
0.002371
0.002529
0.002735
0.002689
0.002375
0.002169
0.002424
0.002994
0.003370
0.003323
0.002931
0.002364
0.001885
0.001671
0.001678
0.001855
0.002043
0.001923
0.001604
0.001343
0.000955
0.000426
0.000105
0.000085
0.000109
-0.000021
-0.000238
-0.000390
-0.000360
-0.000305
-0.000509
-0.000965
-0.001506
-0.001926
-0.002020
-0.001716
-0.001429
-0.001610
-0.001952
-0.002005
-0.001858
-0.001760
-0.001643
-0.001357
-0.001009
-0.000784
-0.000706
-0.000681
-0.000660
-0.000754
-0.001080
-0.001373
-0.001233
-0.000765
-0.000573
-0.000902
-0.001167
-0.000893
-0.000412
-0.000198
-0.000215
-0.000266
-0.000284
-0.000183
0.000050
0.000360
0.000708
0.001034
0.001282
0.001431
0.001501
0.001600
0.001834
0.002106
0.002303
0.002410
0.002352
0.002128
0.001909
0.001802
0.001764
0.001727
0.001651
0.001450
0.001096
0.000784
0.000601
0.000376
0.000085
-0.000176
-0.000451
-0.000679
-0.000692
-0.000610
-0.000719
-0.001050
-0.001361
-0.001483
-0.001530
-0.001638
-0.001710
-0.001589
-0.001357
-0.001217
-0.001197
-0.001185
-0.001030
-0.000770
-0.000662
-0.000751
-0.000898
-0.000983
-0.000855
-0.000467
-0.000041
0.000137
0.000086
0.000015
0.000002
0.000060
0.000234
0.000421
0.000466
0.000466
0.000573
0.000680
0.000641
0.000494
0.000327
0.000200
0.000141
0.000123
0.000157
0.000285
0.000422
0.000473
0.000489
0.000481
0.000403
0.000282
0.000132
-0.000027
-0.000126
-0.000160
-0.000175
-0.000192
-0.000207
-0.000224
-0.000304
-0.000452
-0.000547
-0.000545
-0.000542
-0.000628
-0.000763
-0.000848
-0.000858
-0.000847
-0.000863
-0.000908
-0.000993
-0.001122
-0.001227
-0.001264
-0.001227
-0.001155
-0.001122
-0.001106
-0.001048
-0.000973
-0.000943
-0.000932
-0.000859
-0.000739
-0.000643
-0.000582
-0.000530
-0.000475
-0.000420
-0.000364
-0.000297
-0.000211
-0.000115
-0.000037
0.000006
0.000028
0.000066
0.000135
0.000211
0.000260
0.000280
0.000287
0.000299
0.000341
0.000417
0.000483
0.000506
0.000501
0.000495
0.000506
0.000527
0.000537
0.000537
0.000537
0.000538
0.000543
0.000544
0.000532
0.000513
0.000491
0.000460
0.000422
0.000386
0.000354
0.000331
0.000313
0.000282
0.000239
0.000201
0.000177
0.000154
0.000124
0.000094
0.000075
0.000062
0.000048
0.000030
0.000015
0.000005
-0.000003
-0.000009
-0.000014
-0.000017
-0.000018
-0.000017
-0.000014
-0.000011
-0.000008
-0.000004
-0.000002
-0.000001
-0.000000
-0.000000
0.000001
0.000001
0.000002
0.000003
0.000004
0.000005
0.000006
0.000008
0.000010
