0.002222
0.002563
0.001442
-0.000627
-0.000637
-0.000686
-0.000713
-0.000733
-0.000750
-0.000768
-0.000785
-0.000800
-0.000816
-0.000834
-0.000852
-0.000872
-0.000894
-0.000914
-0.000933
-0.000951
-0.000969
-0.000988
-0.001005
-0.001020
-0.001031
-0.001042
-0.001050
-0.001052
-0.001045
-0.001036
-0.001024
-0.001012
-0.001001
-0.000995
-0.000990
-0.000972
-0.000940
-0.000907
-0.000880
-0.000850
-0.000815
-0.000777
-0.000745
-0.000726
-0.000723
-0.000727
-0.000730
-0.000731
-0.000733
-0.000741
-0.000755
-0.000774
-0.000788
-0.000789
-0.000778
-0.000776
-0.000792
-0.000801
-0.000792
-0.000795
-0.000830
-0.000870
-0.000892
-0.000900
-0.000907
-0.000918
-0.000931
-0.000940
-0.000934
-0.000918
-0.000916
-0.000933
-0.000948
-0.000951
-0.000953
-0.000971
-0.000999
-0.001021
-0.001036
-0.001049
-0.001058
-0.001056
-0.001049
-0.001036
-0.000991
-0.000890
-0.000767
-0.000691
-0.000678
-0.000690
-0.000698
-0.000698
-0.000690
-0.000681
-0.000651
-0.000575
-0.000486
-0.000444
-0.000462
-0.000498
-0.000514
-0.000519
-0.000535
-0.000551
-0.000536
-0.000467
-0.000363
-0.000306
-0.000362
-0.000491
-0.000601
-0.000645
-0.000654
-0.000679
-0.000720
-0.000771
-0.000849
-0.000912
-0.000887
-0.000802
-0.000729
-0.000679
-0.000641
-0.000596
-0.000485
-0.000346
-0.000315
-0.000404
-0.000485
-0.000463
-0.000366
-0.000276
-0.000248
-0.000283
-0.000335
-0.000365
-0.000352
-0.000276
-0.000160
-0.000127
-0.000338
-0.000710
-0.000913
-0.000830
-0.000678
-0.000651
-0.000701
-0.000714
-0.000664
-0.000591
-0.000518
-0.000440
-0.000378
-0.000362
-0.000367
-0.000307
-0.000154
0.000023
0.000137
0.000143
0.000063
-0.000054
-0.000160
-0.000226
-0.000237
-0.000185
-0.000126
-0.000135
-0.000226
-0.000355
-0.000429
-0.000436
-0.000431
-0.000373
-0.000298
-0.000403
-0.000673
-0.000854
-0.000875
-0.000853
-0.000881
-0.001011
-0.001182
-0.001129
-0.000779
-0.000484
-0.000575
-0.000954
-0.001266
-0.001350
-0.001305
-0.001206
-0.001015
-0.000716
-0.000393
-0.000145
0.000026
0.000195
0.000392
0.000529
0.000491
0.000345
0.000245
0.000191
0.000067
-0.000209
-0.000531
-0.000675
-0.000557
-0.000308
-0.000140
-0.000136
-0.000237
-0.000424
-0.000692
-0.000901
-0.000916
-0.000844
-0.000793
-0.000655
-0.000368
-0.000065
0.000092
0.000082
0.000039
0.000075
0.000142
0.000093
-0.000139
-0.000400
-0.000514
-0.000448
-0.000295
-0.000266
-0.000466
-0.000740
-0.000871
-0.000799
-0.000592
-0.000310
-0.000022
0.000148
0.000124
0.000005
-0.000034
0.000103
0.000398
0.000784
0.001193
0.001550
0.001820
0.001942
0.001821
0.001462
0.001073
0.000899
0.000841
0.000640
0.000360
0.000214
0.000221
0.000271
0.000253
0.000042
-0.000360
-0.000609
-0.000403
0.000057
0.000349
0.000357
0.000347
0.000498
0.000600
0.000516
0.000520
0.000830
0.001246
0.001537
0.001691
0.001613
0.001164
0.000590
0.000338
0.000393
0.000412
0.000290
0.000128
0.000026
-0.000004
-0.000039
-0.000064
-0.000010
0.000022
-0.000155
-0.000503
-0.000768
-0.000897
-0.000982
-0.000963
-0.000687
-0.000128
0.000464
0.000830
0.001120
0.001646
0.002297
0.002641
0.002447
0.001850
0.001220
0.000766
0.000417
0.000234
0.000282
0.000332
0.000225
0.000141
0.000228
0.000334
0.000157
-0.000311
-0.000570
-0.000368
-0.000072
-0.000003
-0.000203
-0.000555
-0.000786
-0.000589
0.000008
0.000632
0.001100
0.001481
0.001843
0.002009
0.001663
0.000886
0.000124
-0.000214
-0.000077
0.000330
0.000812
0.001232
0.001578
0.001842
0.001941
0.001801
0.001473
0.001166
0.000939
0.000717
0.000579
0.000587
0.000747
0.000959
0.001076
0.001064
0.000953
0.000839
0.000733
0.000710
0.000979
0.001327
0.001283
0.000776
0.000104
-0.000451
-0.000878
-0.001292
-0.001493
-0.001205
-0.000671
-0.000143
0.000607
0.001534
0.002140
0.002226
0.001988
0.001709
0.001571
0.001572
0.001705
0.001953
0.002093
0.001968
0.001733
0.001533
0.001447
0.001582
0.001902
0.002288
0.002496
0.002247
0.001516
0.000602
-0.000036
-0.000042
0.000595
0.001425
0.001923
0.002029
0.002030
0.002138
0.002351
0.002420
0.002133
0.001729
0.001674
0.002032
0.002492
0.002777
0.002864
0.002858
0.002782
0.002503
0.001880
0.001093
0.000423
0.000091
0.000285
0.000800
0.001111
0.001033
0.000803
0.000791
0.001031
0.001170
0.001004
0.000646
0.000198
-0.000288
-0.000612
-0.000756
-0.000913
-0.000997
-0.000698
0.000096
0.001004
0.001518
0.001642
0.001670
0.001750
0.001833
0.001903
0.001968
0.001987
0.002008
0.002195
0.002396
0.001791
0.000190
-0.001373
-0.001844
-0.001157
-0.000087
0.000751
0.001174
0.001066
0.000436
-0.000243
-0.000507
-0.000439
-0.000298
-0.000193
-0.000060
0.000194
0.000541
0.000738
0.000483
0.000023
-0.000206
-0.000324
-0.000360
-0.000094
0.000272
0.000528
0.000630
0.000613
0.000607
0.000647
0.000842
0.001157
0.001354
0.001277
0.001017
0.000763
0.000654
0.000827
0.001144
0.001229
0.001022
0.000941
0.001173
0.001486
0.001831
0.002236
0.002663
0.003096
0.003375
0.003216
0.002603
0.001956
0.001518
0.001110
0.000589
0.000003
-0.000545
-0.001025
-0.001183
-0.000738
0.000034
0.000384
-0.000022
-0.000597
-0.000770
-0.000613
-0.000511
-0.000614
-0.000710
-0.000599
-0.000393
-0.000229
-0.000146
-0.000215
-0.000321
-0.000288
-0.000174
-0.000213
-0.000287
0.000112
0.000833
0.001236
0.001255
0.001218
0.001290
0.001289
0.001125
0.000924
0.000765
0.000684
0.000466
0.000196
0.000346
0.000897
0.001476
0.001725
0.001503
0.000936
0.000222
-0.000346
-0.000591
-0.000581
-0.000530
-0.000584
-0.000721
-0.000913
-0.001150
-0.001387
-0.001516
-0.001513
-0.001404
-0.001186
-0.000856
-0.000444
-0.000119
0.000107
0.000291
0.000292
0.000255
0.000346
0.000207
-0.000351
-0.000892
-0.001148
-0.001283
-0.001375
-0.001530
-0.001813
-0.002075
-0.002261
-0.002414
-0.002576
-0.002769
-0.003001
-0.003321
-0.003643
-0.003468
-0.002577
-0.001669
-0.001408
-0.001679
-0.001996
-0.002068
-0.001793
-0.001313
-0.000997
-0.000833
-0.000595
-0.000368
-0.000412
-0.000765
-0.001120
-0.001047
-0.000353
0.000370
0.000312
-0.000478
-0.001243
-0.001358
-0.001096
-0.001057
-0.001196
-0.001244
-0.001199
-0.001132
-0.000967
-0.000459
0.000407
0.001159
0.001461
0.001161
0.000357
-0.000113
0.000022
-0.000136
-0.000936
-0.001530
-0.001290
-0.000510
0.000191
0.000589
0.000778
0.000720
0.000473
0.000134
-0.000409
-0.001111
-0.001605
-0.001621
-0.001286
-0.000962
-0.000736
-0.000565
-0.000414
-0.000019
0.000803
0.001892
0.002578
0.002250
0.001205
0.000222
-0.000352
-0.000509
-0.000172
0.000603
0.001306
0.001242
0.000301
-0.000898
-0.001685
-0.001945
-0.001876
-0.001580
-0.001199
-0.001054
-0.001323
-0.001782
-0.002070
-0.002183
-0.002257
-0.002101
-0.001585
-0.000945
-0.000359
0.000200
0.000507
0.000312
-0.000003
0.000038
0.000300
0.000547
0.000814
0.001073
0.001067
0.000665
0.000195
0.000007
-0.000043
-0.000166
-0.000325
-0.000529
-0.000857
-0.001219
-0.001289
-0.000917
-0.000433
-0.000151
-0.000161
-0.000384
-0.000561
-0.000679
-0.000897
-0.001178
-0.001471
-0.001757
-0.002094
-0.002649
-0.003225
-0.003348
-0.002929
-0.002341
-0.001993
-0.001905
-0.001882
-0.001904
-0.002035
-0.002226
-0.002398
-0.002537
-0.002607
-0.002579
-0.002498
-0.002370
-0.002187
-0.001955
-0.001689
-0.001336
-0.000825
-0.000304
0.000042
0.000237
0.000354
0.000337
0.000221
0.000210
0.000478
0.001040
0.001514
0.001451
0.000780
-0.000053
-0.000382
-0.000059
0.000511
0.000816
0.000718
0.000532
0.000504
0.000523
0.000386
0.000124
-0.000076
-0.000047
0.000344
0.001165
0.002199
0.002888
0.002813
0.002112
0.001147
0.000021
-0.001165
-0.002087
-0.002586
-0.002834
-0.002738
-0.001935
-0.000611
0.000706
0.001734
0.002425
0.002627
0.002210
0.001396
0.000765
0.001029
0.001977
0.002595
0.002476
0.001894
0.001106
0.000428
0.000039
-0.000335
-0.000815
-0.001061
-0.000649
0.000279
0.001057
0.001193
0.000548
-0.000553
-0.001035
-0.000053
0.001614
0.002439
0.002021
0.001253
0.000977
0.001155
0.001396
0.001759
0.002182
0.002281
0.002222
0.002305
0.002525
0.002588
0.002222
0.001642
0.001106
0.000755
0.000607
0.000484
0.000391
0.000501
0.000843
0.001350
0.002038
0.002869
0.003581
0.003887
0.003916
0.003677
0.002853
0.001796
0.001141
0.000850
0.000418
-0.000339
-0.000852
-0.000348
0.001290
0.003099
0.003748
0.002962
0.001663
0.000799
0.000463
0.000225
0.000071
0.000134
0.000208
0.000315
0.000762
0.001482
0.002025
0.002070
0.001711
0.001425
0.001406
0.001614
0.002054
0.002468
0.002572
0.002260
0.001658
0.001044
0.000681
0.000611
0.000596
0.000380
-0.000187
-0.001051
-0.001873
-0.002255
-0.001963
-0.001146
-0.000224
0.000841
0.002215
0.003483
0.004125
0.004061
0.003686
0.003364
0.002918
0.002048
0.000819
-0.000473
-0.001429
-0.001807
-0.001637
-0.000902
0.000294
0.001578
0.002538
0.002768
0.002030
0.000715
-0.000335
-0.000533
-0.000062
0.000370
0.000372
-0.000002
-0.000480
-0.000869
-0.001299
-0.001891
-0.002370
-0.002456
-0.002039
-0.001037
-0.000043
0.000141
-0.000422
-0.001160
-0.001611
-0.001687
-0.001683
-0.001743
-0.001710
-0.001521
-0.001416
-0.001728
-0.002354
-0.002935
-0.003216
-0.003113
-0.002728
-0.002243
-0.001843
-0.001486
-0.001188
-0.001390
-0.002264
-0.003284
-0.003693
-0.003226
-0.002254
-0.001400
-0.001031
-0.000880
-0.000657
-0.000412
-0.000220
-0.000020
0.000455
0.001218
0.001837
0.001992
0.001773
0.001337
0.000513
-0.000815
-0.002080
-0.002658
-0.002776
-0.002920
-0.003016
-0.002720
-0.002037
-0.001160
-0.000436
-0.000232
-0.000215
0.000092
0.000454
0.000321
-0.000351
-0.000965
-0.000968
-0.000499
-0.000212
-0.000424
-0.000723
-0.000606
-0.000038
0.000642
0.001085
0.001212
0.001066
0.000801
0.000704
0.000980
0.001534
0.001970
0.001957
0.001476
0.000715
-0.000120
-0.000995
-0.002059
-0.003136
-0.003613
-0.003138
-0.002275
-0.002085
-0.002803
-0.003696
-0.004147
-0.004215
-0.004030
-0.003671
-0.003545
-0.003558
-0.003172
-0.002688
-0.002802
-0.003460
-0.004194
-0.004756
-0.005239
-0.005541
-0.005226
-0.004306
-0.003295
-0.002514
-0.001700
-0.000587
0.000491
0.001144
0.001441
0.001677
0.002083
0.002538
0.002643
0.002236
0.001654
0.001398
0.001522
0.001766
0.002023
0.002254
0.002329
0.002127
0.001656
0.000934
0.000312
0.000406
0.001173
0.001935
0.002076
0.001439
0.000374
-0.000510
-0.000922
-0.001134
-0.001369
-0.001558
-0.001803
-0.002274
-0.002696
-0.002623
-0.002168
-0.001912
-0.001933
-0.001669
-0.000783
0.000253
0.000316
-0.001013
-0.002841
-0.004462
-0.005984
-0.007255
-0.007746
-0.007344
-0.006230
-0.004679
-0.003330
-0.002912
-0.003524
-0.004307
-0.004356
-0.003667
-0.002883
-0.002493
-0.002220
-0.001631
-0.000906
-0.000316
0.000162
0.000446
0.000362
0.000139
0.000154
0.000402
0.000662
0.000787
0.000887
0.000888
0.000348
-0.000832
-0.002385
-0.003908
-0.005068
-0.005665
-0.005622
-0.005183
-0.004569
-0.004010
-0.003781
-0.003816
-0.004050
-0.004462
-0.004732
-0.004590
-0.004164
-0.003869
-0.003846
-0.003909
-0.003869
-0.003677
-0.003645
-0.004076
-0.004878
-0.005690
-0.006096
-0.005802
-0.004942
-0.004000
-0.003162
-0.002351
-0.001709
-0.001537
-0.001838
-0.002335
-0.002919
-0.003342
-0.003305
-0.003271
-0.003594
-0.003725
-0.003387
-0.002995
-0.002967
-0.003260
-0.003439
-0.003143
-0.002315
-0.001316
-0.000560
-0.000168
-0.000286
-0.000896
-0.001536
-0.001932
-0.002261
-0.002471
-0.002222
-0.001509
-0.000770
-0.000414
-0.000293
0.000072
0.000740
0.001320
0.001473
0.001249
0.000877
0.000365
-0.000441
-0.001465
-0.002118
-0.001894
-0.001023
-0.000348
-0.000413
-0.000732
-0.000412
0.000982
0.003032
0.004893
0.005950
0.005940
0.005167
0.004244
0.003456
0.002772
0.002215
0.001951
0.002193
0.002851
0.003477
0.003736
0.003463
0.002630
0.001456
0.000447
-0.000051
-0.000187
-0.000233
-0.000347
-0.000630
-0.001195
-0.001955
-0.002603
-0.002860
-0.002699
-0.002290
-0.001722
-0.001146
-0.000840
-0.000972
-0.001328
-0.001340
-0.000768
0.000140
0.001096
0.001757
0.001912
0.001605
0.001003
0.000375
-0.000110
-0.000313
-0.000114
0.000321
0.000635
0.000488
-0.000142
-0.000946
-0.001798
-0.002689
-0.003490
-0.004048
-0.004429
-0.004888
-0.005399
-0.005691
-0.005486
-0.004609
-0.003034
-0.000996
0.000924
0.002396
0.003464
0.004143
0.004312
0.003956
0.003709
0.004324
0.005369
0.005903
0.005907
0.005917
0.006225
0.006604
0.006767
0.007000
0.007258
0.006730
0.005084
0.002897
0.000926
-0.000693
-0.002095
-0.003055
-0.003342
-0.002992
-0.002266
-0.001385
-0.000299
0.001070
0.002466
0.003382
0.003696
0.003710
0.003509
0.002909
0.001728
0.000278
-0.000844
-0.001347
-0.001233
-0.000784
-0.000398
-0.000218
-0.000189
-0.000392
-0.000804
-0.001262
-0.001454
-0.001023
-0.000112
0.000918
0.001789
0.002297
0.002535
0.002655
0.002735
0.002711
0.002455
0.002081
0.001701
0.001097
0.000081
-0.001104
-0.002095
-0.002461
-0.001902
-0.000800
0.000297
0.001124
0.001484
0.001563
0.001767
0.002191
0.002667
0.003003
0.003182
0.003088
0.002617
0.002095
0.001754
0.001216
0.000116
-0.001066
-0.001835
-0.002360
-0.002643
-0.002627
-0.002635
-0.002726
-0.002575
-0.002205
-0.002176
-0.002867
-0.004050
-0.005238
-0.005955
-0.005859
-0.004807
-0.002923
-0.000681
0.001432
0.003198
0.004385
0.004868
0.004850
0.004523
0.004019
0.003520
0.003248
0.003434
0.003800
0.004134
0.004856
0.005947
0.006972
0.007649
0.008037
0.008300
0.008475
0.008662
0.008702
0.008414
0.007797
0.006821
0.005600
0.004285
0.002850
0.001425
0.000038
-0.001455
-0.002807
-0.003786
-0.004280
-0.004398
-0.004713
-0.005442
-0.006213
-0.006619
-0.006455
-0.005798
-0.004937
-0.003867
-0.002373
-0.000775
0.000349
0.000890
0.001212
0.001723
0.002528
0.003376
0.003856
0.004022
0.004302
0.004653
0.004753
0.004451
0.003784
0.003209
0.003293
0.004042
0.004888
0.004987
0.003927
0.002018
-0.000244
-0.002132
-0.002944
-0.002767
-0.002138
-0.001113
0.000420
0.002272
0.004344
0.006629
0.009324
0.012466
0.015145
0.016546
0.016735
0.016056
0.014768
0.012913
0.010926
0.009352
0.007990
0.006649
0.005349
0.004361
0.004215
0.004743
0.005757
0.007050
0.008255
0.009194
0.009558
0.009405
0.008868
0.008246
0.007784
0.007246
0.006666
0.006301
0.006167
0.006414
0.007410
0.009163
0.011051
0.012482
0.013300
0.013561
0.013141
0.011935
0.010400
0.008534
0.005820
0.002256
-0.001699
-0.005583
-0.009237
-0.012074
-0.013147
-0.012386
-0.009959
-0.006284
-0.002166
0.002384
0.007268
0.011783
0.015728
0.019199
0.021957
0.023851
0.025082
0.025865
0.026137
0.025752
0.024949
0.024190
0.023640
0.023047
0.022463
0.022350
0.023050
0.024458
0.025830
0.026466
0.026321
0.025751
0.025091
0.024255
0.022944
0.021148
0.019079
0.016967
0.014764
0.012264
0.009252
0.005881
0.002383
-0.001657
-0.006902
-0.013853
-0.022442
-0.031727
-0.040582
-0.048792
-0.056832
-0.065231
-0.073844
-0.081641
-0.087654
-0.091905
-0.095206
-0.097985
-0.099992
-0.100574
-0.099559
-0.097575
-0.095225
-0.092456
-0.088769
-0.083647
-0.076788
-0.068292
-0.058034
-0.044310
-0.024727
-0.000121
0.025358
0.048450
0.068011
0.083726
0.097713
0.112313
0.124765
0.131503
0.133335
0.132604
0.130760
0.128295
0.124857
0.120261
0.114908
0.109037
0.102600
0.094625
0.083328
0.068502
0.051894
0.035223
0.019136
0.004519
-0.007251
-0.015933
-0.022239
-0.026902
-0.029898
-0.031192
-0.031833
-0.032426
-0.032728
-0.032715
-0.032545
-0.032189
-0.031775
-0.031470
-0.031248
-0.031156
-0.030727
-0.029336
-0.026547
-0.022552
-0.018359
-0.014959
-0.013428
-0.014312
-0.016929
-0.020018
-0.023027
-0.025771
-0.027412
-0.027066
-0.024300
-0.019134
-0.012875
-0.007516
-0.003932
-0.001812
-0.000533
0.000474
0.001588
0.002868
0.004671
0.007525
0.011417
0.015871
0.019995
0.022964
0.024946
0.026462
0.027538
0.028153
0.028299
0.028050
0.027464
0.026490
0.025448
0.024593
0.023762
0.022830
0.022118
0.021862
0.021686
0.021074
0.019633
0.017116
0.013251
0.008192
0.002492
-0.003406
-0.008964
-0.013858
-0.018186
-0.022420
-0.027199
-0.032892
-0.039452
-0.046057
-0.051689
-0.056317
-0.059970
-0.062426
-0.063854
-0.064819
-0.065608
-0.065466
-0.063255
-0.058343
-0.050296
-0.038934
-0.025154
-0.009858
0.005832
0.019382
0.028789
0.034137
0.037191
0.039738
0.042716
0.046618
0.051344
0.056593
0.061844
0.066561
0.070054
0.071830
0.072370
0.071760
0.069473
0.065239
0.059450
0.052976
0.046522
0.040372
0.034395
0.028514
0.022725
0.017051
0.011505
0.005846
0.000302
-0.004145
-0.006090
-0.004407
-0.000147
0.004226
0.008408
0.013926
0.021232
0.029073
0.035960
0.041776
0.047177
0.052202
0.056470
0.059432
0.060901
0.060923
0.059428
0.056982
0.053861
0.049264
0.042321
0.033716
0.025473
0.018760
0.013049
0.007454
0.002508
-0.001081
-0.004062
-0.007401
-0.011108
-0.014215
-0.015841
-0.015908
-0.014981
-0.013226
-0.009851
-0.004086
0.003863
0.012678
0.021667
0.030275
0.037184
0.042254
0.046068
0.048801
0.050708
0.051998
0.052806
0.053330
0.053936
0.054859
0.055905
0.056720
0.057368
0.058017
0.058321
0.058041
0.057023
0.055561
0.054013
0.051969
0.049288
0.046544
0.043790
0.040442
0.036733
0.033146
0.029523
0.025427
0.020011
0.012914
0.005337
-0.002249
-0.010557
-0.019461
-0.028360
-0.036682
-0.044485
-0.051781
-0.057816
-0.062149
-0.064753
-0.065646
-0.065212
-0.063706
-0.061343
-0.058429
-0.054805
-0.051021
-0.048057
-0.046558
-0.046172
-0.045810
-0.044775
-0.042659
-0.040175
-0.038232
-0.036749
-0.035412
-0.033823
-0.032172
-0.031251
-0.031365
-0.032516
-0.034297
-0.036169
-0.038321
-0.040817
-0.043066
-0.044254
-0.043929
-0.041978
-0.038597
-0.034194
-0.028872
-0.023051
-0.017498
-0.012340
-0.007543
-0.003643
-0.000525
0.002407
0.005168
0.007814
0.010756
0.014256
0.017498
0.019360
0.019359
0.016589
0.010111
-0.000648
-0.014695
-0.028045
-0.036728
-0.040416
-0.041843
-0.042376
-0.041054
-0.037923
-0.034461
-0.031592
-0.029477
-0.028123
-0.026961
-0.025940
-0.025321
-0.024892
-0.024327
-0.023084
-0.021259
-0.019001
-0.016173
-0.013106
-0.010488
-0.009121
-0.009545
-0.011036
-0.012677
-0.014846
-0.017539
-0.020247
-0.022546
-0.024137
-0.024900
-0.024653
-0.023971
-0.023253
-0.021956
-0.019993
-0.017836
-0.016307
-0.015781
-0.015747
-0.015947
-0.016500
-0.016837
-0.016011
-0.013695
-0.009913
-0.005851
-0.002148
0.000733
0.001935
0.001860
0.001031
-0.000248
-0.002096
-0.004670
-0.007694
-0.010941
-0.014716
-0.019328
-0.024754
-0.031050
-0.037039
-0.041492
-0.045076
-0.048083
-0.049951
-0.051012
-0.051705
-0.051782
-0.051817
-0.052433
-0.053356
-0.054110
-0.055112
-0.056585
-0.057834
-0.058607
-0.058463
-0.057525
-0.055671
-0.052595
-0.048698
-0.044408
-0.040586
-0.037786
-0.035969
-0.034970
-0.034820
-0.035261
-0.035703
-0.036457
-0.037394
-0.038246
-0.039226
-0.039400
-0.038759
-0.037105
-0.033539
-0.027960
-0.019958
-0.010918
-0.002279
0.007156
0.017081
0.025427
0.031530
0.035925
0.039097
0.040909
0.041248
0.040530
0.039145
0.036749
0.033557
0.029776
0.025015
0.019471
0.013097
0.005964
-0.001368
-0.008236
-0.014318
-0.019562
-0.023722
-0.026512
-0.028172
-0.028810
-0.028603
-0.027541
-0.025284
-0.021872
-0.016385
-0.008966
-0.000717
0.007703
0.015735
0.022160
0.026209
0.028449
0.029246
0.029710
0.030016
0.029957
0.030135
0.030605
0.030689
0.029401
0.026787
0.023337
0.019710
0.016176
0.012534
0.008738
0.004341
-0.000093
-0.004317
-0.008663
-0.012722
-0.016984
-0.021286
-0.025106
-0.028365
-0.030951
-0.032697
-0.033396
-0.034080
-0.034420
-0.034061
-0.034361
-0.034497
-0.033981
-0.033253
-0.031624
-0.029268
-0.025935
-0.021566
-0.017061
-0.013078
-0.009867
-0.007232
-0.004586
-0.001906
-0.000005
0.000879
0.000158
-0.002682
-0.006315
-0.010062
-0.014166
-0.017331
-0.019488
-0.020867
-0.021165
-0.021003
-0.020197
-0.017873
-0.013239
-0.008250
-0.004307
-0.000985
0.001483
0.004063
0.005967
0.006560
0.006553
0.005457
0.003373
0.000406
-0.003138
-0.006345
-0.009696
-0.012567
-0.013552
-0.013264
-0.011555
-0.008903
-0.006717
-0.005060
-0.004321
-0.005202
-0.007356
-0.010265
-0.013504
-0.016573
-0.019347
-0.021565
-0.022742
-0.023184
-0.024031
-0.025143
-0.024223
-0.017694
-0.006271
0.004151
0.010743
0.015509
0.021115
0.026865
0.030658
0.033114
0.034969
0.036449
0.037477
0.037684
0.037318
0.036069
0.034440
0.032583
0.029997
0.027431
0.024795
0.021516
0.018400
0.015797
0.013192
0.010626
0.007701
0.004084
0.000669
-0.002549
-0.005841
-0.009058
-0.012717
-0.016185
-0.019116
-0.021437
-0.022303
-0.021653
-0.019576
-0.016292
-0.012930
-0.009910
-0.007053
-0.004579
-0.001920
0.000551
0.002946
0.006067
0.009081
0.011671
0.013849
0.014702
0.014409
0.013009
0.008734
0.001439
-0.007211
-0.015808
-0.023657
-0.030730
-0.036764
-0.040076
-0.040824
-0.039849
-0.036674
-0.032165
-0.026339
-0.020121
-0.015723
-0.013530
-0.012181
-0.010128
-0.007733
-0.006461
-0.006477
-0.007036
-0.007797
-0.007839
-0.006980
-0.005069
-0.001647
0.002410
0.006546
0.010644
0.014148
0.016284
0.016910
0.016805
0.016868
0.016958
0.016554
0.016438
0.017985
0.021024
0.024225
0.027351
0.030531
0.033124
0.035078
0.036220
0.036055
0.035400
0.034296
0.032342
0.029977
0.026779
0.023123
0.019256
0.014721
0.009759
0.004463
-0.000243
-0.003749
-0.005800
-0.006482
-0.006216
-0.005188
-0.003524
-0.000575
0.002763
0.004753
0.005247
0.005150
0.004738
0.003870
0.003000
0.002126
0.001399
0.001083
0.000599
0.000113
0.000690
0.002421
0.004909
0.007914
0.011027
0.013760
0.016042
0.017698
0.018365
0.018758
0.019005
0.018828
0.018334
0.017669
0.017110
0.016615
0.016328
0.017030
0.018063
0.017656
0.016244
0.014297
0.012567
0.012228
0.012464
0.012655
0.013103
0.014419
0.016397
0.018274
0.019805
0.020760
0.020964
0.020561
0.020314
0.020681
0.021098
0.021063
0.020331
0.018552
0.016490
0.014613
0.012793
0.011644
0.010721
0.010064
0.010719
0.011863
0.012983
0.014668
0.016180
0.017389
0.018692
0.019480
0.020158
0.020924
0.021185
0.021381
0.021582
0.020865
0.018804
0.016180
0.013406
0.010176
0.006409
0.002371
-0.001561
-0.005199
-0.007907
-0.009601
-0.010902
-0.011679
-0.011875
-0.012086
-0.011970
-0.011062
-0.010352
-0.010195
-0.010144
-0.010045
-0.009754
-0.009590
-0.009039
-0.007725
-0.006253
-0.004539
-0.002750
-0.001566
-0.001479
-0.001961
-0.002672
-0.004066
-0.005722
-0.007323
-0.008869
-0.010470
-0.012255
-0.013561
-0.014430
-0.015498
-0.016473
-0.017377
-0.018391
-0.019286
-0.019210
-0.017624
-0.014708
-0.010594
-0.006193
-0.002134
0.001026
0.003309
0.004926
0.005411
0.005178
0.004483
0.003742
0.003412
0.003580
0.004482
0.005408
0.006747
0.008847
0.010735
0.012506
0.014600
0.016875
0.018761
0.020100
0.020649
0.020549
0.020185
0.019353
0.017773
0.014872
0.011651
0.009682
0.008101
0.006289
0.005442
0.006753
0.010609
0.016788
0.025164
0.033368
0.038624
0.041562
0.043405
0.044364
0.043848
0.041625
0.037952
0.033644
0.030093
0.026694
0.022482
0.017587
0.012787
0.008457
0.003942
-0.001170
-0.006896
-0.012911
-0.019106
-0.025497
-0.030950
-0.033422
-0.033028
-0.031535
-0.029981
-0.027969
-0.024613
-0.020711
-0.016779
-0.013095
-0.010111
-0.007661
-0.005851
-0.004426
-0.002374
0.000927
0.005047
0.008953
0.011841
0.013921
0.015546
0.016662
0.016844
0.016424
0.015960
0.015349
0.015323
0.015640
0.015469
0.015242
0.015220
0.015236
0.015543
0.016095
0.016311
0.016258
0.016005
0.015743
0.015536
0.014916
0.014187
0.014059
0.014266
0.014289
0.014496
0.015151
0.015865
0.016207
0.016186
0.015916
0.015127
0.013533
0.011036
0.007838
0.004676
0.001721
-0.001061
-0.003361
-0.004916
-0.005263
-0.004460
-0.002603
0.000007
0.002915
0.006613
0.010883
0.014796
0.018038
0.020369
0.022079
0.023579
0.024567
0.024298
0.022931
0.021338
0.019647
0.017869
0.016134
0.014276
0.011673
0.008205
0.004051
-0.000931
-0.006313
-0.012241
-0.018655
-0.024141
-0.028073
-0.030426
-0.031786
-0.033479
-0.035407
-0.036839
-0.037518
-0.037584
-0.037704
-0.038093
-0.038803
-0.039504
-0.039835
-0.039986
-0.039616
-0.038641
-0.037240
-0.035310
-0.033407
-0.031987
-0.030957
-0.030218
-0.029906
-0.030042
-0.030230
-0.030019
-0.028593
-0.025418
-0.021258
-0.016981
-0.012127
-0.006843
-0.001664
0.003488
0.008281
0.012664
0.016221
0.018887
0.021102
0.022745
0.023342
0.022940
0.022544
0.022213
0.021928
0.021839
0.021665
0.021201
0.019895
0.017958
0.015540
0.012595
0.009678
0.006319
0.002346
-0.001360
-0.004426
-0.006342
-0.006818
-0.006384
-0.005407
-0.004175
-0.003274
-0.002619
-0.001860
-0.001138
-0.000313
0.000363
0.000977
0.001538
0.001542
0.001295
0.001130
0.001321
0.001765
0.002607
0.004392
0.006598
0.008318
0.009475
0.010582
0.011630
0.012676
0.013714
0.014000
0.014282
0.015295
0.016101
0.016253
0.015854
0.015195
0.014179
0.012582
0.010849
0.009205
0.007956
0.007250
0.006729
0.005619
0.003623
0.000847
-0.003075
-0.007765
-0.012452
-0.016373
-0.019146
-0.020428
-0.019855
-0.017728
-0.014221
-0.009344
-0.003335
0.002737
0.007479
0.010880
0.013759
0.016218
0.017714
0.018130
0.018190
0.018301
0.018576
0.019176
0.019798
0.020335
0.020851
0.020954
0.020424
0.019508
0.017914
0.015189
0.011321
0.006371
0.000739
-0.004682
-0.009340
-0.013231
-0.016602
-0.019777
-0.022747
-0.025416
-0.027492
-0.028846
-0.029692
-0.030017
-0.029361
-0.027587
-0.025175
-0.022465
-0.019435
-0.015919
-0.012294
-0.009137
-0.006558
-0.004727
-0.003652
-0.003165
-0.003649
-0.004795
-0.005585
-0.006177
-0.007154
-0.007922
-0.008137
-0.008480
-0.009113
-0.009304
-0.008540
-0.007366
-0.006085
-0.004787
-0.003755
-0.002918
-0.002413
-0.002314
-0.002553
-0.002878
-0.002513
-0.001108
0.001137
0.003972
0.007144
0.010326
0.013054
0.014911
0.015490
0.015005
0.013835
0.012565
0.011623
0.010721
0.010365
0.011111
0.012651
0.014567
0.016656
0.018559
0.020149
0.021135
0.020959
0.019680
0.017931
0.016631
0.015684
0.014777
0.013848
0.012767
0.011737
0.010473
0.008799
0.006900
0.004739
0.002043
-0.001568
-0.005648
-0.009536
-0.013263
-0.017109
-0.021136
-0.024849
-0.028165
-0.031215
-0.033649
-0.035038
-0.035314
-0.035156
-0.035209
-0.035631
-0.035918
-0.035403
-0.034204
-0.032637
-0.031018
-0.029116
-0.026611
-0.024000
-0.021479
-0.018879
-0.016127
-0.013470
-0.011565
-0.010637
-0.009989
-0.009051
-0.007944
-0.006679
-0.004989
-0.002534
0.000469
0.003712
0.006817
0.009042
0.010649
0.011977
0.012901
0.013264
0.013109
0.012833
0.012644
0.012736
0.013340
0.014737
0.017189
0.020459
0.023969
0.027309
0.030259
0.032791
0.034447
0.034471
0.032599
0.028925
0.023534
0.016840
0.010190
0.004549
0.000250
-0.002224
-0.002697
-0.001402
0.001205
0.004569
0.007837
0.010637
0.012877
0.014341
0.015226
0.015402
0.014744
0.013642
0.012569
0.011664
0.010761
0.010019
0.009334
0.008487
0.007854
0.006969
0.005415
0.003313
0.000767
-0.001407
-0.002904
-0.004043
-0.005110
-0.006418
-0.007904
-0.008994
-0.009574
-0.010094
-0.010920
-0.012156
-0.013558
-0.014757
-0.015538
-0.016117
-0.016934
-0.018054
-0.018653
-0.018012
-0.016756
-0.016021
-0.015948
-0.015867
-0.015397
-0.014709
-0.014411
-0.014663
-0.015049
-0.014861
-0.013924
-0.012860
-0.011908
-0.011101
-0.010202
-0.009425
-0.009431
-0.010207
-0.011402
-0.012484
-0.013199
-0.013493
-0.012707
-0.010478
-0.007208
-0.003641
-0.000433
0.002602
0.005337
0.007339
0.008891
0.009992
0.010570
0.010474
0.009244
0.007025
0.004440
0.001718
-0.001144
-0.003763
-0.005413
-0.005638
-0.004991
-0.004304
-0.004065
-0.004287
-0.004931
-0.006365
-0.008775
-0.011969
-0.015359
-0.018313
-0.021024
-0.024113
-0.027415
-0.030179
-0.031927
-0.032650
-0.032224
-0.030586
-0.027873
-0.023917
-0.018776
-0.012678
-0.005541
0.002510
0.011069
0.019894
0.028254
0.034931
0.039667
0.043315
0.046289
0.048212
0.049140
0.049278
0.048253
0.045906
0.042465
0.038259
0.033714
0.029065
0.023884
0.017383
0.010183
0.003529
-0.002821
-0.009266
-0.015430
-0.020512
-0.023590
-0.024918
-0.025395
-0.025007
-0.023394
-0.020387
-0.016233
-0.011868
-0.007989
-0.004683
-0.001843
0.000616
0.002540
0.003938
0.004978
0.005684
0.005903
0.005464
0.004480
0.003144
0.001378
-0.001100
-0.003717
-0.005143
-0.005394
-0.005677
-0.006525
-0.007374
-0.007364
-0.006664
-0.006035
-0.005317
-0.003927
-0.001606
0.001194
0.003532
0.005535
0.007657
0.009841
0.011900
0.013543
0.014714
0.015280
0.015009
0.014319
0.013502
0.012386
0.011210
0.009900
0.008294
0.006480
0.004650
0.002982
0.001541
0.000762
0.000587
0.000300
-0.000625
-0.001566
-0.001544
-0.001244
-0.001564
-0.002096
-0.002304
-0.002461
-0.003091
-0.004174
-0.004978
-0.005252
-0.005366
-0.005248
-0.004877
-0.004588
-0.004505
-0.003883
-0.001890
0.001389
0.005132
0.008884
0.012757
0.016254
0.018872
0.020795
0.022635
0.024557
0.025520
0.024873
0.023148
0.021093
0.018611
0.014991
0.010252
0.005382
0.000981
-0.003228
-0.007290
-0.010904
-0.014267
-0.017756
-0.021144
-0.024088
-0.026177
-0.027295
-0.027756
-0.028176
-0.028931
-0.029461
-0.029698
-0.029753
-0.029324
-0.028660
-0.027998
-0.027392
-0.026954
-0.026252
-0.024357
-0.021103
-0.017263
-0.013084
-0.008340
-0.003838
-0.000728
0.001259
0.003002
0.004649
0.005823
0.006279
0.006579
0.007311
0.008304
0.009022
0.008979
0.008540
0.007794
0.006149
0.003957
0.001954
-0.000173
-0.003621
-0.008304
-0.012561
-0.015446
-0.017257
-0.018936
-0.020498
-0.021362
-0.021744
-0.021950
-0.022498
-0.023874
-0.025476
-0.026389
-0.026519
-0.026386
-0.026562
-0.027112
-0.027481
-0.027200
-0.026758
-0.026753
-0.026976
-0.027272
-0.027769
-0.028278
-0.028508
-0.028513
-0.028349
-0.028183
-0.028250
-0.028335
-0.028025
-0.027139
-0.025683
-0.023680
-0.021406
-0.019080
-0.016636
-0.014188
-0.011798
-0.009065
-0.006027
-0.003228
-0.000838
0.000976
0.002130
0.002839
0.003173
0.003076
0.002782
0.002613
0.002487
0.002301
0.002532
0.003754
0.005616
0.007779
0.010438
0.013351
0.015646
0.016682
0.016775
0.016283
0.015275
0.013700
0.011399
0.008219
0.003994
-0.000947
-0.006090
-0.011189
-0.016325
-0.021706
-0.026973
-0.031329
-0.034088
-0.035330
-0.035885
-0.036349
-0.036678
-0.036730
-0.036593
-0.036106
-0.035181
-0.034200
-0.033002
-0.031321
-0.029366
-0.026935
-0.023932
-0.020927
-0.018007
-0.014956
-0.012014
-0.009295
-0.006734
-0.004358
-0.002263
-0.000464
0.001158
0.002639
0.003615
0.003958
0.003920
0.003455
0.002681
0.001767
0.000802
-0.000071
-0.000867
-0.001161
-0.000412
0.001321
0.003438
0.005576
0.007658
0.009520
0.011203
0.012464
0.013496
0.014404
0.014863
0.015035
0.014807
0.014076
0.012804
0.010669
0.008068
0.005331
0.002247
-0.000872
-0.003251
-0.004270
-0.004205
-0.003262
-0.001280
0.001711
0.005665
0.010048
0.014122
0.017694
0.021105
0.024715
0.028089
0.030679
0.032705
0.034347
0.035813
0.036825
0.036597
0.035358
0.033422
0.030886
0.027845
0.024055
0.019719
0.015167
0.010394
0.005503
0.001023
-0.003066
-0.007314
-0.011812
-0.016197
-0.020013
-0.023060
-0.025567
-0.027596
-0.028503
-0.028334
-0.027917
-0.027645
-0.027554
-0.027483
-0.027202
-0.026476
-0.025146
-0.023605
-0.022022
-0.020375
-0.018765
-0.017010
-0.015193
-0.013555
-0.012264
-0.011173
-0.010256
-0.009394
-0.008263
-0.006896
-0.005471
-0.004316
-0.003140
-0.001803
-0.000846
-0.000309
-0.000199
-0.000158
0.000354
0.001422
0.003114
0.005048
0.007221
0.009884
0.012513
0.014795
0.017135
0.019678
0.021872
0.023225
0.023819
0.023613
0.022419
0.020123
0.016516
0.011671
0.005714
-0.000678
-0.006605
-0.011914
-0.016864
-0.021401
-0.025006
-0.027801
-0.030347
-0.032477
-0.034199
-0.035783
-0.036820
-0.037367
-0.037665
-0.037245
-0.035785
-0.033671
-0.031301
-0.028467
-0.025810
-0.023352
-0.020560
-0.018143
-0.015823
-0.013200
-0.010404
-0.007462
-0.004445
-0.001108
0.002152
0.005099
0.007922
0.010484
0.012809
0.015025
0.016968
0.018716
0.020142
0.020972
0.021284
0.020655
0.019404
0.017881
0.015991
0.013900
0.011504
0.008943
0.006147
0.003005
-0.000157
-0.003596
-0.007335
-0.010773
-0.014190
-0.017213
-0.019293
-0.020596
-0.020279
-0.018779
-0.017175
-0.015189
-0.013003
-0.010966
-0.008893
-0.006988
-0.005768
-0.004719
-0.003312
-0.002143
-0.000592
0.001730
0.004276
0.007516
0.010878
0.014346
0.018174
0.021444
0.024388
0.027003
0.028790
0.030291
0.031924
0.033453
0.034968
0.036140
0.036947
0.037863
0.038786
0.039516
0.040037
0.040304
0.040137
0.039585
0.039024
0.038052
0.036237
0.034038
0.031738
0.029486
0.026879
0.023933
0.020955
0.018180
0.015662
0.013211
0.011073
0.009345
0.008107
0.007432
0.006592
0.005194
0.003759
0.002305
0.000620
-0.000995
-0.002114
-0.002718
-0.002919
-0.002475
-0.001919
-0.001648
-0.001174
-0.000641
-0.000317
-0.000283
-0.000659
-0.000529
0.000585
0.001352
0.002309
0.003767
0.004657
0.005144
0.005246
0.004752
0.003915
0.002748
0.001699
0.001331
0.000915
0.000106
-0.000573
-0.000393
-0.000034
0.000296
0.001288
0.001999
0.002538
0.003799
0.004713
0.005185
0.006760
0.008261
0.008691
0.009316
0.009727
0.010146
0.010695
0.010605
0.010563
0.009940
0.008126
0.006485
0.005826
0.004662
0.002714
0.001038
-0.000229
-0.000872
-0.001480
-0.002001
-0.001542
-0.000065
0.001725
0.003801
0.006390
0.008096
0.009494
0.011414
0.012888
0.014796
0.016867
0.018527
0.020889
0.023333
0.025135
0.026665
0.027968
0.029034
0.030149
0.031024
0.031375
0.031743
0.031852
0.032261
0.033284
0.033702
0.033638
0.033048
0.032465
0.031900
0.030623
0.029268
0.027326
0.024989
0.022305
0.018666
0.015123
0.012255
0.009866
0.007958
0.006455
0.005308
0.004681
0.004904
0.005748
0.006368
0.006494
0.006384
0.006659
0.006791
0.005964
0.004899
0.003816
0.002507
0.001074
-0.000159
-0.001410
-0.001772
0.000018
0.002680
0.005556
0.009211
0.013355
0.017575
0.021015
0.023668
0.026927
0.029656
0.031920
0.034632
0.036100
0.037242
0.038991
0.040440
0.041324
0.041588
0.041438
0.041058
0.040336
0.038851
0.037523
0.035998
0.033328
0.030386
0.026865
0.023025
0.019553
0.015719
0.011456
0.008667
0.007004
0.004382
0.002428
0.001366
0.000182
-0.000488
-0.000542
-0.000266
-0.000173
0.000155
0.000550
0.001271
0.002629
0.004260
0.006447
0.008389
0.010097
0.012005
0.014157
0.017070
0.019223
0.020228
0.021402
0.022086
0.023036
0.024161
0.023344
0.022293
0.021677
0.020519
0.019353
0.017887
0.016249
0.015173
0.014955
0.014740
0.014858
0.014770
0.013448
0.012709
0.012804
0.012637
0.013101
0.014175
0.014954
0.016179
0.017684
0.018592
0.019156
0.018837
0.018095
0.017875
0.016687
0.015077
0.013662
0.012242
0.011539
0.011114
0.010087
0.008512
0.007428
0.006720
0.005384
0.003478
0.002304
0.001405
-0.000509
-0.002458
-0.004159
-0.006069
-0.007361
-0.007811
-0.008912
-0.009668
-0.009297
-0.008610
-0.006436
-0.003549
-0.000256
0.003507
0.007268
0.011334
0.014996
0.018492
0.021889
0.023993
0.024918
0.025712
0.026036
0.025816
0.025657
0.024917
0.023769
0.022698
0.021975
0.021208
0.019961
0.019129
0.018187
0.016823
0.014840
0.012121
0.009416
0.007297
0.005977
0.004352
0.002725
0.001643
0.000376
0.000244
0.000911
0.000664
0.000394
0.000524
0.000986
0.001253
0.001299
0.002175
0.002899
0.003243
0.004237
0.005688
0.007268
0.008381
0.009058
0.010225
0.011257
0.011630
0.011555
0.011448
0.011445
0.010195
0.008223
0.006319
0.003979
0.002086
0.001109
0.000447
-0.000219
-0.001015
-0.001412
-0.001412
-0.001434
-0.001227
-0.000812
0.000399
0.002555
0.004586
0.005818
0.006200
0.005615
0.004607
0.003409
0.001710
-0.000154
-0.002494
-0.004863
-0.006435
-0.007575
-0.009256
-0.011344
-0.013158
-0.015025
-0.016586
-0.017791
-0.019012
-0.020200
-0.021716
-0.023597
-0.025229
-0.027086
-0.029027
-0.030189
-0.031358
-0.031937
-0.031531
-0.030717
-0.028846
-0.026445
-0.023614
-0.020196
-0.016937
-0.013293
-0.010040
-0.007504
-0.004981
-0.003429
-0.002249
-0.000659
0.000855
0.002544
0.004738
0.007157
0.010164
0.013707
0.017503
0.021849
0.025893
0.028650
0.030272
0.031397
0.031510
0.029987
0.027913
0.025117
0.021298
0.017903
0.015278
0.012883
0.010121
0.007387
0.005016
0.002312
-0.000365
-0.001962
-0.002772
-0.003176
-0.003427
-0.003480
-0.003961
-0.005718
-0.007588
-0.009413
-0.010772
-0.011033
-0.010942
-0.010709
-0.010161
-0.009536
-0.008419
-0.007101
-0.006128
-0.004707
-0.003789
-0.003418
-0.002939
-0.002416
-0.001399
-0.001203
-0.002110
-0.003778
-0.006391
-0.009064
-0.011364
-0.013511
-0.015311
-0.016983
-0.019400
-0.021177
-0.022517
-0.024638
-0.025985
-0.026655
-0.027706
-0.029208
-0.030389
-0.030891
-0.031056
-0.030403
-0.028765
-0.027044
-0.025429
-0.022807
-0.019665
-0.016909
-0.014250
-0.012268
-0.010888
-0.009748
-0.008602
-0.007463
-0.006936
-0.006719
-0.007590
-0.008725
-0.008921
-0.010040
-0.011691
-0.012865
-0.014437
-0.015640
-0.016418
-0.016773
-0.016235
-0.015593
-0.014057
-0.012473
-0.011196
-0.009197
-0.007415
-0.005204
-0.002118
0.000821
0.003374
0.005087
0.005557
0.005604
0.005578
0.005036
0.003558
0.001429
-0.000732
-0.003160
-0.006230
-0.009677
-0.012685
-0.015384
-0.017930
-0.020634
-0.023484
-0.025487
-0.027346
-0.029008
-0.030042
-0.031109
-0.031764
-0.031689
-0.031131
-0.030068
-0.029040
-0.027602
-0.025832
-0.024361
-0.022971
-0.021624
-0.019904
-0.017977
-0.015936
-0.013912
-0.011448
-0.008428
-0.005067
-0.001785
0.001247
0.004666
0.007696
0.010553
0.013134
0.014488
0.015446
0.016102
0.015711
0.014917
0.013679
0.011804
0.010370
0.008877
0.006826
0.005176
0.003971
0.002685
0.001631
0.001467
0.001697
0.001789
0.002515
0.003479
0.004254
0.005351
0.006298
0.007208
0.008169
0.008320
0.007582
0.006574
0.004995
0.003001
0.000908
-0.001443
-0.003369
-0.005699
-0.008690
-0.011489
-0.013765
-0.015071
-0.016253
-0.017291
-0.017544
-0.017816
-0.018231
-0.018623
-0.018875
-0.018543
-0.018021
-0.017181
-0.016532
-0.015774
-0.014525
-0.013657
-0.012484
-0.011452
-0.010510
-0.009335
-0.008741
-0.007873
-0.006800
-0.005842
-0.004085
-0.002393
-0.001289
0.000330
0.001991
0.003031
0.003837
0.004692
0.005993
0.006973
0.006924
0.006340
0.005614
0.004209
0.002164
0.001104
-0.000077
-0.002190
-0.003132
-0.003325
-0.003262
-0.002732
-0.002705
-0.002702
-0.002136
-0.001312
-0.000447
0.000549
0.002011
0.003927
0.006107
0.007612
0.008167
0.009067
0.009986
0.010504
0.010736
0.010778
0.011335
0.011704
0.012008
0.013134
0.013881
0.013792
0.014135
0.014768
0.015402
0.016236
0.015969
0.015088
0.015082
0.014902
0.014451
0.014223
0.013820
0.013110
0.012238
0.011129
0.009921
0.008812
0.007145
0.004975
0.003223
0.001453
-0.001209
-0.004170
-0.007001
-0.009201
-0.011002
-0.012719
-0.014139
-0.015372
-0.016166
-0.016803
-0.017227
-0.017638
-0.018037
-0.017605
-0.016646
-0.015310
-0.013268
-0.010817
-0.008210
-0.005604
-0.002671
0.000576
0.003825
0.006661
0.008887
0.011404
0.013648
0.015328
0.016704
0.017775
0.019212
0.020468
0.021455
0.022357
0.023033
0.023854
0.024338
0.024203
0.023521
0.022347
0.020900
0.019035
0.016893
0.014709
0.012953
0.011763
0.010775
0.009970
0.008994
0.007833
0.006869
0.005561
0.003748
0.002216
0.001179
-0.000016
-0.001198
-0.002086
-0.003274
-0.004193
-0.004790
-0.006271
-0.008129
-0.009699
-0.011107
-0.012163
-0.013242
-0.014082
-0.014451
-0.014683
-0.014978
-0.015725
-0.016548
-0.016971
-0.017323
-0.017747
-0.018300
-0.019028
-0.019825
-0.020863
-0.021783
-0.022165
-0.022562
-0.023108
-0.023489
-0.023894
-0.024046
-0.024002
-0.023671
-0.022962
-0.022174
-0.021067
-0.019879
-0.018471
-0.016577
-0.014945
-0.013687
-0.012073
-0.009847
-0.007675
-0.005829
-0.003248
-0.000983
0.001004
0.003805
0.005276
0.006341
0.008052
0.008939
0.009549
0.009937
0.009248
0.008280
0.008143
0.007921
0.007483
0.007109
0.006060
0.004814
0.003873
0.002799
0.001123
-0.000329
-0.001478
-0.002828
-0.004154
-0.005367
-0.006284
-0.007235
-0.007827
-0.007940
-0.008119
-0.008824
-0.010099
-0.011200
-0.012280
-0.013699
-0.015139
-0.016897
-0.019062
-0.020699
-0.021515
-0.022164
-0.022485
-0.022304
-0.022374
-0.022096
-0.021372
-0.020688
-0.019540
-0.018206
-0.017063
-0.015604
-0.013989
-0.012704
-0.011410
-0.010541
-0.009785
-0.008916
-0.008705
-0.008356
-0.008011
-0.007595
-0.007373
-0.008207
-0.008737
-0.008963
-0.009031
-0.008940
-0.008898
-0.009173
-0.010091
-0.010888
-0.011617
-0.011745
-0.011203
-0.010874
-0.010598
-0.010358
-0.010361
-0.010548
-0.010460
-0.010365
-0.010211
-0.009228
-0.008405
-0.007925
-0.007098
-0.006096
-0.005371
-0.004543
-0.003467
-0.002948
-0.002427
-0.001829
-0.001247
-0.000435
-0.000199
-0.000056
0.000440
0.000109
-0.000511
-0.000949
-0.001425
-0.001594
-0.002221
-0.002356
-0.001962
-0.002287
-0.002174
-0.002028
-0.002449
-0.002500
-0.002383
-0.001899
-0.000986
-0.000237
0.000649
0.001416
0.001906
0.002177
0.002577
0.002939
0.002749
0.003079
0.003187
0.002785
0.002804
0.002192
0.001069
0.000639
0.000187
-0.001069
-0.002571
-0.003932
-0.004899
-0.005358
-0.005263
-0.005695
-0.006520
-0.007234
-0.008689
-0.009212
-0.009122
-0.009699
-0.009527
-0.009405
-0.009510
-0.008833
-0.008577
-0.008650
-0.008280
-0.007868
-0.007016
-0.006050
-0.005402
-0.004019
-0.002665
-0.001743
-0.000192
0.001293
0.002662
0.004448
0.006568
0.008584
0.010069
0.011777
0.013433
0.014557
0.015666
0.016458
0.016590
0.016689
0.017045
0.017297
0.017168
0.017260
0.017284
0.016034
0.014328
0.012731
0.010558
0.007706
0.004392
0.001338
-0.000824
-0.002544
-0.004268
-0.005880
-0.007946
-0.009907
-0.010906
-0.012259
-0.014109
-0.015719
-0.017041
-0.018388
-0.019818
-0.021406
-0.023409
-0.025292
-0.027097
-0.029066
-0.030827
-0.032254
-0.033973
-0.035655
-0.036366
-0.036961
-0.036815
-0.036447
-0.037044
-0.036723
-0.036086
-0.035382
-0.033840
-0.032405
-0.031083
-0.030165
-0.028945
-0.026946
-0.025310
-0.023807
-0.022357
-0.020643
-0.018377
-0.016208
-0.014378
-0.012443
-0.010189
-0.008163
-0.006530
-0.004985
-0.003483
-0.002349
-0.001323
0.000009
0.000945
0.000826
0.000132
-0.000635
-0.001236
-0.001686
-0.002555
-0.004144
-0.005682
-0.007174
-0.009009
-0.010370
-0.011437
-0.013050
-0.014089
-0.013804
-0.013452
-0.013216
-0.012838
-0.012426
-0.011835
-0.011138
-0.010611
-0.009885
-0.008583
-0.007504
-0.006914
-0.005904
-0.004724
-0.003941
-0.002211
-0.000215
0.001171
0.002937
0.004940
0.006649
0.008364
0.010757
0.012635
0.013697
0.015285
0.016785
0.017731
0.018523
0.019036
0.019059
0.018502
0.017914
0.017257
0.016096
0.015074
0.014276
0.013202
0.012434
0.011492
0.010569
0.009819
0.008385
0.007198
0.005814
0.004011
0.002114
-0.000052
-0.002007
-0.004112
-0.006598
-0.009266
-0.011371
-0.013359
-0.015488
-0.016715
-0.018266
-0.019718
-0.020320
-0.021454
-0.022740
-0.023388
-0.023549
-0.023368
-0.022902
-0.022159
-0.020587
-0.018634
-0.016667
-0.013600
-0.009781
-0.006151
-0.002600
0.001603
0.005881
0.009177
0.012654
0.016128
0.018691
0.020959
0.022848
0.024052
0.025007
0.026117
0.026760
0.026807
0.026955
0.026238
0.025268
0.024537
0.022999
0.021448
0.019719
0.017837
0.016038
0.013948
0.012440
0.011268
0.009937
0.009525
0.008564
0.006682
0.005352
0.004058
0.003351
0.002786
0.002239
0.002625
0.003344
0.004294
0.005811
0.007861
0.009738
0.011410
0.013318
0.014840
0.015963
0.017326
0.018509
0.019408
0.020274
0.020741
0.021165
0.021694
0.021488
0.021284
0.021143
0.020388
0.019491
0.017884
0.016449
0.015778
0.015043
0.014505
0.013822
0.013501
0.013785
0.013731
0.014023
0.014513
0.014984
0.016087
0.016730
0.016654
0.016905
0.017294
0.017458
0.017250
0.017440
0.017675
0.017475
0.017907
0.017841
0.016847
0.015694
0.014421
0.012992
0.010782
0.007786
0.004540
0.001545
-0.001064
-0.003735
-0.006316
-0.008717
-0.010879
-0.012763
-0.014965
-0.017025
-0.018858
-0.020696
-0.021237
-0.021475
-0.021935
-0.021846
-0.021952
-0.021872
-0.021693
-0.021602
-0.021215
-0.020749
-0.020178
-0.018900
-0.017267
-0.015509
-0.013667
-0.012342
-0.011088
-0.010276
-0.009492
-0.008358
-0.007788
-0.007525
-0.007169
-0.007112
-0.007414
-0.007827
-0.007937
-0.007970
-0.007924
-0.007211
-0.006770
-0.006448
-0.006055
-0.005616
-0.005181
-0.005048
-0.004440
-0.003771
-0.003228
-0.001973
-0.000980
-0.000978
-0.000326
0.000607
0.000570
0.000433
0.000537
0.000315
0.000192
0.000141
-0.000524
-0.001591
-0.003138
-0.005110
-0.007572
-0.008977
-0.009266
-0.010440
-0.011219
-0.011831
-0.013104
-0.013640
-0.013638
-0.013765
-0.013674
-0.013506
-0.013889
-0.014246
-0.014188
-0.014406
-0.014948
-0.015170
-0.015164
-0.014965
-0.014756
-0.014946
-0.014625
-0.013991
-0.013837
-0.013985
-0.014124
-0.014639
-0.015627
-0.016702
-0.017653
-0.018645
-0.019923
-0.021070
-0.022789
-0.024563
-0.025075
-0.025523
-0.025657
-0.025204
-0.025126
-0.024644
-0.023665
-0.022527
-0.020817
-0.018754
-0.016545
-0.013970
-0.011300
-0.009043
-0.007136
-0.005056
-0.003245
-0.001413
0.000547
0.001147
0.001184
0.002218
0.003756
0.005413
0.007501
0.008604
0.008969
0.010002
0.010975
0.011764
0.011894
0.012163
0.012825
0.012891
0.013246
0.013551
0.013564
0.014027
0.014305
0.014323
0.014723
0.015155
0.015242
0.015146
0.015287
0.015440
0.015588
0.015685
0.015655
0.015457
0.015158
0.015414
0.015373
0.014686
0.013946
0.013385
0.012771
0.011924
0.011342
0.010937
0.010147
0.009504
0.009202
0.008403
0.007577
0.007396
0.007605
0.007754
0.008259
0.008967
0.009383
0.009951
0.010701
0.011428
0.012107
0.012584
0.013194
0.013810
0.014355
0.015095
0.015408
0.015987
0.017200
0.018288
0.019242
0.019808
0.020331
0.021303
0.021775
0.021923
0.022222
0.022429
0.022733
0.022788
0.022385
0.022168
0.021828
0.020945
0.020210
0.019263
0.018038
0.016924
0.015663
0.014432
0.013585
0.013211
0.012792
0.012214
0.011908
0.011689
0.011605
0.011681
0.011557
0.011616
0.011579
0.010689
0.009912
0.009453
0.009089
0.008808
0.008092
0.007432
0.007172
0.007325
0.007398
0.007584
0.007871
0.007866
0.007729
0.007020
0.006583
0.006581
0.006241
0.005616
0.004945
0.004279
0.003255
0.001905
0.000677
-0.000445
-0.001786
-0.003135
-0.004201
-0.004996
-0.006087
-0.007292
-0.008317
-0.009563
-0.010954
-0.012530
-0.013912
-0.015100
-0.016619
-0.018454
-0.020139
-0.021290
-0.022720
-0.024615
-0.026391
-0.028161
-0.029571
-0.030677
-0.032349
-0.034035
-0.034985
-0.035837
-0.036388
-0.036543
-0.036772
-0.036565
-0.035773
-0.034801
-0.033412
-0.030969
-0.028346
-0.025911
-0.022780
-0.019742
-0.016831
-0.013754
-0.011318
-0.008953
-0.006999
-0.005584
-0.003979
-0.003107
-0.002492
-0.001869
-0.001789
-0.001671
-0.001788
-0.001868
-0.001551
-0.001787
-0.002067
-0.001612
-0.001533
-0.002373
-0.003004
-0.003247
-0.003885
-0.004617
-0.005056
-0.005462
-0.006060
-0.006573
-0.007280
-0.008537
-0.009848
-0.011186
-0.012306
-0.012703
-0.013522
-0.014989
-0.015838
-0.016728
-0.017599
-0.018102
-0.018811
-0.019326
-0.019426
-0.019005
-0.017869
-0.015932
-0.013933
-0.012087
-0.009847
-0.007661
-0.005801
-0.004226
-0.002725
-0.001107
0.000648
0.002385
0.004061
0.005671
0.007126
0.008781
0.010209
0.011408
0.012981
0.014581
0.015933
0.017308
0.018647
0.019707
0.020599
0.021029
0.021037
0.021251
0.021174
0.020692
0.020374
0.019467
0.017855
0.016304
0.014742
0.012915
0.011341
0.010487
0.009694
0.008636
0.007564
0.006307
0.005769
0.006035
0.006209
0.006875
0.007633
0.008088
0.008700
0.008980
0.008787
0.008516
0.008126
0.007330
0.006346
0.005232
0.003795
0.002635
0.001944
0.001475
0.000688
-0.000492
-0.000808
-0.000557
-0.000262
0.000549
0.001452
0.002292
0.002905
0.003752
0.004933
0.005758
0.006694
0.007507
0.007910
0.007946
0.007761
0.007737
0.007625
0.007941
0.008441
0.008194
0.007537
0.006705
0.005509
0.004537
0.003883
0.003043
0.002221
0.001427
0.000502
-0.000293
-0.000509
-0.000849
-0.001466
-0.001575
-0.001972
-0.002647
-0.003052
-0.003563
-0.003791
-0.003827
-0.003771
-0.003955
-0.004342
-0.004404
-0.004983
-0.005716
-0.005981
-0.005891
-0.005411
-0.004803
-0.004124
-0.003524
-0.003098
-0.003172
-0.003562
-0.003668
-0.003832
-0.004294
-0.005280
-0.006649
-0.007971
-0.009507
-0.011159
-0.012769
-0.014441
-0.015908
-0.017240
-0.018325
-0.018848
-0.018884
-0.018530
-0.017853
-0.016906
-0.015622
-0.014104
-0.012773
-0.011593
-0.010487
-0.009905
-0.009814
-0.009340
-0.008753
-0.008763
-0.008640
-0.008626
-0.008836
-0.008959
-0.009277
-0.009906
-0.011315
-0.012625
-0.013530
-0.014351
-0.014962
-0.015871
-0.016733
-0.017078
-0.016797
-0.015963
-0.014894
-0.013590
-0.011976
-0.010408
-0.008759
-0.006795
-0.005226
-0.003645
-0.001879
-0.000301
0.001761
0.003995
0.005811
0.007652
0.009295
0.010476
0.011481
0.011765
0.012027
0.012849
0.013262
0.013122
0.012655
0.012460
0.012489
0.011806
0.010791
0.010013
0.009148
0.008578
0.008359
0.008083
0.007945
0.007937
0.007863
0.007502
0.007136
0.006999
0.007252
0.007894
0.008742
0.009704
0.010335
0.010767
0.011655
0.012639
0.012981
0.013343
0.014128
0.014579
0.014622
0.014554
0.014279
0.014533
0.015170
0.015167
0.015193
0.015035
0.014431
0.014214
0.014102
0.014099
0.014324
0.014031
0.013287
0.012514
0.011706
0.011090
0.010409
0.009678
0.009060
0.008664
0.008327
0.008184
0.008371
0.008195
0.008344
0.008944
0.009404
0.009912
0.010531
0.010971
0.011106
0.011407
0.011542
0.011764
0.011936
0.011626
0.011956
0.012047
0.011874
0.012643
0.013730
0.014884
0.015835
0.016555
0.017195
0.017932
0.018878
0.019627
0.019916
0.020039
0.020135
0.020132
0.020369
0.020600
0.020521
0.020119
0.019639
0.019060
0.018652
0.018679
0.018769
0.018614
0.018239
0.017750
0.016912
0.016148
0.016124
0.016474
0.016628
0.016713
0.016740
0.016654
0.016994
0.017592
0.018038
0.018195
0.017835
0.017913
0.018307
0.018091
0.017412
0.016485
0.015259
0.014476
0.013837
0.012749
0.011838
0.011127
0.010606
0.010057
0.009738
0.009437
0.008928
0.009158
0.009647
0.009727
0.009876
0.009267
0.008297
0.008183
0.008356
0.008479
0.008285
0.007893
0.007830
0.008234
0.008841
0.009176
0.009478
0.010185
0.010951
0.011387
0.011896
0.012353
0.012569
0.012389
0.011861
0.011401
0.010606
0.009702
0.008896
0.007914
0.006652
0.005030
0.003194
0.001406
0.000100
-0.000870
-0.001834
-0.002648
-0.003677
-0.004758
-0.005477
-0.006115
-0.006200
-0.005816
-0.005962
-0.005794
-0.005420
-0.005686
-0.005531
-0.005199
-0.005529
-0.005911
-0.006099
-0.006639
-0.007189
-0.007246
-0.007094
-0.006874
-0.006247
-0.005249
-0.003893
-0.002223
-0.000728
0.000597
0.001724
0.002597
0.003582
0.004147
0.003244
0.001692
0.001359
0.001576
0.001276
0.001536
0.001908
0.001955
0.002427
0.002963
0.003680
0.004418
0.004891
0.005509
0.005685
0.005869
0.006217
0.005643
0.005331
0.005357
0.004773
0.003411
0.001336
-0.000055
-0.001014
-0.002498
-0.004036
-0.005300
-0.006966
-0.008494
-0.008852
-0.008992
-0.009370
-0.009680
-0.009507
-0.008844
-0.007720
-0.006030
-0.004545
-0.003199
-0.001604
-0.000438
0.000578
0.002044
0.003497
0.004745
0.005603
0.006024
0.006644
0.007139
0.007179
0.007283
0.006802
0.005572
0.004494
0.003877
0.003422
0.002725
0.001916
0.001697
0.002160
0.002596
0.002729
0.002871
0.003482
0.004393
0.004979
0.005314
0.005751
0.006195
0.006819
0.007669
0.008575
0.009341
0.010105
0.010620
0.010659
0.011333
0.012243
0.012776
0.013264
0.013779
0.014411
0.014816
0.015140
0.015664
0.016190
0.016315
0.016313
0.016268
0.016062
0.015946
0.015574
0.015230
0.015090
0.015106
0.015214
0.015351
0.015426
0.015385
0.015406
0.015238
0.014997
0.014946
0.015371
0.015434
0.014867
0.014351
0.013493
0.012961
0.012804
0.012289
0.011972
0.012072
0.012296
0.012834
0.013317
0.013369
0.013055
0.012937
0.013523
0.013661
0.013195
0.012824
0.012024
0.010345
0.008820
0.007142
0.004532
0.002962
0.002225
0.001492
0.001483
0.002319
0.003278
0.004215
0.005985
0.007216
0.007728
0.008473
0.008898
0.009466
0.009878
0.009823
0.010407
0.010839
0.011179
0.011675
0.011251
0.010396
0.009615
0.008156
0.006099
0.004073
0.002241
0.000885
-0.000803
-0.002320
-0.003058
-0.003828
-0.004431
-0.004669
-0.004934
-0.005304
-0.005137
-0.004380
-0.003701
-0.002953
-0.001703
-0.000850
-0.000566
0.000029
0.000479
0.001176
0.002168
0.002658
0.002890
0.002257
0.001096
-0.000025
-0.001623
-0.002700
-0.003261
-0.003893
-0.004196
-0.004382
-0.003920
-0.003331
-0.003922
-0.004361
-0.004539
-0.005210
-0.005748
-0.006505
-0.007128
-0.007669
-0.008219
-0.007826
-0.006710
-0.006016
-0.005966
-0.006189
-0.006453
-0.006476
-0.007053
-0.007629
-0.007677
-0.008130
-0.008670
-0.009249
-0.009889
-0.010556
-0.012020
-0.013998
-0.016129
-0.018747
-0.021633
-0.024856
-0.028101
-0.030362
-0.032059
-0.033644
-0.035059
-0.036126
-0.036676
-0.036922
-0.036462
-0.035487
-0.034534
-0.033340
-0.031976
-0.030754
-0.029015
-0.026837
-0.024719
-0.022739
-0.021159
-0.019486
-0.017277
-0.014767
-0.012405
-0.010222
-0.008019
-0.006034
-0.004935
-0.004076
-0.003002
-0.002476
-0.002033
-0.001460
-0.001184
-0.001338
-0.001988
-0.002811
-0.003666
-0.004467
-0.004994
-0.005652
-0.006791
-0.007843
-0.008971
-0.010408
-0.011713
-0.013246
-0.014500
-0.015073
-0.015441
-0.015576
-0.015460
-0.015359
-0.015900
-0.016611
-0.017260
-0.017933
-0.017856
-0.017666
-0.017873
-0.018203
-0.018570
-0.018411
-0.017711
-0.016989
-0.016585
-0.016622
-0.016470
-0.016276
-0.015928
-0.014894
-0.014320
-0.014186
-0.013771
-0.013253
-0.012336
-0.011017
-0.009852
-0.008772
-0.007099
-0.004968
-0.002854
-0.000633
0.001588
0.003056
0.003829
0.004562
0.005079
0.005488
0.005961
0.006354
0.006874
0.007324
0.007426
0.007694
0.008016
0.007698
0.006962
0.006106
0.004694
0.002955
0.001304
-0.000384
-0.002033
-0.003859
-0.005868
-0.007656
-0.008817
-0.009786
-0.011104
-0.012050
-0.012339
-0.012094
-0.011495
-0.011118
-0.010581
-0.009430
-0.008035
-0.006603
-0.005380
-0.004488
-0.003867
-0.003158
-0.002281
-0.001771
-0.001221
-0.000314
0.000654
0.001567
0.002211
0.003035
0.004211
0.005230
0.006065
0.006578
0.007011
0.007378
0.007539
0.008092
0.008628
0.008336
0.007067
0.005358
0.003674
0.002682
0.002567
0.002233
0.001527
0.001011
0.001175
0.001006
0.000231
-0.000022
-0.000756
-0.002284
-0.003301
-0.003879
-0.004195
-0.004174
-0.004274
-0.004330
-0.004223
-0.003841
-0.003217
-0.002711
-0.002528
-0.002778
-0.003189
-0.003342
-0.003136
-0.002970
-0.002824
-0.002385
-0.001881
-0.001189
-0.000773
-0.001065
-0.000930
-0.000388
0.000002
0.000420
0.000914
0.001403
0.002130
0.002921
0.003185
0.003233
0.003290
0.003532
0.003827
0.004214
0.004699
0.005054
0.005295
0.005265
0.004746
0.003758
0.003006
0.002530
0.001849
0.000794
-0.000303
-0.001311
-0.002747
-0.004594
-0.006422
-0.007896
-0.009276
-0.010899
-0.012947
-0.015068
-0.016272
-0.017296
-0.018629
-0.019507
-0.020208
-0.020579
-0.020174
-0.019747
-0.019515
-0.019106
-0.018635
-0.017798
-0.016325
-0.014821
-0.013590
-0.012344
-0.011233
-0.010063
-0.008534
-0.006958
-0.005288
-0.003595
-0.002168
-0.000867
0.000247
0.000719
0.000135
-0.001083
-0.002462
-0.003575
-0.004939
-0.006772
-0.008157
-0.009605
-0.010830
-0.011703
-0.012923
-0.014525
-0.016256
-0.017679
-0.018921
-0.019897
-0.020588
-0.021255
-0.021947
-0.022834
-0.023646
-0.023905
-0.023802
-0.023998
-0.024278
-0.024274
-0.024095
-0.023990
-0.023978
-0.023675
-0.023012
-0.022275
-0.021414
-0.020094
-0.018679
-0.017041
-0.014770
-0.012122
-0.009627
-0.007593
-0.005700
-0.003448
-0.000857
0.001779
0.004392
0.007381
0.010785
0.013677
0.015867
0.017479
0.018519
0.019669
0.020930
0.021967
0.022664
0.022688
0.022152
0.021203
0.020198
0.019241
0.017862
0.016224
0.014638
0.013496
0.012791
0.011893
0.011481
0.011991
0.012509
0.012875
0.012804
0.012268
0.011778
0.011569
0.011954
0.012817
0.013615
0.014128
0.014327
0.014151
0.013986
0.013715
0.013630
0.013773
0.013639
0.013288
0.012861
0.012796
0.012967
0.013167
0.013296
0.013057
0.012737
0.012636
0.012577
0.012671
0.012901
0.013217
0.013887
0.014799
0.015545
0.015807
0.015842
0.016268
0.017065
0.017821
0.018799
0.020078
0.021294
0.021996
0.022006
0.021782
0.021588
0.021171
0.020360
0.018916
0.016789
0.014680
0.013040
0.012002
0.010904
0.009205
0.007516
0.006070
0.004876
0.003983
0.003221
0.002525
0.001950
0.001338
0.000670
0.000136
-0.000361
-0.000463
-0.000275
-0.000188
-0.000066
0.000035
0.000179
0.000244
0.000383
0.000861
0.001310
0.001663
0.001969
0.002320
0.003246
0.004358
0.005111
0.005648
0.006139
0.006550
0.006881
0.007608
0.008542
0.009452
0.010379
0.011145
0.011928
0.012765
0.013488
0.014029
0.014620
0.015031
0.015021
0.015021
0.015053
0.014728
0.014141
0.013565
0.012785
0.012064
0.011399
0.010489
0.009614
0.008699
0.007535
0.006083
0.004512
0.003483
0.002986
0.002743
0.002599
0.001739
0.000674
0.000266
0.000173
0.000479
0.000993
0.001193
0.001071
0.000949
0.000915
0.000984
0.001157
0.001095
0.001236
0.001878
0.002354
0.002581
0.003156
0.003937
0.004903
0.006356
0.007859
0.009132
0.010347
0.011660
0.012852
0.014038
0.015339
0.016548
0.017728
0.018746
0.019345
0.019163
0.018183
0.016911
0.015595
0.014193
0.012872
0.011805
0.010927
0.010079
0.009358
0.008511
0.007379
0.006356
0.005551
0.005011
0.004104
0.002965
0.002214
0.001444
0.000470
-0.000379
-0.000929
-0.001318
-0.001632
-0.002165
-0.002946
-0.003480
-0.003690
-0.003835
-0.004075
-0.004313
-0.004555
-0.004910
-0.005131
-0.005202
-0.005209
-0.005041
-0.004687
-0.004276
-0.003938
-0.003580
-0.003033
-0.002226
-0.001305
-0.000619
-0.000103
0.000542
0.001252
0.001916
0.002266
0.002109
0.001442
0.000387
-0.000666
-0.001727
-0.002731
-0.003438
-0.003658
-0.003565
-0.003706
-0.004313
-0.005217
-0.006040
-0.006454
-0.006702
-0.007319
-0.008115
-0.008862
-0.009372
-0.009657
-0.010239
-0.011173
-0.012093
-0.012685
-0.012431
-0.011534
-0.010991
-0.011073
-0.011137
-0.010521
-0.009446
-0.008418
-0.007810
-0.007621
-0.007221
-0.006481
-0.005968
-0.005858
-0.005847
-0.005574
-0.005323
-0.005560
-0.005844
-0.005492
-0.004492
-0.003843
-0.003772
-0.003666
-0.003613
-0.003838
-0.004619
-0.005807
-0.006879
-0.007759
-0.008504
-0.008898
-0.008868
-0.008605
-0.008423
-0.008653
-0.009323
-0.009896
-0.009871
-0.009624
-0.009490
-0.009460
-0.009294
-0.009013
-0.008859
-0.008619
-0.008368
-0.008583
-0.009119
-0.009468
-0.009570
-0.009409
-0.009194
-0.009047
-0.009057
-0.009407
-0.010058
-0.010695
-0.011049
-0.011446
-0.012098
-0.013151
-0.014205
-0.014695
-0.014649
-0.014293
-0.014032
-0.014292
-0.015105
-0.015838
-0.016099
-0.015949
-0.015634
-0.015123
-0.014736
-0.014960
-0.015349
-0.015878
-0.016384
-0.016506
-0.016764
-0.016884
-0.016762
-0.016804
-0.016852
-0.017159
-0.017762
-0.018342
-0.018408
-0.017848
-0.017527
-0.017511
-0.017525
-0.017688
-0.017467
-0.016910
-0.016600
-0.016559
-0.016786
-0.016991
-0.017118
-0.017184
-0.016689
-0.016024
-0.015590
-0.015290
-0.015100
-0.014714
-0.014090
-0.013059
-0.011745
-0.010806
-0.010005
-0.008781
-0.006996
-0.004896
-0.003024
-0.001615
-0.000558
0.000595
0.002150
0.003580
0.004303
0.004288
0.003783
0.003389
0.002840
0.001526
-0.000041
-0.001595
-0.003105
-0.004549
-0.005998
-0.007053
-0.007594
-0.007950
-0.008247
-0.008420
-0.008249
-0.007876
-0.007934
-0.008022
-0.007409
-0.006392
-0.005275
-0.004115
-0.002765
-0.001287
-0.000351
0.000301
0.000998
0.001376
0.001684
0.001995
0.002382
0.003107
0.004028
0.005291
0.006831
0.007746
0.007867
0.007925
0.008215
0.008539
0.008850
0.009129
0.009124
0.009188
0.009600
0.009858
0.009884
0.009886
0.009877
0.010049
0.010423
0.010546
0.010096
0.009483
0.008905
0.007729
0.006079
0.004630
0.003782
0.003710
0.003921
0.003924
0.003726
0.003652
0.003830
0.004028
0.003954
0.003710
0.003350
0.002528
0.001345
0.000355
-0.000269
-0.000699
-0.001118
-0.001651
-0.002156
-0.002484
-0.002466
-0.002099
-0.001743
-0.001409
-0.000946
-0.000795
-0.001183
-0.001547
-0.001528
-0.001301
-0.000797
-0.000024
0.000829
0.001590
0.002379
0.003159
0.003651
0.004208
0.004932
0.005238
0.004920
0.004625
0.004582
0.004704
0.004949
0.005008
0.004713
0.003983
0.003426
0.003584
0.004419
0.005343
0.005667
0.006033
0.006735
0.007559
0.008521
0.009262
0.009560
0.009790
0.010511
0.011373
0.011884
0.012193
0.012666
0.013122
0.013340
0.013569
0.013655
0.013612
0.013530
0.013501
0.013784
0.014443
0.015397
0.016199
0.016642
0.016727
0.016596
0.016760
0.017017
0.017196
0.017415
0.017758
0.018409
0.019083
0.019781
0.020147
0.020153
0.020406
0.020759
0.021218
0.021493
0.021138
0.020501
0.019831
0.019026
0.018141
0.017167
0.016034
0.014918
0.013892
0.012802
0.011621
0.010476
0.009509
0.008489
0.007453
0.006827
0.006692
0.006477
0.005095
0.003259
0.002619
0.002781
0.002599
0.002081
0.001705
0.001487
0.001348
0.001213
0.001194
0.001337
0.001544
0.002010
0.002589
0.003142
0.003942
0.004790
0.005226
0.005232
0.005091
0.005206
0.005532
0.005639
0.005198
0.004469
0.004084
0.003727
0.002902
0.001734
0.000598
-0.000073
-0.000411
-0.000885
-0.001485
-0.001851
-0.001565
-0.000834
-0.000457
-0.000429
-0.000469
-0.000495
-0.000558
-0.000638
-0.000231
0.000514
0.001366
0.002505
0.003885
0.005356
0.006330
0.006898
0.007542
0.008062
0.008252
0.007830
0.006912
0.005890
0.005309
0.005217
0.005452
0.006094
0.006198
0.005698
0.005623
0.006104
0.006633
0.006795
0.006657
0.006537
0.006811
0.007152
0.007091
0.006646
0.005839
0.005043
0.004505
0.004273
0.004248
0.004143
0.004062
0.004127
0.004220
0.004238
0.003921
0.003277
0.002414
0.001478
0.000813
0.000141
-0.000627
-0.000892
-0.000815
-0.001172
-0.002222
-0.003441
-0.004265
-0.004858
-0.005051
-0.004639
-0.004376
-0.004775
-0.005356
-0.005525
-0.005308
-0.004854
-0.004460
-0.004137
-0.003636
-0.003327
-0.003384
-0.003500
-0.003574
-0.003614
-0.003659
-0.003886
-0.004044
-0.004101
-0.004536
-0.005308
-0.006123
-0.006508
-0.006542
-0.006884
-0.007495
-0.008115
-0.008396
-0.008479
-0.008688
-0.009106
-0.009479
-0.009562
-0.009970
-0.010430
-0.010453
-0.010414
-0.010425
-0.010327
-0.010189
-0.009979
-0.009477
-0.008936
-0.008338
-0.007795
-0.007362
-0.006658
-0.005810
-0.004894
-0.003837
-0.002605
-0.001346
-0.000214
0.000736
0.001705
0.002907
0.004031
0.004862
0.005625
0.006074
0.005970
0.006078
0.006646
0.007461
0.008303
0.008775
0.009266
0.009896
0.010540
0.011249
0.011819
0.012590
0.013505
0.014238
0.014959
0.015803
0.016701
0.017364
0.017796
0.018017
0.017832
0.017380
0.016771
0.015666
0.014064
0.012263
0.010499
0.008998
0.007806
0.006786
0.005705
0.004590
0.003765
0.003243
0.002791
0.001802
0.000173
-0.001329
-0.002489
-0.003328
-0.004363
-0.005767
-0.006794
-0.007371
-0.007594
-0.007579
-0.007536
-0.007315
-0.006615
-0.005478
-0.004536
-0.003972
-0.003236
-0.002451
-0.002205
-0.002147
-0.002051
-0.001948
-0.001724
-0.001906
-0.002679
-0.003534
-0.004117
-0.004619
-0.005234
-0.005687
-0.006104
-0.006657
-0.007544
-0.008716
-0.009496
-0.009718
-0.009515
-0.009372
-0.009745
-0.010240
-0.010381
-0.010342
-0.010574
-0.011007
-0.011339
-0.011630
-0.012034
-0.012746
-0.013382
-0.013771
-0.013961
-0.014146
-0.014838
-0.015512
-0.016207
-0.016843
-0.017033
-0.017377
-0.017827
-0.018172
-0.018636
-0.019019
-0.019004
-0.018860
-0.018437
-0.017547
-0.016802
-0.016048
-0.014912
-0.013515
-0.012232
-0.011575
-0.011404
-0.010987
-0.010142
-0.009360
-0.008678
-0.007842
-0.007161
-0.006976
-0.007143
-0.007361
-0.007407
-0.007273
-0.007233
-0.007208
-0.007316
-0.007784
-0.008358
-0.009303
-0.010255
-0.011127
-0.012269
-0.013220
-0.014093
-0.014945
-0.015075
-0.014608
-0.014251
-0.013930
-0.013666
-0.013363
-0.013078
-0.013211
-0.013482
-0.013373
-0.012854
-0.012491
-0.012117
-0.011594
-0.011282
-0.010724
-0.009893
-0.009359
-0.008602
-0.007595
-0.006404
-0.004882
-0.003978
-0.003316
-0.002378
-0.001620
-0.001100
-0.000577
-0.000166
-0.000115
-0.000002
0.000208
0.000554
0.000931
0.000859
0.000573
0.000470
0.000347
-0.000164
-0.001009
-0.001943
-0.002659
-0.003267
-0.004258
-0.005653
-0.006991
-0.008027
-0.009061
-0.010259
-0.011195
-0.011732
-0.012064
-0.012486
-0.013221
-0.013903
-0.014312
-0.014805
-0.015167
-0.014989
-0.014861
-0.015127
-0.015301
-0.015074
-0.014894
-0.015032
-0.015015
-0.014868
-0.014735
-0.014407
-0.014256
-0.014339
-0.014177
-0.013733
-0.013501
-0.013565
-0.013831
-0.014221
-0.014360
-0.014673
-0.015137
-0.015364
-0.015497
-0.015532
-0.015671
-0.015884
-0.015950
-0.016101
-0.016197
-0.016199
-0.016083
-0.015840
-0.015721
-0.015161
-0.014459
-0.013731
-0.012657
-0.011620
-0.010718
-0.009972
-0.008975
-0.007865
-0.006926
-0.005841
-0.004926
-0.004195
-0.003620
-0.003567
-0.003557
-0.003587
-0.003639
-0.003612
-0.003858
-0.003809
-0.003381
-0.002985
-0.002553
-0.002112
-0.001352
-0.000591
-0.000153
0.000293
0.000740
0.001586
0.002405
0.002892
0.003268
0.003587
0.003714
0.003564
0.003591
0.003321
0.002799
0.002344
0.001868
0.001654
0.001634
0.001589
0.001597
0.001747
0.002125
0.002599
0.002850
0.003128
0.003628
0.004099
0.004608
0.005013
0.004728
0.004257
0.004080
0.003997
0.003925
0.003346
0.002248
0.001265
0.000797
0.000461
-0.000031
-0.000551
-0.001204
-0.001656
-0.001850
-0.002197
-0.002508
-0.002644
-0.002862
-0.002747
-0.002337
-0.002022
-0.001532
-0.001286
-0.001035
-0.000029
0.000782
0.000385
-0.000646
-0.000820
-0.000194
0.000230
0.000453
0.000564
0.000933
0.001515
0.001675
0.001885
0.002386
0.002539
0.003029
0.003586
0.003491
0.003339
0.003391
0.004055
0.004953
0.005476
0.006032
0.006726
0.007722
0.009146
0.010329
0.011401
0.012204
0.012361
0.012308
0.012123
0.011830
0.011421
0.010905
0.010569
0.010511
0.010355
0.010182
0.009927
0.009298
0.008656
0.008091
0.007638
0.007405
0.006819
0.005578
0.004589
0.003970
0.003181
0.002398
0.001701
0.001117
0.000721
0.000022
-0.001132
-0.002061
-0.002869
-0.003419
-0.003770
-0.004239
-0.004241
-0.004245
-0.004761
-0.005178
-0.005345
-0.005523
-0.005507
-0.005483
-0.005417
-0.004996
-0.004768
-0.004694
-0.004417
-0.004156
-0.004064
-0.003845
-0.003301
-0.003175
-0.003787
-0.004725
-0.005389
-0.005484
-0.005867
-0.006751
-0.007421
-0.007620
-0.007404
-0.007229
-0.007268
-0.007238
-0.007349
-0.007462
-0.007335
-0.007595
-0.007940
-0.008076
-0.008387
-0.008539
-0.008415
-0.007902
-0.007476
-0.007715
-0.008375
-0.008751
-0.008255
-0.007321
-0.006583
-0.005814
-0.004634
-0.003425
-0.002570
-0.001632
-0.000498
0.000429
0.001681
0.003095
0.003939
0.004207
0.004161
0.004354
0.004834
0.005285
0.005573
0.005259
0.004608
0.004396
0.004315
0.003887
0.003003
0.002063
0.001242
0.000480
0.000245
-0.000143
-0.000906
-0.001584
-0.002249
-0.002429
-0.002436
-0.002744
-0.003256
-0.003551
-0.003453
-0.003631
-0.004363
-0.005129
-0.005317
-0.005107
-0.004818
-0.004691
-0.004754
-0.004931
-0.005857
-0.007068
-0.007422
-0.007219
-0.006881
-0.006724
-0.006728
-0.006686
-0.006577
-0.006151
-0.005723
-0.005324
-0.005253
-0.005531
-0.005233
-0.004426
-0.003889
-0.003810
-0.003946
-0.004040
-0.004011
-0.003754
-0.003197
-0.002596
-0.002057
-0.001633
-0.001412
-0.001327
-0.001007
-0.000385
0.000222
0.000613
0.000838
0.001211
0.002077
0.003026
0.003288
0.003070
0.002787
0.002804
0.003229
0.003554
0.003463
0.003190
0.002648
0.001827
0.001593
0.001885
0.001997
0.001886
0.001472
0.001056
0.001240
0.001815
0.002320
0.002467
0.002813
0.003783
0.004547
0.005268
0.006420
0.007352
0.007846
0.008060
0.008330
0.009252
0.010551
0.011832
0.012885
0.013399
0.013910
0.014928
0.015865
0.016609
0.017886
0.019621
0.021099
0.021652
0.021587
0.022059
0.022592
0.022424
0.022234
0.022014
0.021521
0.020398
0.018589
0.017047
0.015713
0.014465
0.013304
0.011562
0.009398
0.007670
0.006617
0.005963
0.005371
0.004666
0.004121
0.003662
0.003167
0.003068
0.003197
0.003220
0.003537
0.003877
0.003570
0.003208
0.003346
0.003863
0.004562
0.005003
0.005073
0.005015
0.005119
0.005103
0.004925
0.005075
0.005436
0.005832
0.005755
0.005609
0.006011
0.006226
0.006006
0.005681
0.005433
0.005056
0.004584
0.004508
0.004551
0.004500
0.004232
0.003343
0.002730
0.002782
0.002724
0.002839
0.003068
0.002885
0.002558
0.002294
0.002437
0.002761
0.002598
0.002312
0.002349
0.002208
0.001314
0.000212
-0.000664
-0.001327
-0.001728
-0.002091
-0.002329
-0.002313
-0.002258
-0.002074
-0.001969
-0.002444
-0.002704
-0.002722
-0.002980
-0.003715
-0.005421
-0.007217
-0.008041
-0.008146
-0.008106
-0.008030
-0.008258
-0.008561
-0.008947
-0.009342
-0.009097
-0.008679
-0.008528
-0.008451
-0.008120
-0.008062
-0.008079
-0.007879
-0.008006
-0.008023
-0.007734
-0.007063
-0.006277
-0.005965
-0.005924
-0.005623
-0.004934
-0.004283
-0.003695
-0.003197
-0.003024
-0.002573
-0.002282
-0.002577
-0.002605
-0.002668
-0.002701
-0.002505
-0.002458
-0.002379
-0.002492
-0.002384
-0.001674
-0.001139
-0.000753
-0.000264
0.000265
0.000967
0.001639
0.002487
0.003372
0.003895
0.004375
0.005059
0.005899
0.006361
0.006904
0.007873
0.008949
0.010420
0.011603
0.012266
0.012596
0.012677
0.013237
0.013806
0.014138
0.014740
0.015260
0.015405
0.015456
0.015667
0.015818
0.015711
0.015938
0.016604
0.017038
0.017404
0.017973
0.018393
0.018310
0.018423
0.019083
0.019690
0.020194
0.020165
0.019593
0.019284
0.019537
0.019826
0.019820
0.019823
0.019490
0.018736
0.018299
0.018378
0.018454
0.018317
0.018442
0.018911
0.018820
0.018196
0.018053
0.017989
0.017811
0.018094
0.018054
0.017256
0.016248
0.015760
0.016076
0.016545
0.016625
0.015958
0.015588
0.016154
0.016786
0.017023
0.016883
0.017095
0.017663
0.018251
0.018705
0.019055
0.019837
0.020449
0.020699
0.021141
0.021451
0.021804
0.022565
0.023097
0.023198
0.023372
0.023334
0.023343
0.023423
0.023025
0.023048
0.023093
0.022493
0.021708
0.020956
0.020483
0.020006
0.019322
0.018762
0.018109
0.017101
0.016167
0.015315
0.014453
0.013739
0.013042
0.012294
0.011762
0.011416
0.010961
0.010544
0.010362
0.010204
0.009986
0.009838
0.009625
0.009414
0.009007
0.008551
0.008696
0.008819
0.008797
0.009089
0.008799
0.008036
0.008196
0.008290
0.007957
0.008081
0.008221
0.008191
0.008251
0.008415
0.008471
0.008694
0.008888
0.008733
0.008381
0.008224
0.008337
0.008353
0.008405
0.008429
0.008007
0.008055
0.008739
0.008947
0.010686
0.010757
0.010622
0.010400
0.009630
0.008924
0.008526
0.008094
0.007600
0.007245
0.006811
0.005492
0.003777
0.002441
0.001174
0.000050
-0.000345
-0.001063
-0.002051
-0.002676
-0.003627
-0.004770
-0.006013
-0.006881
-0.007224
-0.007454
-0.007436
-0.007690
-0.008317
-0.008263
-0.007707
-0.007089
-0.006362
-0.005946
-0.005442
-0.004416
-0.003475
-0.002390
-0.001341
-0.000986
-0.000349
0.000783
0.002320
0.003866
0.004753
0.005316
0.005486
0.006083
0.007113
0.007514
0.007966
0.008646
0.009189
0.009852
0.010069
0.009890
0.010064
0.010445
0.010640
0.010233
0.009443
0.008878
0.008437
0.008154
0.007549
0.006405
0.005383
0.004637
0.004214
0.003214
0.001852
0.001161
0.001065
0.000947
0.000143
-0.000865
-0.001444
-0.001661
-0.001882
-0.001967
-0.002094
-0.002425
-0.002506
-0.002618
-0.002673
-0.002267
-0.001189
0.000096
0.000299
0.000120
0.000442
0.000763
0.001375
0.002279
0.002872
0.003761
0.004593
0.004228
0.004165
0.004912
0.005569
0.006441
0.006900
0.006905
0.006943
0.006416
0.006074
0.005732
0.005165
0.004928
0.004382
0.004073
0.003493
0.002447
0.001801
0.001225
0.001177
0.001746
0.001891
0.001326
0.000400
-0.000294
-0.000209
0.000149
-0.000175
-0.001130
-0.002110
-0.002985
-0.003615
-0.004106
-0.004640
-0.005206
-0.005492
-0.005420
-0.005457
-0.005709
-0.005904
-0.005915
-0.006291
-0.006766
-0.007065
-0.007606
-0.007780
-0.007724
-0.008302
-0.009165
-0.009656
-0.009961
-0.010624
-0.011629
-0.012247
-0.012582
-0.013205
-0.013630
-0.014279
-0.015264
-0.016241
-0.017356
-0.018207
-0.018865
-0.019549
-0.020142
-0.020405
-0.020605
-0.020921
-0.020725
-0.020270
-0.020393
-0.021064
-0.021975
-0.022871
-0.023271
-0.022947
-0.022765
-0.022869
-0.022661
-0.022483
-0.022222
-0.021645
-0.021112
-0.020741
-0.020166
-0.019370
-0.018805
-0.018430
-0.018153
-0.017887
-0.017496
-0.017049
-0.016707
-0.016894
-0.017677
-0.018559
-0.019015
-0.019158
-0.019651
-0.020522
-0.021229
-0.021940
-0.022652
-0.022985
-0.023416
-0.024003
-0.024710
-0.025379
-0.025782
-0.026105
-0.026230
-0.026488
-0.026675
-0.026575
-0.026505
-0.026506
-0.026601
-0.026560
-0.026037
-0.025124
-0.024349
-0.023683
-0.023025
-0.022368
-0.021592
-0.020909
-0.020156
-0.019472
-0.018731
-0.017567
-0.016605
-0.015869
-0.015038
-0.014228
-0.013263
-0.012244
-0.011572
-0.011000
-0.010206
-0.009514
-0.008954
-0.008130
-0.007367
-0.006932
-0.006285
-0.005480
-0.004784
-0.003854
-0.002773
-0.002108
-0.001700
-0.001200
-0.000599
0.000024
0.000516
0.000859
0.000868
0.000823
0.001110
0.001101
0.000713
0.000480
0.000422
0.000103
-0.000603
-0.001061
-0.001442
-0.001920
-0.002320
-0.003152
-0.004095
-0.004475
-0.004509
-0.004442
-0.004326
-0.004330
-0.004525
-0.004526
-0.004219
-0.003948
-0.003629
-0.003198
-0.002821
-0.002326
-0.001680
-0.001287
-0.001098
-0.000731
-0.000056
0.000809
0.001650
0.002297
0.002514
0.002249
0.001893
0.001746
0.001532
0.001123
0.000677
0.000006
-0.000729
-0.001076
-0.001214
-0.001396
-0.001496
-0.001567
-0.001681
-0.001734
-0.002000
-0.002302
-0.002241
-0.002191
-0.002017
-0.001798
-0.001934
-0.002164
-0.002685
-0.003166
-0.002927
-0.002609
-0.002476
-0.002270
-0.002206
-0.002123
-0.002012
-0.001889
-0.001718
-0.001574
-0.001355
-0.001049
-0.000611
-0.000265
-0.000043
0.000231
0.000542
0.001026
0.001461
0.001641
0.001685
0.001789
0.002321
0.002720
0.002746
0.002982
0.003279
0.003409
0.003561
0.003855
0.003967
0.004175
0.004631
0.004891
0.005156
0.005394
0.005486
0.005511
0.005544
0.005769
0.005983
0.006141
0.006309
0.006334
0.006341
0.006420
0.006448
0.006237
0.006072
0.006011
0.005790
0.005586
0.005378
0.005278
0.005368
0.005486
0.005365
0.004916
0.004471
0.004313
0.004265
0.004073
0.003724
0.003357
0.003183
0.002979
0.002708
0.002540
0.002377
0.002309
0.002294
0.002028
0.001613
0.001226
0.000873
0.000511
0.000145
-0.000151
-0.000323
-0.000320
-0.000409
-0.000757
-0.001193
-0.001388
-0.001248
-0.001190
-0.001344
-0.001587
-0.001879
-0.002072
-0.002093
-0.001916
-0.001815
-0.002006
-0.002397
-0.002766
-0.002975
-0.003046
-0.002912
-0.002811
-0.002851
-0.002859
-0.002935
-0.003070
-0.002960
-0.002759
-0.002614
-0.002491
-0.002537
-0.002548
-0.002446
-0.002376
-0.002365
-0.002382
-0.002401
-0.002413
-0.002347
-0.002246
-0.002234
-0.002181
-0.002040
-0.001960
-0.001849
-0.001814
-0.001954
-0.002009
-0.002017
-0.002096
-0.002086
-0.002028
-0.002040
-0.002086
-0.002181
-0.002198
-0.002123
-0.002048
-0.002011
-0.002029
-0.002065
-0.002147
-0.002194
-0.002258
-0.002374
-0.002373
-0.002398
-0.002483
-0.002438
-0.002419
-0.002489
-0.002606
-0.002653
-0.002562
-0.002424
-0.002391
-0.002540
-0.002490
-0.002233
-0.001971
-0.001590
-0.001190
-0.000887
-0.000580
-0.000277
0.000009
0.000238
0.000374
0.000591
0.000809
0.000952
0.001234
0.001614
0.002038
0.002516
0.002801
0.002875
0.002994
0.003161
0.003326
0.003501
0.003629
0.003698
0.003790
0.003894
0.003936
0.003905
0.003769
0.003607
0.003480
0.003367
0.003254
0.003089
0.002845
0.002599
0.002416
0.002264
0.002116
0.001915
0.001586
0.001242
0.001127
0.001116
0.001031
0.000912
0.000764
0.000626
0.000599
0.000637
0.000562
0.000318
0.000052
-0.000003
0.000086
0.000172
0.000252
0.000362
0.000448
0.000502
0.000562
0.000584
0.000658
0.000704
0.000695
0.000813
0.000923
0.000960
0.001023
0.001161
0.001377
0.001498
0.001460
0.001453
0.001519
0.001525
0.001499
0.001483
0.001482
0.001499
0.001476
0.001437
0.001413
0.001389
0.001406
0.001398
0.001345
0.001329
0.001325
0.001315
0.001301
0.001282
0.001299
0.001337
0.001351
0.001301
0.001249
0.001297
0.001344
0.001338
0.001364
0.001427
0.001472
0.001502
0.001534
0.001531
0.001542
0.001603
0.001667
0.001701
0.001705
0.001710
0.001746
0.001799
0.001846
0.001898
0.001923
0.001937
0.001992
0.001991
0.001930
0.001876
0.001871
0.001918
0.001933
0.001907
0.001865
0.001861
0.001882
0.001840
0.001757
0.001712
0.001681
0.001642
0.001616
0.001575
0.001523
0.001457
0.001387
0.001342
0.001321
0.001302
0.001270
0.001221
0.001155
0.001096
0.001067
0.001059
0.001058
0.001055
0.001045
0.001006
0.000950
0.000925
0.000924
0.000928
0.000937
0.000926
0.000914
0.000906
0.000890
0.000886
0.000875
0.000857
0.000844
0.000837
0.000830
0.000827
0.000825
0.000805
0.000793
0.000790
0.000783
0.000774
0.000771
0.000767
0.000748
0.000731
0.000735
0.000733
0.000727
0.000735
0.000733
0.000740
0.000745
0.000739
0.000744
0.000749
0.000748
0.000753
0.000757
0.000747
0.000741
0.000738
0.000731
0.000725
0.000720
0.000717
0.000712
0.000706
0.000702
0.000697
0.000676
0.000662
0.000664
0.000655
0.000638
0.000627
0.000618
0.000596
0.000580
0.000577
0.000569
0.000560
0.000558
0.000551
0.000532
0.000519
0.000513
0.000504
0.000492
0.000482
0.000476
0.000468
0.000459
0.000450
0.000438
0.000429
0.000421
0.000413
0.000397
0.000383
0.000371
0.000360
0.000355
0.000346
0.000335
0.000327
0.000321
0.000314
0.000306
0.000298
0.000293
0.000286
0.000282
0.000278
0.000272
0.000266
0.000262
0.000258
0.000254
0.000249
0.000243
0.000239
0.000235
0.000229
0.000225
0.000222
0.000216
0.000211
0.000209
0.000204
0.000199
0.000195
0.000191
0.000187
0.000184
0.000179
0.000174
0.000172
0.000168
0.000163
0.000160
0.000156
0.000152
0.000149
0.000146
0.000141
0.000138
0.000136
0.000132
0.000128
0.000125
0.000122
0.000119
0.000116
0.000113
0.000110
0.000108
0.000105
0.000102
0.000100
0.000098
0.000095
0.000093
0.000091
0.000088
0.000086
0.000084
0.000082
0.000080
0.000078
0.000077
0.000075
0.000073
0.000071
0.000070
0.000068
0.000067
0.000065
0.000064
0.000063
0.000061
0.000060
0.000059
0.000058
0.000057
0.000056
