0.000021
0.000022
0.000023
0.000024
0.000025
0.000026
0.000027
0.000028
0.000029
0.000029
0.000029
0.000029
0.000029
0.000028
0.000027
0.000027
0.000027
0.000027
0.000027
0.000028
0.000027
0.000026
0.000024
0.000022
0.000021
0.000021
0.000021
0.000020
0.000015
0.000007
-0.000002
-0.000012
-0.000020
-0.000025
-0.000025
-0.000023
-0.000022
-0.000027
-0.000034
-0.000042
-0.000047
-0.000049
-0.000049
-0.000047
-0.000048
-0.000053
-0.000067
-0.000087
-0.000113
-0.000141
-0.000168
-0.000191
-0.000207
-0.000213
-0.000211
-0.000205
-0.000194
-0.000176
-0.000147
-0.000110
-0.000075
-0.000051
-0.000035
-0.000025
-0.000018
-0.000012
-0.000007
-0.000006
-0.000015
-0.000038
-0.000075
-0.000117
-0.000158
-0.000193
-0.000223
-0.000258
-0.000302
-0.000339
-0.000353
-0.000348
-0.000335
-0.000324
-0.000320
-0.000330
-0.000351
-0.000381
-0.000420
-0.000467
-0.000518
-0.000564
-0.000607
-0.000667
-0.000762
-0.000883
-0.001009
-0.001115
-0.001178
-0.001186
-0.001148
-0.001069
-0.000937
-0.000768
-0.000612
-0.000514
-0.000483
-0.000496
-0.000533
-0.000595
-0.000677
-0.000766
-0.000855
-0.000936
-0.000992
-0.001020
-0.001038
-0.001071
-0.001127
-0.001182
-0.001210
-0.001211
-0.001184
-0.001128
-0.001086
-0.001103
-0.001164
-0.001238
-0.001313
-0.001388
-0.001460
-0.001531
-0.001599
-0.001661
-0.001706
-0.001722
-0.001703
-0.001661
-0.001631
-0.001630
-0.001649
-0.001672
-0.001689
-0.001701
-0.001709
-0.001710
-0.001692
-0.001634
-0.001506
-0.001294
-0.001041
-0.000814
-0.000656
-0.000581
-0.000585
-0.000655
-0.000759
-0.000844
-0.000865
-0.000818
-0.000723
-0.000599
-0.000467
-0.000356
-0.000299
-0.000312
-0.000382
-0.000492
-0.000632
-0.000801
-0.001003
-0.001223
-0.001433
-0.001605
-0.001718
-0.001774
-0.001827
-0.001943
-0.002164
-0.002465
-0.002765
-0.002986
-0.003064
-0.002946
-0.002634
-0.002199
-0.001749
-0.001376
-0.001113
-0.000958
-0.000906
-0.000952
-0.001102
-0.001372
-0.001772
-0.002275
-0.002835
-0.003411
-0.003996
-0.004605
-0.005202
-0.005705
-0.006031
-0.006176
-0.006206
-0.006131
-0.005902
-0.005497
-0.004957
-0.004360
-0.003747
-0.003123
-0.002521
-0.001999
-0.001601
-0.001358
-0.001282
-0.001335
-0.001448
-0.001600
-0.001795
-0.002010
-0.002163
-0.002151
-0.001950
-0.001652
-0.001410
-0.001352
-0.001500
-0.001775
-0.002058
-0.002253
-0.002294
-0.002152
-0.001822
-0.001315
-0.000665
0.000074
0.000856
0.001656
0.002457
0.003234
0.003948
0.004553
0.005035
0.005412
0.005716
0.005960
0.006133
0.006193
0.006089
0.005813
0.005373
0.004740
0.003915
0.002978
0.002075
0.001363
0.000927
0.000787
0.000947
0.001414
0.002143
0.002995
0.003834
0.004618
0.005307
0.005794
0.005920
0.005605
0.004921
0.004032
0.003119
0.002319
0.001675
0.001128
0.000623
0.000152
-0.000272
-0.000623
-0.000873
-0.001027
-0.001106
-0.001114
-0.001087
-0.001118
-0.001302
-0.001665
-0.002150
-0.002654
-0.003091
-0.003425
-0.003651
-0.003743
-0.003665
-0.003411
-0.002998
-0.002466
-0.001889
-0.001326
-0.000759
-0.000152
0.000493
0.001154
0.001821
0.002497
0.003157
0.003726
0.004107
0.004206
0.003968
0.003389
0.002525
0.001501
0.000461
-0.000502
-0.001352
-0.002070
-0.002571
-0.002733
-0.002505
-0.001918
-0.001046
-0.000003
0.001081
0.002092
0.002969
0.003714
0.004330
0.004813
0.005202
0.005553
0.005904
0.006239
0.006514
0.006731
0.006886
0.006954
0.006931
0.006836
0.006680
0.006453
0.006150
0.005795
0.005433
0.005092
0.004792
0.004550
0.004384
0.004335
0.004484
0.004931
0.005725
0.006795
0.007955
0.008972
0.009650
0.009904
0.009781
0.009402
0.008886
0.008345
0.007897
0.007634
0.007613
0.007866
0.008349
0.008925
0.009418
0.009695
0.009747
0.009643
0.009430
0.009042
0.008358
0.007333
0.006035
0.004619
0.003242
0.002018
0.001008
0.000259
-0.000201
-0.000403
-0.000422
-0.000334
-0.000160
0.000122
0.000512
0.000980
0.001481
0.001953
0.002341
0.002612
0.002750
0.002743
0.002607
0.002387
0.002137
0.001916
0.001781
0.001750
0.001794
0.001861
0.001914
0.001961
0.002010
0.002057
0.002098
0.002124
0.002116
0.002067
0.001984
0.001879
0.001739
0.001534
0.001307
0.001190
0.001324
0.001797
0.002615
0.003748
0.005151
0.006765
0.008477
0.010130
0.011591
0.012746
0.013456
0.013594
0.013111
0.012053
0.010555
0.008818
0.007021
0.005238
0.003421
0.001506
-0.000442
-0.002326
-0.004138
-0.005849
-0.007369
-0.008638
-0.009617
-0.010267
-0.010601
-0.010705
-0.010671
-0.010530
-0.010260
-0.009846
-0.009304
-0.008654
-0.007941
-0.007264
-0.006671
-0.006123
-0.005532
-0.004828
-0.004004
-0.003117
-0.002265
-0.001543
-0.001042
-0.000853
-0.001004
-0.001431
-0.002020
-0.002644
-0.003191
-0.003608
-0.003905
-0.004086
-0.004156
-0.004163
-0.004182
-0.004287
-0.004524
-0.004908
-0.005433
-0.006100
-0.006897
-0.007717
-0.008397
-0.008805
-0.008908
-0.008755
-0.008392
-0.007828
-0.007059
-0.006065
-0.004823
-0.003344
-0.001684
0.000086
0.001904
0.003706
0.005364
0.006705
0.007591
0.007988
0.007982
0.007696
0.007232
0.006678
0.006110
0.005604
0.005230
0.005040
0.005046
0.005184
0.005317
0.005329
0.005148
0.004712
0.004010
0.003125
0.002177
0.001255
0.000399
-0.000330
-0.000809
-0.000955
-0.000758
-0.000251
0.000487
0.001330
0.002130
0.002751
0.003081
0.003064
0.002704
0.002069
0.001278
0.000458
-0.000307
-0.000992
-0.001637
-0.002283
-0.002886
-0.003345
-0.003581
-0.003591
-0.003446
-0.003231
-0.002998
-0.002755
-0.002508
-0.002269
-0.002025
-0.001785
-0.001600
-0.001578
-0.001816
-0.002293
-0.002918
-0.003594
-0.004241
-0.004811
-0.005299
-0.005697
-0.005972
-0.006112
-0.006135
-0.006056
-0.005900
-0.005704
-0.005497
-0.005318
-0.005227
-0.005294
-0.005569
-0.006042
-0.006664
-0.007397
-0.008130
-0.008698
-0.009040
-0.009163
-0.009034
-0.008650
-0.008072
-0.007370
-0.006659
-0.006114
-0.005865
-0.005939
-0.006278
-0.006763
-0.007246
-0.007574
-0.007628
-0.007361
-0.006795
-0.005991
-0.005032
-0.004007
-0.002991
-0.002020
-0.001099
-0.000229
0.000582
0.001324
0.001968
0.002482
0.002829
0.002977
0.002927
0.002692
0.002276
0.001723
0.001108
0.000485
-0.000097
-0.000582
-0.000909
-0.001032
-0.000940
-0.000627
-0.000079
0.000684
0.001581
0.002483
0.003269
0.003860
0.004225
0.004364
0.004299
0.004072
0.003746
0.003419
0.003176
0.003024
0.002915
0.002788
0.002500
0.001880
0.000850
-0.000558
-0.002234
-0.004003
-0.005684
-0.007162
-0.008367
-0.009240
-0.009755
-0.009917
-0.009781
-0.009421
-0.008890
-0.008200
-0.007356
-0.006397
-0.005413
-0.004520
-0.003764
-0.003121
-0.002564
-0.002128
-0.001897
-0.001885
-0.002033
-0.002271
-0.002502
-0.002601
-0.002488
-0.002179
-0.001774
-0.001387
-0.001100
-0.000995
-0.001126
-0.001448
-0.001805
-0.001994
-0.001887
-0.001434
-0.000595
0.000619
0.002097
0.003648
0.005081
0.006294
0.007248
0.007920
0.008333
0.008541
0.008596
0.008613
0.008776
0.009184
0.009851
0.010778
0.011897
0.013036
0.014003
0.014663
0.014959
0.014863
0.014360
0.013505
0.012398
0.011140
0.009832
0.008576
0.007411
0.006312
0.005226
0.004109
0.002951
0.001780
0.000658
-0.000326
-0.001103
-0.001671
-0.002072
-0.002358
-0.002552
-0.002622
-0.002502
-0.002124
-0.001484
-0.000696
0.000119
0.000936
0.001788
0.002726
0.003798
0.005017
0.006345
0.007676
0.008866
0.009843
0.010633
0.011285
0.011791
0.012040
0.011893
0.011277
0.010216
0.008814
0.007195
0.005479
0.003799
0.002244
0.000822
-0.000470
-0.001608
-0.002554
-0.003293
-0.003852
-0.004255
-0.004494
-0.004516
-0.004266
-0.003746
-0.003052
-0.002376
-0.001891
-0.001687
-0.001803
-0.002238
-0.002932
-0.003732
-0.004401
-0.004755
-0.004721
-0.004302
-0.003530
-0.002434
-0.001062
0.000501
0.002181
0.003925
0.005648
0.007232
0.008574
0.009642
0.010491
0.011166
0.011668
0.011967
0.012031
0.011862
0.011502
0.011022
0.010483
0.009921
0.009416
0.009071
0.008970
0.009201
0.009844
0.010891
0.012222
0.013650
0.015006
0.016192
0.017147
0.017811
0.018098
0.017942
0.017364
0.016436
0.015211
0.013775
0.012261
0.010792
0.009448
0.008285
0.007337
0.006632
0.006176
0.005937
0.005881
0.005980
0.006186
0.006412
0.006550
0.006539
0.006366
0.006060
0.005676
0.005263
0.004836
0.004377
0.003892
0.003422
0.002968
0.002518
0.002114
0.001803
0.001579
0.001442
0.001405
0.001411
0.001366
0.001250
0.001089
0.000893
0.000715
0.000633
0.000623
0.000583
0.000444
0.000202
-0.000103
-0.000500
-0.001115
-0.002040
-0.003262
-0.004694
-0.006212
-0.007686
-0.009007
-0.010106
-0.010973
-0.011636
-0.012092
-0.012305
-0.012227
-0.011804
-0.010979
-0.009658
-0.007791
-0.005548
-0.003213
-0.000982
0.001014
0.002637
0.003770
0.004355
0.004398
0.003973
0.003220
0.002273
0.001200
0.000091
-0.000913
-0.001702
-0.002212
-0.002399
-0.002249
-0.001807
-0.001224
-0.000705
-0.000370
-0.000235
-0.000290
-0.000552
-0.001097
-0.002072
-0.003637
-0.005848
-0.008618
-0.011750
-0.014987
-0.018063
-0.020721
-0.022735
-0.023892
-0.024030
-0.023137
-0.021375
-0.019016
-0.016268
-0.013189
-0.009868
-0.006508
-0.003315
-0.000388
0.002348
0.005054
0.007847
0.010786
0.013856
0.016847
0.019433
0.021366
0.022527
0.022892
0.022502
0.021436
0.019783
0.017625
0.014999
0.011914
0.008412
0.004611
0.000681
-0.003216
-0.006897
-0.010129
-0.012758
-0.014754
-0.016055
-0.016549
-0.016180
-0.015001
-0.013173
-0.010894
-0.008365
-0.005764
-0.003231
-0.000872
0.001247
0.003098
0.004655
0.005899
0.006860
0.007581
0.008081
0.008376
0.008518
0.008588
0.008667
0.008824
0.009124
0.009626
0.010322
0.011121
0.011891
0.012547
0.013071
0.013463
0.013715
0.013811
0.013732
0.013469
0.013057
0.012556
0.012009
0.011470
0.011029
0.010713
0.010457
0.010181
0.009859
0.009552
0.009323
0.009197
0.009236
0.009546
0.010184
0.011124
0.012264
0.013478
0.014653
0.015685
0.016480
0.016965
0.017111
0.016936
0.016446
0.015637
0.014552
0.013282
0.011906
0.010456
0.008959
0.007510
0.006238
0.005216
0.004473
0.004022
0.003888
0.004057
0.004459
0.005019
0.005705
0.006520
0.007453
0.008446
0.009414
0.010312
0.011118
0.011805
0.012317
0.012556
0.012389
0.011700
0.010425
0.008573
0.006220
0.003461
0.000419
-0.002757
-0.005923
-0.008947
-0.011680
-0.013976
-0.015750
-0.017080
-0.018193
-0.019262
-0.020381
-0.021632
-0.023019
-0.024450
-0.025882
-0.027347
-0.028902
-0.030516
-0.032025
-0.033182
-0.033716
-0.033380
-0.032016
-0.029616
-0.026328
-0.022442
-0.018348
-0.014400
-0.010783
-0.007562
-0.004750
-0.002346
-0.000326
0.001370
0.002907
0.004512
0.006285
0.008188
0.010122
0.011960
0.013559
0.014713
0.015225
0.015034
0.014195
0.012835
0.011167
0.009437
0.007830
0.006487
0.005530
0.005083
0.005216
0.005883
0.006922
0.008083
0.009090
0.009731
0.009915
0.009658
0.009065
0.008293
0.007480
0.006666
0.005857
0.005131
0.004602
0.004358
0.004389
0.004566
0.004677
0.004555
0.004164
0.003528
0.002718
0.001913
0.001340
0.001186
0.001575
0.002582
0.004228
0.006450
0.009110
0.012019
0.014930
0.017504
0.019362
0.020180
0.019770
0.018096
0.015222
0.011295
0.006567
0.001390
-0.003837
-0.008694
-0.012846
-0.016185
-0.018773
-0.020720
-0.022155
-0.023188
-0.023892
-0.024332
-0.024601
-0.024795
-0.024974
-0.025129
-0.025230
-0.025287
-0.025248
-0.024954
-0.024267
-0.023129
-0.021506
-0.019409
-0.016925
-0.014156
-0.011181
-0.008035
-0.004753
-0.001447
0.001699
0.004487
0.006798
0.008586
0.009810
0.010461
0.010607
0.010321
0.009674
0.008727
0.007542
0.006193
0.004774
0.003390
0.002229
0.001524
0.001453
0.001970
0.002791
0.003643
0.004396
0.005034
0.005588
0.006103
0.006677
0.007412
0.008179
0.008680
0.008685
0.008150
0.007222
0.006115
0.005026
0.004116
0.003477
0.003107
0.002956
0.002969
0.003131
0.003467
0.004005
0.004776
0.005785
0.006899
0.007908
0.008689
0.009207
0.009471
0.009509
0.009337
0.008842
0.007832
0.006205
0.004018
0.001463
-0.001208
-0.003728
-0.005834
-0.007361
-0.008301
-0.008741
-0.008799
-0.008610
-0.008351
-0.008267
-0.008577
-0.009402
-0.010738
-0.012483
-0.014507
-0.016700
-0.018979
-0.021135
-0.022796
-0.023567
-0.023161
-0.021446
-0.018477
-0.014497
-0.009901
-0.005094
-0.000343
0.004232
0.008587
0.012590
0.016027
0.018712
0.020486
0.021249
0.021079
0.020252
0.019129
0.018082
0.017426
0.017382
0.018051
0.019384
0.021244
0.023499
0.026008
0.028589
0.031037
0.033170
0.034862
0.035990
0.036379
0.035879
0.034468
0.032276
0.029538
0.026536
0.023527
0.020683
0.018114
0.015903
0.014110
0.012750
0.011810
0.011337
0.011481
0.012425
0.014218
0.016643
0.019326
0.021907
0.024144
0.025948
0.027396
0.028606
0.029611
0.030409
0.031048
0.031645
0.032331
0.033199
0.034298
0.035649
0.037222
0.038918
0.040580
0.042022
0.043071
0.043602
0.043560
0.042913
0.041678
0.039969
0.037967
0.035887
0.033952
0.032348
0.031151
0.030319
0.029726
0.029259
0.028854
0.028451
0.027964
0.027285
0.026339
0.025123
0.023597
0.021690
0.019399
0.016831
0.014167
0.011549
0.009028
0.006576
0.004156
0.001797
-0.000432
-0.002468
-0.004210
-0.005596
-0.006727
-0.007807
-0.009013
-0.010389
-0.011854
-0.013310
-0.014669
-0.015837
-0.016701
-0.017184
-0.017300
-0.017124
-0.016726
-0.016228
-0.015781
-0.015432
-0.015105
-0.014699
-0.014153
-0.013443
-0.012502
-0.011240
-0.009640
-0.007732
-0.005521
-0.003031
-0.000354
0.002320
0.004749
0.006701
0.007973
0.008462
0.008320
0.007882
0.007487
0.007378
0.007673
0.008342
0.009281
0.010429
0.011743
0.013131
0.014386
0.015261
0.015629
0.015526
0.015130
0.014741
0.014769
0.015689
0.017806
0.021053
0.025135
0.029682
0.034328
0.038719
0.042547
0.045567
0.047604
0.048516
0.048253
0.046896
0.044527
0.041202
0.037027
0.032237
0.027205
0.022144
0.016934
0.011241
0.004732
-0.002777
-0.011356
-0.021073
-0.031992
-0.044092
-0.057174
-0.070861
-0.084700
-0.098310
-0.111454
-0.123926
-0.135533
-0.146184
-0.155828
-0.164434
-0.172022
-0.178678
-0.184459
-0.189396
-0.193521
-0.196867
-0.199514
-0.201656
-0.203569
-0.205521
-0.207714
-0.210210
-0.212859
-0.215340
-0.217268
-0.218261
-0.218032
-0.216470
-0.213688
-0.209966
-0.205606
-0.200840
-0.195911
-0.191088
-0.186516
-0.182170
-0.177877
-0.173485
-0.168984
-0.164436
-0.159925
-0.155516
-0.151140
-0.146580
-0.141624
-0.136158
-0.130250
-0.124070
-0.117788
-0.111586
-0.105634
-0.100014
-0.094692
-0.089575
-0.084740
-0.080470
-0.077089
-0.074794
-0.073564
-0.073261
-0.073737
-0.074870
-0.076582
-0.078884
-0.081805
-0.085283
-0.089144
-0.093118
-0.096845
-0.099985
-0.102343
-0.103894
-0.104738
-0.104938
-0.104474
-0.103324
-0.101460
-0.098796
-0.095174
-0.090458
-0.084672
-0.078055
-0.070969
-0.063737
-0.056538
-0.049458
-0.042618
-0.036263
-0.030698
-0.026116
-0.022504
-0.019717
-0.017621
-0.016101
-0.015063
-0.014443
-0.014229
-0.014426
-0.015068
-0.016239
-0.018088
-0.020792
-0.024472
-0.029104
-0.034476
-0.040294
-0.046309
-0.052311
-0.058126
-0.063623
-0.068699
-0.073266
-0.077238
-0.080527
-0.083050
-0.084768
-0.085732
-0.086060
-0.085892
-0.085365
-0.084602
-0.083699
-0.082641
-0.081254
-0.079357
-0.076896
-0.074011
-0.070888
-0.067587
-0.064054
-0.060215
-0.056081
-0.051652
-0.046755
-0.040984
-0.033830
-0.024881
-0.014021
-0.001462
0.012525
0.027729
0.043668
0.059616
0.075039
0.089680
0.103441
0.116379
0.128682
0.140373
0.151350
0.161635
0.171366
0.180690
0.189862
0.199220
0.209008
0.219281
0.229929
0.240773
0.251656
0.262463
0.273087
0.283399
0.293227
0.302353
0.310494
0.317324
0.322488
0.325793
0.327390
0.327574
0.326586
0.324540
0.321541
0.317809
0.313599
0.309086
0.304168
0.298474
0.291650
0.283589
0.274509
0.264795
0.254814
0.244791
0.234777
0.224722
0.214673
0.204805
0.195106
0.185324
0.175073
0.164005
0.151976
0.139007
0.125189
0.110524
0.095014
0.078876
0.062459
0.046101
0.030130
0.014881
0.000682
-0.012100
-0.023104
-0.032046
-0.038811
-0.043436
-0.046049
-0.046822
-0.045879
-0.043275
-0.038893
-0.032593
-0.024498
-0.014722
-0.003151
0.010218
0.025110
0.041099
0.057699
0.074435
0.091025
0.107453
0.123808
0.140127
0.156282
0.172003
0.186956
0.200777
0.213134
0.223801
0.232726
0.240052
0.245972
0.250607
0.253836
0.255335
0.254771
0.251906
0.246695
0.239463
0.230736
0.220776
0.209613
0.197319
0.184098
0.170234
0.156038
0.141863
0.128122
0.115185
0.103242
0.092341
0.082449
0.073466
0.065194
0.057326
0.049571
0.041790
0.033978
0.026091
0.017803
0.008678
-0.001507
-0.012656
-0.024425
-0.036416
-0.048280
-0.059666
-0.070195
-0.079532
-0.087514
-0.094159
-0.099611
-0.104047
-0.107657
-0.110610
-0.113069
-0.115186
-0.117142
-0.119193
-0.121572
-0.124403
-0.127750
-0.131641
-0.136023
-0.140750
-0.145644
-0.150603
-0.155617
-0.160600
-0.165410
-0.169946
-0.174129
-0.177878
-0.181127
-0.183861
-0.186159
-0.188127
-0.189801
-0.191170
-0.192220
-0.192932
-0.193279
-0.193205
-0.192678
-0.191714
-0.190321
-0.188502
-0.186304
-0.183926
-0.181724
-0.180088
-0.179258
-0.179172
-0.179509
-0.179838
-0.179708
-0.178691
-0.175990
-0.170661
-0.162239
-0.150824
-0.136932
-0.121400
-0.105253
-0.089451
-0.074760
-0.061743
-0.050920
-0.042787
-0.037685
-0.035653
-0.036345
-0.039236
-0.043823
-0.049602
-0.056054
-0.062647
-0.068934
-0.074677
-0.079791
-0.084268
-0.088192
-0.091834
-0.095645
-0.099986
-0.104961
-0.110602
-0.116945
-0.123852
-0.131116
-0.138646
-0.146453
-0.154599
-0.163058
-0.171671
-0.180166
-0.188202
-0.195477
-0.201710
-0.206615
-0.209691
-0.209946
-0.206038
-0.196972
-0.182578
-0.163469
-0.140800
-0.115934
-0.089988
-0.063498
-0.036666
-0.009637
0.017354
0.043955
0.069726
0.094165
0.116783
0.137236
0.155417
0.171495
0.185861
0.199028
0.211427
0.223350
0.235070
0.246878
0.259039
0.271645
0.284559
0.297476
0.309970
0.321594
0.332003
0.341026
0.348595
0.354720
0.359450
0.362790
0.364667
0.364728
0.362375
0.356857
0.347209
0.332310
0.311174
0.283291
0.248654
0.207699
0.161192
0.110302
0.056592
0.001977
-0.051450
-0.101673
-0.147010
-0.186387
-0.219338
-0.245994
-0.267009
-0.283446
-0.296569
-0.307495
-0.316993
-0.325517
-0.333325
-0.340669
-0.347725
-0.354532
-0.360920
-0.366580
-0.371113
-0.374050
-0.374943
-0.373413
-0.369148
-0.361832
-0.351189
-0.337125
-0.319904
-0.300088
-0.278169
-0.254569
-0.229898
-0.204846
-0.180028
-0.156045
-0.133534
-0.113106
-0.095223
-0.080099
-0.067846
-0.058570
-0.052411
-0.049411
-0.049348
-0.051779
-0.056124
-0.061760
-0.068145
-0.074870
-0.081587
-0.087954
-0.093634
-0.098391
-0.102174
-0.104866
-0.106194
-0.105872
-0.103722
-0.099733
-0.094090
-0.087143
-0.079272
-0.070854
-0.062305
-0.053956
-0.045957
-0.038373
-0.031270
-0.024695
-0.018639
-0.013018
-0.007547
-0.001878
0.004129
0.010426
0.016911
0.023525
0.030237
0.037016
0.043816
0.050595
0.057241
0.063576
0.069366
0.074420
0.078672
0.082134
0.084803
0.086530
0.087086
0.086366
0.084394
0.081269
0.077017
0.071629
0.065287
0.058276
0.050814
0.043074
0.035207
0.027311
0.019477
0.011844
0.004568
-0.002224
-0.008466
-0.014123
-0.019150
-0.023561
-0.027441
-0.030835
-0.033704
-0.035925
-0.037340
-0.037805
-0.037223
-0.035484
-0.032428
-0.027894
-0.021821
-0.014222
-0.005202
0.005006
0.016185
0.028243
0.040973
0.053977
0.066787
0.078938
0.090036
0.099872
0.108408
0.115609
0.121399
0.125743
0.128737
0.130616
0.131676
0.132193
0.132367
0.132289
0.131961
0.131318
0.130233
0.128529
0.126018
0.122572
0.118191
0.112952
0.106908
0.100292
0.093479
0.086623
0.079749
0.073056
0.066818
0.061236
0.056407
0.052311
0.048814
0.045789
0.043213
0.041205
0.039922
0.039420
0.039729
0.040920
0.042918
0.045492
0.048417
0.051516
0.054644
0.057672
0.060481
0.062959
0.065006
0.066552
0.067577
0.068162
0.068500
0.068785
0.069102
0.069427
0.069702
0.069902
0.070055
0.070221
0.070514
0.071067
0.071955
0.073184
0.074744
0.076661
0.078959
0.081583
0.084377
0.087130
0.089656
0.091819
0.093515
0.094667
0.095216
0.095100
0.094276
0.092668
0.090182
0.086726
0.082181
0.076439
0.069551
0.061706
0.053041
0.043710
0.034004
0.024204
0.014524
0.005222
-0.003411
-0.011133
-0.017753
-0.023109
-0.027068
-0.029563
-0.030646
-0.030467
-0.029244
-0.027221
-0.024590
-0.021415
-0.017705
-0.013494
-0.008831
-0.003769
0.001621
0.007269
0.013124
0.019129
0.025225
0.031389
0.037590
0.043745
0.049741
0.055462
0.060773
0.065541
0.069679
0.073137
0.075917
0.078136
0.079984
0.081619
0.083089
0.084308
0.085053
0.085057
0.084159
0.082308
0.079533
0.075819
0.071114
0.065427
0.058862
0.051567
0.043675
0.035324
0.026683
0.017913
0.009137
0.000495
-0.007848
-0.015720
-0.023009
-0.029722
-0.035869
-0.041426
-0.046376
-0.050659
-0.054135
-0.056659
-0.058142
-0.058554
-0.057892
-0.056134
-0.053238
-0.049169
-0.043983
-0.037870
-0.031116
-0.023952
-0.016435
-0.008583
-0.000459
0.007841
0.016174
0.024323
0.032046
0.039126
0.045385
0.050702
0.055012
0.058148
0.059827
0.059858
0.058239
0.055165
0.050920
0.045755
0.039709
0.032650
0.024490
0.015319
0.005461
-0.004572
-0.014245
-0.023215
-0.031332
-0.038558
-0.044979
-0.050761
-0.055958
-0.060488
-0.064222
-0.067104
-0.069196
-0.070622
-0.071547
-0.072161
-0.072606
-0.072909
-0.072949
-0.072528
-0.071487
-0.069701
-0.067069
-0.063574
-0.059274
-0.054183
-0.048261
-0.041484
-0.033902
-0.025649
-0.016912
-0.007923
0.001066
0.009814
0.018126
0.025958
0.033360
0.040378
0.047034
0.053337
0.059230
0.064631
0.069517
0.073890
0.077733
0.081074
0.083962
0.086368
0.088171
0.089222
0.089369
0.088482
0.086459
0.083219
0.078730
0.073005
0.066108
0.058100
0.049101
0.039398
0.029384
0.019445
0.009883
0.000935
-0.007159
-0.014241
-0.020335
-0.025562
-0.030053
-0.033919
-0.037219
-0.039964
-0.042157
-0.043830
-0.045039
-0.045831
-0.046197
-0.046067
-0.045358
-0.044051
-0.042184
-0.039773
-0.036858
-0.033550
-0.029916
-0.025983
-0.021881
-0.017829
-0.014037
-0.010764
-0.008263
-0.006642
-0.005872
-0.005840
-0.006396
-0.007394
-0.008678
-0.010121
-0.011661
-0.013203
-0.014578
-0.015541
-0.015868
-0.015479
-0.014415
-0.012786
-0.010695
-0.008224
-0.005426
-0.002404
0.000668
0.003642
0.006437
0.009015
0.011382
0.013579
0.015678
0.017761
0.019889
0.022130
0.024565
0.027284
0.030315
0.033568
0.036928
0.040315
0.043668
0.046889
0.049809
0.052286
0.054248
0.055554
0.056024
0.055580
0.054248
0.052142
0.049410
0.046202
0.042662
0.038882
0.034917
0.030839
0.026783
0.022939
0.019454
0.016368
0.013664
0.011311
0.009272
0.007455
0.005718
0.003912
0.001940
-0.000226
-0.002592
-0.005147
-0.007795
-0.010341
-0.012559
-0.014321
-0.015629
-0.016466
-0.016810
-0.016769
-0.016516
-0.016210
-0.015932
-0.015717
-0.015602
-0.015653
-0.015961
-0.016584
-0.017486
-0.018517
-0.019398
-0.019786
-0.019382
-0.017971
-0.015409
-0.011636
-0.006728
-0.000955
0.005302
0.011728
0.018139
0.024471
0.030689
0.036742
0.042562
0.048045
0.053075
0.057666
0.061959
0.066082
0.070085
0.073974
0.077798
0.081641
0.085563
0.089595
0.093735
0.097926
0.102073
0.106079
0.109832
0.113199
0.116066
0.118348
0.119941
0.120707
0.120510
0.119173
0.116538
0.112533
0.107166
0.100508
0.092704
0.083979
0.074592
0.064859
0.055200
0.046032
0.037670
0.030312
0.024066
0.018961
0.014995
0.012118
0.010163
0.008875
0.008013
0.007397
0.006920
0.006542
0.006244
0.005959
0.005635
0.005288
0.005043
0.005066
0.005454
0.006216
0.007326
0.008822
0.010766
0.013085
0.015635
0.018314
0.021100
0.023987
0.026883
0.029629
0.032078
0.034123
0.035705
0.036809
0.037446
0.037633
0.037412
0.036822
0.035809
0.034280
0.032221
0.029710
0.026878
0.023849
0.020729
0.017617
0.014578
0.011632
0.008790
0.006076
0.003521
0.001218
-0.000661
-0.001915
-0.002422
-0.002185
-0.001222
0.000465
0.002818
0.005712
0.009020
0.012578
0.016170
0.019581
0.022617
0.025040
0.026628
0.027264
0.027018
0.026079
0.024611
0.022768
0.020731
0.018684
0.016794
0.015236
0.014184
0.013739
0.013855
0.014333
0.015041
0.015955
0.017067
0.018331
0.019647
0.020936
0.022183
0.023339
0.024353
0.025278
0.026148
0.026852
0.027290
0.027489
0.027494
0.027360
0.027191
0.027080
0.027036
0.026977
0.026797
0.026462
0.025982
0.025303
0.024330
0.023001
0.021330
0.019384
0.017223
0.014888
0.012429
0.009843
0.007052
0.004021
0.000826
-0.002465
-0.005819
-0.009201
-0.012580
-0.015935
-0.019154
-0.022044
-0.024466
-0.026362
-0.027698
-0.028434
-0.028515
-0.027890
-0.026547
-0.024581
-0.022183
-0.019555
-0.016834
-0.014064
-0.011323
-0.008762
-0.006502
-0.004571
-0.002899
-0.001366
0.000145
0.001719
0.003406
0.005170
0.006914
0.008557
0.010055
0.011408
0.012679
0.013959
0.015210
0.016327
0.017312
0.018277
0.019374
0.020735
0.022428
0.024415
0.026565
0.028690
0.030592
0.032108
0.033100
0.033463
0.033178
0.032291
0.030866
0.028964
0.026648
0.023974
0.021015
0.017896
0.014754
0.011670
0.008691
0.005862
0.003190
0.000659
-0.001712
-0.003864
-0.005729
-0.007226
-0.008278
-0.008866
-0.009052
-0.008980
-0.008811
-0.008638
-0.008508
-0.008452
-0.008478
-0.008580
-0.008752
-0.008990
-0.009275
-0.009578
-0.009870
-0.010172
-0.010511
-0.010842
-0.011095
-0.011268
-0.011463
-0.011826
-0.012446
-0.013334
-0.014453
-0.015731
-0.017066
-0.018350
-0.019507
-0.020535
-0.021481
-0.022387
-0.023301
-0.024288
-0.025333
-0.026343
-0.027254
-0.028064
-0.028824
-0.029577
-0.030318
-0.031005
-0.031599
-0.032114
-0.032593
-0.033068
-0.033557
-0.034091
-0.034728
-0.035524
-0.036479
-0.037571
-0.038784
-0.040081
-0.041394
-0.042634
-0.043721
-0.044637
-0.045407
-0.046052
-0.046547
-0.046855
-0.046989
-0.046994
-0.046849
-0.046498
-0.045904
-0.045074
-0.044044
-0.042821
-0.041384
-0.039710
-0.037809
-0.035742
-0.033660
-0.031769
-0.030222
-0.029073
-0.028291
-0.027851
-0.027783
-0.028095
-0.028733
-0.029615
-0.030642
-0.031721
-0.032788
-0.033816
-0.034768
-0.035594
-0.036294
-0.036884
-0.037361
-0.037732
-0.038038
-0.038332
-0.038649
-0.038980
-0.039295
-0.039586
-0.039862
-0.040159
-0.040539
-0.041073
-0.041825
-0.042811
-0.043975
-0.045217
-0.046447
-0.047616
-0.048748
-0.049914
-0.051138
-0.052382
-0.053615
-0.054831
-0.056031
-0.057221
-0.058370
-0.059378
-0.060108
-0.060469
-0.060429
-0.060002
-0.059196
-0.058010
-0.056482
-0.054635
-0.052433
-0.049913
-0.047228
-0.044558
-0.042026
-0.039659
-0.037436
-0.035349
-0.033444
-0.031808
-0.030510
-0.029576
-0.028985
-0.028677
-0.028587
-0.028671
-0.028893
-0.029170
-0.029346
-0.029247
-0.028816
-0.028126
-0.027323
-0.026585
-0.026081
-0.025861
-0.025868
-0.026050
-0.026390
-0.026888
-0.027511
-0.028185
-0.028851
-0.029452
-0.029884
-0.030001
-0.029670
-0.028827
-0.027459
-0.025507
-0.022921
-0.019727
-0.016024
-0.011957
-0.007722
-0.003482
0.000744
0.005003
0.009295
0.013558
0.017696
0.021607
0.025194
0.028373
0.031126
0.033484
0.035412
0.036859
0.037850
0.038393
0.038425
0.037926
0.036966
0.035679
0.034179
0.032528
0.030733
0.028765
0.026574
0.024108
0.021329
0.018255
0.014949
0.011378
0.007467
0.003261
-0.001102
-0.005505
-0.009876
-0.014184
-0.018406
-0.022501
-0.026403
-0.030047
-0.033368
-0.036262
-0.038614
-0.040392
-0.041635
-0.042418
-0.042829
-0.042949
-0.042811
-0.042438
-0.041876
-0.041170
-0.040333
-0.039353
-0.038211
-0.036907
-0.035495
-0.034078
-0.032752
-0.031608
-0.030767
-0.030336
-0.030349
-0.030776
-0.031548
-0.032558
-0.033715
-0.034984
-0.036390
-0.037980
-0.039715
-0.041497
-0.043236
-0.044884
-0.046417
-0.047692
-0.048480
-0.048656
-0.048200
-0.047140
-0.045578
-0.043708
-0.041744
-0.039835
-0.038022
-0.036292
-0.034635
-0.033064
-0.031599
-0.030240
-0.028971
-0.027778
-0.026692
-0.025781
-0.025113
-0.024738
-0.024683
-0.024960
-0.025567
-0.026433
-0.027442
-0.028513
-0.029595
-0.030635
-0.031628
-0.032614
-0.033571
-0.034463
-0.035356
-0.036378
-0.037632
-0.039160
-0.040940
-0.042912
-0.045035
-0.047300
-0.049634
-0.051874
-0.053853
-0.055499
-0.056863
-0.058017
-0.058990
-0.059824
-0.060574
-0.061259
-0.061896
-0.062533
-0.063213
-0.063944
-0.064692
-0.065370
-0.065848
-0.066064
-0.066049
-0.065817
-0.065364
-0.064741
-0.064025
-0.063274
-0.062474
-0.061568
-0.060532
-0.059373
-0.058108
-0.056733
-0.055238
-0.053636
-0.051945
-0.050146
-0.048215
-0.046172
-0.044036
-0.041783
-0.039358
-0.036708
-0.033821
-0.030693
-0.027322
-0.023746
-0.020050
-0.016315
-0.012666
-0.009273
-0.006172
-0.003240
-0.000377
0.002449
0.005235
0.007941
0.010492
0.012800
0.014808
0.016546
0.018063
0.019351
0.020386
0.021167
0.021725
0.022114
0.022377
0.022563
0.022723
0.022880
0.023037
0.023227
0.023479
0.023764
0.024009
0.024137
0.024089
0.023819
0.023280
0.022415
0.021159
0.019405
0.017023
0.013996
0.010381
0.006225
0.001566
-0.003527
-0.008954
-0.014598
-0.020301
-0.025879
-0.031159
-0.035988
-0.040267
-0.044019
-0.047340
-0.050302
-0.052887
-0.055027
-0.056712
-0.057972
-0.058785
-0.059094
-0.058850
-0.058077
-0.056885
-0.055438
-0.053867
-0.052198
-0.050419
-0.048534
-0.046514
-0.044329
-0.042016
-0.039649
-0.037297
-0.035030
-0.032918
-0.030975
-0.029192
-0.027610
-0.026275
-0.025179
-0.024289
-0.023565
-0.022940
-0.022376
-0.021903
-0.021602
-0.021560
-0.021797
-0.022280
-0.023012
-0.023990
-0.025158
-0.026450
-0.027807
-0.029156
-0.030418
-0.031519
-0.032349
-0.032752
-0.032656
-0.032106
-0.031184
-0.029919
-0.028271
-0.026273
-0.024046
-0.021674
-0.019200
-0.016705
-0.014258
-0.011864
-0.009509
-0.007197
-0.004896
-0.002590
-0.000344
0.001761
0.003686
0.005409
0.006888
0.008051
0.008819
0.009153
0.009028
0.008443
0.007472
0.006216
0.004732
0.003046
0.001186
-0.000804
-0.002838
-0.004818
-0.006662
-0.008297
-0.009605
-0.010436
-0.010704
-0.010397
-0.009541
-0.008202
-0.006482
-0.004450
-0.002145
0.000358
0.002983
0.005683
0.008393
0.011001
0.013441
0.015738
0.017994
0.020301
0.022682
0.025098
0.027486
0.029809
0.032044
0.034137
0.035966
0.037365
0.038210
0.038454
0.038108
0.037210
0.035813
0.034042
0.032108
0.030198
0.028396
0.026658
0.024885
0.023012
0.020997
0.018788
0.016311
0.013523
0.010463
0.007201
0.003789
0.000312
-0.003090
-0.006235
-0.009028
-0.011535
-0.013857
-0.016050
-0.018152
-0.020177
-0.022094
-0.023848
-0.025408
-0.026789
-0.028026
-0.029124
-0.030070
-0.030878
-0.031596
-0.032266
-0.032848
-0.033270
-0.033493
-0.033508
-0.033302
-0.032842
-0.032118
-0.031163
-0.030005
-0.028630
-0.027012
-0.025169
-0.023175
-0.021125
-0.019066
-0.017008
-0.014943
-0.012861
-0.010741
-0.008540
-0.006231
-0.003835
-0.001390
0.001084
0.003597
0.006161
0.008765
0.011400
0.014083
0.016804
0.019494
0.022056
0.024413
0.026543
0.028416
0.029975
0.031200
0.032116
0.032761
0.033212
0.033608
0.034102
0.034805
0.035754
0.036937
0.038328
0.039862
0.041427
0.042921
0.044265
0.045414
0.046410
0.047377
0.048432
0.049617
0.050860
0.052026
0.052981
0.053629
0.053927
0.053887
0.053570
0.053074
0.052497
0.051915
0.051383
0.050944
0.050656
0.050558
0.050629
0.050826
0.051116
0.051497
0.052006
0.052722
0.053664
0.054758
0.055909
0.057052
0.058141
0.059145
0.060055
0.060916
0.061807
0.062778
0.063812
0.064804
0.065624
0.066186
0.066437
0.066349
0.065915
0.065135
0.064023
0.062604
0.060921
0.059008
0.056867
0.054485
0.051838
0.048897
0.045675
0.042234
0.038619
0.034844
0.030934
0.026981
0.023139
0.019576
0.016436
0.013809
0.011707
0.010044
0.008727
0.007699
0.006921
0.006388
0.006168
0.006319
0.006823
0.007648
0.008769
0.010133
0.011678
0.013373
0.015214
0.017221
0.019432
0.021854
0.024419
0.027011
0.029516
0.031829
0.033869
0.035607
0.037079
0.038375
0.039533
0.040512
0.041270
0.041789
0.042050
0.042015
0.041629
0.040810
0.039522
0.037866
0.035989
0.033986
0.031941
0.029979
0.028225
0.026825
0.025971
0.025799
0.026276
0.027206
0.028330
0.029441
0.030427
0.031255
0.031930
0.032473
0.032951
0.033477
0.034149
0.034978
0.035870
0.036770
0.037699
0.038674
0.039686
0.040709
0.041722
0.042712
0.043652
0.044476
0.045089
0.045441
0.045577
0.045580
0.045541
0.045564
0.045721
0.046019
0.046455
0.047047
0.047752
0.048427
0.048908
0.049116
0.049117
0.049012
0.048876
0.048772
0.048745
0.048789
0.048877
0.048998
0.049187
0.049519
0.050026
0.050684
0.051425
0.052134
0.052649
0.052836
0.052614
0.051965
0.050970
0.049771
0.048410
0.046804
0.044824
0.042298
0.039017
0.034841
0.029763
0.023849
0.017180
0.009805
0.001808
-0.006642
-0.015308
-0.023918
-0.032168
-0.039808
-0.046717
-0.052885
-0.058362
-0.063210
-0.067489
-0.071262
-0.074523
-0.077203
-0.079302
-0.080924
-0.082218
-0.083318
-0.084297
-0.085183
-0.085957
-0.086544
-0.086803
-0.086559
-0.085648
-0.083963
-0.081410
-0.077901
-0.073444
-0.068126
-0.062056
-0.055341
-0.048100
-0.040488
-0.032670
-0.024772
-0.016919
-0.009265
-0.001988
0.004741
0.010809
0.016158
0.020758
0.024560
0.027488
0.029477
0.030497
0.030580
0.029849
0.028505
0.026696
0.024497
0.021987
0.019263
0.016419
0.013481
0.010423
0.007257
0.004032
0.000801
-0.002352
-0.005311
-0.007973
-0.010243
-0.012031
-0.013234
-0.013740
-0.013428
-0.012196
-0.010007
-0.006946
-0.003233
0.000930
0.005413
0.010073
0.014761
0.019371
0.023837
0.028135
0.032285
0.036303
0.040157
0.043796
0.047175
0.050287
0.053156
0.055802
0.058214
0.060372
0.062349
0.064278
0.066240
0.068263
0.070358
0.072434
0.074286
0.075637
0.076241
0.075983
0.074852
0.072886
0.070141
0.066729
0.062848
0.058681
0.054339
0.049888
0.045387
0.040941
0.036785
0.033247
0.030496
0.028530
0.027341
0.026916
0.027179
0.027954
0.028982
0.030026
0.030923
0.031573
0.031897
0.031842
0.031423
0.030710
0.029770
0.028626
0.027234
0.025472
0.023241
0.020586
0.017558
0.014102
0.010225
0.006056
0.001722
-0.002661
-0.006961
-0.011050
-0.014841
-0.018283
-0.021377
-0.024173
-0.026701
-0.028932
-0.030823
-0.032327
-0.033389
-0.033967
-0.034054
-0.033661
-0.032821
-0.031623
-0.030226
-0.028826
-0.027569
-0.026521
-0.025695
-0.025074
-0.024633
-0.024362
-0.024283
-0.024413
-0.024733
-0.025201
-0.025832
-0.026686
-0.027755
-0.028949
-0.030155
-0.031288
-0.032305
-0.033144
-0.033736
-0.034054
-0.034079
-0.033786
-0.033197
-0.032372
-0.031355
-0.030183
-0.028902
-0.027515
-0.025995
-0.024375
-0.022753
-0.021245
-0.019922
-0.018797
-0.017892
-0.017243
-0.016884
-0.016848
-0.017135
-0.017610
-0.018045
-0.018248
-0.018126
-0.017671
-0.016895
-0.015844
-0.014620
-0.013301
-0.011896
-0.010456
-0.009054
-0.007684
-0.006275
-0.004755
-0.003153
-0.001545
0.000092
0.001803
0.003557
0.005317
0.007075
0.008781
0.010355
0.011732
0.012832
0.013533
0.013654
0.013078
0.011883
0.010267
0.008419
0.006401
0.004212
0.001916
-0.000430
-0.002843
-0.005361
-0.007984
-0.010658
-0.013303
-0.015847
-0.018180
-0.020195
-0.021906
-0.023398
-0.024743
-0.025955
-0.027003
-0.027853
-0.028535
-0.029186
-0.029920
-0.030772
-0.031777
-0.032960
-0.034277
-0.035654
-0.037022
-0.038318
-0.039500
-0.040560
-0.041496
-0.042275
-0.042813
-0.043006
-0.042815
-0.042262
-0.041412
-0.040384
-0.039322
-0.038280
-0.037217
-0.036036
-0.034664
-0.033089
-0.031364
-0.029564
-0.027745
-0.025918
-0.024046
-0.022043
-0.019807
-0.017275
-0.014410
-0.011201
-0.007739
-0.004197
-0.000720
0.002623
0.005828
0.008906
0.011844
0.014611
0.017189
0.019581
0.021790
0.023802
0.025611
0.027215
0.028598
0.029733
0.030595
0.031150
0.031394
0.031426
0.031408
0.031494
0.031778
0.032263
0.032854
0.033420
0.033870
0.034142
0.034184
0.033955
0.033459
0.032769
0.031978
0.031141
0.030267
0.029351
0.028415
0.027456
0.026394
0.025107
0.023477
0.021390
0.018755
0.015549
0.011869
0.007895
0.003785
-0.000342
-0.004381
-0.008255
-0.011942
-0.015477
-0.018889
-0.022122
-0.025060
-0.027596
-0.029604
-0.030961
-0.031612
-0.031557
-0.030810
-0.029385
-0.027311
-0.024657
-0.021525
-0.018025
-0.014242
-0.010251
-0.006188
-0.002207
0.001591
0.005143
0.008406
0.011388
0.014133
0.016702
0.019134
0.021439
0.023609
0.025619
0.027408
0.028902
0.030047
0.030811
0.031176
0.031129
0.030650
0.029702
0.028264
0.026362
0.024061
0.021412
0.018408
0.015014
0.011209
0.006988
0.002401
-0.002413
-0.007220
-0.011759
-0.015859
-0.019457
-0.022536
-0.025161
-0.027481
-0.029617
-0.031620
-0.033509
-0.035269
-0.036866
-0.038321
-0.039713
-0.041061
-0.042299
-0.043309
-0.043965
-0.044180
-0.043944
-0.043305
-0.042330
-0.041081
-0.039602
-0.037918
-0.036067
-0.034147
-0.032261
-0.030456
-0.028737
-0.027128
-0.025713
-0.024596
-0.023838
-0.023417
-0.023252
-0.023269
-0.023439
-0.023753
-0.024191
-0.024690
-0.025130
-0.025407
-0.025503
-0.025407
-0.025108
-0.024662
-0.024181
-0.023771
-0.023434
-0.023047
-0.022482
-0.021673
-0.020606
-0.019317
-0.017891
-0.016441
-0.015057
-0.013741
-0.012416
-0.010989
-0.009445
-0.007856
-0.006330
-0.004961
-0.003818
-0.002890
-0.002102
-0.001389
-0.000729
-0.000141
0.000316
0.000541
0.000427
-0.000126
-0.001199
-0.002796
-0.004833
-0.007223
-0.009881
-0.012685
-0.015489
-0.018165
-0.020640
-0.022911
-0.025029
-0.026982
-0.028649
-0.029971
-0.030956
-0.031533
-0.031603
-0.031146
-0.030155
-0.028616
-0.026559
-0.024058
-0.021208
-0.018055
-0.014582
-0.010782
-0.006698
-0.002431
0.001843
0.005916
0.009666
0.013043
0.015991
0.018459
0.020440
0.021952
0.023020
0.023650
0.023904
0.023894
0.023618
0.022999
0.022017
0.020745
0.019310
0.017797
0.016221
0.014549
0.012767
0.010926
0.009132
0.007504
0.006149
0.005086
0.004204
0.003477
0.003006
0.002838
0.002957
0.003360
0.004098
0.005266
0.006902
0.008972
0.011434
0.014253
0.017365
0.020625
0.023845
0.026909
0.029802
0.032592
0.035332
0.038020
0.040586
0.042906
0.044865
0.046381
0.047403
0.047903
0.047877
0.047363
0.046418
0.045096
0.043423
0.041399
0.039004
0.036243
0.033171
0.029859
0.026392
0.022870
0.019421
0.016199
0.013332
0.010877
0.008800
0.006999
0.005361
0.003786
0.002214
0.000665
-0.000792
-0.002112
-0.003267
-0.004244
-0.005098
-0.005923
-0.006769
-0.007600
-0.008306
-0.008769
-0.008922
-0.008788
-0.008408
-0.007773
-0.006884
-0.005790
-0.004525
-0.003066
-0.001350
0.000636
0.002811
0.005072
0.007344
0.009578
0.011728
0.013741
0.015578
0.017227
0.018697
0.020025
0.021277
0.022531
0.023857
0.025284
0.026798
0.028360
0.029899
0.031304
0.032488
0.033398
0.033983
0.034216
0.034126
0.033786
0.033279
0.032681
0.032047
0.031408
0.030778
0.030157
0.029480
0.028670
0.027737
0.026757
0.025823
0.025027
0.024446
0.024109
0.023987
0.024001
0.024106
0.024298
0.024587
0.025001
0.025596
0.026422
0.027507
0.028833
0.030342
0.031986
0.033704
0.035403
0.037016
0.038506
0.039836
0.040971
0.041918
0.042722
0.043425
0.044001
0.044395
0.044570
0.044454
0.043958
0.043096
0.041945
0.040536
0.038882
0.037018
0.034982
0.032787
0.030392
0.027717
0.024685
0.021311
0.017688
0.013872
0.009921
0.005955
0.002059
-0.001783
-0.005646
-0.009574
-0.013518
-0.017388
-0.021115
-0.024628
-0.027861
-0.030795
-0.033424
-0.035724
-0.037696
-0.039370
-0.040775
-0.041955
-0.042973
-0.043846
-0.044553
-0.045101
-0.045504
-0.045754
-0.045876
-0.045965
-0.046152
-0.046519
-0.047043
-0.047609
-0.048058
-0.048254
-0.048136
-0.047757
-0.047237
-0.046701
-0.046252
-0.045965
-0.045917
-0.046122
-0.046500
-0.046967
-0.047468
-0.047942
-0.048328
-0.048578
-0.048696
-0.048715
-0.048613
-0.048364
-0.048020
-0.047682
-0.047435
-0.047288
-0.047186
-0.047072
-0.046900
-0.046619
-0.046173
-0.045528
-0.044719
-0.043798
-0.042792
-0.041709
-0.040550
-0.039295
-0.037919
-0.036412
-0.034758
-0.032907
-0.030780
-0.028342
-0.025644
-0.022778
-0.019813
-0.016735
-0.013455
-0.009868
-0.005985
-0.001949
0.002080
0.005962
0.009576
0.012864
0.015837
0.018526
0.020962
0.023167
0.025146
0.026894
0.028415
0.029711
0.030755
0.031595
0.032387
0.033235
0.034124
0.034976
0.035706
0.036247
0.036535
0.036529
0.036261
0.035752
0.034961
0.033883
0.032570
0.031047
0.029327
0.027448
0.025413
0.023207
0.020891
0.018587
0.016433
0.014538
0.012963
0.011720
0.010818
0.010286
0.010168
0.010474
0.011104
0.011881
0.012622
0.013187
0.013495
0.013532
0.013284
0.012699
0.011738
0.010382
0.008602
0.006427
0.004007
0.001501
-0.001004
-0.003486
-0.005965
-0.008480
-0.011070
-0.013750
-0.016492
-0.019236
-0.021910
-0.024432
-0.026747
-0.028884
-0.030909
-0.032857
-0.034739
-0.036578
-0.038411
-0.040251
-0.042048
-0.043730
-0.045238
-0.046487
-0.047408
-0.048014
-0.048380
-0.048609
-0.048831
-0.049169
-0.049676
-0.050340
-0.051100
-0.051878
-0.052581
-0.053090
-0.053293
-0.053133
-0.052618
-0.051822
-0.050862
-0.049862
-0.048918
-0.048072
-0.047329
-0.046692
-0.046214
-0.045989
-0.045994
-0.046101
-0.046244
-0.046381
-0.046419
-0.046278
-0.045953
-0.045506
-0.044997
-0.044416
-0.043730
-0.042913
-0.041974
-0.040920
-0.039720
-0.038344
-0.036764
-0.034911
-0.032735
-0.030304
-0.027705
-0.024945
-0.021999
-0.018880
-0.015685
-0.012532
-0.009473
-0.006551
-0.003832
-0.001313
0.001075
0.003372
0.005549
0.007538
0.009266
0.010672
0.011688
0.012283
0.012506
0.012484
0.012376
0.012298
0.012312
0.012449
0.012723
0.013127
0.013584
0.013966
0.014176
0.014190
0.014043
0.013753
0.013298
0.012726
0.012158
0.011684
0.011367
0.011274
0.011410
0.011721
0.012164
0.012722
0.013384
0.014161
0.015081
0.016088
0.017050
0.017895
0.018636
0.019363
0.020166
0.021089
0.022138
0.023292
0.024488
0.025649
0.026712
0.027645
0.028433
0.029047
0.029406
0.029397
0.028907
0.027858
0.026216
0.024019
0.021412
0.018561
0.015574
0.012506
0.009375
0.006187
0.002981
-0.000163
-0.003145
-0.005870
-0.008298
-0.010430
-0.012292
-0.013923
-0.015372
-0.016639
-0.017679
-0.018486
-0.019084
-0.019485
-0.019665
-0.019596
-0.019307
-0.018862
-0.018305
-0.017661
-0.016956
-0.016211
-0.015424
-0.014552
-0.013557
-0.012455
-0.011251
-0.009915
-0.008469
-0.007003
-0.005618
-0.004410
-0.003436
-0.002695
-0.002150
-0.001783
-0.001585
-0.001519
-0.001539
-0.001601
-0.001660
-0.001689
-0.001703
-0.001769
-0.001961
-0.002322
-0.002845
-0.003493
-0.004200
-0.004878
-0.005490
-0.006075
-0.006641
-0.007128
-0.007468
-0.007600
-0.007491
-0.007138
-0.006563
-0.005824
-0.004978
-0.004035
-0.002951
-0.001656
-0.000087
0.001767
0.003853
0.006080
0.008347
0.010563
0.012648
0.014570
0.016330
0.017902
0.019223
0.020218
0.020813
0.020956
0.020626
0.019848
0.018704
0.017267
0.015585
0.013752
0.011899
0.010146
0.008561
0.007155
0.005911
0.004823
0.003902
0.003170
0.002642
0.002284
0.002025
0.001825
0.001679
0.001597
0.001564
0.001519
0.001398
0.001169
0.000834
0.000406
-0.000091
-0.000608
-0.001097
-0.001583
-0.002121
-0.002679
-0.003177
-0.003562
-0.003767
-0.003731
-0.003456
-0.002998
-0.002419
-0.001771
-0.001101
-0.000429
0.000239
0.000869
0.001427
0.001920
0.002387
0.002868
0.003357
0.003842
0.004361
0.004969
0.005702
0.006607
0.007722
0.009019
0.010423
0.011856
0.013251
0.014553
0.015712
0.016677
0.017421
0.017988
0.018476
0.018928
0.019311
0.019606
0.019819
0.019971
0.020050
0.020008
0.019796
0.019396
0.018833
0.018114
0.017178
0.015977
0.014525
0.012822
0.010857
0.008643
0.006171
0.003396
0.000335
-0.002911
-0.006238
-0.009557
-0.012770
-0.015799
-0.018600
-0.021152
-0.023446
-0.025504
-0.027384
-0.029150
-0.030810
-0.032311
-0.033586
-0.034584
-0.035284
-0.035700
-0.035875
-0.035865
-0.035711
-0.035396
-0.034883
-0.034161
-0.033300
-0.032430
-0.031637
-0.030951
-0.030383
-0.029897
-0.029408
-0.028826
-0.028109
-0.027275
-0.026408
-0.025641
-0.025091
-0.024803
-0.024792
-0.025038
-0.025453
-0.025919
-0.026354
-0.026683
-0.026820
-0.026705
-0.026336
-0.025766
-0.025042
-0.024150
-0.023081
-0.021859
-0.020508
-0.019074
-0.017639
-0.016194
-0.014629
-0.012935
-0.011224
-0.009586
-0.008102
-0.006888
-0.006023
-0.005500
-0.005252
-0.005177
-0.005156
-0.005093
-0.004956
-0.004792
-0.004708
-0.004768
-0.004951
-0.005188
-0.005420
-0.005627
-0.005788
-0.005853
-0.005769
-0.005512
-0.005129
-0.004702
-0.004277
-0.003826
-0.003269
-0.002521
-0.001538
-0.000331
0.001078
0.002695
0.004512
0.006472
0.008490
0.010489
0.012411
0.014208
0.015832
0.017245
0.018431
0.019384
0.020120
0.020683
0.021095
0.021323
0.021322
0.021068
0.020589
0.019955
0.019262
0.018572
0.017889
0.017196
0.016464
0.015635
0.014655
0.013510
0.012236
0.010902
0.009586
0.008344
0.007228
0.006285
0.005539
0.005002
0.004670
0.004508
0.004461
0.004485
0.004546
0.004605
0.004617
0.004537
0.004364
0.004137
0.003859
0.003534
0.003235
0.003049
0.003007
0.003103
0.003322
0.003662
0.004118
0.004658
0.005253
0.005897
0.006575
0.007259
0.007941
0.008629
0.009307
0.009942
0.010493
0.010883
0.011019
0.010871
0.010457
0.009801
0.008941
0.007936
0.006831
0.005652
0.004413
0.003168
0.002013
0.001021
0.000226
-0.000362
-0.000695
-0.000687
-0.000283
0.000528
0.001715
0.003159
0.004708
0.006322
0.008043
0.009912
0.011972
0.014235
0.016600
0.018912
0.021062
0.022986
0.024645
0.026016
0.027114
0.028014
0.028796
0.029504
0.030095
0.030543
0.030936
0.031362
0.031856
0.032412
0.033002
0.033584
0.034101
0.034496
0.034732
0.034802
0.034724
0.034518
0.034197
0.033775
0.033288
0.032791
0.032255
0.031567
0.030652
0.029494
0.028098
0.026478
0.024683
0.022818
0.020983
0.019192
0.017421
0.015695
0.014142
0.012909
0.012024
0.011408
0.010962
0.010676
0.010568
0.010576
0.010647
0.010775
0.010918
0.011029
0.011120
0.011227
0.011375
0.011595
0.011933
0.012423
0.013046
0.013741
0.014472
0.015242
0.016070
0.016953
0.017849
0.018700
0.019453
0.020084
0.020641
0.021217
0.021905
0.022753
0.023752
0.024805
0.025766
0.026551
0.027163
0.027645
0.028018
0.028288
0.028518
0.028778
0.029065
0.029314
0.029442
0.029388
0.029127
0.028672
0.028070
0.027396
0.026726
0.026104
0.025537
0.025012
0.024532
0.024104
0.023732
0.023418
0.023182
0.023070
0.023100
0.023236
0.023401
0.023529
0.023600
0.023585
0.023452
0.023185
0.022804
0.022360
0.021939
0.021635
0.021505
0.021562
0.021797
0.022190
0.022708
0.023314
0.023955
0.024554
0.025075
0.025551
0.026042
0.026600
0.027250
0.028035
0.029008
0.030152
0.031367
0.032523
0.033512
0.034264
0.034721
0.034867
0.034769
0.034552
0.034359
0.034275
0.034318
0.034449
0.034581
0.034616
0.034566
0.034519
0.034482
0.034380
0.034145
0.033779
0.033350
0.032941
0.032609
0.032357
0.032112
0.031755
0.031222
0.030541
0.029800
0.029072
0.028386
0.027737
0.027093
0.026411
0.025651
0.024790
0.023852
0.022871
0.021857
0.020793
0.019653
0.018380
0.016937
0.015376
0.013790
0.012242
0.010734
0.009259
0.007864
0.006620
0.005572
0.004696
0.003917
0.003215
0.002602
0.002040
0.001477
0.000919
0.000410
-0.000014
-0.000323
-0.000512
-0.000637
-0.000768
-0.000910
-0.001050
-0.001212
-0.001426
-0.001693
-0.001994
-0.002286
-0.002506
-0.002641
-0.002777
-0.002952
-0.003085
-0.003109
-0.003030
-0.002863
-0.002619
-0.002324
-0.001980
-0.001555
-0.001046
-0.000493
0.000060
0.000585
0.001078
0.001574
0.002136
0.002828
0.003682
0.004674
0.005734
0.006785
0.007738
0.008488
0.008998
0.009321
0.009508
0.009594
0.009656
0.009742
0.009773
0.009638
0.009287
0.008739
0.008059
0.007349
0.006731
0.006330
0.006223
0.006411
0.006797
0.007221
0.007539
0.007667
0.007573
0.007246
0.006682
0.005893
0.004911
0.003787
0.002594
0.001440
0.000405
-0.000532
-0.001442
-0.002384
-0.003375
-0.004395
-0.005431
-0.006425
-0.007220
-0.007750
-0.008195
-0.008744
-0.009439
-0.010272
-0.011223
-0.012239
-0.013248
-0.014189
-0.015034
-0.015786
-0.016466
-0.017081
-0.017607
-0.018028
-0.018364
-0.018651
-0.018922
-0.019180
-0.019392
-0.019522
-0.019540
-0.019431
-0.019212
-0.018933
-0.018646
-0.018388
-0.018161
-0.017942
-0.017686
-0.017379
-0.017056
-0.016757
-0.016495
-0.016252
-0.016001
-0.015729
-0.015396
-0.014921
-0.014235
-0.013324
-0.012194
-0.010943
-0.009813
-0.009015
-0.008602
-0.008561
-0.008837
-0.009284
-0.009726
-0.010041
-0.010154
-0.010026
-0.009666
-0.009125
-0.008483
-0.007838
-0.007299
-0.006997
-0.007069
-0.007535
-0.008287
-0.009215
-0.010263
-0.011440
-0.012764
-0.014210
-0.015721
-0.017206
-0.018548
-0.019666
-0.020585
-0.021389
-0.022166
-0.022968
-0.023799
-0.024615
-0.025470
-0.026596
-0.028163
-0.030150
-0.032461
-0.034964
-0.037454
-0.039728
-0.041677
-0.043259
-0.046223
-0.047221
-0.048010
-0.048666
-0.049187
-0.049500
-0.049564
-0.049415
-0.049082
-0.048525
-0.047624
-0.046204
-0.044089
-0.041168
-0.037438
-0.033055
-0.028343
-0.023748
-0.019640
-0.016168
-0.013350
-0.011159
-0.009519
-0.008324
-0.007438
-0.006718
-0.006046
-0.005339
-0.004529
-0.003564
-0.002420
-0.001104
0.000420
0.002168
0.003992
0.005661
0.007004
0.007953
0.008536
0.008836
0.008973
0.009067
0.009179
0.009288
0.009329
0.009211
0.008830
0.008071
0.006829
0.005063
0.002894
0.000596
-0.001622
-0.003693
-0.005569
-0.007178
-0.008444
-0.009341
-0.009892
-0.010156
-0.010207
-0.010126
-0.010019
-0.009997
-0.010129
-0.010409
-0.010742
-0.010951
-0.010889
-0.010605
-0.010212
-0.009737
-0.009161
-0.008444
-0.007473
-0.006151
-0.004504
-0.002652
-0.000757
0.001002
0.002467
0.003542
0.004229
0.004632
0.004900
0.005112
0.005212
0.005032
0.004465
0.003706
0.003134
0.003049
0.003560
0.004587
0.005965
0.007490
0.008961
0.010207
0.011109
0.011617
0.011739
0.011539
0.011110
0.010574
0.010081
0.009756
0.009653
0.009782
0.010118
0.010575
0.011027
0.011366
0.011526
0.011492
0.011287
0.010955
0.010543
0.010137
0.009818
0.009595
0.009427
0.009261
0.009038
0.008730
0.008391
0.008106
0.007935
0.007890
0.007947
0.008062
0.008175
0.008214
0.008125
0.007900
0.007598
0.007298
0.007048
0.006858
0.006692
0.006467
0.006085
0.005470
0.004588
0.003441
0.002053
0.000470
-0.001247
-0.003033
-0.004858
-0.006749
-0.008749
-0.010848
-0.012994
-0.015118
-0.017137
-0.019017
-0.020777
-0.022396
-0.023812
-0.024977
-0.025891
-0.026592
-0.027129
-0.027544
-0.027878
-0.028158
-0.028387
-0.028550
-0.028633
-0.028643
-0.028555
-0.028316
-0.027912
-0.027395
-0.026848
-0.026350
-0.025948
-0.025655
-0.025478
-0.025442
-0.025540
-0.025696
-0.025811
-0.025807
-0.025668
-0.025443
-0.025204
-0.025015
-0.024915
-0.024905
-0.024940
-0.024951
-0.024905
-0.024809
-0.024671
-0.024454
-0.024106
-0.023640
-0.023119
-0.022599
-0.022112
-0.021667
-0.021236
-0.020802
-0.020382
-0.019938
-0.019381
-0.018672
-0.017822
-0.016862
-0.015841
-0.014832
-0.013923
-0.013177
-0.012620
-0.012282
-0.012203
-0.012392
-0.012842
-0.013539
-0.014427
-0.015413
-0.016401
-0.017322
-0.018138
-0.018828
-0.019386
-0.019836
-0.020221
-0.020579
-0.020917
-0.021219
-0.021490
-0.021748
-0.021986
-0.022192
-0.022365
-0.022526
-0.022688
-0.022811
-0.022853
-0.022810
-0.022663
-0.022364
-0.021897
-0.021253
-0.020398
-0.019356
-0.018234
-0.017149
-0.016171
-0.015307
-0.014533
-0.013824
-0.013142
-0.012442
-0.011699
-0.010917
-0.010106
-0.009284
-0.008473
-0.007710
-0.007046
-0.006543
-0.006245
-0.006143
-0.006171
-0.006232
-0.006278
-0.006304
-0.006310
-0.006284
-0.006213
-0.006106
-0.005990
-0.005896
-0.005849
-0.005851
-0.005884
-0.005917
-0.005912
-0.005835
-0.005667
-0.005420
-0.005127
-0.004823
-0.004530
-0.004270
-0.004052
-0.003858
-0.003665
-0.003462
-0.003227
-0.002938
-0.002606
-0.002260
-0.001929
-0.001620
-0.001326
-0.001037
-0.000751
-0.000465
-0.000182
0.000091
0.000352
0.000597
0.000804
0.000977
0.001158
0.001397
0.001714
0.002087
0.002466
0.002801
0.003062
0.003242
0.003351
0.003416
0.003466
0.003521
0.003589
0.003658
0.003711
0.003741
0.003751
0.003745
0.003731
0.003716
0.003693
0.003648
0.003578
0.003493
0.003415
0.003358
0.003320
0.003286
0.003241
0.003181
0.003101
0.002996
0.002877
0.002763
0.002668
0.002597
0.002560
0.002568
0.002630
0.002746
0.002900
0.003076
0.003262
0.003453
0.003641
0.003809
0.003948
0.004055
0.004146
0.004235
0.004329
0.004428
0.004531
0.004641
0.004765
0.004911
0.005084
0.005287
0.005518
0.005770
0.006037
0.006311
0.006583
0.006848
0.007101
0.007333
0.007540
0.007721
0.007888
0.008055
0.008227
0.008402
0.008581
0.008766
0.008949
0.009123
0.009286
0.009439
0.009582
0.009716
0.009846
0.009984
0.010132
0.010282
0.010429
0.010571
0.010708
0.010838
0.010962
0.011077
0.011183
0.011278
0.011363
0.011439
0.011507
0.011566
0.011621
0.011679
0.011743
0.011813
0.011889
0.011968
0.012043
0.012112
0.012173
0.012226
0.012272
0.012308
0.012332
0.012340
0.012331
0.012306
0.012270
0.012227
0.012180
0.012129
0.012076
0.012021
0.011960
0.011891
0.011814
0.011733
0.011649
0.011566
0.011482
0.011396
0.011307
0.011213
0.011114
0.011010
0.010901
0.010791
0.010679
0.010566
0.010451
0.010332
0.010210
0.010084
0.009953
0.009820
0.009683
0.009545
0.009408
0.009273
0.009140
0.009007
0.008875
0.008742
0.008608
0.008471
0.008333
0.008194
0.008055
0.007916
0.007776
0.007635
0.007493
0.007349
0.007205
0.007060
0.006916
0.006774
0.006633
0.006494
0.006356
0.006220
0.006086
0.005952
0.005819
0.005687
0.005555
0.005425
0.005295
0.005166
0.005038
0.004910
0.004782
0.004654
0.004527
0.004399
0.004271
0.004144
0.004017
0.003889
0.003763
0.003636
0.003511
0.003385
0.003260
0.003135
0.003011
0.002888
0.002764
0.002641
0.002519
0.002397
0.002275
0.002154
0.002033
0.001912
0.001793
0.001674
0.001556
0.001439
0.001323
0.001207
0.001093
0.000980
0.000868
0.000756
0.000646
0.000537
0.000428
0.000321
0.000215
0.000110
0.000006
-0.000097
-0.000198
-0.000299
-0.000398
-0.000496
-0.000593
-0.000689
-0.000783
-0.000876
-0.000968
-0.001059
-0.001149
-0.001237
-0.001324
-0.001410
-0.001495
-0.001578
-0.001661
