0.000123
0.000125
0.000123
0.000126
0.000123
0.000126
0.000124
0.000127
0.000124
0.000126
0.000125
0.000129
0.000126
0.000132
0.000128
0.000130
0.000128
0.000131
0.000128
0.000133
0.000131
0.000126
0.000123
0.000126
0.000123
0.000126
0.000122
0.000126
0.000123
0.000125
0.000122
0.000124
0.000122
0.000119
0.000101
0.000105
0.000108
0.000102
0.000096
0.000113
0.000130
0.000176
0.000206
0.000221
0.000192
0.000173
0.000174
0.000170
0.000139
0.000097
0.000058
0.000048
0.000071
0.000069
0.000039
0.000047
0.000021
0.000045
0.000087
0.000149
0.000304
0.000337
0.000291
0.000239
0.000143
0.000121
0.000146
0.000206
0.000165
0.000104
0.000109
0.000083
0.000079
0.000107
0.000123
0.000119
0.000058
0.000051
0.000081
0.000211
0.000335
0.000304
0.000166
0.000028
-0.000036
-0.000139
-0.000089
-0.000019
0.000051
0.000199
0.000346
0.000268
0.000145
0.000223
0.000217
0.000235
0.000189
0.000068
0.000044
0.000308
0.000441
0.000390
0.000137
0.000140
0.000196
0.000276
0.000139
-0.000184
-0.000343
-0.000260
0.000022
0.000090
0.000065
0.000072
0.000076
0.000144
0.000275
0.000416
0.000399
0.000499
0.000094
-0.000156
-0.000173
0.000112
0.000169
-0.000022
-0.000160
-0.000222
-0.000500
-0.000327
0.000004
0.000223
-0.000087
-0.000366
-0.000235
0.000072
0.000462
0.000344
-0.000019
-0.000328
0.000133
0.000569
0.000516
0.000329
0.000247
0.000172
0.000167
0.000290
0.000102
-0.000451
-0.000709
-0.000511
0.000008
0.000138
-0.000221
-0.000302
-0.000071
0.000026
-0.000321
-0.000284
-0.000068
0.000222
0.000512
0.000421
0.000515
0.000233
-0.001094
-0.002027
-0.001984
-0.001754
-0.001501
-0.001328
-0.001057
-0.000931
-0.001186
-0.001704
-0.001412
-0.000280
0.000673
0.001118
0.001770
0.001850
0.001709
0.001247
0.001021
0.001405
0.001772
0.001373
0.000676
0.000783
0.000887
0.000422
-0.000441
-0.000410
0.000299
0.000768
0.000884
0.000868
0.000836
0.001341
0.002407
0.002097
0.001062
0.000350
0.000254
0.000847
0.001287
0.001515
0.000739
0.000620
0.001261
0.001714
0.001444
0.000548
0.000212
0.000505
0.000562
0.000259
-0.000386
-0.000260
0.000548
0.000864
-0.000316
-0.001406
-0.002513
-0.002677
-0.002783
-0.003718
-0.004054
-0.002797
-0.000961
0.000402
0.000619
0.000162
-0.000081
0.000792
0.001822
0.000992
-0.000586
-0.001774
-0.000915
0.000145
0.000398
0.000082
-0.000920
-0.000775
0.000309
0.001125
0.001027
-0.001287
-0.003271
-0.003604
-0.003590
-0.003689
-0.004881
-0.006917
-0.007908
-0.005949
-0.003749
-0.002460
-0.000925
0.000353
0.001654
0.003180
0.004125
0.003962
0.003725
0.003348
0.000958
-0.001248
-0.001435
-0.001198
-0.001683
-0.001997
-0.001572
-0.001096
-0.001466
-0.000865
0.000841
0.003110
0.004418
0.003389
0.001405
0.002098
0.003356
0.003374
0.001902
-0.000892
-0.001391
0.000901
0.003320
0.004645
0.003730
0.001959
0.002011
0.003448
0.004800
0.005510
0.004821
0.004127
0.003791
0.002768
0.001542
0.000682
-0.000147
-0.002060
-0.004096
-0.006042
-0.006262
-0.005672
-0.005710
-0.005416
-0.004448
-0.001689
0.001700
0.002856
0.002039
0.002285
0.004962
0.008240
0.008222
0.004961
0.000682
-0.003783
-0.007191
-0.008105
-0.008482
-0.008688
-0.007853
-0.005182
-0.001417
0.001320
0.003759
0.004252
0.004071
0.005458
0.007307
0.008104
0.006401
0.002273
-0.002210
-0.005552
-0.007795
-0.007686
-0.006971
-0.006337
-0.005202
-0.004059
-0.002224
-0.000155
0.001453
0.002405
0.002456
0.002540
0.003816
0.004119
0.001554
-0.002705
-0.005469
-0.005232
-0.002935
-0.001359
-0.001186
-0.001306
-0.000382
0.000997
0.001813
0.002591
0.002755
0.003290
0.004753
0.006169
0.006050
0.004012
0.001840
0.000489
-0.001665
-0.004110
-0.006001
-0.006870
-0.005410
-0.003187
-0.001883
-0.001676
-0.001218
0.000727
0.003391
0.003815
0.003027
0.003302
0.005718
0.008341
0.007587
0.003582
-0.000400
-0.002075
-0.003692
-0.005805
-0.007155
-0.007687
-0.008528
-0.008539
-0.005541
-0.002814
-0.000907
0.001110
0.002111
0.002453
0.003965
0.005228
0.005038
0.003495
0.004317
0.006763
0.007060
0.004673
-0.000425
-0.005807
-0.008300
-0.007629
-0.005035
-0.000256
0.005645
0.011076
0.012877
0.008587
-0.001170
-0.009333
-0.010512
-0.006242
0.000622
0.004181
0.003481
0.001177
-0.000289
-0.001574
-0.003095
-0.005414
-0.005991
-0.002902
0.003381
0.009354
0.010987
0.009625
0.008177
0.005742
0.001724
-0.000428
0.001971
0.004027
0.002962
0.000554
-0.001906
-0.004551
-0.009208
-0.013881
-0.014859
-0.012083
-0.007919
-0.004789
-0.002660
-0.002416
-0.002627
-0.001386
0.004743
0.012377
0.012902
0.007130
0.001204
-0.002202
-0.003947
-0.003953
-0.004208
-0.004423
-0.003874
-0.003702
-0.003329
-0.003361
-0.001508
0.001559
0.004219
0.005815
0.007410
0.007599
0.004698
0.001285
-0.002220
-0.005392
-0.007280
-0.008868
-0.009313
-0.007436
-0.003467
-0.000185
0.000907
0.001576
0.004179
0.008896
0.013464
0.015021
0.011597
0.005579
0.000699
-0.000779
-0.001189
-0.003850
-0.007207
-0.008192
-0.006531
-0.001994
0.003877
0.007744
0.005582
0.000067
-0.003951
-0.003808
-0.000389
0.002353
0.003335
0.003343
0.002250
-0.000424
-0.006110
-0.012021
-0.015654
-0.015642
-0.009368
0.001540
0.012000
0.015604
0.011229
0.004773
0.000809
-0.001017
-0.002394
-0.003975
-0.003142
0.001300
0.005491
0.005610
0.000511
-0.005593
-0.008033
-0.006006
-0.002376
0.000307
0.002997
0.002242
0.000545
-0.000211
0.000069
0.002407
0.005850
0.008256
0.008203
0.006825
0.006083
0.005842
0.005863
0.006741
0.006175
0.004829
0.004318
0.003645
0.001151
-0.001891
-0.006552
-0.013256
-0.019634
-0.021150
-0.013834
-0.003164
0.004732
0.007991
0.006802
0.004806
0.004628
0.005857
0.006789
0.003023
-0.002861
-0.005935
-0.003464
0.000736
0.001463
-0.001141
-0.005703
-0.008868
-0.007286
-0.004165
-0.000382
0.006402
0.013407
0.015134
0.010723
0.004893
-0.002614
-0.006740
-0.004252
0.000916
0.000896
-0.006500
-0.012825
-0.011281
-0.004105
0.002299
0.003901
0.001804
0.000882
0.001311
0.002402
0.005317
0.008968
0.008148
0.000525
-0.007382
-0.007908
-0.005261
-0.004573
-0.007014
-0.012398
-0.017779
-0.017659
-0.013554
-0.008330
-0.003212
-0.000542
-0.000039
-0.002623
-0.008505
-0.012060
-0.010138
-0.003278
0.005735
0.010598
0.010440
0.007138
0.001716
0.000072
0.004481
0.008046
0.006127
0.002777
0.001230
0.002512
0.004025
0.002989
0.000687
-0.002339
-0.003779
-0.003776
-0.002380
0.002385
0.006667
0.004173
-0.001352
-0.004975
-0.004448
-0.002110
0.001611
0.007714
0.011675
0.009242
0.005146
0.000468
-0.005094
-0.008715
-0.007779
-0.003659
-0.000381
0.001146
0.001983
0.000905
0.000733
0.002673
0.003288
0.004029
0.006732
0.005883
0.001168
-0.000804
0.002266
0.001722
-0.007362
-0.017018
-0.018176
-0.010985
-0.001942
0.004552
0.005285
0.004030
0.006751
0.009912
0.008335
0.003312
-0.000725
-0.002427
-0.003436
-0.001341
0.002819
0.002466
-0.000146
-0.000481
-0.002828
-0.008890
-0.013170
-0.011930
-0.006300
-0.001106
0.001058
0.004017
0.008904
0.014449
0.017871
0.013810
0.003381
-0.003987
-0.004823
-0.000687
0.004536
0.004519
-0.001174
-0.006311
-0.009331
-0.010003
-0.007779
-0.005084
-0.003376
0.003587
0.014874
0.020820
0.012966
0.000393
-0.004386
-0.004143
-0.006525
-0.013354
-0.017992
-0.013604
-0.002692
0.006886
0.011465
0.010098
-0.002004
-0.016841
-0.019760
-0.009614
0.005560
0.012956
0.012145
0.007702
0.000424
-0.006745
-0.010035
-0.007183
-0.003150
-0.006664
-0.014085
-0.013727
-0.002131
0.012937
0.020471
0.016933
0.005558
-0.004488
-0.005283
0.000056
0.004690
0.001651
-0.003021
-0.002275
-0.002372
-0.002502
-0.003113
-0.005665
-0.010207
-0.010767
-0.005308
0.001936
0.006560
0.007655
0.009094
0.010764
0.008037
0.001146
-0.006935
-0.013670
-0.017693
-0.017137
-0.014913
-0.013801
-0.013805
-0.011731
-0.004268
0.004663
0.008980
0.008755
0.012140
0.020263
0.024453
0.019565
0.009711
-0.000876
-0.009241
-0.010943
-0.008728
-0.008449
-0.007617
-0.004015
-0.000138
0.005616
0.012170
0.017447
0.021082
0.018953
0.013428
0.009029
0.008746
0.009022
0.011220
0.013308
0.011038
0.007545
0.004318
0.002615
0.002792
0.005096
0.008232
0.007680
0.002113
-0.003590
-0.005050
-0.003177
-0.003499
-0.011454
-0.021183
-0.025270
-0.018452
-0.005030
0.002960
0.000353
-0.008059
-0.008976
0.000393
0.008170
0.007588
0.003577
0.001442
-0.000705
-0.004222
-0.005973
-0.003551
-0.001489
-0.000461
0.002836
0.005637
0.003736
-0.003810
-0.012596
-0.018789
-0.020545
-0.019030
-0.012658
-0.005417
-0.005745
-0.013162
-0.019087
-0.018654
-0.012221
-0.000568
0.009346
0.013472
0.014170
0.015691
0.017278
0.011735
0.004658
0.004338
0.010592
0.017057
0.014771
0.004375
-0.004689
-0.008345
-0.006265
-0.001378
0.003864
0.005557
0.000938
-0.002485
0.000337
0.004528
0.007484
0.008760
0.006200
-0.000547
-0.003949
0.003851
0.015296
0.014902
0.005933
-0.005055
-0.010252
-0.008524
-0.004003
0.000110
-0.000464
-0.002752
-0.000699
0.003521
0.006028
0.003415
-0.002638
-0.006460
-0.004346
0.004997
0.014763
0.017835
0.013585
0.004477
-0.004784
-0.010821
-0.016667
-0.022001
-0.021141
-0.013459
-0.001982
0.008428
0.011774
0.007920
0.005264
0.006166
0.006598
0.009092
0.009430
0.006253
0.000463
-0.004514
-0.007874
-0.009564
-0.003287
0.006232
0.005453
-0.000437
-0.000040
0.003221
0.005436
0.006741
0.006250
0.004977
0.002853
0.001489
0.000329
-0.002019
-0.006223
-0.011328
-0.015595
-0.015835
-0.009544
-0.002369
-0.000025
0.001825
0.005952
0.009151
0.005868
-0.002338
-0.008600
-0.009284
-0.009163
-0.007136
-0.001160
0.005030
0.007223
0.006432
0.003488
-0.000938
-0.004076
-0.007476
-0.008713
-0.002253
0.006536
0.007246
-0.000265
-0.007343
-0.005943
0.002270
0.005791
-0.001938
-0.012831
-0.017495
-0.012148
-0.002372
0.005147
0.008880
0.008629
0.002910
-0.002612
-0.002402
0.003823
0.011482
0.014178
0.011040
0.006909
0.003532
-0.001014
-0.003165
-0.001796
-0.000054
-0.002488
-0.010104
-0.019625
-0.026138
-0.025929
-0.017883
-0.005408
0.008143
0.016575
0.014796
0.003009
-0.004631
0.001452
0.015978
0.023023
0.015626
0.004162
-0.002417
-0.007248
-0.013017
-0.024326
-0.038724
-0.045144
-0.032947
-0.004686
0.021266
0.031345
0.021444
0.004625
-0.002027
0.005942
0.018537
0.020276
0.009767
0.002460
0.004889
0.013714
0.018064
0.011514
0.001801
-0.003626
-0.003256
-0.000660
0.000428
-0.000115
-0.000522
-0.000746
0.000744
0.003978
0.003754
-0.003054
-0.008959
-0.012719
-0.016699
-0.020233
-0.024528
-0.024779
-0.018627
-0.011682
-0.005725
-0.000149
0.008708
0.022162
0.024903
0.013177
0.000988
-0.003760
-0.002229
-0.000405
-0.004598
-0.011154
-0.013665
-0.006705
0.008417
0.019977
0.017191
0.000576
-0.013834
-0.010413
0.004043
0.011468
0.006712
-0.001401
-0.003314
0.000186
0.005360
0.008636
0.007108
0.000791
-0.008318
-0.015614
-0.018317
-0.012702
-0.004729
-0.000685
0.005688
0.011239
0.011534
0.012226
0.016421
0.014208
0.006071
-0.000612
-0.004013
-0.004274
-0.000706
0.005173
0.004303
-0.005464
-0.016953
-0.019463
-0.009871
0.002185
0.010109
0.012661
0.010764
0.008241
0.008980
0.008043
-0.001458
-0.013419
-0.021635
-0.022872
-0.013629
0.001693
0.013201
0.016007
0.010150
-0.000580
-0.006085
-0.003730
0.002689
0.011787
0.015956
0.007780
-0.001002
0.000516
0.004146
0.001003
-0.010297
-0.020438
-0.021852
-0.015127
-0.007837
-0.005663
-0.007170
-0.003803
0.006306
0.016720
0.022401
0.021065
0.012853
0.007431
0.009218
0.012120
0.012468
0.009996
0.005692
-0.000982
-0.004276
-0.001952
0.004881
0.012435
0.018385
0.022105
0.020117
0.010620
0.002302
-0.000284
-0.001445
-0.005216
-0.012658
-0.021610
-0.029507
-0.027853
-0.016538
-0.006572
-0.002972
0.003042
0.012243
0.017192
0.011927
0.001178
-0.009067
-0.014551
-0.015055
-0.012526
-0.007209
0.000319
0.007816
0.004815
-0.009774
-0.019906
-0.016429
-0.006299
0.001821
0.004954
0.007821
0.013172
0.020136
0.024670
0.020825
0.008543
-0.006953
-0.017124
-0.013308
0.003154
0.016804
0.017338
0.005446
-0.012148
-0.023235
-0.020974
-0.009866
-0.001752
0.001022
0.004815
0.011392
0.020751
0.027035
0.023252
0.012659
0.005650
0.008404
0.015777
0.023412
0.030329
0.033832
0.030858
0.023206
0.015554
0.010968
0.007676
0.002914
-0.000633
0.000366
0.001488
-0.001544
-0.007894
-0.014249
-0.017866
-0.022106
-0.026117
-0.027106
-0.025287
-0.014031
0.001000
0.009657
0.008335
0.001391
-0.003978
-0.003972
-0.001174
-0.000054
0.000173
0.003968
0.005921
0.003664
0.006869
0.013928
0.016361
0.014934
0.011875
0.007619
-0.000587
-0.011749
-0.020779
-0.021854
-0.018001
-0.016991
-0.017842
-0.014969
-0.008233
-0.003324
-0.000581
0.002493
0.004562
0.005819
0.005222
0.003945
0.001199
-0.000016
0.001646
0.004615
0.005308
-0.000732
-0.008177
-0.011124
-0.008868
-0.003366
0.000420
0.000278
-0.002881
-0.003849
-0.000081
0.000616
-0.001387
-0.002931
-0.008528
-0.015291
-0.015980
-0.006862
0.008355
0.020034
0.025340
0.026938
0.026988
0.026748
0.030938
0.036273
0.034852
0.027834
0.020161
0.016338
0.013440
0.008357
0.001673
-0.004668
-0.007721
-0.007912
-0.006303
-0.004461
-0.002625
-0.001705
0.001273
0.004813
0.007678
0.006068
-0.002776
-0.012628
-0.020339
-0.027434
-0.033090
-0.032446
-0.025453
-0.017497
-0.008559
0.002043
0.010435
0.014392
0.016584
0.015349
0.008257
-0.000452
-0.006049
-0.004907
-0.001541
-0.000936
0.000139
0.002125
0.005052
0.006899
0.004340
-0.007408
-0.025916
-0.041743
-0.049634
-0.047016
-0.038599
-0.031118
-0.028842
-0.029388
-0.025240
-0.013588
-0.002837
0.003714
0.001631
-0.008204
-0.012353
-0.004043
0.011518
0.019887
0.015769
0.007665
0.000117
-0.001838
-0.001549
-0.003764
-0.002126
0.007458
0.017815
0.023746
0.022516
0.021331
0.024951
0.028287
0.028258
0.027775
0.027330
0.025947
0.023079
0.017966
0.013006
0.007302
0.004890
0.007202
0.009246
0.009473
0.005234
-0.006006
-0.018841
-0.025527
-0.021585
-0.014190
-0.012542
-0.018172
-0.027106
-0.032871
-0.035325
-0.033761
-0.026804
-0.021574
-0.021418
-0.022173
-0.019366
-0.017712
-0.023087
-0.028324
-0.024725
-0.013857
-0.004337
-0.002951
-0.011563
-0.022442
-0.026884
-0.022110
-0.014041
-0.008559
-0.009384
-0.011365
-0.009623
-0.008135
-0.007652
-0.002204
0.006124
0.011279
0.012247
0.013653
0.022303
0.034815
0.042888
0.047916
0.053390
0.055779
0.056488
0.057801
0.062131
0.066557
0.062948
0.046932
0.023061
0.001161
-0.013091
-0.021433
-0.025980
-0.027175
-0.023495
-0.016464
-0.010015
-0.006938
-0.006076
-0.006866
-0.005257
0.000399
0.007679
0.012989
0.012728
0.007561
0.002560
-0.001221
-0.005508
-0.009311
-0.012262
-0.015420
-0.017931
-0.020963
-0.022097
-0.019646
-0.016636
-0.015875
-0.016516
-0.016657
-0.016109
-0.013824
-0.011803
-0.013273
-0.014437
-0.008656
0.002098
0.011613
0.015868
0.016845
0.014433
0.007177
-0.002567
-0.012069
-0.019878
-0.022131
-0.015452
-0.008120
-0.005677
-0.008111
-0.006355
0.002267
0.011292
0.017466
0.021594
0.025113
0.029184
0.031056
0.031834
0.032212
0.027827
0.019063
0.006603
-0.004891
-0.012996
-0.018669
-0.023826
-0.032153
-0.041626
-0.045644
-0.043596
-0.035838
-0.023543
-0.007666
0.007327
0.016369
0.022447
0.024216
0.022484
0.017851
0.012375
0.009735
0.006359
-0.003884
-0.020075
-0.033826
-0.042173
-0.048441
-0.052777
-0.053210
-0.047933
-0.038391
-0.024190
-0.007084
0.007495
0.014915
0.013994
0.009424
0.006994
0.007497
0.009909
0.013095
0.016236
0.020770
0.027953
0.038435
0.053144
0.061797
0.055461
0.041067
0.029418
0.024817
0.022620
0.014467
-0.002708
-0.020698
-0.027861
-0.027013
-0.025946
-0.027329
-0.031613
-0.034892
-0.035810
-0.036567
-0.037173
-0.035171
-0.027304
-0.014054
0.002671
0.016927
0.024186
0.028876
0.033804
0.039188
0.041969
0.036621
0.025148
0.014915
0.012477
0.018587
0.021241
0.012813
-0.001873
-0.014439
-0.019434
-0.014850
-0.005312
0.001054
0.002834
0.008018
0.017063
0.020815
0.019744
0.018244
0.013210
0.002798
-0.008334
-0.015919
-0.019253
-0.024857
-0.033386
-0.036784
-0.032456
-0.019421
-0.004623
0.005612
0.010781
0.007838
0.000824
-0.003823
0.002237
0.018106
0.033009
0.039287
0.037121
0.032726
0.029180
0.025880
0.020339
0.010151
-0.003262
-0.014478
-0.019067
-0.016181
-0.005880
0.007038
0.019260
0.026529
0.030109
0.034510
0.039765
0.041171
0.031967
0.011774
-0.006365
-0.012809
-0.010095
-0.007745
-0.011122
-0.016813
-0.019196
-0.018467
-0.018115
-0.020700
-0.029993
-0.042464
-0.051648
-0.054859
-0.050755
-0.038783
-0.024950
-0.014158
-0.006381
0.001675
0.012728
0.020862
0.024071
0.017715
0.001838
-0.015797
-0.027674
-0.030431
-0.024522
-0.013216
-0.001364
0.007983
0.016467
0.026789
0.037489
0.045269
0.047837
0.042192
0.026623
0.007799
-0.006139
-0.013921
-0.018521
-0.022359
-0.026840
-0.028539
-0.025674
-0.022112
-0.018816
-0.013575
-0.006109
-0.001264
-0.001682
-0.000954
0.003482
0.010163
0.016285
0.022813
0.029693
0.034072
0.038249
0.045148
0.050443
0.052263
0.052172
0.049665
0.043577
0.032738
0.024148
0.021827
0.020748
0.016997
0.009312
-0.001027
-0.004227
-0.000220
0.002226
-0.001670
-0.008349
-0.013590
-0.017524
-0.019792
-0.024087
-0.033405
-0.043076
-0.049859
-0.048571
-0.036240
-0.022839
-0.017197
-0.016557
-0.014543
-0.011219
-0.008737
-0.004938
-0.000476
0.005458
0.013103
0.019066
0.021828
0.024324
0.030425
0.039373
0.046306
0.046406
0.036694
0.023462
0.009431
-0.007658
-0.026475
-0.047451
-0.064323
-0.069560
-0.062873
-0.049485
-0.034327
-0.018792
-0.003954
0.008329
0.016008
0.020606
0.020809
0.014733
0.004184
-0.008088
-0.019319
-0.028319
-0.032486
-0.031546
-0.027333
-0.017771
-0.006264
0.000983
0.004527
0.008413
0.011934
0.010264
0.004176
0.001310
0.006782
0.020512
0.032398
0.036347
0.033564
0.025323
0.016383
0.008358
0.002018
-0.002217
-0.003909
-0.000766
0.003189
0.005413
0.004132
0.001385
-0.001399
-0.005187
-0.007047
-0.006656
-0.009280
-0.019042
-0.032772
-0.042381
-0.044880
-0.042017
-0.040261
-0.042240
-0.044381
-0.038160
-0.025829
-0.011010
0.005156
0.018530
0.026983
0.029412
0.028686
0.028874
0.029145
0.029469
0.029208
0.028047
0.026987
0.029554
0.034883
0.037774
0.036153
0.029558
0.022662
0.020265
0.019281
0.014503
0.005554
-0.004831
-0.015672
-0.025846
-0.033927
-0.039413
-0.042212
-0.043380
-0.044053
-0.042913
-0.042070
-0.038696
-0.030685
-0.015602
0.001152
0.013463
0.019466
0.021114
0.023366
0.025345
0.025187
0.019206
0.012198
0.010343
0.013806
0.020459
0.026444
0.031572
0.034274
0.033548
0.032402
0.030199
0.024537
0.015544
0.009778
0.009477
0.012276
0.015104
0.013307
0.006176
-0.004120
-0.015341
-0.024961
-0.031502
-0.036036
-0.040170
-0.041884
-0.039563
-0.032277
-0.023705
-0.021975
-0.026811
-0.030233
-0.027713
-0.019154
-0.009401
-0.001508
0.001278
-0.001999
-0.007712
-0.012869
-0.013484
-0.013356
-0.017031
-0.025277
-0.031710
-0.031008
-0.025920
-0.019823
-0.015136
-0.009982
-0.004957
-0.001164
0.003225
0.005492
0.007449
0.011942
0.019727
0.030391
0.036604
0.035091
0.029458
0.024490
0.020621
0.013094
-0.000551
-0.017438
-0.030024
-0.032806
-0.025460
-0.016798
-0.012534
-0.012068
-0.016796
-0.020960
-0.020232
-0.015764
-0.013421
-0.015962
-0.020230
-0.025977
-0.029287
-0.027171
-0.021624
-0.013862
-0.007195
-0.002776
0.003569
0.011047
0.019733
0.028872
0.034560
0.031106
0.023492
0.021057
0.024126
0.030383
0.034237
0.028706
0.018533
0.012371
0.010624
0.011982
0.015178
0.015992
0.014548
0.012975
0.013670
0.014690
0.011556
0.004167
-0.007439
-0.020268
-0.030966
-0.036226
-0.034457
-0.031742
-0.032309
-0.031696
-0.021626
-0.002916
0.014057
0.024068
0.028008
0.027213
0.022645
0.019045
0.018547
0.019865
0.017415
0.009163
0.002840
0.001975
0.007353
0.014276
0.016354
0.013587
0.010580
0.011236
0.013797
0.012687
0.008501
0.005638
0.006747
0.012666
0.020321
0.026797
0.031092
0.034965
0.038099
0.036287
0.025039
0.010844
0.001893
-0.002106
-0.004618
-0.007137
-0.009537
-0.012847
-0.018194
-0.025048
-0.032558
-0.038606
-0.039052
-0.031701
-0.019130
-0.008819
-0.001950
0.001417
0.000526
-0.003914
-0.011097
-0.017792
-0.021027
-0.023834
-0.028988
-0.035375
-0.040726
-0.040152
-0.033456
-0.021757
-0.009457
-0.002271
-0.001077
-0.002217
-0.004244
-0.005396
-0.005795
-0.005369
-0.003267
0.001752
0.008486
0.014375
0.020381
0.025075
0.026905
0.025180
0.021524
0.017689
0.011395
0.001535
-0.008171
-0.013751
-0.012864
-0.007679
0.000226
0.009910
0.020477
0.029343
0.034914
0.039111
0.045015
0.051067
0.055139
0.054135
0.047694
0.038616
0.026895
0.011468
-0.005642
-0.023663
-0.039291
-0.050896
-0.056181
-0.055452
-0.050590
-0.042057
-0.030564
-0.014777
0.004496
0.021646
0.033314
0.040825
0.046619
0.050738
0.050332
0.044080
0.033716
0.023930
0.016158
0.008825
0.000390
-0.009216
-0.019197
-0.028200
-0.031466
-0.027726
-0.020350
-0.013612
-0.008958
-0.004832
-0.001365
0.001215
0.002023
0.003316
0.007802
0.012568
0.011888
0.003205
-0.008731
-0.016116
-0.017970
-0.016267
-0.014034
-0.013055
-0.012067
-0.014202
-0.021555
-0.031472
-0.038499
-0.042052
-0.040851
-0.036672
-0.029938
-0.020215
-0.008696
0.000696
0.005699
0.009964
0.014206
0.018308
0.021594
0.022279
0.019582
0.016362
0.014146
0.011365
0.005284
-0.005695
-0.017457
-0.024921
-0.027978
-0.026807
-0.022206
-0.016140
-0.011587
-0.010381
-0.010533
-0.011074
-0.013440
-0.016005
-0.016510
-0.014216
-0.013251
-0.017606
-0.025735
-0.031322
-0.029106
-0.021681
-0.015545
-0.014681
-0.016750
-0.019065
-0.017546
-0.010073
-0.002293
0.002419
0.003527
0.005336
0.010462
0.015263
0.015947
0.013017
0.010365
0.007723
0.004936
0.002989
0.000134
-0.002878
-0.005745
-0.009429
-0.013814
-0.017520
-0.019809
-0.020015
-0.017838
-0.014144
-0.011418
-0.008655
-0.005232
0.000210
0.005744
0.009838
0.011163
0.011099
0.011293
0.011365
0.008804
0.003778
0.000497
0.001776
0.007672
0.013034
0.014866
0.012762
0.008009
0.005537
0.004586
0.002296
-0.002669
-0.007832
-0.009429
-0.006225
0.000398
0.007598
0.011609
0.010011
0.006752
0.004537
0.002029
-0.003380
-0.009376
-0.010705
-0.006630
0.001850
0.010114
0.014902
0.013281
0.008114
0.002857
-0.000070
-0.000069
0.000686
0.001177
0.000836
0.000740
0.001933
0.002858
0.005564
0.008697
0.009420
0.007478
0.003494
-0.000219
-0.001833
-0.004666
-0.009368
-0.015500
-0.018472
-0.016085
-0.009514
-0.002092
0.004549
0.010212
0.010906
0.007695
0.003941
0.002413
0.003892
0.009210
0.018347
0.026359
0.030351
0.030748
0.028403
0.025767
0.024524
0.023418
0.023012
0.022789
0.020317
0.017244
0.013236
0.008623
0.001497
-0.006721
-0.013506
-0.017801
-0.019422
-0.021017
-0.021121
-0.019846
-0.016510
-0.013756
-0.011134
-0.007064
-0.003809
-0.000761
0.002668
0.002670
-0.000611
-0.001928
0.000679
0.003770
0.006625
0.009071
0.012792
0.018637
0.025706
0.031108
0.033196
0.032082
0.030752
0.029278
0.026025
0.020351
0.012237
0.002863
-0.006104
-0.011896
-0.015084
-0.016069
-0.015937
-0.014489
-0.010309
-0.005549
-0.002072
-0.000568
-0.002346
-0.005162
-0.007990
-0.010135
-0.012646
-0.014752
-0.015722
-0.015211
-0.012842
-0.008895
-0.005238
-0.001604
0.000169
-0.000134
0.000275
0.000616
0.001886
0.006258
0.013722
0.021228
0.025609
0.025889
0.024319
0.021591
0.019892
0.017563
0.014457
0.013837
0.017525
0.023264
0.026864
0.026435
0.022199
0.017166
0.011877
0.006530
0.000239
-0.005792
-0.007822
-0.005090
0.000612
0.007668
0.015361
0.021426
0.025655
0.027887
0.028219
0.025597
0.020391
0.013551
0.007020
0.001589
-0.003069
-0.006132
-0.006966
-0.007118
-0.008425
-0.009403
-0.010229
-0.009046
-0.008071
-0.008916
-0.010838
-0.013755
-0.015565
-0.014277
-0.009812
-0.003991
0.001150
0.005481
0.007168
0.006973
0.005725
0.003521
0.001557
-0.000329
-0.000269
0.000873
0.001371
0.000933
-0.000468
-0.002594
-0.007537
-0.016400
-0.025964
-0.033106
-0.034582
-0.032226
-0.027578
-0.020245
-0.010487
0.001733
0.014048
0.023744
0.030173
0.034457
0.035441
0.034173
0.031197
0.026321
0.021728
0.017841
0.015558
0.014493
0.012144
0.009701
0.008006
0.008987
0.011654
0.015940
0.020696
0.026091
0.030724
0.034492
0.035571
0.033212
0.028678
0.022742
0.015535
0.005161
-0.007556
-0.021256
-0.033120
-0.041660
-0.047457
-0.048355
-0.045139
-0.040308
-0.034583
-0.028039
-0.022403
-0.018559
-0.016484
-0.014255
-0.011409
-0.007429
0.000133
0.008650
0.016264
0.021158
0.021725
0.018442
0.012820
0.005369
-0.002278
-0.008054
-0.011255
-0.012107
-0.012580
-0.011563
-0.009379
-0.006756
-0.004462
-0.003556
-0.002989
-0.003699
-0.003759
-0.003794
-0.004214
-0.003845
-0.004024
-0.004753
-0.006227
-0.009010
-0.012612
-0.014840
-0.013391
-0.007914
-0.003158
0.000058
0.000816
0.001154
0.002559
0.004122
0.006549
0.009058
0.008493
0.004073
-0.002512
-0.008088
-0.012556
-0.015224
-0.016616
-0.015700
-0.012960
-0.010482
-0.008482
-0.007007
-0.007080
-0.009181
-0.013164
-0.016347
-0.018004
-0.015771
-0.011056
-0.006819
-0.001820
0.003791
0.009106
0.013431
0.016589
0.017576
0.016520
0.011736
0.004230
-0.003410
-0.008266
-0.010077
-0.010259
-0.008906
-0.007596
-0.007619
-0.008729
-0.009497
-0.009641
-0.010167
-0.010753
-0.008848
-0.003311
0.004221
0.010851
0.014800
0.016655
0.015590
0.012993
0.011168
0.010329
0.009730
0.007736
0.003591
-0.002381
-0.008558
-0.012223
-0.011943
-0.008189
-0.005969
-0.005730
-0.007624
-0.011882
-0.016409
-0.020022
-0.021421
-0.020390
-0.018672
-0.015854
-0.012733
-0.010246
-0.008828
-0.008868
-0.009281
-0.009877
-0.010650
-0.010481
-0.007829
-0.004001
-0.001681
-0.000786
-0.002069
-0.004103
-0.005444
-0.003431
0.001743
0.006819
0.009295
0.008347
0.004737
0.001738
0.000800
0.001361
0.002826
0.004284
0.004820
0.003974
0.003714
0.003824
0.004641
0.005328
0.004921
0.002616
0.000815
0.001046
0.001299
0.001714
0.002132
0.002561
0.003525
0.006035
0.009598
0.010961
0.009830
0.008232
0.007068
0.006306
0.006279
0.005289
0.002691
-0.000314
-0.003073
-0.005066
-0.006735
-0.007128
-0.005445
-0.003616
-0.001949
-0.001027
0.000064
0.002041
0.003713
0.004506
0.003771
0.001327
-0.001487
-0.003149
-0.004935
-0.007633
-0.012374
-0.016978
-0.018306
-0.016812
-0.012753
-0.007478
-0.003071
-0.000461
0.000495
0.000621
0.001971
0.003329
0.002618
-0.000578
-0.005000
-0.008531
-0.009054
-0.007642
-0.006182
-0.006055
-0.007141
-0.007639
-0.005817
-0.002776
-0.001143
0.000024
0.000093
-0.000764
-0.002730
-0.004050
-0.004579
-0.004304
-0.002779
-0.001629
-0.002135
-0.003454
-0.003574
-0.003651
-0.001163
0.002668
0.005566
0.007203
0.007403
0.007291
0.006659
0.006611
0.005873
0.004527
0.003612
0.003189
0.003220
0.002914
0.003131
0.004437
0.006723
0.008311
0.007844
0.005520
0.003235
0.001665
0.000095
-0.000294
-0.000708
-0.001530
-0.003339
-0.005310
-0.006258
-0.006161
-0.005051
-0.002748
0.000445
0.003253
0.004330
0.004383
0.004345
0.004044
0.001999
0.001005
0.000905
0.001614
0.001481
0.001594
0.002447
0.002949
0.004133
0.005457
0.005902
0.003504
-0.000700
-0.003934
-0.006365
-0.009795
-0.012276
-0.013938
-0.012651
-0.010117
-0.008842
-0.007562
-0.007355
-0.007665
-0.005284
-0.002958
-0.002858
-0.004368
-0.007032
-0.008807
-0.008021
-0.005896
-0.002979
-0.000413
0.000652
0.002515
0.004841
0.005100
0.003125
0.000222
-0.001628
-0.001117
0.001432
0.005650
0.007459
0.004749
0.000182
-0.003441
-0.005054
-0.005624
-0.005066
-0.001776
0.001283
0.003905
0.003543
0.002068
0.002133
0.003967
0.005266
0.006205
0.006245
0.004907
0.004250
0.005477
0.006738
0.006303
0.004168
0.000997
-0.000112
0.000578
0.003167
0.006154
0.007365
0.007534
0.008089
0.009568
0.011936
0.013399
0.011683
0.008860
0.004593
0.001420
0.000300
-0.001133
-0.002828
-0.005226
-0.006178
-0.005953
-0.005140
-0.004148
-0.003971
-0.003138
-0.000132
0.002688
0.006022
0.008044
0.007938
0.007703
0.006510
0.004117
0.000986
-0.001535
-0.003156
-0.005559
-0.007269
-0.006189
-0.003694
0.000718
0.005268
0.008429
0.008536
0.004804
-0.000688
-0.004298
-0.004970
-0.003732
-0.002155
-0.002164
-0.002053
-0.002495
-0.002780
-0.004002
-0.005415
-0.005402
-0.003358
-0.001304
0.001075
0.002903
0.003044
0.002729
0.002728
0.003325
0.003846
0.004523
0.005711
0.006309
0.004866
0.002102
-0.000876
-0.003287
-0.003610
-0.002577
-0.000596
0.002806
0.005582
0.007488
0.008097
0.007403
0.004742
0.001786
0.000541
-0.000344
-0.001434
-0.002481
-0.003678
-0.003243
-0.002190
-0.000855
0.001359
0.004762
0.007258
0.009029
0.010180
0.010066
0.011379
0.013138
0.014186
0.014354
0.013623
0.012865
0.012803
0.013247
0.013636
0.012313
0.009441
0.007413
0.006458
0.006366
0.006770
0.006817
0.007216
0.007673
0.007628
0.005700
0.003646
0.001701
0.000233
0.000497
0.001656
0.004114
0.005964
0.005813
0.003318
-0.000955
-0.005344
-0.010348
-0.013140
-0.015323
-0.015576
-0.013399
-0.011022
-0.008326
-0.005854
-0.004459
-0.004032
-0.004527
-0.005486
-0.006698
-0.008204
-0.010183
-0.011620
-0.011028
-0.008311
-0.005976
-0.004125
-0.002613
-0.002464
-0.003657
-0.004737
-0.003643
-0.001328
0.000069
-0.000608
-0.002462
-0.004302
-0.005967
-0.007321
-0.009001
-0.010237
-0.009869
-0.008711
-0.008210
-0.007724
-0.004460
0.000360
0.004251
0.007246
0.008994
0.007483
0.004868
0.003800
0.002957
0.001040
-0.001285
-0.002820
-0.003254
-0.003180
-0.002762
-0.003324
-0.005171
-0.006820
-0.005735
-0.003419
-0.001187
-0.000853
-0.002231
-0.003096
-0.003438
-0.004000
-0.002712
-0.000174
0.002010
0.002038
0.001433
0.002685
0.003548
0.005043
0.005624
0.006784
0.007806
0.008780
0.008821
0.007981
0.005639
0.001541
-0.001111
-0.003411
-0.005261
-0.006496
-0.008097
-0.007990
-0.006279
-0.004780
-0.004385
-0.005151
-0.006423
-0.006436
-0.005467
-0.004521
-0.004572
-0.003782
-0.001598
0.001680
0.005840
0.007916
0.008912
0.008569
0.007777
0.007469
0.006220
0.005496
0.004189
0.002560
0.001533
0.000494
-0.000424
-0.000764
0.000707
0.004026
0.007813
0.010284
0.010553
0.009122
0.006945
0.005014
0.003540
0.001928
0.000539
-0.000437
-0.001472
-0.002257
-0.002740
-0.003648
-0.002680
-0.001164
0.000746
0.001857
0.000379
-0.001659
-0.003643
-0.003298
-0.001880
-0.000804
-0.001431
-0.002507
-0.002528
-0.001970
-0.001350
-0.000567
-0.001010
-0.000491
0.001374
0.002780
0.004422
0.006252
0.007109
0.007847
0.006906
0.005542
0.003890
0.002019
-0.000412
-0.002450
-0.004361
-0.005403
-0.005447
-0.003785
-0.001144
0.001119
0.002422
0.002465
0.002977
0.004107
0.005560
0.006978
0.007512
0.006603
0.005066
0.004122
0.004337
0.004856
0.005303
0.004558
0.003285
0.003202
0.003205
0.002200
-0.000358
-0.002966
-0.003996
-0.003048
-0.001469
0.001660
0.003512
0.004115
0.003594
0.002730
0.002154
0.002163
0.002109
0.001091
-0.001434
-0.005299
-0.007329
-0.007744
-0.006954
-0.006160
-0.004841
-0.003753
-0.003193
-0.002083
-0.001221
-0.000951
-0.002070
-0.003141
-0.003223
-0.001379
0.001627
0.004757
0.006949
0.007623
0.008362
0.007099
0.004224
0.001613
-0.001050
-0.001922
-0.002145
-0.003697
-0.005256
-0.006664
-0.008254
-0.008398
-0.008467
-0.008512
-0.008021
-0.006393
-0.004130
-0.002262
0.000434
0.001989
0.002750
0.003400
0.003198
0.002684
0.001586
0.000740
0.001316
0.002283
0.002700
0.001948
0.000530
0.000435
0.002219
0.004586
0.005443
0.004544
0.002129
0.000147
0.000695
0.002525
0.004643
0.005859
0.005384
0.004024
0.003201
0.001731
-0.001377
-0.004412
-0.007900
-0.009152
-0.008251
-0.006442
-0.002425
0.000993
0.002558
0.002977
0.001593
-0.000359
-0.002472
-0.003832
-0.004426
-0.005111
-0.006762
-0.008217
-0.008796
-0.007406
-0.005722
-0.004862
-0.004883
-0.004244
-0.002700
-0.001866
-0.002057
-0.002336
-0.001228
-0.000099
0.000199
-0.000618
-0.001242
-0.002317
-0.003794
-0.004982
-0.005792
-0.005722
-0.004571
-0.004212
-0.003279
-0.003060
-0.003270
-0.004312
-0.006282
-0.007669
-0.008795
-0.009186
-0.008064
-0.005574
-0.003655
-0.001411
0.000033
-0.000324
-0.002110
-0.002247
-0.001875
-0.002929
-0.004058
-0.005936
-0.007015
-0.006030
-0.003970
-0.000708
0.001974
0.003232
0.003130
0.002290
0.001670
0.002079
0.002333
0.002445
0.001205
0.000421
-0.001003
-0.002618
-0.002746
-0.001806
-0.001215
-0.001129
-0.000898
-0.000906
-0.000676
0.000168
0.002361
0.004630
0.006159
0.006610
0.006848
0.006790
0.006177
0.005707
0.005120
0.003911
0.003262
0.003324
0.003730
0.004523
0.004581
0.004992
0.004855
0.002729
-0.000078
-0.002520
-0.003952
-0.004199
-0.004183
-0.004187
-0.003993
-0.003939
-0.003974
-0.003890
-0.002921
-0.002111
-0.002003
-0.002257
-0.001648
-0.002074
-0.003639
-0.004703
-0.003880
-0.000627
0.003845
0.006579
0.006950
0.006560
0.005726
0.005071
0.003893
0.003678
0.003013
0.001993
-0.000045
-0.001036
-0.000773
-0.000097
0.001147
0.001000
0.000332
-0.000026
0.001176
0.004176
0.006294
0.006718
0.005420
0.004406
0.003780
0.004124
0.005201
0.005155
0.005249
0.004790
0.003735
0.003189
0.002934
0.003761
0.004884
0.005980
0.005528
0.003052
0.000532
-0.001225
-0.002157
-0.002688
-0.003108
-0.003716
-0.003745
-0.003631
-0.002916
-0.000767
0.001976
0.003968
0.004440
0.002672
0.000979
0.000476
-0.000381
-0.000896
-0.000869
-0.001017
-0.001219
-0.002389
-0.003388
-0.003411
-0.003029
-0.002041
-0.000582
0.001295
0.001621
0.001450
0.001034
0.000322
0.000362
-0.000476
-0.002398
-0.003297
-0.003355
-0.003329
-0.003920
-0.005145
-0.005480
-0.005325
-0.004730
-0.003141
-0.001847
0.000433
0.001477
0.001752
0.001485
-0.000133
-0.002560
-0.004631
-0.005057
-0.005340
-0.005042
-0.004141
-0.002529
-0.000929
0.000338
0.000645
0.000126
-0.000971
-0.001916
-0.003295
-0.004902
-0.006510
-0.007752
-0.006116
-0.003356
-0.001725
-0.000598
0.000763
0.002003
0.002808
0.002173
0.000512
-0.000967
-0.002822
-0.004255
-0.005033
-0.004601
-0.004470
-0.004590
-0.004422
-0.002521
-0.000180
0.002009
0.003959
0.005896
0.006108
0.004452
0.001529
-0.002083
-0.004855
-0.005897
-0.005191
-0.003920
-0.001582
0.001070
0.004256
0.007562
0.008808
0.008933
0.008651
0.007472
0.006166
0.004280
0.002597
0.000505
-0.001246
-0.001475
0.000171
0.002022
0.003295
0.003672
0.004666
0.003907
0.002485
0.000660
-0.002102
-0.003435
-0.003447
-0.002411
-0.001346
0.000483
0.001999
0.003037
0.003256
0.001996
0.000329
-0.000615
0.000276
0.001716
0.002714
0.003252
0.003924
0.004038
0.004093
0.003851
0.003422
0.003243
0.003228
0.004147
0.004177
0.002607
0.001328
0.000062
-0.000308
0.000093
0.001055
0.002166
0.001811
0.000739
-0.001190
-0.002651
-0.003446
-0.003026
-0.002194
-0.000977
0.000443
0.001788
0.002215
0.002463
0.002158
0.000879
-0.000977
-0.000780
-0.000344
0.000099
0.000691
0.000984
0.001594
0.001891
0.001325
0.000281
-0.000541
-0.000741
0.000972
0.003837
0.006673
0.008255
0.008506
0.007121
0.004103
0.001190
0.000042
0.001428
0.003236
0.004428
0.004612
0.004478
0.005337
0.006006
0.004991
0.002950
0.001224
-0.000866
-0.001781
-0.000876
-0.000379
0.000529
0.001767
0.002701
0.002532
0.001525
0.001607
0.002321
0.003767
0.004688
0.004280
0.004082
0.004470
0.005916
0.006483
0.005613
0.003721
0.001726
0.000608
-0.000809
-0.001356
-0.003020
-0.004691
-0.006430
-0.007828
-0.007780
-0.006771
-0.005783
-0.005220
-0.004707
-0.004974
-0.004469
-0.002527
-0.001345
-0.000887
-0.000744
-0.000701
0.000048
0.000885
0.001798
0.002709
0.003442
0.003921
0.004341
0.005480
0.005381
0.004144
0.003075
0.001796
0.000576
-0.000634
-0.001391
-0.002012
-0.002765
-0.003595
-0.004690
-0.004552
-0.004160
-0.004684
-0.005293
-0.005475
-0.005174
-0.003465
-0.001375
0.000932
0.002915
0.003948
0.003428
0.002997
0.001384
-0.001556
-0.004528
-0.006474
-0.007928
-0.008627
-0.008002
-0.006273
-0.003240
-0.000787
0.000580
0.000707
0.000567
0.000178
-0.000494
-0.000668
0.000402
0.000841
-0.000229
-0.002124
-0.003595
-0.002462
0.000018
0.001361
0.001070
0.000179
-0.000398
0.000238
0.001567
0.001129
-0.000265
-0.001278
-0.000948
0.000524
0.002453
0.003141
0.001236
-0.001563
-0.002912
-0.002965
-0.002744
-0.002469
-0.001318
0.000407
0.001629
0.003066
0.004684
0.005706
0.005585
0.004111
0.002202
0.000115
-0.001105
-0.000881
0.000338
0.000508
0.000497
-0.000348
-0.000974
-0.000804
-0.000749
-0.001019
-0.001579
-0.002087
-0.002278
-0.002413
-0.002611
-0.002898
-0.003409
-0.002800
-0.001862
-0.000873
-0.001526
-0.002608
-0.003609
-0.003780
-0.003718
-0.003906
-0.003283
-0.001746
-0.000178
0.000803
0.001213
0.000089
-0.001580
-0.003041
-0.003499
-0.003289
-0.002680
-0.002222
-0.001819
-0.001585
-0.001667
-0.001566
-0.002371
-0.003964
-0.004560
-0.004405
-0.004797
-0.005544
-0.005276
-0.004374
-0.003011
-0.001581
-0.001225
-0.001075
-0.000988
-0.001341
-0.000444
0.001002
0.002148
0.001898
0.001189
0.000305
-0.000366
0.000365
0.000663
0.000574
0.000361
0.000468
0.001255
0.002827
0.004113
0.004931
0.004644
0.003876
0.002508
0.001707
0.000428
-0.000702
-0.001422
-0.000958
-0.000402
0.002508
0.004557
0.005165
0.004861
0.003086
0.001514
-0.000424
-0.002146
-0.002975
-0.002341
-0.000997
0.000084
0.001150
0.001272
0.000679
0.000400
-0.000025
-0.000240
-0.000503
-0.001010
-0.001307
-0.000843
-0.000901
-0.001530
-0.001731
-0.001618
-0.000889
0.000540
0.001538
0.002294
0.002888
0.003491
0.004023
0.003939
0.004362
0.003619
0.002295
-0.000553
-0.003647
-0.005315
-0.005531
-0.004149
-0.001472
0.000812
0.001613
0.002143
0.001544
0.001104
0.000960
0.000089
-0.000568
-0.001235
-0.002222
-0.004191
-0.004084
-0.003065
-0.002367
-0.002075
-0.002445
-0.003514
-0.004579
-0.004482
-0.004718
-0.004794
-0.004552
-0.003563
-0.002237
-0.001050
-0.000260
-0.000680
-0.000803
-0.000915
-0.000280
0.000553
0.000957
0.000932
0.001340
0.002707
0.004079
0.004133
0.002756
0.001042
0.000249
0.000567
0.001131
0.001115
0.001124
0.000683
0.000827
0.003133
0.004982
0.005539
0.005571
0.004898
0.004029
0.002815
0.001614
0.000517
0.000414
0.000876
0.002033
0.003348
0.004221
0.004772
0.004871
0.004105
0.002673
0.002537
0.002963
0.003318
0.003677
0.003639
0.002665
0.001742
0.002030
0.002679
0.004111
0.003862
0.002505
0.001923
0.001970
0.001969
0.001529
0.001337
0.001302
0.001582
0.002271
0.001356
0.000254
-0.001226
-0.002605
-0.002437
-0.001651
-0.000845
-0.000265
0.000053
0.000831
0.001183
0.001788
0.002695
0.003149
0.001973
0.000192
-0.001344
-0.001684
-0.001420
-0.001370
-0.001157
-0.000751
0.000396
0.002037
0.002428
0.002170
0.001120
0.001072
0.002368
0.003735
0.003847
0.003712
0.003243
0.002466
0.001574
0.000725
-0.000290
-0.001732
-0.002175
-0.002170
-0.001968
-0.002173
-0.002260
-0.002098
-0.001325
-0.000166
0.000370
0.000383
-0.000224
-0.000312
-0.000092
0.000369
0.000985
0.000972
0.001285
0.000258
-0.001213
-0.002384
-0.003170
-0.003715
-0.004417
-0.004473
-0.003536
-0.002562
-0.001790
-0.000547
0.000860
0.001735
0.002359
0.002664
0.001965
0.000832
-0.000042
-0.000435
-0.000215
0.000283
0.000779
0.001737
0.002594
0.003086
0.003140
0.003465
0.003009
0.003576
0.004216
0.004721
0.004702
0.003670
0.001925
-0.000273
-0.002367
-0.004100
-0.005290
-0.006401
-0.006980
-0.007192
-0.006917
-0.007112
-0.007334
-0.007007
-0.005883
-0.004201
-0.002692
-0.001371
0.000152
0.000789
0.000628
0.000361
-0.000781
-0.001367
-0.002075
-0.002546
-0.003291
-0.003131
-0.003019
-0.003000
-0.002221
-0.000928
0.000598
0.002268
0.002601
0.002055
0.001473
0.001823
0.001903
0.001339
-0.000008
-0.001537
-0.002744
-0.002961
-0.003210
-0.003153
-0.003569
-0.004421
-0.004087
-0.003013
-0.002334
-0.001881
-0.001415
-0.001491
-0.001217
-0.000662
-0.000683
-0.000094
0.000064
0.000446
0.002002
0.003512
0.005609
0.005749
0.004504
0.002330
0.000293
-0.000388
-0.001560
-0.002264
-0.002717
-0.003512
-0.003792
-0.003561
-0.003816
-0.003713
-0.003177
-0.002852
-0.002308
-0.001384
-0.000294
0.000899
0.001883
0.000817
-0.000607
-0.001676
-0.002176
-0.001351
-0.001569
-0.001991
-0.002730
-0.002809
-0.002726
-0.001986
-0.000513
-0.000501
0.000260
0.001844
0.003455
0.004909
0.005685
0.004847
0.004097
0.002688
0.001453
0.001102
0.000528
-0.001117
-0.002431
-0.002923
-0.002582
-0.002117
-0.001468
-0.001336
-0.001278
-0.001327
-0.000984
-0.000385
-0.000064
-0.000321
-0.001029
-0.000944
-0.000446
0.000650
0.001960
0.002420
0.001969
0.000735
-0.000821
-0.001548
-0.001127
-0.001060
-0.000881
-0.002071
-0.003236
-0.003383
-0.002558
-0.001402
-0.000581
0.000334
0.001254
0.001766
0.001973
0.001603
0.000611
-0.000623
-0.001167
-0.001464
-0.002157
-0.003342
-0.004250
-0.003861
-0.003699
-0.003173
-0.002547
-0.002535
-0.002313
-0.002342
-0.002621
-0.002770
-0.003027
-0.002985
-0.002874
-0.002454
-0.002088
-0.001480
-0.000840
-0.000064
0.000528
0.001464
0.002154
0.002240
0.001817
0.001156
0.001013
0.001040
0.000479
0.000625
0.000921
0.001589
0.002078
0.002523
0.003243
0.002943
0.002062
0.000887
0.000376
0.000275
0.000615
0.000118
0.000651
0.002012
0.002816
0.003461
0.003915
0.005218
0.005784
0.005884
0.005520
0.004464
0.003326
0.002728
0.002290
0.001580
0.000478
-0.000176
-0.000176
0.000098
-0.000171
-0.000541
-0.000818
-0.001119
-0.000858
-0.000392
-0.000486
-0.001112
-0.001585
-0.001464
-0.000173
0.001682
0.002687
0.002922
0.002392
0.001845
0.001487
0.001627
0.001348
0.001016
0.001066
0.001767
0.002332
0.002713
0.002532
0.000724
-0.000929
-0.002077
-0.001776
-0.001970
-0.001834
-0.001616
-0.001457
-0.000713
0.000866
0.002763
0.004496
0.005622
0.006094
0.006602
0.006220
0.005837
0.004304
0.002741
0.001681
0.000638
-0.000555
-0.002119
-0.002696
-0.002823
-0.002500
-0.001517
-0.000808
0.000050
0.001265
0.001497
0.000758
0.000559
0.000362
-0.000169
-0.001130
-0.002241
-0.002511
-0.003485
-0.003696
-0.004398
-0.005245
-0.005346
-0.005568
-0.005517
-0.005268
-0.005417
-0.005710
-0.005508
-0.004474
-0.002975
-0.002517
-0.001095
0.000261
0.001456
0.002272
0.002704
0.003450
0.003713
0.003273
0.002856
0.002672
0.002535
0.003045
0.003537
0.003373
0.003189
0.002966
0.001775
0.001271
0.000965
0.000735
0.000293
-0.000191
-0.001286
-0.002037
-0.001262
-0.001070
-0.000271
0.000711
0.001523
0.002575
0.002988
0.002377
0.001273
0.000274
-0.000744
-0.000055
0.001615
0.003025
0.003622
0.003357
0.002474
0.001137
0.000760
-0.000494
-0.001219
-0.001262
-0.000924
-0.000609
-0.000942
-0.001168
-0.001192
-0.000336
-0.000038
-0.000221
-0.000880
-0.000879
-0.000648
-0.000263
-0.001010
-0.001584
-0.001409
-0.001503
-0.001004
-0.000833
-0.000856
-0.001276
-0.001120
-0.000807
0.000103
0.000646
0.000488
0.000312
0.000369
-0.001176
-0.001837
-0.001220
-0.001583
-0.001100
-0.000256
0.000882
0.001512
0.000991
0.000233
-0.000616
-0.001749
-0.003183
-0.004796
-0.005818
-0.005137
-0.003763
-0.002184
-0.000294
0.001108
0.002190
0.002486
0.002090
0.001841
0.000973
0.000397
-0.000157
0.000074
-0.000043
-0.000320
0.000388
0.000956
0.001138
0.001513
0.002693
0.003795
0.004510
0.004453
0.003545
0.002263
0.001184
0.000330
-0.000967
-0.002245
-0.003850
-0.005037
-0.004994
-0.004414
-0.003203
-0.002034
-0.000504
0.001175
0.002156
0.001999
0.002127
0.001801
0.001714
0.001904
0.002311
0.002011
0.001494
0.000706
0.000336
-0.000443
-0.001533
-0.002454
-0.003197
-0.002761
-0.001854
-0.000955
-0.000188
0.000851
0.002055
0.001827
0.001746
0.002145
0.002611
0.002989
0.003195
0.002891
0.002245
0.001428
0.000819
-0.000035
-0.001074
-0.001195
-0.001562
-0.001854
-0.000856
-0.000119
-0.000081
-0.000003
0.000044
-0.000424
-0.000552
-0.001197
-0.001685
-0.001818
-0.001272
-0.001179
-0.000555
-0.000437
-0.000263
0.000549
0.002020
0.002586
0.003297
0.003209
0.002095
0.000928
0.000022
-0.000300
-0.000692
-0.000685
-0.000725
-0.000509
-0.000628
-0.000911
-0.000852
-0.000444
0.000292
0.001182
0.001947
0.001851
0.001942
0.001702
0.001296
0.000739
0.000324
-0.000079
-0.000522
-0.001060
-0.001654
-0.001600
-0.001766
-0.000873
0.000446
0.000274
0.000429
0.001496
0.003055
0.004233
0.004594
0.004080
0.003919
0.003552
0.002922
0.002349
0.001152
0.000092
-0.000890
-0.000445
0.000285
0.001395
0.002279
0.002544
0.003150
0.002834
0.002622
0.002677
0.002101
0.001855
0.001769
0.001506
0.001863
0.002660
0.002758
0.001479
0.000814
-0.000343
-0.001982
-0.002516
-0.002498
-0.002486
-0.002103
-0.001648
-0.001089
-0.000822
-0.001250
-0.002186
-0.001544
-0.000452
0.000039
0.000718
0.000574
0.000289
0.000803
0.000967
0.000975
0.001004
0.000877
0.001187
0.001122
0.001366
0.001672
0.002370
0.002933
0.002368
0.000586
-0.001326
-0.003617
-0.005370
-0.005211
-0.004221
-0.003295
-0.002469
-0.001900
-0.001390
-0.001675
-0.001793
-0.002141
-0.002436
-0.002087
-0.002419
-0.002192
-0.002008
-0.001477
-0.000072
0.000643
0.001233
0.001940
0.001333
0.001308
0.001508
0.000823
0.000029
-0.000727
-0.001011
-0.000725
-0.000345
-0.000245
-0.000554
-0.001097
-0.000961
-0.001345
-0.001368
-0.001336
-0.001446
-0.002297
-0.003956
-0.004969
-0.005252
-0.005641
-0.005373
-0.004731
-0.004463
-0.004432
-0.003400
-0.001913
-0.001256
-0.001398
-0.001588
-0.001818
-0.001794
-0.001743
-0.001974
-0.002344
-0.002608
-0.002789
-0.002218
-0.001653
-0.001506
-0.002303
-0.002851
-0.003024
-0.003394
-0.003541
-0.003334
-0.002638
-0.001369
-0.000035
0.001313
0.001661
0.001432
0.001047
0.000732
0.000131
0.000499
0.001129
0.001792
0.001844
0.002138
0.002596
0.003358
0.003458
0.003480
0.003853
0.002856
0.001913
0.000882
-0.000287
-0.002279
-0.003645
-0.004795
-0.005060
-0.004080
-0.003654
-0.003219
-0.002695
-0.002437
-0.001456
-0.000817
-0.000215
-0.000046
-0.000636
-0.000486
-0.000179
0.000227
0.000799
0.001258
0.002275
0.003194
0.003229
0.003473
0.003661
0.003519
0.003207
0.002453
0.001623
0.000848
0.001152
0.001006
0.001565
0.001229
0.000346
-0.000288
-0.001064
-0.001041
-0.000852
-0.000069
0.000783
0.001433
0.001597
0.001099
0.001001
0.000561
0.000041
0.000694
0.000595
0.001385
0.001746
0.001932
0.002029
0.001215
0.000091
-0.000832
-0.001392
-0.002746
-0.003103
-0.002310
-0.001492
-0.000507
0.000235
0.000505
0.000633
0.000276
0.000248
0.000328
0.000878
0.000809
0.000887
0.000988
0.000939
0.000966
0.000981
0.000300
-0.000701
-0.001596
-0.001423
-0.001211
-0.001200
-0.001676
-0.002029
-0.000700
0.000390
0.001458
0.002776
0.003921
0.003849
0.004036
0.003476
0.002629
0.001719
0.000692
0.000028
0.000536
0.000740
0.000576
-0.000236
-0.000639
-0.000905
-0.001439
-0.001896
-0.002080
-0.001650
-0.001231
-0.000507
-0.000062
-0.000202
0.000170
0.000329
-0.000537
-0.001786
-0.002546
-0.002259
-0.001208
0.000405
0.002315
0.003103
0.003850
0.003859
0.004457
0.004560
0.003321
0.002049
0.001446
0.001239
0.001355
0.001099
0.000766
-0.000185
-0.000991
-0.001287
-0.000926
-0.000448
-0.000299
-0.000815
-0.001795
-0.001806
-0.001261
-0.000376
0.000594
0.001698
0.002815
0.003601
0.004240
0.003824
0.003036
0.002999
0.002886
0.003511
0.004168
0.003727
0.003729
0.003088
0.001676
0.000540
-0.000537
-0.000781
-0.001034
-0.000834
-0.000404
-0.000426
-0.000247
0.000081
0.000550
0.000608
0.000404
0.000129
0.000257
-0.000365
-0.000939
-0.001515
-0.002131
-0.001949
-0.002043
-0.001647
-0.000816
-0.000586
-0.000686
-0.000532
-0.000383
-0.000449
-0.000199
0.000057
0.000162
0.000740
0.000743
0.001141
0.000583
0.000306
0.000791
0.001433
0.001996
0.002371
0.002754
0.002931
0.002938
0.002542
0.001230
0.000002
-0.000769
-0.000140
0.000675
0.002056
0.003805
0.004549
0.003921
0.003273
0.002399
0.001525
0.000721
0.000061
-0.000624
-0.000910
-0.001208
-0.001019
-0.001147
-0.001605
-0.002029
-0.003228
-0.002729
-0.001909
-0.001156
-0.000131
0.001516
0.002990
0.003334
0.003305
0.002686
0.001686
0.000898
0.000181
0.000763
0.001744
0.002282
0.002093
0.001649
0.000685
-0.000391
-0.000588
-0.000467
-0.000903
-0.001082
-0.001173
-0.000747
0.000008
0.000294
0.000045
-0.001458
-0.002847
-0.003871
-0.004452
-0.003962
-0.003764
-0.003840
-0.003670
-0.002961
-0.002186
-0.001006
-0.001030
-0.001099
-0.001116
-0.001069
-0.000905
-0.001501
-0.001371
-0.001522
-0.001249
-0.001582
-0.002212
-0.002249
-0.002532
-0.001817
-0.001567
-0.000941
0.000000
0.000858
0.002181
0.002683
0.002693
0.002712
0.002530
0.001552
0.001072
0.000866
0.001746
0.001789
0.001262
0.001768
0.002297
0.002246
0.002061
0.001059
0.000183
0.000282
0.000371
-0.000110
-0.000313
0.000151
0.000404
0.000795
0.000854
0.000661
0.000067
-0.000547
-0.001158
-0.001654
-0.001409
-0.000725
-0.000743
-0.001097
-0.000790
-0.000432
0.000094
0.000562
0.000666
0.000855
0.001078
0.000809
0.000966
0.000991
0.001314
0.001656
0.001544
0.001610
0.001541
0.001678
0.001192
0.000199
-0.000209
-0.000899
-0.000830
-0.000577
-0.000096
0.000433
0.000119
-0.000183
-0.000543
-0.001063
-0.001636
-0.001879
-0.001750
-0.001858
-0.001591
-0.002048
-0.001796
-0.001411
-0.001867
-0.001852
-0.001900
-0.001674
-0.001323
-0.001278
-0.000774
-0.000890
-0.001233
-0.001131
-0.000706
-0.000307
0.000050
0.000476
0.000404
0.000482
0.000175
0.000016
-0.000577
-0.000201
0.000258
-0.000169
-0.000364
-0.000882
-0.001538
-0.002415
-0.003142
-0.003982
-0.004321
-0.004217
-0.004219
-0.003540
-0.003102
-0.001891
-0.001090
-0.000752
-0.001119
-0.001583
-0.001919
-0.002095
-0.001606
-0.000831
-0.000121
-0.000045
-0.000292
-0.001132
-0.002349
-0.003133
-0.003345
-0.003266
-0.003484
-0.003385
-0.002516
-0.002017
-0.000775
0.000409
0.001000
0.001196
0.001477
0.001473
0.001387
0.001878
0.002523
0.002533
0.002540
0.002505
0.001942
0.001082
-0.000276
-0.001469
-0.002296
-0.003314
-0.003922
-0.003466
-0.002576
-0.002290
-0.002423
-0.001884
-0.002356
-0.002381
-0.001324
-0.000709
-0.000516
-0.000207
0.000077
0.000993
0.002003
0.002515
0.002521
0.002508
0.002002
0.001409
0.000432
-0.000280
-0.001365
-0.002012
-0.002897
-0.003361
-0.003432
-0.003603
-0.003179
-0.002767
-0.002380
-0.002364
-0.002783
-0.003201
-0.003035
-0.002752
-0.002684
-0.003137
-0.003012
-0.002537
-0.002410
-0.002289
-0.001826
-0.001107
-0.000264
0.000546
0.001281
0.001963
0.002910
0.002851
0.002340
0.001727
0.001435
0.000676
0.000535
-0.000068
-0.000098
-0.000182
-0.000441
-0.000425
-0.000819
-0.000451
-0.000119
0.000239
0.001081
0.001498
0.001376
0.001701
0.001992
0.001652
0.001531
0.001628
0.001450
0.001024
0.000861
0.000699
0.000249
0.000261
0.000130
-0.000585
-0.001127
-0.000689
-0.000522
-0.000961
-0.001206
-0.001332
-0.001802
-0.002216
-0.002412
-0.002536
-0.002599
-0.002323
-0.002470
-0.001769
-0.001156
-0.001192
-0.001164
-0.001339
-0.001855
-0.001593
-0.000901
-0.000184
0.000359
0.000329
0.000489
0.001388
0.002143
0.001970
0.001659
0.001114
0.000590
-0.000310
-0.000267
0.000134
0.000398
0.000574
0.000366
0.001006
0.000758
0.000366
0.000273
0.000463
0.000895
0.001125
0.001549
0.001550
0.001420
0.001385
0.001239
0.000948
0.000783
0.000478
0.001159
0.001704
0.002155
0.002435
0.002760
0.003483
0.003403
0.002904
0.002442
0.001921
0.001569
0.001580
0.000972
0.000825
0.000126
-0.000236
-0.000342
-0.000047
0.000621
0.001690
0.002648
0.003064
0.003446
0.003713
0.003411
0.002837
0.002414
0.002099
0.001814
0.001274
0.000721
0.000337
-0.000176
-0.001194
-0.001569
-0.001426
-0.001298
-0.000789
-0.000539
-0.000820
-0.001242
-0.001637
-0.001897
-0.001784
-0.000788
-0.000482
-0.000998
-0.002002
-0.002404
-0.002528
-0.002326
-0.002286
-0.001680
-0.001034
-0.000284
0.000424
0.001435
0.002059
0.002479
0.002622
0.002841
0.003047
0.002343
0.002035
0.001355
0.001357
0.001142
0.000380
0.000039
-0.000123
0.000070
-0.000603
-0.001163
-0.001163
-0.001072
-0.000503
0.000316
0.001038
0.001509
0.002045
0.002014
0.002085
0.001827
0.001090
0.000787
0.000553
0.000393
0.000899
0.001111
0.001130
0.000889
0.001088
0.001084
0.000855
0.001452
0.000995
0.000792
0.000815
0.000932
0.001678
0.002129
0.002570
0.002865
0.001953
0.001323
0.000095
-0.001572
-0.002439
-0.002135
-0.001734
-0.000835
-0.000892
-0.001518
-0.001053
-0.000869
-0.000422
0.000353
0.000550
0.000267
0.000253
-0.000002
-0.000381
0.000197
0.000296
0.000500
0.000499
0.000242
0.000535
0.001103
0.001087
0.001081
0.000808
0.000930
0.001155
0.001512
0.002000
0.002082
0.001834
0.001868
0.001495
0.001199
0.001664
0.002076
0.002378
0.002932
0.003418
0.003940
0.003706
0.003162
0.002420
0.001327
0.000838
-0.000228
-0.001057
-0.001267
-0.001217
-0.000813
-0.000151
0.000087
0.000546
0.001338
0.001334
0.001506
0.002122
0.001451
0.000534
-0.000262
-0.001206
-0.000789
0.000135
0.000667
0.000667
0.000502
0.000226
0.000023
0.000052
0.000095
-0.000668
-0.001364
-0.001453
-0.001581
-0.001047
-0.000146
0.000120
0.000003
0.000622
0.000890
0.001012
0.000925
0.001223
0.001753
0.001780
0.001740
0.001815
0.001040
0.000317
0.000007
-0.000322
-0.000802
-0.001302
-0.001929
-0.001516
-0.000616
-0.000325
0.000081
0.000309
0.000585
0.000791
0.000802
0.000274
-0.000051
-0.000543
-0.000398
-0.000016
-0.000238
-0.000333
-0.000227
0.000032
-0.000231
-0.000322
-0.000252
-0.000309
-0.001087
-0.001270
-0.001060
-0.001505
-0.000944
-0.000663
-0.000370
0.000319
0.000314
-0.000642
-0.001234
-0.002159
-0.002090
-0.001671
-0.001625
-0.001700
-0.001180
-0.001098
-0.000812
-0.000715
-0.001052
-0.000626
-0.000224
0.000227
0.000772
0.000272
0.000843
0.001149
0.000923
0.000666
0.000479
0.000317
-0.000066
-0.000461
-0.001262
-0.001445
-0.001515
-0.001585
-0.001685
-0.001634
-0.001677
-0.001647
-0.001116
-0.000916
-0.000952
-0.000849
-0.000292
-0.000058
-0.000145
-0.000094
-0.000135
-0.000096
-0.000142
-0.000054
-0.000344
-0.000902
-0.000449
-0.000294
-0.000080
0.000896
0.001275
0.002276
0.002341
0.001500
0.000565
-0.000430
-0.000824
-0.001046
-0.001418
-0.001061
-0.001102
-0.000817
-0.000333
-0.000028
0.000342
-0.000167
0.000084
0.000021
-0.000488
-0.000111
-0.000266
-0.000729
-0.000729
-0.000777
-0.000429
-0.000742
-0.001036
-0.000832
-0.000016
0.000620
0.000920
0.001644
0.001679
0.002186
0.002218
0.002170
0.001713
0.001877
0.001554
0.001174
0.000670
0.000111
-0.000701
-0.001466
-0.002207
-0.002735
-0.003766
-0.003976
-0.003733
-0.003619
-0.003264
-0.002537
-0.002306
-0.001928
-0.001520
-0.001191
-0.001212
-0.001582
-0.001511
-0.001658
-0.001257
-0.000951
-0.000874
-0.000773
-0.000347
-0.000059
0.000532
0.000333
-0.000672
-0.000931
-0.001296
-0.001537
-0.001480
-0.001052
-0.000881
-0.000810
-0.000289
0.000178
0.000974
0.001096
0.001090
0.001535
0.001070
0.000067
-0.000355
-0.001145
-0.001780
-0.002119
-0.002241
-0.002404
-0.002887
-0.004036
-0.004871
-0.005247
-0.005187
-0.004749
-0.004757
-0.003861
-0.002928
-0.001799
-0.002138
-0.001809
-0.001704
-0.001887
-0.002588
-0.002896
-0.002248
-0.001449
-0.000448
0.000377
0.001542
0.002010
0.002414
0.002549
0.001831
0.001415
0.001427
0.001405
0.001462
0.001679
0.001361
0.000673
-0.000092
-0.000342
-0.000257
-0.000320
0.000211
-0.000393
-0.000655
-0.000580
-0.000530
-0.000236
-0.000264
-0.000494
-0.000260
0.000532
0.000501
0.000724
0.000590
0.000971
0.000883
0.001493
0.001708
0.001722
0.001525
0.001088
0.000026
-0.000361
-0.000016
-0.000386
-0.000361
0.000801
0.001433
0.001885
0.001728
0.001146
0.000840
0.001008
0.000136
-0.000289
-0.000161
-0.000369
-0.000085
0.000241
0.000792
0.001677
0.002195
0.001790
0.001522
0.001155
0.000201
-0.000347
-0.000610
-0.001117
-0.000870
-0.000583
-0.000182
-0.000534
-0.000852
-0.000759
-0.001240
-0.001428
-0.000837
-0.001003
-0.000782
0.000342
0.001331
0.001857
0.002319
0.002306
0.001602
0.001882
0.002260
0.002361
0.002050
0.001525
0.001492
0.001566
0.001342
0.000949
0.000214
-0.000576
-0.000204
0.000273
0.000503
0.001297
0.001887
0.001833
0.001908
0.001665
0.001289
0.000951
0.000907
0.000575
0.000176
-0.000569
-0.001269
-0.000808
-0.001459
-0.001707
-0.001244
-0.000746
-0.001059
-0.000345
0.000090
0.000098
-0.000255
-0.000234
0.000383
0.000708
0.001074
0.000556
0.000278
0.000200
-0.000787
-0.000314
0.000291
0.000113
-0.000023
0.000611
0.000178
0.000353
0.001774
0.002299
0.002912
0.003144
0.002795
0.002480
0.003007
0.003055
0.002522
0.002208
0.002863
0.003518
0.003752
0.003322
0.002639
0.002418
0.002481
0.002061
0.001119
0.000391
0.000664
0.001349
0.001597
0.000996
-0.000002
-0.000448
-0.000770
-0.000637
-0.000536
-0.001058
-0.001165
-0.000484
-0.000585
-0.001099
-0.001421
-0.001915
-0.002046
-0.002128
-0.001670
-0.000545
-0.000452
0.000097
0.000400
0.000234
0.000542
0.001044
0.001057
0.001036
0.000938
0.000159
-0.000072
0.000391
0.000129
0.000371
0.000456
0.000347
0.000609
0.001507
0.001750
0.001262
0.001059
0.000908
0.000475
0.000887
0.000544
0.000270
0.000668
0.000564
0.000765
0.000849
0.000643
0.000195
0.000798
0.001449
0.001394
0.000794
0.000339
-0.000233
-0.000098
0.000248
0.000087
0.000543
0.000824
0.000999
0.000530
-0.000266
-0.000663
-0.000657
-0.000666
-0.000621
-0.000789
-0.001081
-0.001304
-0.001682
-0.001586
-0.001775
-0.001883
-0.001361
-0.000828
-0.000468
-0.000324
-0.000329
-0.000464
-0.000255
-0.000160
-0.000003
0.000115
-0.000054
-0.000556
-0.000591
-0.000833
-0.000706
-0.000816
-0.001039
-0.000769
-0.000552
-0.000132
-0.000091
-0.000422
-0.000428
-0.000581
-0.000674
-0.000570
-0.000252
-0.000339
-0.000135
-0.000178
-0.000006
-0.000072
-0.000101
-0.000203
-0.000211
0.000302
0.000385
0.000262
0.000289
0.000025
0.000052
0.000492
0.000552
0.000426
0.000002
-0.000032
-0.000034
0.000135
0.000035
-0.000266
-0.000494
-0.000572
-0.000611
-0.000482
-0.000560
-0.000560
-0.000411
-0.000308
-0.000229
-0.000102
-0.000162
-0.000330
-0.000501
-0.000518
-0.000523
-0.000327
0.000065
0.000078
0.000030
-0.000057
-0.000181
-0.000374
-0.000388
-0.000476
-0.000590
-0.000641
-0.000623
-0.000703
-0.000622
-0.000563
-0.000523
-0.000602
-0.000601
-0.000563
-0.000598
-0.000651
-0.000700
-0.000639
-0.000547
-0.000420
-0.000310
-0.000339
-0.000170
-0.000062
0.000088
0.000224
0.000254
0.000248
0.000196
0.000057
-0.000023
-0.000083
-0.000116
-0.000251
-0.000270
-0.000258
-0.000245
-0.000257
-0.000242
-0.000259
-0.000322
-0.000385
-0.000366
-0.000329
-0.000277
-0.000237
-0.000268
-0.000216
-0.000152
-0.000088
-0.000042
-0.000006
-0.000014
-0.000037
-0.000067
-0.000074
-0.000094
-0.000111
-0.000133
-0.000128
-0.000104
-0.000071
-0.000044
-0.000039
-0.000076
-0.000107
-0.000122
-0.000107
-0.000083
-0.000061
-0.000032
-0.000001
0.000011
0.000021
0.000020
0.000024
0.000025
0.000005
0.000002
0.000015
0.000022
0.000024
0.000017
0.000022
0.000024
0.000028
0.000027
0.000038
0.000047
0.000046
0.000046
0.000047
0.000042
0.000036
0.000034
0.000037
0.000044
0.000048
0.000053
0.000055
0.000055
0.000054
0.000051
0.000049
0.000047
0.000046
0.000045
0.000045
0.000046
0.000045
0.000043
0.000040
0.000036
0.000034
0.000033
0.000031
0.000029
0.000027
0.000025
0.000024
0.000023
0.000021
0.000020
0.000018
0.000016
0.000014
0.000011
0.000009
0.000007
0.000004
0.000002
0.000000
-0.000002
-0.000004
-0.000006
-0.000009
-0.000011
-0.000013
-0.000015
-0.000017
-0.000019
-0.000021
-0.000024
-0.000026
-0.000028
-0.000030
-0.000032
-0.000034
-0.000036
-0.000038
-0.000040
-0.000043
-0.000045
-0.000047
