-0.000873
-0.001212
-0.001378
-0.001050
-0.001079
-0.001070
-0.001061
-0.001054
-0.001045
-0.001031
-0.001013
-0.000991
-0.000967
-0.000941
-0.000912
-0.000880
-0.000846
-0.000815
-0.000787
-0.000764
-0.000746
-0.000729
-0.000713
-0.000699
-0.000692
-0.000696
-0.000712
-0.000738
-0.000774
-0.000819
-0.000872
-0.000930
-0.000987
-0.001039
-0.001082
-0.001114
-0.001137
-0.001150
-0.001153
-0.001143
-0.001117
-0.001076
-0.001028
-0.000979
-0.000934
-0.000894
-0.000863
-0.000846
-0.000842
-0.000846
-0.000857
-0.000875
-0.000902
-0.000936
-0.000978
-0.001023
-0.001059
-0.001071
-0.001055
-0.001017
-0.000970
-0.000922
-0.000874
-0.000818
-0.000753
-0.000681
-0.000608
-0.000547
-0.000507
-0.000489
-0.000487
-0.000496
-0.000512
-0.000538
-0.000573
-0.000605
-0.000622
-0.000620
-0.000592
-0.000528
-0.000432
-0.000321
-0.000218
-0.000134
-0.000067
-0.000000
0.000079
0.000170
0.000259
0.000339
0.000398
0.000421
0.000397
0.000328
0.000225
0.000083
-0.000100
-0.000309
-0.000532
-0.000751
-0.000942
-0.001099
-0.001225
-0.001297
-0.001293
-0.001230
-0.001141
-0.001053
-0.000974
-0.000899
-0.000803
-0.000663
-0.000471
-0.000232
0.000015
0.000228
0.000435
0.000673
0.000904
0.001076
0.001169
0.001190
0.001143
0.001019
0.000811
0.000537
0.000224
-0.000090
-0.000364
-0.000557
-0.000657
-0.000694
-0.000716
-0.000780
-0.000939
-0.001211
-0.001563
-0.001905
-0.002137
-0.002201
-0.002106
-0.001910
-0.001673
-0.001431
-0.001209
-0.001020
-0.000868
-0.000713
-0.000491
-0.000196
0.000135
0.000472
0.000778
0.001010
0.001137
0.001171
0.001161
0.001188
0.001309
0.001518
0.001760
0.001951
0.002041
0.002037
0.001985
0.001944
0.001927
0.001883
0.001744
0.001489
0.001127
0.000713
0.000358
0.000089
-0.000122
-0.000261
-0.000304
-0.000202
0.000061
0.000424
0.000824
0.001230
0.001569
0.001740
0.001780
0.001852
0.002025
0.002212
0.002261
0.002083
0.001715
0.001215
0.000609
-0.000050
-0.000682
-0.001228
-0.001673
-0.002003
-0.002190
-0.002241
-0.002220
-0.002207
-0.002205
-0.002135
-0.001946
-0.001666
-0.001362
-0.001112
-0.000965
-0.000917
-0.000932
-0.000990
-0.001090
-0.001208
-0.001342
-0.001525
-0.001793
-0.002153
-0.002539
-0.002868
-0.003087
-0.003140
-0.002988
-0.002659
-0.002222
-0.001743
-0.001310
-0.001028
-0.000963
-0.001087
-0.001313
-0.001539
-0.001685
-0.001725
-0.001658
-0.001419
-0.000979
-0.000504
-0.000188
0.000035
0.000329
0.000682
0.001030
0.001399
0.001831
0.002379
0.002991
0.003448
0.003582
0.003351
0.002808
0.002174
0.001697
0.001354
0.000941
0.000395
-0.000157
-0.000575
-0.000799
-0.000839
-0.000763
-0.000597
-0.000454
-0.000476
-0.000620
-0.000821
-0.001052
-0.001289
-0.001470
-0.001476
-0.001259
-0.000895
-0.000542
-0.000263
-0.000024
0.000224
0.000482
0.000652
0.000684
0.000644
0.000652
0.000724
0.000804
0.000957
0.001334
0.001952
0.002645
0.003236
0.003633
0.003870
0.004065
0.004259
0.004479
0.004741
0.004922
0.004887
0.004643
0.004265
0.003688
0.002795
0.001740
0.000818
0.000038
-0.000800
-0.001781
-0.002805
-0.003639
-0.004118
-0.004259
-0.004208
-0.004069
-0.003770
-0.003171
-0.002222
-0.001059
0.000102
0.001104
0.001931
0.002682
0.003439
0.004216
0.004785
0.004850
0.004362
0.003411
0.002111
0.000686
-0.000584
-0.001483
-0.001955
-0.002106
-0.002031
-0.001720
-0.001181
-0.000528
0.000017
0.000262
0.000220
-0.000015
-0.000376
-0.000805
-0.001207
-0.001440
-0.001511
-0.001489
-0.001395
-0.001261
-0.001185
-0.001375
-0.001957
-0.002917
-0.004066
-0.005145
-0.006180
-0.007263
-0.008356
-0.009227
-0.009455
-0.008967
-0.008043
-0.006952
-0.005893
-0.005048
-0.004450
-0.003959
-0.003535
-0.003227
-0.002997
-0.002657
-0.002094
-0.001398
-0.000767
-0.000389
-0.000240
-0.000101
0.000233
0.000809
0.001626
0.002719
0.004166
0.005974
0.007879
0.009591
0.010908
0.011704
0.011991
0.011855
0.011473
0.010966
0.010395
0.009724
0.008747
0.007268
0.005205
0.002716
0.000098
-0.002349
-0.004393
-0.005985
-0.007081
-0.007644
-0.007721
-0.007331
-0.006375
-0.004731
-0.002458
0.000159
0.002747
0.005102
0.007111
0.008469
0.008798
0.007881
0.005852
0.003263
0.000676
-0.001552
-0.003242
-0.004508
-0.005443
-0.006076
-0.006465
-0.006530
-0.006218
-0.005567
-0.004621
-0.003460
-0.002240
-0.001102
-0.000092
0.000758
0.001323
0.001430
0.001062
0.000368
-0.000448
-0.001170
-0.001601
-0.001781
-0.001925
-0.002178
-0.002751
-0.003726
-0.005050
-0.006659
-0.008360
-0.009898
-0.011022
-0.011419
-0.010942
-0.009695
-0.007858
-0.005672
-0.003288
-0.000804
0.001630
0.003763
0.005416
0.006757
0.007956
0.008912
0.009445
0.009472
0.009189
0.008861
0.008595
0.008432
0.008265
0.007868
0.007059
0.005739
0.004043
0.002326
0.000816
-0.000338
-0.001147
-0.001798
-0.002359
-0.002920
-0.003501
-0.003964
-0.004311
-0.004723
-0.005193
-0.005434
-0.005220
-0.004523
-0.003501
-0.002478
-0.001726
-0.001361
-0.001426
-0.001738
-0.002009
-0.002154
-0.002225
-0.002255
-0.002152
-0.001784
-0.001200
-0.000461
0.000571
0.002073
0.003977
0.005810
0.007165
0.008105
0.008929
0.009833
0.010714
0.011307
0.011577
0.011749
0.011971
0.012291
0.012655
0.012802
0.012608
0.012183
0.011635
0.011030
0.010249
0.009038
0.007280
0.005148
0.002883
0.000729
-0.001042
-0.002377
-0.003082
-0.002880
-0.001934
-0.000650
0.000686
0.001721
0.002260
0.002491
0.002452
0.002123
0.001561
0.000779
-0.000101
-0.000903
-0.001447
-0.001693
-0.001762
-0.001780
-0.001866
-0.002100
-0.002372
-0.002486
-0.002459
-0.002306
-0.001919
-0.001354
-0.000826
-0.000367
0.000222
0.001019
0.001907
0.002758
0.003376
0.003577
0.003408
0.003060
0.002623
0.002046
0.001386
0.000898
0.000795
0.001164
0.002099
0.003435
0.004708
0.005655
0.006436
0.007446
0.009015
0.011027
0.012904
0.014203
0.014695
0.014130
0.012508
0.010131
0.007343
0.004494
0.001855
-0.000527
-0.002580
-0.004174
-0.005363
-0.006043
-0.006043
-0.005372
-0.003991
-0.001937
0.000759
0.003956
0.007281
0.010310
0.012812
0.014631
0.015461
0.015036
0.013226
0.010256
0.006442
0.001969
-0.002934
-0.007777
-0.011956
-0.015103
-0.017066
-0.017858
-0.017506
-0.016068
-0.013647
-0.010358
-0.006501
-0.002528
0.001131
0.004149
0.006257
0.007323
0.007359
0.006697
0.006024
0.005636
0.005259
0.004385
0.002552
-0.000263
-0.003727
-0.007365
-0.010713
-0.013427
-0.015159
-0.015525
-0.014357
-0.011946
-0.008613
-0.004611
-0.000569
0.002952
0.005674
0.007471
0.008336
0.008319
0.007552
0.006334
0.005145
0.004238
0.003549
0.002640
0.001364
0.000004
-0.001246
-0.002183
-0.002948
-0.003753
-0.004472
-0.004919
-0.004811
-0.003928
-0.002427
-0.000585
0.001356
0.003056
0.004334
0.005138
0.005367
0.005121
0.004526
0.003627
0.002461
0.000987
-0.000919
-0.003340
-0.006112
-0.008902
-0.011583
-0.014206
-0.016620
-0.018464
-0.019344
-0.019012
-0.017732
-0.015886
-0.013760
-0.011698
-0.009703
-0.007776
-0.006045
-0.004597
-0.003528
-0.002675
-0.001760
-0.000647
0.000581
0.001692
0.002503
0.002989
0.003427
0.004035
0.004708
0.005215
0.005253
0.004760
0.003946
0.003161
0.002748
0.002759
0.003034
0.003400
0.003830
0.004139
0.004167
0.004007
0.003834
0.003864
0.004233
0.005089
0.006467
0.008203
0.010075
0.011604
0.012362
0.012325
0.011621
0.010460
0.009067
0.007566
0.005990
0.004568
0.003609
0.003311
0.003780
0.004771
0.005893
0.006830
0.007443
0.007849
0.007982
0.007700
0.007057
0.006226
0.005452
0.004849
0.004321
0.003694
0.002858
0.001775
0.000469
-0.000950
-0.002308
-0.003534
-0.004433
-0.004663
-0.004021
-0.002676
-0.000975
0.000864
0.002657
0.004538
0.006650
0.008747
0.010558
0.011638
0.011552
0.010193
0.007687
0.004447
0.000874
-0.002650
-0.005774
-0.008422
-0.010495
-0.012121
-0.013597
-0.014897
-0.015987
-0.016677
-0.016730
-0.016058
-0.014679
-0.012888
-0.011055
-0.009513
-0.008404
-0.007687
-0.007355
-0.007373
-0.007621
-0.007993
-0.008432
-0.008847
-0.009050
-0.008885
-0.008372
-0.007549
-0.006560
-0.005630
-0.004865
-0.004313
-0.004008
-0.003975
-0.004248
-0.004793
-0.005591
-0.006591
-0.007501
-0.008120
-0.008411
-0.008270
-0.007567
-0.006217
-0.004216
-0.001536
0.001818
0.005426
0.008640
0.011059
0.012521
0.013302
0.013903
0.014436
0.014606
0.013930
0.012016
0.009027
0.005438
0.001504
-0.002447
-0.005963
-0.008464
-0.009532
-0.009279
-0.008007
-0.006130
-0.004149
-0.002521
-0.001444
-0.000900
-0.000822
-0.001143
-0.001944
-0.003129
-0.004563
-0.006220
-0.007908
-0.009538
-0.010989
-0.011991
-0.012527
-0.012540
-0.011713
-0.009768
-0.006603
-0.002748
0.000977
0.004054
0.006261
0.007692
0.008277
0.007915
0.006643
0.004497
0.001786
-0.001174
-0.004230
-0.007060
-0.009316
-0.010833
-0.011530
-0.011434
-0.010649
-0.009251
-0.007203
-0.004336
-0.000615
0.003602
0.007952
0.012119
0.015773
0.018707
0.020559
0.020997
0.020049
0.018102
0.015600
0.012992
0.010783
0.009219
0.008368
0.008127
0.008173
0.008181
0.007851
0.007038
0.005753
0.004110
0.002362
0.000700
-0.000899
-0.002484
-0.003976
-0.005321
-0.006361
-0.006718
-0.006165
-0.004978
-0.003706
-0.002771
-0.002379
-0.002571
-0.003013
-0.003167
-0.002715
-0.001531
0.000230
0.002294
0.004637
0.007125
0.009346
0.010940
0.011559
0.011009
0.009418
0.007176
0.004801
0.002741
0.001412
0.001151
0.001888
0.003435
0.005617
0.008143
0.010841
0.013384
0.015288
0.016251
0.016161
0.015098
0.013401
0.011325
0.009072
0.006966
0.005008
0.003179
0.001750
0.000951
0.000894
0.001639
0.002886
0.004227
0.005488
0.006572
0.007529
0.008204
0.008300
0.007880
0.007140
0.006311
0.005751
0.005560
0.005653
0.005973
0.006372
0.006760
0.007121
0.007337
0.007292
0.007098
0.006871
0.006681
0.006537
0.006250
0.005842
0.005453
0.004980
0.004225
0.002962
0.001136
-0.000950
-0.002892
-0.004387
-0.005358
-0.005932
-0.006328
-0.006726
-0.007089
-0.007323
-0.007528
-0.007774
-0.007844
-0.007367
-0.006308
-0.005261
-0.005064
-0.006158
-0.008293
-0.010972
-0.013622
-0.015729
-0.017073
-0.017619
-0.017405
-0.016518
-0.015131
-0.013304
-0.011001
-0.008270
-0.005243
-0.002131
0.000803
0.003300
0.005189
0.006529
0.007412
0.007725
0.007352
0.006394
0.005216
0.004234
0.003715
0.003798
0.004394
0.005465
0.007106
0.009252
0.011913
0.015066
0.018376
0.021467
0.023957
0.025537
0.026057
0.025458
0.023921
0.021611
0.018671
0.015199
0.011124
0.006644
0.002208
-0.001678
-0.004649
-0.006555
-0.007456
-0.007590
-0.007138
-0.006215
-0.004985
-0.003709
-0.002822
-0.002572
-0.002708
-0.002891
-0.002855
-0.002443
-0.001715
-0.000649
0.000769
0.002314
0.003593
0.004047
0.003156
0.000939
-0.002063
-0.005150
-0.007435
-0.008309
-0.007855
-0.006522
-0.004754
-0.002897
-0.001064
0.000905
0.003115
0.005440
0.007524
0.008812
0.008929
0.007989
0.006428
0.004838
0.003578
0.002587
0.001671
0.000655
-0.000523
-0.001781
-0.003104
-0.004592
-0.006358
-0.008264
-0.009971
-0.011285
-0.012113
-0.012413
-0.012099
-0.011105
-0.009501
-0.007397
-0.005127
-0.003088
-0.001480
-0.000429
0.000089
0.000333
0.000689
0.001444
0.002638
0.003984
0.005027
0.005592
0.005801
0.005820
0.005699
0.005349
0.004593
0.003319
0.001572
-0.000460
-0.002447
-0.004141
-0.005413
-0.006194
-0.006442
-0.006197
-0.005521
-0.004500
-0.003454
-0.002656
-0.002137
-0.001921
-0.001914
-0.001924
-0.001992
-0.002176
-0.002518
-0.003029
-0.003498
-0.003760
-0.003771
-0.003411
-0.002647
-0.001555
-0.000150
0.001251
0.002486
0.003717
0.005088
0.006909
0.009156
0.011816
0.015040
0.018597
0.022081
0.024848
0.026336
0.026598
0.025932
0.024434
0.022035
0.018701
0.014528
0.009658
0.004344
-0.000780
-0.005077
-0.008224
-0.010308
-0.011744
-0.012659
-0.012629
-0.011427
-0.009244
-0.006399
-0.003501
-0.001235
-0.000167
-0.000583
-0.002376
-0.005140
-0.008387
-0.011894
-0.015395
-0.018616
-0.021436
-0.023800
-0.025740
-0.027192
-0.028076
-0.028369
-0.028077
-0.027154
-0.025460
-0.022801
-0.019189
-0.015029
-0.010611
-0.006102
-0.001744
0.002386
0.006170
0.009547
0.012382
0.014401
0.015544
0.015604
0.014545
0.012718
0.010443
0.007880
0.005174
0.002536
0.000019
-0.002249
-0.004239
-0.005995
-0.007345
-0.008171
-0.008343
-0.007914
-0.007152
-0.006037
-0.004682
-0.003376
-0.002453
-0.002337
-0.003045
-0.004333
-0.005849
-0.007394
-0.008986
-0.010669
-0.012486
-0.014270
-0.015958
-0.017449
-0.018636
-0.019564
-0.020245
-0.020792
-0.021269
-0.021664
-0.022054
-0.022415
-0.022725
-0.023220
-0.023929
-0.024679
-0.025314
-0.025655
-0.025595
-0.025094
-0.024416
-0.023851
-0.023389
-0.022968
-0.022414
-0.021328
-0.019334
-0.016194
-0.011999
-0.007234
-0.002473
0.001831
0.005516
0.008705
0.011583
0.014266
0.016979
0.019484
0.021428
0.022859
0.023677
0.024023
0.024149
0.024073
0.023707
0.023107
0.022135
0.020563
0.018560
0.016232
0.013775
0.011445
0.009399
0.007908
0.007076
0.006500
0.005756
0.004767
0.003572
0.002339
0.001429
0.001033
0.001306
0.002184
0.003064
0.003263
0.002400
0.000726
-0.001158
-0.002539
-0.003064
-0.002827
-0.001874
-0.000305
0.001500
0.003167
0.004403
0.004897
0.004817
0.004643
0.004944
0.006310
0.008941
0.012627
0.017032
0.021381
0.025007
0.027840
0.029829
0.031073
0.031620
0.031381
0.030410
0.028753
0.026090
0.022118
0.017178
0.011895
0.006831
0.002424
-0.001101
-0.003589
-0.005100
-0.005865
-0.006079
-0.005936
-0.005548
-0.005247
-0.005357
-0.005728
-0.006321
-0.006855
-0.006856
-0.006490
-0.005882
-0.005322
-0.005323
-0.005976
-0.007150
-0.008523
-0.009859
-0.011426
-0.013468
-0.015918
-0.018274
-0.019812
-0.020269
-0.019770
-0.018799
-0.017807
-0.017088
-0.016926
-0.017238
-0.017624
-0.017961
-0.018232
-0.018266
-0.018309
-0.018560
-0.018956
-0.019317
-0.019278
-0.019015
-0.019041
-0.019654
-0.020956
-0.022493
-0.023395
-0.023198
-0.021631
-0.018514
-0.014318
-0.009596
-0.004596
0.000406
0.005149
0.009555
0.013446
0.016547
0.018950
0.020953
0.023001
0.025606
0.028880
0.032609
0.036562
0.040322
0.043329
0.045327
0.046260
0.046158
0.044934
0.042648
0.039679
0.036180
0.032021
0.027151
0.021724
0.015919
0.010294
0.005123
0.000563
-0.002908
-0.005047
-0.005749
-0.005528
-0.005139
-0.005260
-0.006562
-0.009219
-0.013235
-0.018337
-0.023669
-0.028240
-0.031152
-0.031982
-0.030845
-0.028016
-0.023862
-0.018683
-0.012469
-0.005338
0.002626
0.011176
0.019705
0.027403
0.033467
0.037704
0.039988
0.040628
0.040120
0.038850
0.037306
0.036084
0.035379
0.034803
0.034016
0.032387
0.029441
0.025050
0.019218
0.012106
0.004044
-0.004521
-0.012807
-0.019695
-0.025048
-0.029604
-0.033758
-0.037526
-0.040509
-0.042085
-0.042228
-0.041323
-0.039727
-0.038037
-0.036586
-0.035028
-0.033044
-0.030433
-0.026917
-0.022353
-0.016577
-0.009875
-0.002730
0.004564
0.011536
0.018005
0.023930
0.029151
0.033699
0.037676
0.041145
0.044248
0.046826
0.048451
0.048847
0.047868
0.045586
0.042319
0.038309
0.033618
0.028427
0.022639
0.016083
0.009009
0.001834
-0.005086
-0.011814
-0.018411
-0.024709
-0.030458
-0.035168
-0.038565
-0.040938
-0.042721
-0.044307
-0.045836
-0.047025
-0.047025
-0.045352
-0.042313
-0.038026
-0.032595
-0.025895
-0.017874
-0.009371
-0.001370
0.005458
0.010961
0.015343
0.018581
0.020876
0.022591
0.023896
0.025117
0.026370
0.027503
0.028373
0.029283
0.030305
0.030751
0.030611
0.029470
0.026766
0.022677
0.017507
0.011893
0.006479
0.001724
-0.002182
-0.005305
-0.007927
-0.010241
-0.012498
-0.014759
-0.016902
-0.018811
-0.020674
-0.022670
-0.024853
-0.027973
-0.031963
-0.036334
-0.041247
-0.046382
-0.050950
-0.054226
-0.055844
-0.055663
-0.053537
-0.049413
-0.043881
-0.037825
-0.031680
-0.026023
-0.021102
-0.016558
-0.012505
-0.009588
-0.008489
-0.009250
-0.011137
-0.013809
-0.017130
-0.020589
-0.023664
-0.025908
-0.027145
-0.027648
-0.027983
-0.028123
-0.027824
-0.027133
-0.025677
-0.022931
-0.018708
-0.013190
-0.006778
0.000002
0.006762
0.013287
0.019169
0.024128
0.027676
0.029773
0.030691
0.030292
0.029056
0.027377
0.025705
0.024607
0.024098
0.024189
0.025043
0.027206
0.030936
0.035723
0.041069
0.046063
0.049405
0.050405
0.049338
0.046640
0.042458
0.037126
0.031000
0.024237
0.017283
0.010742
0.004060
-0.003010
-0.010087
-0.016971
-0.022900
-0.027114
-0.029144
-0.029205
-0.027524
-0.023960
-0.018989
-0.013213
-0.006865
-0.000923
0.003825
0.007502
0.009622
0.009846
0.008089
0.004047
-0.001813
-0.008466
-0.015005
-0.020595
-0.024713
-0.026968
-0.027186
-0.025655
-0.022457
-0.018212
-0.013936
-0.010658
-0.009052
-0.008486
-0.008580
-0.009332
-0.010499
-0.011681
-0.012328
-0.012397
-0.011991
-0.011205
-0.010474
-0.009945
-0.009249
-0.008348
-0.007403
-0.006325
-0.005688
-0.005707
-0.005775
-0.005996
-0.006607
-0.007738
-0.009601
-0.012287
-0.015429
-0.018112
-0.019837
-0.020759
-0.021182
-0.021368
-0.021487
-0.022079
-0.023186
-0.024397
-0.025729
-0.027119
-0.028274
-0.029112
-0.029557
-0.029155
-0.028155
-0.026874
-0.025464
-0.023923
-0.022288
-0.020847
-0.019104
-0.017222
-0.015284
-0.013036
-0.010683
-0.007279
-0.001799
0.005798
0.014918
0.024498
0.034183
0.043741
0.052073
0.058467
0.062291
0.063181
0.061286
0.056685
0.049777
0.041190
0.032041
0.023486
0.016086
0.009950
0.005268
0.001640
-0.001378
-0.002946
-0.003067
-0.002601
-0.001497
0.000047
0.001543
0.003031
0.004446
0.005325
0.005458
0.005047
0.004125
0.002575
0.000259
-0.002377
-0.004520
-0.006219
-0.007425
-0.008231
-0.008834
-0.008882
-0.008824
-0.008755
-0.008277
-0.007699
-0.007452
-0.007809
-0.008816
-0.010692
-0.013495
-0.016599
-0.019847
-0.023182
-0.026024
-0.028389
-0.030507
-0.032224
-0.033957
-0.036259
-0.039142
-0.042233
-0.045035
-0.047431
-0.049226
-0.050165
-0.049823
-0.047845
-0.044750
-0.041219
-0.037830
-0.035559
-0.034778
-0.034672
-0.034749
-0.034913
-0.034728
-0.033811
-0.031931
-0.028934
-0.025087
-0.020963
-0.017137
-0.014049
-0.012040
-0.010860
-0.009697
-0.008523
-0.007264
-0.005496
-0.003146
0.000361
0.005746
0.013160
0.021977
0.031279
0.040222
0.047985
0.054040
0.058291
0.061045
0.062469
0.062985
0.063202
0.063510
0.064117
0.065164
0.066580
0.067748
0.068205
0.067706
0.066159
0.063676
0.060058
0.055280
0.049829
0.044259
0.038971
0.034261
0.030104
0.026210
0.022450
0.018557
0.014111
0.008906
0.003019
-0.003456
-0.009933
-0.015392
-0.018817
-0.019494
-0.017587
-0.013707
-0.008452
-0.001953
0.005616
0.013496
0.020859
0.027071
0.031424
0.033244
0.032203
0.027954
0.020427
0.009754
-0.003728
-0.019062
-0.034363
-0.047492
-0.057148
-0.063056
-0.066051
-0.066485
-0.063868
-0.057373
-0.046428
-0.031269
-0.012926
0.006557
0.025621
0.043350
0.059102
0.072715
0.084173
0.093587
0.100937
0.106233
0.110009
0.112312
0.112608
0.111160
0.108041
0.102812
0.095189
0.085126
0.073255
0.059972
0.045176
0.029028
0.012310
-0.003895
-0.018848
-0.032179
-0.043367
-0.051146
-0.054147
-0.052302
-0.046259
-0.036345
-0.023228
-0.007833
0.008252
0.023084
0.035268
0.043896
0.049016
0.050734
0.049562
0.046574
0.042155
0.037132
0.032454
0.028542
0.025917
0.025026
0.026070
0.028269
0.030071
0.030526
0.028937
0.024106
0.015414
0.003468
-0.011107
-0.028073
-0.046494
-0.064945
-0.082394
-0.097736
-0.109996
-0.118870
-0.124396
-0.126807
-0.126346
-0.123727
-0.119653
-0.114648
-0.109346
-0.104306
-0.100230
-0.097040
-0.094169
-0.091640
-0.089577
-0.087605
-0.085616
-0.083387
-0.080494
-0.077212
-0.073718
-0.070508
-0.068086
-0.066146
-0.064504
-0.062854
-0.061112
-0.059510
-0.057649
-0.055297
-0.052249
-0.048074
-0.042935
-0.037160
-0.030865
-0.023751
-0.015148
-0.004561
0.007447
0.019390
0.030293
0.039719
0.047239
0.052818
0.056764
0.059510
0.061461
0.062931
0.064245
0.065634
0.067203
0.069251
0.071870
0.074349
0.075918
0.075878
0.073707
0.069463
0.063481
0.056302
0.048293
0.040167
0.033392
0.028677
0.025953
0.024921
0.024728
0.024776
0.024677
0.023549
0.020904
0.016653
0.010669
0.003589
-0.003966
-0.011651
-0.018444
-0.023348
-0.026086
-0.026708
-0.025032
-0.021210
-0.015314
-0.007689
0.000426
0.007943
0.013516
0.016304
0.016339
0.013836
0.009833
0.005060
-0.000424
-0.006090
-0.011179
-0.014997
-0.016687
-0.015238
-0.010166
-0.001232
0.011194
0.025123
0.038558
0.050758
0.061383
0.070426
0.077907
0.083362
0.086419
0.086706
0.083654
0.076479
0.064617
0.048747
0.030704
0.012259
-0.005300
-0.020313
-0.031397
-0.038410
-0.041602
-0.041358
-0.038787
-0.035007
-0.030637
-0.026943
-0.025162
-0.025913
-0.029274
-0.034468
-0.040792
-0.047683
-0.054729
-0.061943
-0.069173
-0.076030
-0.082383
-0.088237
-0.092930
-0.095853
-0.096911
-0.096021
-0.093774
-0.090080
-0.083948
-0.075051
-0.063319
-0.048870
-0.032755
-0.016770
-0.002698
0.007942
0.014452
0.017219
0.016598
0.012421
0.004431
-0.007064
-0.020664
-0.034407
-0.046786
-0.057050
-0.064992
-0.070838
-0.074991
-0.077694
-0.079141
-0.079483
-0.078793
-0.076995
-0.073916
-0.070087
-0.066170
-0.062334
-0.058615
-0.055005
-0.051556
-0.048597
-0.046336
-0.044399
-0.042643
-0.040959
-0.038754
-0.035782
-0.032110
-0.027752
-0.023030
-0.018573
-0.014723
-0.011477
-0.008503
-0.005133
-0.001349
0.002487
0.005938
0.008718
0.011369
0.014208
0.017074
0.019620
0.021246
0.021650
0.020773
0.018418
0.013956
0.006619
-0.003869
-0.016692
-0.030031
-0.042341
-0.052682
-0.060553
-0.066020
-0.069136
-0.069626
-0.067425
-0.062186
-0.053403
-0.041160
-0.025899
-0.008634
0.009080
0.026166
0.041816
0.055376
0.067775
0.080248
0.093254
0.107413
0.122318
0.136878
0.150679
0.163203
0.173878
0.182781
0.189569
0.193857
0.196086
0.196313
0.194877
0.192350
0.188606
0.183758
0.178188
0.171911
0.164866
0.157003
0.147864
0.136700
0.123465
0.108826
0.093024
0.076259
0.059099
0.042276
0.027262
0.014988
0.005297
-0.002191
-0.008028
-0.011910
-0.013492
-0.013200
-0.011189
-0.007999
-0.003911
0.001088
0.006093
0.010118
0.012086
0.011635
0.008886
0.003958
-0.002534
-0.009968
-0.017911
-0.026283
-0.034344
-0.040602
-0.044671
-0.047116
-0.048300
-0.048754
-0.049054
-0.049179
-0.049382
-0.050197
-0.051608
-0.053748
-0.056825
-0.060576
-0.064544
-0.068298
-0.071106
-0.072403
-0.072314
-0.070827
-0.067651
-0.062800
-0.056491
-0.049019
-0.040911
-0.032913
-0.025674
-0.019604
-0.014845
-0.010963
-0.007559
-0.004320
-0.000842
0.002865
0.006707
0.010703
0.014709
0.018285
0.021149
0.023218
0.024289
0.024150
0.022969
0.020824
0.017699
0.013970
0.010167
0.006748
0.003908
0.001416
-0.001540
-0.005480
-0.010482
-0.016146
-0.021812
-0.027022
-0.031168
-0.033906
-0.035134
-0.035146
-0.034415
-0.033102
-0.031477
-0.029661
-0.027525
-0.025090
-0.022103
-0.018161
-0.013492
-0.008313
-0.003091
0.001923
0.006808
0.011304
0.015738
0.020517
0.025670
0.031286
0.037063
0.042448
0.047729
0.052632
0.057055
0.061702
0.066056
0.070026
0.074048
0.077933
0.081587
0.084873
0.087499
0.088976
0.088789
0.086623
0.082290
0.076318
0.069529
0.062486
0.055616
0.049308
0.043578
0.037257
0.029657
0.020733
0.010179
-0.001326
-0.013506
-0.026175
-0.038410
-0.049907
-0.060180
-0.068475
-0.075214
-0.081259
-0.086592
-0.091287
-0.095328
-0.098657
-0.101238
-0.102448
-0.102023
-0.099685
-0.095003
-0.088510
-0.080976
-0.073010
-0.065702
-0.059587
-0.054811
-0.051682
-0.050027
-0.049312
-0.048701
-0.047198
-0.044352
-0.040293
-0.035261
-0.029845
-0.024808
-0.020849
-0.018159
-0.016801
-0.016595
-0.017049
-0.018173
-0.019675
-0.021497
-0.024236
-0.027935
-0.032189
-0.036269
-0.038947
-0.039338
-0.037298
-0.033003
-0.026841
-0.019584
-0.012220
-0.005691
-0.000106
0.004745
0.008887
0.012128
0.014316
0.015635
0.016061
0.016319
0.016852
0.017872
0.020143
0.023564
0.028123
0.034099
0.041100
0.048758
0.056906
0.065283
0.073390
0.080797
0.086817
0.091190
0.094639
0.097064
0.098254
0.097849
0.094790
0.088897
0.080280
0.069041
0.055074
0.038358
0.020011
0.000715
-0.018632
-0.036487
-0.052579
-0.066391
-0.076728
-0.083272
-0.085508
-0.083087
-0.076556
-0.066639
-0.054622
-0.042324
-0.030981
-0.021122
-0.013050
-0.006744
-0.002119
0.001491
0.004891
0.008145
0.011049
0.013165
0.014842
0.016555
0.017962
0.019161
0.019755
0.020081
0.021239
0.023631
0.027458
0.032616
0.038520
0.044153
0.049497
0.054442
0.058466
0.061739
0.064106
0.064823
0.063706
0.060892
0.055861
0.048348
0.038636
0.027250
0.014979
0.002856
-0.008651
-0.019369
-0.028190
-0.034563
-0.038670
-0.040924
-0.042212
-0.042691
-0.041946
-0.039564
-0.035548
-0.030326
-0.024386
-0.017802
-0.010852
-0.003801
0.003156
0.009499
0.015730
0.021776
0.027052
0.031973
0.036403
0.040027
0.043253
0.046607
0.050209
0.053648
0.056862
0.059429
0.060731
0.060778
0.059782
0.058028
0.055622
0.052711
0.049351
0.045117
0.039508
0.032707
0.024844
0.015593
0.005554
-0.004479
-0.014363
-0.024400
-0.034343
-0.043220
-0.050279
-0.054387
-0.055527
-0.054355
-0.051391
-0.048065
-0.044695
-0.041342
-0.038866
-0.037154
-0.036433
-0.036755
-0.037690
-0.038965
-0.040055
-0.041180
-0.042068
-0.042627
-0.043363
-0.043639
-0.043314
-0.042505
-0.040839
-0.038185
-0.033821
-0.027684
-0.020437
-0.012346
-0.003870
0.004234
0.011954
0.018707
0.024268
0.029272
0.033451
0.036703
0.038590
0.038932
0.037308
0.033286
0.028265
0.023548
0.019131
0.015486
0.012611
0.009975
0.007698
0.005176
0.002422
-0.000376
-0.003430
-0.006626
-0.009810
-0.012074
-0.013087
-0.012818
-0.010846
-0.007460
-0.002925
0.002266
0.007820
0.013949
0.020011
0.025409
0.030137
0.034216
0.037807
0.041031
0.044181
0.047627
0.051157
0.054886
0.058311
0.061222
0.063962
0.065497
0.065418
0.063918
0.060590
0.055367
0.049356
0.042209
0.033210
0.023388
0.013303
0.002985
-0.007072
-0.016040
-0.023321
-0.028798
-0.032276
-0.033549
-0.033004
-0.030153
-0.025241
-0.019179
-0.012354
-0.005394
0.001801
0.008768
0.014655
0.019326
0.022930
0.025979
0.029202
0.032859
0.036860
0.041184
0.045349
0.049347
0.053798
0.058870
0.064586
0.069936
0.074528
0.078364
0.080014
0.079069
0.075230
0.068243
0.058210
0.045289
0.031008
0.016805
0.005110
-0.002095
-0.005467
-0.005040
-0.001395
0.004497
0.012068
0.019469
0.025990
0.030931
0.033259
0.033250
0.030974
0.026557
0.020272
0.012908
0.005412
-0.002224
-0.009797
-0.017054
-0.024186
-0.031025
-0.037661
-0.044449
-0.051930
-0.060261
-0.069407
-0.078874
-0.087730
-0.095959
-0.103227
-0.109749
-0.115503
-0.119909
-0.122867
-0.123921
-0.122834
-0.120158
-0.117513
-0.115153
-0.112539
-0.110348
-0.107768
-0.104382
-0.101017
-0.097280
-0.092758
-0.087030
-0.079251
-0.068782
-0.056041
-0.042861
-0.030548
-0.019717
-0.011625
-0.006658
-0.004821
-0.006305
-0.010810
-0.017821
-0.025670
-0.033357
-0.040372
-0.045501
-0.048053
-0.047644
-0.044615
-0.039381
-0.032339
-0.024412
-0.015860
-0.006475
0.003167
0.012082
0.019744
0.026473
0.032753
0.038904
0.045007
0.050490
0.055159
0.058698
0.061081
0.062649
0.063589
0.063997
0.063348
0.061874
0.059810
0.057206
0.054480
0.051342
0.047735
0.043654
0.038727
0.033643
0.028805
0.024006
0.019706
0.016419
0.014267
0.012861
0.012639
0.014050
0.015893
0.017963
0.020433
0.022065
0.022694
0.022693
0.022083
0.020810
0.019159
0.017197
0.014523
0.011893
0.009430
0.007195
0.005550
0.004220
0.003126
0.002568
0.002551
0.003319
0.005461
0.008915
0.013456
0.019044
0.025128
0.030412
0.034991
0.038824
0.041301
0.043030
0.044415
0.045238
0.045633
0.045955
0.046007
0.045187
0.043504
0.040897
0.037191
0.033003
0.029162
0.026152
0.023882
0.022923
0.023672
0.025182
0.027135
0.029316
0.031079
0.032618
0.033920
0.035301
0.036899
0.037719
0.038060
0.038407
0.037783
0.036447
0.034819
0.031965
0.028346
0.025326
0.022625
0.019998
0.017887
0.016132
0.014944
0.014326
0.014132
0.014223
0.014501
0.014762
0.014493
0.013766
0.013159
0.012513
0.011231
0.009588
0.007438
0.004799
0.001702
-0.002145
-0.006577
-0.011379
-0.016038
-0.020655
-0.025166
-0.028762
-0.031291
-0.032961
-0.034004
-0.034815
-0.035640
-0.036498
-0.037381
-0.038062
-0.038203
-0.038088
-0.037485
-0.035640
-0.032704
-0.028926
-0.024392
-0.019549
-0.014758
-0.010436
-0.007123
-0.004586
-0.002646
-0.001467
-0.000697
-0.000015
0.000478
0.001089
0.001982
0.003089
0.004912
0.007400
0.010623
0.014855
0.019303
0.023413
0.027608
0.031629
0.034899
0.038018
0.041211
0.044034
0.046416
0.048130
0.049061
0.048968
0.047757
0.045524
0.041728
0.036580
0.030476
0.022840
0.013463
0.003120
-0.007578
-0.018228
-0.028368
-0.037718
-0.046060
-0.053373
-0.059614
-0.063965
-0.066240
-0.067645
-0.068739
-0.069655
-0.070774
-0.072215
-0.073287
-0.073745
-0.074333
-0.074957
-0.075603
-0.076173
-0.075975
-0.075778
-0.075650
-0.074863
-0.073544
-0.071363
-0.068384
-0.064441
-0.059658
-0.054846
-0.049658
-0.043900
-0.037744
-0.031339
-0.024522
-0.016960
-0.009195
-0.001575
0.005649
0.012290
0.018235
0.023222
0.027709
0.031075
0.032494
0.031722
0.027749
0.020867
0.011342
-0.001139
-0.014921
-0.028281
-0.040871
-0.051608
-0.060100
-0.066786
-0.071118
-0.073216
-0.073322
-0.071259
-0.067435
-0.062043
-0.054752
-0.045883
-0.035595
-0.024332
-0.013134
-0.002324
0.007745
0.015966
0.021430
0.024206
0.024625
0.023348
0.021180
0.019025
0.017321
0.016116
0.016171
0.017516
0.019540
0.022557
0.026502
0.030557
0.034604
0.038479
0.040875
0.040840
0.038769
0.034531
0.027836
0.019537
0.010611
0.002260
-0.004539
-0.009416
-0.012257
-0.012861
-0.011095
-0.007402
-0.002617
0.002470
0.007601
0.012176
0.016136
0.019626
0.022530
0.024954
0.026951
0.028916
0.030610
0.032231
0.034137
0.036067
0.038190
0.040643
0.043632
0.046397
0.048225
0.049485
0.050362
0.050837
0.050960
0.050546
0.048504
0.045012
0.040292
0.034333
0.028083
0.021807
0.015829
0.010223
0.005065
0.000128
-0.005106
-0.010609
-0.016650
-0.023170
-0.029785
-0.036094
-0.041564
-0.046120
-0.049585
-0.051582
-0.052259
-0.051594
-0.049107
-0.044640
-0.038629
-0.031732
-0.024390
-0.017023
-0.010069
-0.004379
0.000116
0.003686
0.005654
0.006169
0.005004
0.002359
-0.001670
-0.007218
-0.013150
-0.018936
-0.024062
-0.028204
-0.031312
-0.032823
-0.032963
-0.031872
-0.029475
-0.026111
-0.021656
-0.016457
-0.010866
-0.005274
-0.000465
0.003197
0.005502
0.006192
0.005220
0.003178
0.000292
-0.002981
-0.005941
-0.008529
-0.010759
-0.012323
-0.013044
-0.013629
-0.014162
-0.014591
-0.015252
-0.016080
-0.017172
-0.018239
-0.019148
-0.019986
-0.020060
-0.019024
-0.016758
-0.013061
-0.007949
-0.001653
0.005537
0.013261
0.020754
0.027784
0.034254
0.039872
0.044612
0.048317
0.051182
0.053619
0.055573
0.056958
0.057754
0.057670
0.056499
0.054138
0.050664
0.046234
0.040538
0.034165
0.027893
0.021878
0.017129
0.014082
0.012266
0.012231
0.013714
0.015647
0.018149
0.020924
0.023312
0.025009
0.025769
0.025290
0.023697
0.021120
0.017470
0.013691
0.010125
0.006293
0.002491
-0.000907
-0.003980
-0.006564
-0.008910
-0.011005
-0.012742
-0.015021
-0.017619
-0.020101
-0.022258
-0.023330
-0.023611
-0.023646
-0.023529
-0.023785
-0.024547
-0.025700
-0.027394
-0.029103
-0.030323
-0.031138
-0.031078
-0.029447
-0.026314
-0.022180
-0.017047
-0.011043
-0.005042
0.000530
0.005739
0.010334
0.013841
0.016107
0.017723
0.018927
0.019287
0.019026
0.018201
0.016774
0.015417
0.014753
0.014849
0.016057
0.018574
0.021688
0.025355
0.029746
0.034483
0.039304
0.043883
0.048189
0.052306
0.055824
0.058666
0.060761
0.061956
0.061878
0.060380
0.057623
0.052997
0.046409
0.038388
0.029462
0.020489
0.012516
0.005830
0.000355
-0.003400
-0.005601
-0.006522
-0.006349
-0.005534
-0.004121
-0.002264
-0.000157
0.001757
0.003338
0.004338
0.004213
0.003563
0.002925
0.002222
0.001541
0.000691
-0.000798
-0.003253
-0.006163
-0.009146
-0.012682
-0.016531
-0.020380
-0.024401
-0.027979
-0.030764
-0.033132
-0.034977
-0.036646
-0.038313
-0.039352
-0.039387
-0.038126
-0.035253
-0.030922
-0.025337
-0.018394
-0.010207
-0.001226
0.007600
0.015846
0.023114
0.028681
0.032854
0.035748
0.037282
0.037694
0.036794
0.034603
0.031728
0.028535
0.024631
0.020155
0.015834
0.011979
0.008684
0.006014
0.004036
0.002971
0.002770
0.003521
0.005600
0.008316
0.011272
0.014205
0.016602
0.018673
0.020036
0.020805
0.021311
0.021379
0.020939
0.019667
0.017855
0.015546
0.012884
0.010421
0.008163
0.006494
0.005328
0.003835
0.001688
-0.001228
-0.005010
-0.009587
-0.014507
-0.019601
-0.024892
-0.029895
-0.034300
-0.037978
-0.040804
-0.042850
-0.044575
-0.045937
-0.046468
-0.046382
-0.045371
-0.043033
-0.039692
-0.035453
-0.030485
-0.025007
-0.018888
-0.012568
-0.006533
-0.000673
0.004779
0.009801
0.014019
0.016909
0.018258
0.017586
0.015143
0.011315
0.006246
0.000404
-0.005529
-0.011405
-0.016895
-0.021350
-0.024969
-0.027595
-0.028658
-0.028520
-0.027499
-0.025592
-0.023478
-0.021273
-0.019428
-0.018579
-0.018148
-0.018269
-0.018854
-0.019359
-0.020107
-0.020962
-0.021737
-0.022479
-0.023300
-0.024196
-0.025109
-0.026239
-0.026969
-0.027029
-0.026772
-0.025699
-0.023486
-0.020768
-0.017642
-0.014392
-0.011672
-0.009395
-0.007334
-0.005348
-0.003900
-0.003206
-0.003031
-0.003597
-0.005079
-0.007681
-0.011298
-0.015550
-0.020266
-0.025127
-0.030030
-0.034946
-0.039630
-0.043882
-0.047748
-0.050842
-0.053144
-0.054917
-0.055750
-0.055856
-0.055635
-0.054862
-0.053501
-0.051574
-0.048685
-0.045099
-0.041315
-0.037530
-0.033752
-0.029885
-0.025893
-0.022048
-0.019116
-0.017093
-0.015808
-0.015423
-0.014900
-0.013752
-0.012551
-0.011328
-0.010043
-0.009119
-0.008889
-0.008674
-0.008904
-0.009873
-0.010673
-0.011675
-0.013105
-0.014446
-0.016196
-0.018182
-0.019839
-0.021645
-0.023177
-0.023914
-0.024104
-0.023781
-0.022355
-0.020190
-0.017659
-0.014715
-0.011374
-0.007612
-0.004203
-0.000473
0.003416
0.006478
0.009145
0.011642
0.014007
0.016230
0.018336
0.019696
0.020361
0.020771
0.020532
0.020358
0.020611
0.020926
0.021535
0.022664
0.024152
0.025402
0.026561
0.027700
0.028606
0.029651
0.030849
0.032095
0.033505
0.035111
0.036613
0.037689
0.038571
0.039210
0.039249
0.038790
0.037729
0.035814
0.033578
0.031399
0.029294
0.027309
0.025176
0.023348
0.022115
0.021185
0.020646
0.020463
0.020357
0.019892
0.018751
0.017072
0.014808
0.011720
0.008057
0.003925
-0.000085
-0.003554
-0.006824
-0.009700
-0.012402
-0.014722
-0.016230
-0.017317
-0.017761
-0.017585
-0.017342
-0.016991
-0.016194
-0.014831
-0.012991
-0.010685
-0.008023
-0.005067
-0.002086
0.000500
0.002637
0.004347
0.005254
0.005481
0.005214
0.004196
0.002845
0.001287
0.000195
-0.000207
-0.000189
0.001100
0.003073
0.005420
0.009053
0.013660
0.018714
0.024159
0.029527
0.034281
0.038390
0.041674
0.043852
0.045149
0.045554
0.044863
0.043550
0.041682
0.039039
0.036194
0.033539
0.030875
0.028414
0.026112
0.023745
0.021470
0.019070
0.016515
0.013907
0.011300
0.008518
0.005570
0.002470
-0.000947
-0.004682
-0.008645
-0.012245
-0.015015
-0.016480
-0.016716
-0.016326
-0.015347
-0.014054
-0.013080
-0.012211
-0.011544
-0.011450
-0.011781
-0.012245
-0.012322
-0.012158
-0.011798
-0.011098
-0.010387
-0.009908
-0.009654
-0.009697
-0.010285
-0.011518
-0.013338
-0.015920
-0.018963
-0.021877
-0.024615
-0.027017
-0.029002
-0.030392
-0.031109
-0.031279
-0.030959
-0.030163
-0.028964
-0.028076
-0.027842
-0.028275
-0.029396
-0.030947
-0.032390
-0.033655
-0.034701
-0.035087
-0.034880
-0.033842
-0.031903
-0.029317
-0.026450
-0.023588
-0.021204
-0.019609
-0.018589
-0.018381
-0.018481
-0.018332
-0.018375
-0.018036
-0.016795
-0.015141
-0.012817
-0.009748
-0.006586
-0.003945
-0.001886
-0.000663
-0.000558
-0.000734
-0.001035
-0.001996
-0.003267
-0.004363
-0.005371
-0.006099
-0.006376
-0.006280
-0.005878
-0.005352
-0.004215
-0.002949
-0.001947
-0.000391
0.001027
0.002211
0.003908
0.005569
0.007330
0.009149
0.010586
0.012404
0.014490
0.016795
0.019278
0.021280
0.023006
0.024802
0.026601
0.028196
0.029595
0.030411
0.030749
0.030948
0.030834
0.030412
0.030027
0.029728
0.029230
0.028620
0.028079
0.027594
0.027419
0.027399
0.027251
0.027388
0.027334
0.026819
0.026245
0.025473
0.024451
0.023395
0.022092
0.020775
0.019709
0.018560
0.017379
0.015897
0.014001
0.011880
0.009426
0.006797
0.004694
0.002943
0.001332
0.000254
-0.000507
-0.001390
-0.002452
-0.002925
-0.003190
-0.003968
-0.004943
-0.006400
-0.008586
-0.010952
-0.013127
-0.015593
-0.018483
-0.021653
-0.024960
-0.027974
-0.030591
-0.033030
-0.035258
-0.037094
-0.038422
-0.039128
-0.039375
-0.039177
-0.038593
-0.037422
-0.035963
-0.034621
-0.033136
-0.031825
-0.030737
-0.029697
-0.028781
-0.027866
-0.026696
-0.025344
-0.023899
-0.022364
-0.021002
-0.019729
-0.018262
-0.016457
-0.014471
-0.012583
-0.010445
-0.008144
-0.006331
-0.005115
-0.004441
-0.004716
-0.005863
-0.007552
-0.009831
-0.012304
-0.014693
-0.016406
-0.017197
-0.017573
-0.017454
-0.016610
-0.015300
-0.013676
-0.011471
-0.008936
-0.006107
-0.002838
0.000848
0.005046
0.009104
0.013144
0.017381
0.021441
0.025212
0.028277
0.030681
0.032552
0.033881
0.034789
0.035230
0.035310
0.035035
0.034342
0.033699
0.033052
0.032480
0.031673
0.030419
0.029386
0.028394
0.027347
0.026280
0.024852
0.022712
0.020361
0.017883
0.015249
0.013067
0.011035
0.009307
0.008148
0.007027
0.005654
0.004055
0.002558
0.001402
0.000468
-0.000128
-0.000526
-0.000997
-0.001107
-0.001090
-0.001416
-0.001664
-0.002002
-0.002679
-0.003403
-0.004116
-0.004521
-0.005101
-0.005788
-0.006070
-0.006799
-0.007571
-0.007729
-0.008132
-0.008838
-0.009476
-0.010275
-0.011011
-0.011859
-0.013291
-0.015140
-0.017070
-0.019120
-0.021168
-0.023074
-0.024871
-0.026596
-0.028569
-0.030442
-0.032206
-0.034147
-0.036208
-0.038564
-0.041054
-0.043475
-0.045664
-0.047723
-0.049418
-0.050505
-0.051238
-0.051490
-0.051165
-0.049826
-0.047903
-0.045583
-0.042473
-0.039359
-0.035882
-0.032106
-0.028729
-0.025878
-0.024072
-0.022865
-0.021996
-0.021465
-0.020692
-0.019610
-0.018335
-0.017045
-0.015658
-0.014172
-0.012292
-0.009453
-0.005953
-0.002043
0.002046
0.006251
0.010670
0.015161
0.019770
0.024063
0.027407
0.029961
0.031935
0.033496
0.034926
0.036099
0.036955
0.037755
0.038474
0.039273
0.040308
0.041185
0.041710
0.042004
0.042055
0.041732
0.041676
0.041975
0.042354
0.043064
0.043718
0.044278
0.044890
0.045335
0.045513
0.045104
0.043898
0.042117
0.039732
0.036834
0.033731
0.030363
0.026701
0.022763
0.018841
0.015182
0.011848
0.008897
0.006448
0.004604
0.003447
0.003006
0.002812
0.002857
0.003431
0.004328
0.005302
0.006407
0.007376
0.008038
0.008513
0.009012
0.009505
0.009601
0.009420
0.008811
0.007597
0.005920
0.004084
0.002234
0.000679
-0.000095
-0.000466
-0.000326
0.000467
0.001477
0.002477
0.003814
0.005570
0.007493
0.009702
0.011770
0.013497
0.014814
0.015694
0.016155
0.016087
0.015752
0.015051
0.013771
0.011949
0.009490
0.006550
0.003604
0.000934
-0.001166
-0.002727
-0.004077
-0.004975
-0.005161
-0.004678
-0.003707
-0.002581
-0.001592
-0.001044
-0.000884
-0.000651
-0.000443
-0.000306
-0.000159
-0.000543
-0.001384
-0.002531
-0.003879
-0.005251
-0.006893
-0.008525
-0.010171
-0.011736
-0.012987
-0.014177
-0.014986
-0.015371
-0.015605
-0.015476
-0.014776
-0.013769
-0.012428
-0.010397
-0.008167
-0.005696
-0.002853
-0.000041
0.002927
0.005639
0.007760
0.009523
0.010721
0.011173
0.011005
0.010231
0.008673
0.006178
0.002858
-0.001026
-0.005434
-0.010103
-0.014602
-0.018828
-0.022539
-0.025489
-0.027589
-0.028872
-0.029399
-0.029293
-0.028798
-0.027894
-0.026809
-0.025726
-0.024609
-0.023354
-0.021502
-0.019162
-0.016522
-0.013597
-0.010490
-0.007133
-0.003530
0.000241
0.004156
0.008153
0.011781
0.015001
0.017919
0.020157
0.021497
0.022221
0.022515
0.022228
0.021724
0.021249
0.020908
0.020953
0.021225
0.021714
0.022366
0.023155
0.024124
0.025136
0.026142
0.026908
0.027387
0.027881
0.028291
0.028594
0.029124
0.029826
0.030389
0.030941
0.031770
0.032567
0.033050
0.033077
0.032862
0.032432
0.031013
0.028839
0.026392
0.023268
0.019472
0.015658
0.011605
0.007190
0.003070
-0.000860
-0.004637
-0.008012
-0.010910
-0.013559
-0.016007
-0.018020
-0.019765
-0.021328
-0.022560
-0.023218
-0.023428
-0.023315
-0.022535
-0.021380
-0.020087
-0.018394
-0.016392
-0.013999
-0.011403
-0.008903
-0.006292
-0.004072
-0.002353
-0.000828
0.000126
0.000473
0.000453
0.000243
-0.000338
-0.001278
-0.002305
-0.003506
-0.005018
-0.006466
-0.007521
-0.008655
-0.009689
-0.010217
-0.010683
-0.011130
-0.011102
-0.010841
-0.010674
-0.010556
-0.010420
-0.010355
-0.010412
-0.010402
-0.010553
-0.010675
-0.010690
-0.010783
-0.010734
-0.010580
-0.010391
-0.010008
-0.009417
-0.008591
-0.007589
-0.006503
-0.005300
-0.004283
-0.003517
-0.002958
-0.002817
-0.002815
-0.002720
-0.002935
-0.003291
-0.003658
-0.004421
-0.005072
-0.005413
-0.005696
-0.005631
-0.005171
-0.004352
-0.003337
-0.001848
0.000228
0.002365
0.004394
0.006339
0.008245
0.009834
0.010888
0.011500
0.011551
0.011017
0.010154
0.008927
0.007405
0.005952
0.004389
0.002697
0.001298
-0.000060
-0.001348
-0.002072
-0.002692
-0.003303
-0.003510
-0.003583
-0.003145
-0.002281
-0.001575
-0.000782
-0.000086
0.000472
0.001222
0.002237
0.003395
0.004765
0.006624
0.008708
0.010770
0.012904
0.014965
0.016793
0.018471
0.019740
0.020447
0.020912
0.021005
0.020754
0.020481
0.020219
0.019793
0.019270
0.018681
0.017897
0.017216
0.016361
0.015172
0.014095
0.013068
0.012213
0.011436
0.010559
0.009733
0.008895
0.008314
0.007713
0.006521
0.004811
0.002815
0.001031
-0.000434
-0.001919
-0.003343
-0.004909
-0.006713
-0.008135
-0.009083
-0.009837
-0.010097
-0.009830
-0.009403
-0.008848
-0.008062
-0.007142
-0.006228
-0.005125
-0.003868
-0.002724
-0.001724
-0.000821
-0.000039
0.000346
0.000330
0.000231
0.000032
-0.000525
-0.001250
-0.001816
-0.002331
-0.002768
-0.003005
-0.002947
-0.002703
-0.002282
-0.001694
-0.001184
-0.000689
-0.000444
-0.000572
-0.000859
-0.001266
-0.001796
-0.002430
-0.003095
-0.003886
-0.004560
-0.005047
-0.005513
-0.005786
-0.005824
-0.005561
-0.004952
-0.003992
-0.002780
-0.001361
0.000300
0.001976
0.003601
0.005231
0.006854
0.008394
0.009834
0.011213
0.012317
0.013030
0.013337
0.013265
0.012767
0.011690
0.010334
0.009210
0.008387
0.007829
0.007488
0.007214
0.007071
0.007030
0.006984
0.006999
0.006995
0.006917
0.006644
0.006173
0.005715
0.005062
0.004206
0.003102
0.001648
-0.000037
-0.001830
-0.003665
-0.005518
-0.007183
-0.008623
-0.009856
-0.010837
-0.011677
-0.012639
-0.013356
-0.013523
-0.013517
-0.013259
-0.012625
-0.011761
-0.010605
-0.009114
-0.007489
-0.005905
-0.004177
-0.002265
-0.000165
0.002171
0.004471
0.006660
0.008564
0.010115
0.011566
0.012802
0.013651
0.014303
0.014881
0.015263
0.015526
0.015598
0.015326
0.014806
0.014044
0.013024
0.011785
0.010390
0.008859
0.007725
0.007259
0.007174
0.007670
0.008642
0.009806
0.010943
0.012166
0.013435
0.014219
0.014849
0.015356
0.015382
0.015147
0.014646
0.013901
0.013079
0.012010
0.010616
0.008859
0.006803
0.004512
0.001775
-0.001228
-0.004265
-0.007326
-0.010181
-0.012721
-0.015108
-0.017165
-0.018668
-0.019742
-0.020451
-0.020843
-0.021073
-0.021361
-0.021712
-0.022056
-0.022368
-0.022527
-0.022618
-0.022578
-0.022450
-0.022669
-0.023077
-0.023501
-0.024361
-0.025450
-0.026353
-0.027209
-0.028075
-0.028753
-0.029220
-0.029693
-0.030000
-0.029902
-0.029525
-0.028847
-0.027815
-0.026499
-0.024796
-0.022722
-0.020620
-0.018581
-0.016714
-0.015486
-0.014900
-0.014717
-0.014849
-0.014961
-0.015285
-0.015926
-0.016404
-0.016820
-0.017375
-0.017900
-0.018150
-0.018269
-0.018293
-0.018330
-0.018593
-0.018617
-0.018459
-0.018449
-0.018342
-0.018022
-0.017545
-0.016793
-0.015917
-0.014911
-0.013515
-0.012014
-0.010375
-0.008524
-0.006670
-0.004679
-0.002672
-0.000685
0.001256
0.002908
0.004394
0.005686
0.006571
0.006973
0.007039
0.006772
0.006150
0.005440
0.004915
0.004548
0.004186
0.004187
0.004351
0.004463
0.004812
0.005323
0.005926
0.006247
0.006309
0.006234
0.005637
0.004519
0.002929
0.000928
-0.001349
-0.003704
-0.006186
-0.008818
-0.011152
-0.013262
-0.015119
-0.016540
-0.017796
-0.018734
-0.019498
-0.020087
-0.020318
-0.020546
-0.020538
-0.020162
-0.019495
-0.018363
-0.017047
-0.015768
-0.014413
-0.013158
-0.012153
-0.011219
-0.010244
-0.009487
-0.009060
-0.008742
-0.008602
-0.008525
-0.008121
-0.007413
-0.006486
-0.005285
-0.003675
-0.001553
0.001022
0.003928
0.007058
0.010333
0.013310
0.015936
0.018243
0.020234
0.022385
0.024509
0.026498
0.028359
0.030073
0.031801
0.033501
0.035149
0.036531
0.037668
0.038652
0.039218
0.039431
0.039344
0.038909
0.038144
0.037101
0.035904
0.034385
0.032555
0.030553
0.028509
0.026434
0.024276
0.022185
0.020404
0.018947
0.017627
0.016793
0.016528
0.016432
0.016559
0.016980
0.017633
0.018192
0.018665
0.019307
0.019688
0.019671
0.019221
0.018395
0.017270
0.015889
0.014397
0.012636
0.010870
0.009289
0.007764
0.006535
0.005573
0.004787
0.004529
0.004519
0.004586
0.005042
0.005737
0.006497
0.007229
0.007885
0.008284
0.008284
0.008120
0.007690
0.006897
0.005876
0.004476
0.002964
0.001484
-0.000238
-0.001819
-0.003187
-0.004505
-0.005484
-0.006095
-0.006419
-0.006585
-0.006621
-0.006466
-0.006214
-0.005951
-0.005767
-0.005522
-0.005278
-0.005093
-0.004684
-0.004374
-0.004070
-0.003453
-0.002771
-0.002016
-0.001241
-0.000400
0.000583
0.001497
0.002279
0.002988
0.003446
0.003912
0.004439
0.004692
0.004971
0.005320
0.005785
0.006474
0.007040
0.007375
0.007630
0.007786
0.007642
0.007035
0.006261
0.005553
0.004723
0.003988
0.003398
0.002831
0.002487
0.002342
0.002532
0.003057
0.003691
0.004512
0.005510
0.006651
0.008019
0.009658
0.011568
0.013631
0.015625
0.017551
0.019559
0.021404
0.023083
0.024836
0.026462
0.027855
0.029088
0.030186
0.031171
0.032120
0.032893
0.033458
0.033958
0.034359
0.034601
0.034697
0.034827
0.035079
0.035082
0.034789
0.034515
0.034134
0.033577
0.033096
0.032553
0.031615
0.030496
0.029286
0.027807
0.026120
0.024375
0.022704
0.021148
0.019591
0.017991
0.016489
0.015242
0.014314
0.013523
0.012460
0.011191
0.010046
0.008924
0.007695
0.006428
0.004998
0.003204
0.001158
-0.000850
-0.002535
-0.004076
-0.005406
-0.006160
-0.006455
-0.006080
-0.005052
-0.003741
-0.002154
-0.000755
0.000298
0.001222
0.001698
0.001871
0.002022
0.001852
0.001378
0.000786
0.000030
-0.000743
-0.001542
-0.002224
-0.002542
-0.002793
-0.003222
-0.003684
-0.004264
-0.005012
-0.005768
-0.006665
-0.007599
-0.008539
-0.009549
-0.010597
-0.011632
-0.012489
-0.013417
-0.014578
-0.015894
-0.017423
-0.019111
-0.020993
-0.023166
-0.025511
-0.028129
-0.030866
-0.033522
-0.036071
-0.038345
-0.040423
-0.042252
-0.043728
-0.044839
-0.045648
-0.046074
-0.046094
-0.045997
-0.045809
-0.045339
-0.044682
-0.043853
-0.042782
-0.041433
-0.039783
-0.037874
-0.035776
-0.033604
-0.031436
-0.029283
-0.027109
-0.025044
-0.023230
-0.021838
-0.020783
-0.019990
-0.019339
-0.018602
-0.018006
-0.017391
-0.016519
-0.015465
-0.014299
-0.012919
-0.011211
-0.009519
-0.007792
-0.005955
-0.004160
-0.002349
-0.000593
0.000900
0.002228
0.003366
0.004098
0.004645
0.004788
0.004594
0.004079
0.003043
0.001882
0.000475
-0.001223
-0.002825
-0.004342
-0.005879
-0.007374
-0.008883
-0.010371
-0.011625
-0.012712
-0.013646
-0.014278
-0.014705
-0.014760
-0.014603
-0.014230
-0.013475
-0.012803
-0.012115
-0.011351
-0.010560
-0.009584
-0.008467
-0.007281
-0.006117
-0.004904
-0.003656
-0.002607
-0.001723
-0.000898
-0.000270
-0.000026
0.000115
0.000237
-0.000000
-0.000090
-0.000024
-0.000139
0.000018
0.000422
0.001116
0.001992
0.002853
0.004052
0.005296
0.006376
0.007463
0.008350
0.009148
0.009993
0.010775
0.011511
0.012196
0.012875
0.013722
0.014759
0.015864
0.017034
0.018183
0.019078
0.019797
0.020528
0.020954
0.020912
0.020701
0.020230
0.019191
0.018162
0.017278
0.015997
0.014693
0.013457
0.012006
0.010526
0.009237
0.007959
0.006636
0.005556
0.004468
0.003558
0.003240
0.003182
0.003273
0.003548
0.003987
0.004840
0.005977
0.007020
0.008171
0.009365
0.010435
0.011536
0.012404
0.012947
0.013373
0.013542
0.013291
0.012723
0.011611
0.010041
0.008821
0.007520
0.005774
0.004129
0.002704
0.001351
-0.000017
-0.001210
-0.002003
-0.002681
-0.003408
-0.003975
-0.004622
-0.005317
-0.006156
-0.006878
-0.007581
-0.008731
-0.010008
-0.011605
-0.013636
-0.015543
-0.017247
-0.019170
-0.021136
-0.023181
-0.025282
-0.027169
-0.029021
-0.030783
-0.032504
-0.034098
-0.035280
-0.036206
-0.037141
-0.037800
-0.038030
-0.038242
-0.038300
-0.037918
-0.037379
-0.036851
-0.036406
-0.035916
-0.035281
-0.034673
-0.034135
-0.033694
-0.033183
-0.032816
-0.032407
-0.031803
-0.031216
-0.030613
-0.030107
-0.029735
-0.029496
-0.029335
-0.029132
-0.028790
-0.028503
-0.028204
-0.027617
-0.026717
-0.025765
-0.024714
-0.023317
-0.021758
-0.020290
-0.018684
-0.016901
-0.015241
-0.013487
-0.011595
-0.009750
-0.008236
-0.006533
-0.004608
-0.002982
-0.001048
0.000764
0.002219
0.003975
0.005341
0.006411
0.007661
0.008271
0.008514
0.008911
0.009166
0.009179
0.008939
0.008820
0.008817
0.008822
0.009275
0.009657
0.009723
0.010068
0.010466
0.010693
0.011066
0.011527
0.012078
0.012755
0.013433
0.014255
0.015077
0.015708
0.016407
0.017161
0.017572
0.017716
0.017682
0.017360
0.016752
0.015920
0.014914
0.013588
0.011804
0.009777
0.007504
0.005119
0.002785
0.000173
-0.002363
-0.005245
-0.008365
-0.010880
-0.013276
-0.015576
-0.017531
-0.019209
-0.020628
-0.021649
-0.022175
-0.022358
-0.022104
-0.021278
-0.020256
-0.018822
-0.016706
-0.014231
-0.011149
-0.007630
-0.003838
0.000401
0.005060
0.010028
0.014585
0.018811
0.023017
0.026836
0.029962
0.032507
0.034682
0.036293
0.037523
0.037951
0.037716
0.037332
0.036200
0.034620
0.032746
0.030536
0.028162
0.025451
0.022394
0.019089
0.016019
0.013402
0.010777
0.008287
0.006102
0.004186
0.002733
0.001482
0.000540
-0.000190
-0.000770
-0.001086
-0.001367
-0.001580
-0.001569
-0.001539
-0.001833
-0.002148
-0.002352
-0.002535
-0.002942
-0.003420
-0.003882
-0.004610
-0.004949
-0.004835
-0.004780
-0.004383
-0.003738
-0.003387
-0.003065
-0.002746
-0.002363
-0.002128
-0.002205
-0.002315
-0.002649
-0.003150
-0.003808
-0.004584
-0.005363
-0.006226
-0.007193
-0.008221
-0.009224
-0.010538
-0.011864
-0.012763
-0.013753
-0.014726
-0.015489
-0.015893
-0.015824
-0.015326
-0.014266
-0.012893
-0.011444
-0.010209
-0.009222
-0.008161
-0.007226
-0.006483
-0.005921
-0.005699
-0.005861
-0.006203
-0.006526
-0.006911
-0.007224
-0.007351
-0.007200
-0.006749
-0.005935
-0.004833
-0.003662
-0.002559
-0.001401
-0.000365
0.000318
0.000894
0.001334
0.001441
0.001329
0.001071
0.000584
-0.000155
-0.001143
-0.002115
-0.003002
-0.003734
-0.004311
-0.004663
-0.004458
-0.003832
-0.003032
-0.002034
-0.001087
-0.000068
0.001104
0.001835
0.002356
0.002879
0.003163
0.003419
0.003644
0.003946
0.004437
0.004807
0.005235
0.005845
0.006538
0.007206
0.007883
0.008885
0.009900
0.010863
0.011936
0.013051
0.014205
0.014936
0.015576
0.016309
0.017068
0.018355
0.019855
0.021416
0.023164
0.024705
0.025921
0.026951
0.027649
0.027962
0.028059
0.027783
0.027155
0.026320
0.025002
0.023713
0.022491
0.021144
0.020141
0.019026
0.017880
0.017135
0.016158
0.014943
0.013916
0.012911
0.011714
0.010330
0.008963
0.007555
0.006257
0.005478
0.005009
0.004459
0.004029
0.003627
0.003138
0.002991
0.003021
0.002935
0.002790
0.002546
0.002164
0.001869
0.001829
0.002129
0.002796
0.003462
0.004144
0.004873
0.005566
0.006396
0.007278
0.008149
0.008799
0.009097
0.009372
0.009491
0.009228
0.008851
0.008168
0.006804
0.005154
0.003755
0.002384
0.001206
0.000428
-0.000673
-0.001869
-0.002887
-0.004080
-0.005138
-0.006005
-0.006621
-0.006944
-0.007148
-0.007086
-0.006725
-0.006071
-0.005401
-0.004776
-0.003977
-0.003270
-0.002666
-0.002279
-0.002066
-0.001760
-0.001743
-0.002141
-0.002587
-0.003103
-0.003990
-0.004994
-0.005835
-0.006622
-0.007209
-0.007662
-0.008497
-0.009425
-0.009800
-0.009737
-0.009365
-0.008538
-0.007615
-0.007186
-0.007252
-0.007580
-0.007979
-0.008521
-0.009396
-0.010312
-0.011539
-0.013297
-0.015029
-0.016663
-0.018133
-0.019152
-0.019968
-0.020654
-0.020812
-0.020277
-0.018927
-0.017088
-0.015159
-0.012936
-0.010573
-0.008289
-0.006095
-0.004173
-0.002432
-0.000474
0.001459
0.003209
0.004758
0.005579
0.006044
0.006528
0.006787
0.006835
0.006970
0.007145
0.007204
0.007238
0.007179
0.007066
0.006916
0.006643
0.006194
0.005512
0.004825
0.004221
0.003330
0.002401
0.001717
0.001139
0.000760
0.000605
0.000428
0.000383
0.000606
0.000798
0.000986
0.001003
0.001026
0.001029
0.000673
0.000254
-0.000527
-0.001674
-0.002914
-0.004397
-0.005935
-0.007523
-0.008996
-0.010385
-0.011604
-0.012438
-0.013361
-0.013953
-0.014186
-0.014688
-0.015218
-0.015566
-0.015801
-0.015952
-0.015923
-0.015830
-0.015802
-0.015689
-0.015754
-0.016174
-0.016476
-0.016855
-0.017432
-0.017956
-0.018712
-0.019518
-0.020167
-0.020903
-0.021877
-0.023001
-0.024115
-0.024990
-0.025542
-0.025780
-0.025740
-0.025641
-0.025280
-0.024736
-0.024060
-0.022890
-0.021609
-0.020390
-0.019208
-0.018123
-0.016990
-0.016120
-0.015471
-0.014722
-0.014025
-0.013428
-0.012762
-0.012081
-0.011364
-0.010655
-0.010103
-0.009684
-0.009478
-0.009427
-0.009267
-0.009022
-0.008906
-0.008788
-0.008548
-0.008364
-0.008088
-0.007582
-0.006901
-0.006087
-0.005204
-0.004411
-0.003720
-0.002950
-0.002276
-0.001652
-0.000942
-0.000053
0.001050
0.002052
0.002889
0.003717
0.004474
0.005318
0.006188
0.007022
0.008126
0.009327
0.010483
0.011743
0.012983
0.014060
0.015265
0.016604
0.018076
0.019584
0.020970
0.022380
0.023523
0.024560
0.025596
0.026386
0.027129
0.027762
0.028228
0.028502
0.028509
0.028366
0.028007
0.027639
0.027449
0.026991
0.026515
0.026197
0.025628
0.025458
0.025636
0.025766
0.026048
0.026179
0.026292
0.026580
0.027020
0.027742
0.028472
0.029179
0.029904
0.030369
0.030580
0.030703
0.031034
0.031422
0.031969
0.032660
0.032976
0.032918
0.031984
0.030253
0.028581
0.027004
0.025379
0.023683
0.021738
0.019378
0.017010
0.014884
0.012837
0.011040
0.009355
0.007894
0.006742
0.005428
0.004040
0.002532
0.000892
-0.000634
-0.001831
-0.002544
-0.003357
-0.004362
-0.005471
-0.007011
-0.008328
-0.009210
-0.010276
-0.011270
-0.012118
-0.013073
-0.013808
-0.014146
-0.014331
-0.014532
-0.014574
-0.014369
-0.014120
-0.013837
-0.013528
-0.013267
-0.012910
-0.012587
-0.012316
-0.011832
-0.011353
-0.010757
-0.009690
-0.008422
-0.007066
-0.005677
-0.004284
-0.003010
-0.002015
-0.001058
-0.000051
0.000972
0.001977
0.002927
0.003754
0.004294
0.004674
0.004858
0.004740
0.004561
0.004251
0.003811
0.003730
0.004063
0.004448
0.004460
0.004065
0.003681
0.003294
0.002912
0.002455
0.001917
0.001395
0.000692
0.000015
-0.000419
-0.000721
-0.000917
-0.001079
-0.001303
-0.001327
-0.001246
-0.001493
-0.001923
-0.002446
-0.003036
-0.003587
-0.004248
-0.005051
-0.005877
-0.006430
-0.006672
-0.006655
-0.006409
-0.006437
-0.006536
-0.006349
-0.006095
-0.005834
-0.005459
-0.005001
-0.004744
-0.004635
-0.004563
-0.004521
-0.004495
-0.004369
-0.004233
-0.004250
-0.004270
-0.004344
-0.004545
-0.004756
-0.004824
-0.004830
-0.004932
-0.005186
-0.005833
-0.006652
-0.007100
-0.007131
-0.006916
-0.006354
-0.005409
-0.004636
-0.004151
-0.003842
-0.003791
-0.004128
-0.004643
-0.005055
-0.005761
-0.006412
-0.006764
-0.007117
-0.007680
-0.008406
-0.009150
-0.010133
-0.011060
-0.011960
-0.013068
-0.014249
-0.015608
-0.017039
-0.018452
-0.019763
-0.020689
-0.021449
-0.022163
-0.022434
-0.022254
-0.021709
-0.020729
-0.019407
-0.017880
-0.016124
-0.013999
-0.011640
-0.009426
-0.007281
-0.005255
-0.003593
-0.001942
-0.000511
0.000547
0.001605
0.002582
0.003527
0.004477
0.005369
0.006279
0.007117
0.007974
0.008806
0.009571
0.010551
0.011512
0.012426
0.013180
0.013595
0.013900
0.014058
0.013907
0.013381
0.012771
0.011937
0.010664
0.009336
0.008148
0.007105
0.006491
0.006275
0.006258
0.006550
0.007133
0.008051
0.008933
0.009809
0.010812
0.011579
0.012217
0.012879
0.013582
0.014191
0.014725
0.015286
0.015880
0.016541
0.017234
0.017819
0.018356
0.019040
0.019811
0.020642
0.021345
0.021651
0.021719
0.022030
0.022658
0.023479
0.024469
0.025398
0.026296
0.027029
0.027581
0.028330
0.029062
0.029730
0.030566
0.031285
0.031692
0.031799
0.031827
0.031861
0.031838
0.031837
0.031675
0.031353
0.030908
0.030263
0.029517
0.028654
0.027643
0.026741
0.025833
0.024681
0.023404
0.021878
0.020421
0.019227
0.018215
0.017524
0.017075
0.016543
0.015637
0.014503
0.013312
0.012231
0.011067
0.009485
0.007561
0.005507
0.003557
0.002037
0.001135
0.000563
0.000040
-0.000548
-0.001146
-0.001649
-0.002057
-0.002516
-0.003122
-0.003812
-0.004457
-0.004818
-0.005004
-0.005261
-0.005878
-0.006819
-0.007532
-0.008088
-0.008556
-0.008701
-0.008944
-0.009401
-0.009667
-0.009866
-0.010091
-0.010308
-0.010538
-0.010697
-0.010815
-0.011034
-0.011454
-0.011785
-0.012045
-0.012400
-0.012621
-0.012718
-0.012899
-0.013003
-0.012995
-0.012852
-0.012347
-0.011965
-0.011808
-0.011582
-0.011232
-0.010664
-0.009962
-0.009307
-0.008626
-0.008030
-0.007760
-0.007381
-0.006576
-0.005551
-0.004419
-0.003185
-0.002131
-0.001242
-0.000539
-0.000105
0.000364
0.000881
0.001379
0.001958
0.002638
0.003147
0.003800
0.004803
0.005714
0.006626
0.007674
0.008599
0.009279
0.010071
0.010697
0.010883
0.011148
0.011254
0.010983
0.010836
0.010767
0.010509
0.010068
0.009780
0.009635
0.009228
0.008942
0.008883
0.008744
0.008716
0.008633
0.008266
0.007914
0.007515
0.006970
0.006404
0.005769
0.005015
0.004211
0.003402
0.002962
0.002671
0.002043
0.001374
0.000606
-0.000064
-0.000189
0.000004
0.000008
-0.000123
-0.000429
-0.000914
-0.001214
-0.001340
-0.001432
-0.001320
-0.000934
-0.000738
-0.000628
-0.000429
-0.000463
-0.000599
-0.000748
-0.001188
-0.001705
-0.001969
-0.002261
-0.002511
-0.002630
-0.002918
-0.003087
-0.003151
-0.003128
-0.002769
-0.002250
-0.001637
-0.001108
-0.000497
0.000307
0.000933
0.001590
0.002221
0.002320
0.002126
0.001864
0.001725
0.002133
0.002756
0.003170
0.003360
0.003320
0.003077
0.002767
0.002441
0.002222
0.002178
0.002155
0.002159
0.002125
0.002025
0.001983
0.001942
0.001878
0.001991
0.002052
0.002027
0.002165
0.002154
0.002092
0.002168
0.002171
0.002221
0.002098
0.001861
0.001636
0.001159
0.000673
0.000150
-0.000587
-0.001489
-0.002396
-0.003365
-0.004393
-0.005497
-0.006715
-0.007870
-0.009265
-0.010781
-0.012080
-0.013372
-0.014798
-0.016239
-0.017545
-0.018788
-0.020038
-0.021167
-0.022211
-0.023280
-0.024079
-0.024643
-0.025105
-0.025225
-0.025245
-0.025485
-0.025655
-0.025572
-0.025583
-0.025407
-0.025007
-0.024625
-0.024084
-0.023296
-0.022464
-0.021776
-0.021118
-0.020577
-0.019999
-0.019515
-0.018902
-0.018079
-0.017473
-0.016929
-0.016483
-0.015941
-0.015397
-0.014963
-0.014294
-0.013691
-0.013316
-0.013063
-0.012981
-0.013002
-0.013074
-0.013103
-0.013080
-0.013003
-0.012794
-0.012513
-0.012219
-0.011921
-0.011537
-0.011119
-0.010679
-0.010100
-0.009554
-0.008888
-0.008089
-0.007316
-0.006368
-0.005246
-0.004182
-0.003180
-0.002113
-0.000994
0.000196
0.001348
0.002491
0.003506
0.004292
0.005139
0.005848
0.006173
0.006302
0.006384
0.006308
0.006178
0.006143
0.005977
0.005655
0.005176
0.004615
0.004123
0.003729
0.003389
0.002978
0.002568
0.002261
0.001929
0.001570
0.001272
0.000979
0.000866
0.000801
0.000654
0.000488
0.000282
0.000191
0.000085
-0.000179
-0.000382
-0.000640
-0.001072
-0.001521
-0.001954
-0.002341
-0.002790
-0.003207
-0.003547
-0.003897
-0.004237
-0.004503
-0.004576
-0.004597
-0.004582
-0.004341
-0.003985
-0.003705
-0.003305
-0.002847
-0.002628
-0.002454
-0.002299
-0.002359
-0.002558
-0.002900
-0.003338
-0.003656
-0.003877
-0.004087
-0.004214
-0.004259
-0.004180
-0.004102
-0.004269
-0.004422
-0.004421
-0.004487
-0.004645
-0.004737
-0.004932
-0.005446
-0.005894
-0.006080
-0.006150
-0.006133
-0.006039
-0.005933
-0.005755
-0.005556
-0.005491
-0.005427
-0.005342
-0.005388
-0.005569
-0.005807
-0.006137
-0.006357
-0.006379
-0.006422
-0.006341
-0.006247
-0.006321
-0.006333
-0.006183
-0.005860
-0.005402
-0.004774
-0.004057
-0.003488
-0.002926
-0.002464
-0.002120
-0.001697
-0.001440
-0.001354
-0.001380
-0.001550
-0.001855
-0.002142
-0.002184
-0.002120
-0.002030
-0.001752
-0.001174
-0.000551
-0.000013
0.000692
0.001393
0.002074
0.002835
0.003646
0.004398
0.004887
0.005350
0.005818
0.006026
0.005939
0.005839
0.005694
0.005543
0.005430
0.005176
0.004947
0.004704
0.004514
0.004404
0.004324
0.004372
0.004461
0.004569
0.004691
0.004750
0.004859
0.005066
0.005125
0.005150
0.005193
0.005114
0.005007
0.004873
0.004740
0.004519
0.004152
0.003875
0.003702
0.003399
0.002883
0.002161
0.001293
0.000489
-0.000346
-0.001403
-0.002464
-0.003498
-0.004575
-0.005504
-0.006122
-0.006461
-0.006636
-0.006763
-0.006974
-0.007099
-0.007133
-0.007076
-0.006828
-0.006597
-0.006217
-0.005666
-0.005162
-0.004677
-0.004306
-0.004000
-0.003690
-0.003556
-0.003648
-0.003853
-0.004248
-0.004772
-0.005356
-0.006053
-0.006674
-0.007363
-0.008139
-0.008796
-0.009246
-0.009513
-0.009700
-0.009691
-0.009545
-0.009301
-0.009006
-0.008727
-0.008323
-0.007842
-0.007264
-0.006801
-0.006595
-0.006441
-0.006474
-0.006495
-0.006511
-0.006733
-0.006917
-0.007001
-0.007187
-0.007527
-0.007775
-0.008022
-0.008321
-0.008474
-0.008434
-0.008370
-0.008469
-0.008476
-0.008428
-0.008453
-0.008435
-0.008409
-0.008374
-0.008488
-0.008812
-0.009114
-0.009468
-0.010002
-0.010564
-0.011205
-0.011824
-0.012367
-0.013000
-0.013699
-0.014497
-0.015300
-0.015967
-0.016533
-0.016990
-0.017283
-0.017367
-0.017265
-0.016972
-0.016540
-0.015902
-0.015080
-0.014173
-0.013114
-0.011983
-0.010853
-0.009758
-0.008783
-0.007888
-0.006928
-0.005931
-0.005052
-0.004326
-0.003557
-0.002857
-0.002293
-0.001587
-0.000834
-0.000097
0.000618
0.001204
0.001716
0.002121
0.002346
0.002574
0.002785
0.003017
0.003316
0.003536
0.003774
0.004032
0.004490
0.004949
0.005168
0.005399
0.005556
0.005650
0.005706
0.005790
0.005971
0.006080
0.006116
0.006077
0.005865
0.005738
0.005908
0.006263
0.006655
0.007076
0.007665
0.008313
0.008977
0.009698
0.010419
0.011217
0.012147
0.013065
0.013902
0.014672
0.015352
0.015876
0.016241
0.016504
0.016652
0.016715
0.016670
0.016687
0.016691
0.016476
0.016189
0.015864
0.015544
0.015304
0.015024
0.014715
0.014600
0.014566
0.014607
0.014758
0.014870
0.014909
0.014804
0.014618
0.014404
0.014103
0.013753
0.013397
0.013080
0.012850
0.012714
0.012608
0.012567
0.012598
0.012521
0.012396
0.012368
0.012381
0.012349
0.012369
0.012347
0.012159
0.011917
0.011324
0.010520
0.009813
0.009033
0.008251
0.007472
0.006684
0.005953
0.005333
0.004669
0.003966
0.003344
0.002668
0.002209
0.002044
0.001960
0.001973
0.001942
0.001709
0.001347
0.000966
0.000587
0.000167
-0.000288
-0.000763
-0.001061
-0.001033
-0.000874
-0.000804
-0.000719
-0.000649
-0.000542
-0.000219
0.000214
0.000790
0.001546
0.002397
0.003227
0.003979
0.004558
0.005010
0.005524
0.006101
0.006633
0.007219
0.007786
0.008056
0.008259
0.008464
0.008499
0.008460
0.008345
0.008272
0.008482
0.008697
0.008738
0.008926
0.009110
0.009175
0.009158
0.008931
0.008711
0.008435
0.008115
0.007927
0.007701
0.007499
0.007330
0.007237
0.007383
0.007504
0.007663
0.007971
0.008253
0.008568
0.008881
0.009074
0.009158
0.009115
0.008935
0.008729
0.008510
0.008251
0.007950
0.007601
0.007122
0.006561
0.006051
0.005591
0.005137
0.004638
0.004231
0.003920
0.003595
0.003327
0.003144
0.003007
0.002960
0.002880
0.002767
0.002778
0.002944
0.003292
0.003698
0.004181
0.004799
0.005402
0.005875
0.006392
0.006912
0.007354
0.007705
0.007875
0.008120
0.008394
0.008524
0.008559
0.008456
0.008198
0.007693
0.007056
0.006389
0.005505
0.004653
0.003944
0.003049
0.002174
0.001516
0.000908
0.000438
0.000162
-0.000079
-0.000329
-0.000517
-0.000509
-0.000320
-0.000253
-0.000186
-0.000097
-0.000330
-0.000774
-0.001281
-0.001837
-0.002310
-0.002651
-0.002952
-0.003263
-0.003717
-0.004248
-0.004673
-0.005028
-0.005206
-0.005352
-0.005562
-0.005567
-0.005521
-0.005551
-0.005458
-0.005354
-0.005333
-0.005224
-0.005147
-0.005200
-0.005228
-0.005349
-0.005648
-0.005895
-0.006244
-0.006829
-0.007343
-0.007979
-0.008749
-0.009379
-0.009932
-0.010481
-0.010909
-0.011145
-0.011267
-0.011121
-0.010791
-0.010522
-0.010214
-0.009789
-0.009329
-0.008841
-0.008334
-0.007876
-0.007324
-0.006804
-0.006453
-0.005857
-0.005130
-0.004557
-0.003896
-0.003122
-0.002480
-0.001955
-0.001482
-0.000989
-0.000450
-0.000078
0.000226
0.000572
0.000682
0.000642
0.000652
0.000378
0.000071
0.000024
-0.000149
-0.000412
-0.000711
-0.001250
-0.001725
-0.001910
-0.002063
-0.002179
-0.002194
-0.002232
-0.002380
-0.002413
-0.002247
-0.002095
-0.001777
-0.001301
-0.000725
-0.000112
0.000478
0.001229
0.001979
0.002644
0.003234
0.003727
0.004288
0.004797
0.005212
0.005650
0.005917
0.006106
0.006274
0.006093
0.005666
0.005300
0.004969
0.004710
0.004447
0.004063
0.003767
0.003503
0.003181
0.003136
0.003222
0.003258
0.003522
0.003904
0.004355
0.004705
0.005000
0.005416
0.005673
0.005857
0.006130
0.006453
0.006716
0.006814
0.006808
0.006793
0.006686
0.006497
0.006323
0.006146
0.005938
0.005664
0.005367
0.005011
0.004703
0.004491
0.004370
0.004405
0.004531
0.004868
0.005300
0.005630
0.005921
0.006176
0.006284
0.006431
0.006919
0.007538
0.007991
0.008386
0.008714
0.008917
0.009127
0.009252
0.009334
0.009368
0.009253
0.009165
0.009209
0.008978
0.008250
0.007389
0.006635
0.006226
0.006107
0.006088
0.006242
0.006400
0.006564
0.006849
0.007118
0.007394
0.007478
0.007583
0.007876
0.007911
0.007873
0.007865
0.007756
0.007610
0.007584
0.007673
0.007772
0.007831
0.007786
0.007788
0.007911
0.008086
0.008368
0.008663
0.008756
0.008940
0.009113
0.008939
0.008836
0.008949
0.008947
0.008821
0.008549
0.008021
0.007566
0.007225
0.006753
0.006427
0.006174
0.005646
0.005170
0.004752
0.004043
0.003389
0.002969
0.002483
0.002098
0.001893
0.001482
0.000948
0.000533
0.000171
-0.000209
-0.000455
-0.000414
-0.000367
-0.000411
-0.000380
-0.000264
-0.000184
-0.000123
-0.000058
-0.000081
-0.000107
-0.000094
-0.000056
-0.000005
-0.000112
-0.000318
-0.000417
-0.000498
-0.000727
-0.000963
-0.001201
-0.001633
-0.001874
-0.002030
-0.002344
-0.002565
-0.002785
-0.003041
-0.003232
-0.003380
-0.003589
-0.003823
-0.004055
-0.004286
-0.004670
-0.005209
-0.005824
-0.006657
-0.007409
-0.008046
-0.008748
-0.009478
-0.010273
-0.010941
-0.011646
-0.012434
-0.012957
-0.013428
-0.013909
-0.014211
-0.014535
-0.015073
-0.015528
-0.015701
-0.015767
-0.015774
-0.015771
-0.015876
-0.016035
-0.016069
-0.015976
-0.015821
-0.015635
-0.015453
-0.015290
-0.015070
-0.014694
-0.014285
-0.013881
-0.013438
-0.013029
-0.012590
-0.012244
-0.012018
-0.011765
-0.011472
-0.011269
-0.011241
-0.011210
-0.011283
-0.011507
-0.011796
-0.012251
-0.012711
-0.013043
-0.013505
-0.014011
-0.014316
-0.014642
-0.014922
-0.015025
-0.015125
-0.015183
-0.015145
-0.015096
-0.015024
-0.014818
-0.014622
-0.014409
-0.013958
-0.013341
-0.012611
-0.011846
-0.011072
-0.010384
-0.009669
-0.008741
-0.007814
-0.006910
-0.006083
-0.005436
-0.004866
-0.004267
-0.003697
-0.003190
-0.002624
-0.002017
-0.001541
-0.001305
-0.001114
-0.000872
-0.000725
-0.000538
-0.000343
-0.000430
-0.000547
-0.000470
-0.000536
-0.000797
-0.000999
-0.001224
-0.001540
-0.001680
-0.001727
-0.001788
-0.001806
-0.001760
-0.001617
-0.001568
-0.001515
-0.001515
-0.001642
-0.001697
-0.001698
-0.001788
-0.001855
-0.001968
-0.002206
-0.002314
-0.002421
-0.002519
-0.002548
-0.002563
-0.002525
-0.002315
-0.001819
-0.001175
-0.000372
0.000489
0.001082
0.001521
0.001997
0.002379
0.002803
0.003356
0.003842
0.004253
0.004671
0.005137
0.005546
0.005782
0.006010
0.006214
0.006256
0.006251
0.006187
0.006092
0.006091
0.006171
0.006134
0.005908
0.005648
0.005239
0.004785
0.004565
0.004423
0.004315
0.004217
0.003977
0.003828
0.003683
0.003390
0.003184
0.002922
0.002464
0.001952
0.001336
0.000661
0.000054
-0.000668
-0.001349
-0.002016
-0.002830
-0.003667
-0.004569
-0.005345
-0.005905
-0.006406
-0.006870
-0.007228
-0.007578
-0.007960
-0.008103
-0.008191
-0.008404
-0.008575
-0.008851
-0.009025
-0.009034
-0.009063
-0.009010
-0.009097
-0.009327
-0.009583
-0.009828
-0.009911
-0.010057
-0.010088
-0.009835
-0.009732
-0.009553
-0.009130
-0.008825
-0.008463
-0.007965
-0.007576
-0.007142
-0.006583
-0.006165
-0.005902
-0.005635
-0.005350
-0.005163
-0.005000
-0.004775
-0.004641
-0.004529
-0.004518
-0.004641
-0.004717
-0.004771
-0.004962
-0.005226
-0.005406
-0.005529
-0.005424
-0.005209
-0.005034
-0.004868
-0.004687
-0.004357
-0.003868
-0.003176
-0.002505
-0.001982
-0.001384
-0.000757
-0.000161
0.000431
0.000948
0.001326
0.001721
0.002091
0.002326
0.002642
0.002952
0.003298
0.003692
0.004018
0.004228
0.004311
0.004358
0.004479
0.004861
0.005313
0.005644
0.005858
0.006001
0.006084
0.006147
0.006237
0.006313
0.006386
0.006352
0.006291
0.006193
0.006010
0.005854
0.005686
0.005500
0.005293
0.005082
0.004880
0.004565
0.004164
0.003883
0.003641
0.003292
0.002975
0.002737
0.002566
0.002390
0.002204
0.002111
0.001917
0.001655
0.001377
0.000912
0.000414
0.000118
-0.000230
-0.000720
-0.001107
-0.001475
-0.001738
-0.001925
-0.002113
-0.002298
-0.002600
-0.002678
-0.002558
-0.002518
-0.002444
-0.002354
-0.002235
-0.002070
-0.001739
-0.001351
-0.001055
-0.000796
-0.000684
-0.000592
-0.000643
-0.000948
-0.001255
-0.001580
-0.001861
-0.001917
-0.001975
-0.002201
-0.002432
-0.002555
-0.002607
-0.002539
-0.002237
-0.001860
-0.001366
-0.000744
-0.000328
-0.000110
0.000155
0.000433
0.000742
0.001028
0.001097
0.001153
0.001286
0.001405
0.001541
0.001633
0.001660
0.001694
0.001702
0.001625
0.001540
0.001546
0.001635
0.001693
0.001671
0.001516
0.001249
0.000925
0.000633
0.000546
0.000548
0.000531
0.000603
0.000710
0.000716
0.000748
0.000851
0.000905
0.001030
0.001203
0.001023
0.000578
0.000282
0.000089
-0.000074
-0.000246
-0.000445
-0.000645
-0.000861
-0.000945
-0.000879
-0.000737
-0.000591
-0.000389
-0.000058
0.000247
0.000639
0.001224
0.001828
0.002498
0.003246
0.003905
0.004398
0.004770
0.005043
0.005150
0.005286
0.005395
0.005443
0.005544
0.005430
0.005167
0.004931
0.004717
0.004420
0.004123
0.004018
0.003969
0.003954
0.003927
0.003815
0.003695
0.003554
0.003455
0.003347
0.003138
0.002863
0.002448
0.002005
0.001625
0.001146
0.000632
0.000074
-0.000559
-0.001052
-0.001509
-0.001987
-0.002434
-0.002979
-0.003391
-0.003677
-0.003844
-0.003997
-0.004098
-0.004164
-0.004358
-0.004522
-0.004516
-0.004470
-0.004333
-0.004108
-0.003878
-0.003633
-0.003406
-0.003053
-0.002544
-0.002037
-0.001592
-0.001118
-0.000742
-0.000523
-0.000251
0.000023
0.000343
0.000689
0.000752
0.000556
0.000273
-0.000052
-0.000230
-0.000274
-0.000288
-0.000198
-0.000101
-0.000133
-0.000190
-0.000090
0.000118
0.000360
0.000768
0.001312
0.002049
0.002937
0.003722
0.004522
0.005353
0.006184
0.006878
0.007439
0.008059
0.008516
0.008865
0.009127
0.009162
0.009278
0.009365
0.009244
0.009209
0.009208
0.009128
0.008970
0.008706
0.008358
0.007952
0.007469
0.006909
0.006374
0.005777
0.005193
0.004653
0.003945
0.003272
0.002858
0.002522
0.002117
0.001748
0.001494
0.001246
0.001051
0.000991
0.000886
0.000732
0.000579
0.000410
0.000276
0.000186
0.000091
0.000062
0.000113
0.000145
0.000228
0.000335
0.000314
0.000375
0.000642
0.000979
0.001303
0.001506
0.001686
0.001856
0.001992
0.002175
0.002424
0.002642
0.002709
0.002641
0.002554
0.002470
0.002273
0.002062
0.002009
0.001932
0.001674
0.001358
0.001069
0.000897
0.000759
0.000508
0.000207
-0.000076
-0.000315
-0.000476
-0.000621
-0.000800
-0.001012
-0.001335
-0.001674
-0.002082
-0.002675
-0.003249
-0.003722
-0.004176
-0.004629
-0.005130
-0.005746
-0.006329
-0.006854
-0.007303
-0.007544
-0.007768
-0.008020
-0.008232
-0.008484
-0.008705
-0.008890
-0.009074
-0.009103
-0.008973
-0.008756
-0.008436
-0.008080
-0.007692
-0.007216
-0.006729
-0.006296
-0.005955
-0.005624
-0.005230
-0.004818
-0.004437
-0.004111
-0.003750
-0.003404
-0.003148
-0.002919
-0.002670
-0.002346
-0.001907
-0.001433
-0.001009
-0.000609
-0.000169
0.000350
0.000948
0.001521
0.002116
0.002732
0.003243
0.003744
0.004265
0.004777
0.005242
0.005642
0.005988
0.006238
0.006373
0.006440
0.006494
0.006494
0.006461
0.006395
0.006270
0.006150
0.006128
0.006051
0.005893
0.005865
0.005856
0.005829
0.005906
0.006089
0.006360
0.006654
0.006987
0.007250
0.007348
0.007531
0.007759
0.007943
0.008106
0.008218
0.008366
0.008451
0.008461
0.008452
0.008390
0.008346
0.008260
0.008117
0.008076
0.008099
0.008051
0.008093
0.008285
0.008388
0.008360
0.008218
0.007943
0.007699
0.007591
0.007514
0.007495
0.007500
0.007398
0.007254
0.007109
0.007019
0.006977
0.006880
0.006763
0.006568
0.006255
0.005907
0.005499
0.005001
0.004510
0.004072
0.003596
0.003124
0.002660
0.002096
0.001520
0.001030
0.000625
0.000186
-0.000318
-0.000853
-0.001416
-0.001918
-0.002384
-0.002855
-0.003350
-0.003921
-0.004569
-0.005172
-0.005653
-0.006093
-0.006510
-0.006962
-0.007431
-0.007856
-0.008262
-0.008650
-0.008944
-0.009178
-0.009365
-0.009461
-0.009557
-0.009683
-0.009863
-0.010061
-0.010197
-0.010379
-0.010624
-0.010743
-0.010775
-0.010831
-0.010940
-0.011101
-0.011256
-0.011410
-0.011478
-0.011491
-0.011467
-0.011289
-0.011031
-0.010738
-0.010333
-0.009901
-0.009436
-0.008853
-0.008219
-0.007598
-0.007074
-0.006643
-0.006294
-0.006014
-0.005714
-0.005429
-0.005125
-0.004794
-0.004461
-0.004126
-0.003884
-0.003653
-0.003381
-0.003115
-0.002832
-0.002526
-0.002190
-0.001854
-0.001416
-0.000840
-0.000256
0.000364
0.000977
0.001468
0.001929
0.002437
0.002983
0.003497
0.003920
0.004240
0.004409
0.004518
0.004656
0.004820
0.005013
0.005146
0.005218
0.005364
0.005557
0.005741
0.005935
0.006035
0.006048
0.006086
0.006123
0.006169
0.006256
0.006297
0.006258
0.006168
0.006006
0.005833
0.005713
0.005575
0.005398
0.005215
0.005012
0.004825
0.004693
0.004599
0.004494
0.004315
0.004132
0.003946
0.003789
0.003729
0.003670
0.003606
0.003542
0.003452
0.003383
0.003288
0.003160
0.003044
0.002852
0.002644
0.002522
0.002406
0.002302
0.002145
0.001944
0.001802
0.001687
0.001610
0.001526
0.001420
0.001320
0.001190
0.001111
0.001102
0.001034
0.000937
0.000801
0.000602
0.000385
0.000147
-0.000072
-0.000257
-0.000408
-0.000538
-0.000711
-0.000949
-0.001197
-0.001463
-0.001773
-0.002040
-0.002294
-0.002615
-0.002926
-0.003233
-0.003537
-0.003759
-0.003978
-0.004173
-0.004300
-0.004434
-0.004555
-0.004634
-0.004707
-0.004765
-0.004798
-0.004904
-0.005096
-0.005243
-0.005308
-0.005309
-0.005231
-0.005086
-0.004882
-0.004652
-0.004420
-0.004187
-0.003930
-0.003654
-0.003403
-0.003156
-0.002915
-0.002694
-0.002487
-0.002282
-0.002066
-0.001857
-0.001658
-0.001439
-0.001201
-0.000985
-0.000784
-0.000561
-0.000347
-0.000133
0.000043
0.000152
0.000309
0.000456
0.000528
0.000608
0.000670
0.000723
0.000801
0.000842
0.000849
0.000836
0.000818
0.000806
0.000764
0.000724
0.000694
0.000640
0.000566
0.000479
0.000408
0.000330
0.000241
0.000161
0.000074
-0.000013
-0.000073
-0.000099
-0.000127
-0.000150
-0.000165
-0.000190
-0.000185
-0.000161
-0.000140
-0.000099
-0.000059
-0.000020
0.000048
0.000100
0.000125
0.000167
0.000226
0.000256
0.000245
0.000266
0.000330
0.000414
0.000516
0.000627
0.000731
0.000797
0.000838
0.000884
0.000933
0.000988
0.001060
0.001137
0.001209
0.001271
0.001301
0.001307
0.001291
0.001250
0.001217
0.001172
0.001123
0.001091
0.001044
0.000979
0.000902
0.000797
0.000649
0.000477
0.000319
0.000183
0.000062
-0.000039
-0.000124
-0.000212
-0.000291
-0.000357
-0.000418
-0.000459
-0.000497
-0.000519
-0.000516
-0.000515
-0.000515
-0.000521
-0.000542
-0.000561
-0.000569
-0.000592
-0.000597
-0.000573
-0.000558
-0.000538
-0.000513
-0.000478
-0.000453
-0.000443
-0.000423
-0.000405
-0.000392
-0.000369
-0.000324
-0.000277
-0.000247
-0.000216
-0.000178
-0.000146
-0.000118
-0.000080
-0.000047
-0.000031
-0.000029
-0.000040
-0.000051
-0.000054
-0.000062
-0.000079
-0.000118
-0.000177
-0.000235
-0.000289
-0.000335
-0.000383
-0.000440
-0.000491
-0.000523
-0.000530
-0.000538
-0.000542
-0.000532
-0.000512
-0.000477
-0.000444
-0.000413
-0.000374
-0.000329
-0.000277
-0.000223
-0.000171
-0.000128
-0.000090
-0.000045
0.000002
0.000056
0.000105
0.000144
0.000178
0.000199
0.000220
0.000249
0.000279
0.000303
0.000326
0.000348
0.000363
0.000386
0.000416
0.000446
0.000479
0.000510
0.000534
0.000554
0.000569
0.000590
0.000621
0.000646
0.000664
0.000677
0.000684
0.000686
0.000688
0.000692
0.000696
0.000700
0.000704
0.000703
0.000698
0.000699
0.000695
0.000690
0.000688
0.000686
0.000681
0.000678
0.000673
0.000665
0.000662
0.000656
0.000650
0.000642
0.000631
0.000620
0.000606
0.000595
0.000582
0.000569
0.000554
0.000538
0.000524
0.000509
0.000495
0.000482
0.000469
0.000456
0.000441
0.000427
0.000415
0.000400
0.000386
0.000373
0.000362
0.000349
0.000335
0.000320
0.000308
0.000296
0.000283
0.000272
0.000259
0.000245
0.000232
0.000219
0.000206
0.000195
0.000185
0.000175
0.000164
0.000157
0.000150
0.000141
0.000135
0.000131
0.000124
0.000117
0.000111
0.000105
0.000100
0.000094
0.000089
0.000084
0.000078
0.000070
0.000065
0.000062
0.000057
0.000053
0.000049
0.000044
0.000039
0.000033
0.000029
0.000026
0.000021
0.000017
0.000014
0.000008
0.000003
-0.000000
-0.000004
-0.000008
-0.000011
-0.000016
-0.000020
-0.000024
-0.000027
-0.000031
-0.000035
-0.000039
-0.000043
-0.000046
-0.000050
-0.000053
-0.000055
-0.000058
-0.000060
-0.000063
-0.000065
-0.000067
-0.000069
-0.000070
-0.000073
-0.000074
-0.000076
-0.000078
-0.000079
-0.000081
-0.000082
-0.000084
-0.000086
-0.000087
-0.000089
-0.000090
-0.000092
-0.000093
-0.000095
-0.000096
-0.000098
-0.000099
-0.000101
-0.000102
-0.000103
-0.000104
-0.000105
-0.000107
-0.000108
-0.000108
-0.000109
-0.000110
-0.000111
-0.000112
-0.000112
-0.000113
-0.000113
-0.000114
-0.000114
-0.000115
-0.000115
-0.000115
-0.000116
-0.000116
-0.000116
-0.000116
-0.000116
-0.000117
-0.000117
-0.000117
-0.000117
-0.000117
-0.000117
-0.000116
-0.000116
-0.000116
-0.000116
-0.000116
