0.000000
-0.005162
0.001920
0.010292
0.010240
0.010336
0.010326
0.010298
0.010274
0.010258
0.010242
0.010228
0.010214
0.010198
0.010186
0.010174
0.010156
0.010124
0.010088
0.010050
0.010020
0.010004
0.009998
0.009996
0.009994
0.009990
0.009990
0.009988
0.009968
0.009924
0.009858
0.009774
0.009702
0.009676
0.009686
0.009708
0.009738
0.009748
0.009714
0.009658
0.009618
0.009596
0.009574
0.009536
0.009478
0.009408
0.009334
0.009260
0.009188
0.009140
0.009116
0.009112
0.009112
0.009094
0.009030
0.008918
0.008780
0.008648
0.008544
0.008516
0.008576
0.008660
0.008676
0.008578
0.008424
0.008270
0.008140
0.008070
0.008106
0.008218
0.008320
0.008384
0.008388
0.008288
0.008120
0.007934
0.007712
0.007552
0.007652
0.008006
0.008420
0.008846
0.009266
0.009502
0.009362
0.008834
0.008102
0.007416
0.007024
0.007060
0.007466
0.008004
0.008338
0.008354
0.008242
0.008196
0.008248
0.008302
0.008310
0.008288
0.008216
0.008042
0.007712
0.007344
0.007182
0.007332
0.007694
0.008124
0.008522
0.008698
0.008382
0.007594
0.006654
0.005968
0.005926
0.006620
0.007756
0.008728
0.008940
0.008490
0.007948
0.007502
0.007120
0.007122
0.007692
0.008468
0.009002
0.009064
0.008560
0.007648
0.006686
0.005986
0.005660
0.005526
0.005500
0.005532
0.005516
0.005598
0.005996
0.006766
0.007728
0.008502
0.008846
0.008728
0.008224
0.007558
0.006944
0.006426
0.005784
0.004996
0.004298
0.003978
0.004366
0.005304
0.006250
0.006904
0.007288
0.007392
0.007272
0.007146
0.007118
0.007174
0.007226
0.007188
0.007014
0.006514
0.005590
0.004568
0.003716
0.003102
0.003042
0.003596
0.004424
0.005306
0.005848
0.005888
0.005466
0.004728
0.003946
0.003244
0.003312
0.004602
0.006508
0.008302
0.009478
0.009526
0.008210
0.006144
0.004394
0.003256
0.002764
0.003210
0.004158
0.004940
0.005614
0.006258
0.006976
0.007778
0.008072
0.007484
0.006338
0.005200
0.004266
0.003546
0.003192
0.003164
0.003220
0.003150
0.002974
0.002752
0.002686
0.002890
0.003376
0.004256
0.005340
0.006508
0.007468
0.007606
0.006698
0.005400
0.004394
0.003696
0.003328
0.003312
0.003408
0.003604
0.004262
0.005314
0.006708
0.008342
0.009034
0.007530
0.004400
0.001426
-0.000568
-0.001158
0.000376
0.004064
0.008344
0.011090
0.011438
0.009582
0.006864
0.005102
0.004664
0.004728
0.004864
0.004630
0.004128
0.004018
0.004076
0.004014
0.003470
0.002448
0.002048
0.002744
0.004012
0.005194
0.006064
0.006782
0.007410
0.008276
0.008472
0.007484
0.006230
0.004966
0.004044
0.003148
0.001936
0.000782
-0.000536
-0.001968
-0.002352
-0.000596
0.002824
0.006542
0.009514
0.010520
0.008636
0.005122
0.002044
-0.000274
-0.001698
-0.001894
-0.001352
-0.000950
-0.000902
-0.000694
-0.000478
-0.000120
0.000932
0.002844
0.005576
0.008302
0.009520
0.008914
0.007532
0.006550
0.006094
0.005558
0.004768
0.003618
0.001884
-0.000840
-0.003836
-0.004914
-0.002682
0.002494
0.008952
0.013966
0.014942
0.011134
0.004308
-0.003150
-0.008880
-0.010808
-0.009338
-0.006086
-0.002912
-0.000354
0.002400
0.004906
0.005822
0.004450
0.001430
-0.002012
-0.004078
-0.004430
-0.003212
0.000272
0.004216
0.007096
0.009094
0.010088
0.009798
0.008108
0.005908
0.004194
0.003102
0.002734
0.003636
0.005548
0.007074
0.007572
0.007620
0.007094
0.006188
0.005952
0.006062
0.005786
0.005664
0.005460
0.004412
0.003372
0.003522
0.005662
0.009234
0.013102
0.016560
0.018016
0.016266
0.011122
0.003138
-0.005502
-0.012268
-0.015246
-0.013442
-0.008206
-0.003398
-0.000130
0.003372
0.007064
0.010338
0.011470
0.008436
0.002864
-0.002712
-0.007814
-0.012364
-0.017038
-0.019126
-0.013554
-0.001308
0.012282
0.022438
0.026034
0.023158
0.017160
0.010974
0.005342
0.000208
-0.003658
-0.005820
-0.006864
-0.007340
-0.007886
-0.008252
-0.008122
-0.007822
-0.007596
-0.007532
-0.007474
-0.007602
-0.006834
-0.004862
-0.002890
-0.000744
0.001734
0.004010
0.006038
0.008234
0.010264
0.012008
0.012848
0.012020
0.009970
0.006996
0.004000
0.001170
-0.001142
-0.001378
-0.000026
0.000866
-0.001010
-0.005232
-0.008598
-0.011056
-0.012690
-0.013016
-0.012892
-0.011442
-0.009924
-0.008468
-0.005232
-0.001566
0.002678
0.007676
0.011154
0.009464
0.000018
-0.014062
-0.026034
-0.027956
-0.017194
-0.000560
0.014570
0.022144
0.019928
0.013724
0.008994
0.006632
0.005958
0.007934
0.013576
0.021186
0.025496
0.019790
0.005288
-0.008918
-0.015178
-0.011666
-0.002474
0.006368
0.011142
0.010486
0.004968
-0.003326
-0.011156
-0.014390
-0.011326
-0.006306
-0.004354
-0.005736
-0.010832
-0.020050
-0.030606
-0.039388
-0.043036
-0.038888
-0.028710
-0.017080
-0.006906
0.001126
0.007882
0.014370
0.019344
0.022442
0.023032
0.019244
0.009818
-0.006962
-0.027850
-0.045534
-0.053716
-0.045420
-0.021518
0.003240
0.015038
0.010054
-0.008106
-0.029638
-0.042680
-0.040454
-0.025650
-0.007610
0.005694
0.014562
0.021046
0.022914
0.020948
0.017916
0.015254
0.013326
0.010558
0.006630
0.000362
-0.009540
-0.020346
-0.028982
-0.036016
-0.045194
-0.058064
-0.072120
-0.081442
-0.073174
-0.037940
0.015038
0.063880
0.087606
0.079678
0.049334
0.008050
-0.033936
-0.066114
-0.082130
-0.083290
-0.075458
-0.066202
-0.060654
-0.058870
-0.060172
-0.063250
-0.064762
-0.056212
-0.031324
0.002524
0.033308
0.052230
0.053800
0.033228
-0.013644
-0.077288
-0.129660
-0.146294
-0.126574
-0.081232
-0.025512
0.020816
0.047120
0.054376
0.040116
-0.003642
-0.062236
-0.096372
-0.083242
-0.039780
-0.001616
0.007368
-0.013456
-0.046934
-0.071440
-0.075014
-0.056280
-0.014982
0.042620
0.091176
0.104916
0.081636
0.033854
-0.023014
-0.075530
-0.112268
-0.128434
-0.129600
-0.117600
-0.084134
-0.025606
0.042594
0.092402
0.108270
0.096630
0.065676
0.017500
-0.035698
-0.069774
-0.067788
-0.035368
0.000932
0.014866
0.004350
-0.010592
-0.014816
-0.008666
-0.000482
0.003218
0.003770
0.005240
0.008808
0.012990
0.013004
-0.001086
-0.031858
-0.065362
-0.085924
-0.082756
-0.046128
0.020780
0.092526
0.138038
0.144414
0.117958
0.064204
-0.016716
-0.110778
-0.184916
-0.211360
-0.191462
-0.137242
-0.060160
0.017784
0.071524
0.090860
0.083694
0.060892
0.030602
0.002780
-0.006166
0.013712
0.051594
0.079450
0.074316
0.037868
-0.010772
-0.052324
-0.077560
-0.082836
-0.067100
-0.039996
-0.021676
-0.024948
-0.052742
-0.104536
-0.163582
-0.195942
-0.181596
-0.122340
-0.029278
0.067256
0.133744
0.158916
0.151410
0.116162
0.049292
-0.027780
-0.076716
-0.087658
-0.083622
-0.088422
-0.103986
-0.116934
-0.121292
-0.117022
-0.094620
-0.050784
-0.000672
0.038440
0.060600
0.069588
0.062914
0.026542
-0.036158
-0.094318
-0.118982
-0.101908
-0.046828
0.037944
0.123302
0.166766
0.155788
0.114530
0.060178
-0.010054
-0.089842
-0.157450
-0.190334
-0.184898
-0.154522
-0.105354
-0.037626
0.044764
0.126978
0.179390
0.185632
0.164530
0.145842
0.136346
0.124948
0.102154
0.062932
0.011196
-0.041304
-0.087438
-0.123932
-0.145900
-0.150392
-0.132938
-0.086550
-0.005696
0.098272
0.186108
0.219938
0.198774
0.150128
0.094066
0.029156
-0.049602
-0.121842
-0.153484
-0.135074
-0.088218
-0.044756
-0.019616
-0.012310
-0.017970
-0.025636
-0.029464
-0.031986
-0.035328
-0.043710
-0.064188
-0.096892
-0.130180
-0.145810
-0.125600
-0.064760
0.018502
0.096504
0.147152
0.160314
0.137472
0.082316
0.000680
-0.087584
-0.160620
-0.208580
-0.228776
-0.226156
-0.204536
-0.165310
-0.113780
-0.052978
0.010476
0.053626
0.061146
0.050024
0.045890
0.060190
0.088352
0.114728
0.120540
0.089750
0.019750
-0.072870
-0.158076
-0.205316
-0.204202
-0.171286
-0.123864
-0.066598
-0.005056
0.052728
0.099838
0.129154
0.136104
0.125940
0.110138
0.098096
0.096564
0.110946
0.138504
0.163170
0.163672
0.121472
0.029036
-0.094636
-0.201850
-0.248362
-0.232166
-0.188284
-0.154294
-0.146610
-0.154500
-0.156840
-0.139094
-0.096662
-0.033210
0.035074
0.087514
0.111972
0.110124
0.102246
0.103684
0.108544
0.097938
0.050100
-0.039272
-0.141896
-0.211452
-0.225702
-0.198992
-0.155410
-0.111234
-0.072230
-0.047374
-0.051586
-0.082500
-0.115814
-0.128046
-0.111648
-0.069544
-0.004540
0.076312
0.149720
0.190064
0.193056
0.165934
0.098990
-0.015190
-0.149290
-0.260070
-0.319178
-0.326600
-0.288520
-0.209614
-0.117834
-0.054630
-0.036674
-0.040922
-0.037680
-0.024534
-0.013042
-0.008562
-0.009326
-0.011098
-0.012724
-0.010350
0.004308
0.034360
0.069986
0.095434
0.099436
0.076402
0.028730
-0.028338
-0.073616
-0.098708
-0.108922
-0.119190
-0.148688
-0.202804
-0.268910
-0.322138
-0.339766
-0.312974
-0.242420
-0.144460
-0.054670
-0.003408
0.006630
-0.008660
-0.032488
-0.053284
-0.067030
-0.080720
-0.103100
-0.133636
-0.166190
-0.193146
-0.205924
-0.193216
-0.153002
-0.101718
-0.066146
-0.061040
-0.071926
-0.079386
-0.077596
-0.069378
-0.061376
-0.057360
-0.061856
-0.082408
-0.119946
-0.164074
-0.202874
-0.228758
-0.235298
-0.219450
-0.183786
-0.138074
-0.093330
-0.058984
-0.045466
-0.053836
-0.072312
-0.087892
-0.095510
-0.099366
-0.104526
-0.110948
-0.116764
-0.118958
-0.117338
-0.110918
-0.096914
-0.079184
-0.066888
-0.063156
-0.062860
-0.062922
-0.062864
-0.064468
-0.070004
-0.079060
-0.090270
-0.101556
-0.111582
-0.121580
-0.130282
-0.135652
-0.136224
-0.123874
-0.095336
-0.061268
-0.037544
-0.036076
-0.052616
-0.071756
-0.085212
-0.092946
-0.094284
-0.085302
-0.069048
-0.056718
-0.055056
-0.058768
-0.060658
-0.060870
-0.060342
-0.064704
-0.077762
-0.093344
-0.106508
-0.115514
-0.118644
-0.119322
-0.126180
-0.141590
-0.157220
-0.162016
-0.150198
-0.124420
-0.091944
-0.056882
-0.022808
0.006230
0.027498
0.038056
0.034866
0.013126
-0.025720
-0.069800
-0.108572
-0.140488
-0.162726
-0.165902
-0.145336
-0.110212
-0.075704
-0.050100
-0.038890
-0.047316
-0.076502
-0.117932
-0.152908
-0.167540
-0.160642
-0.137594
-0.110298
-0.085942
-0.063038
-0.047030
-0.043854
-0.051778
-0.063874
-0.075044
-0.089316
-0.111360
-0.136634
-0.151172
-0.139418
-0.099688
-0.047158
-0.000888
0.028128
0.040988
0.044308
0.048148
0.059242
0.072218
0.083930
0.094220
0.100610
0.099760
0.086736
0.067626
0.054494
0.051198
0.056372
0.067204
0.084114
0.108266
0.136488
0.161852
0.175302
0.176668
0.176704
0.183104
0.195088
0.208844
0.221316
0.232778
0.246068
0.264930
0.289658
0.315810
0.337360
0.351706
0.363326
0.375524
0.389730
0.406256
0.415386
0.411964
0.399088
0.379422
0.356342
0.324764
0.288320
0.260934
0.249352
0.252008
0.260302
0.267808
0.276618
0.290508
0.310842
0.339236
0.370540
0.397068
0.410276
0.401050
0.372946
0.334158
0.292596
0.255818
0.217914
0.169386
0.106430
0.035844
-0.031936
-0.089744
-0.134392
-0.170992
-0.205690
-0.242506
-0.275242
-0.300316
-0.321292
-0.340690
-0.363484
-0.394310
-0.436926
-0.491514
-0.545546
-0.588944
-0.624638
-0.649004
-0.659018
-0.658576
-0.654704
-0.652216
-0.647514
-0.639462
-0.623276
-0.584530
-0.487188
-0.290370
-0.003742
0.319802
0.606316
0.795330
0.894016
0.955950
1.012684
1.051884
1.053044
1.016988
0.961134
0.900790
0.842824
0.786572
0.726382
0.660814
0.585292
0.486448
0.368086
0.247730
0.137886
0.054534
0.005384
-0.013746
-0.012740
0.007626
0.063232
0.158640
0.280784
0.400972
0.496560
0.558820
0.580384
0.570454
0.541752
0.498844
0.443990
0.381772
0.321398
0.267242
0.222782
0.180114
0.133594
0.090446
0.046388
0.002182
-0.036602
-0.066572
-0.084070
-0.097704
-0.116040
-0.139986
-0.168380
-0.191146
-0.192734
-0.171328
-0.136294
-0.094496
-0.042306
0.032242
0.126856
0.229746
0.317824
0.363576
0.367116
0.339700
0.296432
0.247048
0.199302
0.172172
0.168558
0.183570
0.209964
0.235994
0.247910
0.245912
0.250000
0.260326
0.272332
0.283140
0.290556
0.301930
0.313924
0.330456
0.357384
0.384244
0.400260
0.394898
0.358654
0.302926
0.247980
0.199830
0.160620
0.130744
0.110396
0.100690
0.108838
0.140558
0.189228
0.247562
0.302240
0.334908
0.335958
0.305150
0.259708
0.220998
0.197094
0.190988
0.192958
0.196260
0.200584
0.203252
0.206372
0.214176
0.229842
0.246586
0.255598
0.259794
0.253764
0.228626
0.193342
0.155630
0.118694
0.082646
0.048232
0.018524
0.002492
0.006044
0.017142
0.026962
0.025498
0.003212
-0.037976
-0.090516
-0.136218
-0.166300
-0.188762
-0.197406
-0.196636
-0.198136
-0.200112
-0.205990
-0.210118
-0.211546
-0.213260
-0.214372
-0.215562
-0.210196
-0.198770
-0.178396
-0.148326
-0.125206
-0.115162
-0.113800
-0.124902
-0.147844
-0.170112
-0.186382
-0.200800
-0.217818
-0.238140
-0.263242
-0.291470
-0.321408
-0.356396
-0.396338
-0.443666
-0.490604
-0.527240
-0.551778
-0.568500
-0.582168
-0.590122
-0.595940
-0.597720
-0.591758
-0.583578
-0.570846
-0.551302
-0.519776
-0.465848
-0.392988
-0.313392
-0.243406
-0.187848
-0.142024
-0.114698
-0.109396
-0.113302
-0.113394
-0.097562
-0.066192
-0.031898
-0.003540
0.011688
0.013556
0.012838
0.022170
0.036222
0.046456
0.058734
0.076688
0.094328
0.108084
0.120544
0.122854
0.114702
0.109108
0.111940
0.126632
0.157418
0.196868
0.227090
0.245920
0.259470
0.273024
0.290360
0.307026
0.321358
0.333248
0.343258
0.351484
0.356502
0.362174
0.364710
0.361134
0.352096
0.341764
0.332838
0.325574
0.326646
0.333158
0.342984
0.352980
0.354578
0.346522
0.331140
0.312526
0.292584
0.264614
0.233420
0.198966
0.151958
0.099794
0.046994
-0.006094
-0.053810
-0.096056
-0.135340
-0.172746
-0.208180
-0.238984
-0.268930
-0.293236
-0.304964
-0.309680
-0.314930
-0.323474
-0.332658
-0.344982
-0.361424
-0.376318
-0.385222
-0.377464
-0.338472
-0.269614
-0.185730
-0.098436
-0.019064
0.033972
0.058192
0.065366
0.060096
0.049622
0.037046
0.028674
0.034458
0.051082
0.071674
0.084096
0.078966
0.059486
0.033024
0.011352
0.000330
0.000018
0.015112
0.034562
0.049084
0.063920
0.078040
0.091382
0.103244
0.112440
0.117644
0.118604
0.121794
0.127654
0.136008
0.150400
0.165448
0.177334
0.183842
0.182700
0.178200
0.169560
0.153684
0.132766
0.106900
0.070806
0.022388
-0.033656
-0.090874
-0.140744
-0.174692
-0.190058
-0.195126
-0.201608
-0.216656
-0.240080
-0.268270
-0.303198
-0.338906
-0.370496
-0.397470
-0.412920
-0.421590
-0.429306
-0.429824
-0.426302
-0.421614
-0.413658
-0.405460
-0.394142
-0.373724
-0.339854
-0.292354
-0.226056
-0.145498
-0.070516
-0.012948
0.028374
0.057234
0.077926
0.096118
0.111366
0.128790
0.150022
0.169538
0.186846
0.197498
0.192196
0.168014
0.122836
0.059144
-0.011106
-0.082454
-0.147948
-0.193000
-0.213496
-0.216392
-0.208024
-0.195338
-0.188954
-0.199406
-0.222310
-0.243596
-0.259628
-0.267290
-0.268844
-0.273562
-0.282758
-0.295236
-0.308550
-0.320708
-0.331768
-0.344208
-0.356780
-0.368416
-0.379680
-0.387568
-0.389362
-0.381546
-0.362462
-0.332350
-0.300792
-0.275712
-0.256198
-0.242320
-0.229100
-0.215130
-0.204834
-0.194406
-0.183576
-0.174270
-0.162450
-0.153198
-0.149580
-0.149590
-0.152862
-0.159440
-0.167902
-0.177870
-0.185064
-0.186460
-0.185686
-0.178910
-0.167736
-0.150730
-0.122498
-0.080254
-0.024112
0.041678
0.116596
0.194974
0.269994
0.332838
0.371028
0.386260
0.382686
0.359666
0.331920
0.309486
0.294692
0.299416
0.324074
0.360266
0.399410
0.433294
0.467008
0.504052
0.541406
0.570630
0.583532
0.581882
0.571690
0.560384
0.551184
0.550216
0.555482
0.559532
0.560000
0.551612
0.526224
0.477396
0.410838
0.338158
0.267790
0.202422
0.140738
0.078414
0.015958
-0.039718
-0.084402
-0.118240
-0.148856
-0.184098
-0.229208
-0.283292
-0.338520
-0.392508
-0.444036
-0.489618
-0.523380
-0.544558
-0.556720
-0.559736
-0.557130
-0.552234
-0.542364
-0.529766
-0.518976
-0.500272
-0.465308
-0.408246
-0.327366
-0.233832
-0.136910
-0.046680
0.032778
0.101678
0.153018
0.185500
0.207486
0.226058
0.243264
0.257754
0.266316
0.268790
0.267840
0.265902
0.262506
0.258690
0.255708
0.251574
0.245900
0.239260
0.228760
0.211598
0.194310
0.180156
0.167816
0.161968
0.169182
0.185832
0.199890
0.210852
0.221788
0.232108
0.237584
0.238060
0.241680
0.243660
0.245266
0.251652
0.258318
0.269264
0.282828
0.292916
0.303162
0.314522
0.326482
0.340640
0.360106
0.382918
0.399556
0.412752
0.424090
0.425922
0.420168
0.412758
0.403956
0.396602
0.390440
0.383616
0.371386
0.353224
0.335848
0.317598
0.303780
0.295274
0.291268
0.294204
0.298086
0.302130
0.305852
0.304682
0.298770
0.287112
0.269512
0.248678
0.224186
0.198278
0.170376
0.139268
0.106082
0.070450
0.035422
0.003514
-0.022230
-0.037742
-0.041700
-0.039996
-0.038986
-0.035396
-0.031756
-0.028948
-0.024200
-0.020364
-0.015588
-0.011258
-0.009372
-0.009558
-0.013050
-0.018240
-0.024350
-0.029482
-0.033598
-0.039202
-0.044790
-0.049098
-0.053696
-0.056546
-0.058772
-0.063392
-0.066800
-0.069716
-0.075608
-0.084832
-0.096918
-0.114248
-0.138376
-0.164852
-0.193476
-0.224018
-0.252854
-0.279462
-0.302230
-0.322728
-0.342224
-0.360644
-0.377806
-0.389594
-0.393724
-0.384770
-0.361716
-0.328408
-0.280266
-0.218628
-0.151204
-0.082540
-0.017232
0.037788
0.074634
0.093000
0.099644
0.098252
0.094886
0.093486
0.092840
0.095796
0.103944
0.114446
0.125350
0.134140
0.135492
0.122590
0.094216
0.060736
0.027366
-0.003584
-0.030528
-0.051248
-0.060224
-0.059298
-0.053724
-0.050406
-0.050376
-0.050424
-0.052704
-0.056498
-0.059052
-0.063436
-0.068644
-0.071084
-0.074690
-0.080520
-0.083938
-0.086170
-0.089620
-0.089458
-0.086646
-0.084614
-0.083200
-0.084016
-0.084418
-0.086032
-0.091074
-0.097658
-0.106418
-0.115346
-0.122424
-0.131442
-0.140088
-0.143532
-0.142656
-0.132118
-0.109692
-0.074792
-0.028774
0.016804
0.054672
0.087646
0.113746
0.131556
0.145862
0.154042
0.158474
0.164362
0.170778
0.176658
0.180594
0.184098
0.187614
0.187436
0.180414
0.168732
0.150932
0.120930
0.084406
0.044472
0.001936
-0.037806
-0.076186
-0.108026
-0.126982
-0.136392
-0.139610
-0.141660
-0.147684
-0.156098
-0.165702
-0.176930
-0.188798
-0.199364
-0.204566
-0.205212
-0.196716
-0.172330
-0.136654
-0.089496
-0.035382
0.017510
0.067070
0.109780
0.144686
0.166070
0.173562
0.170320
0.160434
0.148594
0.136630
0.126768
0.117040
0.111040
0.108436
0.106400
0.106592
0.108862
0.110770
0.110884
0.108948
0.106518
0.101758
0.091532
0.080026
0.066900
0.048360
0.024932
0.000396
-0.024972
-0.052062
-0.076358
-0.098410
-0.120132
-0.132120
-0.131838
-0.125918
-0.116644
-0.108332
-0.105410
-0.109590
-0.122066
-0.140232
-0.163642
-0.187670
-0.203254
-0.212100
-0.213082
-0.203256
-0.189232
-0.176646
-0.162570
-0.149604
-0.141062
-0.133490
-0.126348
-0.116644
-0.107518
-0.097552
-0.083002
-0.068070
-0.053166
-0.040032
-0.028918
-0.017200
-0.001920
0.018980
0.043646
0.069088
0.094680
0.116654
0.128824
0.130298
0.125316
0.113204
0.092598
0.069364
0.045400
0.019802
-0.002602
-0.017800
-0.025832
-0.027694
-0.030184
-0.035442
-0.040090
-0.047278
-0.056820
-0.062758
-0.066924
-0.068820
-0.060340
-0.048344
-0.040628
-0.033130
-0.028398
-0.026390
-0.022428
-0.017786
-0.009436
0.002600
0.012064
0.017970
0.015840
0.004796
-0.011174
-0.029966
-0.045644
-0.056018
-0.054602
-0.043758
-0.032046
-0.014574
0.003296
0.015898
0.027594
0.033942
0.036734
0.040014
0.036838
0.033792
0.031574
0.023854
0.015186
0.002738
-0.016250
-0.041286
-0.069486
-0.098222
-0.129834
-0.160354
-0.185870
-0.207754
-0.226046
-0.240390
-0.252078
-0.260744
-0.263158
-0.259652
-0.254336
-0.252006
-0.253414
-0.254380
-0.255762
-0.257746
-0.255310
-0.254160
-0.255678
-0.255266
-0.257708
-0.257950
-0.255450
-0.255842
-0.250334
-0.239430
-0.226430
-0.204270
-0.179506
-0.150484
-0.111940
-0.075184
-0.043354
-0.024670
-0.022962
-0.031326
-0.051650
-0.077182
-0.098164
-0.116346
-0.131304
-0.139426
-0.138272
-0.130928
-0.124840
-0.121984
-0.125114
-0.131692
-0.141430
-0.154522
-0.161666
-0.165448
-0.165122
-0.160558
-0.158656
-0.159122
-0.165572
-0.176448
-0.183080
-0.190268
-0.198334
-0.199100
-0.200740
-0.204896
-0.208798
-0.216856
-0.226078
-0.233216
-0.239094
-0.239966
-0.239946
-0.240498
-0.238186
-0.238958
-0.237172
-0.230282
-0.218462
-0.197750
-0.171898
-0.142158
-0.105466
-0.063426
-0.016100
0.035424
0.081124
0.114304
0.136604
0.153486
0.164742
0.171224
0.172706
0.169398
0.165374
0.154572
0.137368
0.117078
0.090932
0.059602
0.026076
-0.005834
-0.033148
-0.048952
-0.050768
-0.042300
-0.026316
-0.012220
-0.004298
0.003640
0.011264
0.017222
0.024656
0.036632
0.052516
0.070682
0.091550
0.113904
0.132530
0.145908
0.154848
0.157872
0.156104
0.152516
0.147302
0.143596
0.146400
0.150558
0.156910
0.166902
0.178610
0.187626
0.190682
0.194228
0.192758
0.184960
0.176378
0.164012
0.151558
0.136432
0.116980
0.099652
0.083782
0.072262
0.059620
0.043346
0.028522
0.008038
-0.019690
-0.050266
-0.083700
-0.116368
-0.142392
-0.166932
-0.191830
-0.209270
-0.221020
-0.227804
-0.226048
-0.217014
-0.196652
-0.165870
-0.130912
-0.097766
-0.072110
-0.054128
-0.042142
-0.037634
-0.038672
-0.043942
-0.054492
-0.058512
-0.058108
-0.061382
-0.061692
-0.059440
-0.060488
-0.062764
-0.062456
-0.066900
-0.076872
-0.083992
-0.093266
-0.102220
-0.102504
-0.096144
-0.082294
-0.064588
-0.047090
-0.033540
-0.027936
-0.031502
-0.042066
-0.055640
-0.078088
-0.099464
-0.109316
-0.116436
-0.117278
-0.104814
-0.082432
-0.058728
-0.035134
-0.010456
0.011566
0.026722
0.032962
0.034744
0.029736
0.020952
0.017282
0.018998
0.020190
0.021662
0.027788
0.030584
0.032536
0.032244
0.029988
0.032094
0.031654
0.035900
0.049014
0.059844
0.070266
0.081374
0.085792
0.088858
0.088868
0.083818
0.078666
0.070074
0.061450
0.055582
0.050506
0.045206
0.038538
0.031588
0.025054
0.017518
0.011072
0.009798
0.012586
0.017624
0.027228
0.036828
0.040102
0.041726
0.041058
0.037678
0.031916
0.023954
0.015176
0.003180
-0.007140
-0.014550
-0.023082
-0.025818
-0.024178
-0.021566
-0.011926
-0.006610
-0.004290
-0.002602
-0.011692
-0.029902
-0.048376
-0.062378
-0.076216
-0.086944
-0.089318
-0.084268
-0.074998
-0.058056
-0.037420
-0.020808
-0.004830
0.009436
0.021072
0.028286
0.031002
0.033274
0.037536
0.043114
0.041244
0.040800
0.043544
0.039544
0.033744
0.026756
0.019224
0.009958
-0.003150
-0.014968
-0.020512
-0.027784
-0.033326
-0.030222
-0.024918
-0.010110
0.008602
0.020816
0.031264
0.040120
0.044986
0.043096
0.039934
0.033410
0.022728
0.019864
0.020462
0.021642
0.027366
0.030222
0.027964
0.021746
0.014158
0.008334
-0.000214
-0.003456
0.001262
0.005776
0.012408
0.020648
0.024830
0.027198
0.025772
0.019108
0.013478
0.005128
-0.002912
-0.008568
-0.017786
-0.028118
-0.042176
-0.060818
-0.079722
-0.093344
-0.097458
-0.094502
-0.081694
-0.060864
-0.042986
-0.025326
-0.003674
0.012442
0.023070
0.032224
0.037446
0.039064
0.036354
0.033016
0.026820
0.016058
0.011066
0.002868
-0.012856
-0.021978
-0.028518
-0.034170
-0.033720
-0.026128
-0.011802
0.005588
0.031130
0.054750
0.068702
0.076614
0.077710
0.072124
0.058002
0.040750
0.024068
0.012410
0.004594
0.003828
0.013504
0.022092
0.030846
0.040296
0.042056
0.039140
0.032302
0.023750
0.017296
0.009686
0.005874
0.009454
0.018494
0.028752
0.037616
0.048858
0.058158
0.058956
0.057064
0.050550
0.035184
0.017332
-0.003304
-0.022206
-0.036244
-0.049572
-0.056484
-0.057152
-0.054972
-0.049154
-0.045776
-0.046872
-0.050566
-0.060332
-0.073488
-0.082430
-0.090412
-0.094790
-0.087896
-0.078082
-0.065792
-0.051536
-0.044198
-0.037424
-0.034776
-0.042138
-0.049604
-0.060184
-0.074506
-0.080144
-0.076820
-0.070340
-0.056444
-0.033034
-0.010002
0.014610
0.038904
0.047310
0.045304
0.042742
0.033102
0.016514
0.003090
-0.007728
-0.018416
-0.025916
-0.032622
-0.037690
-0.041582
-0.048434
-0.051716
-0.049768
-0.046874
-0.042128
-0.035360
-0.026644
-0.020256
-0.019136
-0.018036
-0.017140
-0.017664
-0.016006
-0.010342
0.001202
0.014452
0.023618
0.028380
0.026628
0.016686
-0.000082
-0.019372
-0.037980
-0.052324
-0.056210
-0.049238
-0.034032
-0.011924
0.011682
0.030812
0.045470
0.054402
0.056028
0.051084
0.040412
0.026466
0.016616
0.013780
0.012752
0.013164
0.014670
0.013384
0.008132
-0.001850
-0.014090
-0.025604
-0.036738
-0.043346
-0.045762
-0.046540
-0.043444
-0.034738
-0.021944
-0.007506
0.009530
0.027316
0.042096
0.053530
0.060250
0.062290
0.061856
0.055608
0.045494
0.036540
0.029348
0.026388
0.028442
0.033494
0.036272
0.037600
0.040456
0.039130
0.032200
0.024356
0.016614
0.010690
0.005478
0.002144
0.003380
0.008030
0.014490
0.020224
0.025170
0.027656
0.024762
0.018482
0.018984
0.021382
0.025286
0.034756
0.038106
0.036814
0.032698
0.020664
0.004716
-0.012478
-0.031512
-0.046140
-0.052486
-0.051348
-0.041618
-0.026990
-0.013448
-0.006430
-0.011662
-0.024588
-0.040262
-0.058438
-0.075154
-0.087444
-0.095362
-0.100838
-0.104254
-0.107776
-0.114744
-0.123240
-0.134188
-0.147238
-0.159504
-0.170956
-0.180354
-0.184112
-0.180834
-0.174692
-0.166204
-0.152142
-0.139508
-0.130988
-0.123172
-0.117844
-0.113324
-0.113728
-0.117342
-0.118680
-0.121380
-0.127150
-0.130216
-0.130178
-0.133160
-0.135526
-0.134614
-0.131644
-0.129542
-0.128302
-0.125410
-0.119972
-0.114796
-0.110964
-0.104850
-0.099358
-0.094166
-0.088122
-0.082116
-0.074964
-0.068120
-0.059170
-0.047066
-0.037388
-0.028430
-0.018794
-0.010716
-0.007764
-0.011956
-0.017274
-0.023050
-0.026616
-0.027552
-0.027874
-0.021850
-0.014954
-0.010936
-0.004140
0.000878
-0.000780
-0.003988
-0.008006
-0.016618
-0.026790
-0.035940
-0.044906
-0.051130
-0.053558
-0.054390
-0.051044
-0.044298
-0.037486
-0.029234
-0.019714
-0.008196
0.000744
0.005326
0.010100
0.011598
0.009770
0.007768
0.007584
0.008968
0.010184
0.012846
0.017672
0.023974
0.027938
0.030998
0.035128
0.037586
0.039534
0.042164
0.045764
0.049898
0.053382
0.056818
0.060502
0.065908
0.069544
0.069014
0.069004
0.066684
0.064232
0.061846
0.057830
0.056206
0.056976
0.060078
0.066158
0.076146
0.086914
0.099464
0.112328
0.122400
0.132256
0.140290
0.144116
0.146776
0.150016
0.151222
0.154230
0.158928
0.160106
0.160382
0.162978
0.165804
0.168052
0.168294
0.165032
0.159810
0.153938
0.148156
0.140442
0.132422
0.127042
0.121986
0.115468
0.111536
0.109628
0.106938
0.104486
0.102834
0.103148
0.105340
0.104906
0.102894
0.103550
0.102162
0.101814
0.105974
0.109470
0.111496
0.112614
0.112486
0.112044
0.110560
0.108602
0.106614
0.103036
0.101178
0.102128
0.103646
0.104346
0.105598
0.110858
0.115938
0.119380
0.122120
0.123430
0.124602
0.124926
0.125788
0.125624
0.124626
0.123210
0.118382
0.114136
0.108532
0.099626
0.095464
0.091368
0.084598
0.079422
0.075656
0.074784
0.074672
0.075450
0.077114
0.079884
0.083618
0.086616
0.091088
0.094768
0.093666
0.091704
0.092532
0.091582
0.086820
0.082076
0.080962
0.078366
0.072662
0.071128
0.068198
0.064934
0.061956
0.057280
0.055326
0.051558
0.050628
0.049030
0.043388
0.040624
0.039538
0.037068
0.033078
0.033434
0.035708
0.036762
0.039258
0.040568
0.041646
0.044940
0.049050
0.052956
0.054920
0.056666
0.058182
0.059896
0.061988
0.062978
0.065018
0.065480
0.066538
0.067652
0.069402
0.074242
0.077132
0.077342
0.079068
0.082006
0.079430
0.077614
0.076798
0.073288
0.070300
0.065060
0.057290
0.050394
0.042608
0.034036
0.032380
0.030058
0.022866
0.020494
0.019322
0.017340
0.018312
0.016598
0.014806
0.015052
0.013796
0.011930
0.014040
0.018384
0.019804
0.024396
0.029052
0.032520
0.037650
0.042690
0.047218
0.052156
0.056040
0.053354
0.053462
0.055594
0.053850
0.054988
0.054120
0.053826
0.055940
0.054052
0.052744
0.053786
0.052124
0.048392
0.045662
0.043604
0.040742
0.036484
0.033606
0.030012
0.024954
0.019374
0.016132
0.013930
0.009816
0.011886
0.017200
0.020056
0.025646
0.032886
0.038472
0.046836
0.055516
0.060330
0.065416
0.068442
0.066174
0.065788
0.065308
0.061990
0.061216
0.060642
0.060090
0.058490
0.053846
0.051140
0.050702
0.048938
0.046344
0.046676
0.048342
0.045424
0.043422
0.041692
0.038918
0.037896
0.034046
0.033246
0.031532
0.029040
0.029374
0.024384
0.017778
0.015406
0.016082
0.014260
0.012860
0.014080
0.015258
0.016418
0.016026
0.015296
0.013822
0.011004
0.005404
-0.001984
-0.007916
-0.012758
-0.015578
-0.018430
-0.022476
-0.023846
-0.025544
-0.026754
-0.023844
-0.023006
-0.022758
-0.020714
-0.021198
-0.022978
-0.022526
-0.020984
-0.021210
-0.023392
-0.024386
-0.024288
-0.023448
-0.021784
-0.019264
-0.012424
-0.005220
0.003710
0.011564
0.014318
0.019746
0.024198
0.027416
0.030606
0.031390
0.030682
0.031130
0.029840
0.024160
0.020886
0.018830
0.019038
0.019624
0.019438
0.023852
0.029592
0.032616
0.036876
0.041426
0.042428
0.043806
0.044074
0.042864
0.043640
0.044450
0.040754
0.036224
0.034502
0.031210
0.028170
0.028944
0.033410
0.040496
0.047128
0.053748
0.061952
0.067014
0.069586
0.071918
0.070906
0.067722
0.062914
0.058904
0.056798
0.051548
0.046728
0.045740
0.041310
0.033882
0.026534
0.018444
0.009682
-0.000188
-0.007106
-0.014290
-0.022690
-0.026704
-0.029548
-0.033954
-0.035966
-0.034792
-0.036644
-0.037112
-0.034214
-0.032032
-0.031876
-0.031734
-0.026508
-0.022980
-0.021246
-0.017456
-0.013992
-0.012122
-0.011946
-0.012132
-0.012752
-0.014878
-0.017580
-0.018834
-0.021894
-0.024740
-0.023854
-0.022988
-0.020376
-0.015502
-0.013506
-0.012560
-0.010874
-0.009970
-0.008526
-0.007488
-0.009052
-0.012884
-0.017628
-0.022582
-0.025398
-0.024828
-0.025846
-0.026416
-0.024628
-0.027084
-0.028992
-0.029406
-0.032812
-0.033664
-0.031832
-0.031596
-0.031250
-0.027540
-0.022706
-0.018452
-0.014948
-0.012532
-0.010258
-0.011440
-0.014776
-0.016946
-0.021744
-0.027010
-0.028434
-0.031730
-0.036038
-0.037842
-0.041426
-0.044618
-0.046422
-0.048412
-0.049578
-0.049344
-0.049400
-0.049232
-0.048090
-0.047196
-0.044550
-0.041674
-0.039698
-0.037656
-0.034198
-0.030288
-0.027834
-0.025808
-0.023880
-0.020834
-0.020024
-0.023504
-0.024328
-0.024438
-0.028490
-0.029520
-0.025688
-0.022304
-0.019544
-0.015640
-0.010858
-0.008670
-0.007718
-0.006078
-0.005492
-0.004488
-0.003080
-0.000870
-0.000334
0.000916
0.003506
0.002798
0.004470
0.009118
0.012706
0.018332
0.022306
0.021584
0.021836
0.023358
0.023520
0.025250
0.027696
0.024808
0.021608
0.020890
0.019558
0.017018
0.013798
0.011990
0.010514
0.007048
0.004276
0.004714
0.004846
0.008456
0.015066
0.016796
0.018738
0.020534
0.017754
0.015926
0.014964
0.012926
0.011306
0.008758
0.005262
0.003226
0.003620
0.005176
0.006764
0.008326
0.010076
0.010468
0.007958
0.006686
0.007436
0.006358
0.003344
-0.001908
-0.007350
-0.013244
-0.022212
-0.029450
-0.038662
-0.048828
-0.055082
-0.062050
-0.067908
-0.071258
-0.073070
-0.073502
-0.072482
-0.072622
-0.073014
-0.071982
-0.072678
-0.072262
-0.070580
-0.069834
-0.068038
-0.065730
-0.063512
-0.060686
-0.058950
-0.058022
-0.056314
-0.056526
-0.057482
-0.056700
-0.054596
-0.052156
-0.050108
-0.046048
-0.042840
-0.041770
-0.040060
-0.038744
-0.038168
-0.037890
-0.037566
-0.037602
-0.038012
-0.039526
-0.043580
-0.048066
-0.051436
-0.053644
-0.055144
-0.056222
-0.055834
-0.055778
-0.057110
-0.057084
-0.056114
-0.056586
-0.055002
-0.053224
-0.053874
-0.053224
-0.049392
-0.044808
-0.044200
-0.043450
-0.041016
-0.040192
-0.039326
-0.036844
-0.031456
-0.023908
-0.014598
-0.004368
0.004548
0.011422
0.014562
0.014524
0.014254
0.013644
0.009688
0.004516
0.000824
-0.002068
-0.002542
-0.002722
-0.004832
-0.006952
-0.009160
-0.011614
-0.012458
-0.011696
-0.011604
-0.011568
-0.009838
-0.007456
-0.005658
-0.004878
-0.004074
-0.003618
-0.005466
-0.007112
-0.008760
-0.011766
-0.013660
-0.017566
-0.021178
-0.022368
-0.024340
-0.024148
-0.023806
-0.024720
-0.025024
-0.026456
-0.029286
-0.031150
-0.033056
-0.036488
-0.039274
-0.041404
-0.044206
-0.044992
-0.042518
-0.040508
-0.038526
-0.036736
-0.036284
-0.037176
-0.040892
-0.042934
-0.043504
-0.046394
-0.047046
-0.045382
-0.043012
-0.038880
-0.033712
-0.027934
-0.021198
-0.012988
-0.006830
-0.003104
0.001748
0.004684
0.005980
0.009214
0.012506
0.016456
0.021066
0.026396
0.030720
0.031792
0.030048
0.026512
0.023924
0.019604
0.015162
0.014380
0.012578
0.008496
0.006590
0.006736
0.006700
0.007716
0.009038
0.007050
0.003912
0.002272
-0.000166
-0.003360
-0.006560
-0.009642
-0.012896
-0.014252
-0.015506
-0.017966
-0.017748
-0.018028
-0.021636
-0.025784
-0.029962
-0.035800
-0.041512
-0.045004
-0.045546
-0.043858
-0.040602
-0.036988
-0.032856
-0.025342
-0.019300
-0.016760
-0.014442
-0.016252
-0.022250
-0.029182
-0.036398
-0.042982
-0.047312
-0.046942
-0.042312
-0.034930
-0.026472
-0.020030
-0.016006
-0.013296
-0.013890
-0.019150
-0.028070
-0.036828
-0.044890
-0.051050
-0.051726
-0.050504
-0.047194
-0.040398
-0.032776
-0.026234
-0.021276
-0.016356
-0.011724
-0.007798
-0.002916
0.001552
0.003936
0.005008
0.006138
0.009494
0.012986
0.016030
0.020928
0.026636
0.031492
0.035166
0.037934
0.038550
0.039642
0.041426
0.042816
0.046248
0.049770
0.054538
0.058574
0.061066
0.065152
0.067450
0.067824
0.067666
0.066240
0.064440
0.063832
0.063292
0.060628
0.056474
0.051324
0.047290
0.044938
0.042758
0.041794
0.042060
0.043180
0.044708
0.047448
0.050552
0.051172
0.050190
0.048442
0.045056
0.041428
0.037702
0.034002
0.031724
0.029360
0.027064
0.025102
0.023304
0.022446
0.022210
0.023328
0.026252
0.028844
0.031162
0.034554
0.037840
0.041520
0.045370
0.046500
0.043512
0.038516
0.033102
0.027534
0.023880
0.021052
0.018838
0.018140
0.017250
0.015128
0.011882
0.008850
0.005858
0.002822
0.001694
0.003546
0.007016
0.010888
0.015292
0.018660
0.018808
0.016810
0.012756
0.007586
0.003506
0.000714
-0.000088
0.001408
0.005052
0.009418
0.014304
0.017946
0.018678
0.018168
0.016340
0.013582
0.010932
0.008336
0.005230
0.002526
-0.001034
-0.005820
-0.009838
-0.015110
-0.020474
-0.023742
-0.025078
-0.024916
-0.024254
-0.022390
-0.019114
-0.014326
-0.010856
-0.009784
-0.009282
-0.009676
-0.011052
-0.013542
-0.015686
-0.017024
-0.018194
-0.019058
-0.020756
-0.023370
-0.025260
-0.026480
-0.029744
-0.034232
-0.036678
-0.038808
-0.039570
-0.038260
-0.038036
-0.037096
-0.033884
-0.030364
-0.027790
-0.026052
-0.024852
-0.023298
-0.022154
-0.022198
-0.020456
-0.019740
-0.020012
-0.018058
-0.017598
-0.018194
-0.018510
-0.019328
-0.020630
-0.021044
-0.021176
-0.021166
-0.020468
-0.020182
-0.018574
-0.015402
-0.011722
-0.008968
-0.006632
-0.003990
-0.001712
0.001014
0.004080
0.005772
0.005694
0.004240
0.000594
-0.004250
-0.009998
-0.016302
-0.023030
-0.030124
-0.036662
-0.042498
-0.046780
-0.049864
-0.050338
-0.048316
-0.045946
-0.041556
-0.036112
-0.031930
-0.027346
-0.022960
-0.020042
-0.018596
-0.020356
-0.024938
-0.030894
-0.039258
-0.047260
-0.051680
-0.056014
-0.058094
-0.057066
-0.056046
-0.054576
-0.053716
-0.052570
-0.053230
-0.055128
-0.056902
-0.061456
-0.065210
-0.067342
-0.069270
-0.070676
-0.072910
-0.074378
-0.075824
-0.077660
-0.078326
-0.079240
-0.080910
-0.082964
-0.083634
-0.082744
-0.081998
-0.078634
-0.072348
-0.065700
-0.058472
-0.051274
-0.044162
-0.037744
-0.031948
-0.025588
-0.021460
-0.019860
-0.018758
-0.019916
-0.021310
-0.019700
-0.017092
-0.013738
-0.010490
-0.008928
-0.006996
-0.005714
-0.005032
-0.003166
-0.001326
0.000408
0.000226
-0.002042
-0.004034
-0.006688
-0.010462
-0.013228
-0.015234
-0.016626
-0.016038
-0.015526
-0.014668
-0.012698
-0.011720
-0.010912
-0.010168
-0.010242
-0.009936
-0.008074
-0.004882
-0.001540
0.001992
0.005898
0.008298
0.008616
0.007034
0.003954
-0.000026
-0.005398
-0.010138
-0.012288
-0.013136
-0.012658
-0.009944
-0.005498
0.000022
0.004330
0.007474
0.009296
0.008994
0.007750
0.005068
0.003140
0.004282
0.006304
0.008360
0.012148
0.016868
0.020562
0.023438
0.025530
0.026788
0.027162
0.025850
0.024276
0.024018
0.024490
0.027096
0.031654
0.036516
0.042222
0.048508
0.054554
0.058628
0.062206
0.065720
0.067396
0.068108
0.066674
0.064262
0.062028
0.058968
0.056474
0.053754
0.050312
0.046786
0.042748
0.038674
0.035998
0.034268
0.032756
0.033102
0.032388
0.030592
0.031004
0.029964
0.028126
0.027572
0.024170
0.019418
0.016888
0.015904
0.015030
0.012634
0.009138
0.004408
-0.001300
-0.007200
-0.013518
-0.018770
-0.022150
-0.024734
-0.025148
-0.024166
-0.022660
-0.018812
-0.015476
-0.011730
-0.007200
-0.004120
-0.001856
-0.000312
0.001482
0.003440
0.005368
0.006514
0.004542
0.002310
0.001474
-0.001364
-0.004340
-0.006392
-0.008726
-0.011254
-0.014150
-0.015834
-0.015668
-0.014220
-0.012042
-0.008384
-0.005102
-0.002942
0.000238
0.002308
0.003698
0.004954
0.005400
0.005710
0.005778
0.005606
0.003726
0.000864
-0.001762
-0.005596
-0.009708
-0.012536
-0.015078
-0.016910
-0.017014
-0.016052
-0.014472
-0.012892
-0.010954
-0.008760
-0.006314
-0.003486
-0.001106
0.002300
0.006930
0.010274
0.012330
0.013524
0.012228
0.009192
0.004256
-0.002368
-0.008782
-0.014444
-0.018748
-0.021680
-0.022548
-0.022950
-0.022938
-0.022342
-0.022264
-0.021968
-0.022296
-0.020760
-0.017482
-0.013164
-0.006704
-0.000570
0.004238
0.007872
0.010702
0.011990
0.013266
0.015580
0.015956
0.015774
0.016016
0.014414
0.011488
0.007390
0.002192
-0.002196
-0.006218
-0.009590
-0.012272
-0.015000
-0.015644
-0.016142
-0.016096
-0.014230
-0.013550
-0.013792
-0.014342
-0.016396
-0.021028
-0.026484
-0.031684
-0.037108
-0.041242
-0.044072
-0.046398
-0.048090
-0.051280
-0.055570
-0.057982
-0.059790
-0.061774
-0.062388
-0.061218
-0.058798
-0.055588
-0.052188
-0.048398
-0.045128
-0.042964
-0.041060
-0.040674
-0.041290
-0.042062
-0.042974
-0.043840
-0.044642
-0.044922
-0.045244
-0.044926
-0.043442
-0.042176
-0.040690
-0.038084
-0.034952
-0.031200
-0.026214
-0.019786
-0.012930
-0.007124
-0.002948
-0.000158
0.001830
0.002898
0.003178
0.001680
-0.001100
-0.005034
-0.011314
-0.018228
-0.024486
-0.028620
-0.031360
-0.033098
-0.032828
-0.032060
-0.030336
-0.027664
-0.026092
-0.025230
-0.024822
-0.025714
-0.027454
-0.029864
-0.032382
-0.034246
-0.035490
-0.035574
-0.034380
-0.032510
-0.030108
-0.027698
-0.025540
-0.023558
-0.021512
-0.017806
-0.010994
-0.002880
0.005422
0.015222
0.025086
0.034226
0.041940
0.046276
0.046796
0.044932
0.042070
0.038658
0.035632
0.034170
0.035172
0.037664
0.041176
0.045298
0.048982
0.051686
0.052798
0.052546
0.051822
0.050908
0.050284
0.051124
0.053336
0.056754
0.059684
0.059384
0.055234
0.047902
0.039316
0.030142
0.021328
0.013454
0.006416
0.001636
-0.001896
-0.003214
-0.002214
-0.003378
-0.006638
-0.010718
-0.015864
-0.020244
-0.023296
-0.024576
-0.023928
-0.022616
-0.021604
-0.021172
-0.021174
-0.021896
-0.022476
-0.022542
-0.023378
-0.024876
-0.025372
-0.024150
-0.021498
-0.017446
-0.013630
-0.010626
-0.008100
-0.006784
-0.005612
-0.004976
-0.003930
-0.001788
-0.000596
0.000822
0.003060
0.004920
0.006412
0.008012
0.008532
0.007744
0.006442
0.004880
0.003406
0.002118
0.001414
0.000596
-0.000894
-0.002252
-0.003310
-0.004484
-0.003496
-0.000108
0.003842
0.007760
0.009578
0.008992
0.007100
0.003686
0.000012
-0.003120
-0.006044
-0.008470
-0.011388
-0.014860
-0.018748
-0.023150
-0.026870
-0.028856
-0.028626
-0.026838
-0.024392
-0.020976
-0.017816
-0.015526
-0.013500
-0.012896
-0.012222
-0.010406
-0.009190
-0.007736
-0.006304
-0.006180
-0.006584
-0.007654
-0.009566
-0.011104
-0.011504
-0.010888
-0.008032
-0.002670
0.004564
0.012936
0.020310
0.024616
0.025828
0.026298
0.025752
0.023142
0.020062
0.016968
0.014496
0.013300
0.012630
0.013464
0.015532
0.018324
0.022588
0.026582
0.030140
0.033466
0.033674
0.032012
0.030862
0.029672
0.028490
0.027386
0.027092
0.026940
0.026028
0.025304
0.025354
0.026614
0.029474
0.033098
0.036196
0.037548
0.037296
0.036378
0.034678
0.032020
0.029838
0.029118
0.028046
0.026162
0.024980
0.024794
0.024432
0.024160
0.025442
0.026042
0.024632
0.024244
0.024736
0.026222
0.028912
0.031038
0.032896
0.032836
0.030770
0.028194
0.025232
0.022454
0.019214
0.015944
0.013488
0.011720
0.011496
0.013494
0.017062
0.020786
0.024354
0.028000
0.030806
0.031294
0.030500
0.029444
0.028402
0.028474
0.029626
0.031032
0.030970
0.029584
0.027670
0.025038
0.022116
0.018572
0.014958
0.012376
0.010892
0.011354
0.013914
0.018350
0.024256
0.030904
0.036306
0.039004
0.039634
0.036758
0.031072
0.025718
0.021724
0.018992
0.017302
0.015642
0.013526
0.012340
0.012300
0.013290
0.015338
0.017506
0.019754
0.021610
0.024424
0.028216
0.030918
0.034218
0.036900
0.037914
0.038930
0.038520
0.036438
0.033788
0.030610
0.026510
0.021172
0.016312
0.013266
0.011678
0.011674
0.012930
0.014586
0.017124
0.020410
0.023404
0.026822
0.029456
0.029596
0.028124
0.025848
0.022938
0.020780
0.018516
0.015800
0.014924
0.013622
0.011278
0.010298
0.009826
0.009842
0.011006
0.011988
0.012584
0.012854
0.011974
0.010468
0.007772
0.003286
-0.001232
-0.005226
-0.008414
-0.009404
-0.008340
-0.006104
-0.000824
0.005886
0.012380
0.020426
0.028232
0.035020
0.042100
0.049054
0.054334
0.058160
0.060086
0.059174
0.056928
0.054442
0.052660
0.051408
0.049662
0.047966
0.046866
0.045598
0.043658
0.041780
0.040162
0.039572
0.039582
0.040100
0.041408
0.041602
0.040198
0.036272
0.029604
0.020956
0.011238
0.002786
-0.005146
-0.012536
-0.016306
-0.017320
-0.018306
-0.019654
-0.021594
-0.023178
-0.023104
-0.022076
-0.020520
-0.017730
-0.012882
-0.008156
-0.004936
-0.002720
-0.003146
-0.005174
-0.007944
-0.012258
-0.016406
-0.019882
-0.023310
-0.025330
-0.026462
-0.027660
-0.028034
-0.028236
-0.027040
-0.024180
-0.019634
-0.012874
-0.005602
0.001194
0.007172
0.012502
0.015562
0.016632
0.017082
0.016868
0.016242
0.015722
0.016794
0.017814
0.019010
0.022364
0.024912
0.026152
0.028372
0.029820
0.028892
0.027552
0.026986
0.026126
0.025770
0.027154
0.029308
0.032872
0.037116
0.040322
0.043096
0.045068
0.045092
0.044452
0.043282
0.041146
0.039576
0.038536
0.038126
0.038084
0.038118
0.037948
0.037086
0.036044
0.033956
0.030820
0.027196
0.021444
0.014654
0.008676
0.004006
0.002002
0.001596
0.002050
0.003808
0.003758
0.001752
0.001264
0.001798
0.001090
0.000030
0.001722
0.005272
0.008716
0.011118
0.013252
0.014708
0.013456
0.012322
0.010676
0.006954
0.004882
0.004648
0.006304
0.009784
0.012608
0.015416
0.017088
0.018150
0.019438
0.019694
0.019512
0.018094
0.016058
0.014044
0.011950
0.010620
0.008476
0.006154
0.004530
0.002280
0.001546
0.000978
0.000020
-0.000252
-0.000780
0.000096
0.001518
0.003664
0.006080
0.007202
0.009030
0.009506
0.007306
0.005224
0.002502
-0.000784
-0.004180
-0.008804
-0.012854
-0.015904
-0.018876
-0.021248
-0.022828
-0.023928
-0.025546
-0.027298
-0.028342
-0.030264
-0.032486
-0.033772
-0.035104
-0.036100
-0.035710
-0.033514
-0.030858
-0.028562
-0.025418
-0.021584
-0.018018
-0.015144
-0.012894
-0.011228
-0.009726
-0.008274
-0.007476
-0.007396
-0.007012
-0.006342
-0.005696
-0.004154
-0.002156
-0.000944
-0.000404
0.000486
0.000444
-0.000762
-0.001860
-0.004456
-0.009608
-0.013170
-0.013390
-0.013488
-0.012268
-0.009418
-0.006502
-0.003298
-0.000718
0.001786
0.003190
0.003756
0.005492
0.006342
0.007084
0.008228
0.008598
0.009326
0.009216
0.007828
0.005980
0.002670
-0.002296
-0.005850
-0.006872
-0.006602
-0.006342
-0.006964
-0.006486
-0.004598
-0.001154
0.003054
0.006538
0.009910
0.013396
0.015848
0.016466
0.016564
0.015208
0.012582
0.010924
0.009120
0.007050
0.005138
0.003816
0.003932
0.004348
0.005620
0.006492
0.005936
0.004998
0.001748
-0.005166
-0.013898
-0.022242
-0.031714
-0.039896
-0.044920
-0.048614
-0.050732
-0.052400
-0.054096
-0.055266
-0.054186
-0.052546
-0.051180
-0.048654
-0.045760
-0.041104
-0.035044
-0.028550
-0.019850
-0.009190
0.001928
0.012576
0.021900
0.028148
0.030084
0.028930
0.024064
0.016284
0.009154
0.003648
0.000828
0.002094
0.007130
0.013596
0.019954
0.025558
0.028556
0.029892
0.030132
0.028172
0.026136
0.025120
0.025036
0.024792
0.022384
0.018792
0.012664
0.005122
-0.001586
-0.008472
-0.013748
-0.016834
-0.017088
-0.013738
-0.007666
0.000712
0.010518
0.020674
0.030026
0.037912
0.044090
0.047520
0.048344
0.047268
0.044616
0.040926
0.035406
0.027900
0.019292
0.011948
0.007280
0.004662
0.002788
0.000692
0.000412
0.001786
0.003068
0.004572
0.006500
0.007584
0.007158
0.006012
0.002656
-0.002446
-0.006746
-0.011330
-0.016808
-0.021974
-0.026294
-0.029440
-0.031934
-0.033134
-0.032310
-0.030324
-0.026280
-0.021284
-0.016574
-0.011128
-0.006620
-0.003728
-0.001724
-0.002466
-0.004386
-0.005340
-0.007362
-0.009496
-0.010620
-0.012140
-0.013266
-0.013902
-0.015492
-0.016698
-0.018406
-0.021136
-0.023302
-0.025020
-0.026504
-0.027250
-0.026232
-0.024402
-0.021688
-0.017768
-0.014054
-0.011010
-0.008762
-0.007800
-0.008014
-0.008726
-0.009398
-0.010084
-0.010910
-0.011152
-0.010846
-0.010400
-0.009320
-0.008082
-0.006052
-0.003030
-0.000794
0.000784
0.002204
0.003596
0.005196
0.006348
0.005808
0.003482
-0.000672
-0.006026
-0.010752
-0.014820
-0.018222
-0.021218
-0.024260
-0.026312
-0.027400
-0.028182
-0.028952
-0.030132
-0.032232
-0.034790
-0.037042
-0.038766
-0.038980
-0.038054
-0.035674
-0.031598
-0.027280
-0.022812
-0.019652
-0.018080
-0.016014
-0.013258
-0.010494
-0.008554
-0.007000
-0.004548
-0.001104
0.002462
0.005928
0.009162
0.010576
0.009516
0.006912
0.003624
0.000484
-0.001304
-0.002268
-0.002002
-0.000292
0.000500
0.000102
-0.000576
-0.001400
-0.002716
-0.004446
-0.006000
-0.007236
-0.008054
-0.008672
-0.008996
-0.008770
-0.008076
-0.007130
-0.007776
-0.009448
-0.011488
-0.014570
-0.018060
-0.021664
-0.024682
-0.026662
-0.028086
-0.029334
-0.030680
-0.032606
-0.034518
-0.036460
-0.038040
-0.038900
-0.039236
-0.039044
-0.039402
-0.039252
-0.038586
-0.038106
-0.036426
-0.035048
-0.034228
-0.033300
-0.033478
-0.034270
-0.035312
-0.036374
-0.036970
-0.037150
-0.036700
-0.035904
-0.034886
-0.033630
-0.032036
-0.029910
-0.026954
-0.022894
-0.018916
-0.015988
-0.014080
-0.014130
-0.015986
-0.017950
-0.019648
-0.020476
-0.021000
-0.021628
-0.022488
-0.023482
-0.023430
-0.023488
-0.023890
-0.024228
-0.024112
-0.022990
-0.021712
-0.019816
-0.016590
-0.013122
-0.009486
-0.005376
-0.001648
0.001206
0.003572
0.005972
0.008096
0.009356
0.008558
0.004784
-0.000456
-0.005078
-0.008728
-0.010426
-0.010070
-0.009136
-0.007418
-0.005428
-0.003332
-0.000788
0.001488
0.003598
0.005660
0.006830
0.007412
0.008520
0.009240
0.009722
0.009680
0.008284
0.006898
0.005194
0.003332
0.002080
0.001364
0.002254
0.005274
0.009614
0.013942
0.017484
0.019996
0.022070
0.023444
0.022692
0.020248
0.016256
0.010838
0.005822
0.002768
0.001392
0.001164
0.002970
0.005812
0.008664
0.011074
0.011484
0.010838
0.009286
0.006720
0.004818
0.003438
0.003880
0.006680
0.011178
0.017416
0.024030
0.030302
0.035882
0.040478
0.044142
0.046218
0.046602
0.046396
0.045294
0.042556
0.039322
0.036344
0.033584
0.031342
0.029568
0.028774
0.027970
0.026642
0.025864
0.024958
0.023618
0.022074
0.020538
0.019506
0.019858
0.021248
0.023822
0.027428
0.029636
0.030042
0.028650
0.024552
0.019042
0.013374
0.007488
0.002740
-0.000474
-0.003140
-0.005228
-0.005054
-0.002758
0.000034
0.002716
0.004022
0.005008
0.005440
0.004546
0.003580
0.002084
0.000226
-0.001046
-0.001182
-0.000644
0.000374
0.001386
0.002504
0.003394
0.003498
0.004346
0.004820
0.004490
0.004918
0.006034
0.008254
0.010776
0.012850
0.015422
0.017040
0.016986
0.015740
0.012118
0.006714
0.000914
-0.005450
-0.011466
-0.016070
-0.018400
-0.018682
-0.017626
-0.014956
-0.011842
-0.008834
-0.005798
-0.003054
-0.000194
0.001768
0.001938
0.001962
0.001836
0.000456
-0.001480
-0.002500
-0.003136
-0.002810
-0.000176
0.002472
0.004788
0.008610
0.011960
0.013236
0.014440
0.015034
0.013974
0.012260
0.010500
0.008332
0.005646
0.002894
-0.000064
-0.003326
-0.007036
-0.010152
-0.012334
-0.014410
-0.015792
-0.017690
-0.021626
-0.025090
-0.027190
-0.027952
-0.027016
-0.025150
-0.022356
-0.019450
-0.016910
-0.014254
-0.011078
-0.007146
-0.002888
0.001092
0.005534
0.009674
0.012372
0.014048
0.014360
0.012974
0.011066
0.009336
0.006912
0.004492
0.003886
0.004486
0.004672
0.004480
0.003656
0.002370
0.002106
0.003020
0.004282
0.006006
0.007390
0.007686
0.006988
0.005342
0.003106
0.000042
-0.003402
-0.006966
-0.009720
-0.010378
-0.011092
-0.012112
-0.012470
-0.013814
-0.016026
-0.018690
-0.020510
-0.020736
-0.021050
-0.020500
-0.019734
-0.020706
-0.022680
-0.025956
-0.029882
-0.033930
-0.037612
-0.039792
-0.041820
-0.043748
-0.044138
-0.043124
-0.041684
-0.040092
-0.038054
-0.035672
-0.033526
-0.031258
-0.029164
-0.027384
-0.025202
-0.023642
-0.022870
-0.022370
-0.022518
-0.023890
-0.026432
-0.029598
-0.032304
-0.033824
-0.034538
-0.034206
-0.032772
-0.030616
-0.028088
-0.025192
-0.021866
-0.018786
-0.015800
-0.012712
-0.010532
-0.009024
-0.007814
-0.006908
-0.005790
-0.005292
-0.006236
-0.007196
-0.007674
-0.007916
-0.006978
-0.005710
-0.004494
-0.002970
-0.001498
0.000336
0.002184
0.003674
0.004342
0.004170
0.004044
0.003014
0.000658
-0.001402
-0.003132
-0.005076
-0.005974
-0.006580
-0.008386
-0.009598
-0.008862
-0.006472
-0.003536
-0.001662
-0.000246
0.001422
0.003030
0.005134
0.006726
0.006704
0.006182
0.005308
0.003452
0.001168
-0.000846
-0.003180
-0.005776
-0.007614
-0.008978
-0.010062
-0.010796
-0.011512
-0.012232
-0.012450
-0.012394
-0.012060
-0.011072
-0.009744
-0.008360
-0.006946
-0.005154
-0.003932
-0.003428
-0.002576
-0.002586
-0.002832
-0.002258
-0.001508
0.000456
0.002266
0.003644
0.005254
0.005774
0.005310
0.004198
0.002842
0.001472
-0.000082
-0.001354
-0.002312
-0.003604
-0.004948
-0.006582
-0.008868
-0.011160
-0.012990
-0.014880
-0.016188
-0.016258
-0.016310
-0.015640
-0.013506
-0.010922
-0.008652
-0.006936
-0.005544
-0.005140
-0.005592
-0.005820
-0.006214
-0.006358
-0.005054
-0.002442
0.001212
0.005588
0.009182
0.011790
0.014954
0.018186
0.019646
0.019698
0.018504
0.015538
0.012940
0.010998
0.009202
0.008820
0.009184
0.010804
0.013500
0.016454
0.020462
0.023864
0.026250
0.028334
0.029660
0.029954
0.028288
0.025712
0.023566
0.022276
0.021998
0.021746
0.020984
0.020474
0.020660
0.020972
0.021396
0.021884
0.022150
0.021872
0.021198
0.020100
0.018760
0.018010
0.017992
0.018960
0.020582
0.021890
0.022638
0.022774
0.022566
0.022718
0.022694
0.022400
0.021638
0.019432
0.017392
0.015378
0.012816
0.011488
0.011390
0.012020
0.013108
0.014608
0.016090
0.017276
0.018834
0.019712
0.020024
0.021130
0.021702
0.021922
0.022458
0.021970
0.020164
0.017196
0.013066
0.008070
0.003008
-0.001436
-0.005356
-0.008712
-0.010644
-0.011660
-0.012134
-0.011550
-0.011644
-0.012616
-0.013662
-0.015684
-0.018354
-0.021052
-0.023456
-0.024652
-0.024694
-0.023932
-0.022366
-0.019326
-0.015128
-0.011246
-0.007898
-0.004652
-0.000790
0.002240
0.003878
0.005448
0.006350
0.007664
0.010752
0.014474
0.017240
0.018782
0.019780
0.019776
0.019394
0.019032
0.018088
0.017148
0.016206
0.016078
0.016758
0.016662
0.016188
0.015110
0.013258
0.011406
0.008586
0.004400
0.000226
-0.002672
-0.004450
-0.005368
-0.005462
-0.004790
-0.003308
-0.000906
0.002386
0.005366
0.007560
0.008924
0.009362
0.008292
0.005290
0.001472
-0.001716
-0.003726
-0.004590
-0.004036
-0.003038
-0.002020
-0.000370
0.001716
0.003316
0.004380
0.005314
0.005050
0.003702
0.002780
0.002490
0.001866
0.001016
0.000436
-0.000188
-0.001210
-0.002860
-0.005394
-0.008658
-0.011418
-0.013576
-0.014972
-0.015050
-0.014486
-0.014150
-0.014326
-0.014898
-0.016286
-0.017578
-0.018206
-0.018928
-0.019184
-0.018858
-0.018608
-0.018136
-0.016756
-0.015024
-0.013812
-0.013104
-0.013864
-0.016334
-0.019388
-0.022562
-0.025000
-0.026034
-0.026066
-0.025466
-0.024798
-0.023916
-0.022888
-0.022348
-0.021462
-0.020590
-0.019780
-0.018438
-0.017056
-0.016238
-0.016754
-0.018276
-0.019998
-0.021948
-0.024394
-0.026624
-0.028472
-0.029460
-0.028854
-0.027026
-0.025286
-0.024600
-0.024274
-0.024554
-0.025636
-0.026888
-0.027760
-0.028254
-0.028400
-0.027672
-0.025832
-0.023566
-0.022344
-0.021576
-0.019476
-0.016392
-0.013602
-0.011198
-0.008722
-0.006192
-0.003766
-0.000788
0.003120
0.006694
0.009874
0.013106
0.015238
0.015714
0.014518
0.012510
0.010950
0.009978
0.009348
0.008746
0.007962
0.007062
0.006376
0.006132
0.005850
0.005406
0.005198
0.004824
0.004228
0.004124
0.004864
0.006164
0.007844
0.008876
0.008924
0.008886
0.009128
0.009996
0.010904
0.011652
0.012312
0.012562
0.012370
0.011842
0.011536
0.011294
0.010510
0.009614
0.008526
0.007062
0.005250
0.002654
0.000532
-0.000744
-0.001842
-0.002356
-0.002620
-0.002368
-0.001746
-0.001298
-0.000708
-0.000140
0.000186
0.000046
-0.000284
-0.000676
-0.001380
-0.001282
-0.000668
-0.001180
-0.002054
-0.002672
-0.002774
-0.002206
-0.002098
-0.003192
-0.005648
-0.008154
-0.009532
-0.010302
-0.011522
-0.013318
-0.014736
-0.015766
-0.016288
-0.016466
-0.016416
-0.016178
-0.016126
-0.015800
-0.016020
-0.016320
-0.015854
-0.015842
-0.015858
-0.016192
-0.017484
-0.019322
-0.021348
-0.022360
-0.021414
-0.018898
-0.015434
-0.012078
-0.009404
-0.007134
-0.006100
-0.005704
-0.005908
-0.006910
-0.007616
-0.008158
-0.008296
-0.007892
-0.007448
-0.006670
-0.005552
-0.005150
-0.005486
-0.006716
-0.008962
-0.010858
-0.012362
-0.013090
-0.013046
-0.012604
-0.011498
-0.010532
-0.009932
-0.009668
-0.009748
-0.010372
-0.011046
-0.011114
-0.010772
-0.010132
-0.009594
-0.009372
-0.009724
-0.011118
-0.013354
-0.015738
-0.017514
-0.018558
-0.018520
-0.016932
-0.014092
-0.010180
-0.006118
-0.002914
-0.000676
0.000430
0.000248
-0.000678
-0.001948
-0.003132
-0.004346
-0.005712
-0.006748
-0.007954
-0.009142
-0.009624
-0.009488
-0.008762
-0.007056
-0.004696
-0.002024
0.001224
0.004830
0.008374
0.011716
0.014836
0.017634
0.020126
0.021628
0.021384
0.020092
0.018704
0.017992
0.018142
0.018658
0.019198
0.019162
0.018928
0.018840
0.018574
0.018380
0.018264
0.018890
0.020828
0.023872
0.027088
0.029976
0.032108
0.032268
0.030974
0.028632
0.024838
0.019782
0.014528
0.011008
0.009916
0.009982
0.010060
0.009412
0.008334
0.008084
0.007994
0.007984
0.008962
0.010380
0.011740
0.013416
0.014762
0.014906
0.015300
0.015846
0.015338
0.014350
0.012744
0.010264
0.007446
0.005104
0.003958
0.003734
0.004932
0.007490
0.010228
0.013256
0.015884
0.017558
0.018672
0.018974
0.018336
0.016888
0.014676
0.011858
0.009062
0.006246
0.002496
-0.001372
-0.004444
-0.006594
-0.007178
-0.006870
-0.005608
-0.003336
-0.001186
0.001068
0.003124
0.004188
0.004582
0.004264
0.003272
0.002152
0.001310
0.001360
0.002444
0.004112
0.005852
0.006994
0.007394
0.007504
0.007438
0.006800
0.005526
0.003988
0.002620
0.001948
0.002504
0.004316
0.006774
0.009570
0.012672
0.015460
0.016586
0.015476
0.013432
0.011600
0.010514
0.010650
0.011750
0.013490
0.015384
0.016916
0.017904
0.018282
0.018396
0.018362
0.018460
0.018568
0.018436
0.018702
0.019544
0.021724
0.025308
0.028930
0.031636
0.032480
0.031276
0.029902
0.029470
0.028738
0.026910
0.023414
0.019198
0.015710
0.012772
0.010840
0.009866
0.009320
0.008734
0.007894
0.007090
0.007238
0.008512
0.010018
0.011878
0.013032
0.012954
0.012716
0.013202
0.014008
0.014510
0.014896
0.014380
0.013354
0.012870
0.013284
0.014200
0.014550
0.014082
0.013152
0.012170
0.012114
0.013294
0.014624
0.016382
0.018612
0.020182
0.021798
0.023308
0.023730
0.023872
0.023214
0.020946
0.018124
0.015434
0.012600
0.010096
0.008186
0.006232
0.004830
0.004772
0.005298
0.005056
0.003848
0.002918
0.002786
0.002992
0.003630
0.004088
0.004560
0.005672
0.006418
0.006674
0.006760
0.006344
0.005256
0.003672
0.001854
0.000612
0.001040
0.002858
0.004758
0.005428
0.004762
0.004042
0.003948
0.004528
0.005542
0.006214
0.006518
0.006736
0.006868
0.006722
0.005866
0.005004
0.004836
0.004878
0.004784
0.004398
0.003512
0.002074
-0.000006
-0.002296
-0.004718
-0.007236
-0.009000
-0.010080
-0.010286
-0.009726
-0.009814
-0.010364
-0.010154
-0.009274
-0.008618
-0.009030
-0.011220
-0.014034
-0.016236
-0.017948
-0.018932
-0.019744
-0.020868
-0.022244
-0.023374
-0.023854
-0.023500
-0.022014
-0.020520
-0.019604
-0.018224
-0.016338
-0.013590
-0.009844
-0.006450
-0.003616
-0.001888
-0.001076
0.000194
0.001496
0.002564
0.004022
0.005352
0.006234
0.006654
0.006756
0.006814
0.006774
0.007538
0.009424
0.012134
0.015112
0.017786
0.019470
0.019868
0.019578
0.018088
0.015296
0.012620
0.010914
0.009832
0.009170
0.009304
0.010318
0.011854
0.013698
0.015254
0.016016
0.015594
0.014128
0.012030
0.009494
0.007090
0.004820
0.003192
0.002462
0.002432
0.002572
0.002222
0.001608
0.000886
0.000190
-0.000640
-0.002496
-0.005938
-0.009426
-0.011028
-0.010564
-0.008710
-0.007236
-0.007354
-0.008752
-0.011828
-0.016362
-0.020730
-0.024260
-0.026992
-0.028104
-0.027376
-0.024964
-0.021476
-0.018470
-0.016092
-0.014416
-0.013920
-0.014184
-0.015342
-0.016808
-0.017230
-0.015692
-0.012348
-0.008740
-0.005740
-0.003072
-0.000668
0.001026
0.001836
0.001836
0.001092
-0.000190
-0.001850
-0.003546
-0.004166
-0.003816
-0.002828
-0.001336
0.000138
0.001538
0.001918
0.000550
-0.001590
-0.003448
-0.004658
-0.004778
-0.004022
-0.002998
-0.001866
-0.000608
0.000248
-0.000044
-0.001540
-0.003902
-0.006496
-0.008624
-0.010364
-0.011904
-0.012726
-0.012858
-0.012322
-0.011212
-0.010134
-0.009122
-0.008390
-0.007576
-0.005766
-0.003060
0.000032
0.003518
0.006584
0.008190
0.008620
0.007418
0.005028
0.002822
0.001260
0.000846
0.001496
0.003132
0.005486
0.007732
0.009404
0.010194
0.010364
0.010058
0.009290
0.008966
0.008980
0.008718
0.008728
0.008652
0.008578
0.009728
0.011632
0.012750
0.012382
0.010762
0.008686
0.007540
0.008086
0.010436
0.014364
0.019444
0.025086
0.030348
0.034582
0.037352
0.038584
0.038260
0.036244
0.033228
0.030418
0.028232
0.026514
0.025156
0.024210
0.022894
0.020758
0.018448
0.016860
0.016834
0.017576
0.018322
0.019110
0.020014
0.021048
0.022262
0.023484
0.024012
0.023834
0.023368
0.023280
0.023884
0.024890
0.025832
0.026168
0.025860
0.025080
0.024208
0.023800
0.023274
0.021912
0.019960
0.017534
0.015396
0.014276
0.013488
0.012136
0.010124
0.007814
0.004740
0.001174
-0.002110
-0.005896
-0.009640
-0.011746
-0.012234
-0.011318
-0.009142
-0.006480
-0.003980
-0.002292
-0.002126
-0.003548
-0.005602
-0.007014
-0.006860
-0.005232
-0.002682
0.000492
0.003306
0.005240
0.005994
0.005560
0.004548
0.003380
0.002362
0.001596
0.001410
0.001522
0.001716
0.002150
0.002646
0.003470
0.004926
0.006900
0.009816
0.013166
0.016216
0.019432
0.022372
0.024834
0.026846
0.026834
0.024048
0.020074
0.016886
0.015078
0.014112
0.013436
0.012690
0.011762
0.010622
0.009020
0.007148
0.005738
0.005018
0.005050
0.005680
0.006056
0.005580
0.004164
0.001916
-0.001036
-0.004306
-0.007642
-0.011736
-0.016706
-0.021028
-0.023450
-0.024332
-0.024938
-0.025772
-0.026326
-0.026080
-0.024284
-0.021470
-0.018546
-0.015236
-0.012316
-0.010626
-0.010200
-0.010568
-0.011296
-0.012470
-0.013908
-0.015780
-0.017946
-0.019806
-0.021114
-0.022086
-0.023216
-0.024564
-0.025646
-0.026208
-0.026030
-0.024566
-0.022466
-0.020410
-0.018648
-0.017726
-0.017824
-0.018244
-0.018584
-0.018926
-0.018478
-0.017128
-0.015606
-0.014236
-0.012852
-0.011744
-0.010982
-0.010818
-0.012006
-0.013798
-0.015156
-0.015650
-0.015340
-0.014896
-0.014504
-0.014254
-0.014220
-0.014194
-0.014530
-0.015188
-0.015456
-0.015344
-0.015198
-0.015226
-0.015206
-0.015114
-0.015316
-0.015708
-0.016594
-0.017816
-0.018804
-0.019472
-0.019712
-0.019714
-0.019514
-0.018984
-0.017790
-0.015598
-0.013368
-0.012522
-0.013046
-0.013726
-0.014200
-0.014362
-0.014576
-0.015854
-0.017910
-0.020294
-0.022204
-0.023572
-0.025056
-0.026446
-0.027242
-0.027090
-0.026712
-0.025998
-0.024902
-0.023988
-0.022970
-0.021780
-0.020894
-0.020890
-0.022042
-0.024114
-0.026224
-0.027728
-0.028394
-0.028788
-0.028696
-0.027906
-0.026792
-0.024744
-0.022790
-0.021864
-0.021650
-0.022228
-0.023258
-0.024284
-0.024756
-0.024618
-0.023932
-0.021968
-0.019288
-0.017352
-0.016564
-0.017112
-0.018902
-0.021190
-0.023740
-0.026180
-0.027798
-0.028896
-0.028694
-0.027108
-0.025154
-0.022390
-0.019668
-0.017988
-0.017414
-0.017508
-0.017940
-0.018966
-0.020528
-0.022014
-0.022932
-0.023720
-0.024126
-0.023838
-0.023552
-0.023340
-0.022410
-0.020338
-0.017762
-0.015572
-0.013280
-0.010684
-0.009424
-0.009776
-0.010862
-0.012148
-0.013062
-0.013496
-0.013432
-0.013116
-0.012658
-0.012114
-0.011788
-0.011060
-0.009834
-0.009206
-0.008714
-0.008074
-0.007916
-0.007842
-0.007964
-0.007524
-0.006164
-0.004564
-0.002396
-0.001004
-0.001432
-0.003310
-0.005442
-0.006056
-0.005864
-0.006012
-0.006506
-0.006832
-0.006938
-0.007442
-0.007942
-0.008710
-0.009760
-0.010110
-0.009090
-0.006112
-0.001050
0.005232
0.012338
0.020484
0.027450
0.031846
0.033194
0.031430
0.028692
0.026042
0.023388
0.020522
0.016756
0.012460
0.008318
0.004034
-0.000450
-0.005210
-0.009636
-0.011992
-0.011572
-0.008372
-0.002152
0.006050
0.015512
0.025700
0.034152
0.038760
0.040222
0.040304
0.039108
0.036692
0.033108
0.028514
0.022846
0.015274
0.005806
-0.005186
-0.016952
-0.028066
-0.036420
-0.040162
-0.038358
-0.031184
-0.020108
-0.006670
0.007258
0.018378
0.025590
0.028480
0.025562
0.017998
0.007198
-0.005398
-0.016738
-0.025040
-0.030640
-0.034084
-0.035864
-0.036904
-0.037786
-0.037698
-0.035758
-0.031388
-0.023544
-0.011654
0.002896
0.017030
0.028842
0.037812
0.041688
0.038504
0.030104
0.017744
0.002160
-0.013928
-0.028050
-0.037958
-0.042240
-0.040776
-0.034840
-0.026128
-0.016176
-0.007304
-0.000498
0.004384
0.007814
0.010356
0.011298
0.010708
0.009900
0.008982
0.007528
0.005984
0.003212
-0.001502
-0.007514
-0.014964
-0.022526
-0.029302
-0.034406
-0.036056
-0.034920
-0.030996
-0.024090
-0.016208
-0.009378
-0.003250
0.003018
0.007622
0.009690
0.008782
0.005198
0.001008
-0.003402
-0.007690
-0.011578
-0.015616
-0.019160
-0.021762
-0.023260
-0.023790
-0.023302
-0.021046
-0.017420
-0.012686
-0.007044
-0.001412
0.003014
0.005694
0.007280
0.007182
0.005230
0.002684
-0.000122
-0.003182
-0.006690
-0.010962
-0.015132
-0.018822
-0.022068
-0.024248
-0.025188
-0.024502
-0.022270
-0.018316
-0.012912
-0.006846
-0.000792
0.003378
0.005712
0.006326
0.004218
0.000296
-0.004374
-0.008584
-0.011224
-0.012414
-0.011914
-0.010634
-0.010178
-0.009430
-0.008754
-0.009500
-0.009886
-0.009224
-0.007302
-0.004350
-0.001340
0.001778
0.004210
0.005592
0.005930
0.004816
0.001938
-0.001812
-0.005290
-0.007656
-0.007424
-0.004476
0.000352
0.005980
0.010290
0.011570
0.010086
0.007586
0.005672
0.004692
0.005072
0.007274
0.010766
0.015534
0.020654
0.024808
0.027672
0.028640
0.027934
0.025834
0.022052
0.018296
0.015646
0.013328
0.012090
0.011714
0.012034
0.012958
0.013672
0.015026
0.017440
0.020292
0.022364
0.023012
0.022250
0.020538
0.018530
0.015858
0.012666
0.009334
0.005748
0.002726
0.001878
0.002332
0.003546
0.006336
0.009022
0.010828
0.012234
0.013066
0.013402
0.013514
0.013488
0.013428
0.013374
0.013494
0.013472
0.012362
0.010284
0.007058
0.002994
-0.000664
-0.003748
-0.006428
-0.008256
-0.008726
-0.008064
-0.006368
-0.003744
-0.000480
0.002932
0.006044
0.007800
0.007804
0.006844
0.004722
0.002272
0.000552
-0.000686
-0.001274
-0.001502
-0.001972
-0.002074
-0.001756
-0.001048
0.000406
0.002506
0.004916
0.007196
0.009268
0.010552
0.010714
0.009720
0.007922
0.005416
0.002420
-0.000414
-0.002968
-0.005264
-0.007254
-0.008296
-0.008228
-0.007118
-0.005030
-0.002902
-0.002628
-0.004220
-0.005888
-0.006436
-0.005242
-0.002912
-0.000194
0.002276
0.004166
0.005812
0.007158
0.008130
0.008572
0.008106
0.007134
0.006016
0.005564
0.006932
0.009528
0.012396
0.015144
0.017516
0.018728
0.017750
0.015262
0.013344
0.013286
0.014102
0.014268
0.013506
0.012216
0.011018
0.009810
0.008082
0.006482
0.004998
0.003646
0.003246
0.003106
0.003382
0.003782
0.003522
0.002992
0.001818
0.000332
-0.000722
-0.001042
-0.000106
0.001826
0.003784
0.005412
0.006550
0.006886
0.006594
0.006018
0.005248
0.004694
0.004800
0.005618
0.007314
0.009450
0.010968
0.011234
0.010578
0.008908
0.005998
0.002710
-0.000304
-0.002152
-0.002044
0.000162
0.003890
0.007816
0.011118
0.013320
0.013880
0.012752
0.010688
0.008318
0.006634
0.006070
0.006196
0.007150
0.008464
0.009704
0.010774
0.011282
0.011158
0.010662
0.010194
0.009974
0.010004
0.010854
0.012716
0.014028
0.013934
0.012792
0.010934
0.009482
0.008334
0.007060
0.006516
0.007100
0.008978
0.011012
0.012480
0.013552
0.013446
0.012094
0.010224
0.008222
0.006124
0.004446
0.003928
0.004192
0.004630
0.004742
0.003386
0.000774
-0.002162
-0.005272
-0.008138
-0.010694
-0.012688
-0.012822
-0.010786
-0.007174
-0.003050
-0.000194
0.001202
0.002172
0.002654
0.002020
0.001282
0.001436
0.001992
0.002932
0.004506
0.005812
0.005806
0.005284
0.004742
0.003294
0.001242
0.000064
0.000056
0.000926
0.002856
0.005010
0.006526
0.007434
0.007750
0.007482
0.006464
0.005072
0.004430
0.004838
0.005742
0.007022
0.008824
0.010148
0.010830
0.011764
0.012348
0.012300
0.011708
0.011018
0.011248
0.012414
0.014070
0.015096
0.014952
0.014160
0.012336
0.009726
0.007146
0.005110
0.004732
0.006132
0.008458
0.011040
0.013624
0.015442
0.016046
0.015410
0.013214
0.010586
0.008034
0.005978
0.005084
0.004976
0.005324
0.004982
0.004122
0.003180
0.001952
0.001548
0.002164
0.003466
0.004312
0.003576
0.002136
0.000648
-0.000422
-0.000918
-0.000948
-0.000578
-0.000190
0.000376
0.000730
0.000076
-0.001242
-0.002528
-0.003570
-0.003666
-0.002754
-0.001856
-0.000896
0.000366
0.001958
0.003036
0.002998
0.002628
0.001306
-0.000272
-0.000148
0.000796
0.001502
0.001510
0.000066
-0.002176
-0.003878
-0.004630
-0.005406
-0.006288
-0.007292
-0.008212
-0.008710
-0.009462
-0.010068
-0.010124
-0.009962
-0.009958
-0.010412
-0.011142
-0.011612
-0.011984
-0.012192
-0.012650
-0.013134
-0.012722
-0.012092
-0.011488
-0.010736
-0.010328
-0.010324
-0.010010
-0.009016
-0.007378
-0.004592
-0.000448
0.004136
0.008468
0.012344
0.015254
0.016094
0.014952
0.012596
0.009900
0.007636
0.005956
0.005372
0.005030
0.004398
0.003808
0.002854
0.000958
-0.001488
-0.003504
-0.004750
-0.004538
-0.002644
0.000398
0.003992
0.008582
0.012934
0.014824
0.014766
0.013416
0.011444
0.009510
0.007920
0.006764
0.005698
0.004052
0.001070
-0.002506
-0.005468
-0.007036
-0.006612
-0.004766
-0.002042
0.001726
0.006564
0.011106
0.013930
0.015104
0.014284
0.012678
0.010842
0.008824
0.007772
0.006788
0.005630
0.004700
0.003584
0.002230
0.001150
0.000668
0.001216
0.002874
0.005320
0.008496
0.011916
0.015544
0.019152
0.022408
0.024220
0.023418
0.020538
0.016488
0.012394
0.008968
0.006318
0.004722
0.004414
0.005060
0.005644
0.005838
0.005562
0.004820
0.004282
0.004450
0.005074
0.005628
0.006322
0.006804
0.005996
0.004570
0.002632
-0.000342
-0.003024
-0.005688
-0.008304
-0.010138
-0.011432
-0.011524
-0.010766
-0.009814
-0.009154
-0.009008
-0.009332
-0.009836
-0.009526
-0.008700
-0.007504
-0.006382
-0.005684
-0.005254
-0.005912
-0.006304
-0.006280
-0.006670
-0.006170
-0.004950
-0.004178
-0.003858
-0.003754
-0.004022
-0.004744
-0.005606
-0.005594
-0.005364
-0.004744
-0.002988
-0.001124
0.000540
0.001998
0.003496
0.004834
0.005840
0.006282
0.006560
0.006900
0.006478
0.005954
0.006124
0.007646
0.009720
0.010508
0.010272
0.010322
0.010428
0.010242
0.010450
0.010408
0.009820
0.009690
0.009990
0.010438
0.011066
0.011854
0.013058
0.013252
0.012300
0.011772
0.011326
0.011008
0.010894
0.011166
0.011958
0.012148
0.011842
0.011926
0.012368
0.013780
0.016400
0.018184
0.019054
0.020588
0.021976
0.022948
0.023552
0.023230
0.022504
0.020982
0.019416
0.018924
0.018534
0.018700
0.019784
0.020582
0.020618
0.020664
0.021192
0.021496
0.021950
0.023374
0.024762
0.025546
0.026178
0.026566
0.026260
0.025640
0.025288
0.024722
0.023380
0.021556
0.019856
0.018028
0.016042
0.014124
0.012970
0.012920
0.013444
0.014976
0.017370
0.019564
0.021386
0.022628
0.022474
0.021422
0.020014
0.018210
0.016052
0.014088
0.012482
0.010498
0.009266
0.009002
0.009006
0.009412
0.009508
0.009112
0.008390
0.007322
0.006632
0.006334
0.005510
0.004686
0.004352
0.004146
0.004546
0.005356
0.005964
0.006066
0.005554
0.005080
0.004332
0.002682
0.000432
-0.001642
-0.002424
-0.002092
-0.001432
-0.000988
-0.001420
-0.002554
-0.004140
-0.006194
-0.007742
-0.008776
-0.010166
-0.011034
-0.011212
-0.011188
-0.010506
-0.010036
-0.009958
-0.009680
-0.009450
-0.009360
-0.009858
-0.010998
-0.011556
-0.010022
-0.006706
-0.002940
-0.000030
0.002002
0.004002
0.005778
0.006770
0.006764
0.006330
0.005666
0.004972
0.004620
0.004004
0.003212
0.002392
0.001108
-0.000298
-0.002182
-0.004674
-0.007174
-0.009530
-0.011252
-0.012564
-0.013584
-0.013776
-0.013644
-0.013240
-0.012320
-0.011406
-0.010454
-0.009374
-0.008886
-0.008952
-0.009048
-0.009108
-0.008720
-0.008154
-0.008088
-0.008040
-0.007942
-0.008532
-0.009498
-0.010412
-0.011456
-0.012142
-0.011794
-0.010662
-0.009114
-0.007322
-0.005828
-0.004670
-0.003500
-0.002880
-0.003204
-0.004716
-0.007308
-0.010322
-0.013142
-0.015052
-0.016338
-0.017404
-0.018080
-0.017698
-0.015796
-0.013456
-0.011316
-0.009692
-0.009086
-0.009264
-0.010052
-0.011398
-0.012542
-0.012556
-0.012342
-0.013298
-0.015606
-0.018072
-0.019058
-0.018342
-0.016986
-0.015888
-0.015278
-0.015388
-0.015620
-0.015742
-0.016046
-0.016128
-0.015890
-0.014902
-0.013092
-0.010826
-0.008094
-0.005384
-0.003556
-0.002696
-0.002410
-0.003302
-0.004736
-0.006022
-0.006122
-0.004868
-0.003092
-0.001140
0.000626
0.002220
0.003916
0.005536
0.006576
0.007056
0.007022
0.006622
0.006356
0.006046
0.005592
0.005556
0.005784
0.006036
0.006726
0.007518
0.008062
0.008680
0.009144
0.008906
0.008886
0.009562
0.010030
0.009860
0.009088
0.008710
0.009486
0.010770
0.012522
0.014526
0.015752
0.016340
0.016218
0.014808
0.012882
0.010820
0.008316
0.006404
0.005354
0.004682
0.004528
0.005262
0.006670
0.007378
0.006944
0.005936
0.004486
0.002934
0.002196
0.002412
0.002886
0.003408
0.004066
0.003874
0.002260
-0.000310
-0.004072
-0.008534
-0.012528
-0.015698
-0.017856
-0.018548
-0.017792
-0.016388
-0.014520
-0.012752
-0.012080
-0.012070
-0.012122
-0.012760
-0.014660
-0.017272
-0.020176
-0.021982
-0.021626
-0.020690
-0.019532
-0.018256
-0.017554
-0.016972
-0.016496
-0.016026
-0.014898
-0.013242
-0.011038
-0.008394
-0.006468
-0.005868
-0.006604
-0.008288
-0.010344
-0.012550
-0.014382
-0.015784
-0.016470
-0.015774
-0.014326
-0.013346
-0.014036
-0.015986
-0.018146
-0.020508
-0.022156
-0.022754
-0.022906
-0.022622
-0.022086
-0.021514
-0.021154
-0.021242
-0.021574
-0.021626
-0.021314
-0.020766
-0.019686
-0.017976
-0.016468
-0.015820
-0.015550
-0.015676
-0.015948
-0.016326
-0.016886
-0.016838
-0.016388
-0.015364
-0.013760
-0.012202
-0.010990
-0.010424
-0.010536
-0.011316
-0.012724
-0.014936
-0.017220
-0.018794
-0.019648
-0.019808
-0.019424
-0.018490
-0.017230
-0.016226
-0.015814
-0.016124
-0.017480
-0.019152
-0.021054
-0.023060
-0.023878
-0.023556
-0.022228
-0.020068
-0.017974
-0.016618
-0.016222
-0.016340
-0.016776
-0.017544
-0.017952
-0.017976
-0.017088
-0.014768
-0.012320
-0.009928
-0.007424
-0.005408
-0.004186
-0.003440
-0.002772
-0.002362
-0.002320
-0.003268
-0.005132
-0.006474
-0.007044
-0.007784
-0.008580
-0.009198
-0.009966
-0.010668
-0.010742
-0.010420
-0.010040
-0.009002
-0.007432
-0.005758
-0.004142
-0.002682
-0.001622
-0.001404
-0.001194
-0.000542
0.000054
0.000448
0.000396
0.000334
0.001246
0.003278
0.005236
0.005760
0.004878
0.003844
0.003388
0.003232
0.003022
0.002938
0.003028
0.003198
0.003384
0.003718
0.004762
0.006310
0.007896
0.009024
0.009064
0.008102
0.006932
0.006152
0.005950
0.006668
0.007620
0.007666
0.005864
0.002262
-0.000908
-0.001654
0.000650
0.005066
0.009478
0.012164
0.012974
0.012974
0.012746
0.012506
0.012096
0.010490
0.007712
0.005024
0.002764
0.001378
0.001492
0.002790
0.004686
0.006288
0.007258
0.007844
0.008010
0.007722
0.006804
0.005148
0.003400
0.001974
0.000900
0.000046
-0.001146
-0.002480
-0.003734
-0.004522
-0.004498
-0.003946
-0.003260
-0.003186
-0.003842
-0.004754
-0.005366
-0.004958
-0.003794
-0.002442
-0.001138
-0.000162
0.000538
0.000648
0.000288
0.000460
0.001192
0.001880
0.002176
0.001700
0.001056
0.001068
0.001410
0.001832
0.002284
0.002602
0.002894
0.003266
0.003812
0.004340
0.004634
0.004622
0.004566
0.004776
0.004996
0.004824
0.003718
0.002114
0.001190
0.001350
0.002256
0.003078
0.003908
0.005088
0.006170
0.006960
0.007196
0.006428
0.004986
0.003714
0.002488
0.001324
0.000294
-0.000734
-0.001252
-0.001442
-0.001422
-0.001034
-0.000376
0.000668
0.001812
0.002850
0.003842
0.004512
0.005080
0.005922
0.006674
0.007140
0.007288
0.006844
0.006184
0.005704
0.005580
0.006160
0.007358
0.008610
0.009436
0.009778
0.009414
0.008696
0.008408
0.008572
0.009188
0.010112
0.010918
0.011314
0.011264
0.011162
0.011140
0.011314
0.011794
0.012216
0.012394
0.012382
0.012100
0.011676
0.011402
0.011338
0.011424
0.011400
0.011280
0.011092
0.010820
0.010614
0.010262
0.009540
0.008324
0.006764
0.005380
0.004754
0.005102
0.005842
0.006012
0.005148
0.003728
0.002590
0.001982
0.001592
0.001048
0.000264
-0.000322
-0.000372
0.000088
0.000976
0.001780
0.002180
0.002194
0.001908
0.001452
0.000750
0.000118
-0.000156
-0.000320
-0.000762
-0.001730
-0.002974
-0.003900
-0.003698
-0.002114
0.000126
0.001818
0.002200
0.001564
0.000476
-0.000356
-0.000532
-0.000270
0.000152
0.000454
0.000602
0.000630
0.000440
-0.000002
-0.000630
-0.001320
-0.001830
-0.001956
-0.001698
-0.001294
-0.000778
-0.000272
-0.000182
-0.000444
-0.000878
-0.001654
-0.002648
-0.003454
-0.004042
-0.004544
-0.004826
-0.004876
-0.004888
-0.005088
-0.005614
-0.006386
-0.007318
-0.008270
-0.008994
-0.009336
-0.009398
-0.009274
-0.009110
-0.009088
-0.009268
-0.009626
-0.009986
-0.010296
-0.010518
-0.010444
-0.009980
-0.009162
-0.008128
-0.007100
-0.006318
-0.005820
-0.005432
-0.005164
-0.005020
-0.004890
-0.004684
-0.004420
-0.004142
-0.003870
-0.003772
-0.003890
-0.003928
-0.003810
-0.003656
-0.003372
-0.002958
-0.002424
-0.001640
-0.000854
-0.000368
-0.000010
0.000490
0.001166
0.001802
0.002052
0.001740
0.001046
0.000322
-0.000314
-0.000850
-0.001186
-0.001222
-0.000938
-0.000302
0.000732
0.001918
0.002934
0.003728
0.004204
0.004228
0.003942
0.003502
0.002964
0.002364
0.001914
0.001656
0.001336
0.000942
0.000622
0.000444
0.000322
0.000246
0.000246
0.000250
0.000242
0.000288
0.000338
0.000350
0.000374
0.000380
0.000412
0.000524
0.000694
0.000860
0.000890
0.000792
0.000630
0.000404
0.000130
-0.000158
-0.000362
-0.000370
-0.000134
0.000350
0.001076
0.001970
0.002894
0.003764
0.004470
0.004870
0.004922
0.004664
0.004176
0.003576
0.002982
0.002522
0.002430
0.002792
0.003354
0.003888
0.004256
0.004270
0.004036
0.003700
0.003274
0.002976
0.002910
0.002942
0.003034
0.003208
0.003456
0.003730
0.004016
0.004254
0.004322
0.004258
0.004060
0.003742
0.003452
0.003188
0.002936
0.002704
0.002454
0.002228
0.002048
0.001910
0.001888
0.001938
0.001936
0.001844
0.001628
0.001350
0.001146
0.001080
0.001118
0.001144
0.001104
0.001014
0.000844
0.000630
0.000426
0.000252
0.000114
0.000012
-0.000056
-0.000124
-0.000158
-0.000128
-0.000090
-0.000018
0.000096
0.000204
0.000296
0.000338
0.000360
0.000418
0.000458
0.000442
0.000358
0.000212
0.000086
-0.000006
-0.000048
0.000004
0.000092
0.000212
0.000346
0.000428
0.000476
0.000494
0.000496
0.000504
0.000502
0.000516
0.000552
0.000570
0.000560
0.000528
0.000454
0.000334
0.000206
0.000084
-0.000034
-0.000116
-0.000144
-0.000132
-0.000094
-0.000052
-0.000044
-0.000076
-0.000132
-0.000188
-0.000216
-0.000212
-0.000194
-0.000192
-0.000192
-0.000194
-0.000212
-0.000224
-0.000218
-0.000218
-0.000232
-0.000238
-0.000236
-0.000234
-0.000224
-0.000200
-0.000188
-0.000174
-0.000156
-0.000154
-0.000142
-0.000116
-0.000098
-0.000092
-0.000094
-0.000118
-0.000158
-0.000176
-0.000186
-0.000188
-0.000170
-0.000150
-0.000136
-0.000116
-0.000100
-0.000076
-0.000062
-0.000088
-0.000136
-0.000186
-0.000238
-0.000276
-0.000294
-0.000290
-0.000270
-0.000230
-0.000150
-0.000038
0.000104
0.000264
0.000418
0.000538
0.000610
0.000624
0.000584
0.000500
0.000378
0.000226
0.000060
-0.000098
-0.000222
-0.000288
-0.000288
-0.000220
-0.000116
-0.000020
0.000050
0.000092
0.000102
0.000092
0.000074
0.000058
0.000052
0.000058
0.000068
0.000074
0.000072
0.000056
0.000032
0.000010
-0.000010
-0.000020
-0.000016
0.000002
0.000032
0.000066
0.000098
0.000126
0.000144
0.000150
0.000148
0.000142
0.000134
0.000126
0.000122
0.000122
0.000126
0.000132
0.000136
0.000138
0.000138
0.000138
0.000136
0.000136
0.000138
0.000144
0.000150
0.000160
0.000168
0.000176
0.000180
0.000186
0.000188
0.000190
0.000192
0.000196
0.000198
0.000200
0.000204
0.000206
0.000210
0.000212
0.000214
0.000218
0.000220
0.000224
0.000226
0.000230
0.000232
0.000234
0.000238
0.000240
0.000242
0.000244
0.000246
0.000248
0.000250
0.000250
0.000252
0.000254
0.000256
0.000258
