0.000000
-0.016016
-0.009584
0.002850
0.002850
0.003064
0.003126
0.003148
0.003164
0.003182
0.003202
0.003224
0.003246
0.003262
0.003276
0.003290
0.003298
0.003288
0.003266
0.003230
0.003200
0.003190
0.003194
0.003198
0.003204
0.003202
0.003192
0.003174
0.003150
0.003114
0.003058
0.002984
0.002904
0.002844
0.002810
0.002770
0.002704
0.002608
0.002500
0.002394
0.002304
0.002276
0.002340
0.002454
0.002566
0.002654
0.002680
0.002644
0.002588
0.002546
0.002508
0.002436
0.002338
0.002242
0.002186
0.002194
0.002224
0.002208
0.002110
0.001980
0.001888
0.001852
0.001900
0.002116
0.002506
0.002918
0.003180
0.003200
0.003018
0.002768
0.002554
0.002380
0.002270
0.002284
0.002372
0.002406
0.002320
0.002164
0.002016
0.001904
0.001830
0.001818
0.001864
0.001922
0.001972
0.002032
0.002120
0.002228
0.002318
0.002296
0.002118
0.001904
0.001804
0.001852
0.001966
0.002036
0.002050
0.002052
0.002080
0.002128
0.002174
0.002220
0.002280
0.002348
0.002422
0.002506
0.002600
0.002688
0.002682
0.002468
0.002130
0.001934
0.001972
0.002070
0.002082
0.002032
0.001992
0.001976
0.001916
0.001762
0.001536
0.001294
0.001068
0.000862
0.000644
0.000424
0.000280
0.000446
0.001066
0.001846
0.002304
0.002238
0.001854
0.001646
0.002046
0.003116
0.004468
0.005448
0.005530
0.004674
0.003402
0.002368
0.001838
0.001670
0.001512
0.001166
0.000740
0.000378
0.000082
-0.000182
-0.000262
0.000088
0.000764
0.001248
0.001148
0.000806
0.000930
0.001576
0.002252
0.002630
0.002610
0.002196
0.001624
0.001288
0.001476
0.002044
0.002650
0.003240
0.003620
0.003204
0.002016
0.000768
-0.000158
-0.000820
-0.001184
-0.001124
-0.000706
-0.000152
0.000530
0.001626
0.003262
0.005090
0.006494
0.006752
0.005432
0.003170
0.000972
-0.001150
-0.003412
-0.005082
-0.005296
-0.004168
-0.002642
-0.001812
-0.002172
-0.003186
-0.003998
-0.004418
-0.004564
-0.004248
-0.003410
-0.002400
-0.001482
-0.000578
0.000448
0.001614
0.002766
0.003556
0.003876
0.004054
0.004354
0.004726
0.005012
0.005132
0.004994
0.004182
0.002394
0.000162
-0.001262
-0.000916
0.000616
0.001628
0.001128
-0.000318
-0.001580
-0.002318
-0.002768
-0.002764
-0.002106
-0.001150
-0.000282
0.000506
0.001428
0.002544
0.003560
0.003798
0.002930
0.001534
0.000264
-0.000722
-0.001232
-0.001086
-0.000580
-0.000152
0.000134
0.000454
0.000928
0.001546
0.002432
0.003826
0.005606
0.007458
0.009106
0.009596
0.008010
0.005132
0.002682
0.001446
0.000836
-0.000046
-0.001388
-0.002738
-0.003772
-0.004628
-0.005012
-0.003410
0.001550
0.008644
0.013462
0.011976
0.005632
-0.000122
-0.001630
0.000682
0.003742
0.005116
0.004852
0.003838
0.002294
0.000392
-0.001324
-0.002404
-0.002754
-0.002192
-0.000410
0.002204
0.004834
0.007122
0.009356
0.011764
0.013614
0.013922
0.012914
0.011772
0.011122
0.010550
0.009512
0.008110
0.006384
0.003640
-0.000318
-0.004480
-0.007636
-0.008840
-0.007202
-0.002986
0.001842
0.005894
0.009526
0.013090
0.015630
0.015752
0.013200
0.009128
0.005156
0.002242
0.000524
-0.000040
0.000244
0.000588
0.000524
0.000270
0.000120
0.000212
0.000428
0.000388
-0.000066
-0.000498
0.000292
0.003124
0.007230
0.010616
0.011648
0.011042
0.010720
0.011284
0.011960
0.011674
0.009200
0.003612
-0.004140
-0.011478
-0.016520
-0.019112
-0.019922
-0.020014
-0.020244
-0.020634
-0.020440
-0.018502
-0.013580
-0.005486
0.003738
0.011850
0.017882
0.021062
0.020790
0.017634
0.013392
0.009426
0.005784
0.002972
0.002976
0.006886
0.012190
0.013228
0.006660
-0.003968
-0.012742
-0.017474
-0.018766
-0.017288
-0.014148
-0.010490
-0.006468
-0.003612
-0.004476
-0.008204
-0.011472
-0.012380
-0.010504
-0.006150
-0.000728
0.003986
0.007398
0.010024
0.012238
0.013916
0.014320
0.012758
0.009472
0.005068
0.000414
-0.002576
0.000326
0.012982
0.033126
0.051098
0.055214
0.043836
0.027854
0.016958
0.012624
0.012084
0.012602
0.012804
0.010292
0.001824
-0.011710
-0.025302
-0.033362
-0.030092
-0.015050
0.003576
0.018276
0.026698
0.029054
0.027300
0.023426
0.018816
0.014726
0.012202
0.011600
0.012352
0.013390
0.014130
0.014994
0.016812
0.018960
0.017634
0.010020
-0.000894
-0.009524
-0.012364
-0.008814
-0.000956
0.007630
0.014968
0.021282
0.026772
0.031436
0.035940
0.040862
0.045626
0.048838
0.047136
0.033888
0.004774
-0.034580
-0.069968
-0.088470
-0.089326
-0.081312
-0.067858
-0.045424
-0.015892
0.010088
0.024678
0.032270
0.041882
0.055888
0.072676
0.100052
0.149774
0.205958
0.224310
0.174948
0.077576
-0.008128
-0.038186
-0.026362
-0.016680
-0.027912
-0.044454
-0.044872
-0.019064
0.022698
0.044322
0.015892
-0.045250
-0.091124
-0.095308
-0.067980
-0.028778
0.009662
0.040140
0.064322
0.093102
0.146384
0.270906
0.440538
0.421114
0.099276
-0.205160
-0.222178
-0.146756
-0.240352
-0.414392
-0.432232
-0.241920
0.012358
0.166970
0.189186
0.150726
0.114526
0.099938
0.093990
0.066422
0.010166
-0.035478
-0.021866
0.082236
0.267962
0.409320
0.370528
0.244264
0.174470
0.089136
-0.080716
-0.213754
-0.196136
-0.079502
0.009438
0.018720
-0.005910
-0.017164
-0.023528
-0.046358
-0.075010
-0.087082
-0.080626
-0.059606
0.009938
0.168746
0.370376
0.507630
0.520090
0.412736
0.218438
-0.007570
-0.179304
-0.244622
-0.236296
-0.194866
-0.134128
-0.076218
-0.036130
-0.006710
0.023172
0.049530
0.056800
0.037336
-0.002226
-0.045834
-0.072544
-0.063216
-0.006356
0.084416
0.163872
0.198772
0.194868
0.168294
0.123020
0.058218
-0.009564
-0.050960
-0.057454
-0.044850
-0.027418
-0.005190
0.024752
0.054670
0.068420
0.052046
0.001724
-0.067962
-0.121732
-0.132166
-0.105518
-0.061614
-0.018996
0.001448
-0.010022
-0.045810
-0.087762
-0.113748
-0.111402
-0.082652
-0.038728
0.005248
0.042694
0.076464
0.107978
0.132342
0.138182
0.118084
0.080626
0.041942
0.012782
0.008310
0.046798
0.121444
0.199574
0.242144
0.221670
0.140732
0.037376
-0.037918
-0.063984
-0.048904
-0.001212
0.061458
0.100352
0.092690
0.051996
-0.001554
-0.053790
-0.088224
-0.099030
-0.096552
-0.084878
-0.061038
-0.030530
-0.003360
0.016464
0.028470
0.032288
0.031900
0.032730
0.035098
0.037704
0.041984
0.052078
0.074068
0.104760
0.130400
0.136030
0.111138
0.046828
-0.043308
-0.106562
-0.110704
-0.072406
-0.005856
0.084090
0.161112
0.182906
0.147264
0.078538
-0.003278
-0.086346
-0.159672
-0.211072
-0.227216
-0.208126
-0.159900
-0.083808
0.006482
0.089542
0.152982
0.194004
0.205514
0.160286
0.056986
-0.035978
-0.057826
-0.020934
0.027638
0.057166
0.063056
0.050120
0.024466
-0.004062
-0.021030
-0.010306
0.043442
0.132032
0.209894
0.234376
0.199934
0.132672
0.065834
0.023112
0.015116
0.028780
0.041192
0.044260
0.040786
0.027006
0.001516
-0.025262
-0.048614
-0.070056
-0.088404
-0.099802
-0.105120
-0.108142
-0.108414
-0.104174
-0.093286
-0.077398
-0.062864
-0.050742
-0.036448
-0.020196
-0.005176
0.005696
0.009986
0.011770
0.020432
0.043954
0.083080
0.119764
0.129878
0.117222
0.103772
0.101684
0.110480
0.120828
0.118866
0.090408
0.030152
-0.047332
-0.117072
-0.156410
-0.156352
-0.126712
-0.083858
-0.045802
-0.025742
-0.017616
-0.005298
0.020828
0.061136
0.108084
0.152384
0.175428
0.156798
0.095402
0.012098
-0.052430
-0.066116
-0.031118
0.027974
0.077682
0.097570
0.083714
0.038228
-0.023316
-0.079486
-0.111780
-0.110134
-0.078210
-0.023966
0.053100
0.156526
0.256728
0.289554
0.229868
0.117778
0.006316
-0.064702
-0.087784
-0.099510
-0.131898
-0.176890
-0.214292
-0.238392
-0.251722
-0.253250
-0.229560
-0.160842
-0.050526
0.059624
0.122404
0.124152
0.081048
0.006948
-0.084278
-0.166636
-0.225034
-0.253762
-0.255466
-0.246408
-0.240762
-0.239684
-0.230848
-0.201932
-0.145740
-0.067098
0.015152
0.075658
0.095934
0.082794
0.058772
0.041372
0.036452
0.042192
0.064090
0.116192
0.182470
0.216862
0.200154
0.155204
0.113342
0.084518
0.055108
0.016610
-0.024000
-0.056882
-0.073538
-0.076634
-0.079400
-0.090776
-0.114506
-0.154162
-0.199622
-0.227796
-0.227578
-0.212378
-0.202662
-0.209552
-0.232336
-0.247048
-0.225984
-0.164642
-0.077358
0.019088
0.121538
0.237234
0.358520
0.457996
0.517220
0.511546
0.421652
0.278952
0.123476
-0.022772
-0.132922
-0.185162
-0.169372
-0.099966
-0.022180
0.036574
0.087322
0.142526
0.192274
0.216538
0.201022
0.146276
0.068710
-0.004312
-0.047302
-0.052544
-0.036626
-0.022152
-0.026112
-0.057998
-0.103556
-0.149202
-0.184804
-0.200306
-0.209214
-0.223570
-0.238700
-0.245020
-0.229696
-0.191444
-0.147262
-0.121916
-0.126922
-0.145212
-0.163842
-0.185870
-0.213164
-0.242938
-0.271722
-0.295844
-0.298782
-0.266500
-0.195008
-0.095102
0.007472
0.095172
0.159044
0.206454
0.247806
0.273568
0.279606
0.264802
0.215718
0.121484
-0.006604
-0.128602
-0.217414
-0.272194
-0.290682
-0.280892
-0.261342
-0.235506
-0.203484
-0.167366
-0.137518
-0.135936
-0.175524
-0.253756
-0.340092
-0.400838
-0.423294
-0.398092
-0.317124
-0.184622
-0.037832
0.061804
0.077530
0.028372
-0.036350
-0.090788
-0.128068
-0.144002
-0.149760
-0.164720
-0.196662
-0.233658
-0.252960
-0.251780
-0.251036
-0.260500
-0.274558
-0.286860
-0.293136
-0.273082
-0.212134
-0.127374
-0.055488
-0.020242
-0.012930
-0.024808
-0.048934
-0.066688
-0.057792
-0.015502
0.046312
0.103418
0.133368
0.139360
0.143308
0.154694
0.166168
0.157764
0.117700
0.050250
-0.031992
-0.120158
-0.206536
-0.276432
-0.331976
-0.384282
-0.429246
-0.455100
-0.464408
-0.468144
-0.462904
-0.441950
-0.403308
-0.354010
-0.311510
-0.288636
-0.290968
-0.317884
-0.364032
-0.423530
-0.481906
-0.518286
-0.522542
-0.504732
-0.489032
-0.491284
-0.515612
-0.559492
-0.609364
-0.639786
-0.611688
-0.495910
-0.299466
-0.057948
0.168062
0.303822
0.308858
0.194938
0.012052
-0.164758
-0.265788
-0.269092
-0.221390
-0.185768
-0.180140
-0.194172
-0.218350
-0.244220
-0.269754
-0.301070
-0.335724
-0.371494
-0.408254
-0.426472
-0.420468
-0.388706
-0.327650
-0.261924
-0.208842
-0.176084
-0.172454
-0.181584
-0.186726
-0.192280
-0.198162
-0.198444
-0.197296
-0.215702
-0.263746
-0.322528
-0.350356
-0.322854
-0.255706
-0.183518
-0.138166
-0.118810
-0.110656
-0.095708
-0.066520
-0.029984
0.015752
0.066580
0.110078
0.143788
0.167402
0.169026
0.147838
0.119316
0.098506
0.084788
0.062280
0.021508
-0.034016
-0.095918
-0.148186
-0.178492
-0.197596
-0.217048
-0.236390
-0.256446
-0.276674
-0.292906
-0.311346
-0.336754
-0.362222
-0.391852
-0.432278
-0.480878
-0.527990
-0.562686
-0.573200
-0.555356
-0.527858
-0.504046
-0.491602
-0.494826
-0.502778
-0.502352
-0.486326
-0.456008
-0.422134
-0.398706
-0.385826
-0.363832
-0.312044
-0.219506
-0.099952
0.003870
0.070308
0.105580
0.122904
0.128536
0.124880
0.117734
0.109280
0.104740
0.101144
0.097620
0.097720
0.096620
0.092454
0.088666
0.079008
0.055400
0.019668
-0.018640
-0.038724
-0.039576
-0.040892
-0.047560
-0.061812
-0.089692
-0.127144
-0.167686
-0.206178
-0.229952
-0.241314
-0.250954
-0.261246
-0.277974
-0.302142
-0.330344
-0.358642
-0.383164
-0.402944
-0.418536
-0.431288
-0.442052
-0.446062
-0.441430
-0.435026
-0.426160
-0.411608
-0.387978
-0.351046
-0.304880
-0.252610
-0.206124
-0.174718
-0.158348
-0.157350
-0.156820
-0.148066
-0.136198
-0.114832
-0.073550
-0.012444
0.054972
0.112016
0.156556
0.195342
0.228722
0.251432
0.257382
0.248240
0.237350
0.233624
0.233636
0.232652
0.230264
0.227614
0.225290
0.216662
0.205288
0.198708
0.193708
0.196512
0.208356
0.226374
0.255300
0.292534
0.333292
0.377878
0.417528
0.450102
0.479502
0.501704
0.522412
0.543198
0.559962
0.580848
0.604958
0.628086
0.659256
0.692598
0.720440
0.742452
0.747868
0.734134
0.716672
0.708808
0.713736
0.732570
0.757238
0.783010
0.812490
0.843078
0.869968
0.883428
0.876048
0.842416
0.784260
0.709186
0.629168
0.550494
0.472204
0.401022
0.337714
0.289578
0.263096
0.251620
0.250642
0.250636
0.246016
0.242830
0.237316
0.225054
0.205888
0.179278
0.155882
0.144144
0.137450
0.132104
0.130926
0.126152
0.123268
0.127534
0.130032
0.133910
0.136962
0.141964
0.146194
0.147542
0.155106
0.161792
0.170902
0.180632
0.189892
0.204236
0.215654
0.223998
0.233536
0.247172
0.256446
0.256894
0.254868
0.249914
0.243916
0.240112
0.236176
0.234720
0.242414
0.253826
0.264128
0.267864
0.259340
0.242550
0.225470
0.213036
0.200290
0.188086
0.183120
0.176196
0.170444
0.171276
0.168798
0.167284
0.166466
0.168340
0.173658
0.181210
0.199734
0.226418
0.251468
0.277934
0.307274
0.337598
0.367784
0.388532
0.400924
0.407834
0.406136
0.405646
0.408548
0.406488
0.404438
0.402486
0.398366
0.390506
0.384428
0.379318
0.369360
0.363582
0.358884
0.346746
0.326266
0.303806
0.281890
0.258906
0.239718
0.227960
0.215690
0.199462
0.182898
0.167436
0.153954
0.136002
0.118358
0.102860
0.091314
0.084252
0.071320
0.061484
0.052622
0.032606
0.011508
-0.008120
-0.028104
-0.045546
-0.063482
-0.075188
-0.082218
-0.090638
-0.093334
-0.083876
-0.066708
-0.051140
-0.028412
0.004866
0.036424
0.076938
0.132188
0.189462
0.250634
0.314256
0.372648
0.414186
0.432116
0.437892
0.435116
0.428800
0.424438
0.417616
0.410832
0.403094
0.394464
0.391852
0.395140
0.398256
0.401910
0.405440
0.408780
0.413006
0.414722
0.416568
0.414034
0.404450
0.395760
0.380774
0.362220
0.345770
0.315058
0.279882
0.247628
0.210550
0.182340
0.159944
0.136640
0.120500
0.110624
0.102064
0.098510
0.104374
0.110808
0.111990
0.116298
0.125312
0.130400
0.133770
0.141982
0.151744
0.159294
0.170338
0.181216
0.187734
0.189458
0.196644
0.208670
0.217462
0.238722
0.265894
0.294576
0.332876
0.370548
0.408722
0.446544
0.470190
0.488614
0.505658
0.515754
0.521800
0.530714
0.541942
0.541708
0.537738
0.535404
0.527900
0.515228
0.499964
0.482072
0.461028
0.445064
0.425582
0.398802
0.369146
0.324034
0.259172
0.173450
0.076164
-0.010438
-0.085200
-0.152162
-0.195206
-0.208376
-0.204966
-0.184984
-0.150570
-0.118514
-0.094232
-0.076258
-0.072592
-0.084958
-0.100638
-0.117276
-0.131486
-0.138332
-0.144052
-0.148994
-0.151204
-0.155894
-0.163880
-0.168644
-0.169684
-0.179256
-0.187214
-0.179166
-0.174120
-0.163910
-0.140136
-0.114490
-0.088032
-0.062790
-0.036686
-0.008344
0.022134
0.059202
0.109096
0.162048
0.210832
0.262070
0.306806
0.334132
0.354144
0.367146
0.359008
0.346606
0.338772
0.328466
0.321096
0.311850
0.300594
0.295136
0.290886
0.272548
0.249460
0.219514
0.181606
0.149504
0.106252
0.060162
0.022576
-0.013064
-0.036864
-0.055340
-0.078600
-0.095858
-0.108348
-0.121662
-0.128390
-0.127320
-0.128834
-0.134272
-0.130670
-0.128376
-0.131872
-0.131348
-0.135140
-0.138880
-0.145006
-0.154622
-0.159546
-0.174568
-0.195622
-0.202944
-0.209142
-0.221980
-0.225458
-0.227424
-0.230918
-0.226060
-0.224138
-0.223776
-0.220440
-0.217594
-0.215618
-0.219142
-0.221660
-0.226272
-0.237352
-0.243900
-0.253894
-0.273156
-0.288432
-0.300202
-0.314526
-0.329306
-0.345584
-0.354858
-0.362194
-0.374442
-0.377258
-0.375078
-0.375842
-0.382900
-0.386850
-0.383618
-0.388554
-0.396550
-0.398562
-0.400558
-0.406614
-0.408160
-0.403500
-0.402450
-0.404640
-0.404324
-0.401738
-0.398006
-0.392770
-0.382414
-0.369952
-0.354544
-0.333558
-0.308716
-0.277206
-0.239676
-0.196658
-0.151900
-0.108110
-0.069818
-0.042150
-0.013756
0.013614
0.036134
0.057110
0.068896
0.081972
0.095600
0.099142
0.103242
0.109660
0.114530
0.120976
0.123512
0.126742
0.133386
0.131498
0.129484
0.120346
0.090220
0.050838
0.002404
-0.063284
-0.132074
-0.186942
-0.228326
-0.256422
-0.271678
-0.269794
-0.257798
-0.246796
-0.238398
-0.233506
-0.230572
-0.227852
-0.223158
-0.222650
-0.218714
-0.205570
-0.190270
-0.176174
-0.165468
-0.155904
-0.150570
-0.147308
-0.146620
-0.148590
-0.148384
-0.150010
-0.148690
-0.146322
-0.155406
-0.166462
-0.176520
-0.197340
-0.218108
-0.237256
-0.254518
-0.260088
-0.263272
-0.268990
-0.274222
-0.272596
-0.270052
-0.271448
-0.271106
-0.271064
-0.261434
-0.251866
-0.246564
-0.235648
-0.229804
-0.228934
-0.231810
-0.238426
-0.246104
-0.249344
-0.251456
-0.254786
-0.250802
-0.250270
-0.253456
-0.252194
-0.253130
-0.249966
-0.246294
-0.250562
-0.250916
-0.248406
-0.245712
-0.240916
-0.237818
-0.235692
-0.230450
-0.230864
-0.235354
-0.236924
-0.241438
-0.242442
-0.245492
-0.244614
-0.238454
-0.239582
-0.237654
-0.233582
-0.234300
-0.237200
-0.240084
-0.244752
-0.248274
-0.247178
-0.244352
-0.241678
-0.242480
-0.243476
-0.241998
-0.244496
-0.245502
-0.246362
-0.250042
-0.246742
-0.241440
-0.241634
-0.239658
-0.232660
-0.229592
-0.228674
-0.224138
-0.219842
-0.215810
-0.208920
-0.201186
-0.197038
-0.193078
-0.186936
-0.182760
-0.175522
-0.168396
-0.166234
-0.158286
-0.149152
-0.144584
-0.135546
-0.127726
-0.123322
-0.114994
-0.106310
-0.103896
-0.101236
-0.099184
-0.100138
-0.096948
-0.094724
-0.096490
-0.100820
-0.103636
-0.106124
-0.113002
-0.115958
-0.118558
-0.126264
-0.125722
-0.121858
-0.117760
-0.106638
-0.092732
-0.078796
-0.067920
-0.060794
-0.054742
-0.047996
-0.044702
-0.039490
-0.032742
-0.031380
-0.032870
-0.038252
-0.048142
-0.061750
-0.074264
-0.087238
-0.100040
-0.110332
-0.119760
-0.122452
-0.121978
-0.125010
-0.125204
-0.126622
-0.129954
-0.136358
-0.151148
-0.158890
-0.164084
-0.175056
-0.176128
-0.170300
-0.172648
-0.171950
-0.160690
-0.154722
-0.148240
-0.131410
-0.110478
-0.085216
-0.059148
-0.034014
-0.010924
0.014988
0.042710
0.060370
0.075764
0.088626
0.095616
0.101382
0.104232
0.109312
0.115680
0.121142
0.127672
0.134570
0.143428
0.148416
0.150402
0.156070
0.158296
0.160224
0.167408
0.171624
0.177612
0.189640
0.198344
0.203116
0.213548
0.224952
0.228510
0.231760
0.231918
0.228064
0.223960
0.215220
0.201468
0.186302
0.174568
0.159692
0.145810
0.134180
0.121160
0.112140
0.103170
0.096252
0.088828
0.073806
0.052012
0.024232
-0.006112
-0.037700
-0.060122
-0.069698
-0.071208
-0.054828
-0.029658
-0.003986
0.022874
0.043970
0.054700
0.057124
0.066020
0.076532
0.078646
0.088566
0.102614
0.112190
0.133082
0.153846
0.166484
0.181460
0.193370
0.199998
0.203136
0.210272
0.221048
0.226132
0.235290
0.247464
0.255590
0.263940
0.266214
0.265342
0.260724
0.253514
0.245674
0.230466
0.218940
0.206076
0.183056
0.154704
0.117006
0.072356
0.029466
-0.004232
-0.027190
-0.036422
-0.029298
-0.018324
-0.007498
0.005928
0.015794
0.023660
0.029656
0.026964
0.019876
0.016398
0.011394
0.006670
0.007038
0.006220
0.014080
0.031664
0.048286
0.067430
0.086488
0.104022
0.124230
0.143604
0.157352
0.168168
0.177054
0.175458
0.168654
0.158398
0.144024
0.131522
0.117540
0.102892
0.084948
0.065506
0.047252
0.027912
0.008990
-0.006312
-0.016980
-0.025286
-0.030918
-0.031922
-0.034610
-0.039606
-0.040160
-0.039512
-0.039832
-0.044136
-0.049384
-0.048482
-0.046994
-0.042988
-0.032890
-0.023414
-0.013040
0.000322
0.013268
0.030774
0.051840
0.071194
0.097214
0.123002
0.139032
0.153044
0.166474
0.176854
0.182608
0.187166
0.191258
0.188128
0.185054
0.182472
0.173466
0.162220
0.146396
0.128996
0.110456
0.089134
0.073934
0.057452
0.039452
0.027032
0.014200
0.000246
-0.014578
-0.028760
-0.040792
-0.049900
-0.062370
-0.073206
-0.077930
-0.089588
-0.097594
-0.100724
-0.104708
-0.098074
-0.082112
-0.062262
-0.036826
-0.001690
0.031568
0.056478
0.079620
0.095420
0.107110
0.120264
0.129110
0.136244
0.143204
0.148810
0.157498
0.167872
0.174866
0.177520
0.180880
0.180138
0.171556
0.162528
0.145418
0.115842
0.079762
0.037884
-0.008610
-0.055248
-0.094976
-0.129548
-0.154840
-0.167708
-0.173166
-0.171224
-0.167932
-0.157296
-0.138120
-0.122168
-0.103262
-0.080320
-0.054252
-0.021726
0.012714
0.052626
0.089250
0.113352
0.133838
0.145646
0.146462
0.142240
0.132808
0.121704
0.111816
0.103130
0.089592
0.073114
0.058450
0.041368
0.024314
0.012144
0.001444
-0.011408
-0.024594
-0.040570
-0.061850
-0.084662
-0.106938
-0.129464
-0.150302
-0.170546
-0.192036
-0.211948
-0.227556
-0.238430
-0.240372
-0.240976
-0.244072
-0.241488
-0.241820
-0.243796
-0.239630
-0.233274
-0.220428
-0.202018
-0.185868
-0.167918
-0.142860
-0.118994
-0.099688
-0.077476
-0.056834
-0.039734
-0.023582
-0.011796
-0.000764
0.015436
0.029986
0.045282
0.063356
0.077702
0.090884
0.098982
0.097144
0.089724
0.076400
0.053636
0.029456
0.006766
-0.018976
-0.041886
-0.054784
-0.063988
-0.074224
-0.081216
-0.086980
-0.095816
-0.106200
-0.115514
-0.121026
-0.124648
-0.130032
-0.132226
-0.131756
-0.134394
-0.138542
-0.136424
-0.128888
-0.124614
-0.119704
-0.111056
-0.101684
-0.089652
-0.071870
-0.048172
-0.023510
0.003904
0.034272
0.063364
0.088238
0.105372
0.117584
0.121764
0.119190
0.114266
0.106358
0.101084
0.099814
0.099394
0.099666
0.101798
0.102676
0.100202
0.097326
0.094276
0.086168
0.071944
0.054172
0.032024
0.009368
-0.018784
-0.049794
-0.073414
-0.094272
-0.107010
-0.112390
-0.114392
-0.109020
-0.101168
-0.095164
-0.093204
-0.090968
-0.084844
-0.078902
-0.074090
-0.064778
-0.049292
-0.037766
-0.029250
-0.021438
-0.017188
-0.012478
-0.005772
0.003720
0.016822
0.030258
0.042986
0.055180
0.063422
0.068608
0.069496
0.065256
0.058324
0.050934
0.041882
0.031862
0.025008
0.017282
0.006842
-0.003870
-0.016446
-0.032466
-0.047682
-0.061472
-0.074050
-0.080034
-0.081312
-0.079068
-0.069568
-0.055440
-0.041680
-0.030030
-0.019436
-0.011922
-0.008054
-0.006558
-0.008236
-0.011030
-0.014338
-0.015630
-0.014844
-0.014850
-0.012714
-0.007518
0.000004
0.009494
0.017590
0.025282
0.033120
0.038568
0.042906
0.043916
0.041100
0.032902
0.018664
0.004770
-0.010854
-0.028022
-0.044288
-0.060516
-0.075676
-0.091522
-0.106952
-0.122080
-0.136204
-0.145218
-0.154250
-0.158954
-0.157650
-0.156718
-0.151490
-0.144188
-0.136832
-0.129646
-0.121954
-0.113798
-0.107868
-0.103524
-0.099012
-0.093884
-0.090496
-0.087988
-0.080084
-0.069280
-0.061880
-0.052540
-0.042440
-0.034574
-0.023990
-0.012732
-0.003304
0.004198
0.011312
0.017740
0.020460
0.021344
0.021070
0.018348
0.012608
0.008708
0.007938
0.007512
0.010314
0.015140
0.019656
0.023506
0.021974
0.016626
0.010178
0.000756
-0.010450
-0.021538
-0.033152
-0.043190
-0.047256
-0.049226
-0.049502
-0.047840
-0.043828
-0.036588
-0.030166
-0.020272
-0.006526
0.007832
0.022356
0.036474
0.051682
0.062112
0.068956
0.077040
0.081324
0.085076
0.090778
0.093996
0.099128
0.105860
0.107548
0.111968
0.118054
0.119226
0.121292
0.121422
0.117550
0.111502
0.102582
0.096102
0.089308
0.076328
0.066012
0.059992
0.053726
0.048482
0.046472
0.044558
0.042390
0.045504
0.051060
0.056472
0.060254
0.065910
0.070170
0.068248
0.066174
0.061092
0.054892
0.048778
0.040494
0.033804
0.027446
0.024712
0.025838
0.026024
0.029298
0.037602
0.043746
0.048732
0.057618
0.063746
0.067698
0.073176
0.077586
0.080028
0.079806
0.078186
0.074466
0.067298
0.061060
0.054606
0.044034
0.036278
0.030752
0.024132
0.019938
0.015780
0.011342
0.008574
0.003880
-0.003134
-0.010432
-0.018320
-0.026914
-0.034078
-0.038734
-0.043638
-0.047558
-0.047612
-0.044750
-0.042680
-0.041106
-0.036756
-0.031394
-0.028812
-0.028780
-0.030208
-0.032420
-0.035630
-0.041784
-0.048804
-0.053566
-0.055934
-0.057176
-0.055238
-0.045688
-0.034018
-0.022064
-0.007338
0.006850
0.022850
0.037820
0.045224
0.049074
0.054484
0.057306
0.055662
0.055858
0.055444
0.051086
0.047848
0.043482
0.037274
0.032018
0.026438
0.021810
0.018956
0.018284
0.018584
0.019478
0.023336
0.028960
0.033596
0.038824
0.044810
0.048918
0.052682
0.056904
0.062662
0.067574
0.072858
0.081640
0.089062
0.095960
0.104398
0.113040
0.119014
0.123934
0.128414
0.131236
0.133988
0.134432
0.134470
0.133932
0.130682
0.126850
0.122220
0.114092
0.103252
0.087768
0.066670
0.045072
0.020904
-0.006120
-0.032394
-0.056248
-0.078682
-0.097862
-0.110306
-0.120092
-0.125324
-0.123486
-0.120012
-0.113474
-0.103276
-0.093404
-0.083446
-0.073760
-0.063234
-0.056150
-0.053190
-0.050054
-0.051436
-0.053296
-0.053574
-0.054398
-0.052190
-0.053064
-0.056554
-0.057712
-0.059922
-0.063726
-0.067466
-0.069990
-0.069186
-0.065246
-0.059140
-0.047478
-0.034910
-0.022768
-0.009150
0.002760
0.016728
0.033074
0.049318
0.065910
0.079006
0.086970
0.095198
0.100348
0.097482
0.090916
0.079968
0.063766
0.048152
0.031602
0.011572
-0.005590
-0.023062
-0.042438
-0.058624
-0.073968
-0.087458
-0.098772
-0.106816
-0.111972
-0.117644
-0.119778
-0.118432
-0.116580
-0.112026
-0.106018
-0.099588
-0.089784
-0.075420
-0.059204
-0.042334
-0.021116
0.003118
0.025486
0.045406
0.064316
0.080208
0.091370
0.101360
0.109014
0.114084
0.118814
0.122502
0.125722
0.125766
0.122970
0.117848
0.110902
0.101548
0.090368
0.079026
0.065932
0.052318
0.038268
0.024982
0.010746
-0.003376
-0.014754
-0.023280
-0.030276
-0.039698
-0.049836
-0.059484
-0.068160
-0.075482
-0.081660
-0.084136
-0.083722
-0.079966
-0.071204
-0.061136
-0.049582
-0.038210
-0.029608
-0.020442
-0.013840
-0.009920
-0.005210
-0.000598
0.002874
0.005132
0.007424
0.007124
0.004050
-0.000236
-0.008430
-0.016506
-0.024626
-0.037656
-0.051606
-0.064890
-0.079724
-0.094784
-0.107332
-0.115236
-0.118424
-0.121164
-0.123686
-0.124904
-0.127222
-0.130370
-0.134044
-0.137254
-0.138806
-0.140472
-0.140714
-0.138222
-0.135366
-0.131224
-0.127696
-0.125106
-0.122168
-0.121118
-0.118496
-0.114020
-0.110250
-0.102884
-0.091552
-0.079678
-0.066006
-0.051462
-0.037694
-0.023216
-0.009172
0.003140
0.012768
0.018888
0.023782
0.028014
0.031794
0.035670
0.039802
0.043808
0.046832
0.049052
0.049482
0.048184
0.045694
0.041226
0.035654
0.031666
0.028226
0.025144
0.022712
0.020320
0.018762
0.016308
0.012864
0.008960
0.005378
0.002984
0.000740
-0.000036
0.001530
0.004482
0.009502
0.015976
0.023696
0.032900
0.041630
0.047678
0.049124
0.046898
0.040848
0.031478
0.022332
0.011942
0.001068
-0.006306
-0.011710
-0.016348
-0.018736
-0.021294
-0.026620
-0.033260
-0.042400
-0.053710
-0.062130
-0.067134
-0.072338
-0.075818
-0.077280
-0.079206
-0.080302
-0.081262
-0.081800
-0.082908
-0.083626
-0.082194
-0.081382
-0.081240
-0.080898
-0.080702
-0.080944
-0.081836
-0.083310
-0.082002
-0.078762
-0.076038
-0.070484
-0.062512
-0.053658
-0.042302
-0.027414
-0.010354
0.006006
0.023218
0.041478
0.056052
0.067682
0.076182
0.079814
0.080296
0.077150
0.068232
0.057390
0.047884
0.036296
0.023638
0.011600
-0.001620
-0.015224
-0.028012
-0.040882
-0.052216
-0.061126
-0.068788
-0.072974
-0.074246
-0.073836
-0.069584
-0.062742
-0.054600
-0.044396
-0.032956
-0.022008
-0.011136
-0.002140
0.003874
0.008752
0.009814
0.007720
0.004106
-0.002526
-0.011358
-0.019930
-0.028058
-0.037298
-0.046078
-0.053200
-0.057954
-0.061346
-0.063988
-0.064058
-0.063176
-0.063616
-0.064206
-0.064118
-0.064568
-0.065428
-0.066478
-0.068234
-0.069856
-0.071524
-0.073126
-0.073716
-0.074830
-0.076568
-0.078626
-0.079922
-0.080470
-0.081918
-0.081638
-0.082374
-0.085878
-0.088124
-0.090014
-0.090294
-0.088720
-0.086878
-0.082836
-0.077460
-0.071260
-0.064174
-0.059002
-0.054102
-0.048426
-0.044390
-0.040184
-0.036018
-0.033236
-0.031604
-0.031196
-0.031212
-0.031864
-0.031770
-0.029602
-0.027660
-0.024732
-0.019844
-0.015442
-0.010938
-0.005382
0.000460
0.005868
0.011676
0.017858
0.023292
0.028038
0.031906
0.035486
0.038798
0.040932
0.044426
0.048154
0.049600
0.050628
0.051008
0.050942
0.051046
0.049762
0.048644
0.048110
0.045978
0.044578
0.044478
0.044232
0.044112
0.043880
0.044024
0.043648
0.044072
0.046790
0.048082
0.049124
0.052272
0.055516
0.058058
0.059628
0.061938
0.065740
0.069864
0.074160
0.079962
0.087010
0.092756
0.097280
0.099998
0.100846
0.101758
0.101714
0.102520
0.103574
0.102226
0.100896
0.099194
0.096682
0.092114
0.087746
0.085216
0.080632
0.076598
0.073216
0.069588
0.066948
0.063048
0.058974
0.054768
0.049666
0.046068
0.042202
0.036646
0.033630
0.033462
0.033330
0.033940
0.035992
0.037232
0.038278
0.040430
0.042050
0.042526
0.043282
0.043822
0.041910
0.039726
0.036984
0.033838
0.030370
0.025564
0.023288
0.022974
0.024542
0.029064
0.034914
0.042126
0.048638
0.052816
0.054590
0.055136
0.053736
0.050014
0.047452
0.044824
0.041452
0.039356
0.039010
0.038726
0.038694
0.041116
0.043730
0.046428
0.049830
0.052428
0.055278
0.059306
0.062782
0.064748
0.066638
0.068120
0.069044
0.070450
0.071774
0.074032
0.078420
0.083012
0.087106
0.091472
0.095678
0.099286
0.100654
0.101034
0.100366
0.096822
0.094726
0.093190
0.090076
0.087378
0.085558
0.084138
0.081896
0.080184
0.079756
0.078600
0.075468
0.071752
0.067608
0.062488
0.057980
0.055636
0.053470
0.049576
0.045958
0.043234
0.040632
0.038340
0.038642
0.040660
0.042496
0.045696
0.049248
0.052808
0.055562
0.056788
0.058610
0.058886
0.058374
0.059680
0.059682
0.058228
0.058360
0.059474
0.060880
0.064220
0.068036
0.069570
0.071194
0.075054
0.076984
0.076868
0.077700
0.077016
0.073272
0.068194
0.061554
0.052712
0.043026
0.033582
0.024812
0.016382
0.008658
0.003130
-0.000004
-0.002270
-0.003614
-0.003034
-0.000546
0.002906
0.005294
0.007954
0.011416
0.013692
0.017608
0.022498
0.024384
0.026832
0.030796
0.034252
0.037590
0.038908
0.039596
0.038420
0.036884
0.036102
0.032362
0.029826
0.027248
0.025160
0.024828
0.022556
0.021420
0.021322
0.021166
0.021028
0.019972
0.020176
0.019648
0.017720
0.016412
0.012934
0.007690
0.002868
-0.002574
-0.008860
-0.015284
-0.021818
-0.027774
-0.031982
-0.035624
-0.037244
-0.035750
-0.033776
-0.029830
-0.024272
-0.019256
-0.014124
-0.008978
-0.004144
-0.001624
0.000468
0.003690
0.003112
0.001790
0.001242
-0.003356
-0.008132
-0.011682
-0.014818
-0.016512
-0.018732
-0.019530
-0.017404
-0.014162
-0.009746
-0.004118
0.001536
0.008118
0.015142
0.021424
0.026778
0.029478
0.030924
0.031434
0.030250
0.027222
0.023218
0.020456
0.016314
0.011820
0.006500
0.000086
-0.006018
-0.013208
-0.019490
-0.026120
-0.032092
-0.037216
-0.042270
-0.047776
-0.055694
-0.061820
-0.065334
-0.069470
-0.073094
-0.073496
-0.072584
-0.071458
-0.068644
-0.066620
-0.065518
-0.064578
-0.064012
-0.062732
-0.061128
-0.058148
-0.055288
-0.053220
-0.048418
-0.043720
-0.040100
-0.034192
-0.028902
-0.024458
-0.017992
-0.011620
-0.006516
-0.001286
0.002980
0.005414
0.005508
0.004912
0.005802
0.005434
0.004206
0.004416
0.003808
0.002196
0.001672
-0.000082
-0.002582
-0.004276
-0.005758
-0.004510
-0.003058
-0.002912
0.000432
0.005702
0.009996
0.013998
0.018890
0.024004
0.028428
0.031170
0.032500
0.033276
0.031784
0.029586
0.026320
0.021522
0.018546
0.015966
0.013902
0.012944
0.010348
0.006780
0.004100
0.001134
-0.002504
-0.003612
-0.002938
-0.001798
-0.000326
0.001556
0.003520
0.001956
-0.000718
-0.003242
-0.007326
-0.009740
-0.010370
-0.010180
-0.008398
-0.004762
0.000070
0.001696
0.001980
0.003250
0.001526
-0.000070
0.000132
0.000826
0.002346
0.004992
0.007500
0.007392
0.007916
0.007556
0.005244
0.003700
0.000892
-0.002958
-0.006232
-0.008268
-0.009300
-0.009462
-0.009392
-0.008686
-0.008404
-0.010630
-0.012014
-0.011146
-0.009704
-0.006858
-0.001718
0.004398
0.010350
0.016182
0.021208
0.023640
0.025048
0.024830
0.021178
0.017068
0.011098
0.004162
0.000034
-0.003238
-0.005274
-0.005172
-0.003188
0.001404
0.007054
0.012796
0.019292
0.025468
0.030224
0.034092
0.036530
0.038096
0.037932
0.035922
0.034890
0.033758
0.030580
0.026616
0.022714
0.019286
0.016532
0.012930
0.009828
0.006658
0.002012
-0.001924
-0.006260
-0.010114
-0.013382
-0.018026
-0.020570
-0.021006
-0.021732
-0.019902
-0.015632
-0.012312
-0.009954
-0.008812
-0.009288
-0.011044
-0.013164
-0.014326
-0.015088
-0.015298
-0.012728
-0.008084
-0.002238
0.006016
0.014876
0.022642
0.030434
0.038208
0.044552
0.051474
0.059500
0.065266
0.068482
0.070506
0.070610
0.068564
0.064144
0.059092
0.054958
0.050840
0.046904
0.043784
0.042758
0.041806
0.042446
0.046394
0.050378
0.055320
0.058984
0.058942
0.058080
0.055562
0.051684
0.048014
0.043724
0.039960
0.037264
0.035272
0.032680
0.030198
0.029052
0.026104
0.022514
0.019942
0.018058
0.018160
0.018590
0.019284
0.020356
0.020330
0.020952
0.023120
0.025378
0.028222
0.031376
0.033192
0.033664
0.033484
0.031982
0.027738
0.023456
0.019920
0.014314
0.009024
0.005558
0.001396
-0.002846
-0.005846
-0.008004
-0.009454
-0.010964
-0.012634
-0.012658
-0.012254
-0.013420
-0.014204
-0.015044
-0.017032
-0.019660
-0.021814
-0.024250
-0.027362
-0.030190
-0.034720
-0.040796
-0.045756
-0.050266
-0.054446
-0.055696
-0.056220
-0.055874
-0.053452
-0.051254
-0.048624
-0.046282
-0.044538
-0.044314
-0.045976
-0.046850
-0.048676
-0.051878
-0.054832
-0.058034
-0.060722
-0.062850
-0.065042
-0.066148
-0.066898
-0.066220
-0.064144
-0.062596
-0.060314
-0.059042
-0.057776
-0.056046
-0.056540
-0.057332
-0.056442
-0.056196
-0.057422
-0.059060
-0.060848
-0.062056
-0.063578
-0.064836
-0.064926
-0.065134
-0.065496
-0.065798
-0.066670
-0.067666
-0.069656
-0.072434
-0.074778
-0.077364
-0.078940
-0.078126
-0.077048
-0.075732
-0.072088
-0.067470
-0.063028
-0.057326
-0.051610
-0.046924
-0.040520
-0.034492
-0.029144
-0.021640
-0.014156
-0.006390
0.000734
0.006116
0.011952
0.017342
0.021722
0.025342
0.029112
0.032402
0.035750
0.038658
0.040046
0.042808
0.045670
0.047544
0.048914
0.051434
0.054714
0.057392
0.060310
0.062646
0.064672
0.066132
0.065686
0.063838
0.061800
0.058888
0.055246
0.051758
0.048582
0.045402
0.041052
0.037450
0.034834
0.031568
0.028996
0.026572
0.023592
0.020062
0.016502
0.012832
0.008840
0.004916
0.001116
-0.002884
-0.006014
-0.008170
-0.010666
-0.013122
-0.017354
-0.021096
-0.023212
-0.026068
-0.029124
-0.032780
-0.036024
-0.038456
-0.041496
-0.044934
-0.048238
-0.050146
-0.053042
-0.057540
-0.059818
-0.061056
-0.061692
-0.061322
-0.061224
-0.059502
-0.057638
-0.057298
-0.055512
-0.054756
-0.056046
-0.056726
-0.058264
-0.061434
-0.064034
-0.066160
-0.067690
-0.069182
-0.070956
-0.070588
-0.070110
-0.069618
-0.068106
-0.066762
-0.065650
-0.064984
-0.063668
-0.061682
-0.060356
-0.058780
-0.056366
-0.054046
-0.050982
-0.045970
-0.040810
-0.036162
-0.031698
-0.029642
-0.028996
-0.028970
-0.029604
-0.029768
-0.030180
-0.028956
-0.026048
-0.024172
-0.023042
-0.022346
-0.021636
-0.020880
-0.018940
-0.013346
-0.007018
-0.000564
0.006142
0.011444
0.016180
0.019286
0.021472
0.023328
0.024176
0.024724
0.026108
0.028188
0.029514
0.031644
0.034566
0.037054
0.039054
0.038712
0.037392
0.035426
0.031692
0.027682
0.024040
0.020398
0.017228
0.015392
0.015106
0.016304
0.017632
0.018940
0.020654
0.022788
0.023994
0.024472
0.026250
0.027596
0.027134
0.027238
0.028584
0.029392
0.029836
0.029528
0.027638
0.023868
0.019576
0.016288
0.012526
0.009540
0.007756
0.006190
0.007572
0.010552
0.013808
0.018616
0.023952
0.029154
0.034440
0.039984
0.044348
0.046546
0.046834
0.046010
0.043988
0.040432
0.036746
0.033446
0.029948
0.025596
0.020960
0.017064
0.013398
0.009388
0.006220
0.003412
0.000450
-0.000910
-0.001332
-0.001124
0.001256
0.005380
0.009376
0.012860
0.014842
0.015290
0.014476
0.011350
0.007874
0.004290
0.001298
0.000538
0.000764
0.001840
0.003608
0.004984
0.005228
0.004344
0.001942
-0.001570
-0.004648
-0.008256
-0.011906
-0.013090
-0.013956
-0.014034
-0.012456
-0.012572
-0.013388
-0.015570
-0.019926
-0.024682
-0.029530
-0.033952
-0.036626
-0.037104
-0.036860
-0.034930
-0.031966
-0.029640
-0.025978
-0.021870
-0.018664
-0.015186
-0.011888
-0.008578
-0.004730
-0.001250
0.001898
0.004692
0.005996
0.004828
0.002004
-0.001656
-0.006602
-0.011444
-0.014554
-0.016338
-0.016534
-0.014254
-0.012098
-0.011064
-0.009908
-0.010034
-0.011118
-0.011826
-0.012586
-0.013456
-0.014020
-0.013330
-0.011254
-0.009152
-0.006700
-0.004480
-0.002254
0.001348
0.006148
0.011898
0.017506
0.022960
0.028378
0.032164
0.034670
0.036148
0.036788
0.038234
0.038584
0.037610
0.037010
0.035968
0.033524
0.030096
0.027072
0.025070
0.024110
0.023530
0.023660
0.024628
0.025774
0.028234
0.031088
0.032488
0.033234
0.032668
0.030362
0.028320
0.026702
0.024944
0.024064
0.023902
0.023578
0.023752
0.025812
0.028226
0.029858
0.032806
0.036084
0.037920
0.039066
0.040230
0.041726
0.042306
0.039700
0.035706
0.032312
0.028588
0.024240
0.018696
0.013530
0.010168
0.008110
0.007112
0.006492
0.006162
0.004894
0.002636
0.000620
-0.002024
-0.004934
-0.007450
-0.009954
-0.010484
-0.007576
-0.004638
-0.004014
-0.003614
-0.002900
-0.003902
-0.006660
-0.008820
-0.009986
-0.010436
-0.010434
-0.010686
-0.009594
-0.006572
-0.001950
0.003248
0.009182
0.015956
0.020802
0.023276
0.023956
0.023820
0.023604
0.022408
0.020268
0.018310
0.017982
0.018776
0.019676
0.020290
0.019268
0.017600
0.015746
0.013112
0.011368
0.010626
0.009092
0.006862
0.004696
0.002874
0.000802
-0.001624
-0.003212
-0.004484
-0.005808
-0.006550
-0.006650
-0.006134
-0.005522
-0.005098
-0.004628
-0.005720
-0.008032
-0.010068
-0.012458
-0.014288
-0.015274
-0.015796
-0.014654
-0.012778
-0.010392
-0.007082
-0.004292
-0.001168
0.002434
0.004670
0.005044
0.004722
0.003954
0.002864
0.001392
-0.001444
-0.004966
-0.008864
-0.012592
-0.016282
-0.019278
-0.020144
-0.019768
-0.018246
-0.016348
-0.014514
-0.012594
-0.012110
-0.012466
-0.013278
-0.015010
-0.016308
-0.017794
-0.019396
-0.020312
-0.020264
-0.019082
-0.018820
-0.019610
-0.020246
-0.021152
-0.021496
-0.020790
-0.019476
-0.017704
-0.016692
-0.016576
-0.016874
-0.017080
-0.015674
-0.012434
-0.008118
-0.002456
0.003768
0.009980
0.016320
0.021540
0.025042
0.026816
0.027258
0.028742
0.031662
0.033716
0.035086
0.036162
0.036176
0.036444
0.036612
0.035712
0.034392
0.032942
0.031412
0.028762
0.025298
0.022598
0.020240
0.018034
0.017168
0.017478
0.017720
0.017040
0.015510
0.013016
0.009880
0.007544
0.005008
0.000818
-0.004208
-0.010436
-0.018164
-0.027050
-0.035462
-0.041500
-0.046794
-0.051490
-0.054494
-0.056732
-0.058868
-0.060448
-0.061034
-0.061436
-0.060806
-0.059302
-0.058182
-0.056322
-0.054380
-0.053050
-0.051184
-0.049012
-0.046100
-0.041148
-0.035288
-0.029024
-0.021992
-0.014458
-0.007136
-0.001240
0.003664
0.008848
0.014320
0.020308
0.026884
0.032828
0.037738
0.041072
0.041812
0.040418
0.039110
0.038560
0.038886
0.040460
0.042118
0.043988
0.045248
0.044368
0.041120
0.036926
0.032496
0.027912
0.023478
0.018148
0.013728
0.010250
0.007516
0.006448
0.005466
0.005178
0.005636
0.006310
0.007690
0.008780
0.009292
0.009584
0.009012
0.009628
0.011390
0.011230
0.011220
0.012358
0.011834
0.009280
0.007140
0.005770
0.004528
0.004282
0.005996
0.007434
0.008220
0.010056
0.009932
0.008582
0.007042
0.003184
-0.003312
-0.010188
-0.017202
-0.024800
-0.031652
-0.038346
-0.043982
-0.048844
-0.053042
-0.055134
-0.054740
-0.053220
-0.050852
-0.047050
-0.043200
-0.037988
-0.032772
-0.029796
-0.027984
-0.028246
-0.031542
-0.035892
-0.040940
-0.047418
-0.051966
-0.054236
-0.055696
-0.055862
-0.055944
-0.055484
-0.053524
-0.051306
-0.049156
-0.045884
-0.041276
-0.036926
-0.033478
-0.030584
-0.028080
-0.027118
-0.026778
-0.024918
-0.022096
-0.018942
-0.016152
-0.013280
-0.011758
-0.011504
-0.009484
-0.007582
-0.006532
-0.004292
-0.001106
0.002132
0.004400
0.006494
0.007774
0.006230
0.004656
0.004062
0.002926
0.001454
-0.000152
-0.001302
-0.003898
-0.008302
-0.012996
-0.018428
-0.025066
-0.032332
-0.038298
-0.043774
-0.048440
-0.051038
-0.052268
-0.051402
-0.049602
-0.047522
-0.044156
-0.040636
-0.038452
-0.037980
-0.039174
-0.042928
-0.048598
-0.054296
-0.059672
-0.063820
-0.065256
-0.064078
-0.061296
-0.056750
-0.051626
-0.047820
-0.044924
-0.043908
-0.044272
-0.043926
-0.043128
-0.042360
-0.042148
-0.042048
-0.043156
-0.044998
-0.043834
-0.041790
-0.040962
-0.037648
-0.032782
-0.028998
-0.025644
-0.022908
-0.020864
-0.019742
-0.019590
-0.020254
-0.021472
-0.021926
-0.020986
-0.020156
-0.019352
-0.018568
-0.018244
-0.017516
-0.018132
-0.018554
-0.016392
-0.013590
-0.010504
-0.006620
-0.002852
0.000500
0.003982
0.006200
0.007236
0.008636
0.009078
0.009494
0.011396
0.012944
0.014730
0.016360
0.016468
0.016526
0.015808
0.013556
0.011182
0.009710
0.007744
0.005348
0.003538
-0.000498
-0.005392
-0.008054
-0.010688
-0.013192
-0.014890
-0.016792
-0.018164
-0.019388
-0.019650
-0.018706
-0.016602
-0.014308
-0.013526
-0.012072
-0.011524
-0.012746
-0.013676
-0.014858
-0.016342
-0.017590
-0.018266
-0.018340
-0.016960
-0.014832
-0.012814
-0.010210
-0.008120
-0.006428
-0.005318
-0.005654
-0.005914
-0.005998
-0.007052
-0.007102
-0.005812
-0.004852
-0.002792
-0.001378
-0.001036
-0.000388
-0.000834
-0.000654
-0.000744
0.000024
0.003198
0.006280
0.009964
0.013046
0.015816
0.016670
0.015054
0.013946
0.012222
0.011678
0.012960
0.014308
0.016568
0.019990
0.024460
0.029472
0.033936
0.036496
0.036948
0.036600
0.034474
0.030760
0.028138
0.026784
0.024896
0.023564
0.022600
0.019736
0.016180
0.012722
0.008802
0.004618
0.001284
-0.002146
-0.005456
-0.007624
-0.010382
-0.012778
-0.014610
-0.016646
-0.017306
-0.017282
-0.017768
-0.017706
-0.018822
-0.022420
-0.026440
-0.031384
-0.036702
-0.040304
-0.042710
-0.045088
-0.046752
-0.046342
-0.045362
-0.043994
-0.041426
-0.037494
-0.034666
-0.033712
-0.032476
-0.032950
-0.033816
-0.033430
-0.033956
-0.034770
-0.034214
-0.033810
-0.033934
-0.033628
-0.033040
-0.032726
-0.032888
-0.031738
-0.029970
-0.029784
-0.029872
-0.029508
-0.029546
-0.030366
-0.031630
-0.033000
-0.035200
-0.038128
-0.042114
-0.046776
-0.050648
-0.053676
-0.054524
-0.053644
-0.052152
-0.049268
-0.045078
-0.038736
-0.032478
-0.027500
-0.021802
-0.017904
-0.016892
-0.016670
-0.017118
-0.017498
-0.017256
-0.016258
-0.014156
-0.012450
-0.011466
-0.009710
-0.007446
-0.005646
-0.002414
0.002712
0.008518
0.015504
0.022150
0.028164
0.032816
0.034000
0.032698
0.028992
0.024474
0.019694
0.014258
0.010506
0.008346
0.008024
0.009642
0.011340
0.012696
0.013622
0.014348
0.014646
0.013808
0.013314
0.013450
0.013014
0.011884
0.010910
0.010914
0.011358
0.011908
0.013420
0.016178
0.019214
0.022266
0.024888
0.027280
0.029252
0.029826
0.029162
0.027872
0.025296
0.021552
0.018790
0.016372
0.015296
0.016126
0.017810
0.021426
0.025474
0.029034
0.032780
0.035216
0.035792
0.035390
0.033426
0.030890
0.027922
0.023390
0.019906
0.017486
0.015356
0.015430
0.016084
0.016676
0.018800
0.021420
0.023980
0.027182
0.029926
0.031588
0.033302
0.033336
0.030704
0.027748
0.025364
0.023102
0.020362
0.018786
0.018566
0.018466
0.019096
0.019490
0.018822
0.017356
0.015412
0.012470
0.009146
0.006408
0.004194
0.003402
0.003418
0.005118
0.008178
0.009830
0.011206
0.013186
0.014678
0.015284
0.016086
0.016224
0.015174
0.014144
0.012250
0.010790
0.009616
0.008918
0.011248
0.014558
0.019046
0.025574
0.031286
0.036360
0.041114
0.044414
0.046944
0.047690
0.046156
0.043648
0.040738
0.037234
0.032732
0.029426
0.026882
0.023018
0.018212
0.012970
0.007836
0.001966
-0.004516
-0.010718
-0.017822
-0.024494
-0.029594
-0.032814
-0.033482
-0.032876
-0.030476
-0.027202
-0.023412
-0.018534
-0.014710
-0.011318
-0.008074
-0.007070
-0.006838
-0.006344
-0.007270
-0.008290
-0.009290
-0.011318
-0.013314
-0.015138
-0.016648
-0.016592
-0.014754
-0.013624
-0.012510
-0.009438
-0.006624
-0.004196
-0.000340
0.004080
0.008922
0.014430
0.019920
0.023936
0.026630
0.029466
0.030934
0.029738
0.027092
0.023596
0.018794
0.014254
0.011280
0.009956
0.010178
0.011664
0.013868
0.016184
0.018820
0.020938
0.022374
0.022908
0.022092
0.020986
0.019918
0.017748
0.013918
0.011428
0.009800
0.007728
0.006696
0.005626
0.006342
0.009628
0.013878
0.018602
0.022830
0.026554
0.029874
0.032038
0.032272
0.032374
0.033044
0.033384
0.034244
0.035748
0.037484
0.039636
0.041764
0.043630
0.045892
0.047186
0.048318
0.050390
0.051618
0.052432
0.053110
0.052812
0.051760
0.050166
0.047922
0.046174
0.044554
0.042924
0.042158
0.041486
0.040492
0.039678
0.040264
0.039574
0.035644
0.032640
0.029040
0.024402
0.021952
0.019292
0.017682
0.018170
0.018418
0.019990
0.022288
0.023228
0.024388
0.025442
0.025810
0.026158
0.026930
0.027874
0.028190
0.027318
0.025214
0.023086
0.020072
0.015654
0.009922
0.003102
-0.001928
-0.005688
-0.010296
-0.013172
-0.013978
-0.015122
-0.015534
-0.014936
-0.014234
-0.012448
-0.010448
-0.008470
-0.005850
-0.003826
-0.001056
0.002240
0.003554
0.003364
0.002300
-0.000826
-0.005974
-0.011108
-0.015654
-0.020270
-0.023620
-0.023970
-0.021908
-0.018718
-0.016240
-0.014830
-0.012854
-0.011768
-0.011222
-0.009510
-0.008624
-0.008082
-0.007794
-0.008626
-0.009714
-0.012598
-0.016150
-0.019306
-0.023312
-0.026254
-0.027304
-0.027102
-0.025896
-0.024050
-0.021702
-0.019792
-0.018438
-0.015812
-0.012172
-0.009318
-0.006686
-0.003946
-0.001942
0.000086
0.002972
0.005416
0.006344
0.006920
0.006706
0.004942
0.002818
0.001752
0.002062
0.002030
0.002388
0.004850
0.006884
0.006402
0.005274
0.004034
0.001538
-0.001308
-0.003260
-0.004172
-0.005100
-0.005284
-0.002922
0.000646
0.004742
0.009834
0.014490
0.018634
0.022624
0.026542
0.031524
0.035828
0.039086
0.041916
0.042734
0.042194
0.041640
0.040412
0.038586
0.036772
0.035528
0.036126
0.037580
0.038710
0.039770
0.040724
0.040326
0.038726
0.036324
0.032574
0.029272
0.026648
0.024390
0.023282
0.021850
0.020096
0.019148
0.017288
0.014848
0.012530
0.009544
0.008008
0.007584
0.007746
0.009418
0.012368
0.016280
0.019288
0.021046
0.022468
0.024056
0.024804
0.024508
0.025336
0.027074
0.027790
0.028096
0.028518
0.027986
0.027558
0.027470
0.027258
0.028790
0.031320
0.032666
0.032706
0.031902
0.030322
0.028416
0.026758
0.023872
0.019166
0.013914
0.008462
0.003302
-0.000402
-0.002402
-0.004036
-0.005398
-0.006060
-0.006998
-0.007098
-0.006646
-0.006624
-0.007180
-0.008202
-0.008640
-0.009272
-0.010060
-0.010724
-0.012030
-0.014104
-0.015874
-0.017816
-0.019972
-0.020924
-0.021910
-0.023140
-0.023432
-0.023014
-0.021724
-0.019842
-0.018194
-0.016400
-0.014802
-0.013702
-0.012306
-0.010424
-0.009186
-0.008392
-0.006920
-0.006480
-0.006936
-0.006600
-0.006204
-0.005914
-0.006130
-0.006722
-0.007580
-0.008652
-0.008848
-0.008610
-0.008108
-0.007490
-0.007320
-0.007600
-0.008878
-0.011584
-0.014442
-0.017378
-0.021554
-0.024962
-0.026500
-0.028256
-0.030564
-0.032296
-0.034598
-0.037904
-0.040398
-0.041746
-0.043080
-0.044708
-0.046380
-0.046932
-0.045736
-0.044572
-0.042990
-0.040770
-0.038870
-0.037466
-0.036642
-0.035284
-0.033180
-0.031174
-0.029712
-0.027822
-0.025000
-0.022956
-0.021916
-0.020294
-0.017920
-0.016720
-0.017090
-0.018040
-0.020376
-0.024096
-0.028378
-0.032462
-0.035682
-0.038168
-0.039772
-0.040434
-0.040728
-0.040200
-0.038052
-0.034444
-0.030042
-0.024768
-0.018120
-0.011890
-0.006998
-0.002604
0.000496
0.002282
0.003850
0.004422
0.004686
0.006488
0.009270
0.012196
0.015546
0.019618
0.023360
0.026604
0.029836
0.031472
0.030628
0.028786
0.025498
0.019480
0.012146
0.005156
-0.001156
-0.007132
-0.012272
-0.016024
-0.018448
-0.018822
-0.017420
-0.015826
-0.013926
-0.011872
-0.010536
-0.009906
-0.010196
-0.010634
-0.011482
-0.012952
-0.014398
-0.016058
-0.017768
-0.019464
-0.020030
-0.019624
-0.019300
-0.018216
-0.016458
-0.014566
-0.012786
-0.010992
-0.008362
-0.005432
-0.002702
-0.000138
0.000898
0.001104
0.001408
0.001052
0.000868
0.000280
-0.000288
-0.000228
-0.000978
-0.002394
-0.004016
-0.006124
-0.009154
-0.012798
-0.016852
-0.020920
-0.024002
-0.026184
-0.026848
-0.025876
-0.023110
-0.018770
-0.014848
-0.010964
-0.006710
-0.003102
-0.000200
0.001462
0.001578
0.001758
0.001720
0.001084
0.000436
-0.000040
0.000936
0.002368
0.003296
0.004398
0.005780
0.007462
0.008910
0.009422
0.008542
0.007128
0.005184
0.001822
-0.001942
-0.006134
-0.010894
-0.015204
-0.019358
-0.023420
-0.026930
-0.029922
-0.031714
-0.032670
-0.033238
-0.033132
-0.032788
-0.031272
-0.029464
-0.028492
-0.026408
-0.023680
-0.021158
-0.017428
-0.012636
-0.008182
-0.004732
-0.002398
-0.000936
-0.000012
0.000956
0.002266
0.003734
0.005540
0.006702
0.007020
0.006378
0.004862
0.004304
0.003478
0.002346
0.002038
0.000864
-0.000898
-0.002692
-0.004714
-0.006820
-0.009140
-0.011230
-0.013424
-0.015432
-0.016662
-0.018572
-0.020570
-0.021250
-0.021072
-0.019090
-0.016274
-0.014030
-0.011344
-0.008748
-0.006028
-0.003256
-0.001628
0.000318
0.002628
0.004698
0.007614
0.009998
0.011984
0.014300
0.015614
0.015916
0.015698
0.015394
0.015072
0.015318
0.015910
0.016598
0.018220
0.019276
0.019348
0.020012
0.019924
0.018778
0.018442
0.018690
0.018770
0.018548
0.018156
0.018286
0.019164
0.020032
0.021000
0.022934
0.025356
0.026708
0.028114
0.030702
0.032550
0.033838
0.035624
0.037398
0.038976
0.040476
0.042162
0.043360
0.042958
0.041870
0.039868
0.036520
0.033788
0.031408
0.028728
0.027066
0.026362
0.025954
0.025690
0.025924
0.026926
0.027824
0.028644
0.029802
0.030508
0.031852
0.033290
0.033660
0.035452
0.037652
0.038920
0.040580
0.043190
0.045580
0.046782
0.047308
0.047534
0.048334
0.048602
0.047634
0.047038
0.046502
0.045290
0.043850
0.041928
0.040126
0.038550
0.036088
0.033634
0.032374
0.030798
0.028660
0.027962
0.027388
0.026358
0.026258
0.026696
0.027534
0.027936
0.027858
0.027692
0.026822
0.026502
0.026624
0.025898
0.024436
0.023112
0.022436
0.021628
0.020718
0.019654
0.018650
0.018030
0.017390
0.018074
0.019384
0.020326
0.022692
0.025848
0.028856
0.031508
0.032742
0.032596
0.032212
0.031078
0.028990
0.027422
0.025418
0.023470
0.021994
0.019518
0.017572
0.015720
0.013512
0.012266
0.011250
0.010182
0.008600
0.007328
0.007522
0.007864
0.008264
0.009794
0.011182
0.012236
0.013174
0.013362
0.014390
0.015716
0.016150
0.017158
0.018768
0.019948
0.021424
0.022448
0.022456
0.022226
0.021230
0.019472
0.017060
0.014694
0.013448
0.011780
0.010174
0.010500
0.010240
0.010104
0.010674
0.009214
0.007058
0.005290
0.003476
0.001224
-0.000634
-0.001756
-0.004092
-0.006594
-0.007810
-0.009618
-0.012530
-0.014512
-0.016064
-0.017570
-0.017682
-0.017648
-0.016624
-0.014156
-0.011760
-0.008778
-0.005946
-0.003102
0.000022
0.002022
0.003180
0.004654
0.005648
0.006178
0.007790
0.008628
0.008444
0.008738
0.008568
0.008142
0.007664
0.006942
0.005806
0.004566
0.004064
0.004088
0.004186
0.004312
0.004982
0.005802
0.006232
0.007348
0.008642
0.009172
0.010484
0.011884
0.012956
0.013978
0.014226
0.014238
0.013926
0.013506
0.014042
0.014842
0.015838
0.016844
0.017638
0.018610
0.017940
0.017204
0.017054
0.015388
0.012846
0.010150
0.007068
0.003654
0.000692
-0.001298
-0.002486
-0.002356
-0.000576
0.001382
0.003392
0.004558
0.004088
0.002966
0.000882
-0.001108
-0.002328
-0.002746
-0.002780
-0.003324
-0.003908
-0.004918
-0.007336
-0.010248
-0.012326
-0.013426
-0.013540
-0.012702
-0.011810
-0.011218
-0.010498
-0.010490
-0.010720
-0.010880
-0.011574
-0.011610
-0.010474
-0.009632
-0.009218
-0.008044
-0.007490
-0.007844
-0.007846
-0.008020
-0.008664
-0.009226
-0.009004
-0.008296
-0.007644
-0.005974
-0.003200
-0.000400
0.001972
0.002910
0.003396
0.004150
0.004450
0.004780
0.004980
0.004550
0.003800
0.003006
0.002054
0.001180
0.000202
-0.001098
-0.003268
-0.005498
-0.007184
-0.009580
-0.011658
-0.012032
-0.011414
-0.011026
-0.010282
-0.008876
-0.008404
-0.007962
-0.005832
-0.003530
-0.002320
-0.002250
-0.003348
-0.004318
-0.004514
-0.004384
-0.004418
-0.005324
-0.006544
-0.007236
-0.007496
-0.007034
-0.005888
-0.004696
-0.003536
-0.002480
-0.001316
-0.000228
-0.000246
-0.001602
-0.002894
-0.004316
-0.006290
-0.007680
-0.009298
-0.011056
-0.012544
-0.013674
-0.014190
-0.015170
-0.016728
-0.018298
-0.019122
-0.019012
-0.018464
-0.016592
-0.013366
-0.010158
-0.007070
-0.003678
-0.001530
-0.000664
0.000666
0.001484
0.001128
0.000192
-0.001332
-0.003506
-0.005174
-0.006568
-0.008846
-0.011104
-0.012464
-0.013120
-0.013144
-0.012398
-0.010942
-0.010030
-0.010446
-0.011092
-0.012324
-0.014570
-0.017138
-0.019050
-0.020758
-0.022900
-0.024140
-0.024858
-0.026354
-0.028520
-0.030808
-0.032600
-0.033758
-0.034530
-0.035010
-0.034944
-0.034436
-0.034234
-0.034166
-0.033958
-0.034514
-0.035484
-0.035436
-0.034062
-0.032456
-0.031146
-0.029292
-0.026766
-0.023134
-0.019396
-0.016838
-0.014526
-0.012180
-0.009790
-0.007606
-0.006098
-0.005412
-0.005440
-0.005668
-0.006214
-0.007072
-0.007764
-0.008700
-0.009608
-0.010004
-0.009668
-0.008742
-0.007600
-0.006148
-0.005084
-0.004320
-0.003002
-0.001602
-0.000968
-0.000482
-0.000670
-0.002198
-0.003866
-0.005604
-0.007468
-0.009150
-0.010780
-0.012136
-0.013986
-0.016220
-0.017956
-0.019104
-0.018914
-0.018372
-0.017548
-0.015852
-0.014428
-0.013566
-0.013912
-0.014438
-0.014144
-0.014306
-0.014384
-0.014438
-0.016032
-0.018296
-0.019582
-0.020690
-0.022880
-0.025592
-0.027994
-0.029394
-0.030452
-0.031324
-0.031092
-0.030410
-0.030092
-0.030194
-0.029628
-0.029138
-0.028966
-0.028824
-0.029330
-0.029152
-0.028578
-0.027730
-0.026002
-0.023724
-0.021210
-0.018682
-0.015780
-0.013260
-0.010716
-0.007792
-0.005910
-0.005408
-0.005852
-0.006646
-0.007694
-0.008956
-0.010014
-0.010204
-0.009456
-0.008552
-0.007552
-0.006498
-0.003968
-0.000814
0.000548
0.001518
0.002004
0.001462
0.000352
-0.000788
-0.001294
-0.001748
-0.002054
-0.002298
-0.002040
-0.000712
-0.000002
-0.000162
-0.000014
0.000712
0.001070
0.001426
0.001722
0.000888
0.000604
0.000530
0.000024
0.000284
0.000846
0.000486
0.000806
0.002634
0.004666
0.007852
0.010974
0.012760
0.013840
0.014134
0.013660
0.012172
0.010582
0.008804
0.006624
0.004364
0.002564
0.002226
0.001630
0.000704
0.000184
-0.000812
-0.002076
-0.003120
-0.003648
-0.004288
-0.004626
-0.004190
-0.003158
-0.002508
-0.002490
-0.001830
-0.001366
-0.000448
0.000556
0.001412
0.003032
0.004230
0.004852
0.004348
0.003190
0.001860
0.000842
0.000042
-0.001336
-0.002208
-0.002650
-0.002152
-0.000638
0.000852
0.002470
0.005014
0.008168
0.010914
0.013280
0.014854
0.015224
0.014232
0.012120
0.009700
0.007174
0.004572
0.002640
0.001438
-0.000068
-0.001424
-0.001444
-0.001124
-0.000864
0.000118
0.000846
0.000692
-0.000076
-0.000900
-0.001676
-0.003138
-0.004024
-0.004088
-0.004220
-0.003766
-0.002990
-0.001744
0.000032
0.001960
0.003348
0.003964
0.004534
0.004432
0.003662
0.003192
0.003326
0.003454
0.003150
0.002976
0.002828
0.002596
0.002578
0.002730
0.002452
0.001382
-0.000012
-0.000912
-0.001086
-0.001010
-0.000626
-0.000504
-0.000754
-0.000326
0.000532
0.001804
0.004242
0.007040
0.008620
0.008794
0.008772
0.007914
0.005742
0.003284
0.001156
-0.001032
-0.004016
-0.006990
-0.009458
-0.011250
-0.011954
-0.011730
-0.010824
-0.009142
-0.007088
-0.005446
-0.005158
-0.005510
-0.005454
-0.006422
-0.007804
-0.008638
-0.009954
-0.011308
-0.012578
-0.014158
-0.016186
-0.018994
-0.021816
-0.023876
-0.024700
-0.024244
-0.023200
-0.022248
-0.022032
-0.022024
-0.020776
-0.018846
-0.017064
-0.014552
-0.012176
-0.009742
-0.007222
-0.006028
-0.005344
-0.004360
-0.003630
-0.003562
-0.002890
-0.001944
-0.001370
-0.000466
0.000632
0.001676
0.002918
0.004894
0.006970
0.008506
0.009120
0.008958
0.008852
0.008424
0.007406
0.005876
0.003700
0.000940
-0.001980
-0.005192
-0.008834
-0.012618
-0.015666
-0.017042
-0.016752
-0.015412
-0.013420
-0.010904
-0.009448
-0.009516
-0.010730
-0.012336
-0.013626
-0.015476
-0.016788
-0.016834
-0.017408
-0.018838
-0.020328
-0.021388
-0.021130
-0.018888
-0.015036
-0.010690
-0.006246
-0.001558
0.002362
0.004868
0.006690
0.007794
0.007778
0.007022
0.005726
0.003902
0.002346
0.001268
0.000240
-0.000742
-0.002340
-0.004102
-0.005150
-0.006014
-0.007554
-0.009940
-0.011960
-0.013586
-0.015222
-0.015008
-0.013010
-0.010442
-0.008520
-0.008348
-0.007796
-0.006788
-0.006276
-0.005292
-0.004124
-0.003550
-0.002676
-0.001506
-0.000560
0.000338
0.000826
0.002016
0.003912
0.006110
0.009086
0.011696
0.013576
0.015896
0.017978
0.018626
0.018366
0.017740
0.016570
0.014324
0.011874
0.009796
0.007362
0.004764
0.002046
0.000434
0.001038
0.002704
0.005710
0.009092
0.010584
0.010988
0.010578
0.008782
0.006914
0.005672
0.004358
0.004148
0.005806
0.007378
0.008684
0.010134
0.010776
0.010788
0.009800
0.007164
0.004216
0.002512
0.002246
0.002532
0.002956
0.003090
0.002366
0.002044
0.002000
0.001116
0.000510
0.001244
0.002606
0.003920
0.005746
0.006828
0.006612
0.006692
0.006592
0.005868
0.005606
0.005454
0.004782
0.004592
0.004980
0.005592
0.006390
0.005764
0.003606
0.001902
0.000656
-0.000930
-0.002342
-0.002952
-0.003158
-0.002658
-0.001774
-0.001918
-0.002152
-0.001442
-0.000772
0.000044
0.001014
0.001060
0.001130
0.001052
0.000726
0.000702
0.000820
0.001624
0.002756
0.003652
0.004374
0.005258
0.005780
0.005222
0.004642
0.004032
0.002494
0.000796
-0.000318
-0.000646
-0.000728
-0.000554
-0.000356
-0.001380
-0.002584
-0.003912
-0.006526
-0.009102
-0.011482
-0.013548
-0.014680
-0.015716
-0.016952
-0.017928
-0.019492
-0.021650
-0.022210
-0.021194
-0.019260
-0.016738
-0.014828
-0.013048
-0.010952
-0.009190
-0.007304
-0.005222
-0.002702
-0.000284
0.001120
0.001850
0.002100
0.002270
0.002412
0.002116
-0.000312
-0.004114
-0.006066
-0.006122
-0.005846
-0.005636
-0.005748
-0.006864
-0.008916
-0.010874
-0.012454
-0.013706
-0.013924
-0.013310
-0.012120
-0.009734
-0.006308
-0.003184
-0.001192
-0.000570
-0.001290
-0.003030
-0.005760
-0.007978
-0.008478
-0.007826
-0.006490
-0.004690
-0.001876
0.000948
0.003218
0.005160
0.006194
0.007860
0.009090
0.009150
0.010390
0.011402
0.011088
0.010876
0.009630
0.006438
0.003100
-0.000294
-0.003692
-0.005744
-0.007142
-0.008316
-0.010186
-0.012530
-0.013188
-0.013024
-0.013096
-0.013826
-0.015612
-0.018238
-0.020576
-0.022148
-0.024098
-0.025630
-0.026878
-0.028102
-0.027782
-0.026740
-0.026184
-0.024924
-0.022314
-0.019046
-0.016504
-0.014706
-0.013016
-0.012334
-0.011686
-0.011158
-0.011452
-0.011844
-0.012712
-0.013156
-0.012666
-0.012206
-0.011580
-0.010842
-0.010420
-0.009320
-0.007214
-0.005192
-0.003490
-0.001814
-0.000514
0.000262
0.000404
0.000192
-0.000318
-0.001020
-0.001152
-0.000940
-0.001302
-0.002682
-0.004392
-0.006446
-0.008738
-0.011148
-0.013594
-0.015574
-0.017032
-0.017804
-0.018474
-0.018662
-0.018270
-0.017388
-0.015590
-0.013614
-0.011628
-0.010040
-0.008588
-0.006654
-0.004942
-0.003576
-0.002460
-0.001338
-0.000282
0.000026
0.000010
-0.000184
-0.000286
0.000094
0.000246
0.000534
0.001466
0.002380
0.003046
0.003622
0.004120
0.004496
0.004864
0.005754
0.006892
0.007744
0.008576
0.009444
0.009992
0.010126
0.009640
0.008314
0.006848
0.005418
0.003458
0.001242
-0.000766
-0.003032
-0.004926
-0.005294
-0.005196
-0.005326
-0.005450
-0.005598
-0.006312
-0.007416
-0.008308
-0.009326
-0.009848
-0.010414
-0.012044
-0.014142
-0.015380
-0.015470
-0.015500
-0.015210
-0.014498
-0.013724
-0.013108
-0.012094
-0.010464
-0.008730
-0.007070
-0.006394
-0.006116
-0.004892
-0.002856
-0.001166
-0.000142
0.000878
0.001268
0.000398
-0.000632
-0.001836
-0.004124
-0.006334
-0.007778
-0.009190
-0.010286
-0.010544
-0.009922
-0.008342
-0.005824
-0.001656
0.003108
0.007010
0.010636
0.013658
0.015774
0.016584
0.016344
0.015512
0.013518
0.011402
0.009498
0.006656
0.003234
0.000436
-0.001878
-0.003540
-0.003524
-0.002280
-0.000330
0.002118
0.004750
0.007452
0.009522
0.009790
0.008090
0.005370
0.003022
0.000918
-0.001520
-0.003410
-0.005206
-0.006858
-0.007302
-0.006072
-0.003934
-0.001270
0.001714
0.003586
0.004252
0.003926
0.002572
0.000366
-0.002306
-0.005026
-0.007512
-0.008584
-0.008044
-0.007226
-0.007040
-0.008144
-0.010242
-0.012384
-0.014098
-0.015632
-0.016582
-0.016376
-0.015118
-0.013010
-0.011166
-0.009372
-0.007316
-0.006046
-0.005546
-0.005224
-0.004724
-0.003770
-0.002832
-0.002454
-0.003110
-0.004252
-0.004350
-0.003604
-0.002416
-0.000652
0.001020
0.002874
0.005064
0.007212
0.009462
0.011760
0.014014
0.016232
0.019094
0.021848
0.023502
0.024046
0.023410
0.022690
0.022110
0.020856
0.019408
0.018276
0.017328
0.017008
0.017098
0.016998
0.016892
0.016718
0.016948
0.017752
0.018160
0.018412
0.018476
0.017704
0.016648
0.015714
0.015236
0.015612
0.016400
0.017302
0.017856
0.017744
0.017056
0.015710
0.014222
0.012982
0.012480
0.012950
0.013558
0.014086
0.014904
0.015596
0.015544
0.014742
0.013504
0.011980
0.011170
0.011590
0.013170
0.016096
0.019270
0.022452
0.025470
0.027832
0.029766
0.030792
0.030424
0.028190
0.025284
0.023248
0.021414
0.018934
0.015868
0.013194
0.010930
0.008240
0.004962
0.001590
-0.000150
0.000138
0.001252
0.002526
0.003796
0.005096
0.005602
0.005242
0.004626
0.002996
0.000410
-0.001596
-0.001888
0.000170
0.004134
0.007996
0.011180
0.014820
0.018702
0.022206
0.023720
0.021976
0.017802
0.012582
0.008268
0.005458
0.003938
0.003412
0.003874
0.005690
0.008412
0.011808
0.015512
0.019162
0.022560
0.025486
0.027404
0.027424
0.026370
0.024726
0.021798
0.017296
0.012116
0.006924
0.000954
-0.004968
-0.009708
-0.013120
-0.014630
-0.013844
-0.010718
-0.005792
0.000322
0.006762
0.012380
0.017320
0.021020
0.022228
0.021182
0.018434
0.014252
0.009346
0.004590
0.000560
-0.003496
-0.007696
-0.010966
-0.013528
-0.016130
-0.018598
-0.019462
-0.018110
-0.015670
-0.013532
-0.012300
-0.012176
-0.013454
-0.015888
-0.018822
-0.021764
-0.023998
-0.024564
-0.023948
-0.022690
-0.020400
-0.017992
-0.016242
-0.014962
-0.014216
-0.013384
-0.012896
-0.012612
-0.011738
-0.011030
-0.009842
-0.008440
-0.007428
-0.007146
-0.007868
-0.008298
-0.009206
-0.011842
-0.014370
-0.015290
-0.014798
-0.012634
-0.009582
-0.006670
-0.004170
-0.002456
-0.001760
-0.001374
-0.000586
0.000558
0.002106
0.003084
0.003086
0.002598
0.001000
-0.001460
-0.003800
-0.006260
-0.008374
-0.009318
-0.009028
-0.007152
-0.004812
-0.002570
0.000814
0.004868
0.008832
0.012592
0.015600
0.017406
0.017692
0.017042
0.015528
0.012304
0.008600
0.005522
0.003666
0.003248
0.003254
0.004682
0.007250
0.009232
0.011146
0.012812
0.013466
0.013868
0.014266
0.014096
0.013268
0.011704
0.009476
0.007150
0.004778
0.002074
-0.000150
-0.001834
-0.003684
-0.004778
-0.004416
-0.003740
-0.003270
-0.002418
-0.001964
-0.002156
-0.002480
-0.002822
-0.002544
-0.001378
0.000504
0.002590
0.004920
0.007200
0.009132
0.010684
0.011630
0.012376
0.012782
0.013560
0.014942
0.016314
0.017776
0.018382
0.018556
0.018352
0.017092
0.015982
0.014272
0.012374
0.011514
0.009812
0.007318
0.005374
0.003748
0.003218
0.003802
0.004144
0.003712
0.002774
0.002086
0.001884
0.002574
0.003844
0.004626
0.004848
0.005594
0.007178
0.008714
0.009894
0.010300
0.008850
0.006816
0.005364
0.002936
0.000590
-0.001084
-0.002442
-0.002396
-0.002090
-0.002016
-0.001694
-0.001118
-0.000156
0.000368
0.000800
0.001476
0.001286
0.000864
0.000738
0.000548
0.000232
-0.000614
-0.001288
-0.001354
-0.000992
-0.000532
-0.000080
0.000474
0.000586
0.001170
0.002308
0.003382
0.005124
0.006920
0.007542
0.007910
0.008862
0.009430
0.010192
0.011614
0.012888
0.013840
0.014736
0.015616
0.015454
0.014314
0.013548
0.012152
0.009634
0.007480
0.005328
0.004008
0.004542
0.005290
0.005426
0.005228
0.004536
0.004240
0.004880
0.006032
0.007528
0.008346
0.008442
0.008404
0.008326
0.007886
0.006794
0.005558
0.004586
0.004312
0.004488
0.004812
0.005364
0.005406
0.004986
0.004922
0.004630
0.004146
0.004232
0.003780
0.002488
0.001528
0.000760
-0.000868
-0.002084
-0.001468
0.000292
0.003306
0.007398
0.011356
0.014820
0.018338
0.021844
0.024136
0.025200
0.025784
0.025734
0.024692
0.022338
0.019912
0.018176
0.016430
0.014960
0.013410
0.012030
0.011494
0.011224
0.010826
0.010600
0.010998
0.011628
0.011716
0.011664
0.012400
0.013328
0.014426
0.015590
0.015352
0.013924
0.012312
0.010538
0.009006
0.008108
0.007814
0.007548
0.007004
0.006958
0.007274
0.007836
0.008600
0.009126
0.009574
0.010250
0.010868
0.010556
0.009780
0.009172
0.008536
0.008366
0.008862
0.008702
0.007398
0.006066
0.004746
0.003006
0.001106
-0.000794
-0.002626
-0.004084
-0.004882
-0.005494
-0.006058
-0.006302
-0.007014
-0.008062
-0.008974
-0.010816
-0.012828
-0.014788
-0.017156
-0.018426
-0.019322
-0.019940
-0.020086
-0.020848
-0.020772
-0.019650
-0.017942
-0.015126
-0.012304
-0.009082
-0.005308
-0.002492
-0.000200
0.002440
0.004594
0.005870
0.005796
0.005138
0.005788
0.006722
0.008064
0.010002
0.011322
0.012508
0.013470
0.014030
0.014364
0.014044
0.013908
0.013732
0.012834
0.011918
0.010820
0.009516
0.008536
0.006814
0.004426
0.002646
0.001076
-0.000080
-0.000826
-0.001466
-0.002028
-0.002520
-0.003004
-0.004072
-0.005630
-0.007040
-0.008542
-0.010106
-0.010706
-0.010308
-0.009676
-0.008870
-0.008102
-0.007684
-0.007338
-0.007222
-0.006902
-0.006322
-0.006046
-0.005824
-0.005320
-0.004744
-0.004970
-0.005370
-0.005292
-0.005842
-0.006484
-0.006378
-0.005888
-0.005690
-0.005528
-0.004750
-0.003906
-0.002894
-0.001204
0.000578
0.001368
0.001266
0.001294
0.001572
0.001414
0.001124
0.000662
0.000094
-0.000096
-0.000012
0.000254
0.000292
0.000408
0.000944
0.001378
0.002044
0.003124
0.003772
0.003832
0.003628
0.003584
0.003812
0.003964
0.004226
0.004456
0.004224
0.004628
0.005946
0.007172
0.008092
0.008800
0.009230
0.010022
0.010842
0.010752
0.011088
0.011694
0.011800
0.011934
0.012020
0.012576
0.012838
0.012606
0.012140
0.010554
0.009638
0.010018
0.010546
0.011092
0.011138
0.010548
0.009186
0.007254
0.005418
0.003776
0.002176
0.000194
-0.001182
-0.001680
-0.002108
-0.001940
-0.001966
-0.002592
-0.002964
-0.002900
-0.002598
-0.002536
-0.002156
-0.001444
-0.001262
-0.000844
0.000172
0.001004
0.002008
0.003268
0.003712
0.004038
0.005286
0.006210
0.006750
0.008058
0.009236
0.009686
0.010796
0.012138
0.012242
0.012440
0.013618
0.015490
0.017948
0.020156
0.021566
0.022504
0.023650
0.025360
0.026916
0.027458
0.028182
0.029852
0.031548
0.033124
0.034556
0.035734
0.036700
0.036858
0.036282
0.035974
0.036040
0.035352
0.034356
0.033216
0.030976
0.029052
0.027786
0.026684
0.026426
0.026018
0.025370
0.025472
0.025686
0.025294
0.024314
0.023258
0.021772
0.019730
0.018360
0.017960
0.017674
0.016826
0.015908
0.015628
0.015408
0.015214
0.014916
0.014468
0.014092
0.012946
0.011384
0.010350
0.010258
0.010212
0.010034
0.010430
0.009628
0.006998
0.004782
0.002882
0.000556
-0.001808
-0.003664
-0.004230
-0.004452
-0.004936
-0.005458
-0.005982
-0.006354
-0.005810
-0.005684
-0.007272
-0.009212
-0.011206
-0.013168
-0.014384
-0.014966
-0.015514
-0.016240
-0.017216
-0.018040
-0.018734
-0.019120
-0.018680
-0.017954
-0.017236
-0.016218
-0.014752
-0.013086
-0.011696
-0.011282
-0.011506
-0.011570
-0.012170
-0.013142
-0.013424
-0.013992
-0.014982
-0.015316
-0.015406
-0.015566
-0.016254
-0.016624
-0.015830
-0.015460
-0.015336
-0.014858
-0.014448
-0.013474
-0.012132
-0.010612
-0.008276
-0.005418
-0.003322
-0.002838
-0.002864
-0.002588
-0.002766
-0.003848
-0.004818
-0.005924
-0.007732
-0.009064
-0.010304
-0.011618
-0.012612
-0.013060
-0.012736
-0.012554
-0.013234
-0.014208
-0.014570
-0.014698
-0.014734
-0.014170
-0.013816
-0.014148
-0.014784
-0.015632
-0.016358
-0.017080
-0.017880
-0.018592
-0.019016
-0.018798
-0.018096
-0.017382
-0.016450
-0.014500
-0.011952
-0.009416
-0.006468
-0.003926
-0.002560
-0.000846
0.001378
0.002824
0.003706
0.004582
0.005764
0.007224
0.008234
0.008740
0.009154
0.009088
0.008158
0.006658
0.004810
0.002536
0.000646
-0.000420
-0.001402
-0.002430
-0.002842
-0.002550
-0.002204
-0.001740
-0.000746
0.000324
0.000990
0.001492
0.001454
0.000130
-0.002018
-0.004014
-0.006366
-0.008658
-0.010092
-0.011766
-0.013234
-0.013846
-0.013874
-0.013782
-0.013904
-0.014254
-0.015876
-0.017700
-0.018448
-0.019462
-0.020438
-0.021012
-0.021856
-0.022576
-0.022792
-0.022392
-0.022074
-0.021368
-0.020388
-0.019908
-0.019140
-0.018512
-0.018164
-0.017248
-0.016562
-0.017008
-0.017154
-0.016576
-0.016476
-0.016184
-0.015428
-0.014900
-0.014172
-0.013254
-0.012338
-0.011706
-0.011806
-0.012752
-0.013956
-0.015406
-0.017140
-0.018316
-0.019196
-0.020068
-0.020630
-0.020364
-0.020574
-0.022320
-0.023778
-0.024224
-0.024054
-0.023616
-0.023466
-0.022990
-0.022478
-0.022352
-0.021454
-0.020154
-0.019230
-0.018254
-0.017012
-0.015646
-0.013920
-0.012266
-0.010668
-0.008986
-0.007756
-0.006222
-0.004818
-0.003796
-0.002984
-0.002682
-0.003010
-0.003326
-0.002872
-0.003122
-0.003876
-0.004998
-0.006710
-0.008344
-0.010798
-0.013844
-0.016778
-0.019200
-0.020914
-0.022210
-0.022626
-0.022194
-0.021538
-0.020790
-0.020622
-0.020886
-0.021176
-0.022408
-0.023740
-0.024742
-0.026574
-0.027822
-0.027572
-0.027578
-0.028154
-0.028394
-0.027948
-0.027218
-0.026042
-0.024764
-0.024224
-0.023736
-0.023436
-0.023756
-0.024284
-0.024652
-0.024492
-0.024104
-0.023556
-0.022136
-0.020278
-0.018736
-0.017430
-0.016580
-0.016194
-0.015816
-0.014866
-0.013636
-0.012770
-0.011996
-0.011604
-0.011680
-0.011186
-0.010032
-0.009032
-0.007706
-0.005856
-0.004646
-0.003698
-0.001924
-0.000018
0.001222
0.001486
0.000940
0.000842
0.001124
0.001026
0.000984
0.000792
0.000774
0.000684
-0.001988
-0.000984
0.000226
0.000566
0.000892
0.000806
-0.000180
-0.000996
-0.001448
-0.002286
-0.002936
-0.002786
-0.001832
-0.000594
0.001308
0.003828
0.006920
0.010186
0.011726
0.012484
0.012698
0.012404
0.012812
0.012848
0.012644
0.011968
0.010394
0.008298
0.005982
0.003886
0.002012
0.000884
0.000296
0.000374
0.001522
0.003118
0.003828
0.004120
0.004684
0.004676
0.005186
0.006576
0.007636
0.008890
0.010048
0.010682
0.011228
0.011064
0.011370
0.012336
0.012632
0.012444
0.011774
0.011168
0.011130
0.011426
0.011732
0.012440
0.013716
0.014368
0.014866
0.015870
0.016858
0.017386
0.016910
0.016072
0.015216
0.013240
0.010628
0.008496
0.006284
0.003892
0.001506
-0.000586
-0.001142
0.000366
0.002286
0.003556
0.004306
0.003956
0.002794
0.001620
0.000254
-0.000884
-0.001330
-0.001966
-0.002256
-0.002428
-0.003052
-0.002982
-0.002406
-0.001588
-0.000110
0.001206
0.001428
0.001410
0.001798
0.001746
0.001102
0.000232
-0.001212
-0.003432
-0.005932
-0.007728
-0.008458
-0.008886
-0.009466
-0.010230
-0.011346
-0.012242
-0.012766
-0.013404
-0.014618
-0.015900
-0.016758
-0.017642
-0.017734
-0.017150
-0.016592
-0.015778
-0.015138
-0.014536
-0.013570
-0.012726
-0.012800
-0.013476
-0.014144
-0.014872
-0.014728
-0.013926
-0.013394
-0.013120
-0.013272
-0.013288
-0.012874
-0.012634
-0.012538
-0.012168
-0.011932
-0.011734
-0.011150
-0.011014
-0.010632
-0.009654
-0.009388
-0.009186
-0.008490
-0.008060
-0.007648
-0.006872
-0.006398
-0.006074
-0.005176
-0.004360
-0.004168
-0.003736
-0.003066
-0.002728
-0.002348
-0.002030
-0.001748
-0.001832
-0.002440
-0.002396
-0.002064
-0.001882
-0.001904
-0.002266
-0.002356
-0.002586
-0.003034
-0.002960
-0.003788
-0.005832
-0.007002
-0.007616
-0.008374
-0.009260
-0.009406
-0.007504
-0.005434
-0.004162
-0.002662
-0.001222
-0.000642
-0.000326
-0.000076
-0.000988
-0.001796
-0.002146
-0.002846
-0.004028
-0.005866
-0.007236
-0.006920
-0.004910
-0.001086
0.003364
0.006078
0.006690
0.004346
-0.000732
-0.005188
-0.006708
-0.005588
-0.002922
0.000284
0.001786
0.000906
-0.001328
-0.005364
-0.010386
-0.014352
-0.016472
-0.016572
-0.013232
-0.007010
-0.001242
0.001696
0.000736
-0.003554
-0.008304
-0.010470
-0.009792
-0.006776
-0.002514
0.001116
0.003738
0.005666
0.007050
0.007754
0.007634
0.007404
0.007196
0.006566
0.006802
0.007670
0.008294
0.009378
0.009974
0.009228
0.007550
0.005986
0.004966
0.004468
0.005220
0.007392
0.009472
0.009806
0.008948
0.007382
0.005014
0.002820
0.001562
0.000818
0.000520
0.001504
0.003136
0.004706
0.006540
0.007868
0.008182
0.008158
0.009106
0.011164
0.012692
0.013090
0.013144
0.012860
0.011566
0.009560
0.008268
0.008012
0.008050
0.008592
0.009250
0.009772
0.010104
0.009750
0.009180
0.007898
0.005608
0.003960
0.002946
0.001984
0.001626
0.001040
-0.000668
-0.002702
-0.004426
-0.005640
-0.005776
-0.005266
-0.004852
-0.004868
-0.005572
-0.006658
-0.007210
-0.006786
-0.005898
-0.004620
-0.002684
-0.000506
0.001162
0.002208
0.002752
0.002940
0.003442
0.004536
0.005254
0.005578
0.006368
0.006384
0.005398
0.004376
0.003208
0.002532
0.002616
0.002868
0.002828
0.002164
0.001104
-0.000062
-0.001492
-0.002936
-0.004146
-0.004840
-0.004578
-0.003946
-0.003688
-0.003990
-0.004572
-0.005224
-0.005406
-0.004664
-0.003412
-0.001932
-0.000486
0.000702
0.001190
0.001416
0.002220
0.003438
0.005028
0.006948
0.008948
0.010336
0.011188
0.011872
0.012162
0.012450
0.012882
0.013312
0.013626
0.013756
0.013494
0.012948
0.012632
0.012098
0.011382
0.010824
0.010104
0.009524
0.009122
0.008606
0.007924
0.007354
0.007002
0.006544
0.006022
0.005220
0.004360
0.003712
0.003028
0.002392
0.002336
0.003102
0.004058
0.005034
0.006070
0.006850
0.007162
0.007186
0.007574
0.008584
0.010024
0.011338
0.011834
0.011288
0.010182
0.009464
0.009606
0.010216
0.010694
0.010792
0.010794
0.010780
0.010624
0.010464
0.010070
0.009498
0.009052
0.008628
0.008418
0.008454
0.008318
0.008076
0.007934
0.008026
0.008366
0.008716
0.009164
0.009776
0.010374
0.010906
0.011340
0.011634
0.011852
0.011982
0.011924
0.011802
0.011580
0.011250
0.011214
0.011336
0.011438
0.011514
0.011322
0.010980
0.010496
0.009952
0.009806
0.009778
0.009752
0.009974
0.010262
0.010416
0.010350
0.010308
0.010108
0.009522
0.008666
0.007508
0.006436
0.005916
0.005844
0.005694
0.005272
0.004892
0.004862
0.005040
0.005280
0.005654
0.006098
0.006354
0.006346
0.006240
0.005854
0.005230
0.004756
0.004508
0.004520
0.004694
0.004862
0.005062
0.005290
0.005406
0.005268
0.004996
0.004678
0.004580
0.004628
0.004442
0.004428
0.004722
0.004876
0.004716
0.004436
0.004164
0.003852
0.003634
0.003634
0.003696
0.003638
0.003526
0.003324
0.003022
0.002784
0.002466
0.002186
0.002078
0.001980
0.001946
0.001778
0.001358
0.001016
0.001004
0.001272
0.001576
0.001642
0.001432
0.001122
0.000882
0.000742
0.000668
0.000694
0.000846
0.000990
0.001092
0.001284
0.001500
0.001594
0.001410
0.001030
0.000618
0.000236
-0.000020
-0.000234
-0.000406
-0.000528
-0.000686
-0.000754
-0.000612
-0.000456
-0.000470
-0.000632
-0.000944
-0.001386
-0.001790
-0.002000
-0.002070
-0.002068
-0.001954
-0.001824
-0.001762
-0.001726
-0.001722
-0.001826
-0.001984
-0.002108
-0.002184
-0.002234
-0.002224
-0.002134
-0.002034
-0.002014
-0.001972
-0.001914
-0.002020
-0.002172
-0.002376
-0.002646
-0.002720
-0.002514
-0.002188
-0.001870
-0.001584
-0.001362
-0.001214
-0.001156
-0.001254
-0.001406
-0.001546
-0.001706
-0.001804
-0.001876
-0.001954
-0.001986
-0.001966
-0.001846
-0.001654
-0.001434
-0.001220
-0.001070
-0.001002
-0.000980
-0.001028
-0.001108
-0.001172
-0.001244
-0.001232
-0.001174
-0.001160
-0.001122
-0.001062
-0.001008
-0.001006
-0.000980
-0.000922
-0.000936
-0.000950
-0.000984
-0.000992
-0.000970
-0.001014
-0.000970
-0.000866
-0.000806
-0.000758
-0.000752
-0.000812
-0.000892
-0.000992
-0.001122
-0.001206
-0.001266
-0.001304
-0.001314
-0.001342
-0.001352
-0.001372
-0.001380
-0.001334
-0.001300
-0.001260
-0.001170
-0.001068
-0.001016
-0.000966
-0.000934
-0.000972
-0.001016
-0.001062
-0.001130
-0.001200
-0.001222
-0.001186
-0.001142
-0.001104
-0.001068
-0.001046
-0.001022
-0.000972
-0.000930
-0.000930
-0.000972
-0.001026
-0.001058
-0.001116
-0.001172
-0.001192
-0.001220
-0.001258
-0.001314
-0.001376
-0.001440
-0.001482
-0.001478
-0.001460
-0.001424
-0.001358
-0.001262
-0.001152
-0.001040
-0.000936
-0.000820
-0.000698
-0.000594
-0.000546
-0.000570
-0.000642
-0.000798
-0.001060
-0.001384
-0.001714
-0.002014
-0.002216
-0.002270
-0.002176
-0.001966
-0.001716
-0.001498
-0.001352
-0.001286
-0.001290
-0.001340
-0.001422
-0.001482
-0.001486
-0.001442
-0.001358
-0.001244
-0.001106
-0.000964
-0.000832
-0.000734
-0.000678
-0.000662
-0.000676
-0.000714
-0.000754
-0.000774
-0.000786
-0.000796
-0.000814
-0.000844
-0.000896
-0.000962
-0.001016
-0.001052
-0.001070
-0.001062
-0.001038
-0.001018
-0.001004
-0.000994
-0.000990
-0.000994
-0.001000
-0.000996
-0.000980
-0.000948
-0.000914
-0.000882
-0.000856
-0.000840
-0.000834
-0.000836
-0.000840
-0.000852
-0.000868
-0.000876
-0.000876
-0.000870
-0.000856
-0.000840
-0.000826
-0.000812
-0.000800
-0.000794
-0.000792
-0.000790
-0.000790
-0.000790
-0.000790
-0.000788
-0.000784
-0.000782
-0.000782
-0.000780
-0.000780
-0.000782
-0.000780
-0.000778
-0.000778
-0.000774
-0.000768
-0.000764
-0.000758
-0.000754
-0.000750
-0.000746
-0.000742
-0.000738
-0.000736
-0.000732
-0.000728
-0.000726
-0.000722
-0.000720
-0.000716
-0.000714
-0.000710
-0.000708
-0.000706
-0.000702
-0.000700
-0.000698
-0.000694
-0.000692
-0.000690
-0.000686
-0.000684
-0.000682
-0.000678
-0.000676
-0.000672
-0.000670
-0.000668
-0.000664
