0.000000
-0.009412
-0.004508
0.003748
0.003666
0.003692
0.003598
0.003504
0.003442
0.003406
0.003378
0.003352
0.003338
0.003342
0.003358
0.003386
0.003422
0.003460
0.003492
0.003510
0.003526
0.003546
0.003584
0.003640
0.003702
0.003760
0.003802
0.003820
0.003802
0.003754
0.003684
0.003610
0.003550
0.003500
0.003456
0.003422
0.003410
0.003420
0.003444
0.003470
0.003496
0.003522
0.003542
0.003564
0.003592
0.003634
0.003682
0.003728
0.003756
0.003768
0.003770
0.003766
0.003746
0.003708
0.003668
0.003628
0.003578
0.003520
0.003460
0.003406
0.003344
0.003288
0.003262
0.003262
0.003280
0.003330
0.003400
0.003478
0.003548
0.003598
0.003630
0.003650
0.003656
0.003648
0.003632
0.003608
0.003580
0.003544
0.003504
0.003472
0.003454
0.003456
0.003488
0.003536
0.003586
0.003630
0.003672
0.003712
0.003748
0.003780
0.003808
0.003836
0.003858
0.003860
0.003850
0.003852
0.003864
0.003876
0.003884
0.003882
0.003872
0.003850
0.003812
0.003756
0.003688
0.003618
0.003554
0.003490
0.003430
0.003386
0.003362
0.003354
0.003354
0.003350
0.003354
0.003356
0.003354
0.003336
0.003302
0.003260
0.003224
0.003194
0.003164
0.003138
0.003126
0.003126
0.003126
0.003120
0.003116
0.003118
0.003120
0.003104
0.003078
0.003048
0.003050
0.003116
0.003218
0.003302
0.003368
0.003438
0.003532
0.003660
0.003798
0.003918
0.003998
0.004012
0.003990
0.003978
0.003978
0.003986
0.004008
0.004056
0.004120
0.004210
0.004302
0.004372
0.004440
0.004520
0.004594
0.004646
0.004684
0.004684
0.004662
0.004630
0.004558
0.004486
0.004424
0.004368
0.004348
0.004348
0.004364
0.004380
0.004384
0.004390
0.004394
0.004400
0.004406
0.004400
0.004392
0.004390
0.004386
0.004360
0.004332
0.004330
0.004316
0.004290
0.004292
0.004324
0.004388
0.004476
0.004590
0.004728
0.004822
0.004852
0.004830
0.004806
0.004806
0.004788
0.004764
0.004776
0.004786
0.004782
0.004806
0.004800
0.004750
0.004742
0.004784
0.004814
0.004852
0.004902
0.004972
0.005074
0.005150
0.005252
0.005360
0.005384
0.005348
0.005308
0.005280
0.005204
0.005084
0.004938
0.004822
0.004788
0.004774
0.004744
0.004742
0.004730
0.004700
0.004752
0.004828
0.004876
0.004972
0.005090
0.005176
0.005272
0.005326
0.005372
0.005418
0.005388
0.005400
0.005406
0.005342
0.005290
0.005292
0.005338
0.005342
0.005336
0.005394
0.005434
0.005430
0.005454
0.005512
0.005534
0.005544
0.005562
0.005530
0.005490
0.005506
0.005512
0.005474
0.005472
0.005496
0.005494
0.005508
0.005534
0.005526
0.005530
0.005560
0.005552
0.005574
0.005572
0.005478
0.005474
0.005476
0.005434
0.005396
0.005338
0.005266
0.005156
0.005064
0.005024
0.004956
0.004822
0.004768
0.004794
0.004782
0.004774
0.004788
0.004814
0.004794
0.004768
0.004800
0.004740
0.004644
0.004618
0.004538
0.004490
0.004450
0.004340
0.004244
0.004126
0.004056
0.003994
0.003834
0.003752
0.003754
0.003616
0.003504
0.003498
0.003480
0.003512
0.003478
0.003482
0.003526
0.003478
0.003538
0.003632
0.003584
0.003614
0.003688
0.003642
0.003582
0.003516
0.003486
0.003452
0.003404
0.003348
0.003266
0.003268
0.003206
0.003080
0.003094
0.003060
0.002958
0.002910
0.002932
0.002966
0.002940
0.002888
0.002864
0.002874
0.002732
0.002664
0.002674
0.002540
0.002490
0.002400
0.002422
0.002580
0.002742
0.003314
0.004194
0.004902
0.005376
0.005872
0.006110
0.005966
0.006002
0.006410
0.006730
0.006744
0.006826
0.006718
0.006230
0.005810
0.005334
0.004764
0.004484
0.004314
0.004410
0.004926
0.005476
0.006014
0.006290
0.006176
0.006020
0.005956
0.005990
0.005996
0.005932
0.005886
0.005874
0.005962
0.005878
0.005538
0.004984
0.004354
0.003668
0.002636
0.001692
0.000954
0.000104
-0.000400
-0.000314
0.000092
0.000384
0.000378
0.000312
0.000286
0.000110
0.000022
0.000112
-0.000128
-0.000196
-0.000068
-0.000182
-0.000254
-0.000132
-0.000032
-0.000212
-0.000218
-0.000014
-0.000124
-0.000082
-0.000044
-0.000076
0.000644
0.001592
0.002446
0.003640
0.004884
0.005668
0.005546
0.004150
0.002526
0.001578
0.000828
-0.000360
-0.001918
-0.003232
-0.004582
-0.006110
-0.007084
-0.006624
-0.004344
-0.001182
0.001546
0.003788
0.006268
0.009104
0.012292
0.016006
0.018994
0.019874
0.019054
0.017506
0.015852
0.014644
0.013880
0.012382
0.008814
0.002982
-0.003916
-0.010300
-0.016316
-0.023354
-0.028152
-0.024928
-0.015060
-0.005858
-0.001100
0.001438
0.004398
0.007892
0.009458
0.007612
0.004988
0.004556
0.006314
0.008900
0.011164
0.011094
0.007252
0.000956
-0.005476
-0.011006
-0.015930
-0.019888
-0.019200
-0.010254
0.004642
0.019296
0.027436
0.023048
0.004694
-0.019180
-0.033996
-0.029582
-0.009132
0.012230
0.019316
0.009600
-0.006964
-0.020304
-0.027414
-0.026472
-0.014768
0.002598
0.018058
0.029508
0.034070
0.027748
0.013038
-0.001048
-0.007176
-0.005644
-0.001082
0.002992
0.005202
0.006304
0.005386
0.000136
-0.008852
-0.015584
-0.010300
0.008486
0.025772
0.023518
0.005218
-0.010384
-0.015148
-0.013166
-0.009536
-0.006456
-0.004468
-0.001728
0.002334
0.005182
0.005388
0.003230
0.000532
-0.001450
-0.003972
-0.007674
-0.011612
-0.015342
-0.017370
-0.017324
-0.017586
-0.018240
-0.016156
-0.007438
0.009544
0.030536
0.048966
0.058836
0.056570
0.047400
0.039224
0.034212
0.029366
0.022264
0.014992
0.008636
0.003170
-0.001932
-0.007074
-0.011272
-0.014754
-0.018150
-0.020640
-0.020956
-0.019986
-0.018510
-0.017324
-0.017202
-0.017548
-0.018300
-0.017342
-0.011660
-0.000600
0.013034
0.025568
0.037270
0.044128
0.038230
0.021394
0.002494
-0.011548
-0.018452
-0.019014
-0.015566
-0.011738
-0.008554
-0.006046
-0.006854
-0.013908
-0.026070
-0.038954
-0.046692
-0.040566
-0.012434
0.031460
0.061298
0.047580
-0.005526
-0.058006
-0.072098
-0.045094
-0.003034
0.019828
0.005238
-0.036252
-0.071666
-0.069914
-0.030130
0.021222
0.053276
0.048112
0.009076
-0.034936
-0.049784
-0.032550
-0.006244
0.006908
-0.000412
-0.019930
-0.039282
-0.052404
-0.062628
-0.072836
-0.075620
-0.055040
-0.008472
0.040326
0.064140
0.054756
0.025858
-0.002198
-0.017708
-0.019050
-0.008068
0.015956
0.048970
0.077730
0.086108
0.061910
0.010476
-0.043314
-0.074272
-0.069620
-0.034370
0.007906
0.029310
0.018944
-0.008806
-0.028742
-0.025706
-0.007896
0.002572
-0.003522
-0.014932
-0.012644
0.013244
0.052832
0.083398
0.082158
0.041036
-0.020508
-0.065832
-0.071064
-0.048856
-0.030410
-0.026538
-0.026498
-0.020922
-0.009776
-0.001158
-0.005422
-0.023122
-0.038720
-0.030902
0.001362
0.033448
0.039212
0.018310
-0.005592
-0.015756
-0.013404
-0.007654
-0.006022
-0.011052
-0.020546
-0.028504
-0.028980
-0.014300
0.019884
0.061654
0.090694
0.095826
0.072884
0.023106
-0.033120
-0.060422
-0.042030
0.000906
0.034098
0.043236
0.037528
0.035472
0.046666
0.063028
0.069514
0.056062
0.025746
-0.006422
-0.025140
-0.026390
-0.020360
-0.017418
-0.018408
-0.018484
-0.015572
-0.011546
-0.008232
-0.006882
-0.006046
-0.003798
-0.001440
-0.000668
-0.000714
-0.003244
-0.006280
-0.005080
0.000184
0.008162
0.016722
0.025698
0.032466
0.029318
0.013186
-0.008324
-0.023192
-0.025454
-0.015818
0.001060
0.014714
0.014386
0.001138
-0.014668
-0.021972
-0.012398
0.013450
0.043822
0.057798
0.042102
0.008492
-0.015420
-0.010542
0.025180
0.079410
0.120180
0.118506
0.077656
0.025768
-0.009964
-0.019734
-0.011420
-0.001954
-0.000404
-0.002002
-0.001112
0.005122
0.013886
0.021630
0.030170
0.038828
0.042800
0.038530
0.030360
0.023218
0.019466
0.019278
0.018050
0.002426
-0.040558
-0.093640
-0.120362
-0.100016
-0.040332
0.021354
0.048470
0.036060
0.003168
-0.022716
-0.024846
-0.009060
0.006974
0.008054
-0.010282
-0.040448
-0.066596
-0.073402
-0.057958
-0.030880
-0.005280
0.011832
0.019136
0.018690
0.015632
0.012718
0.008668
0.004562
0.003104
0.005768
0.011636
0.017202
0.022062
0.020522
0.000330
-0.035012
-0.071022
-0.098452
-0.111930
-0.111906
-0.107214
-0.106210
-0.107718
-0.106304
-0.100884
-0.094076
-0.086978
-0.077532
-0.065252
-0.052976
-0.044596
-0.039958
-0.035794
-0.030324
-0.023246
-0.015390
-0.006938
0.001976
0.008906
0.012206
0.014070
0.013562
0.011910
0.010534
0.002716
-0.012176
-0.029556
-0.047922
-0.061068
-0.055196
-0.020532
0.030982
0.063676
0.051886
0.005172
-0.039710
-0.047828
-0.021822
0.007214
0.015890
0.008226
0.000432
-0.002552
-0.003384
-0.007966
-0.019512
-0.035966
-0.055046
-0.075522
-0.097556
-0.114604
-0.120402
-0.116810
-0.109686
-0.105764
-0.103866
-0.098590
-0.092892
-0.093658
-0.101488
-0.117174
-0.138402
-0.155454
-0.160810
-0.153590
-0.137320
-0.120498
-0.112480
-0.110876
-0.107256
-0.100020
-0.093686
-0.089786
-0.086832
-0.085136
-0.085574
-0.088558
-0.094068
-0.103892
-0.116744
-0.127694
-0.136054
-0.140168
-0.137190
-0.127926
-0.113168
-0.094612
-0.079264
-0.076826
-0.087440
-0.101660
-0.110340
-0.105314
-0.087040
-0.065858
-0.050100
-0.048022
-0.059042
-0.071702
-0.076164
-0.069158
-0.060016
-0.057610
-0.057630
-0.054468
-0.049276
-0.042552
-0.035854
-0.034962
-0.049552
-0.083788
-0.120072
-0.136546
-0.129878
-0.116764
-0.119434
-0.139774
-0.165598
-0.184476
-0.187814
-0.180216
-0.171052
-0.164998
-0.161566
-0.158794
-0.156664
-0.155776
-0.156840
-0.158078
-0.159796
-0.163174
-0.165534
-0.167782
-0.170954
-0.174974
-0.179960
-0.184410
-0.186014
-0.184552
-0.181378
-0.176628
-0.171432
-0.165636
-0.156354
-0.139724
-0.116652
-0.097936
-0.098288
-0.128858
-0.180916
-0.216528
-0.206392
-0.156844
-0.104410
-0.089754
-0.119782
-0.160966
-0.173804
-0.153960
-0.126694
-0.115834
-0.126658
-0.143956
-0.152852
-0.155552
-0.159366
-0.167746
-0.179408
-0.191862
-0.201252
-0.203842
-0.191056
-0.153734
-0.115222
-0.102646
-0.105776
-0.106488
-0.101410
-0.094556
-0.094910
-0.108182
-0.126558
-0.138774
-0.138894
-0.132160
-0.128708
-0.130232
-0.134758
-0.139222
-0.140656
-0.139360
-0.137042
-0.134092
-0.129674
-0.122206
-0.109608
-0.093960
-0.081370
-0.076278
-0.078056
-0.080060
-0.078212
-0.072934
-0.063684
-0.051666
-0.036938
-0.017862
0.005414
0.030300
0.051842
0.066244
0.073196
0.077422
0.082068
0.086586
0.090750
0.087598
0.066874
0.023636
-0.033388
-0.087562
-0.133418
-0.167150
-0.178484
-0.152744
-0.076168
0.042728
0.165850
0.251302
0.283574
0.280110
0.274614
0.282560
0.300752
0.331042
0.374316
0.424738
0.474472
0.515084
0.536892
0.533198
0.509292
0.480676
0.464682
0.469392
0.484858
0.496146
0.492632
0.474934
0.455384
0.439648
0.425112
0.411278
0.407058
0.420306
0.436684
0.433436
0.400410
0.328912
0.219484
0.088522
-0.061422
-0.239756
-0.424382
-0.560606
-0.623406
-0.644686
-0.664334
-0.691498
-0.714470
-0.716764
-0.682228
-0.611004
-0.521356
-0.424810
-0.314828
-0.178692
-0.011170
0.166408
0.309924
0.403172
0.454854
0.465694
0.434082
0.353118
0.190452
-0.075846
-0.381842
-0.633440
-0.805490
-0.909862
-0.935932
-0.872378
-0.726076
-0.522226
-0.322646
-0.182592
-0.106920
-0.070200
-0.056808
-0.070564
-0.115516
-0.187490
-0.270036
-0.330868
-0.337156
-0.281588
-0.178244
-0.053730
0.062912
0.157672
0.232178
0.299660
0.366058
0.424190
0.464414
0.478172
0.469058
0.443652
0.403052
0.348556
0.291054
0.258664
0.265320
0.288578
0.303164
0.300906
0.283476
0.255438
0.221894
0.192048
0.174604
0.172822
0.185638
0.207738
0.228758
0.247654
0.269070
0.288720
0.302332
0.313128
0.325138
0.340162
0.356780
0.369902
0.374118
0.350976
0.281286
0.183882
0.114354
0.117812
0.176060
0.224186
0.219012
0.172486
0.128124
0.102396
0.080270
0.048848
0.003364
-0.055592
-0.120484
-0.180156
-0.235396
-0.287426
-0.320700
-0.325822
-0.308210
-0.280784
-0.255120
-0.222880
-0.176358
-0.115492
-0.040250
0.039176
0.113538
0.179806
0.227488
0.250264
0.259412
0.265988
0.273012
0.276890
0.272924
0.256708
0.228344
0.196352
0.164344
0.136746
0.118180
0.104260
0.092966
0.081074
0.065594
0.050834
0.037438
0.025228
0.017488
0.021620
0.055392
0.129098
0.217058
0.268034
0.259470
0.220008
0.186158
0.165986
0.146848
0.119752
0.080750
0.022314
-0.055138
-0.139508
-0.202106
-0.225694
-0.223914
-0.210858
-0.200000
-0.192406
-0.180632
-0.165576
-0.143010
-0.109606
-0.072528
-0.039886
-0.015240
-0.000302
0.008914
0.020616
0.039336
0.067730
0.109564
0.165462
0.219198
0.250838
0.263032
0.269752
0.280940
0.299286
0.317584
0.331274
0.346538
0.357570
0.356466
0.349696
0.339962
0.330760
0.322914
0.311888
0.296624
0.271116
0.223410
0.161846
0.114924
0.101434
0.123482
0.163636
0.198058
0.221894
0.239782
0.246836
0.248196
0.251784
0.251006
0.244134
0.244662
0.261556
0.297134
0.340932
0.365870
0.364954
0.341772
0.303570
0.267188
0.256162
0.284298
0.326938
0.359792
0.382332
0.398350
0.416576
0.438398
0.456680
0.468966
0.473352
0.464910
0.435304
0.381164
0.306762
0.220298
0.134884
0.067882
0.033816
0.030156
0.045202
0.072980
0.107506
0.131568
0.129658
0.107202
0.081366
0.066760
0.073906
0.102728
0.138790
0.168906
0.184388
0.179310
0.157450
0.133894
0.122296
0.128770
0.156732
0.196020
0.225430
0.215518
0.153178
0.075570
0.021552
-0.004136
-0.009998
-0.010312
-0.011696
-0.014188
-0.015462
-0.017764
-0.037634
-0.074846
-0.117752
-0.155126
-0.178266
-0.188160
-0.179996
-0.154608
-0.123320
-0.093046
-0.060902
-0.029168
0.003124
0.037292
0.064462
0.077318
0.070388
0.049328
0.030258
0.017328
0.003562
-0.013018
-0.035158
-0.054372
-0.065098
-0.073086
-0.077406
-0.090346
-0.126094
-0.185488
-0.258884
-0.315290
-0.338528
-0.335656
-0.294264
-0.189004
-0.017422
0.187086
0.364724
0.462870
0.480416
0.456598
0.423280
0.389764
0.364232
0.354138
0.349398
0.342386
0.334984
0.324026
0.314774
0.305802
0.287272
0.262224
0.229524
0.187042
0.141432
0.106142
0.091884
0.099830
0.118768
0.134340
0.141628
0.140740
0.130382
0.120678
0.117980
0.110402
0.100964
0.091382
0.070820
0.042138
0.008908
-0.028472
-0.056772
-0.067912
-0.063626
-0.045380
-0.021688
0.004462
0.031292
0.039924
0.017028
-0.031994
-0.087654
-0.132574
-0.159722
-0.166552
-0.162284
-0.159152
-0.156550
-0.148756
-0.127930
-0.086704
-0.028656
0.041532
0.107766
0.143360
0.144712
0.128520
0.108298
0.090156
0.073300
0.046700
-0.003370
-0.080750
-0.173068
-0.255394
-0.313796
-0.351894
-0.382968
-0.416978
-0.456920
-0.507204
-0.557680
-0.592454
-0.593264
-0.552970
-0.497350
-0.461238
-0.471096
-0.528922
-0.605150
-0.662086
-0.677718
-0.652636
-0.612868
-0.577790
-0.541730
-0.497704
-0.436282
-0.340852
-0.210382
-0.073564
0.041488
0.121872
0.164908
0.175456
0.165500
0.146882
0.119680
0.089150
0.060998
0.040794
0.039516
0.053176
0.068080
0.075178
0.071082
0.044438
-0.020522
-0.113238
-0.206400
-0.271420
-0.282132
-0.248444
-0.202720
-0.159212
-0.120616
-0.094148
-0.084342
-0.080802
-0.071468
-0.056754
-0.037990
0.001658
0.079046
0.184338
0.282054
0.337548
0.345934
0.315520
0.253680
0.166918
0.063364
-0.030540
-0.086852
-0.106242
-0.105628
-0.091406
-0.060104
-0.011346
0.050438
0.127006
0.208162
0.271092
0.315930
0.344906
0.350942
0.340402
0.314682
0.259780
0.175254
0.081068
0.005944
-0.034794
-0.047680
-0.041872
-0.016590
0.045198
0.147040
0.271828
0.396278
0.491814
0.531348
0.500152
0.386860
0.173720
-0.110562
-0.369562
-0.514770
-0.545786
-0.535056
-0.535056
-0.538640
-0.526018
-0.499030
-0.473390
-0.458172
-0.455846
-0.457652
-0.449268
-0.416094
-0.331854
-0.185598
0.008494
0.231658
0.453786
0.630992
0.726872
0.733228
0.676322
0.597782
0.531450
0.493282
0.480938
0.487694
0.512722
0.543492
0.566310
0.575738
0.564500
0.529682
0.482024
0.441190
0.418694
0.411194
0.401314
0.380778
0.349782
0.290722
0.174362
-0.010000
-0.218186
-0.371792
-0.432202
-0.426434
-0.390990
-0.324428
-0.213496
-0.066666
0.082240
0.193974
0.256184
0.280286
0.277528
0.256752
0.223184
0.175038
0.102712
0.004318
-0.113060
-0.247480
-0.385782
-0.505438
-0.590744
-0.639662
-0.658302
-0.640622
-0.571354
-0.436998
-0.256410
-0.088450
0.020642
0.067108
0.069902
0.040354
-0.016938
-0.098680
-0.191780
-0.267070
-0.304204
-0.300836
-0.262980
-0.190950
-0.093918
0.000776
0.057628
0.053056
-0.001970
-0.080554
-0.161148
-0.234642
-0.290826
-0.321932
-0.333282
-0.335520
-0.338198
-0.338850
-0.335074
-0.337114
-0.354176
-0.381562
-0.410804
-0.434774
-0.443368
-0.433436
-0.414766
-0.399590
-0.388674
-0.390484
-0.411064
-0.437032
-0.458670
-0.470586
-0.463970
-0.434430
-0.394832
-0.360750
-0.335310
-0.317866
-0.318480
-0.330936
-0.336858
-0.338688
-0.328490
-0.293496
-0.241742
-0.183680
-0.118774
-0.052062
0.012246
0.084026
0.164826
0.240314
0.296514
0.334458
0.356036
0.364610
0.363172
0.347434
0.321196
0.283932
0.231378
0.162822
0.083440
0.000120
-0.082922
-0.155340
-0.212294
-0.243856
-0.242194
-0.217652
-0.188318
-0.165594
-0.148130
-0.136944
-0.128670
-0.123708
-0.121760
-0.117714
-0.110830
-0.101052
-0.084384
-0.061182
-0.039758
-0.021290
-0.012774
-0.019646
-0.036728
-0.055336
-0.069276
-0.078852
-0.079524
-0.068812
-0.057140
-0.045210
-0.029280
-0.012288
0.006906
0.029614
0.052652
0.073282
0.093214
0.106506
0.099254
0.060822
0.001462
-0.057420
-0.106142
-0.131398
-0.125884
-0.102022
-0.068444
-0.035994
-0.009314
0.020248
0.044024
0.052034
0.042578
0.019618
-0.003706
-0.024514
-0.045520
-0.066054
-0.086566
-0.105716
-0.120530
-0.133338
-0.144626
-0.150780
-0.155838
-0.159670
-0.159556
-0.159210
-0.156616
-0.152084
-0.145782
-0.133182
-0.111556
-0.079242
-0.040266
0.002770
0.045594
0.085026
0.123806
0.157948
0.181842
0.197614
0.211628
0.227758
0.248844
0.271268
0.293140
0.316668
0.332852
0.335184
0.320794
0.269988
0.161946
0.013144
-0.135696
-0.249996
-0.304632
-0.305292
-0.277478
-0.235378
-0.184546
-0.131874
-0.089462
-0.052908
-0.012314
0.027754
0.067614
0.108568
0.145164
0.178892
0.200362
0.185962
0.127412
0.030822
-0.085268
-0.188698
-0.247000
-0.253196
-0.226118
-0.183220
-0.134732
-0.091968
-0.062258
-0.043648
-0.029034
-0.013058
0.003178
0.014382
0.021528
0.030564
0.038630
0.044404
0.044332
0.028094
-0.005410
-0.048516
-0.089104
-0.119926
-0.141928
-0.151942
-0.149422
-0.140644
-0.130170
-0.122358
-0.119112
-0.116752
-0.107882
-0.093030
-0.073548
-0.044376
-0.005338
0.045392
0.101582
0.151100
0.186722
0.206794
0.213266
0.204556
0.191764
0.182762
0.174486
0.170718
0.173470
0.182324
0.200460
0.227200
0.254982
0.279826
0.302276
0.321178
0.329828
0.321068
0.291174
0.237304
0.162000
0.074764
0.001022
-0.038736
-0.052014
-0.054486
-0.052374
-0.043254
-0.033166
-0.027080
-0.026518
-0.041538
-0.073194
-0.116732
-0.169468
-0.221700
-0.264346
-0.292466
-0.306916
-0.305316
-0.276240
-0.215572
-0.131822
-0.046980
0.025062
0.080606
0.107366
0.105412
0.088346
0.065658
0.040828
0.017232
-0.000846
-0.014830
-0.028298
-0.043832
-0.063856
-0.083530
-0.101050
-0.122120
-0.144790
-0.166734
-0.184340
-0.189342
-0.182370
-0.169070
-0.149302
-0.124652
-0.099402
-0.074240
-0.043228
0.002224
0.063068
0.125742
0.168204
0.177632
0.161620
0.127592
0.075334
0.016508
-0.038806
-0.087648
-0.123442
-0.142434
-0.147336
-0.138864
-0.115320
-0.077750
-0.033940
0.005222
0.034520
0.057482
0.080116
0.100750
0.111734
0.110994
0.101084
0.079722
0.044910
0.002960
-0.041388
-0.085478
-0.124070
-0.159030
-0.187566
-0.202518
-0.204084
-0.191286
-0.166528
-0.133352
-0.090932
-0.042060
0.012994
0.076870
0.149014
0.216078
0.257960
0.268962
0.250300
0.206448
0.147888
0.087872
0.039706
0.003152
-0.030094
-0.061018
-0.085590
-0.102312
-0.110048
-0.108378
-0.104256
-0.100982
-0.100390
-0.109084
-0.123658
-0.139142
-0.153708
-0.162226
-0.164840
-0.160792
-0.149526
-0.133328
-0.113578
-0.095018
-0.082344
-0.079390
-0.084424
-0.090272
-0.094002
-0.093490
-0.086788
-0.079580
-0.076576
-0.073672
-0.070442
-0.071736
-0.073230
-0.071848
-0.068770
-0.061296
-0.048652
-0.028220
-0.002856
0.021888
0.044538
0.057832
0.062054
0.064024
0.061726
0.057628
0.054536
0.047440
0.036894
0.026208
0.014338
0.002786
-0.011628
-0.032314
-0.054034
-0.079098
-0.104412
-0.116548
-0.113910
-0.096276
-0.060162
-0.010746
0.048878
0.116252
0.180096
0.222748
0.234000
0.219842
0.191648
0.151786
0.094860
0.026598
-0.041352
-0.106868
-0.160004
-0.182442
-0.178222
-0.164246
-0.145852
-0.126132
-0.109716
-0.092164
-0.071844
-0.045294
-0.005324
0.037320
0.069488
0.082964
0.067180
0.028046
-0.022306
-0.073574
-0.113168
-0.132626
-0.129352
-0.112736
-0.091198
-0.065648
-0.034396
-0.001582
0.027858
0.055106
0.077382
0.094674
0.107512
0.115108
0.118300
0.112122
0.100078
0.082884
0.060480
0.040132
0.019886
0.003158
-0.008394
-0.016322
-0.022006
-0.025292
-0.018604
0.001268
0.034534
0.076092
0.111048
0.129426
0.132242
0.123776
0.112498
0.101472
0.087456
0.073068
0.062454
0.058528
0.063966
0.077210
0.093382
0.105600
0.108924
0.103636
0.089978
0.065168
0.029564
-0.004984
-0.029620
-0.043242
-0.044770
-0.039750
-0.032132
-0.022484
-0.010204
0.003410
0.015908
0.030562
0.049838
0.071322
0.093816
0.118344
0.138382
0.145066
0.133668
0.108608
0.075592
0.036898
0.005222
-0.008962
-0.013190
-0.014120
-0.008526
0.007336
0.033990
0.063374
0.088276
0.100894
0.102260
0.098676
0.084418
0.057618
0.020842
-0.021022
-0.067150
-0.112110
-0.142842
-0.155218
-0.148314
-0.126092
-0.097420
-0.064424
-0.026736
0.010172
0.042370
0.065928
0.077324
0.083826
0.091532
0.095754
0.093910
0.087072
0.076938
0.063848
0.044376
0.016994
-0.018050
-0.052754
-0.077224
-0.086128
-0.073412
-0.043998
-0.005686
0.033720
0.062096
0.080756
0.097558
0.113888
0.127528
0.133548
0.127084
0.104224
0.067042
0.023076
-0.024762
-0.069836
-0.101580
-0.115514
-0.115490
-0.107874
-0.093352
-0.072218
-0.046690
-0.022802
-0.004120
0.012880
0.029152
0.044960
0.059514
0.071070
0.082266
0.094348
0.106108
0.116678
0.123476
0.128488
0.134230
0.140298
0.148650
0.159160
0.171706
0.184346
0.194388
0.196566
0.187958
0.176096
0.160346
0.138524
0.115424
0.090652
0.064714
0.043162
0.029398
0.025804
0.030228
0.034274
0.035620
0.032170
0.022988
0.013532
0.007010
0.003748
0.002954
0.004352
0.005504
0.005592
0.007126
0.013246
0.025140
0.045002
0.073468
0.102724
0.130062
0.156258
0.177540
0.190272
0.190960
0.181168
0.169942
0.157486
0.141048
0.124080
0.104632
0.084324
0.067510
0.053404
0.045014
0.043574
0.045420
0.049788
0.058010
0.068622
0.077772
0.084640
0.090452
0.095262
0.099606
0.104888
0.112846
0.122868
0.131144
0.136900
0.137892
0.132048
0.119230
0.095786
0.064924
0.032826
0.007570
-0.005380
-0.013108
-0.013348
-0.002702
0.013334
0.033658
0.054890
0.075974
0.096278
0.108830
0.111460
0.104298
0.086766
0.060398
0.028546
-0.001498
-0.027264
-0.051144
-0.070656
-0.081808
-0.081070
-0.067752
-0.047312
-0.025012
-0.003452
0.013892
0.020462
0.015024
0.006452
-0.004356
-0.018404
-0.029934
-0.039244
-0.044260
-0.044914
-0.043924
-0.041268
-0.038608
-0.033910
-0.028184
-0.024118
-0.020168
-0.018510
-0.019372
-0.020772
-0.022384
-0.019236
-0.009584
0.001220
0.011318
0.021518
0.028148
0.028888
0.028404
0.029560
0.032110
0.040420
0.052588
0.064018
0.075206
0.080480
0.073904
0.058104
0.035368
0.009470
-0.010384
-0.022102
-0.030578
-0.036922
-0.038882
-0.037998
-0.034264
-0.024352
-0.007944
0.013594
0.036230
0.050764
0.053956
0.047800
0.033998
0.018248
0.004170
-0.005942
-0.012024
-0.014854
-0.012394
-0.003064
0.012666
0.031112
0.045276
0.051362
0.050412
0.042504
0.028176
0.011752
-0.003146
-0.015832
-0.023914
-0.026034
-0.024418
-0.023574
-0.025820
-0.031266
-0.040326
-0.048900
-0.051626
-0.048964
-0.041198
-0.027198
-0.010038
0.006922
0.019122
0.025034
0.027116
0.022570
0.013738
0.001678
-0.012416
-0.025244
-0.038914
-0.049252
-0.056976
-0.062086
-0.062718
-0.062754
-0.064518
-0.068404
-0.071514
-0.072656
-0.070272
-0.065242
-0.059040
-0.052454
-0.049254
-0.046768
-0.044814
-0.046370
-0.047160
-0.045802
-0.043238
-0.037944
-0.029028
-0.017162
-0.005360
0.003932
0.009390
0.010438
0.008576
0.002696
-0.007510
-0.016800
-0.023892
-0.030802
-0.036114
-0.040306
-0.046984
-0.055214
-0.064422
-0.075612
-0.085718
-0.092502
-0.093764
-0.089588
-0.083112
-0.075078
-0.065238
-0.054154
-0.044768
-0.037670
-0.030342
-0.023034
-0.014218
-0.003606
0.006824
0.016676
0.022306
0.018922
0.007604
-0.004618
-0.014770
-0.025794
-0.038718
-0.049416
-0.058572
-0.067694
-0.073644
-0.077386
-0.077336
-0.069666
-0.056106
-0.040830
-0.026808
-0.017832
-0.015330
-0.017272
-0.020772
-0.025110
-0.031658
-0.038386
-0.045530
-0.054280
-0.062060
-0.067890
-0.073298
-0.077492
-0.080112
-0.083108
-0.084940
-0.083596
-0.079966
-0.073884
-0.067112
-0.061250
-0.053392
-0.045506
-0.039320
-0.033062
-0.026938
-0.020088
-0.009754
0.005096
0.023914
0.045772
0.067110
0.081742
0.085846
0.080502
0.066126
0.046076
0.024452
0.004050
-0.010186
-0.017356
-0.019222
-0.014678
-0.003536
0.007798
0.014162
0.015334
0.012222
0.007804
0.002778
-0.002150
-0.005468
-0.010064
-0.016544
-0.024808
-0.034732
-0.045844
-0.059208
-0.072908
-0.084166
-0.092040
-0.095314
-0.094008
-0.089420
-0.082244
-0.073844
-0.064726
-0.056992
-0.053188
-0.052458
-0.053860
-0.056502
-0.058228
-0.056964
-0.052524
-0.046938
-0.040516
-0.031736
-0.021264
-0.012944
-0.007908
-0.006686
-0.009758
-0.014938
-0.020796
-0.027044
-0.032856
-0.037136
-0.039252
-0.037728
-0.032668
-0.024300
-0.012936
-0.001304
0.007944
0.014568
0.017558
0.017722
0.016670
0.011936
0.003362
-0.006912
-0.016202
-0.021710
-0.021938
-0.018580
-0.013468
-0.006662
-0.000530
0.005172
0.011304
0.017326
0.022962
0.026128
0.026330
0.021288
0.009838
-0.005526
-0.022906
-0.039156
-0.052764
-0.063096
-0.069958
-0.073090
-0.074098
-0.074248
-0.072644
-0.070632
-0.067116
-0.061850
-0.054148
-0.043652
-0.033206
-0.020070
-0.003684
0.010186
0.020708
0.028760
0.034362
0.038450
0.039984
0.038902
0.036256
0.030648
0.021264
0.009422
-0.004612
-0.021510
-0.037562
-0.048374
-0.054512
-0.054384
-0.048618
-0.039132
-0.025952
-0.012056
-0.000078
0.009324
0.017158
0.023356
0.028236
0.032480
0.036296
0.040290
0.042862
0.043154
0.039544
0.032184
0.022962
0.010744
-0.000554
-0.006430
-0.007260
-0.003830
0.002160
0.008492
0.014148
0.019394
0.024340
0.027280
0.027376
0.026142
0.024676
0.023080
0.019426
0.012472
0.005790
0.002666
0.002488
0.003620
0.004666
0.004212
0.001570
-0.001192
-0.001538
-0.000720
-0.001316
-0.003760
-0.008864
-0.017542
-0.030138
-0.045282
-0.059392
-0.071820
-0.082198
-0.088594
-0.088596
-0.081464
-0.071938
-0.063760
-0.057742
-0.054092
-0.052610
-0.053160
-0.053544
-0.051506
-0.047696
-0.043460
-0.038912
-0.032572
-0.024294
-0.016340
-0.009742
-0.005586
-0.005526
-0.009138
-0.013358
-0.016972
-0.020420
-0.023484
-0.026682
-0.029114
-0.028948
-0.025902
-0.019108
-0.007704
0.004920
0.017434
0.029650
0.038290
0.044226
0.047552
0.048008
0.049314
0.052818
0.057936
0.063574
0.068216
0.073798
0.081622
0.089916
0.098102
0.104836
0.108464
0.109436
0.109004
0.107242
0.103706
0.097306
0.088626
0.080010
0.072776
0.067548
0.062584
0.057082
0.053280
0.050016
0.044742
0.037634
0.026638
0.010646
-0.007386
-0.025418
-0.042072
-0.054428
-0.060798
-0.061148
-0.055922
-0.046392
-0.033968
-0.021384
-0.010634
-0.001566
0.005840
0.012416
0.018888
0.023300
0.025400
0.025978
0.024626
0.022932
0.020062
0.014524
0.008614
0.003672
-0.000794
-0.004848
-0.008188
-0.010540
-0.011486
-0.013000
-0.016428
-0.022460
-0.030822
-0.037574
-0.042940
-0.046406
-0.046718
-0.045712
-0.043916
-0.041228
-0.036704
-0.031164
-0.025920
-0.021638
-0.020748
-0.022190
-0.023136
-0.023336
-0.023486
-0.024704
-0.026750
-0.029468
-0.030210
-0.025976
-0.017508
-0.004986
0.009916
0.023046
0.032292
0.037452
0.039166
0.037612
0.031836
0.023036
0.015260
0.011288
0.009730
0.009964
0.013186
0.018492
0.025882
0.034640
0.044020
0.052194
0.058536
0.066362
0.074416
0.081222
0.086998
0.091748
0.095870
0.098524
0.098738
0.095624
0.088394
0.076068
0.058464
0.037958
0.018744
0.002108
-0.010676
-0.019008
-0.024778
-0.026662
-0.023648
-0.016418
-0.008406
-0.002656
0.000826
0.002008
0.002026
0.000816
-0.001336
-0.002966
-0.004392
-0.005212
-0.005094
-0.004884
-0.005632
-0.008274
-0.011386
-0.013688
-0.015434
-0.015788
-0.015382
-0.015976
-0.016870
-0.017206
-0.016092
-0.012168
-0.004926
0.004868
0.015146
0.023944
0.029044
0.029620
0.027344
0.024176
0.021492
0.018386
0.014360
0.011110
0.008082
0.004780
0.001792
-0.002484
-0.008568
-0.015338
-0.022366
-0.027674
-0.030642
-0.032662
-0.033286
-0.033212
-0.034446
-0.035854
-0.035942
-0.036924
-0.037224
-0.033106
-0.026004
-0.015658
-0.002180
0.010678
0.021116
0.029286
0.033938
0.034366
0.031508
0.025916
0.019270
0.012274
0.004268
-0.004972
-0.013964
-0.021124
-0.026984
-0.031978
-0.035776
-0.039188
-0.043002
-0.046442
-0.050080
-0.054068
-0.057930
-0.060460
-0.061532
-0.063224
-0.064736
-0.064828
-0.062366
-0.056804
-0.050522
-0.044162
-0.037076
-0.030082
-0.023024
-0.017208
-0.014600
-0.014310
-0.015462
-0.016438
-0.015546
-0.012860
-0.008198
-0.003186
0.000412
0.002436
0.000330
-0.006178
-0.013824
-0.021502
-0.028304
-0.033282
-0.035976
-0.033600
-0.024188
-0.009082
0.008798
0.025744
0.039144
0.048926
0.055748
0.059182
0.059346
0.057716
0.056578
0.056032
0.053204
0.046070
0.034366
0.020528
0.006638
-0.007272
-0.019162
-0.025606
-0.028048
-0.029840
-0.029382
-0.025800
-0.020458
-0.015436
-0.011588
-0.008882
-0.007868
-0.007024
-0.004246
0.000120
0.003508
0.004488
0.003692
0.001314
-0.003534
-0.009022
-0.012452
-0.014204
-0.016786
-0.019988
-0.022656
-0.024766
-0.024110
-0.021700
-0.019022
-0.014400
-0.007260
0.002510
0.013796
0.025500
0.036000
0.043092
0.046738
0.047718
0.047354
0.046668
0.047664
0.049382
0.048292
0.043548
0.034770
0.022928
0.007840
-0.010720
-0.031200
-0.050180
-0.064130
-0.071978
-0.073804
-0.070672
-0.063366
-0.054694
-0.045910
-0.036266
-0.026106
-0.015976
-0.005972
0.004140
0.013364
0.021724
0.029730
0.035844
0.037780
0.035978
0.031208
0.023396
0.014168
0.004836
-0.005398
-0.017162
-0.028480
-0.037322
-0.043590
-0.047650
-0.048648
-0.047388
-0.044872
-0.040284
-0.034272
-0.026898
-0.018368
-0.009382
-0.000156
0.010614
0.022876
0.032702
0.038516
0.040180
0.038144
0.034482
0.031474
0.030418
0.031032
0.032438
0.033076
0.032582
0.030784
0.026930
0.022536
0.018980
0.018392
0.023346
0.031300
0.038932
0.046314
0.053790
0.059926
0.064002
0.066930
0.068836
0.069634
0.070654
0.071686
0.071078
0.068408
0.061730
0.050084
0.036418
0.021618
0.005798
-0.007734
-0.017284
-0.022322
-0.022766
-0.020210
-0.014576
-0.004818
0.008774
0.023238
0.035998
0.047142
0.055722
0.060486
0.061676
0.059638
0.055012
0.049386
0.044618
0.041408
0.039022
0.037222
0.034950
0.031996
0.030490
0.030206
0.032016
0.035778
0.039168
0.043160
0.048182
0.054658
0.061564
0.066334
0.067332
0.064244
0.059942
0.056200
0.053232
0.050570
0.047844
0.045080
0.043122
0.043366
0.044396
0.044842
0.043228
0.038766
0.034616
0.031646
0.028606
0.027082
0.027454
0.029308
0.032066
0.034256
0.036270
0.038488
0.041608
0.045630
0.047312
0.044502
0.040270
0.038224
0.037888
0.038784
0.040582
0.041308
0.039206
0.033668
0.025806
0.017128
0.008408
0.001320
-0.002388
-0.003050
-0.001476
0.001160
0.002016
-0.000006
-0.004436
-0.011070
-0.017670
-0.022660
-0.025570
-0.025792
-0.023450
-0.018466
-0.010880
-0.000054
0.014346
0.030464
0.043234
0.049302
0.052852
0.056074
0.057350
0.057084
0.054818
0.050256
0.044368
0.037714
0.031070
0.025532
0.021298
0.017368
0.011878
0.004418
-0.005030
-0.015592
-0.024546
-0.030692
-0.032896
-0.029864
-0.022962
-0.013814
-0.004200
0.003294
0.009196
0.014398
0.017432
0.017310
0.014544
0.010028
0.005170
0.000612
-0.003828
-0.007754
-0.012002
-0.017602
-0.024584
-0.032108
-0.038554
-0.042950
-0.044808
-0.045098
-0.044156
-0.040748
-0.035654
-0.029868
-0.023344
-0.016002
-0.007600
0.001300
0.009874
0.017936
0.024362
0.027510
0.026860
0.022372
0.014252
0.003652
-0.007258
-0.016350
-0.022674
-0.026732
-0.029026
-0.029072
-0.027060
-0.023954
-0.019712
-0.014760
-0.008854
-0.002554
0.001852
0.004244
0.003142
-0.001518
-0.007598
-0.014146
-0.019876
-0.025270
-0.030312
-0.034230
-0.037876
-0.041264
-0.043922
-0.045090
-0.043820
-0.041700
-0.041200
-0.041996
-0.043208
-0.044994
-0.046472
-0.047080
-0.045114
-0.040154
-0.033688
-0.026426
-0.019302
-0.012026
-0.005468
-0.000510
0.002066
0.001718
-0.000360
-0.003734
-0.007250
-0.010676
-0.014194
-0.016892
-0.018284
-0.017142
-0.014722
-0.013664
-0.013640
-0.013828
-0.015204
-0.018720
-0.023068
-0.027676
-0.032526
-0.037060
-0.042360
-0.047600
-0.050234
-0.050662
-0.050166
-0.047722
-0.042614
-0.035696
-0.027554
-0.019280
-0.011888
-0.006136
-0.002074
0.000916
0.002698
0.004878
0.007424
0.009474
0.012620
0.015934
0.016622
0.013782
0.007528
-0.002286
-0.013470
-0.023916
-0.033974
-0.043384
-0.052098
-0.060280
-0.066378
-0.068670
-0.066206
-0.059660
-0.050930
-0.040050
-0.027438
-0.015780
-0.008082
-0.004006
-0.002018
-0.002184
-0.002900
-0.002304
-0.000248
0.002014
0.003742
0.006208
0.009850
0.012946
0.014328
0.014976
0.015418
0.015564
0.016168
0.017390
0.017142
0.013748
0.009766
0.006224
0.001734
-0.002752
-0.006188
-0.007706
-0.007014
-0.005792
-0.004966
-0.003348
-0.001146
-0.000554
-0.001838
-0.004362
-0.007252
-0.008326
-0.005640
0.000730
0.007702
0.012796
0.015500
0.016186
0.015290
0.012970
0.009222
0.003408
-0.004100
-0.011448
-0.016560
-0.018368
-0.016436
-0.012060
-0.006322
0.000466
0.008154
0.016202
0.023278
0.029680
0.035288
0.040048
0.042982
0.042588
0.039186
0.032428
0.022244
0.010538
-0.001366
-0.012834
-0.022452
-0.028964
-0.032160
-0.032594
-0.030972
-0.026916
-0.020198
-0.012902
-0.007082
-0.003426
-0.002574
-0.003926
-0.005616
-0.007120
-0.008856
-0.010788
-0.012648
-0.014552
-0.015546
-0.014976
-0.012276
-0.007532
-0.002720
0.002170
0.006400
0.009416
0.011688
0.012240
0.012666
0.013798
0.014758
0.015798
0.016020
0.014866
0.012812
0.009964
0.007134
0.004520
0.001998
0.000234
-0.000820
-0.000038
0.003510
0.009140
0.015410
0.021080
0.026394
0.030254
0.031600
0.030568
0.026022
0.018320
0.009494
0.000026
-0.009440
-0.017466
-0.023792
-0.027442
-0.028790
-0.030004
-0.030380
-0.029126
-0.026776
-0.023768
-0.020144
-0.014998
-0.008378
-0.000056
0.009790
0.018980
0.027224
0.035392
0.043014
0.048180
0.048428
0.044630
0.039752
0.035260
0.030634
0.024348
0.016140
0.006470
-0.003328
-0.012198
-0.019998
-0.025084
-0.026508
-0.024968
-0.021652
-0.018638
-0.017070
-0.016408
-0.015886
-0.014976
-0.013562
-0.011656
-0.009724
-0.008282
-0.007750
-0.009078
-0.012302
-0.017068
-0.023224
-0.028672
-0.031290
-0.032010
-0.031894
-0.030946
-0.029582
-0.027750
-0.026054
-0.024792
-0.023578
-0.023136
-0.023202
-0.023460
-0.023304
-0.021494
-0.018810
-0.017100
-0.017002
-0.017996
-0.020470
-0.023472
-0.025522
-0.027060
-0.027850
-0.027692
-0.026864
-0.025518
-0.023772
-0.021642
-0.019192
-0.015548
-0.011624
-0.009494
-0.008696
-0.008866
-0.009380
-0.008576
-0.006406
-0.002272
0.003534
0.008702
0.013584
0.018666
0.023460
0.027358
0.029092
0.029614
0.029566
0.029472
0.030018
0.030756
0.032248
0.034216
0.036432
0.038546
0.040494
0.042518
0.043140
0.041714
0.039330
0.037232
0.035152
0.032994
0.031302
0.029996
0.028696
0.026634
0.023000
0.017390
0.010940
0.004496
-0.001620
-0.005908
-0.008158
-0.008584
-0.007048
-0.004372
-0.000702
0.004574
0.010710
0.016230
0.020220
0.021260
0.018166
0.011662
0.004516
-0.000668
-0.003644
-0.005594
-0.006888
-0.006640
-0.004844
-0.003726
-0.005272
-0.009488
-0.015866
-0.023208
-0.030450
-0.036742
-0.040846
-0.042626
-0.042212
-0.039816
-0.036966
-0.034460
-0.031466
-0.027610
-0.023082
-0.017902
-0.011382
-0.003608
0.004548
0.012684
0.019020
0.021814
0.020950
0.017000
0.011728
0.006600
0.001928
-0.001778
-0.003800
-0.004300
-0.003392
-0.001346
0.000020
0.000548
0.001184
0.002098
0.003614
0.004812
0.003970
0.000942
-0.003756
-0.009090
-0.013866
-0.017250
-0.018916
-0.020530
-0.023038
-0.025308
-0.026918
-0.027644
-0.027356
-0.026538
-0.025602
-0.025376
-0.026170
-0.027822
-0.030334
-0.033362
-0.036310
-0.038630
-0.039676
-0.040098
-0.041278
-0.042702
-0.043278
-0.043020
-0.041934
-0.040152
-0.038290
-0.037306
-0.038378
-0.040930
-0.042268
-0.041172
-0.039196
-0.037124
-0.034270
-0.030000
-0.024584
-0.019394
-0.015250
-0.012228
-0.010140
-0.008656
-0.008024
-0.008404
-0.008582
-0.007830
-0.006792
-0.005720
-0.004546
-0.003294
-0.002338
-0.001440
-0.000474
0.000456
0.001700
0.003608
0.006086
0.008116
0.009474
0.009894
0.008822
0.006756
0.004112
0.001444
-0.000322
-0.001208
-0.000940
0.000482
0.002362
0.004324
0.006102
0.008254
0.011060
0.013248
0.014236
0.014792
0.015326
0.015102
0.013074
0.010214
0.008008
0.007174
0.007276
0.007216
0.007312
0.007800
0.008654
0.010584
0.013734
0.017628
0.021260
0.023798
0.025794
0.027712
0.029124
0.029884
0.029916
0.029096
0.027416
0.024854
0.021618
0.017740
0.013768
0.010844
0.009110
0.009176
0.011484
0.015148
0.019760
0.024418
0.028714
0.032376
0.034494
0.035660
0.036310
0.036698
0.037096
0.035612
0.031598
0.026614
0.021946
0.018922
0.018346
0.020078
0.022592
0.023328
0.021812
0.020404
0.020862
0.022296
0.022920
0.022198
0.020476
0.019038
0.019290
0.020944
0.022662
0.023688
0.024328
0.024818
0.025110
0.024762
0.022500
0.018186
0.013060
0.008000
0.002674
-0.003556
-0.009828
-0.014490
-0.016060
-0.014530
-0.011976
-0.009938
-0.008120
-0.005740
-0.002502
0.001378
0.005204
0.008380
0.011132
0.014074
0.017304
0.020254
0.022848
0.025174
0.025634
0.022672
0.017588
0.012052
0.006624
0.002228
-0.001242
-0.004976
-0.008506
-0.010036
-0.008946
-0.005302
0.000338
0.005776
0.009342
0.011404
0.011786
0.009252
0.003772
-0.003094
-0.009916
-0.015880
-0.020688
-0.024350
-0.026594
-0.027474
-0.027610
-0.026270
-0.022890
-0.018998
-0.015798
-0.013772
-0.013230
-0.013312
-0.012886
-0.012522
-0.013254
-0.015054
-0.017056
-0.018744
-0.019122
-0.018582
-0.018758
-0.019616
-0.020762
-0.020594
-0.017812
-0.013098
-0.007246
-0.001434
0.003010
0.006198
0.008854
0.010968
0.010818
0.007454
0.002506
-0.001674
-0.003924
-0.005316
-0.006302
-0.006902
-0.007492
-0.007742
-0.007926
-0.008366
-0.008508
-0.008222
-0.007604
-0.006012
-0.003128
0.000126
0.003118
0.005884
0.007592
0.007944
0.006742
0.004250
0.001384
-0.001652
-0.004258
-0.005848
-0.005888
-0.004434
-0.002370
-0.000902
0.000016
0.000622
-0.000038
-0.001296
-0.003972
-0.009972
-0.018074
-0.025972
-0.031684
-0.035972
-0.039920
-0.043120
-0.044946
-0.043238
-0.037564
-0.029358
-0.019842
-0.010402
-0.002288
0.004240
0.008982
0.011322
0.011422
0.009836
0.007248
0.005128
0.004596
0.005124
0.006558
0.008332
0.008518
0.005980
0.001562
-0.002772
-0.006006
-0.007756
-0.007902
-0.006572
-0.004456
-0.002232
-0.000468
0.000198
-0.000272
-0.003324
-0.009688
-0.017808
-0.025990
-0.031540
-0.032398
-0.028180
-0.019472
-0.009242
-0.000710
0.004934
0.009284
0.014896
0.021992
0.029704
0.036456
0.040314
0.040502
0.036846
0.030942
0.025872
0.023118
0.021830
0.020580
0.017720
0.012400
0.006296
0.002324
0.002650
0.007688
0.016760
0.027292
0.036632
0.043636
0.047542
0.049514
0.050740
0.051066
0.051500
0.052952
0.055350
0.058736
0.062872
0.066572
0.068586
0.069028
0.069024
0.069394
0.069606
0.069332
0.068392
0.066380
0.063202
0.059462
0.055526
0.050206
0.043288
0.035942
0.029820
0.026510
0.026206
0.028274
0.032634
0.038286
0.042888
0.045532
0.045710
0.043288
0.039576
0.035556
0.031630
0.026934
0.020740
0.014366
0.009596
0.006864
0.005580
0.004666
0.003438
0.002802
0.003014
0.004112
0.006336
0.008952
0.011034
0.011928
0.011656
0.010304
0.008480
0.006592
0.004634
0.003582
0.004228
0.005810
0.007410
0.008624
0.009124
0.009540
0.010132
0.010454
0.010318
0.009994
0.009440
0.009200
0.010412
0.012292
0.014494
0.016924
0.018690
0.019474
0.018290
0.015400
0.012816
0.012354
0.013972
0.016202
0.018016
0.018134
0.017066
0.016362
0.016928
0.019970
0.025304
0.032006
0.038344
0.042786
0.045598
0.045664
0.042560
0.038756
0.035506
0.032724
0.030704
0.029234
0.028284
0.027338
0.025724
0.024456
0.024758
0.025940
0.026572
0.026174
0.024934
0.023876
0.023278
0.022018
0.019316
0.015616
0.012246
0.009480
0.006368
0.003074
0.000898
0.000044
-0.000116
0.000422
0.001056
0.001194
0.001430
0.001326
0.000070
-0.001950
-0.003758
-0.004574
-0.004390
-0.002934
-0.000702
0.002040
0.006000
0.010776
0.015248
0.018734
0.021250
0.022566
0.023098
0.023224
0.022678
0.021156
0.018230
0.014780
0.011568
0.008432
0.005840
0.004044
0.003398
0.004270
0.005458
0.006492
0.007590
0.008364
0.008638
0.008624
0.008232
0.007226
0.006348
0.005758
0.005564
0.005832
0.006236
0.007140
0.008924
0.010944
0.011828
0.010820
0.007450
0.001594
-0.005846
-0.013312
-0.018930
-0.022178
-0.023554
-0.022700
-0.020240
-0.018308
-0.017728
-0.017982
-0.019654
-0.023394
-0.028708
-0.033852
-0.037118
-0.038178
-0.036452
-0.032180
-0.027598
-0.023814
-0.020810
-0.018554
-0.016508
-0.014630
-0.012458
-0.009164
-0.005142
-0.002236
-0.001568
-0.002730
-0.005616
-0.009228
-0.012796
-0.016286
-0.019290
-0.021512
-0.021784
-0.020612
-0.019598
-0.019512
-0.020330
-0.019806
-0.016064
-0.009330
-0.001564
0.004694
0.009534
0.014304
0.018740
0.022230
0.024958
0.027012
0.027894
0.026884
0.024394
0.021952
0.020310
0.020012
0.020284
0.019896
0.019126
0.017666
0.015526
0.012824
0.008700
0.004194
-0.000404
-0.006126
-0.012420
-0.018920
-0.024748
-0.027992
-0.027274
-0.022226
-0.014572
-0.006936
-0.000392
0.005120
0.010262
0.014242
0.015948
0.015274
0.012330
0.007918
0.002382
-0.003988
-0.010946
-0.017982
-0.023974
-0.028906
-0.032506
-0.034536
-0.035014
-0.032568
-0.027530
-0.021632
-0.016388
-0.012780
-0.010058
-0.007138
-0.003774
-0.000648
0.000694
0.001140
0.002316
0.003308
0.002588
-0.001386
-0.008106
-0.015272
-0.021430
-0.025826
-0.028054
-0.028836
-0.028838
-0.028164
-0.026798
-0.024680
-0.022402
-0.019610
-0.015162
-0.010544
-0.007652
-0.006390
-0.005698
-0.005088
-0.006504
-0.009790
-0.012894
-0.016332
-0.020088
-0.024214
-0.029108
-0.033326
-0.035908
-0.037108
-0.037054
-0.035506
-0.032282
-0.027420
-0.020882
-0.012764
-0.004308
0.002922
0.007498
0.009532
0.009596
0.008428
0.007648
0.006670
0.004610
0.002752
0.001226
-0.001272
-0.005388
-0.010720
-0.016570
-0.021876
-0.025180
-0.026716
-0.027858
-0.028458
-0.027802
-0.026156
-0.022536
-0.017356
-0.012644
-0.008766
-0.005756
-0.002986
0.000230
0.002918
0.004398
0.005086
0.005426
0.004764
0.003930
0.004440
0.005662
0.008900
0.014710
0.020880
0.025910
0.029920
0.032436
0.031974
0.027430
0.018312
0.005884
-0.007830
-0.020470
-0.030062
-0.036578
-0.041412
-0.044994
-0.047136
-0.047814
-0.047586
-0.045828
-0.041836
-0.037434
-0.032992
-0.027334
-0.021796
-0.018698
-0.017906
-0.019000
-0.021936
-0.025452
-0.027692
-0.028252
-0.027916
-0.027382
-0.026758
-0.026416
-0.027474
-0.030854
-0.035748
-0.040786
-0.045746
-0.050154
-0.053656
-0.055448
-0.056162
-0.056366
-0.056164
-0.055898
-0.055210
-0.054098
-0.052372
-0.050030
-0.046040
-0.041430
-0.037640
-0.034040
-0.032158
-0.032228
-0.033794
-0.036728
-0.039018
-0.041018
-0.042536
-0.042816
-0.042640
-0.041516
-0.040070
-0.038908
-0.037670
-0.036934
-0.036124
-0.034402
-0.030716
-0.025632
-0.020906
-0.016022
-0.011098
-0.007596
-0.006038
-0.005860
-0.006362
-0.007978
-0.010964
-0.013230
-0.015296
-0.016256
-0.015180
-0.015408
-0.015728
-0.015858
-0.016662
-0.016914
-0.016782
-0.016174
-0.015080
-0.013438
-0.011366
-0.008516
-0.005928
-0.004696
-0.003586
-0.003230
-0.004794
-0.006692
-0.008752
-0.011500
-0.014372
-0.017084
-0.019452
-0.021854
-0.023926
-0.025604
-0.025702
-0.024626
-0.022824
-0.019322
-0.016886
-0.016898
-0.017996
-0.018222
-0.016236
-0.012670
-0.008972
-0.006406
-0.004950
-0.004908
-0.005566
-0.005836
-0.006480
-0.007090
-0.008854
-0.013348
-0.018714
-0.023708
-0.027340
-0.028868
-0.030352
-0.032042
-0.032816
-0.032982
-0.032486
-0.031332
-0.029788
-0.029112
-0.030236
-0.034086
-0.040624
-0.046686
-0.050664
-0.053456
-0.054674
-0.053434
-0.050338
-0.047014
-0.044238
-0.041294
-0.038326
-0.035840
-0.032900
-0.029552
-0.027256
-0.025746
-0.024008
-0.021270
-0.016986
-0.012998
-0.011340
-0.011212
-0.011936
-0.014538
-0.018066
-0.021282
-0.024682
-0.027912
-0.030024
-0.030520
-0.030012
-0.026776
-0.021524
-0.018298
-0.016490
-0.015936
-0.016756
-0.017438
-0.018324
-0.019392
-0.020376
-0.021050
-0.021048
-0.021158
-0.021182
-0.020164
-0.017736
-0.015116
-0.013342
-0.011810
-0.010600
-0.009760
-0.008796
-0.008892
-0.011302
-0.014848
-0.019000
-0.022616
-0.024252
-0.024962
-0.024550
-0.023038
-0.021310
-0.018550
-0.016240
-0.014792
-0.011688
-0.007548
-0.003758
0.000220
0.003622
0.005568
0.006770
0.006716
0.005754
0.004474
0.001476
-0.002772
-0.006438
-0.011822
-0.019010
-0.024440
-0.028600
-0.031026
-0.031716
-0.031272
-0.028100
-0.023498
-0.018578
-0.012198
-0.005034
0.001694
0.007272
0.010458
0.011394
0.010620
0.008860
0.006788
0.003444
-0.000894
-0.005136
-0.009030
-0.011834
-0.012202
-0.012142
-0.012452
-0.012328
-0.012458
-0.011644
-0.011098
-0.011130
-0.010832
-0.010130
-0.008472
-0.005040
0.001236
0.007680
0.013316
0.019242
0.022874
0.025048
0.027968
0.030292
0.031962
0.033574
0.035632
0.036834
0.036514
0.035318
0.032666
0.029510
0.026580
0.025314
0.025174
0.024258
0.024962
0.027134
0.028146
0.028764
0.029458
0.028962
0.027872
0.027006
0.024876
0.020960
0.017210
0.014260
0.011202
0.008614
0.007606
0.006670
0.003858
0.000530
-0.001990
-0.004686
-0.007832
-0.010058
-0.009670
-0.007534
-0.006068
-0.005904
-0.007130
-0.009146
-0.009782
-0.009240
-0.009372
-0.009202
-0.008754
-0.007546
-0.004912
-0.003146
-0.002326
-0.001914
-0.002554
-0.003196
-0.003466
-0.004044
-0.004902
-0.007116
-0.010098
-0.012224
-0.012906
-0.011926
-0.009996
-0.007426
-0.003994
-0.000950
0.000088
-0.000460
-0.002986
-0.007080
-0.009832
-0.009818
-0.008546
-0.006412
-0.002638
0.002192
0.006982
0.010696
0.013558
0.014572
0.012720
0.009380
0.004404
-0.002058
-0.008266
-0.014240
-0.019188
-0.021512
-0.021848
-0.020718
-0.018022
-0.013944
-0.010006
-0.008256
-0.007404
-0.006720
-0.006546
-0.007440
-0.008834
-0.009050
-0.008612
-0.007488
-0.007022
-0.007390
-0.008088
-0.009282
-0.009656
-0.008982
-0.007172
-0.004680
-0.003430
-0.003104
-0.002136
-0.001330
-0.000410
0.000660
0.001180
0.001972
0.002572
0.002782
0.002522
0.000666
-0.001266
-0.002412
-0.003772
-0.004072
-0.002566
0.000646
0.005958
0.011106
0.015266
0.018920
0.021574
0.024556
0.027092
0.028132
0.027852
0.026108
0.024204
0.022534
0.020884
0.019120
0.017004
0.015590
0.013764
0.010680
0.006156
-0.000948
-0.009304
-0.017772
-0.026524
-0.034214
-0.038018
-0.037430
-0.033952
-0.029318
-0.025004
-0.020968
-0.016926
-0.013138
-0.009192
-0.005286
-0.002336
0.000170
0.002288
0.003048
0.001928
0.000210
-0.001818
-0.004058
-0.004596
-0.004266
-0.003802
-0.003360
-0.002854
-0.001512
0.000288
0.001052
-0.000484
-0.003338
-0.005792
-0.007748
-0.010116
-0.011874
-0.013016
-0.013812
-0.013184
-0.011852
-0.010886
-0.010008
-0.008648
-0.007068
-0.006124
-0.005952
-0.006364
-0.006490
-0.005162
-0.002488
0.000840
0.004428
0.008622
0.012248
0.013144
0.012830
0.012584
0.012468
0.013738
0.015318
0.017048
0.019134
0.021122
0.023664
0.026202
0.028332
0.029506
0.030648
0.033776
0.037834
0.042346
0.046652
0.049430
0.051550
0.052526
0.051602
0.049826
0.046466
0.041204
0.036226
0.033674
0.033294
0.034050
0.035876
0.037540
0.038394
0.037942
0.036212
0.033104
0.028692
0.024384
0.020428
0.017480
0.015206
0.013108
0.011948
0.011152
0.010356
0.009138
0.008554
0.009510
0.011240
0.013244
0.014698
0.016262
0.017842
0.018936
0.020366
0.022264
0.023820
0.024286
0.024484
0.025890
0.027300
0.027994
0.028756
0.028832
0.027718
0.026580
0.026062
0.024856
0.022414
0.019320
0.017456
0.017714
0.018330
0.018174
0.018362
0.020096
0.022878
0.025536
0.027454
0.029178
0.030538
0.031814
0.033442
0.034456
0.034826
0.034914
0.035080
0.034294
0.032786
0.032120
0.031226
0.030822
0.031458
0.031586
0.030562
0.029106
0.028058
0.026962
0.026008
0.024246
0.021882
0.019594
0.016456
0.014710
0.014316
0.013974
0.014558
0.015504
0.017986
0.021610
0.024140
0.026376
0.028768
0.031734
0.035622
0.038642
0.040310
0.040740
0.039020
0.036576
0.034018
0.029516
0.024070
0.018714
0.013942
0.011540
0.010914
0.011136
0.011350
0.011660
0.013436
0.016224
0.019026
0.020778
0.022758
0.024518
0.024724
0.024760
0.023350
0.021352
0.020188
0.019922
0.021268
0.023016
0.024246
0.024774
0.025220
0.025800
0.026768
0.028118
0.029724
0.032482
0.034834
0.037558
0.041612
0.044594
0.046120
0.045754
0.044084
0.042432
0.040788
0.038874
0.035558
0.030958
0.027104
0.023558
0.019626
0.017486
0.016532
0.014750
0.013182
0.012774
0.012958
0.012806
0.011494
0.008826
0.005586
0.002254
0.000890
0.002624
0.004616
0.006096
0.006594
0.006196
0.006768
0.007988
0.010354
0.013544
0.015686
0.018156
0.022438
0.027316
0.031258
0.033808
0.034566
0.032498
0.028678
0.025132
0.021260
0.016778
0.013016
0.010580
0.009530
0.009636
0.009672
0.010344
0.012242
0.014210
0.016010
0.017434
0.019228
0.021872
0.024336
0.027018
0.029360
0.030294
0.030684
0.030092
0.028704
0.026684
0.024288
0.022066
0.020252
0.019336
0.018716
0.017624
0.015476
0.012328
0.009150
0.006704
0.006068
0.007070
0.007746
0.007486
0.006042
0.004320
0.002728
0.000782
-0.000404
-0.000898
-0.001646
-0.003212
-0.006668
-0.011640
-0.015954
-0.018258
-0.019016
-0.019420
-0.018564
-0.016096
-0.012966
-0.009144
-0.004900
-0.000608
0.001198
0.000718
0.000754
0.000504
0.000432
0.001090
0.001144
0.001738
0.003456
0.005214
0.008084
0.011072
0.011042
0.009456
0.008716
0.009584
0.011442
0.012594
0.014330
0.015052
0.013784
0.012696
0.010914
0.009256
0.007318
0.004892
0.003546
0.003872
0.006412
0.008706
0.010334
0.012956
0.015748
0.017596
0.019056
0.020936
0.021418
0.021020
0.021510
0.020998
0.018638
0.016086
0.014668
0.014152
0.013502
0.012542
0.011078
0.009366
0.008218
0.007012
0.006668
0.007364
0.007438
0.007946
0.008636
0.007824
0.007162
0.007048
0.006544
0.007294
0.009352
0.011294
0.013104
0.015092
0.016200
0.015192
0.012368
0.008310
0.005168
0.003640
0.000948
-0.001120
-0.002278
-0.004226
-0.004864
-0.004430
-0.003608
-0.002906
-0.003442
-0.005436
-0.007062
-0.008500
-0.010556
-0.011786
-0.012264
-0.011816
-0.009990
-0.008106
-0.006630
-0.004260
-0.002404
-0.001574
0.001026
0.004554
0.006110
0.006248
0.006052
0.005682
0.005822
0.006024
0.006230
0.005700
0.003470
0.001440
0.000222
-0.000870
-0.000976
-0.000414
-0.000574
-0.001540
-0.002848
-0.002882
-0.002366
-0.002536
-0.002640
-0.002724
-0.002016
-0.001528
-0.001502
-0.000466
0.001092
0.002238
0.002268
0.000886
-0.002178
-0.005046
-0.006376
-0.006446
-0.006400
-0.008886
-0.011362
-0.012820
-0.014336
-0.013050
-0.010658
-0.009494
-0.007292
-0.003192
0.001276
0.005058
0.007456
0.009618
0.012410
0.014434
0.015908
0.016952
0.018482
0.020466
0.021408
0.022414
0.022064
0.020432
0.019480
0.017484
0.015026
0.013536
0.013912
0.016940
0.021154
0.025124
0.027770
0.028846
0.029266
0.030442
0.032068
0.033332
0.035324
0.035868
0.034154
0.033122
0.031734
0.029340
0.027538
0.025514
0.022972
0.020420
0.017810
0.016816
0.016158
0.013878
0.011776
0.010524
0.010910
0.013096
0.015082
0.015362
0.014496
0.012886
0.010784
0.008910
0.006720
0.004244
0.000970
-0.002544
-0.005014
-0.007440
-0.009346
-0.010594
-0.011894
-0.011866
-0.011046
-0.010228
-0.007994
-0.004964
-0.002988
-0.002434
-0.002244
-0.000460
0.000856
0.000270
-0.001532
-0.004018
-0.006144
-0.008514
-0.009944
-0.010474
-0.010244
-0.008374
-0.005990
-0.003854
-0.001382
0.001070
0.002456
0.003252
0.003388
0.003588
0.005012
0.006930
0.007422
0.007136
0.006778
0.004398
0.001406
-0.001382
-0.004794
-0.007954
-0.009562
-0.010352
-0.011036
-0.010330
-0.008604
-0.006132
-0.004184
-0.003500
-0.003536
-0.004694
-0.006650
-0.008978
-0.011440
-0.013604
-0.014954
-0.016926
-0.019574
-0.021522
-0.022814
-0.023250
-0.023070
-0.022252
-0.022340
-0.023434
-0.022902
-0.021298
-0.020640
-0.020552
-0.020658
-0.020168
-0.019538
-0.019650
-0.019230
-0.019706
-0.020808
-0.021542
-0.021776
-0.021676
-0.021810
-0.021882
-0.021346
-0.019708
-0.017478
-0.014538
-0.012404
-0.011194
-0.010678
-0.011434
-0.012632
-0.014386
-0.016452
-0.017902
-0.018368
-0.019138
-0.020180
-0.020860
-0.022394
-0.023822
-0.024272
-0.025372
-0.026832
-0.027300
-0.028360
-0.030334
-0.032150
-0.034348
-0.036344
-0.037354
-0.037814
-0.038016
-0.037870
-0.038054
-0.037870
-0.037234
-0.036650
-0.035966
-0.035404
-0.034762
-0.034386
-0.032972
-0.030262
-0.027874
-0.026484
-0.025812
-0.025194
-0.023654
-0.020918
-0.018066
-0.014396
-0.009660
-0.004944
-0.000292
0.003456
0.006536
0.009058
0.010612
0.012222
0.013702
0.014592
0.014954
0.015408
0.016184
0.017088
0.016808
0.014658
0.013178
0.012260
0.010734
0.008086
0.005028
0.003128
0.001124
-0.000678
-0.002210
-0.004134
-0.005164
-0.005414
-0.005764
-0.005328
-0.003692
-0.002454
-0.003246
-0.005188
-0.007236
-0.009406
-0.009990
-0.009496
-0.009392
-0.008896
-0.007202
-0.005512
-0.004240
-0.001856
0.000812
0.002714
0.004114
0.005180
0.005040
0.003100
-0.000026
-0.004248
-0.009378
-0.014480
-0.019080
-0.023334
-0.027780
-0.031986
-0.034990
-0.036722
-0.037546
-0.037866
-0.037254
-0.036064
-0.035008
-0.034548
-0.034326
-0.033732
-0.034070
-0.034688
-0.035918
-0.038630
-0.040206
-0.040582
-0.040364
-0.039962
-0.040378
-0.040906
-0.041898
-0.043600
-0.044456
-0.045440
-0.046874
-0.046564
-0.045216
-0.043370
-0.040682
-0.037602
-0.035246
-0.033890
-0.032660
-0.032038
-0.031778
-0.031544
-0.030736
-0.029730
-0.030106
-0.031174
-0.032252
-0.031398
-0.028354
-0.025862
-0.024766
-0.023474
-0.020706
-0.018756
-0.018844
-0.020678
-0.023838
-0.026182
-0.027326
-0.028780
-0.030990
-0.033336
-0.035188
-0.035688
-0.035214
-0.035194
-0.034774
-0.033182
-0.031206
-0.029026
-0.027310
-0.026282
-0.024898
-0.023444
-0.022742
-0.021496
-0.020142
-0.019438
-0.018600
-0.017772
-0.017394
-0.017726
-0.019064
-0.022322
-0.026316
-0.029022
-0.030460
-0.030424
-0.028592
-0.026204
-0.023906
-0.021840
-0.018976
-0.015702
-0.013894
-0.012608
-0.011260
-0.009510
-0.007234
-0.006150
-0.006762
-0.007754
-0.008784
-0.009124
-0.008654
-0.007700
-0.006560
-0.006164
-0.005882
-0.006950
-0.008946
-0.009980
-0.011592
-0.012600
-0.012302
-0.011210
-0.008970
-0.006910
-0.003956
-0.000620
0.002276
0.005758
0.007846
0.009348
0.011950
0.013248
0.014308
0.016382
0.016468
0.015752
0.016600
0.016982
0.017162
0.017798
0.018704
0.020254
0.020434
0.019726
0.019508
0.018624
0.017686
0.016602
0.015540
0.016026
0.016498
0.015162
0.011170
0.006438
0.002782
-0.000872
-0.003840
-0.005504
-0.007054
-0.008886
-0.010314
-0.011500
-0.012146
-0.012400
-0.013004
-0.013110
-0.012732
-0.012962
-0.013028
-0.012560
-0.012530
-0.012926
-0.013502
-0.013490
-0.013394
-0.012614
-0.010634
-0.009012
-0.007696
-0.006010
-0.003480
-0.001558
-0.000420
0.001194
0.001944
0.001206
0.000118
-0.001112
-0.002266
-0.002872
-0.004492
-0.007332
-0.010478
-0.014086
-0.018228
-0.022292
-0.025062
-0.027478
-0.029272
-0.028816
-0.027404
-0.026074
-0.024974
-0.024484
-0.024104
-0.023304
-0.022106
-0.021682
-0.021440
-0.020464
-0.019446
-0.018950
-0.019428
-0.020464
-0.021640
-0.022404
-0.022860
-0.023408
-0.023958
-0.023472
-0.021686
-0.020066
-0.018930
-0.017280
-0.015386
-0.014068
-0.012792
-0.012092
-0.011498
-0.009222
-0.006866
-0.005588
-0.004598
-0.003322
-0.001650
-0.000310
0.001244
0.003628
0.006490
0.009786
0.013328
0.015556
0.016562
0.018020
0.020266
0.022244
0.022916
0.022880
0.022246
0.021108
0.019730
0.018520
0.017738
0.016856
0.017022
0.017950
0.018332
0.018340
0.017814
0.017578
0.017850
0.017272
0.015926
0.015104
0.014302
0.012616
0.010684
0.009622
0.009324
0.008918
0.008588
0.008186
0.006956
0.005148
0.004106
0.003128
0.002128
0.001642
0.001408
0.001164
0.000746
0.001486
0.002694
0.004314
0.005950
0.006488
0.006778
0.007364
0.008462
0.009184
0.009062
0.009234
0.010030
0.010362
0.010190
0.009204
0.007860
0.007640
0.007614
0.007128
0.005736
0.003144
0.000048
-0.002418
-0.002990
-0.002232
-0.001418
-0.000970
-0.000410
0.000130
0.001208
0.003248
0.005288
0.006452
0.006566
0.007006
0.007536
0.007072
0.005872
0.004792
0.003144
0.000376
-0.002440
-0.004732
-0.006464
-0.007566
-0.008092
-0.007794
-0.006148
-0.004580
-0.003208
-0.001682
-0.000478
0.001266
0.003362
0.005700
0.008680
0.011926
0.014284
0.015468
0.016996
0.019036
0.020636
0.021944
0.021956
0.020868
0.021348
0.022818
0.023258
0.022166
0.020376
0.018748
0.017298
0.015578
0.013144
0.010486
0.008478
0.007332
0.006738
0.007124
0.007988
0.008082
0.007592
0.007608
0.007604
0.007504
0.008350
0.009016
0.008982
0.010000
0.012282
0.014550
0.016742
0.018196
0.018726
0.020246
0.022734
0.024582
0.024424
0.022332
0.020694
0.019900
0.020152
0.022158
0.023868
0.024342
0.023452
0.020990
0.018448
0.016994
0.016704
0.017954
0.020470
0.022202
0.022278
0.021374
0.020394
0.019622
0.018786
0.018588
0.019188
0.021046
0.022646
0.021322
0.018718
0.015716
0.011728
0.007154
0.002562
-0.001102
-0.002890
-0.002544
-0.000716
0.000122
-0.000590
-0.000778
-0.001302
-0.002188
-0.002156
-0.001934
-0.001282
0.000170
0.000204
-0.001880
-0.004962
-0.008882
-0.013474
-0.016320
-0.014868
-0.010908
-0.006886
-0.003132
0.000494
0.003580
0.005558
0.006200
0.006346
0.007374
0.008894
0.009618
0.008462
0.005510
0.002258
-0.000140
-0.001736
-0.003366
-0.005020
-0.005408
-0.004222
-0.002388
-0.000364
0.001454
0.002598
0.003696
0.004792
0.005632
0.006102
0.005260
0.003822
0.002102
-0.000580
-0.003768
-0.005852
-0.005332
-0.003458
-0.002322
-0.002818
-0.004780
-0.006264
-0.006454
-0.006182
-0.005304
-0.003872
-0.001848
0.000556
0.002228
0.003656
0.006012
0.008686
0.011274
0.012646
0.011844
0.009898
0.007740
0.005694
0.003880
0.003506
0.004186
0.004558
0.004214
0.003450
0.003688
0.004602
0.005682
0.007408
0.008756
0.009224
0.008628
0.006574
0.004294
0.001776
-0.000782
-0.002188
-0.003576
-0.005540
-0.007706
-0.010296
-0.012550
-0.014230
-0.014984
-0.014066
-0.012856
-0.011682
-0.009586
-0.007112
-0.005526
-0.005348
-0.006262
-0.007702
-0.009150
-0.011008
-0.013432
-0.014782
-0.014808
-0.014686
-0.014052
-0.013006
-0.012014
-0.011144
-0.011122
-0.011764
-0.012246
-0.012120
-0.011410
-0.011026
-0.010198
-0.008462
-0.006792
-0.005334
-0.004564
-0.004516
-0.003434
-0.001346
0.000442
0.002076
0.003004
0.003708
0.004842
0.006168
0.007814
0.009116
0.008718
0.006550
0.003844
0.001688
0.001334
0.001894
0.002452
0.003702
0.004972
0.005818
0.006232
0.006052
0.005572
0.004908
0.003818
0.003114
0.003138
0.002092
-0.000070
-0.002640
-0.005338
-0.007190
-0.008862
-0.010066
-0.010108
-0.009776
-0.009042
-0.007786
-0.005664
-0.003144
-0.001280
-0.000042
0.000342
0.000040
-0.000538
-0.001792
-0.004124
-0.007188
-0.009710
-0.010982
-0.011484
-0.011510
-0.010734
-0.009474
-0.008368
-0.007714
-0.007432
-0.007472
-0.008036
-0.008204
-0.008096
-0.007606
-0.006504
-0.005628
-0.004584
-0.003494
-0.002258
-0.000620
0.001060
0.002780
0.004718
0.006818
0.008170
0.007860
0.007712
0.009312
0.012298
0.016432
0.020618
0.023536
0.024500
0.024910
0.025302
0.025342
0.025320
0.024886
0.025084
0.026216
0.027610
0.029272
0.030230
0.030582
0.030948
0.030292
0.029448
0.029112
0.028302
0.026844
0.024274
0.021580
0.020414
0.019864
0.019562
0.018968
0.017458
0.016630
0.016810
0.016770
0.016572
0.017066
0.017464
0.017248
0.015992
0.013288
0.010974
0.009740
0.008920
0.009030
0.010282
0.011718
0.012458
0.012282
0.011086
0.008748
0.006442
0.005132
0.005146
0.006390
0.007194
0.007388
0.007744
0.008218
0.008834
0.009004
0.008554
0.007804
0.006616
0.005542
0.005464
0.005928
0.006448
0.006518
0.006224
0.006358
0.006284
0.005434
0.004464
0.004834
0.006460
0.007236
0.005580
0.002132
-0.001456
-0.003942
-0.005258
-0.006038
-0.005316
-0.003234
-0.000722
0.002262
0.005124
0.008526
0.011528
0.012828
0.014128
0.015642
0.016670
0.017600
0.018382
0.018484
0.018252
0.017820
0.017052
0.016328
0.015910
0.016026
0.016044
0.015120
0.014368
0.014752
0.015214
0.015538
0.016008
0.016308
0.016424
0.017172
0.019226
0.021586
0.022790
0.022512
0.021356
0.020162
0.019846
0.020534
0.021224
0.021424
0.021412
0.020650
0.019066
0.017492
0.016128
0.015022
0.014562
0.014686
0.014520
0.013914
0.014066
0.015048
0.015538
0.015346
0.014894
0.013774
0.011958
0.010834
0.011148
0.011990
0.012402
0.012058
0.010774
0.008962
0.007526
0.006554
0.006238
0.006544
0.006390
0.005340
0.003878
0.002366
0.001084
0.000418
-0.000120
-0.001114
-0.002640
-0.004962
-0.007838
-0.009936
-0.010352
-0.009500
-0.007834
-0.005698
-0.003452
-0.001402
-0.000286
-0.000606
-0.002134
-0.003980
-0.004510
-0.003766
-0.002176
0.000718
0.003662
0.006378
0.009120
0.010416
0.009500
0.006334
0.001680
-0.002674
-0.006738
-0.011242
-0.015588
-0.019180
-0.021978
-0.024290
-0.025416
-0.024588
-0.021660
-0.016568
-0.010122
-0.004144
-0.000584
-0.001120
-0.005848
-0.012964
-0.020934
-0.027620
-0.031564
-0.033026
-0.031790
-0.028226
-0.023778
-0.019594
-0.016410
-0.014408
-0.012698
-0.010444
-0.007614
-0.005548
-0.006234
-0.009346
-0.013072
-0.015526
-0.015612
-0.014418
-0.013918
-0.015004
-0.017120
-0.018272
-0.017464
-0.015742
-0.013402
-0.010864
-0.009896
-0.010938
-0.011998
-0.012176
-0.012030
-0.012022
-0.012856
-0.014650
-0.016772
-0.019126
-0.021636
-0.023276
-0.023976
-0.024184
-0.024288
-0.024722
-0.025084
-0.025280
-0.024820
-0.022886
-0.020656
-0.019286
-0.018704
-0.019088
-0.020160
-0.021446
-0.022128
-0.021724
-0.020714
-0.019430
-0.018332
-0.017282
-0.016062
-0.014754
-0.013282
-0.012224
-0.011698
-0.010958
-0.009650
-0.008290
-0.007862
-0.008986
-0.011234
-0.013754
-0.015884
-0.017420
-0.018126
-0.017898
-0.017210
-0.016058
-0.014150
-0.011614
-0.008964
-0.006522
-0.005628
-0.007176
-0.010006
-0.012614
-0.013908
-0.014074
-0.013176
-0.011614
-0.010530
-0.010400
-0.012074
-0.014842
-0.016912
-0.017390
-0.016116
-0.013808
-0.011374
-0.009536
-0.008070
-0.007020
-0.006582
-0.006524
-0.006998
-0.008038
-0.009746
-0.012134
-0.014232
-0.014466
-0.013370
-0.012642
-0.012524
-0.013138
-0.014426
-0.015678
-0.016724
-0.016948
-0.015876
-0.014702
-0.013878
-0.013464
-0.014384
-0.016114
-0.017964
-0.019696
-0.020174
-0.019018
-0.016882
-0.014568
-0.012338
-0.010396
-0.009000
-0.008062
-0.007410
-0.006748
-0.005758
-0.004908
-0.004656
-0.004076
-0.002958
-0.001618
-0.000458
0.000268
0.001240
0.002162
0.002556
0.002872
0.003720
0.005250
0.007010
0.008274
0.008924
0.009760
0.010986
0.011938
0.012308
0.012658
0.013596
0.014498
0.014696
0.014682
0.015178
0.015692
0.015748
0.015548
0.015174
0.014846
0.014278
0.013788
0.013772
0.014106
0.014734
0.015440
0.016138
0.016284
0.015300
0.012998
0.009758
0.006940
0.005236
0.004040
0.002468
0.000494
-0.001284
-0.002632
-0.003288
-0.003908
-0.005456
-0.007360
-0.009070
-0.010190
-0.010134
-0.009228
-0.008404
-0.008070
-0.008380
-0.009846
-0.011676
-0.013132
-0.014518
-0.016012
-0.017916
-0.019742
-0.020740
-0.020618
-0.019372
-0.017536
-0.015120
-0.012248
-0.009268
-0.006142
-0.002936
0.000608
0.003714
0.004564
0.002480
-0.001084
-0.004028
-0.005062
-0.003980
-0.001366
0.002406
0.006290
0.009510
0.012156
0.013852
0.014414
0.014386
0.013894
0.013172
0.013248
0.014016
0.014656
0.015198
0.016352
0.018464
0.020972
0.022578
0.022396
0.020940
0.019214
0.017606
0.015404
0.012592
0.010456
0.008832
0.007248
0.005958
0.004828
0.003940
0.003410
0.003624
0.004648
0.006168
0.008006
0.009880
0.011128
0.011116
0.010020
0.008666
0.007832
0.007620
0.007662
0.007422
0.006800
0.006280
0.006276
0.006802
0.007992
0.009926
0.011888
0.012972
0.013308
0.013802
0.015064
0.016176
0.016092
0.015868
0.016190
0.016384
0.015844
0.014680
0.013394
0.011710
0.009276
0.006564
0.004776
0.004374
0.004410
0.004480
0.004978
0.005864
0.006560
0.006646
0.006332
0.005858
0.005372
0.004822
0.004296
0.004390
0.005238
0.006640
0.008336
0.010390
0.013228
0.015972
0.016934
0.016282
0.015462
0.014824
0.014428
0.014602
0.015166
0.015982
0.017042
0.017732
0.017386
0.016180
0.014658
0.013588
0.013674
0.014850
0.016264
0.017352
0.018224
0.018188
0.016624
0.013800
0.010554
0.007960
0.005898
0.003834
0.002680
0.003226
0.004834
0.005690
0.004360
0.002070
0.000672
0.001020
0.002504
0.003744
0.004354
0.004154
0.003100
0.001112
-0.001272
-0.002902
-0.003796
-0.004206
-0.004246
-0.004236
-0.004104
-0.003396
-0.002050
-0.000884
-0.000570
-0.001246
-0.002564
-0.003702
-0.004416
-0.004902
-0.005468
-0.006458
-0.007594
-0.008728
-0.009574
-0.009980
-0.010094
-0.009528
-0.008780
-0.007996
-0.006932
-0.006416
-0.006500
-0.005986
-0.004526
-0.003330
-0.003114
-0.003154
-0.002954
-0.002554
-0.002154
-0.002576
-0.004070
-0.005770
-0.007242
-0.008588
-0.009898
-0.010914
-0.011266
-0.011252
-0.011266
-0.011432
-0.011574
-0.011680
-0.011750
-0.011692
-0.011654
-0.011598
-0.011302
-0.010502
-0.009554
-0.009240
-0.009714
-0.010962
-0.012334
-0.012698
-0.012444
-0.012042
-0.011102
-0.009624
-0.007916
-0.006502
-0.005746
-0.005130
-0.004536
-0.004126
-0.003422
-0.002976
-0.003300
-0.004438
-0.005988
-0.006574
-0.005824
-0.004302
-0.003164
-0.002992
-0.003254
-0.003854
-0.004864
-0.005814
-0.006088
-0.005434
-0.003608
-0.000384
0.003750
0.007128
0.008710
0.009346
0.009908
0.010670
0.011476
0.011640
0.010836
0.009898
0.009308
0.008324
0.006554
0.004076
0.001402
-0.000554
-0.001318
-0.001104
-0.000616
-0.000152
0.000340
0.000912
0.001550
0.001990
0.001954
0.001292
0.000482
0.000538
0.001632
0.003208
0.004908
0.005778
0.005402
0.004164
0.002406
0.000386
-0.002322
-0.004920
-0.005876
-0.004928
-0.002772
-0.000676
0.000552
0.000718
0.000416
0.000754
0.002004
0.003636
0.005240
0.007080
0.009330
0.011392
0.012248
0.011676
0.010864
0.011102
0.012104
0.012276
0.010856
0.008694
0.007072
0.006734
0.007764
0.008590
0.007614
0.005996
0.005594
0.006722
0.008230
0.009844
0.012158
0.014002
0.013072
0.009264
0.005790
0.004850
0.005330
0.004906
0.002668
-0.000398
-0.002862
-0.005030
-0.007050
-0.008434
-0.009236
-0.009342
-0.008354
-0.006940
-0.006272
-0.007044
-0.008954
-0.010746
-0.011892
-0.012240
-0.011998
-0.011830
-0.011126
-0.009128
-0.006316
-0.004176
-0.003424
-0.003336
-0.003554
-0.004158
-0.005008
-0.005656
-0.005374
-0.003924
-0.002170
-0.000454
0.001342
0.002826
0.003886
0.004520
0.004888
0.004966
0.004476
0.003866
0.003570
0.003678
0.004162
0.004250
0.003224
0.001322
-0.000584
-0.002042
-0.002764
-0.002014
-0.000432
0.000342
0.000188
0.000382
0.001534
0.002666
0.002960
0.002916
0.003166
0.003664
0.004072
0.003972
0.003302
0.002154
0.000892
0.000500
0.001030
0.001554
0.001124
-0.000260
-0.001656
-0.002614
-0.003012
-0.003120
-0.003346
-0.003654
-0.004158
-0.004800
-0.005278
-0.005356
-0.005062
-0.004910
-0.005132
-0.005350
-0.005458
-0.005700
-0.005756
-0.005746
-0.005700
-0.004888
-0.003546
-0.002530
-0.002456
-0.003526
-0.005076
-0.005976
-0.005260
-0.002790
0.000020
0.001538
0.001276
0.000258
0.000268
0.001572
0.003090
0.004394
0.005550
0.006494
0.007422
0.008346
0.008982
0.009052
0.008578
0.007888
0.007008
0.006098
0.005016
0.003436
0.002076
0.001542
0.001224
0.000148
-0.001798
-0.004298
-0.006842
-0.008568
-0.009044
-0.008756
-0.008480
-0.008384
-0.008106
-0.007380
-0.006346
-0.005210
-0.004276
-0.003390
-0.002484
-0.002318
-0.002732
-0.003034
-0.003078
-0.003012
-0.002868
-0.002730
-0.003316
-0.004774
-0.005966
-0.005406
-0.002854
-0.000002
0.001070
0.000388
-0.000162
0.000568
0.002158
0.003522
0.004280
0.004590
0.004064
0.002448
0.000566
-0.000208
0.000234
0.000406
-0.000368
-0.001336
-0.001586
-0.000896
0.000276
0.001524
0.002800
0.004170
0.005580
0.006942
0.007832
0.007906
0.007750
0.008054
0.008834
0.009860
0.011020
0.012288
0.013698
0.015302
0.016646
0.017092
0.016948
0.016998
0.017324
0.017338
0.016996
0.016668
0.016598
0.016936
0.017584
0.018316
0.018960
0.019642
0.020250
0.020446
0.020212
0.019610
0.018774
0.017470
0.015442
0.012944
0.010222
0.007222
0.004254
0.002078
0.000632
-0.000298
-0.000712
-0.001034
-0.001488
-0.002158
-0.002940
-0.003652
-0.004206
-0.004542
-0.004836
-0.005310
-0.006064
-0.006856
-0.007296
-0.007262
-0.006898
-0.006354
-0.006058
-0.006322
-0.006654
-0.006964
-0.007436
-0.007792
-0.007958
-0.008192
-0.008340
-0.008228
-0.008386
-0.009228
-0.010474
-0.011568
-0.012526
-0.013822
-0.015184
-0.016104
-0.016220
-0.015244
-0.013736
-0.012354
-0.011194
-0.009848
-0.007786
-0.005230
-0.003204
-0.002800
-0.004066
-0.005974
-0.007404
-0.007866
-0.007646
-0.007530
-0.008088
-0.008788
-0.008976
-0.008802
-0.008716
-0.008926
-0.009386
-0.009812
-0.009900
-0.009664
-0.009088
-0.008230
-0.007350
-0.006834
-0.006938
-0.007264
-0.007514
-0.007546
-0.007210
-0.006622
-0.005934
-0.005482
-0.005254
-0.004962
-0.004820
-0.004914
-0.004728
-0.004108
-0.003172
-0.001990
-0.000940
-0.000434
-0.000654
-0.001490
-0.002636
-0.003684
-0.004544
-0.005306
-0.005800
-0.006142
-0.006520
-0.006922
-0.007132
-0.006804
-0.006202
-0.005844
-0.005912
-0.006130
-0.006156
-0.006216
-0.006744
-0.007696
-0.008530
-0.008936
-0.009206
-0.009648
-0.010004
-0.009826
-0.009116
-0.008136
-0.007236
-0.006560
-0.005822
-0.004878
-0.003930
-0.003054
-0.002262
-0.001964
-0.002378
-0.003104
-0.003684
-0.003852
-0.003436
-0.002774
-0.002414
-0.002498
-0.002946
-0.003446
-0.003742
-0.003856
-0.004004
-0.004164
-0.003942
-0.003260
-0.002540
-0.002216
-0.002262
-0.002416
-0.002398
-0.002270
-0.002336
-0.002480
-0.002566
-0.002578
-0.002454
-0.002114
-0.001676
-0.001410
-0.001186
-0.000804
-0.000122
0.000818
0.001696
0.002374
0.002792
0.003012
0.003202
0.003320
0.003312
0.003090
0.002746
0.002606
0.002638
0.002664
0.002564
0.002436
0.002480
0.002556
0.002448
0.002200
0.001992
0.001618
0.001132
0.000922
0.000700
0.000176
-0.000474
-0.000982
-0.001464
-0.002168
-0.002892
-0.003474
-0.003988
-0.004398
-0.004594
-0.004482
-0.003890
-0.003098
-0.002754
-0.003146
-0.003966
-0.004550
-0.004724
-0.004752
-0.004696
-0.004470
-0.003978
-0.003214
-0.002308
-0.001422
-0.000730
-0.000212
0.000224
0.000558
0.000926
0.001254
0.001248
0.000820
0.000160
-0.000384
-0.000608
-0.000460
-0.000082
0.000124
0.000008
-0.000082
0.000100
0.000324
0.000330
0.000188
0.000024
-0.000016
0.000196
0.000620
0.001152
0.001724
0.002480
0.003242
0.003416
0.002840
0.002016
0.001470
0.001098
0.000558
-0.000174
-0.001034
-0.001784
-0.002128
-0.002090
-0.002006
-0.002290
-0.002806
-0.002972
-0.002608
-0.002114
-0.001880
-0.001722
-0.001264
-0.000434
0.000558
0.001376
0.001912
0.002234
0.002436
0.002700
0.003054
0.003468
0.003748
0.003740
0.003708
0.003782
0.003874
0.003888
0.003874
0.003990
0.004056
0.003888
0.003750
0.003952
0.004468
0.004908
0.005012
0.004988
0.005046
0.005118
0.005086
0.004896
0.004476
0.003926
0.003482
0.003178
0.002988
0.002908
0.002844
0.002810
0.002846
0.002936
0.003080
0.003252
0.003414
0.003496
0.003494
0.003436
0.003404
0.003508
0.003720
0.004004
0.004310
0.004534
0.004714
0.004882
0.004958
0.004972
0.004988
0.005002
0.004970
0.004784
0.004496
0.004278
0.004212
0.004218
0.004222
0.004280
0.004404
0.004526
0.004488
0.004274
0.004082
0.004038
0.004098
0.004150
0.004108
0.004050
0.004064
0.004036
0.003862
0.003600
0.003344
0.003162
0.003094
0.003124
0.003206
0.003260
0.003238
0.003200
0.003156
0.003066
0.002948
0.002838
0.002728
0.002576
0.002342
0.002024
0.001690
0.001396
0.001168
0.000996
0.000884
0.000890
0.001016
0.001192
0.001344
0.001440
0.001504
0.001530
0.001536
0.001520
0.001458
0.001392
0.001316
0.001196
0.001040
0.000896
0.000776
0.000680
0.000624
0.000568
0.000470
0.000356
0.000260
0.000174
0.000108
0.000068
0.000030
-0.000008
-0.000014
0.000010
0.000018
-0.000000
-0.000026
-0.000038
-0.000026
-0.000014
-0.000022
-0.000026
-0.000010
0.000018
0.000040
0.000050
0.000050
0.000054
0.000050
0.000026
-0.000024
-0.000088
-0.000132
-0.000164
-0.000194
-0.000226
-0.000244
-0.000236
-0.000212
-0.000196
-0.000202
-0.000232
-0.000270
-0.000294
-0.000318
-0.000336
-0.000336
-0.000342
-0.000360
-0.000386
-0.000408
-0.000418
-0.000432
-0.000448
-0.000442
-0.000434
-0.000446
-0.000458
-0.000470
-0.000474
-0.000468
-0.000466
-0.000468
-0.000480
-0.000500
-0.000506
-0.000504
-0.000494
-0.000484
-0.000490
-0.000496
-0.000490
-0.000482
-0.000464
-0.000444
-0.000432
-0.000424
-0.000420
-0.000418
-0.000412
-0.000412
-0.000416
-0.000418
-0.000422
-0.000434
-0.000448
-0.000456
-0.000458
-0.000444
-0.000416
-0.000392
-0.000386
-0.000400
-0.000426
-0.000440
-0.000430
-0.000400
-0.000370
-0.000358
-0.000372
-0.000396
-0.000414
-0.000410
-0.000396
-0.000384
-0.000382
-0.000390
-0.000402
-0.000408
-0.000408
-0.000406
-0.000404
-0.000404
-0.000404
-0.000404
-0.000404
-0.000404
-0.000406
-0.000406
-0.000404
-0.000402
-0.000400
-0.000398
-0.000398
-0.000396
-0.000396
-0.000394
-0.000394
-0.000396
-0.000396
-0.000396
-0.000396
-0.000396
-0.000396
-0.000396
-0.000396
-0.000396
-0.000396
-0.000396
-0.000394
-0.000394
-0.000394
-0.000392
-0.000392
-0.000390
-0.000390
-0.000388
-0.000388
-0.000388
-0.000386
-0.000386
-0.000384
-0.000384
-0.000382
-0.000382
-0.000380
-0.000380
-0.000378
-0.000376
-0.000376
-0.000374
-0.000374
-0.000372
-0.000370
-0.000370
-0.000368
-0.000366
-0.000366
-0.000364
-0.000362
-0.000360
-0.000360
-0.000358
-0.000356
-0.000354
-0.000354
