0.000000
0.003062
0.002816
0.002580
0.002688
0.003112
0.003624
0.004080
0.004374
0.004284
0.003596
0.002434
0.001324
0.000816
0.001086
0.001934
0.003052
0.004136
0.004856
0.004950
0.004480
0.003874
0.003566
0.003604
0.003708
0.003624
0.003372
0.003122
0.002906
0.002512
0.001704
0.000618
-0.000120
0.000090
0.001080
0.001858
0.001634
0.000820
0.000708
0.001972
0.003750
0.004422
0.003238
0.001010
-0.000738
-0.001148
-0.000586
-0.000012
0.000062
-0.000032
0.000310
0.001204
0.002358
0.003714
0.005512
0.007456
0.008364
0.007388
0.005530
0.005016
0.006528
0.007392
0.003396
-0.007144
-0.021296
-0.033678
-0.040728
-0.042776
-0.042156
-0.039856
-0.034560
-0.024976
-0.012292
0.000446
0.011308
0.020786
0.029550
0.035898
0.036858
0.032044
0.024984
0.019580
0.015876
0.010678
0.002146
-0.007636
-0.014992
-0.018040
-0.016570
-0.010152
0.001010
0.013026
0.018754
0.013522
-0.000118
-0.014866
-0.025612
-0.032470
-0.037160
-0.038630
-0.033628
-0.020582
-0.001402
0.020200
0.040942
0.058438
0.070516
0.074682
0.068390
0.050310
0.022174
-0.010878
-0.042780
-0.069710
-0.090268
-0.102798
-0.104320
-0.093338
-0.073050
-0.050308
-0.031056
-0.017208
-0.007470
-0.000006
0.006018
0.010386
0.012284
0.010982
0.006542
-0.000216
-0.008714
-0.019188
-0.031724
-0.044824
-0.055704
-0.062370
-0.064982
-0.064628
-0.061098
-0.052782
-0.039404
-0.024310
-0.012984
-0.008706
-0.009964
-0.012522
-0.013702
-0.014174
-0.015734
-0.018260
-0.019502
-0.017654
-0.013512
-0.009662
-0.007614
-0.006276
-0.003694
0.000098
0.002914
0.003140
0.000976
-0.004178
-0.015814
-0.036630
-0.062604
-0.084168
-0.095144
-0.097728
-0.095536
-0.084514
-0.056874
-0.014762
0.026068
0.050426
0.057924
0.058324
0.055610
0.043796
0.018804
-0.013262
-0.043778
-0.071628
-0.099188
-0.122112
-0.131756
-0.127622
-0.118488
-0.107432
-0.083706
-0.037318
0.021994
0.069270
0.088266
0.083920
0.069872
0.051616
0.027168
-0.001762
-0.028126
-0.046612
-0.064130
-0.081926
-0.096674
-0.102464
-0.096822
-0.080534
-0.054872
-0.022714
0.009476
0.034864
0.051196
0.059846
0.060684
0.051634
0.034070
0.015044
0.001774
-0.004440
-0.007170
-0.009632
-0.012752
-0.016908
-0.022208
-0.026490
-0.025786
-0.018498
-0.008170
-0.000802
0.000004
-0.005592
-0.016046
-0.029940
-0.044636
-0.055338
-0.057656
-0.051324
-0.040050
-0.027140
-0.012490
0.004704
0.020796
0.027342
0.017272
-0.008780
-0.042738
-0.075202
-0.100792
-0.118194
-0.126756
-0.124746
-0.111584
-0.091240
-0.071504
-0.058072
-0.049450
-0.039512
-0.025766
-0.013116
-0.007860
-0.010042
-0.014818
-0.020340
-0.029748
-0.043964
-0.056792
-0.060916
-0.056678
-0.050844
-0.047588
-0.045368
-0.043202
-0.044966
-0.054258
-0.068378
-0.081382
-0.091006
-0.097414
-0.095592
-0.075212
-0.032134
0.022668
0.069698
0.096280
0.103370
0.098892
0.088622
0.074452
0.057426
0.038622
0.017906
-0.005358
-0.029876
-0.052316
-0.069910
-0.082020
-0.089182
-0.092368
-0.093618
-0.095246
-0.096860
-0.094566
-0.085502
-0.072604
-0.062396
-0.057776
-0.055626
-0.052752
-0.051276
-0.055098
-0.062804
-0.068926
-0.073072
-0.083020
-0.104328
-0.128914
-0.139396
-0.126386
-0.098264
-0.071812
-0.055998
-0.048022
-0.043104
-0.042452
-0.049618
-0.062708
-0.074196
-0.077998
-0.074040
-0.065648
-0.054810
-0.041266
-0.024856
-0.007304
0.008096
0.017876
0.019982
0.014774
0.003748
-0.013548
-0.040110
-0.076420
-0.114678
-0.141258
-0.147624
-0.137540
-0.120730
-0.100302
-0.070652
-0.029024
0.015582
0.049594
0.068916
0.080154
0.087630
0.085544
0.067134
0.037198
0.009022
-0.010654
-0.027874
-0.051326
-0.080956
-0.109832
-0.133644
-0.153602
-0.171172
-0.184368
-0.190002
-0.186820
-0.175426
-0.157482
-0.135944
-0.114382
-0.095300
-0.080644
-0.073634
-0.076728
-0.086286
-0.092810
-0.089780
-0.080086
-0.069934
-0.058286
-0.037926
-0.007758
0.021430
0.036756
0.035536
0.024714
0.010996
-0.004060
-0.021022
-0.039896
-0.060670
-0.081530
-0.095048
-0.090920
-0.066056
-0.029296
0.007026
0.037754
0.063546
0.082114
0.087488
0.078774
0.063492
0.049096
0.035462
0.019818
0.005782
0.001696
0.010510
0.026282
0.041884
0.056210
0.071848
0.088788
0.103066
0.109722
0.104926
0.087042
0.058684
0.027202
0.000460
-0.017952
-0.028044
-0.029516
-0.022240
-0.010862
-0.004938
-0.011658
-0.029948
-0.053348
-0.076896
-0.099020
-0.118452
-0.132628
-0.139078
-0.136014
-0.121828
-0.097200
-0.068058
-0.042684
-0.023582
-0.004874
0.019372
0.046318
0.067222
0.077446
0.078610
0.070630
0.047550
0.005424
-0.048628
-0.099724
-0.137174
-0.160478
-0.174764
-0.184074
-0.188914
-0.186220
-0.170742
-0.140234
-0.100900
-0.063856
-0.033684
-0.004346
0.029852
0.063184
0.084360
0.091196
0.091756
0.090356
0.080584
0.056166
0.022068
-0.011506
-0.042022
-0.074512
-0.110852
-0.146414
-0.176690
-0.199762
-0.211166
-0.204268
-0.179492
-0.146264
-0.110822
-0.068238
-0.014296
0.038798
0.068622
0.065316
0.039904
0.007644
-0.028884
-0.074760
-0.127104
-0.173222
-0.203554
-0.219744
-0.228442
-0.232018
-0.228272
-0.216438
-0.199448
-0.180510
-0.159274
-0.132532
-0.098348
-0.058814
-0.018108
0.021886
0.062362
0.103032
0.138754
0.163472
0.176796
0.183036
0.182234
0.165162
0.120856
0.049358
-0.034486
-0.110266
-0.164038
-0.191886
-0.194746
-0.173876
-0.133394
-0.085112
-0.045698
-0.025448
-0.020882
-0.020674
-0.017834
-0.013214
-0.008348
0.000328
0.019164
0.053154
0.104812
0.171100
0.238092
0.284780
0.299548
0.290070
0.270402
0.241476
0.193964
0.129654
0.067230
0.021602
-0.011192
-0.038670
-0.050194
-0.025268
0.037788
0.115162
0.182652
0.236142
0.281894
0.318080
0.337532
0.342912
0.345958
0.351446
0.352290
0.343686
0.332932
0.329134
0.329328
0.322930
0.307800
0.294276
0.292342
0.300790
0.311954
0.322826
0.336902
0.356236
0.376294
0.390030
0.395376
0.397068
0.401730
0.411810
0.424664
0.437352
0.451574
0.472112
0.499472
0.525246
0.538440
0.536016
0.524498
0.509664
0.489564
0.461230
0.431260
0.412730
0.411708
0.423896
0.447178
0.490238
0.560872
0.648834
0.728162
0.778504
0.798590
0.798514
0.785210
0.759414
0.722204
0.678098
0.632864
0.592036
0.560716
0.541006
0.531022
0.530488
0.546722
0.589338
0.656540
0.731410
0.794874
0.840388
0.871602
0.888196
0.879648
0.836264
0.763484
0.681274
0.607158
0.540838
0.467458
0.377806
0.282642
0.204062
0.152112
0.114520
0.071916
0.019536
-0.031148
-0.070216
-0.101504
-0.134792
-0.171958
-0.206632
-0.235368
-0.262754
-0.294238
-0.327774
-0.355402
-0.370548
-0.371660
-0.359966
-0.336114
-0.299962
-0.251952
-0.193810
-0.128340
-0.058632
0.012300
0.080996
0.143564
0.196966
0.240714
0.275750
0.300776
0.311128
0.303300
0.280536
0.251200
0.221260
0.190058
0.154630
0.116112
0.079434
0.047424
0.018064
-0.011548
-0.039948
-0.061180
-0.069428
-0.063754
-0.049278
-0.033784
-0.021538
-0.009564
0.008874
0.036248
0.067340
0.094792
0.116074
0.132522
0.142778
0.141378
0.125468
0.100160
0.075016
0.056400
0.044662
0.036672
0.027848
0.012696
-0.012482
-0.045484
-0.078828
-0.106028
-0.126040
-0.140826
-0.151144
-0.157536
-0.163630
-0.174648
-0.191254
-0.207626
-0.217472
-0.220228
-0.220172
-0.220780
-0.222182
-0.223104
-0.223052
-0.221954
-0.220350
-0.220436
-0.224594
-0.230186
-0.228264
-0.211870
-0.186094
-0.164758
-0.154236
-0.144118
-0.119338
-0.079486
-0.038866
-0.006558
0.024958
0.065974
0.112356
0.152474
0.187332
0.229726
0.280710
0.321754
0.339580
0.346842
0.361434
0.371738
0.343484
0.265276
0.168036
0.087288
0.021508
-0.053764
-0.139030
-0.202868
-0.223954
-0.219666
-0.220426
-0.230226
-0.229312
-0.208096
-0.179418
-0.156540
-0.136276
-0.110790
-0.084002
-0.065990
-0.058234
-0.055388
-0.059290
-0.080824
-0.126004
-0.187042
-0.250308
-0.308870
-0.364548
-0.420860
-0.476768
-0.525928
-0.560516
-0.576996
-0.578920
-0.570824
-0.548706
-0.500640
-0.421162
-0.323100
-0.230794
-0.161512
-0.116922
-0.090978
-0.080176
-0.082898
-0.093908
-0.105304
-0.112254
-0.113956
-0.109150
-0.095434
-0.074310
-0.052830
-0.037112
-0.025816
-0.013422
0.001160
0.012784
0.017022
0.015250
0.010990
0.003780
-0.010482
-0.034140
-0.065254
-0.100054
-0.135750
-0.170836
-0.204700
-0.237278
-0.267228
-0.289748
-0.299328
-0.295858
-0.286522
-0.278814
-0.273086
-0.264422
-0.250974
-0.237194
-0.227960
-0.222550
-0.216812
-0.210090
-0.207858
-0.217142
-0.239954
-0.271362
-0.304086
-0.335156
-0.366946
-0.400528
-0.430134
-0.448008
-0.454652
-0.457430
-0.454836
-0.428886
-0.362584
-0.265660
-0.173674
-0.117088
-0.096292
-0.091168
-0.089468
-0.097470
-0.125480
-0.172892
-0.230146
-0.287844
-0.338912
-0.377250
-0.400402
-0.411398
-0.411822
-0.393928
-0.345938
-0.267318
-0.174880
-0.091532
-0.031032
0.005554
0.023700
0.030112
0.030710
0.028072
0.019716
0.001766
-0.025284
-0.056912
-0.090614
-0.127990
-0.169804
-0.212782
-0.254076
-0.295798
-0.340646
-0.384044
-0.415628
-0.429096
-0.427630
-0.417718
-0.401546
-0.378604
-0.352274
-0.330110
-0.316740
-0.309354
-0.301744
-0.291652
-0.283042
-0.281642
-0.288612
-0.298326
-0.302126
-0.295702
-0.282696
-0.270420
-0.261986
-0.254058
-0.242440
-0.227674
-0.213318
-0.199860
-0.182778
-0.156896
-0.121914
-0.083734
-0.051166
-0.030364
-0.020820
-0.016454
-0.011422
-0.004366
0.003646
0.013728
0.028552
0.047298
0.064948
0.078268
0.089570
0.101664
0.111272
0.111412
0.100106
0.083094
0.066932
0.052704
0.038204
0.023410
0.010766
0.001170
-0.007268
-0.016188
-0.024916
-0.031944
-0.036830
-0.040040
-0.042548
-0.046158
-0.052326
-0.058668
-0.058018
-0.044216
-0.020054
0.002374
0.011094
0.003796
-0.012764
-0.031606
-0.051508
-0.074268
-0.099362
-0.124336
-0.149562
-0.178966
-0.214340
-0.250912
-0.280980
-0.301716
-0.317438
-0.334116
-0.353504
-0.373472
-0.392292
-0.410180
-0.426656
-0.438472
-0.441770
-0.435794
-0.423534
-0.408374
-0.390598
-0.367362
-0.335928
-0.296346
-0.251614
-0.205838
-0.162526
-0.124230
-0.092452
-0.067638
-0.049510
-0.037488
-0.030542
-0.026692
-0.023718
-0.021194
-0.021516
-0.027916
-0.040906
-0.056886
-0.070122
-0.075920
-0.072440
-0.060864
-0.044384
-0.025798
-0.004566
0.023486
0.061922
0.108338
0.154464
0.192720
0.222424
0.248626
0.275630
0.303304
0.329312
0.352036
0.369260
0.376652
0.371630
0.359384
0.350628
0.351506
0.357978
0.363434
0.370188
0.388272
0.421718
0.460164
0.486406
0.489990
0.470788
0.432042
0.375838
0.306502
0.233162
0.165084
0.105342
0.051320
0.000742
-0.045324
-0.084896
-0.117574
-0.143304
-0.160314
-0.166066
-0.159988
-0.144156
-0.121206
-0.092232
-0.057146
-0.016664
0.026606
0.069462
0.110246
0.148640
0.183070
0.209454
0.224308
0.228768
0.227610
0.223396
0.213368
0.193388
0.163610
0.128106
0.089802
0.048760
0.005888
-0.034536
-0.067892
-0.092780
-0.109080
-0.114366
-0.105430
-0.083194
-0.052600
-0.016842
0.024902
0.071954
0.118346
0.158730
0.196024
0.237902
0.285786
0.333194
0.376974
0.423790
0.479488
0.535284
0.572836
0.584228
0.580976
0.579242
0.580998
0.574612
0.551680
0.517176
0.482376
0.452924
0.426294
0.397488
0.363886
0.325620
0.284620
0.243228
0.201586
0.155960
0.102356
0.042512
-0.015500
-0.064380
-0.104266
-0.140462
-0.175124
-0.203712
-0.220526
-0.225922
-0.226256
-0.227590
-0.231182
-0.235390
-0.240716
-0.251018
-0.269444
-0.293522
-0.315194
-0.327158
-0.329460
-0.328154
-0.326066
-0.316180
-0.286988
-0.234972
-0.169344
-0.103508
-0.044024
0.010292
0.061446
0.108208
0.148488
0.182474
0.212728
0.243128
0.276786
0.312658
0.344164
0.366072
0.384028
0.412466
0.458770
0.512042
0.551648
0.566038
0.559112
0.539950
0.512568
0.477288
0.436724
0.395424
0.355274
0.315510
0.276976
0.243630
0.219678
0.206976
0.204726
0.209966
0.218454
0.227074
0.236354
0.248840
0.264992
0.282156
0.297888
0.313106
0.331152
0.354482
0.382378
0.410738
0.433846
0.447896
0.453714
0.455650
0.456180
0.452544
0.439102
0.412902
0.375854
0.332200
0.284868
0.235186
0.185126
0.138992
0.101248
0.072046
0.046032
0.017350
-0.013842
-0.041688
-0.061982
-0.076970
-0.091148
-0.104360
-0.112108
-0.111982
-0.106056
-0.096274
-0.080632
-0.056150
-0.023816
0.011272
0.043608
0.069908
0.089956
0.107136
0.126560
0.149310
0.168684
0.175452
0.168010
0.155246
0.148342
0.151822
0.163448
0.180078
0.201096
0.228060
0.263894
0.311076
0.366358
0.417960
0.452974
0.469664
0.479246
0.492114
0.505464
0.509116
0.501564
0.493856
0.495700
0.503158
0.504210
0.493082
0.473400
0.448504
0.415558
0.371846
0.321466
0.271596
0.223824
0.174090
0.120214
0.064886
0.010430
-0.044830
-0.102492
-0.160024
-0.214430
-0.267958
-0.325174
-0.384852
-0.439348
-0.483942
-0.522556
-0.561276
-0.598946
-0.628954
-0.648954
-0.663696
-0.676810
-0.684976
-0.683880
-0.676842
-0.672388
-0.674294
-0.678728
-0.682860
-0.690346
-0.704088
-0.716610
-0.713898
-0.690086
-0.653248
-0.614162
-0.572526
-0.519572
-0.453386
-0.386480
-0.335648
-0.306214
-0.289066
-0.271998
-0.250572
-0.227742
-0.206112
-0.183598
-0.156352
-0.123572
-0.088362
-0.054562
-0.023588
0.005626
0.033954
0.059774
0.080070
0.093786
0.102880
0.108984
0.110514
0.106584
0.103050
0.110330
0.131638
0.157798
0.178552
0.196704
0.222202
0.251682
0.264296
0.244954
0.204072
0.161970
0.118304
0.052816
-0.039954
-0.133658
-0.200938
-0.249398
-0.307214
-0.375008
-0.415248
-0.399400
-0.349786
-0.317276
-0.324290
-0.346606
-0.349788
-0.326986
-0.297010
-0.280582
-0.288278
-0.320452
-0.364502
-0.397042
-0.400850
-0.379058
-0.343166
-0.289484
-0.201600
-0.079348
0.049526
0.155810
0.237124
0.308098
0.370250
0.408290
0.416876
0.414210
0.420612
0.433774
0.435162
0.416128
0.386258
0.357930
0.332906
0.307420
0.282108
0.260626
0.242736
0.224848
0.206248
0.189884
0.176530
0.162830
0.147004
0.133322
0.127712
0.130508
0.137052
0.145172
0.157742
0.176058
0.193914
0.203208
0.204116
0.204048
0.205294
0.198746
0.174286
0.134102
0.089662
0.046974
0.001786
-0.049516
-0.101438
-0.146716
-0.187184
-0.230748
-0.279468
-0.327418
-0.370450
-0.412070
-0.456734
-0.503232
-0.548292
-0.593268
-0.642532
-0.696468
-0.750902
-0.803042
-0.853632
-0.902464
-0.945940
-0.980732
-1.007082
-1.025984
-1.035628
-1.032826
-1.017046
-0.990474
-0.955268
-0.912956
-0.865576
-0.814794
-0.759734
-0.698780
-0.634378
-0.573660
-0.522316
-0.479784
-0.442196
-0.407774
-0.377356
-0.350440
-0.324476
-0.298282
-0.273460
-0.250584
-0.226730
-0.198724
-0.167622
-0.137640
-0.110886
-0.085382
-0.058538
-0.030600
-0.003616
0.021700
0.046598
0.072266
0.098232
0.122818
0.144430
0.162444
0.177238
0.189804
0.200460
0.207718
0.208336
0.199108
0.179688
0.154166
0.129266
0.109114
0.091672
0.071470
0.046204
0.019072
-0.006134
-0.029928
-0.054784
-0.079438
-0.099154
-0.111808
-0.119788
-0.123952
-0.119040
-0.099022
-0.066078
-0.030576
-0.001334
0.021546
0.043270
0.066228
0.087522
0.103690
0.115504
0.126964
0.140186
0.152928
0.162704
0.173058
0.192818
0.226242
0.264872
0.292716
0.300436
0.291732
0.275614
0.255958
0.231776
0.203770
0.175518
0.148550
0.122048
0.098566
0.085326
0.086656
0.098318
0.112974
0.129320
0.151500
0.180228
0.209186
0.231944
0.249096
0.265826
0.284336
0.301662
0.314918
0.325594
0.337040
0.349052
0.357256
0.357994
0.352266
0.343658
0.333030
0.317770
0.296536
0.272766
0.251170
0.231800
0.209980
0.182176
0.149372
0.113770
0.074684
0.030178
-0.018532
-0.067188
-0.113118
-0.157430
-0.201686
-0.244030
-0.280298
-0.308124
-0.328528
-0.343934
-0.355662
-0.363760
-0.367888
-0.368018
-0.364668
-0.359304
-0.354268
-0.351522
-0.351312
-0.352238
-0.352916
-0.353226
-0.353318
-0.350934
-0.340890
-0.318712
-0.285182
-0.246006
-0.206586
-0.167550
-0.126214
-0.081144
-0.033476
0.015834
0.067608
0.121908
0.175422
0.223358
0.263904
0.298858
0.330022
0.356504
0.376518
0.390600
0.401432
0.410830
0.418250
0.422524
0.424036
0.424680
0.426082
0.428282
0.429504
0.427786
0.423010
0.417508
0.412976
0.407262
0.395620
0.376194
0.352222
0.326842
0.297544
0.258900
0.210926
0.161334
0.117718
0.080308
0.044874
0.010454
-0.019488
-0.042908
-0.061824
-0.077908
-0.088734
-0.091096
-0.086136
-0.078694
-0.072298
-0.067134
-0.062460
-0.058688
-0.056804
-0.057676
-0.062436
-0.071816
-0.084014
-0.094498
-0.099242
-0.097524
-0.090886
-0.080088
-0.063972
-0.040906
-0.010626
0.025016
0.062778
0.100368
0.138576
0.179998
0.224684
0.268262
0.306056
0.338148
0.367980
0.396614
0.420902
0.437772
0.447300
0.449674
0.441388
0.417722
0.378540
0.329804
0.278996
0.230402
0.184498
0.139666
0.094058
0.047508
0.002716
-0.036250
-0.067272
-0.091238
-0.109544
-0.121784
-0.126648
-0.124048
-0.115490
-0.103504
-0.091728
-0.084322
-0.083326
-0.086908
-0.091840
-0.097408
-0.105162
-0.114948
-0.123352
-0.126974
-0.125612
-0.121126
-0.114648
-0.106202
-0.096014
-0.084720
-0.072728
-0.060768
-0.050390
-0.042476
-0.035898
-0.029520
-0.025678
-0.029590
-0.044446
-0.068014
-0.094510
-0.118894
-0.139384
-0.157696
-0.177534
-0.201082
-0.225580
-0.244670
-0.254446
-0.256166
-0.251428
-0.237054
-0.209058
-0.170974
-0.133326
-0.102640
-0.074848
-0.042736
-0.006596
0.027252
0.057158
0.089286
0.127988
0.167826
0.199482
0.221660
0.242474
0.268694
0.297908
0.323546
0.344552
0.365840
0.390372
0.414842
0.435702
0.455328
0.478682
0.504880
0.526794
0.539900
0.547820
0.556290
0.564736
0.567850
0.564072
0.557118
0.547816
0.529500
0.495576
0.449122
0.400428
0.354912
0.307924
0.253010
0.191958
0.133224
0.081360
0.031356
-0.024902
-0.087860
-0.147572
-0.192136
-0.218184
-0.232608
-0.244562
-0.257312
-0.268130
-0.274162
-0.276352
-0.277292
-0.278018
-0.277914
-0.276770
-0.274896
-0.272294
-0.268826
-0.265104
-0.262100
-0.259332
-0.254916
-0.247046
-0.235030
-0.218750
-0.198564
-0.175958
-0.153030
-0.130398
-0.106676
-0.081206
-0.056686
-0.037484
-0.025230
-0.017524
-0.011846
-0.009726
-0.015354
-0.029952
-0.048884
-0.065754
-0.079042
-0.093054
-0.111430
-0.131010
-0.144068
-0.146670
-0.142568
-0.137644
-0.132296
-0.121890
-0.104226
-0.083384
-0.064762
-0.048468
-0.030214
-0.008116
0.014024
0.030844
0.040922
0.046920
0.051450
0.054564
0.054980
0.052140
0.046488
0.038844
0.030280
0.022092
0.015080
0.009076
0.003702
-0.000628
-0.003158
-0.004112
-0.004744
-0.005736
-0.006430
-0.006274
-0.006454
-0.009052
-0.014758
-0.022608
-0.032248
-0.045122
-0.062280
-0.081878
-0.100474
-0.116940
-0.133416
-0.151676
-0.169974
-0.185050
-0.196482
-0.207010
-0.218418
-0.228742
-0.234984
-0.236826
-0.236376
-0.234212
-0.227852
-0.214318
-0.193468
-0.168324
-0.142770
-0.118916
-0.095844
-0.070690
-0.042084
-0.013068
0.010594
0.026128
0.036900
0.048406
0.061790
0.073270
0.079970
0.083890
0.088796
0.095072
0.099866
0.101676
0.102220
0.103148
0.102826
0.097974
0.087776
0.074956
0.062716
0.051514
0.039230
0.023898
0.005724
-0.013336
-0.031366
-0.047534
-0.061618
-0.073162
-0.081520
-0.086254
-0.086856
-0.082166
-0.071070
-0.054188
-0.034156
-0.013516
0.006988
0.027180
0.045118
0.057658
0.063684
0.065312
0.064862
0.061782
0.054036
0.041942
0.028612
0.016122
0.003102
-0.012638
-0.030302
-0.046758
-0.060506
-0.072940
-0.085052
-0.094788
-0.099228
-0.098368
-0.094708
-0.089102
-0.079088
-0.062408
-0.040910
-0.019290
-0.000162
0.018184
0.038782
0.061818
0.084116
0.102222
0.115172
0.124262
0.130792
0.134592
0.134726
0.131128
0.124690
0.115356
0.100776
0.078002
0.047010
0.011758
-0.022726
-0.053812
-0.081594
-0.106808
-0.129872
-0.151614
-0.173204
-0.194346
-0.212546
-0.225092
-0.231930
-0.235874
-0.239694
-0.243616
-0.245270
-0.241904
-0.233100
-0.221198
-0.209270
-0.198278
-0.186212
-0.170200
-0.149070
-0.124064
-0.097690
-0.072066
-0.047284
-0.020822
0.010104
0.044220
0.075228
0.097328
0.111174
0.121576
0.129284
0.128840
0.116780
0.098502
0.082680
0.070302
0.054266
0.030366
0.003762
-0.017990
-0.034322
-0.049908
-0.066040
-0.078862
-0.086164
-0.091112
-0.097174
-0.102608
-0.102726
-0.095956
-0.085026
-0.073162
-0.061400
-0.049342
-0.036458
-0.022342
-0.007148
0.008248
0.023968
0.042726
0.067430
0.096480
0.123474
0.143136
0.156282
0.167404
0.178560
0.187734
0.192764
0.194414
0.194784
0.194596
0.193358
0.191154
0.188558
0.185122
0.179398
0.170824
0.160564
0.149806
0.137856
0.122902
0.104674
0.085518
0.068196
0.052898
0.037260
0.019636
0.001528
-0.014064
-0.026280
-0.037096
-0.048130
-0.058112
-0.064614
-0.067514
-0.069124
-0.070810
-0.071074
-0.067786
-0.061244
-0.053870
-0.047360
-0.041528
-0.035930
-0.031276
-0.028556
-0.027630
-0.027662
-0.028484
-0.030570
-0.033654
-0.036396
-0.037852
-0.038656
-0.040194
-0.042856
-0.045690
-0.047572
-0.048168
-0.047634
-0.045892
-0.042596
-0.037642
-0.031436
-0.024606
-0.017584
-0.010478
-0.003306
0.003666
0.009966
0.015372
0.020238
0.025058
0.029706
0.033406
0.035686
0.037110
0.038814
0.041400
0.044594
0.047946
0.051468
0.055368
0.059306
0.062320
0.063756
0.064220
0.065196
0.067436
0.069952
0.071082
0.070446
0.068990
0.066836
0.062026
0.052476
0.038742
0.023612
0.008910
-0.006020
-0.022190
-0.038596
-0.053044
-0.064562
-0.073806
-0.081348
-0.086860
-0.089826
-0.089730
-0.085326
-0.075162
-0.059860
-0.042788
-0.027316
-0.013864
-0.000744
0.012480
0.023996
0.032134
0.037236
0.040388
0.041436
0.039548
0.035182
0.030072
0.025158
0.019736
0.013220
0.006772
0.002230
-0.000140
-0.001784
-0.003748
-0.005382
-0.005434
-0.003598
-0.000224
0.004898
0.012448
0.022328
0.033414
0.044714
0.055872
0.066090
0.073678
0.077748
0.079842
0.082474
0.086012
0.088330
0.087946
0.086174
0.085182
0.084914
0.083550
0.080622
0.078008
0.077446
0.078540
0.080116
0.082468
0.086906
0.093654
0.101638
0.110458
0.121162
0.134336
0.148250
0.159934
0.167938
0.173230
0.177304
0.180042
0.179836
0.175540
0.167738
0.157818
0.146154
0.131876
0.114826
0.097130
0.081722
0.069052
0.056234
0.040330
0.021926
0.004410
-0.009984
-0.022092
-0.033574
-0.044302
-0.053092
-0.060108
-0.066954
-0.074478
-0.081924
-0.088552
-0.094828
-0.101272
-0.107154
-0.111426
-0.114326
-0.116798
-0.118534
-0.118042
-0.114812
-0.110074
-0.104246
-0.094908
-0.078848
-0.056294
-0.031564
-0.008900
0.011572
0.032778
0.056154
0.079276
0.098214
0.111394
0.120488
0.127948
0.134262
0.137526
0.135048
0.125344
0.109464
0.090958
0.073840
0.059440
0.045202
0.027518
0.006240
-0.014396
-0.030000
-0.040512
-0.049522
-0.059618
-0.069830
-0.077874
-0.083146
-0.086334
-0.087116
-0.084270
-0.078142
-0.071354
-0.066164
-0.062104
-0.057284
-0.051388
-0.046040
-0.042296
-0.039192
-0.035432
-0.031580
-0.029440
-0.029578
-0.030650
-0.031570
-0.033340
-0.037940
-0.045890
-0.055874
-0.066840
-0.079446
-0.094810
-0.112572
-0.131028
-0.148946
-0.166240
-0.182688
-0.197088
-0.208284
-0.216508
-0.222868
-0.227754
-0.230624
-0.231046
-0.229378
-0.225856
-0.220082
-0.211674
-0.201386
-0.190862
-0.181378
-0.173250
-0.166154
-0.159550
-0.152854
-0.145754
-0.138574
-0.132008
-0.126330
-0.121200
-0.116364
-0.112128
-0.108854
-0.106358
-0.104190
-0.102304
-0.100952
-0.100050
-0.099158
-0.098118
-0.097122
-0.095978
-0.094008
-0.091114
-0.088200
-0.085794
-0.082602
-0.076656
-0.067980
-0.058974
-0.051550
-0.044794
-0.036412
-0.025884
-0.014912
-0.004924
0.004516
0.014384
0.024566
0.034470
0.044428
0.055284
0.066840
0.077918
0.088088
0.098190
0.108700
0.118462
0.125858
0.130768
0.134432
0.137552
0.139406
0.139076
0.136842
0.133810
0.130560
0.126666
0.121584
0.115542
0.109440
0.104044
0.099456
0.095258
0.091066
0.086936
0.083242
0.080152
0.077212
0.073506
0.068432
0.062290
0.056052
0.050530
0.046026
0.042778
0.041364
0.042146
0.044504
0.047194
0.049736
0.052924
0.057578
0.063190
0.068386
0.072480
0.075872
0.078842
0.080754
0.080862
0.079266
0.076564
0.072844
0.067774
0.061546
0.055110
0.049324
0.044410
0.040356
0.037282
0.035094
0.033190
0.030962
0.028446
0.026070
0.023950
0.021806
0.019478
0.017038
0.014322
0.010902
0.006742
0.002574
-0.000746
-0.003038
-0.004682
-0.005862
-0.006354
-0.006060
-0.005286
-0.004266
-0.002678
-0.000002
0.003748
0.008022
0.012610
0.018106
0.025198
0.033502
0.041586
0.048256
0.053602
0.058422
0.062784
0.065674
0.066134
0.064364
0.061268
0.057146
0.051332
0.043254
0.033452
0.023216
0.013438
0.004122
-0.005042
-0.014014
-0.022488
-0.030384
-0.037950
-0.045352
-0.052406
-0.058798
-0.064402
-0.069282
-0.073392
-0.076558
-0.078738
-0.080150
-0.080934
-0.080814
-0.079342
-0.076490
-0.072804
-0.068828
-0.064556
-0.059650
-0.054192
-0.048930
-0.044662
-0.041558
-0.039252
-0.037480
-0.036386
-0.036120
-0.036422
-0.036994
-0.038118
-0.040554
-0.044586
-0.049498
-0.054378
-0.059204
-0.064572
-0.070530
-0.076362
-0.081718
-0.087232
-0.093354
-0.099258
-0.103756
-0.106986
-0.110080
-0.113162
-0.114988
-0.114924
-0.113862
-0.112212
-0.108186
-0.099894
-0.088598
-0.077926
-0.069502
-0.061288
-0.051140
-0.040250
-0.031474
-0.025400
-0.020172
-0.014880
-0.010856
-0.009108
-0.008390
-0.007018
-0.005324
-0.004792
-0.005514
-0.006094
-0.005744
-0.005030
-0.004400
-0.003500
-0.002422
-0.002278
-0.003510
-0.004462
-0.002900
0.001436
0.006880
0.012308
0.018404
0.026242
0.035628
0.045568
0.055626
0.065922
0.076000
0.084582
0.090714
0.094680
0.097508
0.099772
0.101154
0.101098
0.099744
0.098148
0.097466
0.097872
0.098380
0.097964
0.096718
0.095540
0.094662
0.092948
0.088952
0.082416
0.074316
0.065540
0.056002
0.045146
0.033152
0.021402
0.011738
0.005214
0.001534
-0.000192
-0.000074
0.002876
0.009296
0.017944
0.026276
0.032784
0.038202
0.044074
0.050712
0.057258
0.063300
0.069400
0.075868
0.081918
0.086622
0.090088
0.092992
0.095282
0.095988
0.094302
0.090274
0.084450
0.077448
0.070050
0.063190
0.057502
0.053112
0.050110
0.048806
0.049186
0.050532
0.052174
0.054466
0.058228
0.063188
0.067664
0.070360
0.071984
0.074482
0.078652
0.083196
0.086326
0.087844
0.089140
0.091292
0.093770
0.095254
0.095304
0.094690
0.094080
0.093050
0.090804
0.087560
0.084536
0.082442
0.080596
0.077920
0.074426
0.071220
0.069094
0.067648
0.065766
0.062486
0.057298
0.050204
0.041852
0.033166
0.024252
0.013914
0.000948
-0.014110
-0.029128
-0.042478
-0.054316
-0.065336
-0.074918
-0.081436
-0.084136
-0.083704
-0.080634
-0.074104
-0.063540
-0.050832
-0.039740
-0.032642
-0.028626
-0.025368
-0.022324
-0.021284
-0.024040
-0.030494
-0.039312
-0.049634
-0.061566
-0.075324
-0.090532
-0.106140
-0.120612
-0.132402
-0.140912
-0.147052
-0.152194
-0.156398
-0.158256
-0.156774
-0.152694
-0.147340
-0.140630
-0.131356
-0.119428
-0.106850
-0.095870
-0.086806
-0.078412
-0.070006
-0.062344
-0.056374
-0.051946
-0.048344
-0.045588
-0.044446
-0.045114
-0.046590
-0.047660
-0.048152
-0.048640
-0.049112
-0.048598
-0.046354
-0.042772
-0.038572
-0.033472
-0.026532
-0.017862
-0.009144
-0.001972
0.003836
0.009638
0.016082
0.022520
0.028212
0.033246
0.037992
0.042274
0.045612
0.047860
0.049078
0.049024
0.047344
0.044326
0.040836
0.037320
0.033430
0.029022
0.025188
0.023514
0.024262
0.026056
0.027822
0.030562
0.036118
0.044184
0.051584
0.055418
0.056130
0.056176
0.055914
0.052514
0.043756
0.031392
0.019024
0.007406
-0.006050
-0.022732
-0.039858
-0.053344
-0.062344
-0.069182
-0.075364
-0.079708
-0.080710
-0.078970
-0.076148
-0.072668
-0.067854
-0.061856
-0.056104
-0.051748
-0.048672
-0.046304
-0.044518
-0.043362
-0.042656
-0.042426
-0.043068
-0.044318
-0.044584
-0.042374
-0.038250
-0.034224
-0.030880
-0.026200
-0.018092
-0.007338
0.003248
0.012438
0.022050
0.034286
0.048602
0.062114
0.072632
0.080198
0.085854
0.089930
0.092130
0.092492
0.091530
0.089608
0.086714
0.082740
0.077570
0.071004
0.063078
0.054388
0.045600
0.036528
0.026250
0.014426
0.002032
-0.009544
-0.019682
-0.028350
-0.035178
-0.039616
-0.042044
-0.043830
-0.045852
-0.047578
-0.048226
-0.048388
-0.049636
-0.052564
-0.056062
-0.058798
-0.060666
-0.062262
-0.063430
-0.063216
-0.061158
-0.057896
-0.054298
-0.050548
-0.046392
-0.041686
-0.036304
-0.029958
-0.022806
-0.015874
-0.010032
-0.004476
0.002784
0.012362
0.022110
0.029072
0.032470
0.033988
0.035214
0.035866
0.034806
0.031940
0.028274
0.024534
0.020648
0.016660
0.013346
0.011514
0.011026
0.011050
0.011194
0.012048
0.014418
0.018212
0.022250
0.025204
0.026626
0.026886
0.026322
0.024816
0.022374
0.019674
0.017450
0.015444
0.012604
0.008518
0.004084
0.000364
-0.002678
-0.005714
-0.008692
-0.010844
-0.012084
-0.013404
-0.015406
-0.017156
-0.017254
-0.015714
-0.013756
-0.011792
-0.008528
-0.002642
0.005246
0.012916
0.018646
0.022358
0.024788
0.026244
0.026512
0.025484
0.023302
0.019988
0.015398
0.009658
0.003388
-0.002698
-0.008284
-0.013386
-0.017894
-0.021420
-0.023644
-0.024668
-0.024792
-0.023992
-0.021888
-0.018512
-0.014908
-0.012494
-0.011590
-0.010930
-0.009072
-0.006066
-0.003194
-0.001150
0.000854
0.003880
0.007844
0.011898
0.015764
0.019808
0.023936
0.027408
0.030058
0.032788
0.036248
0.039658
0.041828
0.042918
0.044122
0.045628
0.046108
0.044656
0.042246
0.040338
0.038712
0.035824
0.031110
0.025770
0.020992
0.016618
0.012188
0.008390
0.006276
0.005482
0.004564
0.003210
0.002816
0.004180
0.005716
0.005168
0.002642
0.000622
0.000862
0.002482
0.003660
0.004142
0.005190
0.007676
0.011378
0.015884
0.021048
0.026364
0.030942
0.034682
0.038654
0.043656
0.048940
0.053266
0.056934
0.061782
0.069018
0.077846
0.086524
0.094232
0.101344
0.108200
0.114156
0.117964
0.118894
0.117474
0.115072
0.112500
0.109090
0.103532
0.095764
0.087364
0.079616
0.071770
0.062228
0.051246
0.041252
0.034020
0.028538
0.022572
0.015718
0.009756
0.006102
0.004172
0.002732
0.001714
0.001706
0.002276
0.002064
0.000588
-0.001200
-0.002624
-0.004660
-0.008716
-0.014516
-0.020222
-0.024618
-0.028278
-0.032246
-0.036422
-0.039868
-0.042188
-0.043744
-0.044662
-0.044464
-0.042920
-0.040568
-0.037988
-0.034988
-0.031060
-0.026342
-0.021532
-0.016862
-0.011832
-0.006302
-0.001304
0.001812
0.002984
0.003574
0.004706
0.005890
0.005738
0.003806
0.001160
-0.000938
-0.002334
-0.003578
-0.004682
-0.005002
-0.004300
-0.003228
-0.002410
-0.001560
-0.000022
0.002130
0.004070
0.005266
0.005996
0.006754
0.007556
0.008008
0.007712
0.006446
0.004268
0.001682
-0.000634
-0.002614
-0.004972
-0.008228
-0.011836
-0.014834
-0.017192
-0.019840
-0.023232
-0.026628
-0.029208
-0.031416
-0.034516
-0.039052
-0.044354
-0.049614
-0.054916
-0.061006
-0.068322
-0.076486
-0.084542
-0.091560
-0.097204
-0.101778
-0.105598
-0.108324
-0.109234
-0.108280
-0.106414
-0.104552
-0.102476
-0.099292
-0.094814
-0.089878
-0.085116
-0.080024
-0.073682
-0.066042
-0.057994
-0.050284
-0.042918
-0.035800
-0.029440
-0.024538
-0.021012
-0.017980
-0.014868
-0.012244
-0.011156
-0.011782
-0.013112
-0.014070
-0.014624
-0.015584
-0.017498
-0.020144
-0.023010
-0.025854
-0.028670
-0.031406
-0.033966
-0.036230
-0.037834
-0.038212
-0.037146
-0.035180
-0.033106
-0.031156
-0.029080
-0.027088
-0.026080
-0.026682
-0.028358
-0.029952
-0.030986
-0.032006
-0.033636
-0.035702
-0.037562
-0.039072
-0.040906
-0.043790
-0.047574
-0.051272
-0.054218
-0.057014
-0.061026
-0.066760
-0.073116
-0.078540
-0.082560
-0.085720
-0.088076
-0.088558
-0.086200
-0.081494
-0.075946
-0.070468
-0.064834
-0.058696
-0.052506
-0.047048
-0.042388
-0.037704
-0.032152
-0.025674
-0.018894
-0.012370
-0.006034
0.000590
0.007584
0.014148
0.019188
0.022420
0.024630
0.026612
0.028082
0.028004
0.025908
0.022438
0.018530
0.014510
0.010258
0.005926
0.001998
-0.001278
-0.004110
-0.006714
-0.009000
-0.010774
-0.011950
-0.012350
-0.011558
-0.009344
-0.006066
-0.002264
0.002092
0.007500
0.013984
0.020664
0.026570
0.031628
0.036506
0.041770
0.047578
0.054066
0.061298
0.068654
0.074922
0.079508
0.083258
0.087506
0.092486
0.097216
0.100912
0.103812
0.106364
0.108252
0.108864
0.108366
0.107586
0.106864
0.105622
0.103340
0.100406
0.097608
0.095156
0.092636
0.089770
0.086622
0.083092
0.078772
0.073628
0.068376
0.063710
0.059250
0.053808
0.046790
0.038952
0.031600
0.025330
0.019996
0.015646
0.012856
0.011934
0.012306
0.013228
0.014864
0.018014
0.022670
0.027474
0.031036
0.033524
0.036254
0.039790
0.043038
0.044502
0.043962
0.042482
0.040946
0.039134
0.036330
0.032372
0.027864
0.023548
0.019712
0.016202
0.012848
0.009816
0.007606
0.006620
0.006736
0.007480
0.008694
0.010812
0.014178
0.018254
0.021904
0.024552
0.026630
0.028734
0.030708
0.031948
0.032354
0.032370
0.032064
0.030686
0.027466
0.022576
0.016932
0.011312
0.005942
0.000824
-0.003890
-0.007882
-0.010752
-0.012166
-0.012228
-0.011664
-0.011182
-0.010568
-0.008854
-0.005662
-0.001844
0.001680
0.005244
0.009856
0.015364
0.020204
0.023298
0.025468
0.028312
0.032100
0.035586
0.037694
0.038610
0.039062
0.039316
0.039348
0.039442
0.040026
0.041092
0.042304
0.043610
0.045216
0.046964
0.048262
0.048772
0.048720
0.048226
0.046804
0.043988
0.040180
0.036228
0.032234
0.027348
0.021036
0.013984
0.007390
0.001704
-0.003404
-0.008066
-0.011830
-0.014346
-0.015790
-0.016372
-0.015848
-0.013984
-0.011208
-0.008298
-0.005488
-0.002310
0.001610
0.006008
0.010224
0.013586
0.015430
0.015268
0.013278
0.010236
0.006546
0.001702
-0.004748
-0.012012
-0.018622
-0.024244
-0.030026
-0.036720
-0.043230
-0.047840
-0.050452
-0.052644
-0.055444
-0.057982
-0.058830
-0.057998
-0.056918
-0.056718
-0.057224
-0.057652
-0.057764
-0.057954
-0.058624
-0.059826
-0.061360
-0.062944
-0.064310
-0.065388
-0.066416
-0.067618
-0.068748
-0.069112
-0.068286
-0.066682
-0.065094
-0.063668
-0.061608
-0.058116
-0.053498
-0.048980
-0.045412
-0.042518
-0.039600
-0.036578
-0.033930
-0.031788
-0.029702
-0.027536
-0.026008
-0.025892
-0.026872
-0.027758
-0.027718
-0.026914
-0.025914
-0.024984
-0.024180
-0.023620
-0.023258
-0.022706
-0.021824
-0.021310
-0.022034
-0.023792
-0.025386
-0.026252
-0.027352
-0.029892
-0.033552
-0.036790
-0.038856
-0.040560
-0.042638
-0.044132
-0.043222
-0.039478
-0.034404
-0.029566
-0.024830
-0.018972
-0.011502
-0.003172
0.005222
0.013714
0.022550
0.031302
0.039244
0.046324
0.052956
0.058860
0.062924
0.064710
0.065406
0.066502
0.067774
0.067590
0.065276
0.062204
0.059914
0.057980
0.054718
0.049676
0.044214
0.039512
0.035128
0.030040
0.024308
0.018826
0.013944
0.009266
0.004672
0.000666
-0.002396
-0.004696
-0.006318
-0.006928
-0.006440
-0.005440
-0.004436
-0.003170
-0.001200
0.001204
0.003402
0.005306
0.007188
0.008644
0.008684
0.007058
0.004656
0.002146
-0.001078
-0.005890
-0.011880
-0.017648
-0.022474
-0.026784
-0.030860
-0.033980
-0.035320
-0.035140
-0.034454
-0.033780
-0.032780
-0.030972
-0.028262
-0.024694
-0.020312
-0.015476
-0.010916
-0.007066
-0.003464
0.000802
0.006044
0.011584
0.016456
0.020282
0.023368
0.026114
0.028456
0.029962
0.030396
0.030086
0.029648
0.029274
0.028568
0.027270
0.025914
0.025340
0.025424
0.024916
0.022890
0.019984
0.017592
0.015956
0.013784
0.009918
0.004716
-0.000704
-0.006046
-0.011956
-0.018702
-0.025504
-0.031430
-0.036448
-0.041208
-0.046024
-0.050422
-0.053622
-0.055294
-0.055872
-0.056192
-0.056714
-0.056960
-0.055988
-0.053522
-0.050430
-0.047886
-0.046258
-0.045170
-0.044390
-0.044120
-0.044460
-0.045056
-0.045534
-0.045886
-0.046280
-0.046716
-0.047114
-0.047412
-0.047410
-0.046806
-0.045692
-0.044660
-0.043916
-0.042570
-0.039512
-0.034998
-0.030710
-0.027906
-0.026012
-0.023522
-0.019782
-0.015360
-0.010956
-0.006708
-0.002582
0.001210
0.004520
0.007524
0.010298
0.012464
0.013598
0.013810
0.013456
0.012492
0.010638
0.008198
0.006138
0.005136
0.004974
0.005182
0.005868
0.007408
0.009670
0.012210
0.015178
0.019252
0.024286
0.028712
0.030946
0.031178
0.031034
0.031566
0.032156
0.031638
0.029812
0.027422
0.025004
0.022446
0.019526
0.016400
0.013394
0.010660
0.008164
0.005708
0.002924
-0.000348
-0.003556
-0.005742
-0.006678
-0.007306
-0.008456
-0.009376
-0.008332
-0.004800
-0.000394
0.002826
0.004472
0.005650
0.006976
0.007594
0.006344
0.003154
-0.001176
-0.006140
-0.011748
-0.017690
-0.023016
-0.027028
-0.030054
-0.032864
-0.035486
-0.037026
-0.036720
-0.034720
-0.031726
-0.028302
-0.024732
-0.021206
-0.017664
-0.013692
-0.009142
-0.004716
-0.001372
0.000944
0.003242
0.005884
0.007742
0.007724
0.006570
0.006120
0.006866
0.007394
0.006624
0.005518
0.005674
0.006964
0.007746
0.007292
0.006816
0.007786
0.010120
0.012684
0.014992
0.017622
0.021196
0.025620
0.030438
0.035408
0.040564
0.045994
0.051748
0.057732
0.063604
0.068938
0.073580
0.077684
0.081310
0.084146
0.085776
0.086070
0.085276
0.083808
0.082118
0.080532
0.078964
0.076738
0.072910
0.066926
0.059088
0.050374
0.041758
0.033520
0.025212
0.016462
0.007858
0.000774
-0.003944
-0.006844
-0.009080
-0.010902
-0.011506
-0.010464
-0.008698
-0.007556
-0.007254
-0.006866
-0.005760
-0.004462
-0.003930
-0.004400
-0.005276
-0.005812
-0.005552
-0.004346
-0.002390
-0.000214
0.001720
0.003522
0.005680
0.008336
0.011058
0.013436
0.015520
0.017378
0.018646
0.018966
0.018738
0.018828
0.019406
0.019630
0.018890
0.017996
0.018550
0.021120
0.024512
0.027148
0.028842
0.030868
0.034348
0.038932
0.043368
0.047052
0.050592
0.054708
0.059054
0.062584
0.064898
0.066606
0.068196
0.069090
0.068392
0.066284
0.064016
0.062364
0.060726
0.058018
0.053986
0.049200
0.044050
0.038448
0.032530
0.027074
0.022796
0.019582
0.016710
0.013804
0.011184
0.009260
0.007866
0.006380
0.004442
0.002274
0.000258
-0.001674
-0.003960
-0.006770
-0.009720
-0.012390
-0.014794
-0.016982
-0.018358
-0.018000
-0.015732
-0.012362
-0.008558
-0.004052
0.001436
0.006910
0.010636
0.011986
0.011956
0.011534
0.010292
0.007156
0.002054
-0.004004
-0.010266
-0.016882
-0.024238
-0.032324
-0.040956
-0.049948
-0.058700
-0.066210
-0.071982
-0.076612
-0.080888
-0.084624
-0.086996
-0.087940
-0.088348
-0.088662
-0.087990
-0.085198
-0.080626
-0.076060
-0.073000
-0.071342
-0.069798
-0.067394
-0.064432
-0.062128
-0.061336
-0.061624
-0.061718
-0.061024
-0.060422
-0.061168
-0.063206
-0.065176
-0.066178
-0.066772
-0.067842
-0.069140
-0.069850
-0.070234
-0.071660
-0.074666
-0.077892
-0.079570
-0.079568
-0.079252
-0.079600
-0.080246
-0.080378
-0.079816
-0.078812
-0.077328
-0.075082
-0.072160
-0.069140
-0.066458
-0.063856
-0.060554
-0.055966
-0.050288
-0.044504
-0.039764
-0.036584
-0.034606
-0.033116
-0.031692
-0.030402
-0.029596
-0.029582
-0.030408
-0.031738
-0.033086
-0.034302
-0.035658
-0.037342
-0.039008
-0.040118
-0.040600
-0.040788
-0.040862
-0.040732
-0.040518
-0.040506
-0.040484
-0.039606
-0.037358
-0.034318
-0.031400
-0.028620
-0.025226
-0.021032
-0.016940
-0.013858
-0.011610
-0.009286
-0.006396
-0.003238
-0.000284
0.002412
0.005138
0.008096
0.011184
0.014088
0.016538
0.018576
0.020520
0.022616
0.024728
0.026502
0.027752
0.028606
0.029212
0.029402
0.028776
0.027126
0.024870
0.022936
0.022058
0.022148
0.022530
0.022836
0.023426
0.024780
0.026882
0.029552
0.033040
0.037610
0.042572
0.046542
0.049024
0.051030
0.053572
0.056032
0.056904
0.055978
0.054766
0.054480
0.054406
0.052872
0.049272
0.044376
0.038942
0.032854
0.025820
0.018216
0.010764
0.003764
-0.002884
-0.009060
-0.014274
-0.018212
-0.021046
-0.023094
-0.024438
-0.025064
-0.025142
-0.024882
-0.024194
-0.022836
-0.021008
-0.019462
-0.018806
-0.018796
-0.018650
-0.017892
-0.016622
-0.014948
-0.012644
-0.009570
-0.006066
-0.002478
0.001440
0.006106
0.011142
0.015352
0.017824
0.018644
0.018284
0.016782
0.013904
0.009772
0.004774
-0.000884
-0.006970
-0.012726
-0.017294
-0.020726
-0.023844
-0.026828
-0.028716
-0.028894
-0.028438
-0.028988
-0.030580
-0.031574
-0.030782
-0.028726
-0.026420
-0.023890
-0.020654
-0.017062
-0.014098
-0.012062
-0.010304
-0.008410
-0.006852
-0.006194
-0.006276
-0.006502
-0.006480
-0.005954
-0.004704
-0.003008
-0.001830
-0.001736
-0.001908
-0.001000
0.000956
0.002398
0.002252
0.001234
0.000614
0.000372
-0.000438
-0.001836
-0.002532
-0.001622
0.000228
0.001830
0.003114
0.004990
0.007782
0.010560
0.012248
0.012960
0.013846
0.015752
0.018206
0.019834
0.019732
0.018300
0.016750
0.015774
0.015014
0.013914
0.012726
0.012290
0.012930
0.014150
0.015474
0.017112
0.019460
0.022322
0.025042
0.027312
0.029472
0.032104
0.035608
0.040056
0.045014
0.049528
0.052784
0.054956
0.056992
0.059332
0.061286
0.061932
0.061374
0.060572
0.060144
0.059806
0.058986
0.057554
0.055808
0.054160
0.052942
0.052254
0.051786
0.051030
0.049850
0.048598
0.047560
0.046558
0.045270
0.043752
0.042286
0.041044
0.040228
0.040324
0.041704
0.043964
0.046114
0.047632
0.048928
0.050670
0.052974
0.055434
0.057618
0.059268
0.060190
0.060334
0.059882
0.059008
0.057686
0.055844
0.053554
0.050804
0.047346
0.043114
0.038670
0.034726
0.031202
0.027192
0.022102
0.016494
0.011612
0.008302
0.006496
0.005498
0.004536
0.003302
0.002296
0.002480
0.004358
0.007430
0.010722
0.013654
0.016174
0.018308
0.020074
0.021694
0.023404
0.024894
0.025536
0.025390
0.025524
0.026840
0.028840
0.030058
0.029740
0.028590
0.027716
0.027228
0.026230
0.024062
0.021108
0.018274
0.015904
0.013506
0.010500
0.006988
0.003590
0.000714
-0.001698
-0.003728
-0.005110
-0.005474
-0.004734
-0.003002
-0.000302
0.003282
0.007248
0.010888
0.014050
0.017360
0.021418
0.025942
0.029940
0.032736
0.034502
0.035784
0.036746
0.037066
0.036462
0.035016
0.032966
0.030344
0.026956
0.022702
0.017668
0.011874
0.005172
-0.002334
-0.009920
-0.016680
-0.022478
-0.028068
-0.033992
-0.039646
-0.043926
-0.046798
-0.049618
-0.053626
-0.058494
-0.062798
-0.065756
-0.067968
-0.070404
-0.073166
-0.075530
-0.076988
-0.077760
-0.078306
-0.078622
-0.078296
-0.077020
-0.074836
-0.071908
-0.068334
-0.064270
-0.060006
-0.055830
-0.051954
-0.048742
-0.046700
-0.045842
-0.045194
-0.043532
-0.040804
-0.038258
-0.036780
-0.035534
-0.032932
-0.028692
-0.024040
-0.019830
-0.015496
-0.010422
-0.005410
-0.001814
0.000338
0.002160
0.003866
0.004186
0.002368
-0.000276
-0.001752
-0.001772
-0.001754
-0.002666
-0.003918
-0.004598
-0.004872
-0.005604
-0.007142
-0.009092
-0.011082
-0.013216
-0.015720
-0.018428
-0.020636
-0.021422
-0.020302
-0.017712
-0.014530
-0.010944
-0.006192
0.000094
0.006736
0.011878
0.014862
0.016480
0.017354
0.017134
0.015618
0.013704
0.012308
0.011036
0.009080
0.007096
0.006822
0.008602
0.010638
0.011432
0.011984
0.014376
0.018784
0.023270
0.026526
0.029424
0.033296
0.037778
0.041450
0.043898
0.045926
0.047860
0.048954
0.048844
0.048506
0.048846
0.049094
0.047700
0.044626
0.041568
0.039686
0.038136
0.035480
0.031758
0.028232
0.025484
0.022806
0.019522
0.015960
0.012750
0.009904
0.007164
0.004732
0.002996
0.001816
0.000780
-0.000042
-0.000310
-0.000430
-0.001508
-0.003866
-0.006302
-0.007484
-0.007758
-0.008738
-0.011134
-0.013734
-0.014970
-0.014870
-0.014792
-0.015414
-0.015752
-0.014402
-0.011240
-0.007226
-0.002918
0.002108
0.008128
0.014306
0.019512
0.023780
0.028192
0.033280
0.038244
0.042032
0.044584
0.046488
0.047856
0.048292
0.047830
0.047124
0.046522
0.045554
0.043746
0.041442
0.039376
0.037656
0.035796
0.033654
0.031810
0.030848
0.030624
0.030584
0.030584
0.031068
0.032288
0.033686
0.034290
0.033764
0.032864
0.032668
0.033446
0.034540
0.035344
0.035972
0.036732
0.037320
0.037112
0.036134
0.035168
0.034714
0.034312
0.033154
0.031014
0.028170
0.024758
0.020662
0.016014
0.011282
0.006734
0.002126
-0.002842
-0.007996
-0.012722
-0.016432
-0.019006
-0.020978
-0.023314
-0.026650
-0.030608
-0.034092
-0.036506
-0.038382
-0.040536
-0.042878
-0.044568
-0.045264
-0.045544
-0.045986
-0.046366
-0.046218
-0.045748
-0.045596
-0.045916
-0.046232
-0.046286
-0.046418
-0.046926
-0.047544
-0.047950
-0.048386
-0.049264
-0.050316
-0.050736
-0.050264
-0.049516
-0.049036
-0.048444
-0.047014
-0.044686
-0.041980
-0.039046
-0.035544
-0.031626
-0.028340
-0.026550
-0.025824
-0.025088
-0.024226
-0.024240
-0.025674
-0.027590
-0.028746
-0.029274
-0.030390
-0.032496
-0.034512
-0.035448
-0.035890
-0.037092
-0.039038
-0.040360
-0.040330
-0.039918
-0.040326
-0.041190
-0.041154
-0.039868
-0.038320
-0.037068
-0.035168
-0.031514
-0.026526
-0.021650
-0.017464
-0.013302
-0.008790
-0.004840
-0.002616
-0.002110
-0.002402
-0.003010
-0.004280
-0.006554
-0.009568
-0.012910
-0.016542
-0.020552
-0.024654
-0.028308
-0.031188
-0.033316
-0.034762
-0.035526
-0.035678
-0.035400
-0.034824
-0.033944
-0.032664
-0.030946
-0.028934
-0.027048
-0.025730
-0.024874
-0.023658
-0.021494
-0.019178
-0.018548
-0.020576
-0.024126
-0.027194
-0.029212
-0.031434
-0.035008
-0.039364
-0.043024
-0.045458
-0.047396
-0.049432
-0.051048
-0.051368
-0.050380
-0.049014
-0.048110
-0.047670
-0.047104
-0.045996
-0.044620
-0.043780
-0.044122
-0.045488
-0.046962
-0.047704
-0.047716
-0.047750
-0.048480
-0.049862
-0.051278
-0.052080
-0.051952
-0.050956
-0.049348
-0.047340
-0.045000
-0.042352
-0.039570
-0.036920
-0.034544
-0.032432
-0.030636
-0.029288
-0.028252
-0.026978
-0.024970
-0.022398
-0.020038
-0.018508
-0.017694
-0.016920
-0.015600
-0.013648
-0.011440
-0.009412
-0.007632
-0.005746
-0.003416
-0.000798
0.001666
0.003978
0.006826
0.010764
0.015334
0.019450
0.022724
0.025990
0.030160
0.034870
0.038692
0.040716
0.041466
0.042062
0.042858
0.043238
0.042656
0.041344
0.039826
0.038194
0.036226
0.034076
0.032436
0.031754
0.031694
0.031534
0.031048
0.030608
0.030456
0.030206
0.029328
0.027898
0.026590
0.025892
0.025578
0.025110
0.024382
0.023832
0.023830
0.024190
0.024372
0.024140
0.023872
0.024174
0.025216
0.026490
0.027264
0.027398
0.027600
0.028672
0.030432
0.031648
0.031348
0.029986
0.028884
0.028558
0.028118
0.026628
0.024526
0.023044
0.022442
0.021630
0.019760
0.017490
0.016148
0.016038
0.016206
0.015708
0.014446
0.012734
0.010660
0.008206
0.005554
0.002872
0.000012
-0.003252
-0.006842
-0.010500
-0.014086
-0.017418
-0.019990
-0.021350
-0.021714
-0.021696
-0.021340
-0.019910
-0.016998
-0.013456
-0.010724
-0.009372
-0.008734
-0.007970
-0.007048
-0.006542
-0.006768
-0.007384
-0.007794
-0.007738
-0.007504
-0.007560
-0.007938
-0.008096
-0.007514
-0.006362
-0.005322
-0.004728
-0.004172
-0.003136
-0.001706
-0.000424
0.000440
0.001118
0.001884
0.002730
0.003532
0.004300
0.005108
0.005918
0.006558
0.006824
0.006578
0.005972
0.005538
0.005764
0.006488
0.007012
0.007046
0.007260
0.008430
0.010280
0.011734
0.012360
0.012938
0.014258
0.015888
0.016728
0.016586
0.016498
0.017320
0.018602
0.019218
0.018770
0.017916
0.017420
0.017376
0.017516
0.017790
0.018352
0.019096
0.019682
0.020032
0.020546
0.021556
0.022768
0.023510
0.023486
0.023004
0.022308
0.021044
0.018736
0.015606
0.012422
0.009448
0.006126
0.002190
-0.001290
-0.002696
-0.001690
0.000398
0.002314
0.004448
0.008144
0.013770
0.020214
0.026282
0.031844
0.037278
0.042366
0.046408
0.049154
0.050924
0.051776
0.051202
0.048928
0.045542
0.041906
0.038268
0.034360
0.030210
0.026270
0.022850
0.019882
0.017466
0.016110
0.016122
0.017114
0.018502
0.020224
0.022490
0.025018
0.027124
0.028572
0.029666
0.030240
0.029298
0.026364
0.022748
0.020430
0.019530
0.017756
0.013040
0.006198
0.000142
-0.003376
-0.005346
-0.007624
-0.010326
-0.011890
-0.011310
-0.009272
-0.006842
-0.003836
0.000774
0.007168
0.014086
0.019996
0.024350
0.027504
0.029882
0.031518
0.032212
0.031652
0.029412
0.025108
0.018774
0.011076
0.003236
-0.003406
-0.008164
-0.011626
-0.015172
-0.019398
-0.023120
-0.024586
-0.023660
-0.022110
-0.021458
-0.021252
-0.020156
-0.018152
-0.016618
-0.016228
-0.015920
-0.014410
-0.011954
-0.009822
-0.008518
-0.007356
-0.005630
-0.003390
-0.000880
0.002028
0.005416
0.008868
0.011980
0.015040
0.018668
0.022800
0.026528
0.028992
0.030136
0.030434
0.030296
0.029862
0.029110
0.027930
0.026202
0.024096
0.022154
0.020904
0.020342
0.020004
0.019486
0.018750
0.018016
0.017570
0.017610
0.018012
0.018160
0.017408
0.015766
0.013954
0.012460
0.010858
0.008424
0.005304
0.002552
0.000898
-0.000076
-0.001158
-0.002260
-0.002446
-0.001190
0.000892
0.002802
0.004298
0.005930
0.008052
0.010206
0.011582
0.011848
0.011372
0.010746
0.010272
0.009848
0.009168
0.008036
0.006628
0.005408
0.004702
0.004272
0.003546
0.002332
0.001122
0.000472
0.000200
-0.000408
-0.001576
-0.002598
-0.002670
-0.001880
-0.000972
-0.000228
0.000888
0.002866
0.005428
0.008104
0.011116
0.015026
0.019554
0.023430
0.025830
0.027384
0.029314
0.031862
0.034222
0.035912
0.037424
0.039284
0.041134
0.042298
0.042822
0.043314
0.043880
0.043888
0.042846
0.040966
0.038680
0.036108
0.033294
0.030450
0.027532
0.023928
0.019240
0.014176
0.009984
0.006850
0.003536
-0.001062
-0.006536
-0.011620
-0.015766
-0.019380
-0.022676
-0.025170
-0.026638
-0.027812
-0.029476
-0.031174
-0.031582
-0.030258
-0.028356
-0.027282
-0.027012
-0.026242
-0.024046
-0.020808
-0.017486
-0.014466
-0.011540
-0.008658
-0.006138
-0.004106
-0.002174
0.000006
0.002144
0.003590
0.004172
0.004418
0.004872
0.005480
0.005878
0.006046
0.006298
0.006678
0.006850
0.006810
0.007262
0.008770
0.010716
0.011754
0.011450
0.010830
0.010862
0.010994
0.009914
0.007480
0.004884
0.002730
0.000002
-0.004398
-0.009862
-0.014794
-0.018786
-0.022966
-0.028098
-0.033410
-0.037742
-0.041048
-0.043962
-0.046480
-0.047982
-0.048352
-0.048172
-0.047686
-0.046426
-0.044100
-0.041170
-0.038198
-0.035196
-0.032254
-0.030226
-0.029952
-0.030922
-0.031570
-0.031092
-0.030318
-0.030406
-0.031252
-0.031720
-0.031148
-0.030000
-0.029004
-0.028210
-0.027134
-0.025534
-0.023718
-0.022162
-0.021012
-0.019956
-0.018578
-0.016892
-0.015502
-0.015040
-0.015380
-0.015570
-0.014810
-0.013362
-0.012298
-0.012328
-0.013138
-0.013938
-0.014428
-0.014972
-0.015944
-0.017240
-0.018524
-0.019744
-0.021178
-0.023004
-0.025048
-0.027100
-0.029252
-0.031688
-0.034114
-0.035742
-0.036096
-0.035688
-0.035542
-0.035992
-0.036368
-0.036008
-0.035276
-0.035108
-0.035766
-0.036550
-0.036854
-0.036998
-0.037684
-0.038930
-0.039966
-0.040082
-0.039192
-0.037654
-0.035918
-0.034400
-0.033276
-0.032260
-0.030890
-0.029306
-0.028368
-0.028686
-0.029822
-0.030860
-0.031636
-0.032852
-0.034972
-0.037544
-0.039890
-0.041978
-0.044190
-0.046558
-0.048646
-0.050148
-0.051140
-0.051734
-0.051782
-0.051140
-0.049932
-0.048418
-0.046706
-0.044696
-0.042238
-0.039310
-0.036170
-0.033258
-0.030696
-0.027910
-0.024166
-0.019732
-0.015996
-0.014046
-0.013320
-0.012268
-0.010270
-0.008296
-0.007510
-0.007842
-0.008300
-0.008240
-0.007772
-0.007168
-0.006476
-0.005716
-0.004934
-0.003938
-0.002464
-0.000668
0.000940
0.002262
0.003784
0.005664
0.007148
0.007598
0.007758
0.009172
0.012236
0.015636
0.018070
0.019868
0.022280
0.025576
0.028700
0.030754
0.031970
0.032920
0.033458
0.033110
0.032180
0.031638
0.031822
0.031830
0.030666
0.028652
0.027150
0.026922
0.027184
0.026590
0.024836
0.022870
0.021544
0.020558
0.018978
0.016544
0.014020
0.012240
0.011188
0.010188
0.008794
0.007220
0.006034
0.005588
0.005780
0.006168
0.006356
0.006342
0.006514
0.007158
0.008058
0.008750
0.009108
0.009436
0.009912
0.010278
0.010288
0.010202
0.010478
0.011074
0.011438
0.011234
0.010716
0.010188
0.009412
0.007874
0.005560
0.003082
0.000992
-0.000770
-0.002624
-0.004690
-0.006596
-0.007846
-0.008248
-0.008044
-0.007686
-0.007468
-0.007218
-0.006436
-0.004848
-0.002842
-0.001172
-0.000174
0.000644
0.002148
0.004852
0.008606
0.012818
0.016802
0.020134
0.022962
0.025896
0.029366
0.033026
0.036090
0.038194
0.039682
0.040882
0.041590
0.041558
0.041136
0.040858
0.040458
0.038986
0.036118
0.032850
0.030436
0.028848
0.026882
0.023762
0.020016
0.016666
0.013922
0.011276
0.008604
0.006562
0.005642
0.005340
0.004814
0.004190
0.004586
0.006566
0.009074
0.010554
0.010880
0.011476
0.013340
0.015650
0.016848
0.016608
0.015924
0.015452
0.014670
0.012966
0.010696
0.008558
0.006490
0.003962
0.001086
-0.001460
-0.003510
-0.005514
-0.007336
-0.007966
-0.006976
-0.005500
-0.004760
-0.004168
-0.002078
0.001590
0.004726
0.005522
0.004566
0.003684
0.003392
0.002600
0.000540
-0.002196
-0.004688
-0.006778
-0.008704
-0.010426
-0.011956
-0.013734
-0.015962
-0.017874
-0.018504
-0.018058
-0.017752
-0.018124
-0.018272
-0.017156
-0.015020
-0.012984
-0.011598
-0.010492
-0.009270
-0.008036
-0.006948
-0.005884
-0.004924
-0.004738
-0.005906
-0.008022
-0.009908
-0.010834
-0.011180
-0.011760
-0.012838
-0.013974
-0.014664
-0.014810
-0.014686
-0.014722
-0.015268
-0.016252
-0.017046
-0.016990
-0.016170
-0.015308
-0.014790
-0.014222
-0.013302
-0.012584
-0.012680
-0.012978
-0.012098
-0.009766
-0.007302
-0.005800
-0.004696
-0.002908
-0.000710
0.000716
0.001298
0.002272
0.004096
0.005448
0.005074
0.003696
0.002908
0.002650
0.001188
-0.002342
-0.006490
-0.009204
-0.010156
-0.010568
-0.011214
-0.011530
-0.010720
-0.008914
-0.006814
-0.004674
-0.002230
0.000460
0.002760
0.004272
0.005476
0.007054
0.008782
0.009672
0.009372
0.008746
0.008570
0.008202
0.006364
0.003076
-0.000172
-0.002482
-0.004810
-0.008478
-0.013094
-0.016914
-0.019018
-0.020086
-0.020898
-0.021132
-0.020178
-0.018448
-0.016992
-0.016174
-0.015428
-0.014306
-0.013112
-0.012326
-0.011898
-0.011332
-0.010230
-0.008556
-0.006640
-0.005028
-0.004072
-0.003428
-0.002332
-0.000654
0.000634
0.000548
-0.000438
-0.000772
0.000146
0.000910
-0.000254
-0.003124
-0.005546
-0.005978
-0.005212
-0.005102
-0.006124
-0.006986
-0.006568
-0.005360
-0.004650
-0.004900
-0.005506
-0.005934
-0.006404
-0.007372
-0.008810
-0.010264
-0.011384
-0.012212
-0.013076
-0.014252
-0.015604
-0.016482
-0.016234
-0.014934
-0.013386
-0.012244
-0.011334
-0.010066
-0.008292
-0.006364
-0.004510
-0.002544
0.000192
0.002816
0.005288
0.007428
0.009120
0.010252
0.010930
0.011532
0.012270
0.012806
0.012626
0.011740
0.010716
0.009902
0.008954
0.007340
0.005142
0.003022
0.001448
0.000222
-0.001034
-0.002220
-0.002880
-0.002926
-0.002858
-0.003062
-0.003248
-0.002946
-0.002366
-0.002238
-0.002732
-0.003080
-0.002632
-0.001912
-0.002050
-0.003260
-0.004468
-0.004580
-0.003660
-0.002514
-0.001500
-0.000252
0.001568
0.003740
0.005832
0.007738
0.009626
0.011538
0.013322
0.014802
0.015840
0.016246
0.015906
0.015058
0.014198
0.013546
0.012784
0.011558
0.010120
0.009170
0.009016
0.009250
0.009400
0.009590
0.010264
0.011422
0.012554
0.013318
0.013932
0.014762
0.015834
0.016902
0.017730
0.018118
0.017866
0.017058
0.016226
0.015912
0.016042
0.016066
0.015712
0.015306
0.015308
0.015804
0.016602
0.017546
0.018492
0.019212
0.019586
0.019860
0.020420
0.021332
0.022246
0.022766
0.022760
0.022306
0.021554
0.020658
0.019696
0.018602
0.017328
0.016088
0.015284
0.015074
0.015238
0.015528
0.015986
0.016710
0.017510
0.018128
0.018718
0.019722
0.021104
0.022150
0.022260
0.021784
0.021602
0.021986
0.022274
0.021834
0.020954
0.020440
0.020496
0.020508
0.019946
0.019094
0.018612
0.018630
0.018628
0.018140
0.017276
0.016424
0.015742
0.015106
0.014398
0.013622
0.012766
0.011792
0.010754
0.009794
0.008942
0.008100
0.007280
0.006700
0.006482
0.006398
0.006104
0.005632
0.005398
0.005688
0.006322
0.006950
0.007506
0.008194
0.009084
0.010014
0.010878
0.011778
0.012770
0.013654
0.014210
0.014560
0.015038
0.015732
0.016302
0.016370
0.015920
0.015268
0.014702
0.014292
0.013948
0.013512
0.012844
0.011936
0.010972
0.010172
0.009528
0.008796
0.007820
0.006782
0.006002
0.005540
0.005144
0.004636
0.004232
0.004316
0.004904
0.005498
0.005590
0.005236
0.004960
0.005090
0.005360
0.005274
0.004718
0.004016
0.003442
0.002910
0.002218
0.001382
0.000572
-0.000164
-0.000876
-0.001518
-0.001974
-0.002288
-0.002676
-0.003214
-0.003712
-0.004006
-0.004212
-0.004550
-0.005008
-0.005398
-0.005708
-0.006158
-0.006860
-0.007646
-0.008328
-0.008958
-0.009686
-0.010426
-0.010904
-0.011018
-0.010976
-0.011040
-0.011228
-0.011378
-0.011422
-0.011440
-0.011512
-0.011614
-0.011688
-0.011730
-0.011782
-0.011856
-0.011926
-0.011978
-0.012026
-0.012084
-0.012142
-0.012194
-0.012242
-0.012290
-0.012338
-0.012384
-0.012428
-0.012468
-0.012510
-0.012548
-0.012586
-0.012622
-0.012656
-0.012688
-0.012718
-0.012746
-0.012774
-0.012800
-0.012824
-0.012846
-0.012866
-0.012886
-0.012902
-0.012918
-0.012932
-0.012944
-0.012954
-0.012964
-0.012970
-0.012976
-0.012980
-0.012982
-0.012982
-0.012980
-0.012978
-0.012972
-0.012966
-0.012958
-0.012948
-0.012936
-0.012924
-0.012908
-0.012892
-0.012874
-0.012854
-0.012832
