0.000000
-0.008008
-0.004792
0.001425
0.001425
0.001532
0.001563
0.001574
0.001582
0.001591
0.001601
0.001612
0.001623
0.001631
0.001638
0.001645
0.001649
0.001644
0.001633
0.001615
0.001600
0.001595
0.001597
0.001599
0.001602
0.001601
0.001596
0.001587
0.001575
0.001557
0.001529
0.001492
0.001452
0.001422
0.001405
0.001385
0.001352
0.001304
0.001250
0.001197
0.001152
0.001138
0.001170
0.001227
0.001283
0.001327
0.001340
0.001322
0.001294
0.001273
0.001254
0.001218
0.001169
0.001121
0.001093
0.001097
0.001112
0.001104
0.001055
0.000990
0.000944
0.000926
0.000950
0.001058
0.001253
0.001459
0.001590
0.001600
0.001509
0.001384
0.001277
0.001190
0.001135
0.001142
0.001186
0.001203
0.001160
0.001082
0.001008
0.000952
0.000915
0.000909
0.000932
0.000961
0.000986
0.001016
0.001060
0.001114
0.001159
0.001148
0.001059
0.000952
0.000902
0.000926
0.000983
0.001018
0.001025
0.001026
0.001040
0.001064
0.001087
0.001110
0.001140
0.001174
0.001211
0.001253
0.001300
0.001344
0.001341
0.001234
0.001065
0.000967
0.000986
0.001035
0.001041
0.001016
0.000996
0.000988
0.000958
0.000881
0.000768
0.000647
0.000534
0.000431
0.000322
0.000212
0.000140
0.000223
0.000533
0.000923
0.001152
0.001119
0.000927
0.000823
0.001023
0.001558
0.002234
0.002724
0.002765
0.002337
0.001701
0.001184
0.000919
0.000835
0.000756
0.000583
0.000370
0.000189
0.000041
-0.000091
-0.000131
0.000044
0.000382
0.000624
0.000574
0.000403
0.000465
0.000788
0.001126
0.001315
0.001305
0.001098
0.000812
0.000644
0.000738
0.001022
0.001325
0.001620
0.001810
0.001602
0.001008
0.000384
-0.000079
-0.000410
-0.000592
-0.000562
-0.000353
-0.000076
0.000265
0.000813
0.001631
0.002545
0.003247
0.003376
0.002716
0.001585
0.000486
-0.000575
-0.001706
-0.002541
-0.002648
-0.002084
-0.001321
-0.000906
-0.001086
-0.001593
-0.001999
-0.002209
-0.002282
-0.002124
-0.001705
-0.001200
-0.000741
-0.000289
0.000224
0.000807
0.001383
0.001778
0.001938
0.002027
0.002177
0.002363
0.002506
0.002566
0.002497
0.002091
0.001197
0.000081
-0.000631
-0.000458
0.000308
0.000814
0.000564
-0.000159
-0.000790
-0.001159
-0.001384
-0.001382
-0.001053
-0.000575
-0.000141
0.000253
0.000714
0.001272
0.001780
0.001899
0.001465
0.000767
0.000132
-0.000361
-0.000616
-0.000543
-0.000290
-0.000076
0.000067
0.000227
0.000464
0.000773
0.001216
0.001913
0.002803
0.003729
0.004553
0.004798
0.004005
0.002566
0.001341
0.000723
0.000418
-0.000023
-0.000694
-0.001369
-0.001886
-0.002314
-0.002506
-0.001705
0.000775
0.004322
0.006731
0.005988
0.002816
-0.000061
-0.000815
0.000341
0.001871
0.002558
0.002426
0.001919
0.001147
0.000196
-0.000662
-0.001202
-0.001377
-0.001096
-0.000205
0.001102
0.002417
0.003561
0.004678
0.005882
0.006807
0.006961
0.006457
0.005886
0.005561
0.005275
0.004756
0.004055
0.003192
0.001820
-0.000159
-0.002240
-0.003818
-0.004420
-0.003601
-0.001493
0.000921
0.002947
0.004763
0.006545
0.007815
0.007876
0.006600
0.004564
0.002578
0.001121
0.000262
-0.000020
0.000122
0.000294
0.000262
0.000135
0.000060
0.000106
0.000214
0.000194
-0.000033
-0.000249
0.000146
0.001562
0.003615
0.005308
0.005824
0.005521
0.005360
0.005642
0.005980
0.005837
0.004600
0.001806
-0.002070
-0.005739
-0.008260
-0.009556
-0.009961
-0.010007
-0.010122
-0.010317
-0.010220
-0.009251
-0.006790
-0.002743
0.001869
0.005925
0.008941
0.010531
0.010395
0.008817
0.006696
0.004713
0.002892
0.001486
0.001488
0.003443
0.006095
0.006614
0.003330
-0.001984
-0.006371
-0.008737
-0.009383
-0.008644
-0.007074
-0.005245
-0.003234
-0.001806
-0.002238
-0.004102
-0.005736
-0.006190
-0.005252
-0.003075
-0.000364
0.001993
0.003699
0.005012
0.006119
0.006958
0.007160
0.006379
0.004736
0.002534
0.000207
-0.001288
0.000163
0.006491
0.016563
0.025549
0.027607
0.021918
0.013927
0.008479
0.006312
0.006042
0.006301
0.006402
0.005146
0.000912
-0.005855
-0.012651
-0.016681
-0.015046
-0.007525
0.001788
0.009138
0.013349
0.014527
0.013650
0.011713
0.009408
0.007363
0.006101
0.005800
0.006176
0.006695
0.007065
0.007497
0.008406
0.009480
0.008817
0.005010
-0.000447
-0.004762
-0.006182
-0.004407
-0.000478
0.003815
0.007484
0.010641
0.013386
0.015718
0.017970
0.020431
0.022813
0.024419
0.023568
0.016944
0.002387
-0.017290
-0.034984
-0.044235
-0.044663
-0.040656
-0.033929
-0.022712
-0.007946
0.005044
0.012339
0.016135
0.020941
0.027944
0.036338
0.050026
0.074887
0.102979
0.112155
0.087474
0.038788
-0.004064
-0.019093
-0.013181
-0.008340
-0.013956
-0.022227
-0.022436
-0.009532
0.011349
0.022161
0.007946
-0.022625
-0.045562
-0.047654
-0.033990
-0.014389
0.004831
0.020070
0.032161
0.046551
0.073192
0.135453
0.220269
0.210557
0.049638
-0.102580
-0.111089
-0.073378
-0.120176
-0.207196
-0.216116
-0.120960
0.006179
0.083485
0.094593
0.075363
0.057263
0.049969
0.046995
0.033211
0.005083
-0.017739
-0.010933
0.041118
0.133981
0.204660
0.185264
0.122132
0.087235
0.044568
-0.040358
-0.106877
-0.098068
-0.039751
0.004719
0.009360
-0.002955
-0.008582
-0.011764
-0.023179
-0.037505
-0.043541
-0.040313
-0.029803
0.004969
0.084373
0.185188
0.253815
0.260045
0.206368
0.109219
-0.003785
-0.089652
-0.122311
-0.118148
-0.097433
-0.067064
-0.038109
-0.018065
-0.003355
0.011586
0.024765
0.028400
0.018668
-0.001113
-0.022917
-0.036272
-0.031608
-0.003178
0.042208
0.081936
0.099386
0.097434
0.084147
0.061510
0.029109
-0.004782
-0.025480
-0.028727
-0.022425
-0.013709
-0.002595
0.012376
0.027335
0.034210
0.026023
0.000862
-0.033981
-0.060866
-0.066083
-0.052759
-0.030807
-0.009498
0.000724
-0.005011
-0.022905
-0.043881
-0.056874
-0.055701
-0.041326
-0.019364
0.002624
0.021347
0.038232
0.053989
0.066171
0.069091
0.059042
0.040313
0.020971
0.006391
0.004155
0.023399
0.060722
0.099787
0.121072
0.110835
0.070366
0.018688
-0.018959
-0.031992
-0.024452
-0.000606
0.030729
0.050176
0.046345
0.025998
-0.000777
-0.026895
-0.044112
-0.049515
-0.048276
-0.042439
-0.030519
-0.015265
-0.001680
0.008232
0.014235
0.016144
0.015950
0.016365
0.017549
0.018852
0.020992
0.026039
0.037034
0.052380
0.065200
0.068015
0.055569
0.023414
-0.021654
-0.053281
-0.055352
-0.036203
-0.002928
0.042045
0.080556
0.091453
0.073632
0.039269
-0.001639
-0.043173
-0.079836
-0.105536
-0.113608
-0.104063
-0.079950
-0.041904
0.003241
0.044771
0.076491
0.097002
0.102757
0.080143
0.028493
-0.017989
-0.028913
-0.010467
0.013819
0.028583
0.031528
0.025060
0.012233
-0.002031
-0.010515
-0.005153
0.021721
0.066016
0.104947
0.117188
0.099967
0.066336
0.032917
0.011556
0.007558
0.014390
0.020596
0.022130
0.020393
0.013503
0.000758
-0.012631
-0.024307
-0.035028
-0.044202
-0.049901
-0.052560
-0.054071
-0.054207
-0.052087
-0.046643
-0.038699
-0.031432
-0.025371
-0.018224
-0.010098
-0.002588
0.002848
0.004993
0.005885
0.010216
0.021977
0.041540
0.059882
0.064939
0.058611
0.051886
0.050842
0.055240
0.060414
0.059433
0.045204
0.015076
-0.023666
-0.058536
-0.078205
-0.078176
-0.063356
-0.041929
-0.022901
-0.012871
-0.008808
-0.002649
0.010414
0.030568
0.054042
0.076192
0.087714
0.078399
0.047701
0.006049
-0.026215
-0.033058
-0.015559
0.013987
0.038841
0.048785
0.041857
0.019114
-0.011658
-0.039743
-0.055890
-0.055067
-0.039105
-0.011983
0.026550
0.078263
0.128364
0.144777
0.114934
0.058889
0.003158
-0.032351
-0.043892
-0.049755
-0.065949
-0.088445
-0.107146
-0.119196
-0.125861
-0.126625
-0.114780
-0.080421
-0.025263
0.029812
0.061202
0.062076
0.040524
0.003474
-0.042139
-0.083318
-0.112517
-0.126881
-0.127733
-0.123204
-0.120381
-0.119842
-0.115424
-0.100966
-0.072870
-0.033549
0.007576
0.037829
0.047967
0.041397
0.029386
0.020686
0.018226
0.021096
0.032045
0.058096
0.091235
0.108431
0.100077
0.077602
0.056671
0.042259
0.027554
0.008305
-0.012000
-0.028441
-0.036769
-0.038317
-0.039700
-0.045388
-0.057253
-0.077081
-0.099811
-0.113898
-0.113789
-0.106189
-0.101331
-0.104776
-0.116168
-0.123524
-0.112992
-0.082321
-0.038679
0.009544
0.060769
0.118617
0.179260
0.228998
0.258610
0.255773
0.210826
0.139476
0.061738
-0.011386
-0.066461
-0.092581
-0.084686
-0.049983
-0.011090
0.018287
0.043661
0.071263
0.096137
0.108269
0.100511
0.073138
0.034355
-0.002156
-0.023651
-0.026272
-0.018313
-0.011076
-0.013056
-0.028999
-0.051778
-0.074601
-0.092402
-0.100153
-0.104607
-0.111785
-0.119350
-0.122510
-0.114848
-0.095722
-0.073631
-0.060958
-0.063461
-0.072606
-0.081921
-0.092935
-0.106582
-0.121469
-0.135861
-0.147922
-0.149391
-0.133250
-0.097504
-0.047551
0.003736
0.047586
0.079522
0.103227
0.123903
0.136784
0.139803
0.132401
0.107859
0.060742
-0.003302
-0.064301
-0.108707
-0.136097
-0.145341
-0.140446
-0.130671
-0.117753
-0.101742
-0.083683
-0.068759
-0.067968
-0.087762
-0.126878
-0.170046
-0.200419
-0.211647
-0.199046
-0.158562
-0.092311
-0.018916
0.030902
0.038765
0.014186
-0.018175
-0.045394
-0.064034
-0.072001
-0.074880
-0.082360
-0.098331
-0.116829
-0.126480
-0.125890
-0.125518
-0.130250
-0.137279
-0.143430
-0.146568
-0.136541
-0.106067
-0.063687
-0.027744
-0.010121
-0.006465
-0.012404
-0.024467
-0.033344
-0.028896
-0.007751
0.023156
0.051709
0.066684
0.069680
0.071654
0.077347
0.083084
0.078882
0.058850
0.025125
-0.015996
-0.060079
-0.103268
-0.138216
-0.165988
-0.192141
-0.214623
-0.227550
-0.232204
-0.234072
-0.231452
-0.220975
-0.201654
-0.177005
-0.155755
-0.144318
-0.145484
-0.158942
-0.182016
-0.211765
-0.240953
-0.259143
-0.261271
-0.252366
-0.244516
-0.245642
-0.257806
-0.279746
-0.304682
-0.319893
-0.305844
-0.247955
-0.149733
-0.028974
0.084031
0.151911
0.154429
0.097469
0.006026
-0.082379
-0.132894
-0.134546
-0.110695
-0.092884
-0.090070
-0.097086
-0.109175
-0.122110
-0.134877
-0.150535
-0.167862
-0.185747
-0.204127
-0.213236
-0.210234
-0.194353
-0.163825
-0.130962
-0.104421
-0.088042
-0.086227
-0.090792
-0.093363
-0.096140
-0.099081
-0.099222
-0.098648
-0.107851
-0.131873
-0.161264
-0.175178
-0.161427
-0.127853
-0.091759
-0.069083
-0.059405
-0.055328
-0.047854
-0.033260
-0.014992
0.007876
0.033290
0.055039
0.071894
0.083701
0.084513
0.073919
0.059658
0.049253
0.042394
0.031140
0.010754
-0.017008
-0.047959
-0.074093
-0.089246
-0.098798
-0.108524
-0.118195
-0.128223
-0.138337
-0.146453
-0.155673
-0.168377
-0.181111
-0.195926
-0.216139
-0.240439
-0.263995
-0.281343
-0.286600
-0.277678
-0.263929
-0.252023
-0.245801
-0.247413
-0.251389
-0.251176
-0.243163
-0.228004
-0.211067
-0.199353
-0.192913
-0.181916
-0.156022
-0.109753
-0.049976
0.001935
0.035154
0.052790
0.061452
0.064268
0.062440
0.058867
0.054640
0.052370
0.050572
0.048810
0.048860
0.048310
0.046227
0.044333
0.039504
0.027700
0.009834
-0.009320
-0.019362
-0.019788
-0.020446
-0.023780
-0.030906
-0.044846
-0.063572
-0.083843
-0.103089
-0.114976
-0.120657
-0.125477
-0.130623
-0.138987
-0.151071
-0.165172
-0.179321
-0.191582
-0.201472
-0.209268
-0.215644
-0.221026
-0.223031
-0.220715
-0.217513
-0.213080
-0.205804
-0.193989
-0.175523
-0.152440
-0.126305
-0.103062
-0.087359
-0.079174
-0.078675
-0.078410
-0.074033
-0.068099
-0.057416
-0.036775
-0.006222
0.027486
0.056008
0.078278
0.097671
0.114361
0.125716
0.128691
0.124120
0.118675
0.116812
0.116818
0.116326
0.115132
0.113807
0.112645
0.108331
0.102644
0.099354
0.096854
0.098256
0.104178
0.113187
0.127650
0.146267
0.166646
0.188939
0.208764
0.225051
0.239751
0.250852
0.261206
0.271599
0.279981
0.290424
0.302479
0.314043
0.329628
0.346299
0.360220
0.371226
0.373934
0.367067
0.358336
0.354404
0.356868
0.366285
0.378619
0.391505
0.406245
0.421539
0.434984
0.441714
0.438024
0.421208
0.392130
0.354593
0.314584
0.275247
0.236102
0.200511
0.168857
0.144789
0.131548
0.125810
0.125321
0.125318
0.123008
0.121415
0.118658
0.112527
0.102944
0.089639
0.077941
0.072072
0.068725
0.066052
0.065463
0.063076
0.061634
0.063767
0.065016
0.066955
0.068481
0.070982
0.073097
0.073771
0.077553
0.080896
0.085451
0.090316
0.094946
0.102118
0.107827
0.111999
0.116768
0.123586
0.128223
0.128447
0.127434
0.124957
0.121958
0.120056
0.118088
0.117360
0.121207
0.126913
0.132064
0.133932
0.129670
0.121275
0.112735
0.106518
0.100145
0.094043
0.091560
0.088098
0.085222
0.085638
0.084399
0.083642
0.083233
0.084170
0.086829
0.090605
0.099867
0.113209
0.125734
0.138967
0.153637
0.168799
0.183892
0.194266
0.200462
0.203917
0.203068
0.202823
0.204274
0.203244
0.202219
0.201243
0.199183
0.195253
0.192214
0.189659
0.184680
0.181791
0.179442
0.173373
0.163133
0.151903
0.140945
0.129453
0.119859
0.113980
0.107845
0.099731
0.091449
0.083718
0.076977
0.068001
0.059179
0.051430
0.045657
0.042126
0.035660
0.030742
0.026311
0.016303
0.005754
-0.004060
-0.014052
-0.022773
-0.031741
-0.037594
-0.041109
-0.045319
-0.046667
-0.041938
-0.033354
-0.025570
-0.014206
0.002433
0.018212
0.038469
0.066094
0.094731
0.125317
0.157128
0.186324
0.207093
0.216058
0.218946
0.217558
0.214400
0.212219
0.208808
0.205416
0.201547
0.197232
0.195926
0.197570
0.199128
0.200955
0.202720
0.204390
0.206503
0.207361
0.208284
0.207017
0.202225
0.197880
0.190387
0.181110
0.172885
0.157529
0.139941
0.123814
0.105275
0.091170
0.079972
0.068320
0.060250
0.055312
0.051032
0.049255
0.052187
0.055404
0.055995
0.058149
0.062656
0.065200
0.066885
0.070991
0.075872
0.079647
0.085169
0.090608
0.093867
0.094729
0.098322
0.104335
0.108731
0.119361
0.132947
0.147288
0.166438
0.185274
0.204361
0.223272
0.235095
0.244307
0.252829
0.257877
0.260900
0.265357
0.270971
0.270854
0.268869
0.267702
0.263950
0.257614
0.249982
0.241036
0.230514
0.222532
0.212791
0.199401
0.184573
0.162017
0.129586
0.086725
0.038082
-0.005219
-0.042600
-0.076081
-0.097603
-0.104188
-0.102483
-0.092492
-0.075285
-0.059257
-0.047116
-0.038129
-0.036296
-0.042479
-0.050319
-0.058638
-0.065743
-0.069166
-0.072026
-0.074497
-0.075602
-0.077947
-0.081940
-0.084322
-0.084842
-0.089628
-0.093607
-0.089583
-0.087060
-0.081955
-0.070068
-0.057245
-0.044016
-0.031395
-0.018343
-0.004172
0.011067
0.029601
0.054548
0.081024
0.105416
0.131035
0.153403
0.167066
0.177072
0.183573
0.179504
0.173303
0.169386
0.164233
0.160548
0.155925
0.150297
0.147568
0.145443
0.136274
0.124730
0.109757
0.090803
0.074752
0.053126
0.030081
0.011288
-0.006532
-0.018432
-0.027670
-0.039300
-0.047929
-0.054174
-0.060831
-0.064195
-0.063660
-0.064417
-0.067136
-0.065335
-0.064188
-0.065936
-0.065674
-0.067570
-0.069440
-0.072503
-0.077311
-0.079773
-0.087284
-0.097811
-0.101472
-0.104571
-0.110990
-0.112729
-0.113712
-0.115459
-0.113030
-0.112069
-0.111888
-0.110220
-0.108797
-0.107809
-0.109571
-0.110830
-0.113136
-0.118676
-0.121950
-0.126947
-0.136578
-0.144216
-0.150101
-0.157263
-0.164653
-0.172792
-0.177429
-0.181097
-0.187221
-0.188629
-0.187539
-0.187921
-0.191450
-0.193425
-0.191809
-0.194277
-0.198275
-0.199281
-0.200279
-0.203307
-0.204080
-0.201750
-0.201225
-0.202320
-0.202162
-0.200869
-0.199003
-0.196385
-0.191207
-0.184976
-0.177272
-0.166779
-0.154358
-0.138603
-0.119838
-0.098329
-0.075950
-0.054055
-0.034909
-0.021075
-0.006878
0.006807
0.018067
0.028555
0.034448
0.040986
0.047800
0.049571
0.051621
0.054830
0.057265
0.060488
0.061756
0.063371
0.066693
0.065749
0.064742
0.060173
0.045110
0.025419
0.001202
-0.031642
-0.066037
-0.093471
-0.114163
-0.128211
-0.135839
-0.134897
-0.128899
-0.123398
-0.119199
-0.116753
-0.115286
-0.113926
-0.111579
-0.111325
-0.109357
-0.102785
-0.095135
-0.088087
-0.082734
-0.077952
-0.075285
-0.073654
-0.073310
-0.074295
-0.074192
-0.075005
-0.074345
-0.073161
-0.077703
-0.083231
-0.088260
-0.098670
-0.109054
-0.118628
-0.127259
-0.130044
-0.131636
-0.134495
-0.137111
-0.136298
-0.135026
-0.135724
-0.135553
-0.135532
-0.130717
-0.125933
-0.123282
-0.117824
-0.114902
-0.114467
-0.115905
-0.119213
-0.123052
-0.124672
-0.125728
-0.127393
-0.125401
-0.125135
-0.126728
-0.126097
-0.126565
-0.124983
-0.123147
-0.125281
-0.125458
-0.124203
-0.122856
-0.120458
-0.118909
-0.117846
-0.115225
-0.115432
-0.117677
-0.118462
-0.120719
-0.121221
-0.122746
-0.122307
-0.119227
-0.119791
-0.118827
-0.116791
-0.117150
-0.118600
-0.120042
-0.122376
-0.124137
-0.123589
-0.122176
-0.120839
-0.121240
-0.121738
-0.120999
-0.122248
-0.122751
-0.123181
-0.125021
-0.123371
-0.120720
-0.120817
-0.119829
-0.116330
-0.114796
-0.114337
-0.112069
-0.109921
-0.107905
-0.104460
-0.100593
-0.098519
-0.096539
-0.093468
-0.091380
-0.087761
-0.084198
-0.083117
-0.079143
-0.074576
-0.072292
-0.067773
-0.063863
-0.061661
-0.057497
-0.053155
-0.051948
-0.050618
-0.049592
-0.050069
-0.048474
-0.047362
-0.048245
-0.050410
-0.051818
-0.053062
-0.056501
-0.057979
-0.059279
-0.063132
-0.062861
-0.060929
-0.058880
-0.053319
-0.046366
-0.039398
-0.033960
-0.030397
-0.027371
-0.023998
-0.022351
-0.019745
-0.016371
-0.015690
-0.016435
-0.019126
-0.024071
-0.030875
-0.037132
-0.043619
-0.050020
-0.055166
-0.059880
-0.061226
-0.060989
-0.062505
-0.062602
-0.063311
-0.064977
-0.068179
-0.075574
-0.079445
-0.082042
-0.087528
-0.088064
-0.085150
-0.086324
-0.085975
-0.080345
-0.077361
-0.074120
-0.065705
-0.055239
-0.042608
-0.029574
-0.017007
-0.005462
0.007494
0.021355
0.030185
0.037882
0.044313
0.047808
0.050691
0.052116
0.054656
0.057840
0.060571
0.063836
0.067285
0.071714
0.074208
0.075201
0.078035
0.079148
0.080112
0.083704
0.085812
0.088806
0.094820
0.099172
0.101558
0.106774
0.112476
0.114255
0.115880
0.115959
0.114032
0.111980
0.107610
0.100734
0.093151
0.087284
0.079846
0.072905
0.067090
0.060580
0.056070
0.051585
0.048126
0.044414
0.036903
0.026006
0.012116
-0.003056
-0.018850
-0.030061
-0.034849
-0.035604
-0.027414
-0.014829
-0.001993
0.011437
0.021985
0.027350
0.028562
0.033010
0.038266
0.039323
0.044283
0.051307
0.056095
0.066541
0.076923
0.083242
0.090730
0.096685
0.099999
0.101568
0.105136
0.110524
0.113066
0.117645
0.123732
0.127795
0.131970
0.133107
0.132671
0.130362
0.126757
0.122837
0.115233
0.109470
0.103038
0.091528
0.077352
0.058503
0.036178
0.014733
-0.002116
-0.013595
-0.018211
-0.014649
-0.009162
-0.003749
0.002964
0.007897
0.011830
0.014828
0.013482
0.009938
0.008199
0.005697
0.003335
0.003519
0.003110
0.007040
0.015832
0.024143
0.033715
0.043244
0.052011
0.062115
0.071802
0.078676
0.084084
0.088527
0.087729
0.084327
0.079199
0.072012
0.065761
0.058770
0.051446
0.042474
0.032753
0.023626
0.013956
0.004495
-0.003156
-0.008490
-0.012643
-0.015459
-0.015961
-0.017305
-0.019803
-0.020080
-0.019756
-0.019916
-0.022068
-0.024692
-0.024241
-0.023497
-0.021494
-0.016445
-0.011707
-0.006520
0.000161
0.006634
0.015387
0.025920
0.035597
0.048607
0.061501
0.069516
0.076522
0.083237
0.088427
0.091304
0.093583
0.095629
0.094064
0.092527
0.091236
0.086733
0.081110
0.073198
0.064498
0.055228
0.044567
0.036967
0.028726
0.019726
0.013516
0.007100
0.000123
-0.007289
-0.014380
-0.020396
-0.024950
-0.031185
-0.036603
-0.038965
-0.044794
-0.048797
-0.050362
-0.052354
-0.049037
-0.041056
-0.031131
-0.018413
-0.000845
0.015784
0.028239
0.039810
0.047710
0.053555
0.060132
0.064555
0.068122
0.071602
0.074405
0.078749
0.083936
0.087433
0.088760
0.090440
0.090069
0.085778
0.081264
0.072709
0.057921
0.039881
0.018942
-0.004305
-0.027624
-0.047488
-0.064774
-0.077420
-0.083854
-0.086583
-0.085612
-0.083966
-0.078648
-0.069060
-0.061084
-0.051631
-0.040160
-0.027126
-0.010863
0.006357
0.026313
0.044625
0.056676
0.066919
0.072823
0.073231
0.071120
0.066404
0.060852
0.055908
0.051565
0.044796
0.036557
0.029225
0.020684
0.012157
0.006072
0.000722
-0.005704
-0.012297
-0.020285
-0.030925
-0.042331
-0.053469
-0.064732
-0.075151
-0.085273
-0.096018
-0.105974
-0.113778
-0.119215
-0.120186
-0.120488
-0.122036
-0.120744
-0.120910
-0.121898
-0.119815
-0.116637
-0.110214
-0.101009
-0.092934
-0.083959
-0.071430
-0.059497
-0.049844
-0.038738
-0.028417
-0.019867
-0.011791
-0.005898
-0.000382
0.007718
0.014993
0.022641
0.031678
0.038851
0.045442
0.049491
0.048572
0.044862
0.038200
0.026818
0.014728
0.003383
-0.009488
-0.020943
-0.027392
-0.031994
-0.037112
-0.040608
-0.043490
-0.047908
-0.053100
-0.057757
-0.060513
-0.062324
-0.065016
-0.066113
-0.065878
-0.067197
-0.069271
-0.068212
-0.064444
-0.062307
-0.059852
-0.055528
-0.050842
-0.044826
-0.035935
-0.024086
-0.011755
0.001952
0.017136
0.031682
0.044119
0.052686
0.058792
0.060882
0.059595
0.057133
0.053179
0.050542
0.049907
0.049697
0.049833
0.050899
0.051338
0.050101
0.048663
0.047138
0.043084
0.035972
0.027086
0.016012
0.004684
-0.009392
-0.024897
-0.036707
-0.047136
-0.053505
-0.056195
-0.057196
-0.054510
-0.050584
-0.047582
-0.046602
-0.045484
-0.042422
-0.039451
-0.037045
-0.032389
-0.024646
-0.018883
-0.014625
-0.010719
-0.008594
-0.006239
-0.002886
0.001860
0.008411
0.015129
0.021493
0.027590
0.031711
0.034304
0.034748
0.032628
0.029162
0.025467
0.020941
0.015931
0.012504
0.008641
0.003421
-0.001935
-0.008223
-0.016233
-0.023841
-0.030736
-0.037025
-0.040017
-0.040656
-0.039534
-0.034784
-0.027720
-0.020840
-0.015015
-0.009718
-0.005961
-0.004027
-0.003279
-0.004118
-0.005515
-0.007169
-0.007815
-0.007422
-0.007425
-0.006357
-0.003759
0.000002
0.004747
0.008795
0.012641
0.016560
0.019284
0.021453
0.021958
0.020550
0.016451
0.009332
0.002385
-0.005427
-0.014011
-0.022144
-0.030258
-0.037838
-0.045761
-0.053476
-0.061040
-0.068102
-0.072609
-0.077125
-0.079477
-0.078825
-0.078359
-0.075745
-0.072094
-0.068416
-0.064823
-0.060977
-0.056899
-0.053934
-0.051762
-0.049506
-0.046942
-0.045248
-0.043994
-0.040042
-0.034640
-0.030940
-0.026270
-0.021220
-0.017287
-0.011995
-0.006366
-0.001652
0.002099
0.005656
0.008870
0.010230
0.010672
0.010535
0.009174
0.006304
0.004354
0.003969
0.003756
0.005157
0.007570
0.009828
0.011753
0.010987
0.008313
0.005089
0.000378
-0.005225
-0.010769
-0.016576
-0.021595
-0.023628
-0.024613
-0.024751
-0.023920
-0.021914
-0.018294
-0.015083
-0.010136
-0.003263
0.003916
0.011178
0.018237
0.025841
0.031056
0.034478
0.038520
0.040662
0.042538
0.045389
0.046998
0.049564
0.052930
0.053774
0.055984
0.059027
0.059613
0.060646
0.060711
0.058775
0.055751
0.051291
0.048051
0.044654
0.038164
0.033006
0.029996
0.026863
0.024241
0.023236
0.022279
0.021195
0.022752
0.025530
0.028236
0.030127
0.032955
0.035085
0.034124
0.033087
0.030546
0.027446
0.024389
0.020247
0.016902
0.013723
0.012356
0.012919
0.013012
0.014649
0.018801
0.021873
0.024366
0.028809
0.031873
0.033849
0.036588
0.038793
0.040014
0.039903
0.039093
0.037233
0.033649
0.030530
0.027303
0.022017
0.018139
0.015376
0.012066
0.009969
0.007890
0.005671
0.004287
0.001940
-0.001567
-0.005216
-0.009160
-0.013457
-0.017039
-0.019367
-0.021819
-0.023779
-0.023806
-0.022375
-0.021340
-0.020553
-0.018378
-0.015697
-0.014406
-0.014390
-0.015104
-0.016210
-0.017815
-0.020892
-0.024402
-0.026783
-0.027967
-0.028588
-0.027619
-0.022844
-0.017009
-0.011032
-0.003669
0.003425
0.011425
0.018910
0.022612
0.024537
0.027242
0.028653
0.027831
0.027929
0.027722
0.025543
0.023924
0.021741
0.018637
0.016009
0.013219
0.010905
0.009478
0.009142
0.009292
0.009739
0.011668
0.014480
0.016798
0.019412
0.022405
0.024459
0.026341
0.028452
0.031331
0.033787
0.036429
0.040820
0.044531
0.047980
0.052199
0.056520
0.059507
0.061967
0.064207
0.065618
0.066994
0.067216
0.067235
0.066966
0.065341
0.063425
0.061110
0.057046
0.051626
0.043884
0.033335
0.022536
0.010452
-0.003060
-0.016197
-0.028124
-0.039341
-0.048931
-0.055153
-0.060046
-0.062662
-0.061743
-0.060006
-0.056737
-0.051638
-0.046702
-0.041723
-0.036880
-0.031617
-0.028075
-0.026595
-0.025027
-0.025718
-0.026648
-0.026787
-0.027199
-0.026095
-0.026532
-0.028277
-0.028856
-0.029961
-0.031863
-0.033733
-0.034995
-0.034593
-0.032623
-0.029570
-0.023739
-0.017455
-0.011384
-0.004575
0.001380
0.008364
0.016537
0.024659
0.032955
0.039503
0.043485
0.047599
0.050174
0.048741
0.045458
0.039984
0.031883
0.024076
0.015801
0.005786
-0.002795
-0.011531
-0.021219
-0.029312
-0.036984
-0.043729
-0.049386
-0.053408
-0.055986
-0.058822
-0.059889
-0.059216
-0.058290
-0.056013
-0.053009
-0.049794
-0.044892
-0.037710
-0.029602
-0.021167
-0.010558
0.001559
0.012743
0.022703
0.032158
0.040104
0.045685
0.050680
0.054507
0.057042
0.059407
0.061251
0.062861
0.062883
0.061485
0.058924
0.055451
0.050774
0.045184
0.039513
0.032966
0.026159
0.019134
0.012491
0.005373
-0.001688
-0.007377
-0.011640
-0.015138
-0.019849
-0.024918
-0.029742
-0.034080
-0.037741
-0.040830
-0.042068
-0.041861
-0.039983
-0.035602
-0.030568
-0.024791
-0.019105
-0.014804
-0.010221
-0.006920
-0.004960
-0.002605
-0.000299
0.001437
0.002566
0.003712
0.003562
0.002025
-0.000118
-0.004215
-0.008253
-0.012313
-0.018828
-0.025803
-0.032445
-0.039862
-0.047392
-0.053666
-0.057618
-0.059212
-0.060582
-0.061843
-0.062452
-0.063611
-0.065185
-0.067022
-0.068627
-0.069403
-0.070236
-0.070357
-0.069111
-0.067683
-0.065612
-0.063848
-0.062553
-0.061084
-0.060559
-0.059248
-0.057010
-0.055125
-0.051442
-0.045776
-0.039839
-0.033003
-0.025731
-0.018847
-0.011608
-0.004586
0.001570
0.006384
0.009444
0.011891
0.014007
0.015897
0.017835
0.019901
0.021904
0.023416
0.024526
0.024741
0.024092
0.022847
0.020613
0.017827
0.015833
0.014113
0.012572
0.011356
0.010160
0.009381
0.008154
0.006432
0.004480
0.002689
0.001492
0.000370
-0.000018
0.000765
0.002241
0.004751
0.007988
0.011848
0.016450
0.020815
0.023839
0.024562
0.023449
0.020424
0.015739
0.011166
0.005971
0.000534
-0.003153
-0.005855
-0.008174
-0.009368
-0.010647
-0.013310
-0.016630
-0.021200
-0.026855
-0.031065
-0.033567
-0.036169
-0.037909
-0.038640
-0.039603
-0.040151
-0.040631
-0.040900
-0.041454
-0.041813
-0.041097
-0.040691
-0.040620
-0.040449
-0.040351
-0.040472
-0.040918
-0.041655
-0.041001
-0.039381
-0.038019
-0.035242
-0.031256
-0.026829
-0.021151
-0.013707
-0.005177
0.003003
0.011609
0.020739
0.028026
0.033841
0.038091
0.039907
0.040148
0.038575
0.034116
0.028695
0.023942
0.018148
0.011819
0.005800
-0.000810
-0.007612
-0.014006
-0.020441
-0.026108
-0.030563
-0.034394
-0.036487
-0.037123
-0.036918
-0.034792
-0.031371
-0.027300
-0.022198
-0.016478
-0.011004
-0.005568
-0.001070
0.001937
0.004376
0.004907
0.003860
0.002053
-0.001263
-0.005679
-0.009965
-0.014029
-0.018649
-0.023039
-0.026600
-0.028977
-0.030673
-0.031994
-0.032029
-0.031588
-0.031808
-0.032103
-0.032059
-0.032284
-0.032714
-0.033239
-0.034117
-0.034928
-0.035762
-0.036563
-0.036858
-0.037415
-0.038284
-0.039313
-0.039961
-0.040235
-0.040959
-0.040819
-0.041187
-0.042939
-0.044062
-0.045007
-0.045147
-0.044360
-0.043439
-0.041418
-0.038730
-0.035630
-0.032087
-0.029501
-0.027051
-0.024213
-0.022195
-0.020092
-0.018009
-0.016618
-0.015802
-0.015598
-0.015606
-0.015932
-0.015885
-0.014801
-0.013830
-0.012366
-0.009922
-0.007721
-0.005469
-0.002691
0.000230
0.002934
0.005838
0.008929
0.011646
0.014019
0.015953
0.017743
0.019399
0.020466
0.022213
0.024077
0.024800
0.025314
0.025504
0.025471
0.025523
0.024881
0.024322
0.024055
0.022989
0.022289
0.022239
0.022116
0.022056
0.021940
0.022012
0.021824
0.022036
0.023395
0.024041
0.024562
0.026136
0.027758
0.029029
0.029814
0.030969
0.032870
0.034932
0.037080
0.039981
0.043505
0.046378
0.048640
0.049999
0.050423
0.050879
0.050857
0.051260
0.051787
0.051113
0.050448
0.049597
0.048341
0.046057
0.043873
0.042608
0.040316
0.038299
0.036608
0.034794
0.033474
0.031524
0.029487
0.027384
0.024833
0.023034
0.021101
0.018323
0.016815
0.016731
0.016665
0.016970
0.017996
0.018616
0.019139
0.020215
0.021025
0.021263
0.021641
0.021911
0.020955
0.019863
0.018492
0.016919
0.015185
0.012782
0.011644
0.011487
0.012271
0.014532
0.017457
0.021063
0.024319
0.026408
0.027295
0.027568
0.026868
0.025007
0.023726
0.022412
0.020726
0.019678
0.019505
0.019363
0.019347
0.020558
0.021865
0.023214
0.024915
0.026214
0.027639
0.029653
0.031391
0.032374
0.033319
0.034060
0.034522
0.035225
0.035887
0.037016
0.039210
0.041506
0.043553
0.045736
0.047839
0.049643
0.050327
0.050517
0.050183
0.048411
0.047363
0.046595
0.045038
0.043689
0.042779
0.042069
0.040948
0.040092
0.039878
0.039300
0.037734
0.035876
0.033804
0.031244
0.028990
0.027818
0.026735
0.024788
0.022979
0.021617
0.020316
0.019170
0.019321
0.020330
0.021248
0.022848
0.024624
0.026404
0.027781
0.028394
0.029305
0.029443
0.029187
0.029840
0.029841
0.029114
0.029180
0.029737
0.030440
0.032110
0.034018
0.034785
0.035597
0.037527
0.038492
0.038434
0.038850
0.038508
0.036636
0.034097
0.030777
0.026356
0.021513
0.016791
0.012406
0.008191
0.004329
0.001565
-0.000002
-0.001135
-0.001807
-0.001517
-0.000273
0.001453
0.002647
0.003977
0.005708
0.006846
0.008804
0.011249
0.012192
0.013416
0.015398
0.017126
0.018795
0.019454
0.019798
0.019210
0.018442
0.018051
0.016181
0.014913
0.013624
0.012580
0.012414
0.011278
0.010710
0.010661
0.010583
0.010514
0.009986
0.010088
0.009824
0.008860
0.008206
0.006467
0.003845
0.001434
-0.001287
-0.004430
-0.007642
-0.010909
-0.013887
-0.015991
-0.017812
-0.018622
-0.017875
-0.016888
-0.014915
-0.012136
-0.009628
-0.007062
-0.004489
-0.002072
-0.000812
0.000234
0.001845
0.001556
0.000895
0.000621
-0.001678
-0.004066
-0.005841
-0.007409
-0.008256
-0.009366
-0.009765
-0.008702
-0.007081
-0.004873
-0.002059
0.000768
0.004059
0.007571
0.010712
0.013389
0.014739
0.015462
0.015717
0.015125
0.013611
0.011609
0.010228
0.008157
0.005910
0.003250
0.000043
-0.003009
-0.006604
-0.009745
-0.013060
-0.016046
-0.018608
-0.021135
-0.023888
-0.027847
-0.030910
-0.032667
-0.034735
-0.036547
-0.036748
-0.036292
-0.035729
-0.034322
-0.033310
-0.032759
-0.032289
-0.032006
-0.031366
-0.030564
-0.029074
-0.027644
-0.026610
-0.024209
-0.021860
-0.020050
-0.017096
-0.014451
-0.012229
-0.008996
-0.005810
-0.003258
-0.000643
0.001490
0.002707
0.002754
0.002456
0.002901
0.002717
0.002103
0.002208
0.001904
0.001098
0.000836
-0.000041
-0.001291
-0.002138
-0.002879
-0.002255
-0.001529
-0.001456
0.000216
0.002851
0.004998
0.006999
0.009445
0.012002
0.014214
0.015585
0.016250
0.016638
0.015892
0.014793
0.013160
0.010761
0.009273
0.007983
0.006951
0.006472
0.005174
0.003390
0.002050
0.000567
-0.001252
-0.001806
-0.001469
-0.000899
-0.000163
0.000778
0.001760
0.000978
-0.000359
-0.001621
-0.003663
-0.004870
-0.005185
-0.005090
-0.004199
-0.002381
0.000035
0.000848
0.000990
0.001625
0.000763
-0.000035
0.000066
0.000413
0.001173
0.002496
0.003750
0.003696
0.003958
0.003778
0.002622
0.001850
0.000446
-0.001479
-0.003116
-0.004134
-0.004650
-0.004731
-0.004696
-0.004343
-0.004202
-0.005315
-0.006007
-0.005573
-0.004852
-0.003429
-0.000859
0.002199
0.005175
0.008091
0.010604
0.011820
0.012524
0.012415
0.010589
0.008534
0.005549
0.002081
0.000017
-0.001619
-0.002637
-0.002586
-0.001594
0.000702
0.003527
0.006398
0.009646
0.012734
0.015112
0.017046
0.018265
0.019048
0.018966
0.017961
0.017445
0.016879
0.015290
0.013308
0.011357
0.009643
0.008266
0.006465
0.004914
0.003329
0.001006
-0.000962
-0.003130
-0.005057
-0.006691
-0.009013
-0.010285
-0.010503
-0.010866
-0.009951
-0.007816
-0.006156
-0.004977
-0.004406
-0.004644
-0.005522
-0.006582
-0.007163
-0.007544
-0.007649
-0.006364
-0.004042
-0.001119
0.003008
0.007438
0.011321
0.015217
0.019104
0.022276
0.025737
0.029750
0.032633
0.034241
0.035253
0.035305
0.034282
0.032072
0.029546
0.027479
0.025420
0.023452
0.021892
0.021379
0.020903
0.021223
0.023197
0.025189
0.027660
0.029492
0.029471
0.029040
0.027781
0.025842
0.024007
0.021862
0.019980
0.018632
0.017636
0.016340
0.015099
0.014526
0.013052
0.011257
0.009971
0.009029
0.009080
0.009295
0.009642
0.010178
0.010165
0.010476
0.011560
0.012689
0.014111
0.015688
0.016596
0.016832
0.016742
0.015991
0.013869
0.011728
0.009960
0.007157
0.004512
0.002779
0.000698
-0.001423
-0.002923
-0.004002
-0.004727
-0.005482
-0.006317
-0.006329
-0.006127
-0.006710
-0.007102
-0.007522
-0.008516
-0.009830
-0.010907
-0.012125
-0.013681
-0.015095
-0.017360
-0.020398
-0.022878
-0.025133
-0.027223
-0.027848
-0.028110
-0.027937
-0.026726
-0.025627
-0.024312
-0.023141
-0.022269
-0.022157
-0.022988
-0.023425
-0.024338
-0.025939
-0.027416
-0.029017
-0.030361
-0.031425
-0.032521
-0.033074
-0.033449
-0.033110
-0.032072
-0.031298
-0.030157
-0.029521
-0.028888
-0.028023
-0.028270
-0.028666
-0.028221
-0.028098
-0.028711
-0.029530
-0.030424
-0.031028
-0.031789
-0.032418
-0.032463
-0.032567
-0.032748
-0.032899
-0.033335
-0.033833
-0.034828
-0.036217
-0.037389
-0.038682
-0.039470
-0.039063
-0.038524
-0.037866
-0.036044
-0.033735
-0.031514
-0.028663
-0.025805
-0.023462
-0.020260
-0.017246
-0.014572
-0.010820
-0.007078
-0.003195
0.000367
0.003058
0.005976
0.008671
0.010861
0.012671
0.014556
0.016201
0.017875
0.019329
0.020023
0.021404
0.022835
0.023772
0.024457
0.025717
0.027357
0.028696
0.030155
0.031323
0.032336
0.033066
0.032843
0.031919
0.030900
0.029444
0.027623
0.025879
0.024291
0.022701
0.020526
0.018725
0.017417
0.015784
0.014498
0.013286
0.011796
0.010031
0.008251
0.006416
0.004420
0.002458
0.000558
-0.001442
-0.003007
-0.004085
-0.005333
-0.006561
-0.008677
-0.010548
-0.011606
-0.013034
-0.014562
-0.016390
-0.018012
-0.019228
-0.020748
-0.022467
-0.024119
-0.025073
-0.026521
-0.028770
-0.029909
-0.030528
-0.030846
-0.030661
-0.030612
-0.029751
-0.028819
-0.028649
-0.027756
-0.027378
-0.028023
-0.028363
-0.029132
-0.030717
-0.032017
-0.033080
-0.033845
-0.034591
-0.035478
-0.035294
-0.035055
-0.034809
-0.034053
-0.033381
-0.032825
-0.032492
-0.031834
-0.030841
-0.030178
-0.029390
-0.028183
-0.027023
-0.025491
-0.022985
-0.020405
-0.018081
-0.015849
-0.014821
-0.014498
-0.014485
-0.014802
-0.014884
-0.015090
-0.014478
-0.013024
-0.012086
-0.011521
-0.011173
-0.010818
-0.010440
-0.009470
-0.006673
-0.003509
-0.000282
0.003071
0.005722
0.008090
0.009643
0.010736
0.011664
0.012088
0.012362
0.013054
0.014094
0.014757
0.015822
0.017283
0.018527
0.019527
0.019356
0.018696
0.017713
0.015846
0.013841
0.012020
0.010199
0.008614
0.007696
0.007553
0.008152
0.008816
0.009470
0.010327
0.011394
0.011997
0.012236
0.013125
0.013798
0.013567
0.013619
0.014292
0.014696
0.014918
0.014764
0.013819
0.011934
0.009788
0.008144
0.006263
0.004770
0.003878
0.003095
0.003786
0.005276
0.006904
0.009308
0.011976
0.014577
0.017220
0.019992
0.022174
0.023273
0.023417
0.023005
0.021994
0.020216
0.018373
0.016723
0.014974
0.012798
0.010480
0.008532
0.006699
0.004694
0.003110
0.001706
0.000225
-0.000455
-0.000666
-0.000562
0.000628
0.002690
0.004688
0.006430
0.007421
0.007645
0.007238
0.005675
0.003937
0.002145
0.000649
0.000269
0.000382
0.000920
0.001804
0.002492
0.002614
0.002172
0.000971
-0.000785
-0.002324
-0.004128
-0.005953
-0.006545
-0.006978
-0.007017
-0.006228
-0.006286
-0.006694
-0.007785
-0.009963
-0.012341
-0.014765
-0.016976
-0.018313
-0.018552
-0.018430
-0.017465
-0.015983
-0.014820
-0.012989
-0.010935
-0.009332
-0.007593
-0.005944
-0.004289
-0.002365
-0.000625
0.000949
0.002346
0.002998
0.002414
0.001002
-0.000828
-0.003301
-0.005722
-0.007277
-0.008169
-0.008267
-0.007127
-0.006049
-0.005532
-0.004954
-0.005017
-0.005559
-0.005913
-0.006293
-0.006728
-0.007010
-0.006665
-0.005627
-0.004576
-0.003350
-0.002240
-0.001127
0.000674
0.003074
0.005949
0.008753
0.011480
0.014189
0.016082
0.017335
0.018074
0.018394
0.019117
0.019292
0.018805
0.018505
0.017984
0.016762
0.015048
0.013536
0.012535
0.012055
0.011765
0.011830
0.012314
0.012887
0.014117
0.015544
0.016244
0.016617
0.016334
0.015181
0.014160
0.013351
0.012472
0.012032
0.011951
0.011789
0.011876
0.012906
0.014113
0.014929
0.016403
0.018042
0.018960
0.019533
0.020115
0.020863
0.021153
0.019850
0.017853
0.016156
0.014294
0.012120
0.009348
0.006765
0.005084
0.004055
0.003556
0.003246
0.003081
0.002447
0.001318
0.000310
-0.001012
-0.002467
-0.003725
-0.004977
-0.005242
-0.003788
-0.002319
-0.002007
-0.001807
-0.001450
-0.001951
-0.003330
-0.004410
-0.004993
-0.005218
-0.005217
-0.005343
-0.004797
-0.003286
-0.000975
0.001624
0.004591
0.007978
0.010401
0.011638
0.011978
0.011910
0.011802
0.011204
0.010134
0.009155
0.008991
0.009388
0.009838
0.010145
0.009634
0.008800
0.007873
0.006556
0.005684
0.005313
0.004546
0.003431
0.002348
0.001437
0.000401
-0.000812
-0.001606
-0.002242
-0.002904
-0.003275
-0.003325
-0.003067
-0.002761
-0.002549
-0.002314
-0.002860
-0.004016
-0.005034
-0.006229
-0.007144
-0.007637
-0.007898
-0.007327
-0.006389
-0.005196
-0.003541
-0.002146
-0.000584
0.001217
0.002335
0.002522
0.002361
0.001977
0.001432
0.000696
-0.000722
-0.002483
-0.004432
-0.006296
-0.008141
-0.009639
-0.010072
-0.009884
-0.009123
-0.008174
-0.007257
-0.006297
-0.006055
-0.006233
-0.006639
-0.007505
-0.008154
-0.008897
-0.009698
-0.010156
-0.010132
-0.009541
-0.009410
-0.009805
-0.010123
-0.010576
-0.010748
-0.010395
-0.009738
-0.008852
-0.008346
-0.008288
-0.008437
-0.008540
-0.007837
-0.006217
-0.004059
-0.001228
0.001884
0.004990
0.008160
0.010770
0.012521
0.013408
0.013629
0.014371
0.015831
0.016858
0.017543
0.018081
0.018088
0.018222
0.018306
0.017856
0.017196
0.016471
0.015706
0.014381
0.012649
0.011299
0.010120
0.009017
0.008584
0.008739
0.008860
0.008520
0.007755
0.006508
0.004940
0.003772
0.002504
0.000409
-0.002104
-0.005218
-0.009082
-0.013525
-0.017731
-0.020750
-0.023397
-0.025745
-0.027247
-0.028366
-0.029434
-0.030224
-0.030517
-0.030718
-0.030403
-0.029651
-0.029091
-0.028161
-0.027190
-0.026525
-0.025592
-0.024506
-0.023050
-0.020574
-0.017644
-0.014512
-0.010996
-0.007229
-0.003568
-0.000620
0.001832
0.004424
0.007160
0.010154
0.013442
0.016414
0.018869
0.020536
0.020906
0.020209
0.019555
0.019280
0.019443
0.020230
0.021059
0.021994
0.022624
0.022184
0.020560
0.018463
0.016248
0.013956
0.011739
0.009074
0.006864
0.005125
0.003758
0.003224
0.002733
0.002589
0.002818
0.003155
0.003845
0.004390
0.004646
0.004792
0.004506
0.004814
0.005695
0.005615
0.005610
0.006179
0.005917
0.004640
0.003570
0.002885
0.002264
0.002141
0.002998
0.003717
0.004110
0.005028
0.004966
0.004291
0.003521
0.001592
-0.001656
-0.005094
-0.008601
-0.012400
-0.015826
-0.019173
-0.021991
-0.024422
-0.026521
-0.027567
-0.027370
-0.026610
-0.025426
-0.023525
-0.021600
-0.018994
-0.016386
-0.014898
-0.013992
-0.014123
-0.015771
-0.017946
-0.020470
-0.023709
-0.025983
-0.027118
-0.027848
-0.027931
-0.027972
-0.027742
-0.026762
-0.025653
-0.024578
-0.022942
-0.020638
-0.018463
-0.016739
-0.015292
-0.014040
-0.013559
-0.013389
-0.012459
-0.011048
-0.009471
-0.008076
-0.006640
-0.005879
-0.005752
-0.004742
-0.003791
-0.003266
-0.002146
-0.000553
0.001066
0.002200
0.003247
0.003887
0.003115
0.002328
0.002031
0.001463
0.000727
-0.000076
-0.000651
-0.001949
-0.004151
-0.006498
-0.009214
-0.012533
-0.016166
-0.019149
-0.021887
-0.024220
-0.025519
-0.026134
-0.025701
-0.024801
-0.023761
-0.022078
-0.020318
-0.019226
-0.018990
-0.019587
-0.021464
-0.024299
-0.027148
-0.029836
-0.031910
-0.032628
-0.032039
-0.030648
-0.028375
-0.025813
-0.023910
-0.022462
-0.021954
-0.022136
-0.021963
-0.021564
-0.021180
-0.021074
-0.021024
-0.021578
-0.022499
-0.021917
-0.020895
-0.020481
-0.018824
-0.016391
-0.014499
-0.012822
-0.011454
-0.010432
-0.009871
-0.009795
-0.010127
-0.010736
-0.010963
-0.010493
-0.010078
-0.009676
-0.009284
-0.009122
-0.008758
-0.009066
-0.009277
-0.008196
-0.006795
-0.005252
-0.003310
-0.001426
0.000250
0.001991
0.003100
0.003618
0.004318
0.004539
0.004747
0.005698
0.006472
0.007365
0.008180
0.008234
0.008263
0.007904
0.006778
0.005591
0.004855
0.003872
0.002674
0.001769
-0.000249
-0.002696
-0.004027
-0.005344
-0.006596
-0.007445
-0.008396
-0.009082
-0.009694
-0.009825
-0.009353
-0.008301
-0.007154
-0.006763
-0.006036
-0.005762
-0.006373
-0.006838
-0.007429
-0.008171
-0.008795
-0.009133
-0.009170
-0.008480
-0.007416
-0.006407
-0.005105
-0.004060
-0.003214
-0.002659
-0.002827
-0.002957
-0.002999
-0.003526
-0.003551
-0.002906
-0.002426
-0.001396
-0.000689
-0.000518
-0.000194
-0.000417
-0.000327
-0.000372
0.000012
0.001599
0.003140
0.004982
0.006523
0.007908
0.008335
0.007527
0.006973
0.006111
0.005839
0.006480
0.007154
0.008284
0.009995
0.012230
0.014736
0.016968
0.018248
0.018474
0.018300
0.017237
0.015380
0.014069
0.013392
0.012448
0.011782
0.011300
0.009868
0.008090
0.006361
0.004401
0.002309
0.000642
-0.001073
-0.002728
-0.003812
-0.005191
-0.006389
-0.007305
-0.008323
-0.008653
-0.008641
-0.008884
-0.008853
-0.009411
-0.011210
-0.013220
-0.015692
-0.018351
-0.020152
-0.021355
-0.022544
-0.023376
-0.023171
-0.022681
-0.021997
-0.020713
-0.018747
-0.017333
-0.016856
-0.016238
-0.016475
-0.016908
-0.016715
-0.016978
-0.017385
-0.017107
-0.016905
-0.016967
-0.016814
-0.016520
-0.016363
-0.016444
-0.015869
-0.014985
-0.014892
-0.014936
-0.014754
-0.014773
-0.015183
-0.015815
-0.016500
-0.017600
-0.019064
-0.021057
-0.023388
-0.025324
-0.026838
-0.027262
-0.026822
-0.026076
-0.024634
-0.022539
-0.019368
-0.016239
-0.013750
-0.010901
-0.008952
-0.008446
-0.008335
-0.008559
-0.008749
-0.008628
-0.008129
-0.007078
-0.006225
-0.005733
-0.004855
-0.003723
-0.002823
-0.001207
0.001356
0.004259
0.007752
0.011075
0.014082
0.016408
0.017000
0.016349
0.014496
0.012237
0.009847
0.007129
0.005253
0.004173
0.004012
0.004821
0.005670
0.006348
0.006811
0.007174
0.007323
0.006904
0.006657
0.006725
0.006507
0.005942
0.005455
0.005457
0.005679
0.005954
0.006710
0.008089
0.009607
0.011133
0.012444
0.013640
0.014626
0.014913
0.014581
0.013936
0.012648
0.010776
0.009395
0.008186
0.007648
0.008063
0.008905
0.010713
0.012737
0.014517
0.016390
0.017608
0.017896
0.017695
0.016713
0.015445
0.013961
0.011695
0.009953
0.008743
0.007678
0.007715
0.008042
0.008338
0.009400
0.010710
0.011990
0.013591
0.014963
0.015794
0.016651
0.016668
0.015352
0.013874
0.012682
0.011551
0.010181
0.009393
0.009283
0.009233
0.009548
0.009745
0.009411
0.008678
0.007706
0.006235
0.004573
0.003204
0.002097
0.001701
0.001709
0.002559
0.004089
0.004915
0.005603
0.006593
0.007339
0.007642
0.008043
0.008112
0.007587
0.007072
0.006125
0.005395
0.004808
0.004459
0.005624
0.007279
0.009523
0.012787
0.015643
0.018180
0.020557
0.022207
0.023472
0.023845
0.023078
0.021824
0.020369
0.018617
0.016366
0.014713
0.013441
0.011509
0.009106
0.006485
0.003918
0.000983
-0.002258
-0.005359
-0.008911
-0.012247
-0.014797
-0.016407
-0.016741
-0.016438
-0.015238
-0.013601
-0.011706
-0.009267
-0.007355
-0.005659
-0.004037
-0.003535
-0.003419
-0.003172
-0.003635
-0.004145
-0.004645
-0.005659
-0.006657
-0.007569
-0.008324
-0.008296
-0.007377
-0.006812
-0.006255
-0.004719
-0.003312
-0.002098
-0.000170
0.002040
0.004461
0.007215
0.009960
0.011968
0.013315
0.014733
0.015467
0.014869
0.013546
0.011798
0.009397
0.007127
0.005640
0.004978
0.005089
0.005832
0.006934
0.008092
0.009410
0.010469
0.011187
0.011454
0.011046
0.010493
0.009959
0.008874
0.006959
0.005714
0.004900
0.003864
0.003348
0.002813
0.003171
0.004814
0.006939
0.009301
0.011415
0.013277
0.014937
0.016019
0.016136
0.016187
0.016522
0.016692
0.017122
0.017874
0.018742
0.019818
0.020882
0.021815
0.022946
0.023593
0.024159
0.025195
0.025809
0.026216
0.026555
0.026406
0.025880
0.025083
0.023961
0.023087
0.022277
0.021462
0.021079
0.020743
0.020246
0.019839
0.020132
0.019787
0.017822
0.016320
0.014520
0.012201
0.010976
0.009646
0.008841
0.009085
0.009209
0.009995
0.011144
0.011614
0.012194
0.012721
0.012905
0.013079
0.013465
0.013937
0.014095
0.013659
0.012607
0.011543
0.010036
0.007827
0.004961
0.001551
-0.000964
-0.002844
-0.005148
-0.006586
-0.006989
-0.007561
-0.007767
-0.007468
-0.007117
-0.006224
-0.005224
-0.004235
-0.002925
-0.001913
-0.000528
0.001120
0.001777
0.001682
0.001150
-0.000413
-0.002987
-0.005554
-0.007827
-0.010135
-0.011810
-0.011985
-0.010954
-0.009359
-0.008120
-0.007415
-0.006427
-0.005884
-0.005611
-0.004755
-0.004312
-0.004041
-0.003897
-0.004313
-0.004857
-0.006299
-0.008075
-0.009653
-0.011656
-0.013127
-0.013652
-0.013551
-0.012948
-0.012025
-0.010851
-0.009896
-0.009219
-0.007906
-0.006086
-0.004659
-0.003343
-0.001973
-0.000971
0.000043
0.001486
0.002708
0.003172
0.003460
0.003353
0.002471
0.001409
0.000876
0.001031
0.001015
0.001194
0.002425
0.003442
0.003201
0.002637
0.002017
0.000769
-0.000654
-0.001630
-0.002086
-0.002550
-0.002642
-0.001461
0.000323
0.002371
0.004917
0.007245
0.009317
0.011312
0.013271
0.015762
0.017914
0.019543
0.020958
0.021367
0.021097
0.020820
0.020206
0.019293
0.018386
0.017764
0.018063
0.018790
0.019355
0.019885
0.020362
0.020163
0.019363
0.018162
0.016287
0.014636
0.013324
0.012195
0.011641
0.010925
0.010048
0.009574
0.008644
0.007424
0.006265
0.004772
0.004004
0.003792
0.003873
0.004709
0.006184
0.008140
0.009644
0.010523
0.011234
0.012028
0.012402
0.012254
0.012668
0.013537
0.013895
0.014048
0.014259
0.013993
0.013779
0.013735
0.013629
0.014395
0.015660
0.016333
0.016353
0.015951
0.015161
0.014208
0.013379
0.011936
0.009583
0.006957
0.004231
0.001651
-0.000201
-0.001201
-0.002018
-0.002699
-0.003030
-0.003499
-0.003549
-0.003323
-0.003312
-0.003590
-0.004101
-0.004320
-0.004636
-0.005030
-0.005362
-0.006015
-0.007052
-0.007937
-0.008908
-0.009986
-0.010462
-0.010955
-0.011570
-0.011716
-0.011507
-0.010862
-0.009921
-0.009097
-0.008200
-0.007401
-0.006851
-0.006153
-0.005212
-0.004593
-0.004196
-0.003460
-0.003240
-0.003468
-0.003300
-0.003102
-0.002957
-0.003065
-0.003361
-0.003790
-0.004326
-0.004424
-0.004305
-0.004054
-0.003745
-0.003660
-0.003800
-0.004439
-0.005792
-0.007221
-0.008689
-0.010777
-0.012481
-0.013250
-0.014128
-0.015282
-0.016148
-0.017299
-0.018952
-0.020199
-0.020873
-0.021540
-0.022354
-0.023190
-0.023466
-0.022868
-0.022286
-0.021495
-0.020385
-0.019435
-0.018733
-0.018321
-0.017642
-0.016590
-0.015587
-0.014856
-0.013911
-0.012500
-0.011478
-0.010958
-0.010147
-0.008960
-0.008360
-0.008545
-0.009020
-0.010188
-0.012048
-0.014189
-0.016231
-0.017841
-0.019084
-0.019886
-0.020217
-0.020364
-0.020100
-0.019026
-0.017222
-0.015021
-0.012384
-0.009060
-0.005945
-0.003499
-0.001302
0.000248
0.001141
0.001925
0.002211
0.002343
0.003244
0.004635
0.006098
0.007773
0.009809
0.011680
0.013302
0.014918
0.015736
0.015314
0.014393
0.012749
0.009740
0.006073
0.002578
-0.000578
-0.003566
-0.006136
-0.008012
-0.009224
-0.009411
-0.008710
-0.007913
-0.006963
-0.005936
-0.005268
-0.004953
-0.005098
-0.005317
-0.005741
-0.006476
-0.007199
-0.008029
-0.008884
-0.009732
-0.010015
-0.009812
-0.009650
-0.009108
-0.008229
-0.007283
-0.006393
-0.005496
-0.004181
-0.002716
-0.001351
-0.000069
0.000449
0.000552
0.000704
0.000526
0.000434
0.000140
-0.000144
-0.000114
-0.000489
-0.001197
-0.002008
-0.003062
-0.004577
-0.006399
-0.008426
-0.010460
-0.012001
-0.013092
-0.013424
-0.012938
-0.011555
-0.009385
-0.007424
-0.005482
-0.003355
-0.001551
-0.000100
0.000731
0.000789
0.000879
0.000860
0.000542
0.000218
-0.000020
0.000468
0.001184
0.001648
0.002199
0.002890
0.003731
0.004455
0.004711
0.004271
0.003564
0.002592
0.000911
-0.000971
-0.003067
-0.005447
-0.007602
-0.009679
-0.011710
-0.013465
-0.014961
-0.015857
-0.016335
-0.016619
-0.016566
-0.016394
-0.015636
-0.014732
-0.014246
-0.013204
-0.011840
-0.010579
-0.008714
-0.006318
-0.004091
-0.002366
-0.001199
-0.000468
-0.000006
0.000478
0.001133
0.001867
0.002770
0.003351
0.003510
0.003189
0.002431
0.002152
0.001739
0.001173
0.001019
0.000432
-0.000449
-0.001346
-0.002357
-0.003410
-0.004570
-0.005615
-0.006712
-0.007716
-0.008331
-0.009286
-0.010285
-0.010625
-0.010536
-0.009545
-0.008137
-0.007015
-0.005672
-0.004374
-0.003014
-0.001628
-0.000814
0.000159
0.001314
0.002349
0.003807
0.004999
0.005992
0.007150
0.007807
0.007958
0.007849
0.007697
0.007536
0.007659
0.007955
0.008299
0.009110
0.009638
0.009674
0.010006
0.009962
0.009389
0.009221
0.009345
0.009385
0.009274
0.009078
0.009143
0.009582
0.010016
0.010500
0.011467
0.012678
0.013354
0.014057
0.015351
0.016275
0.016919
0.017812
0.018699
0.019488
0.020238
0.021081
0.021680
0.021479
0.020935
0.019934
0.018260
0.016894
0.015704
0.014364
0.013533
0.013181
0.012977
0.012845
0.012962
0.013463
0.013912
0.014322
0.014901
0.015254
0.015926
0.016645
0.016830
0.017726
0.018826
0.019460
0.020290
0.021595
0.022790
0.023391
0.023654
0.023767
0.024167
0.024301
0.023817
0.023519
0.023251
0.022645
0.021925
0.020964
0.020063
0.019275
0.018044
0.016817
0.016187
0.015399
0.014330
0.013981
0.013694
0.013179
0.013129
0.013348
0.013767
0.013968
0.013929
0.013846
0.013411
0.013251
0.013312
0.012949
0.012218
0.011556
0.011218
0.010814
0.010359
0.009827
0.009325
0.009015
0.008695
0.009037
0.009692
0.010163
0.011346
0.012924
0.014428
0.015754
0.016371
0.016298
0.016106
0.015539
0.014495
0.013711
0.012709
0.011735
0.010997
0.009759
0.008786
0.007860
0.006756
0.006133
0.005625
0.005091
0.004300
0.003664
0.003761
0.003932
0.004132
0.004897
0.005591
0.006118
0.006587
0.006681
0.007195
0.007858
0.008075
0.008579
0.009384
0.009974
0.010712
0.011224
0.011228
0.011113
0.010615
0.009736
0.008530
0.007347
0.006724
0.005890
0.005087
0.005250
0.005120
0.005052
0.005337
0.004607
0.003529
0.002645
0.001738
0.000612
-0.000317
-0.000878
-0.002046
-0.003297
-0.003905
-0.004809
-0.006265
-0.007256
-0.008032
-0.008785
-0.008841
-0.008824
-0.008312
-0.007078
-0.005880
-0.004389
-0.002973
-0.001551
0.000011
0.001011
0.001590
0.002327
0.002824
0.003089
0.003895
0.004314
0.004222
0.004369
0.004284
0.004071
0.003832
0.003471
0.002903
0.002283
0.002032
0.002044
0.002093
0.002156
0.002491
0.002901
0.003116
0.003674
0.004321
0.004586
0.005242
0.005942
0.006478
0.006989
0.007113
0.007119
0.006963
0.006753
0.007021
0.007421
0.007919
0.008422
0.008819
0.009305
0.008970
0.008602
0.008527
0.007694
0.006423
0.005075
0.003534
0.001827
0.000346
-0.000649
-0.001243
-0.001178
-0.000288
0.000691
0.001696
0.002279
0.002044
0.001483
0.000441
-0.000554
-0.001164
-0.001373
-0.001390
-0.001662
-0.001954
-0.002459
-0.003668
-0.005124
-0.006163
-0.006713
-0.006770
-0.006351
-0.005905
-0.005609
-0.005249
-0.005245
-0.005360
-0.005440
-0.005787
-0.005805
-0.005237
-0.004816
-0.004609
-0.004022
-0.003745
-0.003922
-0.003923
-0.004010
-0.004332
-0.004613
-0.004502
-0.004148
-0.003822
-0.002987
-0.001600
-0.000200
0.000986
0.001455
0.001698
0.002075
0.002225
0.002390
0.002490
0.002275
0.001900
0.001503
0.001027
0.000590
0.000101
-0.000549
-0.001634
-0.002749
-0.003592
-0.004790
-0.005829
-0.006016
-0.005707
-0.005513
-0.005141
-0.004438
-0.004202
-0.003981
-0.002916
-0.001765
-0.001160
-0.001125
-0.001674
-0.002159
-0.002257
-0.002192
-0.002209
-0.002662
-0.003272
-0.003618
-0.003748
-0.003517
-0.002944
-0.002348
-0.001768
-0.001240
-0.000658
-0.000114
-0.000123
-0.000801
-0.001447
-0.002158
-0.003145
-0.003840
-0.004649
-0.005528
-0.006272
-0.006837
-0.007095
-0.007585
-0.008364
-0.009149
-0.009561
-0.009506
-0.009232
-0.008296
-0.006683
-0.005079
-0.003535
-0.001839
-0.000765
-0.000332
0.000333
0.000742
0.000564
0.000096
-0.000666
-0.001753
-0.002587
-0.003284
-0.004423
-0.005552
-0.006232
-0.006560
-0.006572
-0.006199
-0.005471
-0.005015
-0.005223
-0.005546
-0.006162
-0.007285
-0.008569
-0.009525
-0.010379
-0.011450
-0.012070
-0.012429
-0.013177
-0.014260
-0.015404
-0.016300
-0.016879
-0.017265
-0.017505
-0.017472
-0.017218
-0.017117
-0.017083
-0.016979
-0.017257
-0.017742
-0.017718
-0.017031
-0.016228
-0.015573
-0.014646
-0.013383
-0.011567
-0.009698
-0.008419
-0.007263
-0.006090
-0.004895
-0.003803
-0.003049
-0.002706
-0.002720
-0.002834
-0.003107
-0.003536
-0.003882
-0.004350
-0.004804
-0.005002
-0.004834
-0.004371
-0.003800
-0.003074
-0.002542
-0.002160
-0.001501
-0.000801
-0.000484
-0.000241
-0.000335
-0.001099
-0.001933
-0.002802
-0.003734
-0.004575
-0.005390
-0.006068
-0.006993
-0.008110
-0.008978
-0.009552
-0.009457
-0.009186
-0.008774
-0.007926
-0.007214
-0.006783
-0.006956
-0.007219
-0.007072
-0.007153
-0.007192
-0.007219
-0.008016
-0.009148
-0.009791
-0.010345
-0.011440
-0.012796
-0.013997
-0.014697
-0.015226
-0.015662
-0.015546
-0.015205
-0.015046
-0.015097
-0.014814
-0.014569
-0.014483
-0.014412
-0.014665
-0.014576
-0.014289
-0.013865
-0.013001
-0.011862
-0.010605
-0.009341
-0.007890
-0.006630
-0.005358
-0.003896
-0.002955
-0.002704
-0.002926
-0.003323
-0.003847
-0.004478
-0.005007
-0.005102
-0.004728
-0.004276
-0.003776
-0.003249
-0.001984
-0.000407
0.000274
0.000759
0.001002
0.000731
0.000176
-0.000394
-0.000647
-0.000874
-0.001027
-0.001149
-0.001020
-0.000356
-0.000001
-0.000081
-0.000007
0.000356
0.000535
0.000713
0.000861
0.000444
0.000302
0.000265
0.000012
0.000142
0.000423
0.000243
0.000403
0.001317
0.002333
0.003926
0.005487
0.006380
0.006920
0.007067
0.006830
0.006086
0.005291
0.004402
0.003312
0.002182
0.001282
0.001113
0.000815
0.000352
0.000092
-0.000406
-0.001038
-0.001560
-0.001824
-0.002144
-0.002313
-0.002095
-0.001579
-0.001254
-0.001245
-0.000915
-0.000683
-0.000224
0.000278
0.000706
0.001516
0.002115
0.002426
0.002174
0.001595
0.000930
0.000421
0.000021
-0.000668
-0.001104
-0.001325
-0.001076
-0.000319
0.000426
0.001235
0.002507
0.004084
0.005457
0.006640
0.007427
0.007612
0.007116
0.006060
0.004850
0.003587
0.002286
0.001320
0.000719
-0.000034
-0.000712
-0.000722
-0.000562
-0.000432
0.000059
0.000423
0.000346
-0.000038
-0.000450
-0.000838
-0.001569
-0.002012
-0.002044
-0.002110
-0.001883
-0.001495
-0.000872
0.000016
0.000980
0.001674
0.001982
0.002267
0.002216
0.001831
0.001596
0.001663
0.001727
0.001575
0.001488
0.001414
0.001298
0.001289
0.001365
0.001226
0.000691
-0.000006
-0.000456
-0.000543
-0.000505
-0.000313
-0.000252
-0.000377
-0.000163
0.000266
0.000902
0.002121
0.003520
0.004310
0.004397
0.004386
0.003957
0.002871
0.001642
0.000578
-0.000516
-0.002008
-0.003495
-0.004729
-0.005625
-0.005977
-0.005865
-0.005412
-0.004571
-0.003544
-0.002723
-0.002579
-0.002755
-0.002727
-0.003211
-0.003902
-0.004319
-0.004977
-0.005654
-0.006289
-0.007079
-0.008093
-0.009497
-0.010908
-0.011938
-0.012350
-0.012122
-0.011600
-0.011124
-0.011016
-0.011012
-0.010388
-0.009423
-0.008532
-0.007276
-0.006088
-0.004871
-0.003611
-0.003014
-0.002672
-0.002180
-0.001815
-0.001781
-0.001445
-0.000972
-0.000685
-0.000233
0.000316
0.000838
0.001459
0.002447
0.003485
0.004253
0.004560
0.004479
0.004426
0.004212
0.003703
0.002938
0.001850
0.000470
-0.000990
-0.002596
-0.004417
-0.006309
-0.007833
-0.008521
-0.008376
-0.007706
-0.006710
-0.005452
-0.004724
-0.004758
-0.005365
-0.006168
-0.006813
-0.007738
-0.008394
-0.008417
-0.008704
-0.009419
-0.010164
-0.010694
-0.010565
-0.009444
-0.007518
-0.005345
-0.003123
-0.000779
0.001181
0.002434
0.003345
0.003897
0.003889
0.003511
0.002863
0.001951
0.001173
0.000634
0.000120
-0.000371
-0.001170
-0.002051
-0.002575
-0.003007
-0.003777
-0.004970
-0.005980
-0.006793
-0.007611
-0.007504
-0.006505
-0.005221
-0.004260
-0.004174
-0.003898
-0.003394
-0.003138
-0.002646
-0.002062
-0.001775
-0.001338
-0.000753
-0.000280
0.000169
0.000413
0.001008
0.001956
0.003055
0.004543
0.005848
0.006788
0.007948
0.008989
0.009313
0.009183
0.008870
0.008285
0.007162
0.005937
0.004898
0.003681
0.002382
0.001023
0.000217
0.000519
0.001352
0.002855
0.004546
0.005292
0.005494
0.005289
0.004391
0.003457
0.002836
0.002179
0.002074
0.002903
0.003689
0.004342
0.005067
0.005388
0.005394
0.004900
0.003582
0.002108
0.001256
0.001123
0.001266
0.001478
0.001545
0.001183
0.001022
0.001000
0.000558
0.000255
0.000622
0.001303
0.001960
0.002873
0.003414
0.003306
0.003346
0.003296
0.002934
0.002803
0.002727
0.002391
0.002296
0.002490
0.002796
0.003195
0.002882
0.001803
0.000951
0.000328
-0.000465
-0.001171
-0.001476
-0.001579
-0.001329
-0.000887
-0.000959
-0.001076
-0.000721
-0.000386
0.000022
0.000507
0.000530
0.000565
0.000526
0.000363
0.000351
0.000410
0.000812
0.001378
0.001826
0.002187
0.002629
0.002890
0.002611
0.002321
0.002016
0.001247
0.000398
-0.000159
-0.000323
-0.000364
-0.000277
-0.000178
-0.000690
-0.001292
-0.001956
-0.003263
-0.004551
-0.005741
-0.006774
-0.007340
-0.007858
-0.008476
-0.008964
-0.009746
-0.010825
-0.011105
-0.010597
-0.009630
-0.008369
-0.007414
-0.006524
-0.005476
-0.004595
-0.003652
-0.002611
-0.001351
-0.000142
0.000560
0.000925
0.001050
0.001135
0.001206
0.001058
-0.000156
-0.002057
-0.003033
-0.003061
-0.002923
-0.002818
-0.002874
-0.003432
-0.004458
-0.005437
-0.006227
-0.006853
-0.006962
-0.006655
-0.006060
-0.004867
-0.003154
-0.001592
-0.000596
-0.000285
-0.000645
-0.001515
-0.002880
-0.003989
-0.004239
-0.003913
-0.003245
-0.002345
-0.000938
0.000474
0.001609
0.002580
0.003097
0.003930
0.004545
0.004575
0.005195
0.005701
0.005544
0.005438
0.004815
0.003219
0.001550
-0.000147
-0.001846
-0.002872
-0.003571
-0.004158
-0.005093
-0.006265
-0.006594
-0.006512
-0.006548
-0.006913
-0.007806
-0.009119
-0.010288
-0.011074
-0.012049
-0.012815
-0.013439
-0.014051
-0.013891
-0.013370
-0.013092
-0.012462
-0.011157
-0.009523
-0.008252
-0.007353
-0.006508
-0.006167
-0.005843
-0.005579
-0.005726
-0.005922
-0.006356
-0.006578
-0.006333
-0.006103
-0.005790
-0.005421
-0.005210
-0.004660
-0.003607
-0.002596
-0.001745
-0.000907
-0.000257
0.000131
0.000202
0.000096
-0.000159
-0.000510
-0.000576
-0.000470
-0.000651
-0.001341
-0.002196
-0.003223
-0.004369
-0.005574
-0.006797
-0.007787
-0.008516
-0.008902
-0.009237
-0.009331
-0.009135
-0.008694
-0.007795
-0.006807
-0.005814
-0.005020
-0.004294
-0.003327
-0.002471
-0.001788
-0.001230
-0.000669
-0.000141
0.000013
0.000005
-0.000092
-0.000143
0.000047
0.000123
0.000267
0.000733
0.001190
0.001523
0.001811
0.002060
0.002248
0.002432
0.002877
0.003446
0.003872
0.004288
0.004722
0.004996
0.005063
0.004820
0.004157
0.003424
0.002709
0.001729
0.000621
-0.000383
-0.001516
-0.002463
-0.002647
-0.002598
-0.002663
-0.002725
-0.002799
-0.003156
-0.003708
-0.004154
-0.004663
-0.004924
-0.005207
-0.006022
-0.007071
-0.007690
-0.007735
-0.007750
-0.007605
-0.007249
-0.006862
-0.006554
-0.006047
-0.005232
-0.004365
-0.003535
-0.003197
-0.003058
-0.002446
-0.001428
-0.000583
-0.000071
0.000439
0.000634
0.000199
-0.000316
-0.000918
-0.002062
-0.003167
-0.003889
-0.004595
-0.005143
-0.005272
-0.004961
-0.004171
-0.002912
-0.000828
0.001554
0.003505
0.005318
0.006829
0.007887
0.008292
0.008172
0.007756
0.006759
0.005701
0.004749
0.003328
0.001617
0.000218
-0.000939
-0.001770
-0.001762
-0.001140
-0.000165
0.001059
0.002375
0.003726
0.004761
0.004895
0.004045
0.002685
0.001511
0.000459
-0.000760
-0.001705
-0.002603
-0.003429
-0.003651
-0.003036
-0.001967
-0.000635
0.000857
0.001793
0.002126
0.001963
0.001286
0.000183
-0.001153
-0.002513
-0.003756
-0.004292
-0.004022
-0.003613
-0.003520
-0.004072
-0.005121
-0.006192
-0.007049
-0.007816
-0.008291
-0.008188
-0.007559
-0.006505
-0.005583
-0.004686
-0.003658
-0.003023
-0.002773
-0.002612
-0.002362
-0.001885
-0.001416
-0.001227
-0.001555
-0.002126
-0.002175
-0.001802
-0.001208
-0.000326
0.000510
0.001437
0.002532
0.003606
0.004731
0.005880
0.007007
0.008116
0.009547
0.010924
0.011751
0.012023
0.011705
0.011345
0.011055
0.010428
0.009704
0.009138
0.008664
0.008504
0.008549
0.008499
0.008446
0.008359
0.008474
0.008876
0.009080
0.009206
0.009238
0.008852
0.008324
0.007857
0.007618
0.007806
0.008200
0.008651
0.008928
0.008872
0.008528
0.007855
0.007111
0.006491
0.006240
0.006475
0.006779
0.007043
0.007452
0.007798
0.007772
0.007371
0.006752
0.005990
0.005585
0.005795
0.006585
0.008048
0.009635
0.011226
0.012735
0.013916
0.014883
0.015396
0.015212
0.014095
0.012642
0.011624
0.010707
0.009467
0.007934
0.006597
0.005465
0.004120
0.002481
0.000795
-0.000075
0.000069
0.000626
0.001263
0.001898
0.002548
0.002801
0.002621
0.002313
0.001498
0.000205
-0.000798
-0.000944
0.000085
0.002067
0.003998
0.005590
0.007410
0.009351
0.011103
0.011860
0.010988
0.008901
0.006291
0.004134
0.002729
0.001969
0.001706
0.001937
0.002845
0.004206
0.005904
0.007756
0.009581
0.011280
0.012743
0.013702
0.013712
0.013185
0.012363
0.010899
0.008648
0.006058
0.003462
0.000477
-0.002484
-0.004854
-0.006560
-0.007315
-0.006922
-0.005359
-0.002896
0.000161
0.003381
0.006190
0.008660
0.010510
0.011114
0.010591
0.009217
0.007126
0.004673
0.002295
0.000280
-0.001748
-0.003848
-0.005483
-0.006764
-0.008065
-0.009299
-0.009731
-0.009055
-0.007835
-0.006766
-0.006150
-0.006088
-0.006727
-0.007944
-0.009411
-0.010882
-0.011999
-0.012282
-0.011974
-0.011345
-0.010200
-0.008996
-0.008121
-0.007481
-0.007108
-0.006692
-0.006448
-0.006306
-0.005869
-0.005515
-0.004921
-0.004220
-0.003714
-0.003573
-0.003934
-0.004149
-0.004603
-0.005921
-0.007185
-0.007645
-0.007399
-0.006317
-0.004791
-0.003335
-0.002085
-0.001228
-0.000880
-0.000687
-0.000293
0.000279
0.001053
0.001542
0.001543
0.001299
0.000500
-0.000730
-0.001900
-0.003130
-0.004187
-0.004659
-0.004514
-0.003576
-0.002406
-0.001285
0.000407
0.002434
0.004416
0.006296
0.007800
0.008703
0.008846
0.008521
0.007764
0.006152
0.004300
0.002761
0.001833
0.001624
0.001627
0.002341
0.003625
0.004616
0.005573
0.006406
0.006733
0.006934
0.007133
0.007048
0.006634
0.005852
0.004738
0.003575
0.002389
0.001037
-0.000075
-0.000917
-0.001842
-0.002389
-0.002208
-0.001870
-0.001635
-0.001209
-0.000982
-0.001078
-0.001240
-0.001411
-0.001272
-0.000689
0.000252
0.001295
0.002460
0.003600
0.004566
0.005342
0.005815
0.006188
0.006391
0.006780
0.007471
0.008157
0.008888
0.009191
0.009278
0.009176
0.008546
0.007991
0.007136
0.006187
0.005757
0.004906
0.003659
0.002687
0.001874
0.001609
0.001901
0.002072
0.001856
0.001387
0.001043
0.000942
0.001287
0.001922
0.002313
0.002424
0.002797
0.003589
0.004357
0.004947
0.005150
0.004425
0.003408
0.002682
0.001468
0.000295
-0.000542
-0.001221
-0.001198
-0.001045
-0.001008
-0.000847
-0.000559
-0.000078
0.000184
0.000400
0.000738
0.000643
0.000432
0.000369
0.000274
0.000116
-0.000307
-0.000644
-0.000677
-0.000496
-0.000266
-0.000040
0.000237
0.000293
0.000585
0.001154
0.001691
0.002562
0.003460
0.003771
0.003955
0.004431
0.004715
0.005096
0.005807
0.006444
0.006920
0.007368
0.007808
0.007727
0.007157
0.006774
0.006076
0.004817
0.003740
0.002664
0.002004
0.002271
0.002645
0.002713
0.002614
0.002268
0.002120
0.002440
0.003016
0.003764
0.004173
0.004221
0.004202
0.004163
0.003943
0.003397
0.002779
0.002293
0.002156
0.002244
0.002406
0.002682
0.002703
0.002493
0.002461
0.002315
0.002073
0.002116
0.001890
0.001244
0.000764
0.000380
-0.000434
-0.001042
-0.000734
0.000146
0.001653
0.003699
0.005678
0.007410
0.009169
0.010922
0.012068
0.012600
0.012892
0.012867
0.012346
0.011169
0.009956
0.009088
0.008215
0.007480
0.006705
0.006015
0.005747
0.005612
0.005413
0.005300
0.005499
0.005814
0.005858
0.005832
0.006200
0.006664
0.007213
0.007795
0.007676
0.006962
0.006156
0.005269
0.004503
0.004054
0.003907
0.003774
0.003502
0.003479
0.003637
0.003918
0.004300
0.004563
0.004787
0.005125
0.005434
0.005278
0.004890
0.004586
0.004268
0.004183
0.004431
0.004351
0.003699
0.003033
0.002373
0.001503
0.000553
-0.000397
-0.001313
-0.002042
-0.002441
-0.002747
-0.003029
-0.003151
-0.003507
-0.004031
-0.004487
-0.005408
-0.006414
-0.007394
-0.008578
-0.009213
-0.009661
-0.009970
-0.010043
-0.010424
-0.010386
-0.009825
-0.008971
-0.007563
-0.006152
-0.004541
-0.002654
-0.001246
-0.000100
0.001220
0.002297
0.002935
0.002898
0.002569
0.002894
0.003361
0.004032
0.005001
0.005661
0.006254
0.006735
0.007015
0.007182
0.007022
0.006954
0.006866
0.006417
0.005959
0.005410
0.004758
0.004268
0.003407
0.002213
0.001323
0.000538
-0.000040
-0.000413
-0.000733
-0.001014
-0.001260
-0.001502
-0.002036
-0.002815
-0.003520
-0.004271
-0.005053
-0.005353
-0.005154
-0.004838
-0.004435
-0.004051
-0.003842
-0.003669
-0.003611
-0.003451
-0.003161
-0.003023
-0.002912
-0.002660
-0.002372
-0.002485
-0.002685
-0.002646
-0.002921
-0.003242
-0.003189
-0.002944
-0.002845
-0.002764
-0.002375
-0.001953
-0.001447
-0.000602
0.000289
0.000684
0.000633
0.000647
0.000786
0.000707
0.000562
0.000331
0.000047
-0.000048
-0.000006
0.000127
0.000146
0.000204
0.000472
0.000689
0.001022
0.001562
0.001886
0.001916
0.001814
0.001792
0.001906
0.001982
0.002113
0.002228
0.002112
0.002314
0.002973
0.003586
0.004046
0.004400
0.004615
0.005011
0.005421
0.005376
0.005544
0.005847
0.005900
0.005967
0.006010
0.006288
0.006419
0.006303
0.006070
0.005277
0.004819
0.005009
0.005273
0.005546
0.005569
0.005274
0.004593
0.003627
0.002709
0.001888
0.001088
0.000097
-0.000591
-0.000840
-0.001054
-0.000970
-0.000983
-0.001296
-0.001482
-0.001450
-0.001299
-0.001268
-0.001078
-0.000722
-0.000631
-0.000422
0.000086
0.000502
0.001004
0.001634
0.001856
0.002019
0.002643
0.003105
0.003375
0.004029
0.004618
0.004843
0.005398
0.006069
0.006121
0.006220
0.006809
0.007745
0.008974
0.010078
0.010783
0.011252
0.011825
0.012680
0.013458
0.013729
0.014091
0.014926
0.015774
0.016562
0.017278
0.017867
0.018350
0.018429
0.018141
0.017987
0.018020
0.017676
0.017178
0.016608
0.015488
0.014526
0.013893
0.013342
0.013213
0.013009
0.012685
0.012736
0.012843
0.012647
0.012157
0.011629
0.010886
0.009865
0.009180
0.008980
0.008837
0.008413
0.007954
0.007814
0.007704
0.007607
0.007458
0.007234
0.007046
0.006473
0.005692
0.005175
0.005129
0.005106
0.005017
0.005215
0.004814
0.003499
0.002391
0.001441
0.000278
-0.000904
-0.001832
-0.002115
-0.002226
-0.002468
-0.002729
-0.002991
-0.003177
-0.002905
-0.002842
-0.003636
-0.004606
-0.005603
-0.006584
-0.007192
-0.007483
-0.007757
-0.008120
-0.008608
-0.009020
-0.009367
-0.009560
-0.009340
-0.008977
-0.008618
-0.008109
-0.007376
-0.006543
-0.005848
-0.005641
-0.005753
-0.005785
-0.006085
-0.006571
-0.006712
-0.006996
-0.007491
-0.007658
-0.007703
-0.007783
-0.008127
-0.008312
-0.007915
-0.007730
-0.007668
-0.007429
-0.007224
-0.006737
-0.006066
-0.005306
-0.004138
-0.002709
-0.001661
-0.001419
-0.001432
-0.001294
-0.001383
-0.001924
-0.002409
-0.002962
-0.003866
-0.004532
-0.005152
-0.005809
-0.006306
-0.006530
-0.006368
-0.006277
-0.006617
-0.007104
-0.007285
-0.007349
-0.007367
-0.007085
-0.006908
-0.007074
-0.007392
-0.007816
-0.008179
-0.008540
-0.008940
-0.009296
-0.009508
-0.009399
-0.009048
-0.008691
-0.008225
-0.007250
-0.005976
-0.004708
-0.003234
-0.001963
-0.001280
-0.000423
0.000689
0.001412
0.001853
0.002291
0.002882
0.003612
0.004117
0.004370
0.004577
0.004544
0.004079
0.003329
0.002405
0.001268
0.000323
-0.000210
-0.000701
-0.001215
-0.001421
-0.001275
-0.001102
-0.000870
-0.000373
0.000162
0.000495
0.000746
0.000727
0.000065
-0.001009
-0.002007
-0.003183
-0.004329
-0.005046
-0.005883
-0.006617
-0.006923
-0.006937
-0.006891
-0.006952
-0.007127
-0.007938
-0.008850
-0.009224
-0.009731
-0.010219
-0.010506
-0.010928
-0.011288
-0.011396
-0.011196
-0.011037
-0.010684
-0.010194
-0.009954
-0.009570
-0.009256
-0.009082
-0.008624
-0.008281
-0.008504
-0.008577
-0.008288
-0.008238
-0.008092
-0.007714
-0.007450
-0.007086
-0.006627
-0.006169
-0.005853
-0.005903
-0.006376
-0.006978
-0.007703
-0.008570
-0.009158
-0.009598
-0.010034
-0.010315
-0.010182
-0.010287
-0.011160
-0.011889
-0.012112
-0.012027
-0.011808
-0.011733
-0.011495
-0.011239
-0.011176
-0.010727
-0.010077
-0.009615
-0.009127
-0.008506
-0.007823
-0.006960
-0.006133
-0.005334
-0.004493
-0.003878
-0.003111
-0.002409
-0.001898
-0.001492
-0.001341
-0.001505
-0.001663
-0.001436
-0.001561
-0.001938
-0.002499
-0.003355
-0.004172
-0.005399
-0.006922
-0.008389
-0.009600
-0.010457
-0.011105
-0.011313
-0.011097
-0.010769
-0.010395
-0.010311
-0.010443
-0.010588
-0.011204
-0.011870
-0.012371
-0.013287
-0.013911
-0.013786
-0.013789
-0.014077
-0.014197
-0.013974
-0.013609
-0.013021
-0.012382
-0.012112
-0.011868
-0.011718
-0.011878
-0.012142
-0.012326
-0.012246
-0.012052
-0.011778
-0.011068
-0.010139
-0.009368
-0.008715
-0.008290
-0.008097
-0.007908
-0.007433
-0.006818
-0.006385
-0.005998
-0.005802
-0.005840
-0.005593
-0.005016
-0.004516
-0.003853
-0.002928
-0.002323
-0.001849
-0.000962
-0.000009
0.000611
0.000743
0.000470
0.000421
0.000562
0.000513
0.000492
0.000396
0.000387
0.000342
-0.000994
-0.000492
0.000113
0.000283
0.000446
0.000403
-0.000090
-0.000498
-0.000724
-0.001143
-0.001468
-0.001393
-0.000916
-0.000297
0.000654
0.001914
0.003460
0.005093
0.005863
0.006242
0.006349
0.006202
0.006406
0.006424
0.006322
0.005984
0.005197
0.004149
0.002991
0.001943
0.001006
0.000442
0.000148
0.000187
0.000761
0.001559
0.001914
0.002060
0.002342
0.002338
0.002593
0.003288
0.003818
0.004445
0.005024
0.005341
0.005614
0.005532
0.005685
0.006168
0.006316
0.006222
0.005887
0.005584
0.005565
0.005713
0.005866
0.006220
0.006858
0.007184
0.007433
0.007935
0.008429
0.008693
0.008455
0.008036
0.007608
0.006620
0.005314
0.004248
0.003142
0.001946
0.000753
-0.000293
-0.000571
0.000183
0.001143
0.001778
0.002153
0.001978
0.001397
0.000810
0.000127
-0.000442
-0.000665
-0.000983
-0.001128
-0.001214
-0.001526
-0.001491
-0.001203
-0.000794
-0.000055
0.000603
0.000714
0.000705
0.000899
0.000873
0.000551
0.000116
-0.000606
-0.001716
-0.002966
-0.003864
-0.004229
-0.004443
-0.004733
-0.005115
-0.005673
-0.006121
-0.006383
-0.006702
-0.007309
-0.007950
-0.008379
-0.008821
-0.008867
-0.008575
-0.008296
-0.007889
-0.007569
-0.007268
-0.006785
-0.006363
-0.006400
-0.006738
-0.007072
-0.007436
-0.007364
-0.006963
-0.006697
-0.006560
-0.006636
-0.006644
-0.006437
-0.006317
-0.006269
-0.006084
-0.005966
-0.005867
-0.005575
-0.005507
-0.005316
-0.004827
-0.004694
-0.004593
-0.004245
-0.004030
-0.003824
-0.003436
-0.003199
-0.003037
-0.002588
-0.002180
-0.002084
-0.001868
-0.001533
-0.001364
-0.001174
-0.001015
-0.000874
-0.000916
-0.001220
-0.001198
-0.001032
-0.000941
-0.000952
-0.001133
-0.001178
-0.001293
-0.001517
-0.001480
-0.001894
-0.002916
-0.003501
-0.003808
-0.004187
-0.004630
-0.004703
-0.003752
-0.002717
-0.002081
-0.001331
-0.000611
-0.000321
-0.000163
-0.000038
-0.000494
-0.000898
-0.001073
-0.001423
-0.002014
-0.002933
-0.003618
-0.003460
-0.002455
-0.000543
0.001682
0.003039
0.003345
0.002173
-0.000366
-0.002594
-0.003354
-0.002794
-0.001461
0.000142
0.000893
0.000453
-0.000664
-0.002682
-0.005193
-0.007176
-0.008236
-0.008286
-0.006616
-0.003505
-0.000621
0.000848
0.000368
-0.001777
-0.004152
-0.005235
-0.004896
-0.003388
-0.001257
0.000558
0.001869
0.002833
0.003525
0.003877
0.003817
0.003702
0.003598
0.003283
0.003401
0.003835
0.004147
0.004689
0.004987
0.004614
0.003775
0.002993
0.002483
0.002234
0.002610
0.003696
0.004736
0.004903
0.004474
0.003691
0.002507
0.001410
0.000781
0.000409
0.000260
0.000752
0.001568
0.002353
0.003270
0.003934
0.004091
0.004079
0.004553
0.005582
0.006346
0.006545
0.006572
0.006430
0.005783
0.004780
0.004134
0.004006
0.004025
0.004296
0.004625
0.004886
0.005052
0.004875
0.004590
0.003949
0.002804
0.001980
0.001473
0.000992
0.000813
0.000520
-0.000334
-0.001351
-0.002213
-0.002820
-0.002888
-0.002633
-0.002426
-0.002434
-0.002786
-0.003329
-0.003605
-0.003393
-0.002949
-0.002310
-0.001342
-0.000253
0.000581
0.001104
0.001376
0.001470
0.001721
0.002268
0.002627
0.002789
0.003184
0.003192
0.002699
0.002188
0.001604
0.001266
0.001308
0.001434
0.001414
0.001082
0.000552
-0.000031
-0.000746
-0.001468
-0.002073
-0.002420
-0.002289
-0.001973
-0.001844
-0.001995
-0.002286
-0.002612
-0.002703
-0.002332
-0.001706
-0.000966
-0.000243
0.000351
0.000595
0.000708
0.001110
0.001719
0.002514
0.003474
0.004474
0.005168
0.005594
0.005936
0.006081
0.006225
0.006441
0.006656
0.006813
0.006878
0.006747
0.006474
0.006316
0.006049
0.005691
0.005412
0.005052
0.004762
0.004561
0.004303
0.003962
0.003677
0.003501
0.003272
0.003011
0.002610
0.002180
0.001856
0.001514
0.001196
0.001168
0.001551
0.002029
0.002517
0.003035
0.003425
0.003581
0.003593
0.003787
0.004292
0.005012
0.005669
0.005917
0.005644
0.005091
0.004732
0.004803
0.005108
0.005347
0.005396
0.005397
0.005390
0.005312
0.005232
0.005035
0.004749
0.004526
0.004314
0.004209
0.004227
0.004159
0.004038
0.003967
0.004013
0.004183
0.004358
0.004582
0.004888
0.005187
0.005453
0.005670
0.005817
0.005926
0.005991
0.005962
0.005901
0.005790
0.005625
0.005607
0.005668
0.005719
0.005757
0.005661
0.005490
0.005248
0.004976
0.004903
0.004889
0.004876
0.004987
0.005131
0.005208
0.005175
0.005154
0.005054
0.004761
0.004333
0.003754
0.003218
0.002958
0.002922
0.002847
0.002636
0.002446
0.002431
0.002520
0.002640
0.002827
0.003049
0.003177
0.003173
0.003120
0.002927
0.002615
0.002378
0.002254
0.002260
0.002347
0.002431
0.002531
0.002645
0.002703
0.002634
0.002498
0.002339
0.002290
0.002314
0.002221
0.002214
0.002361
0.002438
0.002358
0.002218
0.002082
0.001926
0.001817
0.001817
0.001848
0.001819
0.001763
0.001662
0.001511
0.001392
0.001233
0.001093
0.001039
0.000990
0.000973
0.000889
0.000679
0.000508
0.000502
0.000636
0.000788
0.000821
0.000716
0.000561
0.000441
0.000371
0.000334
0.000347
0.000423
0.000495
0.000546
0.000642
0.000750
0.000797
0.000705
0.000515
0.000309
0.000118
-0.000010
-0.000117
-0.000203
-0.000264
-0.000343
-0.000377
-0.000306
-0.000228
-0.000235
-0.000316
-0.000472
-0.000693
-0.000895
-0.001000
-0.001035
-0.001034
-0.000977
-0.000912
-0.000881
-0.000863
-0.000861
-0.000913
-0.000992
-0.001054
-0.001092
-0.001117
-0.001112
-0.001067
-0.001017
-0.001007
-0.000986
-0.000957
-0.001010
-0.001086
-0.001188
-0.001323
-0.001360
-0.001257
-0.001094
-0.000935
-0.000792
-0.000681
-0.000607
-0.000578
-0.000627
-0.000703
-0.000773
-0.000853
-0.000902
-0.000938
-0.000977
-0.000993
-0.000983
-0.000923
-0.000827
-0.000717
-0.000610
-0.000535
-0.000501
-0.000490
-0.000514
-0.000554
-0.000586
-0.000622
-0.000616
-0.000587
-0.000580
-0.000561
-0.000531
-0.000504
-0.000503
-0.000490
-0.000461
-0.000468
-0.000475
-0.000492
-0.000496
-0.000485
-0.000507
-0.000485
-0.000433
-0.000403
-0.000379
-0.000376
-0.000406
-0.000446
-0.000496
-0.000561
-0.000603
-0.000633
-0.000652
-0.000657
-0.000671
-0.000676
-0.000686
-0.000690
-0.000667
-0.000650
-0.000630
-0.000585
-0.000534
-0.000508
-0.000483
-0.000467
-0.000486
-0.000508
-0.000531
-0.000565
-0.000600
-0.000611
-0.000593
-0.000571
-0.000552
-0.000534
-0.000523
-0.000511
-0.000486
-0.000465
-0.000465
-0.000486
-0.000513
-0.000529
-0.000558
-0.000586
-0.000596
-0.000610
-0.000629
-0.000657
-0.000688
-0.000720
-0.000741
-0.000739
-0.000730
-0.000712
-0.000679
-0.000631
-0.000576
-0.000520
-0.000468
-0.000410
-0.000349
-0.000297
-0.000273
-0.000285
-0.000321
-0.000399
-0.000530
-0.000692
-0.000857
-0.001007
-0.001108
-0.001135
-0.001088
-0.000983
-0.000858
-0.000749
-0.000676
-0.000643
-0.000645
-0.000670
-0.000711
-0.000741
-0.000743
-0.000721
-0.000679
-0.000622
-0.000553
-0.000482
-0.000416
-0.000367
-0.000339
-0.000331
-0.000338
-0.000357
-0.000377
-0.000387
-0.000393
-0.000398
-0.000407
-0.000422
-0.000448
-0.000481
-0.000508
-0.000526
-0.000535
-0.000531
-0.000519
-0.000509
-0.000502
-0.000497
-0.000495
-0.000497
-0.000500
-0.000498
-0.000490
-0.000474
-0.000457
-0.000441
-0.000428
-0.000420
-0.000417
-0.000418
-0.000420
-0.000426
-0.000434
-0.000438
-0.000438
-0.000435
-0.000428
-0.000420
-0.000413
-0.000406
-0.000400
-0.000397
-0.000396
-0.000395
-0.000395
-0.000395
-0.000395
-0.000394
-0.000392
-0.000391
-0.000391
-0.000390
-0.000390
-0.000391
-0.000390
-0.000389
-0.000389
-0.000387
-0.000384
-0.000382
-0.000379
-0.000377
-0.000375
-0.000373
-0.000371
-0.000369
-0.000368
-0.000366
-0.000364
-0.000363
-0.000361
-0.000360
-0.000358
-0.000357
-0.000355
-0.000354
-0.000353
-0.000351
-0.000350
-0.000349
-0.000347
-0.000346
-0.000345
-0.000343
-0.000342
-0.000341
-0.000339
-0.000338
-0.000336
-0.000335
-0.000334
-0.000332
