0.000000
-0.000596
-0.000608
-0.000572
-0.000584
-0.000546
-0.000556
-0.000526
-0.000530
-0.000490
-0.000496
-0.000456
-0.000464
-0.000478
-0.000516
-0.000536
-0.000640
-0.000644
-0.000764
-0.001040
-0.001256
-0.001358
-0.001582
-0.001492
-0.001512
-0.001468
-0.001602
-0.001668
-0.002064
-0.002222
-0.002270
-0.002074
-0.002148
-0.002054
-0.002140
-0.002214
-0.001860
-0.001176
-0.000258
0.000180
0.000072
0.000724
0.000382
0.000434
-0.000106
0.000474
0.000618
-0.000464
-0.002208
-0.002728
-0.001280
-0.000886
-0.000650
-0.001232
-0.002714
-0.004260
-0.005808
-0.007274
-0.008694
-0.009274
-0.009980
-0.009244
-0.008782
-0.006730
-0.004404
-0.002684
-0.003314
-0.005378
-0.006618
-0.007786
-0.009886
-0.012534
-0.012106
-0.008138
-0.005988
-0.004204
-0.001796
0.000244
0.002678
0.004294
0.004154
0.005740
0.003206
-0.002390
-0.007820
-0.009234
-0.007656
-0.003866
-0.001946
-0.000384
0.001606
-0.001802
-0.004420
-0.008690
-0.007764
-0.008692
-0.010580
-0.012300
-0.010162
-0.006664
-0.006514
-0.001684
0.001324
0.007640
0.010566
0.015762
0.022654
0.025656
0.024374
0.015722
0.002982
-0.006034
-0.009106
-0.006572
-0.003524
0.001696
0.004290
0.000588
-0.006646
-0.019596
-0.033612
-0.041864
-0.040042
-0.035550
-0.029290
-0.025394
-0.026354
-0.033148
-0.040112
-0.040016
-0.032330
-0.020918
-0.009276
-0.002316
0.003620
0.010624
0.023762
0.036958
0.042288
0.041818
0.039472
0.043258
0.049040
0.056992
0.061192
0.056978
0.047994
0.033794
0.019196
0.007014
-0.003932
-0.013484
-0.019582
-0.025646
-0.039374
-0.057200
-0.073106
-0.080026
-0.077492
-0.071076
-0.063690
-0.064622
-0.070388
-0.071574
-0.068468
-0.060640
-0.053378
-0.047270
-0.043036
-0.039066
-0.036804
-0.029770
-0.015252
0.002100
0.018770
0.038598
0.050818
0.056030
0.051646
0.044792
0.042786
0.049066
0.059294
0.072684
0.082512
0.086630
0.085040
0.080116
0.081200
0.094154
0.112628
0.123882
0.116326
0.088580
0.037654
-0.008768
-0.038636
-0.063682
-0.091144
-0.119458
-0.135188
-0.138452
-0.134380
-0.124034
-0.108524
-0.086738
-0.063498
-0.047470
-0.039090
-0.039750
-0.040004
-0.024070
0.005772
0.030092
0.043540
0.048624
0.045978
0.042072
0.045112
0.050632
0.052478
0.049412
0.044540
0.036010
0.026628
0.020856
0.024098
0.036930
0.051610
0.058884
0.050372
0.022344
-0.032266
-0.082020
-0.107330
-0.118322
-0.122156
-0.117526
-0.108736
-0.094716
-0.073190
-0.044102
-0.017094
0.005314
0.021402
0.030416
0.041258
0.059718
0.084542
0.107954
0.117968
0.108922
0.088406
0.064266
0.046830
0.036138
0.022728
0.000848
-0.033652
-0.072872
-0.101166
-0.111078
-0.102376
-0.083326
-0.072800
-0.074956
-0.082602
-0.090652
-0.092310
-0.088542
-0.079438
-0.071840
-0.071620
-0.074036
-0.073784
-0.056460
-0.016688
0.028224
0.055228
0.065174
0.062946
0.051858
0.039688
0.027768
0.023450
0.029006
0.036594
0.046186
0.047326
0.038560
0.026968
0.019548
0.018882
0.020874
0.027872
0.037204
0.044026
0.047862
0.051148
0.055146
0.063516
0.078440
0.090888
0.096750
0.085632
0.060374
0.018926
-0.035296
-0.084834
-0.112548
-0.126926
-0.129670
-0.124348
-0.123050
-0.121744
-0.116242
-0.101678
-0.075014
-0.046518
-0.018846
0.005596
0.030034
0.053730
0.072130
0.082438
0.085168
0.088484
0.088694
0.088642
0.086786
0.079564
0.058990
0.030466
-0.008250
-0.051270
-0.095572
-0.132394
-0.153154
-0.162996
-0.164408
-0.162112
-0.156618
-0.146590
-0.127684
-0.096726
-0.063678
-0.032640
0.000184
0.026308
0.043770
0.057972
0.069148
0.078700
0.083596
0.090466
0.098578
0.109164
0.118840
0.127908
0.136602
0.150016
0.161236
0.167734
0.169310
0.168270
0.165032
0.165474
0.170884
0.180192
0.192776
0.208414
0.223846
0.239888
0.258278
0.281436
0.308514
0.340614
0.371980
0.397854
0.421778
0.439428
0.439462
0.429598
0.414120
0.389994
0.353816
0.302690
0.236054
0.170600
0.107808
0.049622
-0.004854
-0.041708
-0.056312
-0.052714
-0.033466
0.002622
0.048154
0.091554
0.116074
0.127460
0.127810
0.122584
0.122174
0.124000
0.127144
0.130290
0.135010
0.138236
0.130998
0.112124
0.082386
0.047690
0.019342
0.002024
-0.007400
-0.014220
-0.022248
-0.030626
-0.039896
-0.049510
-0.064218
-0.077682
-0.088102
-0.089236
-0.075722
-0.044944
-0.006094
0.034256
0.071234
0.102328
0.129458
0.155280
0.177728
0.197840
0.210544
0.213314
0.212928
0.206938
0.197772
0.186366
0.175950
0.165500
0.155954
0.149258
0.145530
0.146804
0.159692
0.181090
0.204706
0.217314
0.211200
0.198094
0.169572
0.128156
0.082542
0.039030
0.007372
-0.010116
-0.017906
-0.014322
0.003342
0.039758
0.090802
0.135516
0.162124
0.188422
0.214478
0.232202
0.246518
0.254722
0.256828
0.255474
0.255334
0.254528
0.253976
0.256784
0.256794
0.253572
0.241660
0.223096
0.188182
0.134772
0.055084
-0.033762
-0.119716
-0.215960
-0.309048
-0.387384
-0.446000
-0.482294
-0.499800
-0.501770
-0.497462
-0.492102
-0.485744
-0.483328
-0.487246
-0.502472
-0.529590
-0.560348
-0.598208
-0.635278
-0.672958
-0.711092
-0.740794
-0.764326
-0.779932
-0.796234
-0.814190
-0.827680
-0.839014
-0.850612
-0.851306
-0.846470
-0.840110
-0.830308
-0.814492
-0.795822
-0.775414
-0.755796
-0.733394
-0.711448
-0.686846
-0.660074
-0.631362
-0.598824
-0.565812
-0.535104
-0.501912
-0.473790
-0.452052
-0.432582
-0.416700
-0.396896
-0.372806
-0.348720
-0.325704
-0.307674
-0.296776
-0.286948
-0.278370
-0.265378
-0.249532
-0.229620
-0.202592
-0.173500
-0.145024
-0.121530
-0.107976
-0.099374
-0.092742
-0.086634
-0.081958
-0.074930
-0.066104
-0.058750
-0.048344
-0.037940
-0.029216
-0.019484
-0.008938
0.006516
0.023102
0.039860
0.056028
0.075448
0.094856
0.114594
0.131314
0.146410
0.163372
0.170898
0.179102
0.187538
0.199456
0.214354
0.230708
0.245238
0.264512
0.280446
0.286932
0.299582
0.310686
0.312108
0.313238
0.316074
0.322034
0.328352
0.339204
0.353596
0.372390
0.391454
0.406234
0.417248
0.421036
0.418632
0.415768
0.413004
0.410186
0.405654
0.403924
0.401614
0.399134
0.397938
0.395802
0.393698
0.387136
0.384076
0.376298
0.369180
0.364844
0.360472
0.353938
0.347626
0.343824
0.335358
0.310482
0.282796
0.250304
0.218492
0.160584
0.087854
0.026962
-0.006468
-0.017642
-0.016446
-0.008820
0.000214
0.008786
0.015444
0.016336
0.013196
0.008284
0.006844
0.003570
0.000002
-0.002604
-0.006162
-0.011978
-0.017240
-0.021514
-0.026166
-0.031884
-0.037260
-0.042458
-0.048278
-0.053906
-0.059356
-0.065174
-0.069944
-0.073988
-0.078458
-0.082740
-0.086148
-0.086044
-0.086052
-0.082264
-0.078264
-0.076240
-0.077652
-0.079814
-0.086046
-0.093638
-0.094746
-0.092692
-0.084526
-0.071546
-0.050030
-0.021562
0.005898
0.033330
0.059542
0.082432
0.100228
0.114522
0.128630
0.143382
0.148400
0.146676
0.140808
0.129628
0.116444
0.109078
0.105136
0.106164
0.110402
0.115838
0.120334
0.119406
0.116014
0.113106
0.108508
0.106534
0.102238
0.094098
0.086858
0.082112
0.075024
0.066082
0.053730
0.039298
0.024028
0.011674
-0.000330
-0.011864
-0.019886
-0.023772
-0.026614
-0.031662
-0.033262
-0.037292
-0.045600
-0.054064
-0.064714
-0.075422
-0.085828
-0.092010
-0.094328
-0.095360
-0.095416
-0.094924
-0.093798
-0.096246
-0.098350
-0.099536
-0.102758
-0.103948
-0.100810
-0.098444
-0.095086
-0.092224
-0.092168
-0.094026
-0.097490
-0.102868
-0.108408
-0.111104
-0.109878
-0.105832
-0.097428
-0.083832
-0.065626
-0.047768
-0.034158
-0.027434
-0.024850
-0.025718
-0.029290
-0.032162
-0.034770
-0.036996
-0.035276
-0.032548
-0.028118
-0.019006
-0.006666
0.005298
0.013504
0.018202
0.018862
0.017716
0.016574
0.015716
0.016828
0.018584
0.018406
0.019530
0.021462
0.023028
0.022416
0.022886
0.023838
0.024326
0.026968
0.032806
0.037680
0.043538
0.045620
0.045878
0.045874
0.043626
0.040844
0.041360
0.043034
0.045056
0.049176
0.054718
0.061398
0.067930
0.074684
0.077978
0.078804
0.080214
0.080020
0.081896
0.080800
0.078884
0.076498
0.065890
0.054200
0.043022
0.035758
0.033384
0.030732
0.030046
0.027488
0.024384
0.022878
0.020962
0.019092
0.020304
0.021318
0.023032
0.026264
0.029104
0.030942
0.031738
0.031738
0.029570
0.027770
0.027508
0.027440
0.029622
0.030202
0.029240
0.030330
0.028794
0.025054
0.023280
0.020330
0.017814
0.018260
0.020346
0.022936
0.026656
0.030288
0.035176
0.041094
0.046696
0.053140
0.059450
0.065398
0.071698
0.077936
0.081292
0.086632
0.088694
0.090340
0.090540
0.085526
0.076016
0.060992
0.043778
0.027580
0.015606
0.006992
0.002346
0.000938
-0.000692
-0.001578
-0.002334
-0.004214
-0.006374
-0.006446
-0.009488
-0.014464
-0.020444
-0.024460
-0.028588
-0.032722
-0.035198
-0.036872
-0.039972
-0.041742
-0.044448
-0.045046
-0.043474
-0.042696
-0.041728
-0.039418
-0.034372
-0.026136
-0.015602
-0.004094
0.005028
0.011190
0.018118
0.021494
0.024484
0.026812
0.029182
0.029012
0.028710
0.029946
0.031440
0.032820
0.037526
0.039944
0.042276
0.045296
0.046726
0.051800
0.056494
0.060338
0.064240
0.064996
0.066742
0.069650
0.068168
0.068034
0.069208
0.065464
0.060132
0.053610
0.048248
0.044366
0.046050
0.049032
0.050274
0.052468
0.052490
0.051830
0.050726
0.051492
0.054016
0.057548
0.063302
0.070058
0.075716
0.080444
0.080090
0.078602
0.075238
0.070050
0.065822
0.062712
0.059688
0.056156
0.052862
0.048930
0.044254
0.038652
0.033616
0.029422
0.021776
0.014394
0.006662
-0.002846
-0.012266
-0.020128
-0.029908
-0.042342
-0.051628
-0.058352
-0.062858
-0.066408
-0.066886
-0.064534
-0.062514
-0.059062
-0.056368
-0.052392
-0.048924
-0.047132
-0.044762
-0.046040
-0.049286
-0.056044
-0.064648
-0.073748
-0.081348
-0.089878
-0.098266
-0.104610
-0.113414
-0.122642
-0.131058
-0.141820
-0.155126
-0.167282
-0.179514
-0.191856
-0.202358
-0.210804
-0.215650
-0.217386
-0.216542
-0.214346
-0.211888
-0.209916
-0.208960
-0.205660
-0.203154
-0.201778
-0.198742
-0.196530
-0.190880
-0.184858
-0.178954
-0.170482
-0.161168
-0.151986
-0.138462
-0.121038
-0.105196
-0.088492
-0.073978
-0.061296
-0.051702
-0.042592
-0.034934
-0.026996
-0.022120
-0.017382
-0.013130
-0.007670
-0.004150
0.002380
0.009504
0.019018
0.028924
0.043238
0.056786
0.066932
0.072698
0.075262
0.075364
0.076064
0.077784
0.079024
0.080000
0.081066
0.080618
0.079314
0.076542
0.072176
0.068068
0.061178
0.052368
0.044610
0.040140
0.034288
0.032982
0.033742
0.036612
0.043562
0.052906
0.063848
0.078510
0.092506
0.103682
0.112158
0.118742
0.123992
0.124234
0.126010
0.126700
0.125080
0.120816
0.119142
0.115758
0.110662
0.107874
0.108514
0.107896
0.105694
0.105530
0.107632
0.107642
0.110180
0.111650
0.115036
0.118198
0.121492
0.125528
0.129216
0.131448
0.130864
0.128646
0.124820
0.119138
0.114770
0.114524
0.113668
0.114264
0.114712
0.114210
0.113222
0.112614
0.110018
0.108936
0.109098
0.108264
0.107730
0.107538
0.107286
0.107904
0.108122
0.105378
0.102690
0.098976
0.094016
0.089168
0.082838
0.074350
0.065156
0.053928
0.041432
0.025156
0.013150
0.002492
-0.008424
-0.017384
-0.022962
-0.028256
-0.033722
-0.037252
-0.037788
-0.038720
-0.036974
-0.032086
-0.028054
-0.024240
-0.020050
-0.015634
-0.012182
-0.011692
-0.011198
-0.012058
-0.015814
-0.023304
-0.028586
-0.035708
-0.042288
-0.046766
-0.050148
-0.053018
-0.054216
-0.056258
-0.057158
-0.057816
-0.058446
-0.058832
-0.060134
-0.063656
-0.064834
-0.066852
-0.068428
-0.067290
-0.064840
-0.062516
-0.059048
-0.057476
-0.054234
-0.051538
-0.051764
-0.049080
-0.045558
-0.042408
-0.036888
-0.030548
-0.024328
-0.018652
-0.013400
-0.010500
-0.010180
-0.012106
-0.013498
-0.014036
-0.019000
-0.023204
-0.028418
-0.033074
-0.036158
-0.038200
-0.041378
-0.038692
-0.034614
-0.032104
-0.032904
-0.032466
-0.034674
-0.037168
-0.040144
-0.040732
-0.042790
-0.042716
-0.039390
-0.037636
-0.035570
-0.031170
-0.028414
-0.025086
-0.022480
-0.018876
-0.019316
-0.021318
-0.023882
-0.026274
-0.030424
-0.034904
-0.036492
-0.038152
-0.037238
-0.038432
-0.040418
-0.043486
-0.046592
-0.047802
-0.051850
-0.054302
-0.053620
-0.052550
-0.050894
-0.049296
-0.046836
-0.041640
-0.035682
-0.032476
-0.030822
-0.030624
-0.032120
-0.031150
-0.031318
-0.033124
-0.034480
-0.037586
-0.038682
-0.037376
-0.038652
-0.041124
-0.042828
-0.044304
-0.044598
-0.044780
-0.044742
-0.044768
-0.043768
-0.043284
-0.041138
-0.039852
-0.037868
-0.035444
-0.033282
-0.031264
-0.030692
-0.030456
-0.029976
-0.030090
-0.029798
-0.029854
-0.029660
-0.027088
-0.024140
-0.021114
-0.017750
-0.012542
-0.009360
-0.009866
-0.012142
-0.016666
-0.018772
-0.016248
-0.015388
-0.014170
-0.010554
-0.007666
-0.002110
0.000684
-0.000214
0.001764
0.003836
0.004352
0.006610
0.009994
0.009760
0.011760
0.015524
0.016946
0.017124
0.017934
0.017804
0.018964
0.022190
0.022034
0.022240
0.024668
0.026582
0.032452
0.037776
0.041214
0.046158
0.049890
0.051816
0.055480
0.056920
0.058352
0.060086
0.060406
0.060750
0.060220
0.058934
0.058140
0.056580
0.054020
0.049182
0.044254
0.040764
0.038248
0.035234
0.036808
0.038524
0.041386
0.044028
0.047088
0.045524
0.041900
0.037610
0.031680
0.026056
0.020328
0.017396
0.014058
0.010342
0.008896
0.007810
0.008526
0.009544
0.009398
0.008690
0.006554
0.002948
-0.002344
-0.004872
-0.008416
-0.014590
-0.016952
-0.021160
-0.025270
-0.026538
-0.026286
-0.026580
-0.024488
-0.023478
-0.022874
-0.023934
-0.026238
-0.029032
-0.029906
-0.032538
-0.033468
-0.033474
-0.033076
-0.031044
-0.026408
-0.021624
-0.020454
-0.021812
-0.024998
-0.027430
-0.030118
-0.034512
-0.035660
-0.034706
-0.034810
-0.035044
-0.036814
-0.036100
-0.036920
-0.039300
-0.039742
-0.042084
-0.044026
-0.044560
-0.047346
-0.048304
-0.048350
-0.050478
-0.051122
-0.051170
-0.052384
-0.051662
-0.048906
-0.045292
-0.043478
-0.042876
-0.042740
-0.044722
-0.046814
-0.049808
-0.050504
-0.050714
-0.050796
-0.051732
-0.050344
-0.047794
-0.047122
-0.046366
-0.046142
-0.045606
-0.046914
-0.049052
-0.050342
-0.051186
-0.054306
-0.057378
-0.057012
-0.057216
-0.058414
-0.054938
-0.053308
-0.051596
-0.047254
-0.042714
-0.040920
-0.037748
-0.034012
-0.031338
-0.028004
-0.024366
-0.020628
-0.018976
-0.014400
-0.009804
-0.006812
-0.001566
0.000066
0.004592
0.009274
0.012224
0.014024
0.015672
0.017396
0.020204
0.020350
0.022322
0.022396
0.022490
0.022072
0.023482
0.024124
0.026070
0.029786
0.033212
0.033070
0.035306
0.036408
0.040862
0.044656
0.048058
0.053490
0.058902
0.064204
0.069944
0.073952
0.078946
0.083908
0.085870
0.088922
0.089820
0.089714
0.091834
0.093128
0.094832
0.095676
0.094552
0.093556
0.092116
0.091712
0.089880
0.088364
0.086784
0.082178
0.077474
0.070902
0.061748
0.052890
0.044034
0.034280
0.025694
0.021148
0.018906
0.015630
0.012090
0.010222
0.009024
0.008062
0.006834
0.005874
0.005870
0.007774
0.007586
0.005960
0.003366
-0.000150
-0.005300
-0.008842
-0.012226
-0.015866
-0.019242
-0.019514
-0.016504
-0.013420
-0.010230
-0.007852
-0.005692
-0.005390
-0.005568
-0.005912
-0.006734
-0.006876
-0.007318
-0.007886
-0.007656
-0.007662
-0.006812
-0.006472
-0.006642
-0.006428
-0.006850
-0.009094
-0.010686
-0.012816
-0.016696
-0.022256
-0.027484
-0.033590
-0.037950
-0.040200
-0.045590
-0.049530
-0.049186
-0.049070
-0.048628
-0.045692
-0.041866
-0.038112
-0.037378
-0.037156
-0.036582
-0.036540
-0.034298
-0.031388
-0.031824
-0.029094
-0.027162
-0.027464
-0.025280
-0.021500
-0.018668
-0.014134
-0.009742
-0.006998
-0.005894
-0.007596
-0.008582
-0.007836
-0.007714
-0.008020
-0.008092
-0.006334
-0.002104
0.001396
0.001334
0.001352
0.001590
0.001878
0.001424
0.003248
0.006104
0.009552
0.011060
0.012666
0.015584
0.015658
0.016334
0.017744
0.017764
0.017020
0.016128
0.013438
0.007976
0.005902
0.006346
0.005854
0.006678
0.007730
0.009290
0.009670
0.010396
0.014750
0.017154
0.020580
0.027056
0.032408
0.038690
0.042884
0.045080
0.044078
0.042456
0.041250
0.040516
0.039740
0.039338
0.037902
0.037658
0.034580
0.030510
0.027602
0.025796
0.022846
0.020466
0.018424
0.017244
0.016270
0.013902
0.013704
0.012334
0.011732
0.009600
0.009016
0.009936
0.011658
0.010240
0.008880
0.007128
0.006200
0.005860
0.004582
0.001378
-0.001094
-0.003166
-0.003540
-0.005240
-0.008116
-0.007456
-0.006976
-0.006878
-0.006510
-0.006302
-0.007340
-0.009352
-0.009822
-0.011794
-0.015680
-0.019424
-0.025010
-0.029214
-0.032722
-0.037234
-0.041048
-0.044590
-0.045634
-0.045786
-0.046340
-0.046868
-0.047336
-0.048002
-0.048090
-0.048738
-0.049184
-0.051062
-0.051622
-0.049398
-0.047294
-0.046074
-0.045472
-0.043818
-0.039602
-0.035404
-0.033838
-0.030482
-0.024864
-0.020378
-0.015552
-0.010208
-0.006434
-0.002834
-0.001500
-0.001652
-0.001066
0.001574
0.005196
0.007670
0.010382
0.014292
0.016374
0.019208
0.022892
0.024020
0.023988
0.027550
0.031362
0.032916
0.036362
0.040568
0.045132
0.047990
0.046818
0.046034
0.045176
0.043762
0.042298
0.040612
0.039522
0.038094
0.037078
0.036310
0.035518
0.034412
0.034092
0.031724
0.027924
0.024606
0.020924
0.018472
0.016198
0.014768
0.012194
0.010304
0.009660
0.009342
0.007652
0.007686
0.006004
0.002168
0.001084
-0.000876
-0.003390
-0.005996
-0.009404
-0.013012
-0.016498
-0.020446
-0.022452
-0.024320
-0.027008
-0.026636
-0.028446
-0.031938
-0.033970
-0.034380
-0.034088
-0.033488
-0.037160
-0.040928
-0.042248
-0.046038
-0.050056
-0.055326
-0.057502
-0.059794
-0.063860
-0.065272
-0.065790
-0.068170
-0.069398
-0.071232
-0.074594
-0.076548
-0.078632
-0.080492
-0.083230
-0.083062
-0.083730
-0.085514
-0.087574
-0.088478
-0.087532
-0.086938
-0.085806
-0.086082
-0.084076
-0.082696
-0.079750
-0.073388
-0.067774
-0.063368
-0.059086
-0.057218
-0.054958
-0.049878
-0.045880
-0.043334
-0.038076
-0.034410
-0.030526
-0.024328
-0.020260
-0.014400
-0.011206
-0.010428
-0.006448
-0.004774
-0.001994
-0.000454
0.001448
0.003598
0.005446
0.008024
0.010038
0.010044
0.013448
0.016990
0.018034
0.018412
0.019872
0.021534
0.021074
0.020804
0.020352
0.019664
0.019902
0.022494
0.023926
0.023694
0.027456
0.031484
0.033216
0.034488
0.036160
0.037914
0.038154
0.038134
0.037984
0.037230
0.036704
0.036506
0.036348
0.035170
0.032724
0.033094
0.034092
0.033796
0.035770
0.039700
0.043386
0.045742
0.048028
0.050846
0.053916
0.057938
0.060046
0.062460
0.064946
0.067748
0.069648
0.070914
0.072850
0.075076
0.077620
0.078408
0.077090
0.078408
0.082028
0.083316
0.085608
0.088910
0.088770
0.088570
0.091276
0.094790
0.096742
0.097850
0.097696
0.098078
0.096460
0.093094
0.091688
0.089902
0.086526
0.082146
0.079916
0.078228
0.078594
0.078534
0.080208
0.079754
0.077694
0.076176
0.075782
0.073636
0.072394
0.069934
0.066488
0.062810
0.058832
0.052540
0.046808
0.039194
0.032678
0.025258
0.018240
0.014464
0.011704
0.010258
0.009056
0.008458
0.005862
0.000584
-0.004372
-0.006142
-0.007756
-0.011376
-0.012984
-0.016112
-0.020106
-0.021626
-0.023418
-0.026172
-0.028370
-0.029886
-0.030462
-0.032560
-0.034674
-0.036298
-0.038298
-0.038142
-0.039956
-0.040642
-0.041094
-0.040074
-0.039804
-0.040450
-0.039820
-0.039708
-0.039486
-0.036570
-0.033418
-0.032540
-0.030970
-0.029552
-0.028680
-0.027504
-0.025682
-0.024600
-0.024512
-0.023360
-0.023840
-0.023218
-0.022830
-0.022888
-0.023650
-0.023570
-0.023990
-0.022864
-0.021266
-0.020586
-0.018498
-0.015882
-0.015544
-0.014458
-0.014318
-0.014382
-0.012722
-0.012900
-0.011006
-0.008518
-0.010870
-0.012418
-0.015316
-0.017332
-0.017734
-0.019120
-0.019778
-0.020562
-0.023076
-0.021960
-0.018800
-0.017570
-0.017444
-0.016930
-0.016846
-0.014956
-0.015840
-0.016154
-0.015830
-0.015874
-0.016132
-0.016954
-0.019750
-0.019618
-0.019342
-0.020612
-0.023092
-0.025086
-0.028350
-0.031286
-0.033194
-0.034286
-0.036862
-0.037750
-0.038184
-0.038654
-0.037320
-0.035760
-0.032016
-0.028814
-0.028488
-0.027804
-0.027206
-0.024092
-0.021324
-0.020546
-0.017632
-0.013824
-0.012430
-0.011800
-0.010932
-0.009848
-0.009598
-0.008932
-0.010234
-0.010620
-0.011440
-0.012746
-0.012148
-0.014002
-0.015210
-0.014628
-0.014450
-0.014956
-0.014824
-0.014700
-0.015112
-0.015152
-0.014898
-0.014822
-0.015502
-0.016338
-0.018544
-0.018622
-0.018244
-0.018766
-0.018710
-0.018668
-0.018566
-0.019020
-0.020088
-0.021522
-0.022776
-0.022336
-0.021722
-0.022312
-0.021044
-0.021354
-0.022518
-0.022264
-0.020702
-0.018170
-0.018234
-0.017628
-0.016730
-0.015170
-0.012962
-0.011026
-0.010450
-0.007116
-0.007946
-0.008666
-0.006086
-0.002254
0.001156
0.004566
0.005056
0.005350
0.005318
0.005124
0.005292
0.005222
0.007536
0.010616
0.012220
0.011392
0.009580
0.009300
0.009586
0.010422
0.009706
0.009334
0.007448
0.006306
0.007774
0.007732
0.007194
0.006652
0.004468
0.004030
0.004026
0.005630
0.008032
0.008948
0.010474
0.010918
0.014156
0.015278
0.014750
0.015016
0.013374
0.011832
0.012162
0.012936
0.013352
0.013830
0.014774
0.015970
0.016586
0.017544
0.018710
0.020694
0.023358
0.025120
0.026260
0.027590
0.028536
0.029878
0.032994
0.036150
0.036814
0.038426
0.038012
0.039312
0.040548
0.041966
0.043220
0.043456
0.043374
0.045856
0.048470
0.048182
0.048374
0.050562
0.050724
0.051426
0.053176
0.055122
0.057864
0.059884
0.059958
0.058886
0.058262
0.059726
0.062440
0.063408
0.061850
0.060042
0.058400
0.057202
0.053156
0.047782
0.042408
0.038108
0.033796
0.029768
0.027940
0.024462
0.024290
0.023780
0.019414
0.015884
0.014936
0.011230
0.009310
0.008792
0.005738
0.004320
0.004212
0.004122
0.003600
0.003550
0.003512
0.003614
0.001568
0.002456
0.000994
-0.000484
-0.000238
-0.001256
-0.002316
-0.005714
-0.008704
-0.011562
-0.014158
-0.016106
-0.016300
-0.015770
-0.016768
-0.018144
-0.018650
-0.019778
-0.019960
-0.019350
-0.018814
-0.019648
-0.021402
-0.022172
-0.021308
-0.023458
-0.025794
-0.026328
-0.027432
-0.028618
-0.029242
-0.027268
-0.025408
-0.026314
-0.024414
-0.021606
-0.021716
-0.019402
-0.016230
-0.015174
-0.015168
-0.014756
-0.013918
-0.012786
-0.011288
-0.008334
-0.007732
-0.005384
-0.005516
-0.005214
-0.002344
-0.000160
0.000718
0.001610
0.002192
0.003198
0.003934
0.004722
0.003456
0.000718
-0.000844
-0.000018
-0.001362
-0.002310
-0.001000
0.001666
-0.000412
-0.000716
-0.000542
-0.002140
-0.000220
0.001984
0.001862
0.003136
0.004912
0.005946
0.005720
0.004370
0.001260
-0.001506
-0.001598
-0.004408
-0.007162
-0.007720
-0.007672
-0.008444
-0.011440
-0.011956
-0.014130
-0.016016
-0.015290
-0.013804
-0.015640
-0.018070
-0.018398
-0.019358
-0.019878
-0.020822
-0.021674
-0.020460
-0.019698
-0.021536
-0.022822
-0.022274
-0.022448
-0.022056
-0.021650
-0.021524
-0.023096
-0.022836
-0.022372
-0.023574
-0.024362
-0.023062
-0.023782
-0.024522
-0.025466
-0.025526
-0.024846
-0.024550
-0.023246
-0.021802
-0.019792
-0.018426
-0.016820
-0.013118
-0.011898
-0.010174
-0.010312
-0.011174
-0.009982
-0.007522
-0.006388
-0.005904
-0.004694
-0.003394
-0.003270
-0.003340
-0.003072
-0.002612
-0.002530
-0.002332
-0.003868
-0.005096
-0.006980
-0.004506
-0.004850
-0.006976
-0.006246
-0.005744
-0.005382
-0.004822
-0.005102
-0.006854
-0.006286
-0.005260
-0.004464
-0.003672
-0.003100
-0.001634
0.000200
0.000726
0.001806
0.003038
0.003616
0.004996
0.003380
0.001984
0.000276
-0.000766
-0.000530
-0.000738
-0.001350
-0.001124
-0.001378
-0.002232
-0.002366
-0.002400
-0.003216
-0.004118
-0.004028
-0.004754
-0.003274
-0.001262
-0.000944
-0.000446
-0.000812
-0.001178
-0.001396
-0.000408
0.000132
0.001590
0.001706
0.002180
0.003068
0.002522
0.003804
0.004928
0.005784
0.006784
0.006602
0.006442
0.006126
0.006234
0.006604
0.007090
0.007114
0.005624
0.004344
0.004154
0.003976
0.003518
0.002430
0.001564
0.001130
0.001066
0.000940
0.000526
0.000540
0.000384
0.000382
0.000314
0.000654
0.001206
0.001648
0.002328
0.003012
0.002982
0.002860
0.002640
0.002358
0.002324
0.002494
0.002640
0.002318
0.001780
0.001222
0.000520
0.000354
0.000134
-0.000020
-0.000120
-0.000202
-0.000202
-0.000138
-0.000262
-0.000376
-0.000458
-0.000548
-0.000350
-0.000116
-0.000140
-0.000338
-0.000416
-0.000670
-0.001100
-0.001146
-0.001162
-0.001314
-0.001582
-0.001596
-0.001714
-0.001880
-0.001878
-0.001818
-0.001846
-0.001970
-0.001928
-0.001910
-0.001916
-0.001778
-0.001640
-0.001490
-0.001442
-0.001348
-0.001196
-0.001086
-0.000926
-0.000712
-0.000518
-0.000352
-0.000202
-0.000022
0.000178
0.000380
0.000566
0.000728
0.000908
0.001088
0.001262
0.001452
0.001638
0.001826
0.001998
0.002170
0.002354
0.002536
0.002710
0.002886
0.003058
0.003230
0.003398
0.003564
0.003726
0.003886
0.004040
0.004192
0.004336
0.004476
0.004612
0.004744
0.004872
0.004994
0.005112
0.005226
0.005336
0.005440
0.005540
0.005636
0.005728
0.005816
0.005900
0.005980
0.006056
0.006128
0.006196
