0.000000
-0.006356
-0.006336
-0.006314
-0.006294
-0.006272
-0.006252
-0.006232
-0.006212
-0.006194
-0.006176
-0.006160
-0.006146
-0.006138
-0.006130
-0.006122
-0.006116
-0.006104
-0.006090
-0.006072
-0.006054
-0.006038
-0.006024
-0.006002
-0.005978
-0.005954
-0.005932
-0.005916
-0.005904
-0.005894
-0.005884
-0.005874
-0.005864
-0.005852
-0.005838
-0.005824
-0.005812
-0.005802
-0.005792
-0.005784
-0.005776
-0.005768
-0.005760
-0.005754
-0.005750
-0.005748
-0.005746
-0.005742
-0.005736
-0.005710
-0.005648
-0.005576
-0.005546
-0.005566
-0.005612
-0.005660
-0.005738
-0.005894
-0.006106
-0.006310
-0.006458
-0.006538
-0.006550
-0.006452
-0.006226
-0.005944
-0.005708
-0.005570
-0.005530
-0.005550
-0.005588
-0.005610
-0.005612
-0.005596
-0.005576
-0.005562
-0.005558
-0.005560
-0.005570
-0.005584
-0.005598
-0.005576
-0.005468
-0.005316
-0.005248
-0.005310
-0.005446
-0.005582
-0.005662
-0.005674
-0.005638
-0.005616
-0.005704
-0.005938
-0.006228
-0.006398
-0.006322
-0.006052
-0.005742
-0.005506
-0.005330
-0.005116
-0.004856
-0.004616
-0.004444
-0.004352
-0.004328
-0.004342
-0.004402
-0.004568
-0.004860
-0.005210
-0.005604
-0.006068
-0.006536
-0.006962
-0.007388
-0.007824
-0.008202
-0.008466
-0.008608
-0.008646
-0.008526
-0.008198
-0.007874
-0.007818
-0.008034
-0.008360
-0.008632
-0.008796
-0.008868
-0.008878
-0.008862
-0.008850
-0.008858
-0.008842
-0.008674
-0.008286
-0.007770
-0.007174
-0.006478
-0.005784
-0.005240
-0.004920
-0.004808
-0.004860
-0.005154
-0.005798
-0.006788
-0.007914
-0.008872
-0.009462
-0.009676
-0.009642
-0.009532
-0.009448
-0.009278
-0.008848
-0.008198
-0.007546
-0.007090
-0.006900
-0.006926
-0.007060
-0.007102
-0.006788
-0.006126
-0.005360
-0.004552
-0.003672
-0.002846
-0.002244
-0.001896
-0.001572
-0.001088
-0.000716
-0.000862
-0.001692
-0.003136
-0.004974
-0.006918
-0.008520
-0.009288
-0.009332
-0.009262
-0.009436
-0.009722
-0.009714
-0.009234
-0.008486
-0.007750
-0.007226
-0.006990
-0.006966
-0.007006
-0.007036
-0.007048
-0.007016
-0.006798
-0.006194
-0.005286
-0.004326
-0.003358
-0.002496
-0.002120
-0.002372
-0.002992
-0.003620
-0.004016
-0.004094
-0.003742
-0.002904
-0.002074
-0.001854
-0.002288
-0.003024
-0.003674
-0.004012
-0.003936
-0.003328
-0.002266
-0.001078
0.000104
0.001340
0.002524
0.003582
0.004686
0.005870
0.006880
0.007238
0.006448
0.004268
0.001204
-0.001786
-0.004454
-0.007008
-0.009254
-0.010662
-0.010798
-0.009618
-0.007562
-0.005402
-0.003652
-0.002272
-0.001164
-0.000436
-0.000382
-0.001246
-0.002958
-0.005010
-0.006728
-0.007730
-0.008146
-0.008508
-0.009146
-0.009962
-0.010714
-0.011222
-0.011418
-0.011368
-0.011132
-0.010272
-0.008254
-0.005218
-0.001930
0.000668
0.001844
0.001426
-0.000002
-0.001690
-0.003316
-0.004930
-0.006696
-0.008724
-0.010882
-0.012752
-0.013956
-0.014384
-0.013946
-0.012616
-0.010564
-0.008082
-0.005456
-0.002900
-0.000586
0.001242
0.002406
0.002952
0.003058
0.002874
0.002294
0.001112
-0.000684
-0.002714
-0.004404
-0.005400
-0.005702
-0.005546
-0.005004
-0.003948
-0.002316
-0.000312
0.001578
0.002886
0.003462
0.003490
0.003300
0.003132
0.002904
0.002296
0.001284
0.000204
-0.000602
-0.000974
-0.000986
-0.001042
-0.001598
-0.002626
-0.003714
-0.004490
-0.004788
-0.004678
-0.004370
-0.004074
-0.003886
-0.003824
-0.003862
-0.003934
-0.003970
-0.003940
-0.003866
-0.003778
-0.003708
-0.003664
-0.003662
-0.003704
-0.003734
-0.003482
-0.002586
-0.000924
0.001232
0.003246
0.004374
0.004142
0.002578
0.000224
-0.002060
-0.003600
-0.004228
-0.004162
-0.003778
-0.003362
-0.002918
-0.002152
-0.000784
0.001164
0.003218
0.004796
0.005628
0.005794
0.005574
0.005254
0.005016
0.004944
0.005026
0.005186
0.005332
0.005392
0.005370
0.005310
0.005254
0.005232
0.005236
0.005254
0.005266
0.005232
0.004904
0.003958
0.002286
0.000170
-0.001794
-0.003106
-0.003638
-0.003582
-0.003264
-0.002936
-0.002528
-0.001752
-0.000654
0.000308
0.000528
-0.000188
-0.001412
-0.002546
-0.003220
-0.003382
-0.003028
-0.002028
-0.000338
0.001834
0.003944
0.005442
0.006152
0.006228
0.005990
0.005726
0.005608
0.005640
0.005546
0.004972
0.004222
0.003954
0.004330
0.005058
0.005752
0.006176
0.006376
0.006742
0.007408
0.007884
0.007784
0.007160
0.006084
0.004660
0.003276
0.002528
0.002798
0.003596
0.004042
0.003796
0.003072
0.002250
0.001380
0.000318
-0.000808
-0.001714
-0.002238
-0.002392
-0.002306
-0.002118
-0.001786
-0.001098
-0.000288
0.000034
-0.000324
-0.001188
-0.002492
-0.004232
-0.006302
-0.008286
-0.009712
-0.010420
-0.010536
-0.010276
-0.009624
-0.008404
-0.006584
-0.004456
-0.002554
-0.001278
-0.000690
-0.000612
-0.000764
-0.000896
-0.000910
-0.000838
-0.000738
-0.000648
-0.000588
-0.000560
-0.000552
-0.000522
-0.000452
-0.000364
-0.000286
-0.000234
-0.000200
-0.000184
-0.000192
-0.000222
-0.000178
0.000438
0.002134
0.004534
0.006734
0.008114
0.008558
0.008368
0.007956
0.007518
0.006838
0.005624
0.003838
0.001906
0.000400
-0.000382
-0.000490
-0.000234
-0.000200
-0.000956
-0.002656
-0.004752
-0.006160
-0.006072
-0.004350
-0.001220
0.002680
0.006244
0.008594
0.009538
0.009458
0.008948
0.008466
0.008028
0.007294
0.005952
0.004052
0.002086
0.000594
-0.000196
-0.000378
-0.000132
0.000574
0.001726
0.002944
0.003602
0.003250
0.002138
0.001046
0.000806
0.001836
0.003952
0.006374
0.008252
0.009140
0.008730
0.006832
0.004058
0.001608
0.000536
0.001262
0.003418
0.006034
0.008082
0.009096
0.009334
0.009578
0.010502
0.012272
0.014398
0.016182
0.017210
0.017472
0.017226
0.016820
0.016508
0.016334
0.015856
0.014412
0.012146
0.009894
0.008292
0.007200
0.005846
0.003932
0.001882
0.000270
-0.000450
0.000016
0.001628
0.003978
0.006290
0.007746
0.007814
0.006448
0.004058
0.001236
-0.001318
-0.002762
-0.002740
-0.001718
-0.000476
0.000402
0.000716
0.000412
-0.000606
-0.002324
-0.004488
-0.006540
-0.007654
-0.007052
-0.004876
-0.002192
-0.000062
0.001014
0.001166
0.000858
0.000466
-0.000354
-0.002068
-0.004298
-0.006082
-0.006584
-0.005550
-0.003392
-0.001006
0.000758
0.001476
0.000812
-0.001336
-0.004238
-0.006786
-0.008244
-0.008294
-0.006984
-0.004688
-0.001918
0.000866
0.003224
0.004848
0.005936
0.006936
0.007912
0.008518
0.008330
0.007390
0.006006
0.004126
0.002066
0.001056
0.002172
0.005432
0.009542
0.012792
0.014060
0.013158
0.010678
0.007514
0.004518
0.002366
0.001340
0.001238
0.001600
0.001984
0.002132
0.001848
0.000924
-0.000662
-0.002658
-0.004552
-0.006018
-0.007196
-0.008252
-0.009078
-0.009270
-0.008480
-0.006734
-0.004306
-0.001606
0.000720
0.002030
0.002000
0.000876
-0.000608
-0.001756
-0.002254
-0.002210
-0.001916
-0.001584
-0.001084
-0.000100
0.001484
0.003274
0.004430
0.004276
0.002670
-0.000284
-0.004064
-0.007536
-0.009336
-0.008560
-0.005218
-0.000218
0.005014
0.009178
0.011596
0.012364
0.012010
0.010970
0.009602
0.008362
0.007826
0.008318
0.009482
0.010648
0.011418
0.011930
0.012612
0.013498
0.014046
0.013364
0.010876
0.006810
0.002392
-0.000756
-0.001366
0.000730
0.004482
0.008298
0.010898
0.011842
0.011298
0.009700
0.007736
0.006066
0.004790
0.003868
0.003602
0.004298
0.005926
0.008214
0.010814
0.013472
0.016076
0.018584
0.020674
0.021786
0.021284
0.019216
0.016542
0.014340
0.013356
0.014136
0.016354
0.018610
0.019778
0.019698
0.018866
0.017922
0.017294
0.017098
0.017208
0.017406
0.017526
0.017502
0.017364
0.017176
0.016972
0.016880
0.017210
0.017892
0.018270
0.017724
0.016088
0.013644
0.011144
0.009614
0.009712
0.011388
0.014060
0.016882
0.019028
0.020080
0.020106
0.019222
0.017660
0.015994
0.014798
0.014248
0.013916
0.013242
0.012268
0.011716
0.012468
0.014472
0.016816
0.018604
0.019440
0.019440
0.019028
0.018704
0.018990
0.020068
0.021462
0.022136
0.021018
0.017494
0.011890
0.005630
0.000374
-0.002840
-0.003946
-0.003714
-0.003396
-0.003994
-0.005750
-0.008090
-0.010144
-0.011346
-0.011496
-0.010542
-0.008422
-0.005196
-0.001392
0.002026
0.003980
0.003902
0.002084
-0.000442
-0.002562
-0.003678
-0.003634
-0.002458
-0.000152
0.002968
0.005740
0.006940
0.006208
0.004194
0.002020
0.000556
0.000084
0.000348
0.000920
0.001444
0.001754
0.001978
0.002518
0.003518
0.004738
0.006082
0.007456
0.008320
0.008280
0.007550
0.006660
0.006028
0.005796
0.005866
0.006020
0.005852
0.005024
0.003714
0.002410
0.001526
0.001428
0.002352
0.004248
0.006664
0.008854
0.010258
0.010790
0.010684
0.010294
0.009936
0.009772
0.009786
0.009854
0.009758
0.009168
0.007962
0.006488
0.005218
0.004440
0.004136
0.003974
0.003402
0.002034
-0.000140
-0.002832
-0.005558
-0.007690
-0.008654
-0.008216
-0.006816
-0.005366
-0.004836
-0.005902
-0.008704
-0.012632
-0.016628
-0.019692
-0.021478
-0.022508
-0.023794
-0.026198
-0.029950
-0.034730
-0.039984
-0.045212
-0.050142
-0.054760
-0.059090
-0.062968
-0.066220
-0.068858
-0.071074
-0.073104
-0.075104
-0.077142
-0.079262
-0.081730
-0.084784
-0.088178
-0.091578
-0.094946
-0.098014
-0.100248
-0.101350
-0.101416
-0.100850
-0.100308
-0.100396
-0.101056
-0.101894
-0.102832
-0.104198
-0.106376
-0.109272
-0.112386
-0.115154
-0.116802
-0.116446
-0.113932
-0.110156
-0.106784
-0.105352
-0.106504
-0.109892
-0.114434
-0.118524
-0.120880
-0.121246
-0.120174
-0.118568
-0.117430
-0.117428
-0.118592
-0.120508
-0.122650
-0.124638
-0.126240
-0.127232
-0.127642
-0.127902
-0.128472
-0.129564
-0.131106
-0.132878
-0.134638
-0.136250
-0.137702
-0.139030
-0.140050
-0.140192
-0.138978
-0.136468
-0.133354
-0.130390
-0.127726
-0.125116
-0.122356
-0.119582
-0.117150
-0.115276
-0.113782
-0.112142
-0.109924
-0.107026
-0.103624
-0.100156
-0.097210
-0.095156
-0.093964
-0.093338
-0.092914
-0.092408
-0.091704
-0.090842
-0.089930
-0.089070
-0.088314
-0.087648
-0.086918
-0.085526
-0.082690
-0.077910
-0.071218
-0.063130
-0.054130
-0.044496
-0.034318
-0.022990
-0.009040
0.008568
0.029548
0.052612
0.075824
0.096792
0.113418
0.124820
0.131700
0.135728
0.138516
0.141366
0.145134
0.149376
0.152742
0.154028
0.152536
0.148102
0.141210
0.132838
0.123996
0.115502
0.108002
0.102108
0.098216
0.096198
0.095456
0.095226
0.094774
0.093568
0.091454
0.088936
0.087312
0.087398
0.088726
0.090302
0.091358
0.091552
0.090674
0.088496
0.085434
0.082542
0.080918
0.081222
0.083566
0.087724
0.093236
0.099338
0.105116
0.109816
0.112964
0.114462
0.114392
0.113082
0.111236
0.109578
0.108388
0.107150
0.105132
0.102448
0.099526
0.096298
0.092480
0.087904
0.082378
0.075574
0.067062
0.056664
0.044768
0.032374
0.020736
0.010932
0.003232
-0.003024
-0.008566
-0.013896
-0.019552
-0.026204
-0.034460
-0.044494
-0.055980
-0.068574
-0.081978
-0.095816
-0.109358
-0.121600
-0.131206
-0.137236
-0.139814
-0.140088
-0.139670
-0.139768
-0.140850
-0.142722
-0.144764
-0.146164
-0.145936
-0.143174
-0.137112
-0.127304
-0.113876
-0.097336
-0.078578
-0.058880
-0.039698
-0.022328
-0.007946
0.002660
0.008944
0.011150
0.010628
0.008706
0.006034
0.002996
-0.000174
-0.003576
-0.007274
-0.011018
-0.014474
-0.017370
-0.019452
-0.020754
-0.021630
-0.021842
-0.020654
-0.017642
-0.012738
-0.005902
0.002914
0.013500
0.025072
0.036536
0.046878
0.055094
0.060360
0.062164
0.060752
0.057332
0.053204
0.049068
0.045066
0.041070
0.036866
0.032194
0.026890
0.021572
0.017380
0.014990
0.014434
0.015428
0.017720
0.021156
0.025794
0.031560
0.037866
0.043654
0.047886
0.050190
0.050938
0.050806
0.050104
0.048648
0.046624
0.044700
0.043442
0.042878
0.042478
0.041624
0.040010
0.037758
0.035460
0.034056
0.034190
0.035916
0.039308
0.044502
0.051474
0.060106
0.070114
0.080794
0.091110
0.099926
0.106414
0.110406
0.112214
0.112436
0.111766
0.110812
0.109936
0.109234
0.108686
0.108470
0.108730
0.109272
0.109928
0.110824
0.112382
0.114754
0.117306
0.119208
0.119976
0.119140
0.116578
0.113154
0.110080
0.108036
0.106782
0.105712
0.104834
0.104436
0.104462
0.104868
0.105646
0.106226
0.105720
0.103554
0.099704
0.094432
0.086928
0.076030
0.061700
0.045418
0.029588
0.016484
0.007116
0.000694
-0.004492
-0.009998
-0.016776
-0.025152
-0.035056
-0.046016
-0.057106
-0.067120
-0.075124
-0.080964
-0.084722
-0.085990
-0.084438
-0.080382
-0.074148
-0.065956
-0.055964
-0.043968
-0.029406
-0.011682
0.008956
0.030592
0.051084
0.069594
0.086486
0.102540
0.117964
0.132246
0.144506
0.153662
0.158954
0.160094
0.157400
0.151692
0.143890
0.134752
0.124548
0.113106
0.099886
0.084216
0.065734
0.044750
0.022238
-0.000452
-0.021656
-0.039632
-0.052984
-0.061098
-0.063658
-0.060758
-0.052972
-0.040292
-0.022484
-0.000896
0.021542
0.041620
0.057562
0.069782
0.079698
0.088342
0.095400
0.100258
0.103212
0.105810
0.109736
0.115244
0.121326
0.126642
0.130128
0.131416
0.130884
0.129074
0.125968
0.120498
0.111396
0.099142
0.085610
0.072624
0.061690
0.053870
0.049666
0.048896
0.050902
0.054944
0.060362
0.066406
0.072328
0.077710
0.082218
0.085508
0.087898
0.090170
0.092108
0.092148
0.087774
0.076328
0.056552
0.030064
0.000938
-0.025794
-0.046380
-0.059756
-0.066724
-0.069090
-0.068976
-0.067766
-0.065698
-0.062296
-0.057212
-0.050796
-0.043430
-0.034804
-0.024306
-0.011786
0.001766
0.014674
0.025328
0.032488
0.035612
0.034946
0.031436
0.026466
0.021738
0.018822
0.018162
0.019040
0.020392
0.021746
0.023414
0.025444
0.027394
0.029118
0.031088
0.034328
0.040324
0.050404
0.065408
0.085494
0.110110
0.137836
0.166672
0.195332
0.223310
0.250202
0.275152
0.297080
0.315104
0.328956
0.338718
0.344946
0.348710
0.351172
0.353218
0.355448
0.358188
0.361638
0.365860
0.370630
0.375090
0.378286
0.379950
0.380998
0.383000
0.386856
0.392440
0.399436
0.408382
0.420656
0.436782
0.455242
0.471928
0.482078
0.482666
0.473386
0.456452
0.435268
0.412822
0.390394
0.366254
0.336970
0.299828
0.253580
0.197702
0.133140
0.062856
-0.009036
-0.077746
-0.137246
-0.181940
-0.209300
-0.220784
-0.221098
-0.215644
-0.208182
-0.199638
-0.187820
-0.169608
-0.143978
-0.112960
-0.080718
-0.050930
-0.025182
-0.003590
0.014036
0.027202
0.035034
0.037308
0.034716
0.029010
0.022744
0.017768
0.014112
0.010418
0.005122
-0.002514
-0.012674
-0.025434
-0.040578
-0.057276
-0.073970
-0.088710
-0.099698
-0.105870
-0.107404
-0.105540
-0.102076
-0.098748
-0.096770
-0.096480
-0.097052
-0.097044
-0.095374
-0.092058
-0.088258
-0.085210
-0.083452
-0.082582
-0.081780
-0.080438
-0.078584
-0.076652
-0.074772
-0.072398
-0.068410
-0.061592
-0.051364
-0.037870
-0.021722
-0.003458
0.016438
0.037208
0.057148
0.074302
0.087458
0.096190
0.100602
0.100818
0.097126
0.090146
0.080948
0.070988
0.061866
0.054932
0.051382
0.051784
0.055730
0.062304
0.070408
0.078656
0.085724
0.090848
0.093672
0.094144
0.092382
0.088868
0.084482
0.079532
0.073304
0.065444
0.056438
0.046828
0.036916
0.026900
0.016838
0.006860
-0.002206
-0.009258
-0.013684
-0.015092
-0.013304
-0.008364
-0.000398
0.010972
0.026116
0.044618
0.064666
0.083552
0.098354
0.107432
0.111400
0.112482
0.113124
0.114610
0.116988
0.119752
0.122534
0.125260
0.127496
0.128578
0.128084
0.126206
0.123678
0.121012
0.118102
0.114112
0.107810
0.098214
0.085292
0.069978
0.053624
0.037640
0.023162
0.010384
-0.001604
-0.014656
-0.030614
-0.050164
-0.071636
-0.091758
-0.108136
-0.120234
-0.128974
-0.136020
-0.143090
-0.151178
-0.160226
-0.169040
-0.175712
-0.178536
-0.177320
-0.173462
-0.169034
-0.165688
-0.164054
-0.163814
-0.164184
-0.164390
-0.163908
-0.162276
-0.158420
-0.150908
-0.138770
-0.122170
-0.102502
-0.081892
-0.062394
-0.045106
-0.030238
-0.017976
-0.008800
-0.003102
-0.000644
-0.000452
-0.001340
-0.002198
-0.002294
-0.001800
-0.001496
-0.001440
-0.000990
0.000572
0.003388
0.007050
0.011446
0.016788
0.023066
0.029884
0.036602
0.043012
0.049410
0.056362
0.064090
0.072128
0.079146
0.083480
0.083446
0.078500
0.069880
0.059640
0.049608
0.041254
0.035258
0.031124
0.026846
0.019608
0.006640
-0.013290
-0.038978
-0.067342
-0.094728
-0.118112
-0.135956
-0.148074
-0.154842
-0.156686
-0.153756
-0.146528
-0.136676
-0.127108
-0.121228
-0.121798
-0.129706
-0.143794
-0.161464
-0.179638
-0.195980
-0.209484
-0.219756
-0.226906
-0.231670
-0.234760
-0.236382
-0.236134
-0.233338
-0.227166
-0.217048
-0.203024
-0.185226
-0.163678
-0.137940
-0.108978
-0.080718
-0.058376
-0.045574
-0.042836
-0.047994
-0.057668
-0.068606
-0.078366
-0.084960
-0.086984
-0.083746
-0.075388
-0.063092
-0.048908
-0.035292
-0.024684
-0.018596
-0.017090
-0.020132
-0.027914
-0.040708
-0.057828
-0.077078
-0.095872
-0.112432
-0.125838
-0.135696
-0.141680
-0.143854
-0.142968
-0.139642
-0.133918
-0.124972
-0.111658
-0.093614
-0.072522
-0.051692
-0.034892
-0.025074
-0.023462
-0.029728
-0.042192
-0.058424
-0.075714
-0.091606
-0.104766
-0.115286
-0.123590
-0.129616
-0.132186
-0.129282
-0.119132
-0.101068
-0.076142
-0.047068
-0.016962
0.011692
0.036996
0.057668
0.072952
0.082992
0.088894
0.090608
0.086760
0.075494
0.056378
0.031612
0.005996
-0.015150
-0.028824
-0.035206
-0.036560
-0.035684
-0.034722
-0.034622
-0.035102
-0.035016
-0.033560
-0.031106
-0.028580
-0.026954
-0.027424
-0.031204
-0.039056
-0.051226
-0.067476
-0.088214
-0.113512
-0.141822
-0.170192
-0.195452
-0.214802
-0.227372
-0.235220
-0.241474
-0.248314
-0.256556
-0.265994
-0.276226
-0.287078
-0.298552
-0.310200
-0.320964
-0.329144
-0.333362
-0.333364
-0.329434
-0.322020
-0.311666
-0.299090
-0.285006
-0.268912
-0.249024
-0.222552
-0.188060
-0.147532
-0.105556
-0.067242
-0.037320
-0.018736
-0.012474
-0.017700
-0.032138
-0.053272
-0.078404
-0.103402
-0.123626
-0.135630
-0.138086
-0.132048
-0.119688
-0.103236
-0.084272
-0.063528
-0.041056
-0.015676
0.013630
0.045808
0.077858
0.106050
0.126022
0.133988
0.126700
0.101410
0.057056
-0.002520
-0.068342
-0.128542
-0.173376
-0.199046
-0.206850
-0.201398
-0.187672
-0.169094
-0.146512
-0.119708
-0.089134
-0.056884
-0.025724
0.002398
0.026912
0.048288
0.066940
0.082806
0.095304
0.103836
0.108366
0.109400
0.107612
0.102534
0.092588
0.075586
0.048862
0.010636
-0.038486
-0.094460
-0.149786
-0.196610
-0.230072
-0.248636
-0.253822
-0.249004
-0.238028
-0.224452
-0.211298
-0.200848
-0.194690
-0.193560
-0.197012
-0.203624
-0.211494
-0.219140
-0.226018
-0.232508
-0.238720
-0.243904
-0.246108
-0.243032
-0.232568
-0.212190
-0.179754
-0.135660
-0.083562
-0.029486
0.019654
0.057852
0.080978
0.088116
0.081472
0.064758
0.041572
0.014580
-0.014614
-0.045878
-0.079036
-0.112232
-0.142424
-0.167076
-0.185486
-0.198866
-0.209314
-0.218004
-0.224348
-0.226126
-0.221064
-0.208028
-0.187092
-0.159352
-0.126732
-0.091978
-0.058988
-0.031692
-0.012558
-0.001940
0.002170
0.003952
0.008160
0.018294
0.035574
0.058750
0.085514
0.113408
0.140226
0.164058
0.183550
0.197638
0.205768
0.207412
0.201772
0.188230
0.168024
0.144432
0.121646
0.103952
0.095188
0.097422
0.109942
0.129898
0.153404
0.176452
0.195646
0.208854
0.215130
0.214852
0.209608
0.201262
0.191354
0.180800
0.169796
0.157314
0.141084
0.118380
0.087914
0.051158
0.012796
-0.021334
-0.046610
-0.060762
-0.064440
-0.060704
-0.053822
-0.047946
-0.045724
-0.047672
-0.052870
-0.059852
-0.067288
-0.074276
-0.080270
-0.084748
-0.087334
-0.088166
-0.087958
-0.087862
-0.089380
-0.093540
-0.099534
-0.105416
-0.109634
-0.112070
-0.113958
-0.117108
-0.122782
-0.131062
-0.141466
-0.153370
-0.165428
-0.175806
-0.182798
-0.185226
-0.182778
-0.175780
-0.165016
-0.151118
-0.134040
-0.113176
-0.088926
-0.063390
-0.040366
-0.023736
-0.016016
-0.018308
-0.029990
-0.048586
-0.070004
-0.089094
-0.101216
-0.104056
-0.098196
-0.086318
-0.071420
-0.055598
-0.039706
-0.023778
-0.007492
0.009582
0.027610
0.046118
0.063898
0.079428
0.091354
0.099236
0.103832
0.105404
0.103202
0.096188
0.084520
0.070398
0.057522
0.049498
0.048290
0.053418
0.062370
0.072036
0.080216
0.086596
0.092274
0.098224
0.104764
0.111748
0.119276
0.127952
0.139244
0.154154
0.171816
0.189548
0.203870
0.210542
0.205894
0.187696
0.155970
0.113644
0.066300
0.020136
-0.020258
-0.052438
-0.076064
-0.092702
-0.105212
-0.116346
-0.127950
-0.140542
-0.152966
-0.163238
-0.170430
-0.175014
-0.178068
-0.179914
-0.179958
-0.177632
-0.172774
-0.165078
-0.154240
-0.140202
-0.122798
-0.102260
-0.080240
-0.059056
-0.040630
-0.026478
-0.017164
-0.011288
-0.005990
0.001812
0.013800
0.029576
0.047034
0.063596
0.077206
0.086226
0.089506
0.086598
0.078042
0.065286
0.050660
0.037096
0.027616
0.024518
0.029292
0.042254
0.062110
0.086356
0.111938
0.135962
0.155874
0.169306
0.173510
0.166168
0.144698
0.107684
0.056190
-0.005346
-0.069570
-0.127138
-0.170380
-0.195902
-0.204182
-0.198158
-0.180782
-0.154858
-0.123930
-0.092010
-0.062546
-0.037450
-0.017022
-0.001874
0.007030
0.008842
0.002200
-0.013922
-0.038310
-0.067090
-0.094660
-0.116172
-0.129754
-0.137022
-0.141476
-0.145960
-0.151748
-0.158536
-0.164330
-0.166638
-0.164096
-0.156228
-0.142538
-0.121710
-0.092258
-0.052512
-0.002372
0.055232
0.114918
0.170680
0.216938
0.250554
0.271882
0.283524
0.288966
0.291630
0.294004
0.296862
0.299822
0.302272
0.304116
0.305674
0.307020
0.307870
0.307818
0.306676
0.304684
0.302592
0.301076
0.300066
0.298568
0.295034
0.287364
0.273472
0.251650
0.221826
0.186524
0.150736
0.119726
0.096736
0.082458
0.075506
0.073808
0.075274
0.077998
0.080342
0.081126
0.079742
0.076256
0.071004
0.064462
0.057124
0.049266
0.040884
0.031918
0.022236
0.011356
-0.001632
-0.017492
-0.035582
-0.053894
-0.070020
-0.082048
-0.089298
-0.092692
-0.094106
-0.094738
-0.095002
-0.095172
-0.095870
-0.097904
-0.102114
-0.109062
-0.118962
-0.131638
-0.146376
-0.161426
-0.174692
-0.184694
-0.191128
-0.194820
-0.196912
-0.198226
-0.198930
-0.198714
-0.197240
-0.194672
-0.191686
-0.188926
-0.186740
-0.185082
-0.183558
-0.181564
-0.178566
-0.174346
-0.169060
-0.162258
-0.152510
-0.137168
-0.113870
-0.081724
-0.041202
0.005942
0.055766
0.103218
0.144024
0.175690
0.197702
0.211004
0.217592
0.219448
0.218148
0.214770
0.209860
0.203512
0.195204
0.184572
0.172466
0.160560
0.150482
0.143148
0.138590
0.136190
0.134784
0.132908
0.129604
0.124822
0.119320
0.113622
0.107392
0.100432
0.093310
0.087280
0.083972
0.085038
0.091366
0.102248
0.115160
0.126962
0.135268
0.138160
0.133908
0.119804
0.093618
0.055256
0.008104
-0.041260
-0.085328
-0.118684
-0.139114
-0.147558
-0.147290
-0.142632
-0.137658
-0.135184
-0.136322
-0.140608
-0.146660
-0.152872
-0.158236
-0.162444
-0.165576
-0.167726
-0.168880
-0.168646
-0.166298
-0.160560
-0.149912
-0.133102
-0.109194
-0.078662
-0.045186
-0.014308
0.009070
0.022102
0.024758
0.018910
0.007446
-0.006476
-0.020008
-0.030966
-0.037464
-0.038598
-0.035212
-0.029154
-0.022468
-0.017462
-0.016174
-0.019814
-0.028600
-0.041738
-0.057602
-0.074164
-0.089498
-0.102262
-0.112004
-0.119076
-0.124326
-0.128086
-0.130228
-0.130568
-0.129184
-0.126370
-0.121870
-0.115264
-0.106808
-0.096824
-0.085170
-0.071452
-0.055598
-0.038150
-0.020520
-0.004850
0.006538
0.012156
0.011520
0.005280
-0.005040
-0.017872
-0.031798
-0.044484
-0.053426
-0.057116
-0.054934
-0.047118
-0.034816
-0.019918
-0.004514
0.009462
0.020592
0.028098
0.031970
0.032620
0.031048
0.028976
0.028648
0.031910
0.039352
0.049982
0.061522
0.071338
0.077398
0.078150
0.072694
0.060718
0.042738
0.020338
-0.004234
-0.028470
-0.049558
-0.064784
-0.072478
-0.072954
-0.068272
-0.060646
-0.052220
-0.045200
-0.040914
-0.039270
-0.039202
-0.039138
-0.037432
-0.033362
-0.027556
-0.021446
-0.016454
-0.013354
-0.011960
-0.011270
-0.010242
-0.008238
-0.004984
-0.000508
0.004784
0.009964
0.013814
0.015160
0.013228
0.007888
-0.000524
-0.011154
-0.022486
-0.032890
-0.041306
-0.046992
-0.049492
-0.048484
-0.043674
-0.034372
-0.020498
-0.003312
0.015104
0.032572
0.046958
0.057150
0.063594
0.067290
0.069126
0.069866
0.070088
0.070146
0.070138
0.070100
0.070316
0.070888
0.071254
0.071102
0.070804
0.070702
0.070966
0.072086
0.074690
0.079110
0.085116
0.091920
0.098248
0.102904
0.105338
0.105760
0.104848
0.103128
0.100722
0.097388
0.092544
0.085730
0.077206
0.067384
0.055794
0.041626
0.024654
0.005670
-0.013792
-0.031962
-0.047580
-0.060338
-0.070564
-0.079010
-0.086774
-0.094656
-0.102756
-0.110954
-0.119136
-0.126692
-0.132810
-0.137144
-0.140450
-0.144280
-0.149878
-0.157750
-0.167900
-0.179408
-0.190532
-0.199658
-0.205940
-0.209108
-0.209054
-0.205712
-0.199222
-0.190220
-0.179876
-0.169110
-0.157916
-0.145492
-0.131008
-0.114390
-0.096766
-0.080274
-0.066638
-0.056160
-0.048012
-0.040810
-0.033140
-0.024020
-0.013130
-0.000548
0.013298
0.027524
0.040812
0.051798
0.059690
0.064592
0.067132
0.068006
0.067658
0.066200
0.063696
0.060810
0.058462
0.057214
0.057440
0.059294
0.062066
0.064378
0.064810
0.062466
0.057332
0.050178
0.042174
0.034522
0.028104
0.023284
0.019888
0.017310
0.014604
0.010888
0.005760
-0.000252
-0.005946
-0.010118
-0.011984
-0.011252
-0.008170
-0.003504
0.001864
0.007256
0.012410
0.017532
0.023082
0.029152
0.035490
0.041988
0.048730
0.055782
0.063132
0.070614
0.077770
0.083988
0.088704
0.091196
0.090790
0.086956
0.079884
0.070808
0.061422
0.053178
0.047206
0.044122
0.044048
0.046582
0.050768
0.055200
0.058694
0.061234
0.063324
0.065016
0.065680
0.064560
0.061462
0.057080
0.052852
0.050188
0.049712
0.050862
0.052368
0.052988
0.051880
0.048808
0.044164
0.038676
0.032994
0.027322
0.021426
0.015018
0.008104
0.001166
-0.004910
-0.009208
-0.011350
-0.011722
-0.011126
-0.010338
-0.009842
-0.009952
-0.010860
-0.012518
-0.014566
-0.016396
-0.017534
-0.017776
-0.016508
-0.013040
-0.007346
-0.000204
0.007158
0.013550
0.018244
0.021040
0.022350
0.023068
0.023826
0.024756
0.025994
0.027940
0.031222
0.036196
0.042560
0.049162
0.054612
0.057962
0.058564
0.056080
0.050832
0.043852
0.036540
0.030172
0.025484
0.022694
0.021632
0.022040
0.023740
0.026556
0.029880
0.032878
0.035502
0.038074
0.040442
0.042410
0.044040
0.045042
0.044918
0.043542
0.041178
0.038294
0.035326
0.032610
0.030512
0.029422
0.029598
0.030954
0.033090
0.035588
0.038264
0.041272
0.044844
0.049096
0.054178
0.059942
0.065554
0.069980
0.072560
0.073088
0.071712
0.068688
0.064048
0.057586
0.049048
0.038578
0.026974
0.015096
0.003352
-0.007868
-0.018026
-0.026578
-0.033080
-0.037258
-0.039252
-0.039510
-0.037672
-0.033274
-0.026924
-0.019462
-0.011266
-0.002478
0.006580
0.015106
0.022036
0.026536
0.028270
0.027568
0.025312
0.022614
0.020418
0.018998
0.017966
0.016790
0.015124
0.012980
0.010786
0.009138
0.008364
0.008514
0.009576
0.011262
0.013098
0.015400
0.019006
0.024316
0.030934
0.037900
0.044350
0.049912
0.054684
0.058882
0.062536
0.065396
0.067246
0.068346
0.069160
0.069908
0.070940
0.072716
0.074930
0.076760
0.077676
0.077638
0.076936
0.075710
0.073926
0.071604
0.068882
0.065964
0.063034
0.060118
0.056902
0.052902
0.047748
0.041404
0.034122
0.026086
0.017632
0.009556
0.002556
-0.003116
-0.007174
-0.009334
-0.009626
-0.008570
-0.007060
-0.005862
-0.005406
-0.005932
-0.007452
-0.009698
-0.012286
-0.014954
-0.017816
-0.021026
-0.024406
-0.027598
-0.030196
-0.031308
-0.030124
-0.026682
-0.021652
-0.015822
-0.009364
-0.002198
0.005286
0.012826
0.020630
0.028522
0.035802
0.041782
0.046344
0.050064
0.053446
0.056618
0.059526
0.062140
0.064540
0.067056
0.070094
0.073822
0.078002
0.082058
0.085460
0.087952
0.089150
0.088724
0.086800
0.083860
0.080496
0.077164
0.074084
0.071244
0.068518
0.065842
0.063652
0.062614
0.062996
0.064424
0.066028
0.066832
0.066172
0.063756
0.059626
0.053976
0.046964
0.038806
0.030286
0.022522
0.016376
0.012072
0.009206
0.007318
0.006128
0.005426
0.005054
0.004894
0.004836
0.004864
0.005238
0.006298
0.008092
0.010204
0.011978
0.012970
0.013142
0.012774
0.012242
0.011786
0.011232
0.010298
0.009112
0.008046
0.007326
0.006776
0.006046
0.005100
0.004200
0.003600
0.003398
0.003634
0.004738
0.007210
0.011096
0.016014
0.021294
0.025864
0.028688
0.029302
0.027900
0.025162
0.021630
0.017586
0.013202
0.008592
0.003900
-0.000338
-0.003576
-0.006124
-0.008818
-0.012316
-0.017002
-0.022956
-0.029932
-0.037470
-0.045054
-0.051974
-0.057508
-0.061386
-0.063694
-0.064374
-0.063248
-0.060328
-0.055940
-0.050474
-0.043864
-0.035884
-0.026738
-0.017590
-0.009962
-0.004608
-0.001440
0.000020
0.000178
-0.000684
-0.002334
-0.004644
-0.007640
-0.010948
-0.013708
-0.015036
-0.014650
-0.013136
-0.011232
-0.009258
-0.007224
-0.004966
-0.002118
0.001602
0.006096
0.010828
0.015178
0.019062
0.022816
0.026760
0.030830
0.034548
0.037002
0.037346
0.035310
0.031262
0.026004
0.020390
0.015082
0.010608
0.007516
0.006238
0.006556
0.007668
0.008776
0.009424
0.009568
0.009446
0.009414
0.009890
0.011038
0.012532
0.013874
0.014750
0.015126
0.015164
0.015094
0.015084
0.015156
0.014982
0.014140
0.012512
0.010446
0.008574
0.007368
0.006904
0.006990
0.007476
0.008424
0.009918
0.011904
0.014242
0.016900
0.020038
0.023572
0.027136
0.030640
0.034184
0.037602
0.040446
0.042282
0.042982
0.042702
0.041566
0.039682
0.037250
0.034522
0.031796
0.029482
0.028082
0.027976
0.029172
0.031286
0.033794
0.036174
0.037954
0.038888
0.038966
0.037912
0.035612
0.032778
0.030406
0.029066
0.028710
0.028918
0.029272
0.029666
0.030266
0.030834
0.030696
0.029128
0.025702
0.020442
0.013762
0.006282
-0.001438
-0.008788
-0.014964
-0.019286
-0.021590
-0.022252
-0.021864
-0.020742
-0.018830
-0.015948
-0.012308
-0.008452
-0.004862
-0.001746
0.000980
0.003724
0.006908
0.010442
0.013910
0.017094
0.020626
0.025534
0.031816
0.038462
0.044306
0.048654
0.051504
0.053090
0.053492
0.052426
0.049652
0.045300
0.039390
0.031940
0.023458
0.014720
0.006308
-0.001544
-0.008710
-0.014508
-0.018356
-0.020566
-0.021762
-0.022384
-0.022674
-0.022652
-0.022094
-0.020784
-0.018796
-0.016650
-0.014878
-0.013480
-0.012292
-0.011342
-0.010708
-0.010460
-0.010850
-0.011926
-0.013274
-0.014382
-0.014846
-0.014084
-0.011792
-0.008398
-0.004644
-0.001160
0.001474
0.002824
0.002702
0.001060
-0.001942
-0.005724
-0.009520
-0.012828
-0.015566
-0.017900
-0.019810
-0.021112
-0.021730
-0.021626
-0.020652
-0.018558
-0.015278
-0.011304
-0.007248
-0.003284
0.000712
0.004800
0.008502
0.011142
0.012406
0.012112
0.010166
0.007006
0.003370
-0.000334
-0.003598
-0.005608
-0.006038
-0.005016
-0.002046
0.003188
0.009888
0.016828
0.023078
0.028096
0.031770
0.034416
0.036552
0.038594
0.040452
0.041680
0.041844
0.040944
0.039458
0.037760
0.036018
0.034474
0.033192
0.031906
0.030508
0.029196
0.028186
0.027406
0.026476
0.025254
0.024044
0.023434
0.023898
0.025472
0.027820
0.030422
0.032628
0.033842
0.033714
0.032258
0.029812
0.026592
0.022662
0.018180
0.013520
0.009202
0.005562
0.002674
0.000642
-0.000350
-0.000170
0.001082
0.003074
0.005424
0.007830
0.010068
0.011890
0.013058
0.013536
0.013416
0.012714
0.011578
0.010450
0.009964
0.010690
0.012964
0.016596
0.020858
0.025138
0.029220
0.032926
0.035970
0.038078
0.039376
0.040316
0.040794
0.040118
0.037422
0.032134
0.024254
0.013924
0.001632
-0.011366
-0.023600
-0.034000
-0.041652
-0.046088
-0.047678
-0.047120
-0.044870
-0.041030
-0.035660
-0.029034
-0.021752
-0.014606
-0.008166
-0.002642
0.001614
0.004396
0.006106
0.007294
0.008252
0.009272
0.010648
0.012466
0.014442
0.016056
0.016952
0.017126
0.016804
0.016136
0.015074
0.013712
0.012374
0.011418
0.011256
0.012378
0.014830
0.018092
0.021740
0.025546
0.029170
0.032132
0.033932
0.033982
0.031938
0.028020
0.022546
0.015678
0.008070
0.000812
-0.005170
-0.009482
-0.012292
-0.013744
-0.013888
-0.013130
-0.012118
-0.011356
-0.011260
-0.012142
-0.014300
-0.018040
-0.023614
-0.030324
-0.036436
-0.040482
-0.041924
-0.040714
-0.036908
-0.030664
-0.022666
-0.014050
-0.005988
0.000516
0.004786
0.006808
0.007216
0.006884
0.006760
0.007796
0.010296
0.013738
0.017306
0.020318
0.022338
0.023262
0.023342
0.023012
0.022662
0.022516
0.022580
0.022694
0.022470
0.021360
0.018642
0.013872
0.007334
-0.000062
-0.007192
-0.013096
-0.017360
-0.020266
-0.022448
-0.024418
-0.025938
-0.026390
-0.025536
-0.023940
-0.022666
-0.022264
-0.022366
-0.021876
-0.019788
-0.015880
-0.010626
-0.004796
0.000930
0.006062
0.010272
0.013510
0.016028
0.018154
0.020048
0.021550
0.022434
0.022672
0.022472
0.022220
0.022404
0.023180
0.024242
0.025406
0.026676
0.027830
0.028584
0.028810
0.028370
0.027112
0.025058
0.022434
0.019560
0.016690
0.014040
0.012202
0.011684
0.012278
0.013522
0.015124
0.016980
0.019148
0.021878
0.025234
0.028822
0.031900
0.033852
0.034544
0.034142
0.032834
0.030832
0.028400
0.025752
0.023028
0.020336
0.017928
0.016132
0.015084
0.014668
0.014586
0.014388
0.013556
0.011568
0.008178
0.003632
-0.001364
-0.005944
-0.009594
-0.012390
-0.014994
-0.018150
-0.022204
-0.027014
-0.032118
-0.036852
-0.040592
-0.042956
-0.043948
-0.043958
-0.043548
-0.043184
-0.043016
-0.042620
-0.041246
-0.038680
-0.035266
-0.031314
-0.026972
-0.022350
-0.017522
-0.012624
-0.008052
-0.004190
-0.001126
0.001112
0.002322
0.001688
-0.001526
-0.007150
-0.014202
-0.021358
-0.027398
-0.031600
-0.033820
-0.034250
-0.033244
-0.031236
-0.028786
-0.026532
-0.024658
-0.022634
-0.020034
-0.016850
-0.013102
-0.008782
-0.003996
0.001062
0.006300
0.012180
0.018952
0.025766
0.031274
0.034556
0.035308
0.033654
0.029794
0.024232
0.017942
0.012058
0.007436
0.004480
0.003092
0.002802
0.003260
0.004278
0.005414
0.006058
0.005736
0.004310
0.002010
-0.000754
-0.003604
-0.006322
-0.008874
-0.011334
-0.013770
-0.016090
-0.017978
-0.019338
-0.020444
-0.021152
-0.020978
-0.019688
-0.017278
-0.013868
-0.010116
-0.007076
-0.005668
-0.006344
-0.009032
-0.013266
-0.018414
-0.024102
-0.029896
-0.034842
-0.038294
-0.040392
-0.041220
-0.040624
-0.038490
-0.035090
-0.031100
-0.027006
-0.022958
-0.019132
-0.015878
-0.013520
-0.011952
-0.010698
-0.009534
-0.008546
-0.007868
-0.007552
-0.007538
-0.007636
-0.007566
-0.006990
-0.005846
-0.004442
-0.002980
-0.001588
-0.000732
-0.000752
-0.001418
-0.002256
-0.002896
-0.003190
-0.003028
-0.002224
-0.000700
0.001396
0.003788
0.006094
0.007838
0.008730
0.008846
0.008508
0.007964
0.007076
0.005422
0.002658
-0.000976
-0.004724
-0.007720
-0.009622
-0.010816
-0.011720
-0.012532
-0.013484
-0.014530
-0.015128
-0.014970
-0.014300
-0.013512
-0.012796
-0.011978
-0.010722
-0.008848
-0.006426
-0.003584
-0.000290
0.003190
0.006184
0.008404
0.010128
0.011768
0.013462
0.015010
0.016360
0.017668
0.018882
0.019934
0.020988
0.021854
0.021968
0.020976
0.018960
0.016296
0.013406
0.010678
0.008782
0.008248
0.008904
0.010448
0.012860
0.015922
0.019148
0.022152
0.024774
0.027022
0.028796
0.029922
0.030382
0.030320
0.029928
0.029398
0.028828
0.028022
0.026666
0.024638
0.022034
0.019096
0.016110
0.013168
0.010056
0.006812
0.003988
0.002080
0.001170
0.001008
0.001216
0.001506
0.001898
0.002582
0.003464
0.004244
0.004670
0.004480
0.003504
0.002016
0.000338
-0.001752
-0.004482
-0.007666
-0.010914
-0.013826
-0.015968
-0.017092
-0.017360
-0.017396
-0.017850
-0.018742
-0.019510
-0.019374
-0.017512
-0.013482
-0.007766
-0.001518
0.004018
0.007922
0.009880
0.010252
0.009642
0.008378
0.006580
0.004320
0.001468
-0.002174
-0.006576
-0.011326
-0.015776
-0.019486
-0.022500
-0.025350
-0.028514
-0.031954
-0.035370
-0.038498
-0.041232
-0.043622
-0.045792
-0.047662
-0.048984
-0.049624
-0.049550
-0.048680
-0.047180
-0.045524
-0.043896
-0.042124
-0.040028
-0.037574
-0.034822
-0.031652
-0.027834
-0.023334
-0.018484
-0.013890
-0.010022
-0.006908
-0.004090
-0.001212
0.001440
0.003558
0.005262
0.006856
0.008492
0.009986
0.011032
0.011448
0.011036
0.009686
0.007570
0.005176
0.003068
0.001176
-0.001064
-0.003828
-0.006884
-0.009890
-0.012414
-0.014122
-0.015230
-0.016196
-0.017138
-0.017736
-0.017514
-0.016250
-0.014192
-0.012066
-0.010750
-0.010808
-0.012016
-0.013584
-0.014756
-0.014886
-0.013490
-0.010684
-0.007100
-0.003164
0.000866
0.004624
0.007638
0.009526
0.009998
0.009038
0.007008
0.004416
0.001730
-0.000544
-0.002030
-0.002686
-0.002564
-0.001694
-0.000410
0.000572
0.000300
-0.001704
-0.005050
-0.009360
-0.014538
-0.020256
-0.025874
-0.030702
-0.034192
-0.036156
-0.036832
-0.036738
-0.036366
-0.035848
-0.034964
-0.033474
-0.031448
-0.029372
-0.027774
-0.026868
-0.026550
-0.026552
-0.026606
-0.026388
-0.025518
-0.023824
-0.021390
-0.018232
-0.014448
-0.010502
-0.007100
-0.004826
-0.003786
-0.003778
-0.004674
-0.006534
-0.009416
-0.012994
-0.016678
-0.020016
-0.022694
-0.024456
-0.025008
-0.024228
-0.022374
-0.019910
-0.017280
-0.014960
-0.013344
-0.012540
-0.012344
-0.012412
-0.012476
-0.012402
-0.011890
-0.010548
-0.008080
-0.004636
-0.000836
0.002692
0.005546
0.007466
0.008396
0.008550
0.008292
0.007882
0.007202
0.005968
0.004080
0.001692
-0.000926
-0.003598
-0.006374
-0.009516
-0.013074
-0.016682
-0.019696
-0.021728
-0.023078
-0.024350
-0.025990
-0.028158
-0.030664
-0.032938
-0.034438
-0.035012
-0.034892
-0.034400
-0.033570
-0.032522
-0.031802
-0.031770
-0.032310
-0.033316
-0.034634
-0.035874
-0.036870
-0.037774
-0.038324
-0.037982
-0.036542
-0.034180
-0.031302
-0.028300
-0.025434
-0.022814
-0.020554
-0.018850
-0.017808
-0.017348
-0.017256
-0.017298
-0.017292
-0.017182
-0.017004
-0.016792
-0.016698
-0.017022
-0.017646
-0.017950
-0.017596
-0.016568
-0.014694
-0.012094
-0.009480
-0.007584
-0.006702
-0.006688
-0.007300
-0.008466
-0.010154
-0.012196
-0.014132
-0.015506
-0.016174
-0.016254
-0.015990
-0.015650
-0.015412
-0.015302
-0.015254
-0.015198
-0.015100
-0.014860
-0.014212
-0.013260
-0.012646
-0.012748
-0.013388
-0.014168
-0.014766
-0.014996
-0.014416
-0.012414
-0.008558
-0.003002
0.003394
0.009482
0.014348
0.017450
0.018662
0.018174
0.016404
0.013948
0.011560
0.009770
0.008444
0.007104
0.005382
0.003182
0.000624
-0.002096
-0.004952
-0.008100
-0.011272
-0.013806
-0.015318
-0.015998
-0.016480
-0.017186
-0.018104
-0.019256
-0.020670
-0.022078
-0.023116
-0.023566
-0.023216
-0.021938
-0.019882
-0.017522
-0.015502
-0.014244
-0.013770
-0.013774
-0.013606
-0.012440
-0.010204
-0.007630
-0.005254
-0.003004
-0.000364
0.003116
0.007446
0.012058
0.016122
0.018918
0.020020
0.019404
0.017446
0.014574
0.010742
0.006022
0.001036
-0.003706
-0.008024
-0.011482
-0.013652
-0.014600
-0.014952
-0.015478
-0.016394
-0.017282
-0.017506
-0.016860
-0.015666
-0.013862
-0.011092
-0.007292
-0.002858
0.001536
0.005352
0.008342
0.010358
0.011400
0.011622
0.010868
0.008920
0.006340
0.004074
0.002686
0.002238
0.002384
0.002426
0.001828
0.000692
-0.000526
-0.001480
-0.002268
-0.003088
-0.003634
-0.003382
-0.002098
0.000042
0.002708
0.005810
0.009276
0.012798
0.016050
0.018892
0.021358
0.023448
0.024978
0.025600
0.025010
0.022930
0.019336
0.014594
0.009256
0.003726
-0.002272
-0.009140
-0.016468
-0.023284
-0.028728
-0.032282
-0.033942
-0.034206
-0.033628
-0.032470
-0.030812
-0.028656
-0.025822
-0.022386
-0.019048
-0.016592
-0.015318
-0.014990
-0.015116
-0.015254
-0.014982
-0.013994
-0.012482
-0.010986
-0.009926
-0.009440
-0.009406
-0.009564
-0.009596
-0.009102
-0.007800
-0.005692
-0.002810
0.000788
0.004638
0.008032
0.010388
0.011502
0.011622
0.011184
0.010624
0.010208
0.009816
0.009020
0.007526
0.005440
0.003292
0.001486
-0.000018
-0.001278
-0.002270
-0.003252
-0.004450
-0.005696
-0.006662
-0.007102
-0.006756
-0.005470
-0.003364
-0.000770
0.001940
0.004518
0.006796
0.008510
0.009292
0.008914
0.007670
0.006048
0.003992
0.001308
-0.001810
-0.005000
-0.007910
-0.010116
-0.011480
-0.012420
-0.013526
-0.015166
-0.017364
-0.019784
-0.021790
-0.022744
-0.022266
-0.020176
-0.016690
-0.012600
-0.008732
-0.005534
-0.003258
-0.001982
-0.001546
-0.001778
-0.002670
-0.004230
-0.006328
-0.008784
-0.011686
-0.015492
-0.020166
-0.024974
-0.029170
-0.032430
-0.034838
-0.036558
-0.037662
-0.038222
-0.038264
-0.037616
-0.036140
-0.033904
-0.030900
-0.027082
-0.022582
-0.017640
-0.012490
-0.007336
-0.002436
0.001606
0.004214
0.005338
0.005404
0.005030
0.004688
0.004462
0.004044
0.003248
0.002318
0.001850
0.002372
0.003982
0.006402
0.009238
0.012388
0.015922
0.019602
0.023056
0.026024
0.028038
0.028578
0.027518
0.025232
0.022268
0.018726
0.014280
0.008932
0.003110
-0.002708
-0.008034
-0.012430
-0.015530
-0.017228
-0.017810
-0.017774
-0.017548
-0.017118
-0.016262
-0.015110
-0.013864
-0.012432
-0.010648
-0.008528
-0.006450
-0.004864
-0.003948
-0.003610
-0.003702
-0.004562
-0.006584
-0.009544
-0.012868
-0.016006
-0.018450
-0.019878
-0.020356
-0.020056
-0.019038
-0.017370
-0.015288
-0.013286
-0.011696
-0.010366
-0.009142
-0.008056
-0.006972
-0.005862
-0.005202
-0.005528
-0.006986
-0.009340
-0.012160
-0.014996
-0.017406
-0.019034
-0.019830
-0.020018
-0.019860
-0.019440
-0.018606
-0.017168
-0.015100
-0.012560
-0.009802
-0.007068
-0.004708
-0.003056
-0.002186
-0.001908
-0.001926
-0.001992
-0.001962
-0.001794
-0.001522
-0.001244
-0.001228
-0.001842
-0.003290
-0.005562
-0.008626
-0.012122
-0.015228
-0.017272
-0.018124
-0.018046
-0.017358
-0.016174
-0.014498
-0.012334
-0.009514
-0.005862
-0.001464
0.003230
0.007592
0.011208
0.013926
0.015668
0.016486
0.016660
0.016540
0.016394
0.016322
0.016306
0.016228
0.015562
0.013772
0.011212
0.008524
0.005746
0.002742
-0.000340
-0.003010
-0.004912
-0.006230
-0.007278
-0.008138
-0.008770
-0.009238
-0.009866
-0.011034
-0.012848
-0.014928
-0.016672
-0.017746
-0.018308
-0.018914
-0.020076
-0.021910
-0.023966
-0.025456
-0.025684
-0.024420
-0.021942
-0.018534
-0.014372
-0.009658
-0.004618
0.000530
0.005634
0.010644
0.015544
0.019840
0.022560
0.023078
0.021574
0.018790
0.015580
0.012550
0.009934
0.007706
0.005970
0.004746
0.003716
0.002658
0.001624
0.000486
-0.001134
-0.003634
-0.007030
-0.010880
-0.014876
-0.018822
-0.022176
-0.024560
-0.026238
-0.027736
-0.029372
-0.030948
-0.031920
-0.031822
-0.030726
-0.029168
-0.027460
-0.025730
-0.024200
-0.022884
-0.021530
-0.020136
-0.018944
-0.018136
-0.017730
-0.017608
-0.017616
-0.017720
-0.018146
-0.019014
-0.020054
-0.020886
-0.021300
-0.021304
-0.021056
-0.020740
-0.020498
-0.020444
-0.020856
-0.021992
-0.023806
-0.025878
-0.027612
-0.028630
-0.028908
-0.028642
-0.027948
-0.026752
-0.024976
-0.022680
-0.020010
-0.017170
-0.014372
-0.011958
-0.010198
-0.008878
-0.007646
-0.006474
-0.005532
-0.004878
-0.004216
-0.003228
-0.002034
-0.000978
-0.000252
0.000418
0.001510
0.003274
0.005644
0.008356
0.011118
0.013588
0.015120
0.015156
0.013728
0.011524
0.009424
0.007758
0.006592
0.006196
0.006600
0.007386
0.008094
0.008592
0.009228
0.010588
0.013078
0.016482
0.020150
0.023510
0.026308
0.028568
0.030258
0.031202
0.031140
0.029952
0.027854
0.025460
0.023428
0.021874
0.020586
0.019536
0.019024
0.019376
0.020374
0.021332
0.021516
0.020540
0.018530
0.015896
0.012986
0.009762
0.006028
0.001758
-0.002680
-0.006598
-0.009074
-0.009664
-0.008858
-0.007580
-0.006590
-0.006180
-0.006394
-0.007284
-0.008640
-0.009948
-0.010796
-0.011076
-0.010940
-0.010630
-0.010354
-0.010194
-0.010042
-0.009518
-0.008272
-0.006296
-0.004058
-0.002212
-0.001154
-0.001032
-0.001910
-0.003678
-0.005990
-0.008182
-0.009660
-0.010236
-0.009916
-0.008846
-0.007734
-0.007264
-0.007208
-0.007042
-0.006564
-0.005658
-0.004286
-0.002740
-0.001286
0.000156
0.001798
0.003690
0.005554
0.006982
0.007772
0.008012
0.007912
0.007364
0.006022
0.003592
0.000222
-0.003456
-0.006576
-0.008522
-0.009240
-0.009112
-0.008670
-0.008300
-0.008152
-0.008212
-0.008534
-0.009296
-0.010406
-0.011474
-0.012154
-0.012348
-0.012150
-0.011534
-0.010328
-0.008492
-0.006290
-0.004262
-0.002852
-0.002166
-0.002044
-0.002322
-0.003010
-0.003882
-0.004284
-0.003668
-0.002030
0.000032
0.001910
0.003472
0.004730
0.005628
0.006178
0.006450
0.006538
0.006544
0.006608
0.007064
0.008110
0.009476
0.010898
0.012430
0.014206
0.016180
0.018012
0.019308
0.019918
0.019934
0.019528
0.018686
0.017438
0.016088
0.014972
0.014258
0.013936
0.013728
0.013154
0.012046
0.010722
0.009618
0.008994
0.008838
0.008964
0.009194
0.009660
0.010566
0.011768
0.013058
0.014404
0.015456
0.015698
0.015142
0.014244
0.013446
0.012746
0.011786
0.010252
0.007956
0.004756
0.000672
-0.004040
-0.009056
-0.014114
-0.019036
-0.023396
-0.026520
-0.027832
-0.027218
-0.025106
-0.022192
-0.019062
-0.015832
-0.012418
-0.009204
-0.006502
-0.003942
-0.001110
0.002058
0.005644
0.009754
0.014326
0.019188
0.024118
0.028698
0.032428
0.034908
0.036060
0.036120
0.035028
0.032554
0.028778
0.024242
0.019712
0.015542
0.011556
0.007434
0.002968
-0.001816
-0.006574
-0.010874
-0.014752
-0.018598
-0.022684
-0.026700
-0.029908
-0.031804
-0.032326
-0.031548
-0.029342
-0.025434
-0.019818
-0.012994
-0.005878
0.000686
0.006328
0.010960
0.014646
0.017612
0.020156
0.022512
0.024610
0.026230
0.027512
0.028738
0.029856
0.030658
0.031000
0.030668
0.029488
0.027520
0.025004
0.022196
0.019090
0.015580
0.011854
0.008120
0.004262
0.000080
-0.004430
-0.008884
-0.012800
-0.015954
-0.018232
-0.019572
-0.020050
-0.019680
-0.018190
-0.015532
-0.012136
-0.008326
-0.004156
0.000322
0.004690
0.008180
0.010262
0.010978
0.010810
0.010346
0.009994
0.009898
0.010006
0.010160
0.010100
0.009460
0.008022
0.005908
0.003684
0.001888
0.000502
-0.000842
-0.002474
-0.004512
-0.006776
-0.008774
-0.010048
-0.010500
-0.010350
-0.009962
-0.009618
-0.009298
-0.008662
-0.007402
-0.005486
-0.003114
-0.000676
0.001358
0.002850
0.004122
0.005590
0.007388
0.009220
0.010838
0.012318
0.013650
0.014562
0.014650
0.013840
0.012604
0.011526
0.010936
0.010846
0.011208
0.012116
0.013648
0.015722
0.018106
0.020444
0.022262
0.023058
0.022540
0.020798
0.018244
0.015368
0.012546
0.009914
0.007192
0.004120
0.001086
-0.001412
-0.003344
-0.004780
-0.005708
-0.006142
-0.006060
-0.005304
-0.003800
-0.001672
0.000874
0.003610
0.006334
0.008938
0.011420
0.013836
0.016234
0.018586
0.020702
0.022294
0.023180
0.023332
0.022668
0.021162
0.019000
0.016452
0.013772
0.011156
0.008816
0.007072
0.006314
0.006696
0.007532
0.007898
0.007532
0.006714
0.005858
0.005262
0.005020
0.005060
0.005232
0.005388
0.005448
0.005420
0.005372
0.005358
0.005416
0.005786
0.006734
0.008066
0.009314
0.010176
0.010790
0.011562
0.012568
0.013666
0.014878
0.015960
0.016358
0.015924
0.014928
0.013568
0.012232
0.011574
0.011816
0.012596
0.013406
0.013900
0.013960
0.013464
0.012320
0.010814
0.009452
0.008588
0.008254
0.008240
0.008332
0.008396
0.008380
0.008294
0.008226
0.008490
0.009346
0.010566
0.011686
0.012376
0.012560
0.012370
0.012046
0.011790
0.011642
0.011342
0.010540
0.009328
0.007992
0.006574
0.005150
0.003924
0.002822
0.001640
0.000430
-0.000780
-0.002178
-0.003920
-0.006020
-0.008420
-0.011006
-0.013614
-0.015864
-0.017288
-0.017474
-0.016308
-0.014122
-0.011656
-0.009638
-0.008130
-0.006846
-0.005694
-0.004568
-0.003232
-0.001750
-0.000332
0.001078
0.002716
0.004786
0.007538
0.010984
0.014430
0.016998
0.018302
0.018526
0.018170
0.017708
0.017412
0.017344
0.017436
0.017524
0.017166
0.015956
0.013898
0.011490
0.009444
0.008202
0.007658
0.007232
0.006480
0.005472
0.004518
0.003884
0.003676
0.003990
0.004936
0.006300
0.007656
0.008926
0.010330
0.012028
0.013856
0.015394
0.016302
0.016408
0.015610
0.013944
0.011686
0.009440
0.007704
0.006394
0.005250
0.004300
0.003914
0.004488
0.006102
0.008488
0.011212
0.013924
0.016474
0.018852
0.020990
0.022612
0.023302
0.022762
0.021048
0.018540
0.015682
0.012618
0.009202
0.005556
0.002148
-0.000424
-0.001658
-0.001396
-0.000088
0.001602
0.003620
0.006180
0.009174
0.012254
0.015054
0.017210
0.018628
0.019672
0.020642
0.021508
0.022094
0.022196
0.021556
0.020034
0.017744
0.015000
0.012134
0.009366
0.006760
0.004274
0.001848
-0.000568
-0.003018
-0.005506
-0.007994
-0.010454
-0.012832
-0.014830
-0.016126
-0.016632
-0.016308
-0.015152
-0.013552
-0.011876
-0.009898
-0.007506
-0.005162
-0.003426
-0.002440
-0.001766
-0.000958
0.000036
0.001234
0.002680
0.004096
0.005106
0.005588
0.005610
0.005352
0.005040
0.004830
0.004746
0.004744
0.004768
0.004774
0.004636
0.004062
0.002804
0.000906
-0.001168
-0.002808
-0.003676
-0.003804
-0.003444
-0.002676
-0.001402
0.000416
0.002674
0.005202
0.007826
0.010368
0.012472
0.013806
0.014348
0.014324
0.014054
0.013812
0.013724
0.013760
0.013810
0.013786
0.013672
0.013426
0.012780
0.011458
0.009400
0.006554
0.002944
-0.001018
-0.004750
-0.007920
-0.010526
-0.012752
-0.014534
-0.015564
-0.015528
-0.014512
-0.013036
-0.011446
-0.009760
-0.007882
-0.005746
-0.003374
-0.000858
0.001702
0.004244
0.006724
0.009116
0.011458
0.013748
0.015736
0.017230
0.018470
0.019860
0.021656
0.023864
0.026222
0.028206
0.029198
0.028804
0.027096
0.024516
0.021584
0.018692
0.015990
0.013212
0.009988
0.006402
0.002846
-0.000364
-0.003124
-0.005532
-0.007792
-0.010082
-0.012446
-0.014630
-0.016234
-0.017068
-0.017262
-0.017098
-0.016638
-0.015720
-0.014452
-0.013144
-0.011808
-0.010252
-0.008334
-0.006042
-0.003560
-0.001336
0.000344
0.001664
0.002798
0.003756
0.004782
0.006072
0.007390
0.008380
0.008926
0.009352
0.010062
0.011024
0.011920
0.012516
0.013002
0.013726
0.014664
0.015534
0.016098
0.016288
0.016188
0.015938
0.015532
0.014770
0.013672
0.012502
0.011270
0.009760
0.007826
0.005488
0.002894
0.000228
-0.002258
-0.004216
-0.005586
-0.006726
-0.007826
-0.008868
-0.009970
-0.011038
-0.011516
-0.010918
-0.009266
-0.007196
-0.005472
-0.004510
-0.004284
-0.004498
-0.004812
-0.004996
0.000534
0.000648
0.000840
0.001318
0.002378
0.004056
0.006016
0.007708
0.008732
0.008944
0.008284
0.006942
0.005420
0.003980
0.002574
0.001298
0.000368
-0.000138
-0.000284
-0.000226
-0.000110
-0.000034
0.000008
0.000244
0.000990
0.002156
0.003316
0.004120
0.004456
0.004424
0.004230
0.004134
0.004520
0.005514
0.006776
0.007828
0.008336
0.008038
0.006956
0.005538
0.004104
0.002656
0.001322
0.000354
-0.000130
-0.000002
0.000884
0.002534
0.004756
0.007274
0.009848
0.012260
0.013968
0.014348
0.013268
0.011220
0.009050
0.007230
0.005678
0.004112
0.002430
0.000854
-0.000306
-0.000922
-0.001058
-0.000802
-0.000070
0.001276
0.003182
0.005182
0.006792
0.008030
0.009098
0.009990
0.010596
0.010802
0.010390
0.009192
0.007280
0.004888
0.002356
0.000172
-0.001380
-0.002552
-0.003814
-0.005436
-0.007178
-0.008668
-0.009904
-0.010986
-0.011884
-0.012736
-0.013660
-0.014244
-0.013924
-0.012568
-0.010660
-0.008880
-0.007404
-0.005996
-0.004422
-0.002772
-0.001390
-0.000514
-0.000144
-0.000108
-0.000204
-0.000258
0.000042
0.000992
0.002650
0.004834
0.007214
0.009294
0.010642
0.011194
0.011330
0.011618
0.012050
0.012148
0.011746
0.011060
0.010382
0.009902
0.009618
0.009188
0.008208
0.006550
0.004354
0.001860
-0.000890
-0.003836
-0.006484
-0.008296
-0.009120
-0.009176
-0.008842
-0.008438
-0.008008
-0.007312
-0.006106
-0.004360
-0.002260
-0.000034
0.002142
0.004018
0.005312
0.005934
0.006016
0.005788
0.005310
0.004484
0.003432
0.002378
0.001308
0.000180
-0.000854
-0.001592
-0.001960
-0.002026
-0.001944
-0.001834
-0.001562
-0.000854
0.000414
0.002038
0.003580
0.004814
0.005854
0.006732
0.007446
0.008176
0.009012
0.009788
0.010300
0.010468
0.010332
0.009894
0.009016
0.007422
0.004988
0.002032
-0.001036
-0.004110
-0.007256
-0.010440
-0.013224
-0.015082
-0.015886
-0.016036
-0.016128
-0.016214
-0.016004
-0.015442
-0.014576
-0.013372
-0.011826
-0.010010
-0.008050
-0.006068
-0.004110
-0.002020
0.000390
0.003014
0.005548
0.007734
0.009334
0.010210
0.010448
0.010390
0.010460
0.010694
0.010716
0.010348
0.009726
0.009062
0.008512
0.008164
0.008170
0.008552
0.008896
0.008776
0.008190
0.007410
0.006780
0.006624
0.006922
0.007200
0.007092
0.006620
0.006000
0.005440
0.005058
0.004866
0.004802
0.004762
0.004668
0.004500
0.004272
0.004014
0.003768
0.003558
0.003384
0.003230
0.003050
0.002676
0.001910
0.000710
-0.000806
-0.002464
-0.004114
-0.005672
-0.007094
-0.008256
-0.008868
-0.008814
-0.008292
-0.007496
-0.006570
-0.005702
-0.004874
-0.003824
-0.002578
-0.001424
-0.000454
0.000432
0.001334
0.002184
0.002802
0.003082
0.003050
0.002818
0.002520
0.002246
0.002042
0.001898
0.001758
0.001466
0.000866
0.000040
-0.000812
-0.001656
-0.002576
-0.003620
-0.004654
-0.005468
-0.005938
-0.006010
-0.005676
-0.005086
-0.004518
-0.004178
-0.004182
-0.004584
-0.005276
-0.005994
-0.006512
-0.006750
-0.006766
-0.006684
-0.006608
-0.006600
-0.006698
-0.006994
-0.007484
-0.007988
-0.008240
-0.008082
-0.007624
-0.007118
-0.006768
-0.006640
-0.006690
-0.006818
-0.006936
-0.007010
-0.007126
-0.007410
-0.007834
-0.008240
-0.008510
-0.008606
-0.008556
-0.008336
-0.007928
-0.007450
-0.007062
-0.006850
-0.006808
-0.006894
-0.007136
-0.007574
-0.008176
-0.008806
-0.009290
-0.009532
-0.009548
-0.009416
-0.009232
-0.009056
-0.008838
-0.008510
-0.008124
-0.007786
-0.007548
-0.007326
-0.006994
-0.006532
-0.006068
-0.005806
-0.005822
-0.006020
-0.006262
-0.006482
-0.006718
-0.007044
-0.007466
-0.007900
-0.008278
-0.008670
-0.009106
-0.009492
-0.009796
-0.010056
-0.010318
-0.010568
-0.010740
-0.010778
-0.010684
-0.010490
-0.010250
-0.009998
-0.009658
-0.009144
-0.008526
-0.007962
-0.007548
-0.007220
-0.006832
-0.006374
-0.005926
-0.005530
-0.005168
-0.004818
-0.004508
-0.004274
-0.004084
-0.003876
-0.003618
-0.003356
-0.003160
-0.003068
-0.003074
-0.003136
-0.003216
-0.003282
-0.003328
-0.003356
-0.003378
-0.003402
-0.003430
-0.003466
-0.003520
-0.003626
-0.003802
-0.004032
-0.004250
-0.004392
-0.004450
-0.004474
-0.004548
-0.004684
-0.004828
-0.004918
-0.004930
-0.004876
-0.004808
-0.004784
-0.004822
-0.004906
-0.004978
-0.004994
-0.004944
-0.004840
-0.004694
-0.004498
-0.004264
-0.004038
-0.003862
-0.003752
-0.003692
-0.003654
-0.003616
-0.003568
-0.003508
-0.003442
-0.003378
-0.003318
-0.003262
-0.003210
-0.003158
-0.003098
-0.003018
-0.002914
-0.002788
-0.002666
-0.002570
-0.002508
-0.002472
-0.002452
-0.002432
-0.002406
-0.002376
-0.002352
-0.002352
-0.002374
-0.002394
-0.002394
-0.002366
-0.002318
-0.002258
-0.002198
-0.002130
-0.002048
-0.001960
-0.001884
-0.001826
-0.001786
-0.001760
-0.001744
-0.001734
-0.001728
-0.001718
-0.001696
-0.001658
-0.001604
-0.001538
-0.001474
-0.001418
-0.001374
-0.001342
-0.001314
-0.001288
-0.001258
-0.001226
-0.001194
-0.001162
-0.001132
-0.001110
-0.001092
-0.001072
-0.001046
-0.001014
-0.000978
-0.000940
-0.000902
-0.000866
-0.000834
-0.000800
-0.000768
-0.000736
-0.000704
-0.000672
-0.000642
-0.000610
-0.000580
-0.000552
-0.000522
-0.000494
-0.000466
-0.000440
-0.000412
-0.000386
-0.000360
-0.000334
-0.000310
-0.000286
-0.000264
-0.000240
-0.000216
-0.000192
-0.000170
-0.000146
-0.000126
-0.000104
-0.000084
-0.000064
-0.000046
-0.000028
-0.000010
0.000008
0.000026
0.000042
0.000058
0.000074
0.000090
0.000106
0.000120
0.000134
0.000148
0.000160
0.000172
0.000184
0.000196
0.000208
0.000218
0.000228
0.000238
0.000246
0.000256
0.000264
0.000272
0.000278
0.000286
0.000292
0.000298
0.000304
0.000308
0.000314
0.000318
