0.000000
-0.004706
-0.002254
0.001874
0.001833
0.001846
0.001799
0.001752
0.001721
0.001703
0.001689
0.001676
0.001669
0.001671
0.001679
0.001693
0.001711
0.001730
0.001746
0.001755
0.001763
0.001773
0.001792
0.001820
0.001851
0.001880
0.001901
0.001910
0.001901
0.001877
0.001842
0.001805
0.001775
0.001750
0.001728
0.001711
0.001705
0.001710
0.001722
0.001735
0.001748
0.001761
0.001771
0.001782
0.001796
0.001817
0.001841
0.001864
0.001878
0.001884
0.001885
0.001883
0.001873
0.001854
0.001834
0.001814
0.001789
0.001760
0.001730
0.001703
0.001672
0.001644
0.001631
0.001631
0.001640
0.001665
0.001700
0.001739
0.001774
0.001799
0.001815
0.001825
0.001828
0.001824
0.001816
0.001804
0.001790
0.001772
0.001752
0.001736
0.001727
0.001728
0.001744
0.001768
0.001793
0.001815
0.001836
0.001856
0.001874
0.001890
0.001904
0.001918
0.001929
0.001930
0.001925
0.001926
0.001932
0.001938
0.001942
0.001941
0.001936
0.001925
0.001906
0.001878
0.001844
0.001809
0.001777
0.001745
0.001715
0.001693
0.001681
0.001677
0.001677
0.001675
0.001677
0.001678
0.001677
0.001668
0.001651
0.001630
0.001612
0.001597
0.001582
0.001569
0.001563
0.001563
0.001563
0.001560
0.001558
0.001559
0.001560
0.001552
0.001539
0.001524
0.001525
0.001558
0.001609
0.001651
0.001684
0.001719
0.001766
0.001830
0.001899
0.001959
0.001999
0.002006
0.001995
0.001989
0.001989
0.001993
0.002004
0.002028
0.002060
0.002105
0.002151
0.002186
0.002220
0.002260
0.002297
0.002323
0.002342
0.002342
0.002331
0.002315
0.002279
0.002243
0.002212
0.002184
0.002174
0.002174
0.002182
0.002190
0.002192
0.002195
0.002197
0.002200
0.002203
0.002200
0.002196
0.002195
0.002193
0.002180
0.002166
0.002165
0.002158
0.002145
0.002146
0.002162
0.002194
0.002238
0.002295
0.002364
0.002411
0.002426
0.002415
0.002403
0.002403
0.002394
0.002382
0.002388
0.002393
0.002391
0.002403
0.002400
0.002375
0.002371
0.002392
0.002407
0.002426
0.002451
0.002486
0.002537
0.002575
0.002626
0.002680
0.002692
0.002674
0.002654
0.002640
0.002602
0.002542
0.002469
0.002411
0.002394
0.002387
0.002372
0.002371
0.002365
0.002350
0.002376
0.002414
0.002438
0.002486
0.002545
0.002588
0.002636
0.002663
0.002686
0.002709
0.002694
0.002700
0.002703
0.002671
0.002645
0.002646
0.002669
0.002671
0.002668
0.002697
0.002717
0.002715
0.002727
0.002756
0.002767
0.002772
0.002781
0.002765
0.002745
0.002753
0.002756
0.002737
0.002736
0.002748
0.002747
0.002754
0.002767
0.002763
0.002765
0.002780
0.002776
0.002787
0.002786
0.002739
0.002737
0.002738
0.002717
0.002698
0.002669
0.002633
0.002578
0.002532
0.002512
0.002478
0.002411
0.002384
0.002397
0.002391
0.002387
0.002394
0.002407
0.002397
0.002384
0.002400
0.002370
0.002322
0.002309
0.002269
0.002245
0.002225
0.002170
0.002122
0.002063
0.002028
0.001997
0.001917
0.001876
0.001877
0.001808
0.001752
0.001749
0.001740
0.001756
0.001739
0.001741
0.001763
0.001739
0.001769
0.001816
0.001792
0.001807
0.001844
0.001821
0.001791
0.001758
0.001743
0.001726
0.001702
0.001674
0.001633
0.001634
0.001603
0.001540
0.001547
0.001530
0.001479
0.001455
0.001466
0.001483
0.001470
0.001444
0.001432
0.001437
0.001366
0.001332
0.001337
0.001270
0.001245
0.001200
0.001211
0.001290
0.001371
0.001657
0.002097
0.002451
0.002688
0.002936
0.003055
0.002983
0.003001
0.003205
0.003365
0.003372
0.003413
0.003359
0.003115
0.002905
0.002667
0.002382
0.002242
0.002157
0.002205
0.002463
0.002738
0.003007
0.003145
0.003088
0.003010
0.002978
0.002995
0.002998
0.002966
0.002943
0.002937
0.002981
0.002939
0.002769
0.002492
0.002177
0.001834
0.001318
0.000846
0.000477
0.000052
-0.000200
-0.000157
0.000046
0.000192
0.000189
0.000156
0.000143
0.000055
0.000011
0.000056
-0.000064
-0.000098
-0.000034
-0.000091
-0.000127
-0.000066
-0.000016
-0.000106
-0.000109
-0.000007
-0.000062
-0.000041
-0.000022
-0.000038
0.000322
0.000796
0.001223
0.001820
0.002442
0.002834
0.002773
0.002075
0.001263
0.000789
0.000414
-0.000180
-0.000959
-0.001616
-0.002291
-0.003055
-0.003542
-0.003312
-0.002172
-0.000591
0.000773
0.001894
0.003134
0.004552
0.006146
0.008003
0.009497
0.009937
0.009527
0.008753
0.007926
0.007322
0.006940
0.006191
0.004407
0.001491
-0.001958
-0.005150
-0.008158
-0.011677
-0.014076
-0.012464
-0.007530
-0.002929
-0.000550
0.000719
0.002199
0.003946
0.004729
0.003806
0.002494
0.002278
0.003157
0.004450
0.005582
0.005547
0.003626
0.000478
-0.002738
-0.005503
-0.007965
-0.009944
-0.009600
-0.005127
0.002321
0.009648
0.013718
0.011524
0.002347
-0.009590
-0.016998
-0.014791
-0.004566
0.006115
0.009658
0.004800
-0.003482
-0.010152
-0.013707
-0.013236
-0.007384
0.001299
0.009029
0.014754
0.017035
0.013874
0.006519
-0.000524
-0.003588
-0.002822
-0.000541
0.001496
0.002601
0.003152
0.002693
0.000068
-0.004426
-0.007792
-0.005150
0.004243
0.012886
0.011759
0.002609
-0.005192
-0.007574
-0.006583
-0.004768
-0.003228
-0.002234
-0.000864
0.001167
0.002591
0.002694
0.001615
0.000266
-0.000725
-0.001986
-0.003837
-0.005806
-0.007671
-0.008685
-0.008662
-0.008793
-0.009120
-0.008078
-0.003719
0.004772
0.015268
0.024483
0.029418
0.028285
0.023700
0.019612
0.017106
0.014683
0.011132
0.007496
0.004318
0.001585
-0.000966
-0.003537
-0.005636
-0.007377
-0.009075
-0.010320
-0.010478
-0.009993
-0.009255
-0.008662
-0.008601
-0.008774
-0.009150
-0.008671
-0.005830
-0.000300
0.006517
0.012784
0.018635
0.022064
0.019115
0.010697
0.001247
-0.005774
-0.009226
-0.009507
-0.007783
-0.005869
-0.004277
-0.003023
-0.003427
-0.006954
-0.013035
-0.019477
-0.023346
-0.020283
-0.006217
0.015730
0.030649
0.023790
-0.002763
-0.029003
-0.036049
-0.022547
-0.001517
0.009914
0.002619
-0.018126
-0.035833
-0.034957
-0.015065
0.010611
0.026638
0.024056
0.004538
-0.017468
-0.024892
-0.016275
-0.003122
0.003454
-0.000206
-0.009965
-0.019641
-0.026202
-0.031314
-0.036418
-0.037810
-0.027520
-0.004236
0.020163
0.032070
0.027378
0.012929
-0.001099
-0.008854
-0.009525
-0.004034
0.007978
0.024485
0.038865
0.043054
0.030955
0.005238
-0.021657
-0.037136
-0.034810
-0.017185
0.003953
0.014655
0.009472
-0.004403
-0.014371
-0.012853
-0.003948
0.001286
-0.001761
-0.007466
-0.006322
0.006622
0.026416
0.041699
0.041079
0.020518
-0.010254
-0.032916
-0.035532
-0.024428
-0.015205
-0.013269
-0.013249
-0.010461
-0.004888
-0.000579
-0.002711
-0.011561
-0.019360
-0.015451
0.000681
0.016724
0.019606
0.009155
-0.002796
-0.007878
-0.006702
-0.003827
-0.003011
-0.005526
-0.010273
-0.014252
-0.014490
-0.007150
0.009942
0.030827
0.045347
0.047913
0.036442
0.011553
-0.016560
-0.030211
-0.021015
0.000453
0.017049
0.021618
0.018764
0.017736
0.023333
0.031514
0.034757
0.028031
0.012873
-0.003211
-0.012570
-0.013195
-0.010180
-0.008709
-0.009204
-0.009242
-0.007786
-0.005773
-0.004116
-0.003441
-0.003023
-0.001899
-0.000720
-0.000334
-0.000357
-0.001622
-0.003140
-0.002540
0.000092
0.004081
0.008361
0.012849
0.016233
0.014659
0.006593
-0.004162
-0.011596
-0.012727
-0.007909
0.000530
0.007357
0.007193
0.000569
-0.007334
-0.010986
-0.006199
0.006725
0.021911
0.028899
0.021051
0.004246
-0.007710
-0.005271
0.012590
0.039705
0.060090
0.059253
0.038828
0.012884
-0.004982
-0.009867
-0.005710
-0.000977
-0.000202
-0.001001
-0.000556
0.002561
0.006943
0.010815
0.015085
0.019414
0.021400
0.019265
0.015180
0.011609
0.009733
0.009639
0.009025
0.001213
-0.020279
-0.046820
-0.060181
-0.050008
-0.020166
0.010677
0.024235
0.018030
0.001584
-0.011358
-0.012423
-0.004530
0.003487
0.004027
-0.005141
-0.020224
-0.033298
-0.036701
-0.028979
-0.015440
-0.002640
0.005916
0.009568
0.009345
0.007816
0.006359
0.004334
0.002281
0.001552
0.002884
0.005818
0.008601
0.011031
0.010261
0.000165
-0.017506
-0.035511
-0.049226
-0.055965
-0.055953
-0.053607
-0.053105
-0.053859
-0.053152
-0.050442
-0.047038
-0.043489
-0.038766
-0.032626
-0.026488
-0.022298
-0.019979
-0.017897
-0.015162
-0.011623
-0.007695
-0.003469
0.000988
0.004453
0.006103
0.007035
0.006781
0.005955
0.005267
0.001358
-0.006088
-0.014778
-0.023961
-0.030534
-0.027598
-0.010266
0.015491
0.031838
0.025943
0.002586
-0.019855
-0.023914
-0.010911
0.003607
0.007945
0.004113
0.000216
-0.001276
-0.001692
-0.003983
-0.009756
-0.017983
-0.027523
-0.037761
-0.048778
-0.057302
-0.060201
-0.058405
-0.054843
-0.052882
-0.051933
-0.049295
-0.046446
-0.046829
-0.050744
-0.058587
-0.069201
-0.077727
-0.080405
-0.076795
-0.068660
-0.060249
-0.056240
-0.055438
-0.053628
-0.050010
-0.046843
-0.044893
-0.043416
-0.042568
-0.042787
-0.044279
-0.047034
-0.051946
-0.058372
-0.063847
-0.068027
-0.070084
-0.068595
-0.063963
-0.056584
-0.047306
-0.039632
-0.038413
-0.043720
-0.050830
-0.055170
-0.052657
-0.043520
-0.032929
-0.025050
-0.024011
-0.029521
-0.035851
-0.038082
-0.034579
-0.030008
-0.028805
-0.028815
-0.027234
-0.024638
-0.021276
-0.017927
-0.017481
-0.024776
-0.041894
-0.060036
-0.068273
-0.064939
-0.058382
-0.059717
-0.069887
-0.082799
-0.092238
-0.093907
-0.090108
-0.085526
-0.082499
-0.080783
-0.079397
-0.078332
-0.077888
-0.078420
-0.079039
-0.079898
-0.081587
-0.082767
-0.083891
-0.085477
-0.087487
-0.089980
-0.092205
-0.093007
-0.092276
-0.090689
-0.088314
-0.085716
-0.082818
-0.078177
-0.069862
-0.058326
-0.048968
-0.049144
-0.064429
-0.090458
-0.108264
-0.103196
-0.078422
-0.052205
-0.044877
-0.059891
-0.080483
-0.086902
-0.076980
-0.063347
-0.057917
-0.063329
-0.071978
-0.076426
-0.077776
-0.079683
-0.083873
-0.089704
-0.095931
-0.100626
-0.101921
-0.095528
-0.076867
-0.057611
-0.051323
-0.052888
-0.053244
-0.050705
-0.047278
-0.047455
-0.054091
-0.063279
-0.069387
-0.069447
-0.066080
-0.064354
-0.065116
-0.067379
-0.069611
-0.070328
-0.069680
-0.068521
-0.067046
-0.064837
-0.061103
-0.054804
-0.046980
-0.040685
-0.038139
-0.039028
-0.040030
-0.039106
-0.036467
-0.031842
-0.025833
-0.018469
-0.008931
0.002707
0.015150
0.025921
0.033122
0.036598
0.038711
0.041034
0.043293
0.045375
0.043799
0.033437
0.011818
-0.016694
-0.043781
-0.066709
-0.083575
-0.089242
-0.076372
-0.038084
0.021364
0.082925
0.125651
0.141787
0.140055
0.137307
0.141280
0.150376
0.165521
0.187158
0.212369
0.237236
0.257542
0.268446
0.266599
0.254646
0.240338
0.232341
0.234696
0.242429
0.248073
0.246316
0.237467
0.227692
0.219824
0.212556
0.205639
0.203529
0.210153
0.218342
0.216718
0.200205
0.164456
0.109742
0.044261
-0.030711
-0.119878
-0.212191
-0.280303
-0.311703
-0.322343
-0.332167
-0.345749
-0.357235
-0.358382
-0.341114
-0.305502
-0.260678
-0.212405
-0.157414
-0.089346
-0.005585
0.083204
0.154962
0.201586
0.227427
0.232847
0.217041
0.176559
0.095226
-0.037923
-0.190921
-0.316720
-0.402745
-0.454931
-0.467966
-0.436189
-0.363038
-0.261113
-0.161323
-0.091296
-0.053460
-0.035100
-0.028404
-0.035282
-0.057758
-0.093745
-0.135018
-0.165434
-0.168578
-0.140794
-0.089122
-0.026865
0.031456
0.078836
0.116089
0.149830
0.183029
0.212095
0.232207
0.239086
0.234529
0.221826
0.201526
0.174278
0.145527
0.129332
0.132660
0.144289
0.151582
0.150453
0.141738
0.127719
0.110947
0.096024
0.087302
0.086411
0.092819
0.103869
0.114379
0.123827
0.134535
0.144360
0.151166
0.156564
0.162569
0.170081
0.178390
0.184951
0.187059
0.175488
0.140643
0.091941
0.057177
0.058906
0.088030
0.112093
0.109506
0.086243
0.064062
0.051198
0.040135
0.024424
0.001682
-0.027796
-0.060242
-0.090078
-0.117698
-0.143713
-0.160350
-0.162911
-0.154105
-0.140392
-0.127560
-0.111440
-0.088179
-0.057746
-0.020125
0.019588
0.056769
0.089903
0.113744
0.125132
0.129706
0.132994
0.136506
0.138445
0.136462
0.128354
0.114172
0.098176
0.082172
0.068373
0.059090
0.052130
0.046483
0.040537
0.032797
0.025417
0.018719
0.012614
0.008744
0.010810
0.027696
0.064549
0.108529
0.134017
0.129735
0.110004
0.093079
0.082993
0.073424
0.059876
0.040375
0.011157
-0.027569
-0.069754
-0.101053
-0.112847
-0.111957
-0.105429
-0.100000
-0.096203
-0.090316
-0.082788
-0.071505
-0.054803
-0.036264
-0.019943
-0.007620
-0.000151
0.004457
0.010308
0.019668
0.033865
0.054782
0.082731
0.109599
0.125419
0.131516
0.134876
0.140470
0.149643
0.158792
0.165637
0.173269
0.178785
0.178233
0.174848
0.169981
0.165380
0.161457
0.155944
0.148312
0.135558
0.111705
0.080923
0.057462
0.050717
0.061741
0.081818
0.099029
0.110947
0.119891
0.123418
0.124098
0.125892
0.125503
0.122067
0.122331
0.130778
0.148567
0.170466
0.182935
0.182477
0.170886
0.151785
0.133594
0.128081
0.142149
0.163469
0.179896
0.191166
0.199175
0.208288
0.219199
0.228340
0.234483
0.236676
0.232455
0.217652
0.190582
0.153381
0.110149
0.067442
0.033941
0.016908
0.015078
0.022601
0.036490
0.053753
0.065784
0.064829
0.053601
0.040683
0.033380
0.036953
0.051364
0.069395
0.084453
0.092194
0.089655
0.078725
0.066947
0.061148
0.064385
0.078366
0.098010
0.112715
0.107759
0.076589
0.037785
0.010776
-0.002068
-0.004999
-0.005156
-0.005848
-0.007094
-0.007731
-0.008882
-0.018817
-0.037423
-0.058876
-0.077563
-0.089133
-0.094080
-0.089998
-0.077304
-0.061660
-0.046523
-0.030451
-0.014584
0.001562
0.018646
0.032231
0.038659
0.035194
0.024664
0.015129
0.008664
0.001781
-0.006509
-0.017579
-0.027186
-0.032549
-0.036543
-0.038703
-0.045173
-0.063047
-0.092744
-0.129442
-0.157645
-0.169264
-0.167828
-0.147132
-0.094502
-0.008711
0.093543
0.182362
0.231435
0.240208
0.228299
0.211640
0.194882
0.182116
0.177069
0.174699
0.171193
0.167492
0.162013
0.157387
0.152901
0.143636
0.131112
0.114762
0.093521
0.070716
0.053071
0.045942
0.049915
0.059384
0.067170
0.070814
0.070370
0.065191
0.060339
0.058990
0.055201
0.050482
0.045691
0.035410
0.021069
0.004454
-0.014236
-0.028386
-0.033956
-0.031813
-0.022690
-0.010844
0.002231
0.015646
0.019962
0.008514
-0.015997
-0.043827
-0.066287
-0.079861
-0.083276
-0.081142
-0.079576
-0.078275
-0.074378
-0.063965
-0.043352
-0.014328
0.020766
0.053883
0.071680
0.072356
0.064260
0.054149
0.045078
0.036650
0.023350
-0.001685
-0.040375
-0.086534
-0.127697
-0.156898
-0.175947
-0.191484
-0.208489
-0.228460
-0.253602
-0.278840
-0.296227
-0.296632
-0.276485
-0.248675
-0.230619
-0.235548
-0.264461
-0.302575
-0.331043
-0.338859
-0.326318
-0.306434
-0.288895
-0.270865
-0.248852
-0.218141
-0.170426
-0.105191
-0.036782
0.020744
0.060936
0.082454
0.087728
0.082750
0.073441
0.059840
0.044575
0.030499
0.020397
0.019758
0.026588
0.034040
0.037589
0.035541
0.022219
-0.010261
-0.056619
-0.103200
-0.135710
-0.141066
-0.124222
-0.101360
-0.079606
-0.060308
-0.047074
-0.042171
-0.040401
-0.035734
-0.028377
-0.018995
0.000829
0.039523
0.092169
0.141027
0.168774
0.172967
0.157760
0.126840
0.083459
0.031682
-0.015270
-0.043426
-0.053121
-0.052814
-0.045703
-0.030052
-0.005673
0.025219
0.063503
0.104081
0.135546
0.157965
0.172453
0.175471
0.170201
0.157341
0.129890
0.087627
0.040534
0.002972
-0.017397
-0.023840
-0.020936
-0.008295
0.022599
0.073520
0.135914
0.198139
0.245907
0.265674
0.250076
0.193430
0.086860
-0.055281
-0.184781
-0.257385
-0.272893
-0.267528
-0.267528
-0.269320
-0.263009
-0.249515
-0.236695
-0.229086
-0.227923
-0.228826
-0.224634
-0.208047
-0.165927
-0.092799
0.004247
0.115829
0.226893
0.315496
0.363436
0.366614
0.338161
0.298891
0.265725
0.246641
0.240469
0.243847
0.256361
0.271746
0.283155
0.287869
0.282250
0.264841
0.241012
0.220595
0.209347
0.205597
0.200657
0.190389
0.174891
0.145361
0.087181
-0.005000
-0.109093
-0.185896
-0.216101
-0.213217
-0.195495
-0.162214
-0.106748
-0.033333
0.041120
0.096987
0.128092
0.140143
0.138764
0.128376
0.111592
0.087519
0.051356
0.002159
-0.056530
-0.123740
-0.192891
-0.252719
-0.295372
-0.319831
-0.329151
-0.320311
-0.285677
-0.218499
-0.128205
-0.044225
0.010321
0.033554
0.034951
0.020177
-0.008469
-0.049340
-0.095890
-0.133535
-0.152102
-0.150418
-0.131490
-0.095475
-0.046959
0.000388
0.028814
0.026528
-0.000985
-0.040277
-0.080574
-0.117321
-0.145413
-0.160966
-0.166641
-0.167760
-0.169099
-0.169425
-0.167537
-0.168557
-0.177088
-0.190781
-0.205402
-0.217387
-0.221684
-0.216718
-0.207383
-0.199795
-0.194337
-0.195242
-0.205532
-0.218516
-0.229335
-0.235293
-0.231985
-0.217215
-0.197416
-0.180375
-0.167655
-0.158933
-0.159240
-0.165468
-0.168429
-0.169344
-0.164245
-0.146748
-0.120871
-0.091840
-0.059387
-0.026031
0.006123
0.042013
0.082413
0.120157
0.148257
0.167229
0.178018
0.182305
0.181586
0.173717
0.160598
0.141966
0.115689
0.081411
0.041720
0.000060
-0.041461
-0.077670
-0.106147
-0.121928
-0.121097
-0.108826
-0.094159
-0.082797
-0.074065
-0.068472
-0.064335
-0.061854
-0.060880
-0.058857
-0.055415
-0.050526
-0.042192
-0.030591
-0.019879
-0.010645
-0.006387
-0.009823
-0.018364
-0.027668
-0.034638
-0.039426
-0.039762
-0.034406
-0.028570
-0.022605
-0.014640
-0.006144
0.003453
0.014807
0.026326
0.036641
0.046607
0.053253
0.049627
0.030411
0.000731
-0.028710
-0.053071
-0.065699
-0.062942
-0.051011
-0.034222
-0.017997
-0.004657
0.010124
0.022012
0.026017
0.021289
0.009809
-0.001853
-0.012257
-0.022760
-0.033027
-0.043283
-0.052858
-0.060265
-0.066669
-0.072313
-0.075390
-0.077919
-0.079835
-0.079778
-0.079605
-0.078308
-0.076042
-0.072891
-0.066591
-0.055778
-0.039621
-0.020133
0.001385
0.022797
0.042513
0.061903
0.078974
0.090921
0.098807
0.105814
0.113879
0.124422
0.135634
0.146570
0.158334
0.166426
0.167592
0.160397
0.134994
0.080973
0.006572
-0.067848
-0.124998
-0.152316
-0.152646
-0.138739
-0.117689
-0.092273
-0.065937
-0.044731
-0.026454
-0.006157
0.013877
0.033807
0.054284
0.072582
0.089446
0.100181
0.092981
0.063706
0.015411
-0.042634
-0.094349
-0.123500
-0.126598
-0.113059
-0.091610
-0.067366
-0.045984
-0.031129
-0.021824
-0.014517
-0.006529
0.001589
0.007191
0.010764
0.015282
0.019315
0.022202
0.022166
0.014047
-0.002705
-0.024258
-0.044552
-0.059963
-0.070964
-0.075971
-0.074711
-0.070322
-0.065085
-0.061179
-0.059556
-0.058376
-0.053941
-0.046515
-0.036774
-0.022188
-0.002669
0.022696
0.050791
0.075550
0.093361
0.103397
0.106633
0.102278
0.095882
0.091381
0.087243
0.085359
0.086735
0.091162
0.100230
0.113600
0.127491
0.139913
0.151138
0.160589
0.164914
0.160534
0.145587
0.118652
0.081000
0.037382
0.000511
-0.019368
-0.026007
-0.027243
-0.026187
-0.021627
-0.016583
-0.013540
-0.013259
-0.020769
-0.036597
-0.058366
-0.084734
-0.110850
-0.132173
-0.146233
-0.153458
-0.152658
-0.138120
-0.107786
-0.065911
-0.023490
0.012531
0.040303
0.053683
0.052706
0.044173
0.032829
0.020414
0.008616
-0.000423
-0.007415
-0.014149
-0.021916
-0.031928
-0.041765
-0.050525
-0.061060
-0.072395
-0.083367
-0.092170
-0.094671
-0.091185
-0.084535
-0.074651
-0.062326
-0.049701
-0.037120
-0.021614
0.001112
0.031534
0.062871
0.084102
0.088816
0.080810
0.063796
0.037667
0.008254
-0.019403
-0.043824
-0.061721
-0.071217
-0.073668
-0.069432
-0.057660
-0.038875
-0.016970
0.002611
0.017260
0.028741
0.040058
0.050375
0.055867
0.055497
0.050542
0.039861
0.022455
0.001480
-0.020694
-0.042739
-0.062035
-0.079515
-0.093783
-0.101259
-0.102042
-0.095643
-0.083264
-0.066676
-0.045466
-0.021030
0.006497
0.038435
0.074507
0.108039
0.128980
0.134481
0.125150
0.103224
0.073944
0.043936
0.019853
0.001576
-0.015047
-0.030509
-0.042795
-0.051156
-0.055024
-0.054189
-0.052128
-0.050491
-0.050195
-0.054542
-0.061829
-0.069571
-0.076854
-0.081113
-0.082420
-0.080396
-0.074763
-0.066664
-0.056789
-0.047509
-0.041172
-0.039695
-0.042212
-0.045136
-0.047001
-0.046745
-0.043394
-0.039790
-0.038288
-0.036836
-0.035221
-0.035868
-0.036615
-0.035924
-0.034385
-0.030648
-0.024326
-0.014110
-0.001428
0.010944
0.022269
0.028916
0.031027
0.032012
0.030863
0.028814
0.027268
0.023720
0.018447
0.013104
0.007169
0.001393
-0.005814
-0.016157
-0.027017
-0.039549
-0.052206
-0.058274
-0.056955
-0.048138
-0.030081
-0.005373
0.024439
0.058126
0.090048
0.111374
0.117000
0.109921
0.095824
0.075893
0.047430
0.013299
-0.020676
-0.053434
-0.080002
-0.091221
-0.089111
-0.082123
-0.072926
-0.063066
-0.054858
-0.046082
-0.035922
-0.022647
-0.002662
0.018660
0.034744
0.041482
0.033590
0.014023
-0.011153
-0.036787
-0.056584
-0.066313
-0.064676
-0.056368
-0.045599
-0.032824
-0.017198
-0.000791
0.013929
0.027553
0.038691
0.047337
0.053756
0.057554
0.059150
0.056061
0.050039
0.041442
0.030240
0.020066
0.009943
0.001579
-0.004197
-0.008161
-0.011003
-0.012646
-0.009302
0.000634
0.017267
0.038046
0.055524
0.064713
0.066121
0.061888
0.056249
0.050736
0.043728
0.036534
0.031227
0.029264
0.031983
0.038605
0.046691
0.052800
0.054462
0.051818
0.044989
0.032584
0.014782
-0.002492
-0.014810
-0.021621
-0.022385
-0.019875
-0.016066
-0.011242
-0.005102
0.001705
0.007954
0.015281
0.024919
0.035661
0.046908
0.059172
0.069191
0.072533
0.066834
0.054304
0.037796
0.018449
0.002611
-0.004481
-0.006595
-0.007060
-0.004263
0.003668
0.016995
0.031687
0.044138
0.050447
0.051130
0.049338
0.042209
0.028809
0.010421
-0.010511
-0.033575
-0.056055
-0.071421
-0.077609
-0.074157
-0.063046
-0.048710
-0.032212
-0.013368
0.005086
0.021185
0.032964
0.038662
0.041913
0.045766
0.047877
0.046955
0.043536
0.038469
0.031924
0.022188
0.008497
-0.009025
-0.026377
-0.038612
-0.043064
-0.036706
-0.021999
-0.002843
0.016860
0.031048
0.040378
0.048779
0.056944
0.063764
0.066774
0.063542
0.052112
0.033521
0.011538
-0.012381
-0.034918
-0.050790
-0.057757
-0.057745
-0.053937
-0.046676
-0.036109
-0.023345
-0.011401
-0.002060
0.006440
0.014576
0.022480
0.029757
0.035535
0.041133
0.047174
0.053054
0.058339
0.061738
0.064244
0.067115
0.070149
0.074325
0.079580
0.085853
0.092173
0.097194
0.098283
0.093979
0.088048
0.080173
0.069262
0.057712
0.045326
0.032357
0.021581
0.014699
0.012902
0.015114
0.017137
0.017810
0.016085
0.011494
0.006766
0.003505
0.001874
0.001477
0.002176
0.002752
0.002796
0.003563
0.006623
0.012570
0.022501
0.036734
0.051362
0.065031
0.078129
0.088770
0.095136
0.095480
0.090584
0.084971
0.078743
0.070524
0.062040
0.052316
0.042162
0.033755
0.026702
0.022507
0.021787
0.022710
0.024894
0.029005
0.034311
0.038886
0.042320
0.045226
0.047631
0.049803
0.052444
0.056423
0.061434
0.065572
0.068450
0.068946
0.066024
0.059615
0.047893
0.032462
0.016413
0.003785
-0.002690
-0.006554
-0.006674
-0.001351
0.006667
0.016829
0.027445
0.037987
0.048139
0.054415
0.055730
0.052149
0.043383
0.030199
0.014273
-0.000749
-0.013632
-0.025572
-0.035328
-0.040904
-0.040535
-0.033876
-0.023656
-0.012506
-0.001726
0.006946
0.010231
0.007512
0.003226
-0.002178
-0.009202
-0.014967
-0.019622
-0.022130
-0.022457
-0.021962
-0.020634
-0.019304
-0.016955
-0.014092
-0.012059
-0.010084
-0.009255
-0.009686
-0.010386
-0.011192
-0.009618
-0.004792
0.000610
0.005659
0.010759
0.014074
0.014444
0.014202
0.014780
0.016055
0.020210
0.026294
0.032009
0.037603
0.040240
0.036952
0.029052
0.017684
0.004735
-0.005192
-0.011051
-0.015289
-0.018461
-0.019441
-0.018999
-0.017132
-0.012176
-0.003972
0.006797
0.018115
0.025382
0.026978
0.023900
0.016999
0.009124
0.002085
-0.002971
-0.006012
-0.007427
-0.006197
-0.001532
0.006333
0.015556
0.022638
0.025681
0.025206
0.021252
0.014088
0.005876
-0.001573
-0.007916
-0.011957
-0.013017
-0.012209
-0.011787
-0.012910
-0.015633
-0.020163
-0.024450
-0.025813
-0.024482
-0.020599
-0.013599
-0.005019
0.003461
0.009561
0.012517
0.013558
0.011285
0.006869
0.000839
-0.006208
-0.012622
-0.019457
-0.024626
-0.028488
-0.031043
-0.031359
-0.031377
-0.032259
-0.034202
-0.035757
-0.036328
-0.035136
-0.032621
-0.029520
-0.026227
-0.024627
-0.023384
-0.022407
-0.023185
-0.023580
-0.022901
-0.021619
-0.018972
-0.014514
-0.008581
-0.002680
0.001966
0.004695
0.005219
0.004288
0.001348
-0.003755
-0.008400
-0.011946
-0.015401
-0.018057
-0.020153
-0.023492
-0.027607
-0.032211
-0.037806
-0.042859
-0.046251
-0.046882
-0.044794
-0.041556
-0.037539
-0.032619
-0.027077
-0.022384
-0.018835
-0.015171
-0.011517
-0.007109
-0.001803
0.003412
0.008338
0.011153
0.009461
0.003802
-0.002309
-0.007385
-0.012897
-0.019359
-0.024708
-0.029286
-0.033847
-0.036822
-0.038693
-0.038668
-0.034833
-0.028053
-0.020415
-0.013404
-0.008916
-0.007665
-0.008636
-0.010386
-0.012555
-0.015829
-0.019193
-0.022765
-0.027140
-0.031030
-0.033945
-0.036649
-0.038746
-0.040056
-0.041554
-0.042470
-0.041798
-0.039983
-0.036942
-0.033556
-0.030625
-0.026696
-0.022753
-0.019660
-0.016531
-0.013469
-0.010044
-0.004877
0.002548
0.011957
0.022886
0.033555
0.040871
0.042923
0.040251
0.033063
0.023038
0.012226
0.002025
-0.005093
-0.008678
-0.009611
-0.007339
-0.001768
0.003899
0.007081
0.007667
0.006111
0.003902
0.001389
-0.001075
-0.002734
-0.005032
-0.008272
-0.012404
-0.017366
-0.022922
-0.029604
-0.036454
-0.042083
-0.046020
-0.047657
-0.047004
-0.044710
-0.041122
-0.036922
-0.032363
-0.028496
-0.026594
-0.026229
-0.026930
-0.028251
-0.029114
-0.028482
-0.026262
-0.023469
-0.020258
-0.015868
-0.010632
-0.006472
-0.003954
-0.003343
-0.004879
-0.007469
-0.010398
-0.013522
-0.016428
-0.018568
-0.019626
-0.018864
-0.016334
-0.012150
-0.006468
-0.000652
0.003972
0.007284
0.008779
0.008861
0.008335
0.005968
0.001681
-0.003456
-0.008101
-0.010855
-0.010969
-0.009290
-0.006734
-0.003331
-0.000265
0.002586
0.005652
0.008663
0.011481
0.013064
0.013165
0.010644
0.004919
-0.002763
-0.011453
-0.019578
-0.026382
-0.031548
-0.034979
-0.036545
-0.037049
-0.037124
-0.036322
-0.035316
-0.033558
-0.030925
-0.027074
-0.021826
-0.016603
-0.010035
-0.001842
0.005093
0.010354
0.014380
0.017181
0.019225
0.019992
0.019451
0.018128
0.015324
0.010632
0.004711
-0.002306
-0.010755
-0.018781
-0.024187
-0.027256
-0.027192
-0.024309
-0.019566
-0.012976
-0.006028
-0.000039
0.004662
0.008579
0.011678
0.014118
0.016240
0.018148
0.020145
0.021431
0.021577
0.019772
0.016092
0.011481
0.005372
-0.000277
-0.003215
-0.003630
-0.001915
0.001080
0.004246
0.007074
0.009697
0.012170
0.013640
0.013688
0.013071
0.012338
0.011540
0.009713
0.006236
0.002895
0.001333
0.001244
0.001810
0.002333
0.002106
0.000785
-0.000596
-0.000769
-0.000360
-0.000658
-0.001880
-0.004432
-0.008771
-0.015069
-0.022641
-0.029696
-0.035910
-0.041099
-0.044297
-0.044298
-0.040732
-0.035969
-0.031880
-0.028871
-0.027046
-0.026305
-0.026580
-0.026772
-0.025753
-0.023848
-0.021730
-0.019456
-0.016286
-0.012147
-0.008170
-0.004871
-0.002793
-0.002763
-0.004569
-0.006679
-0.008486
-0.010210
-0.011742
-0.013341
-0.014557
-0.014474
-0.012951
-0.009554
-0.003852
0.002460
0.008717
0.014825
0.019145
0.022113
0.023776
0.024004
0.024657
0.026409
0.028968
0.031787
0.034108
0.036899
0.040811
0.044958
0.049051
0.052418
0.054232
0.054718
0.054502
0.053621
0.051853
0.048653
0.044313
0.040005
0.036388
0.033774
0.031292
0.028541
0.026640
0.025008
0.022371
0.018817
0.013319
0.005323
-0.003693
-0.012709
-0.021036
-0.027214
-0.030399
-0.030574
-0.027961
-0.023196
-0.016984
-0.010692
-0.005317
-0.000783
0.002920
0.006208
0.009444
0.011650
0.012700
0.012989
0.012313
0.011466
0.010031
0.007262
0.004307
0.001836
-0.000397
-0.002424
-0.004094
-0.005270
-0.005743
-0.006500
-0.008214
-0.011230
-0.015411
-0.018787
-0.021470
-0.023203
-0.023359
-0.022856
-0.021958
-0.020614
-0.018352
-0.015582
-0.012960
-0.010819
-0.010374
-0.011095
-0.011568
-0.011668
-0.011743
-0.012352
-0.013375
-0.014734
-0.015105
-0.012988
-0.008754
-0.002493
0.004958
0.011523
0.016146
0.018726
0.019583
0.018806
0.015918
0.011518
0.007630
0.005644
0.004865
0.004982
0.006593
0.009246
0.012941
0.017320
0.022010
0.026097
0.029268
0.033181
0.037208
0.040611
0.043499
0.045874
0.047935
0.049262
0.049369
0.047812
0.044197
0.038034
0.029232
0.018979
0.009372
0.001054
-0.005338
-0.009504
-0.012389
-0.013331
-0.011824
-0.008209
-0.004203
-0.001328
0.000413
0.001004
0.001013
0.000408
-0.000668
-0.001483
-0.002196
-0.002606
-0.002547
-0.002442
-0.002816
-0.004137
-0.005693
-0.006844
-0.007717
-0.007894
-0.007691
-0.007988
-0.008435
-0.008603
-0.008046
-0.006084
-0.002463
0.002434
0.007573
0.011972
0.014522
0.014810
0.013672
0.012088
0.010746
0.009193
0.007180
0.005555
0.004041
0.002390
0.000896
-0.001242
-0.004284
-0.007669
-0.011183
-0.013837
-0.015321
-0.016331
-0.016643
-0.016606
-0.017223
-0.017927
-0.017971
-0.018462
-0.018612
-0.016553
-0.013002
-0.007829
-0.001090
0.005339
0.010558
0.014643
0.016969
0.017183
0.015754
0.012958
0.009635
0.006137
0.002134
-0.002486
-0.006982
-0.010562
-0.013492
-0.015989
-0.017888
-0.019594
-0.021501
-0.023221
-0.025040
-0.027034
-0.028965
-0.030230
-0.030766
-0.031612
-0.032368
-0.032414
-0.031183
-0.028402
-0.025261
-0.022081
-0.018538
-0.015041
-0.011512
-0.008604
-0.007300
-0.007155
-0.007731
-0.008219
-0.007773
-0.006430
-0.004099
-0.001593
0.000206
0.001218
0.000165
-0.003089
-0.006912
-0.010751
-0.014152
-0.016641
-0.017988
-0.016800
-0.012094
-0.004541
0.004399
0.012872
0.019572
0.024463
0.027874
0.029591
0.029673
0.028858
0.028289
0.028016
0.026602
0.023035
0.017183
0.010264
0.003319
-0.003636
-0.009581
-0.012803
-0.014024
-0.014920
-0.014691
-0.012900
-0.010229
-0.007718
-0.005794
-0.004441
-0.003934
-0.003512
-0.002123
0.000060
0.001754
0.002244
0.001846
0.000657
-0.001767
-0.004511
-0.006226
-0.007102
-0.008393
-0.009994
-0.011328
-0.012383
-0.012055
-0.010850
-0.009511
-0.007200
-0.003630
0.001255
0.006898
0.012750
0.018000
0.021546
0.023369
0.023859
0.023677
0.023334
0.023832
0.024691
0.024146
0.021774
0.017385
0.011464
0.003920
-0.005360
-0.015600
-0.025090
-0.032065
-0.035989
-0.036902
-0.035336
-0.031683
-0.027347
-0.022955
-0.018133
-0.013053
-0.007988
-0.002986
0.002070
0.006682
0.010862
0.014865
0.017922
0.018890
0.017989
0.015604
0.011698
0.007084
0.002418
-0.002699
-0.008581
-0.014240
-0.018661
-0.021795
-0.023825
-0.024324
-0.023694
-0.022436
-0.020142
-0.017136
-0.013449
-0.009184
-0.004691
-0.000078
0.005307
0.011438
0.016351
0.019258
0.020090
0.019072
0.017241
0.015737
0.015209
0.015516
0.016219
0.016538
0.016291
0.015392
0.013465
0.011268
0.009490
0.009196
0.011673
0.015650
0.019466
0.023157
0.026895
0.029963
0.032001
0.033465
0.034418
0.034817
0.035327
0.035843
0.035539
0.034204
0.030865
0.025042
0.018209
0.010809
0.002899
-0.003867
-0.008642
-0.011161
-0.011383
-0.010105
-0.007288
-0.002409
0.004387
0.011619
0.017999
0.023571
0.027861
0.030243
0.030838
0.029819
0.027506
0.024693
0.022309
0.020704
0.019511
0.018611
0.017475
0.015998
0.015245
0.015103
0.016008
0.017889
0.019584
0.021580
0.024091
0.027329
0.030782
0.033167
0.033666
0.032122
0.029971
0.028100
0.026616
0.025285
0.023922
0.022540
0.021561
0.021683
0.022198
0.022421
0.021614
0.019383
0.017308
0.015823
0.014303
0.013541
0.013727
0.014654
0.016033
0.017128
0.018135
0.019244
0.020804
0.022815
0.023656
0.022251
0.020135
0.019112
0.018944
0.019392
0.020291
0.020654
0.019603
0.016834
0.012903
0.008564
0.004204
0.000660
-0.001194
-0.001525
-0.000738
0.000580
0.001008
-0.000003
-0.002218
-0.005535
-0.008835
-0.011330
-0.012785
-0.012896
-0.011725
-0.009233
-0.005440
-0.000027
0.007173
0.015232
0.021617
0.024651
0.026426
0.028037
0.028675
0.028542
0.027409
0.025128
0.022184
0.018857
0.015535
0.012766
0.010649
0.008684
0.005939
0.002209
-0.002515
-0.007796
-0.012273
-0.015346
-0.016448
-0.014932
-0.011481
-0.006907
-0.002100
0.001647
0.004598
0.007199
0.008716
0.008655
0.007272
0.005014
0.002585
0.000306
-0.001914
-0.003877
-0.006001
-0.008801
-0.012292
-0.016054
-0.019277
-0.021475
-0.022404
-0.022549
-0.022078
-0.020374
-0.017827
-0.014934
-0.011672
-0.008001
-0.003800
0.000650
0.004937
0.008968
0.012181
0.013755
0.013430
0.011186
0.007126
0.001826
-0.003629
-0.008175
-0.011337
-0.013366
-0.014513
-0.014536
-0.013530
-0.011977
-0.009856
-0.007380
-0.004427
-0.001277
0.000926
0.002122
0.001571
-0.000759
-0.003799
-0.007073
-0.009938
-0.012635
-0.015156
-0.017115
-0.018938
-0.020632
-0.021961
-0.022545
-0.021910
-0.020850
-0.020600
-0.020998
-0.021604
-0.022497
-0.023236
-0.023540
-0.022557
-0.020077
-0.016844
-0.013213
-0.009651
-0.006013
-0.002734
-0.000255
0.001033
0.000859
-0.000180
-0.001867
-0.003625
-0.005338
-0.007097
-0.008446
-0.009142
-0.008571
-0.007361
-0.006832
-0.006820
-0.006914
-0.007602
-0.009360
-0.011534
-0.013838
-0.016263
-0.018530
-0.021180
-0.023800
-0.025117
-0.025331
-0.025083
-0.023861
-0.021307
-0.017848
-0.013777
-0.009640
-0.005944
-0.003068
-0.001037
0.000458
0.001349
0.002439
0.003712
0.004737
0.006310
0.007967
0.008311
0.006891
0.003764
-0.001143
-0.006735
-0.011958
-0.016987
-0.021692
-0.026049
-0.030140
-0.033189
-0.034335
-0.033103
-0.029830
-0.025465
-0.020025
-0.013719
-0.007890
-0.004041
-0.002003
-0.001009
-0.001092
-0.001450
-0.001152
-0.000124
0.001007
0.001871
0.003104
0.004925
0.006473
0.007164
0.007488
0.007709
0.007782
0.008084
0.008695
0.008571
0.006874
0.004883
0.003112
0.000867
-0.001376
-0.003094
-0.003853
-0.003507
-0.002896
-0.002483
-0.001674
-0.000573
-0.000277
-0.000919
-0.002181
-0.003626
-0.004163
-0.002820
0.000365
0.003851
0.006398
0.007750
0.008093
0.007645
0.006485
0.004611
0.001704
-0.002050
-0.005724
-0.008280
-0.009184
-0.008218
-0.006030
-0.003161
0.000233
0.004077
0.008101
0.011639
0.014840
0.017644
0.020024
0.021491
0.021294
0.019593
0.016214
0.011122
0.005269
-0.000683
-0.006417
-0.011226
-0.014482
-0.016080
-0.016297
-0.015486
-0.013458
-0.010099
-0.006451
-0.003541
-0.001713
-0.001287
-0.001963
-0.002808
-0.003560
-0.004428
-0.005394
-0.006324
-0.007276
-0.007773
-0.007488
-0.006138
-0.003766
-0.001360
0.001085
0.003200
0.004708
0.005844
0.006120
0.006333
0.006899
0.007379
0.007899
0.008010
0.007433
0.006406
0.004982
0.003567
0.002260
0.000999
0.000117
-0.000410
-0.000019
0.001755
0.004570
0.007705
0.010540
0.013197
0.015127
0.015800
0.015284
0.013011
0.009160
0.004747
0.000013
-0.004720
-0.008733
-0.011896
-0.013721
-0.014395
-0.015002
-0.015190
-0.014563
-0.013388
-0.011884
-0.010072
-0.007499
-0.004189
-0.000028
0.004895
0.009490
0.013612
0.017696
0.021507
0.024090
0.024214
0.022315
0.019876
0.017630
0.015317
0.012174
0.008070
0.003235
-0.001664
-0.006099
-0.009999
-0.012542
-0.013254
-0.012484
-0.010826
-0.009319
-0.008535
-0.008204
-0.007943
-0.007488
-0.006781
-0.005828
-0.004862
-0.004141
-0.003875
-0.004539
-0.006151
-0.008534
-0.011612
-0.014336
-0.015645
-0.016005
-0.015947
-0.015473
-0.014791
-0.013875
-0.013027
-0.012396
-0.011789
-0.011568
-0.011601
-0.011730
-0.011652
-0.010747
-0.009405
-0.008550
-0.008501
-0.008998
-0.010235
-0.011736
-0.012761
-0.013530
-0.013925
-0.013846
-0.013432
-0.012759
-0.011886
-0.010821
-0.009596
-0.007774
-0.005812
-0.004747
-0.004348
-0.004433
-0.004690
-0.004288
-0.003203
-0.001136
0.001767
0.004351
0.006792
0.009333
0.011730
0.013679
0.014546
0.014807
0.014783
0.014736
0.015009
0.015378
0.016124
0.017108
0.018216
0.019273
0.020247
0.021259
0.021570
0.020857
0.019665
0.018616
0.017576
0.016497
0.015651
0.014998
0.014348
0.013317
0.011500
0.008695
0.005470
0.002248
-0.000810
-0.002954
-0.004079
-0.004292
-0.003524
-0.002186
-0.000351
0.002287
0.005355
0.008115
0.010110
0.010630
0.009083
0.005831
0.002258
-0.000334
-0.001822
-0.002797
-0.003444
-0.003320
-0.002422
-0.001863
-0.002636
-0.004744
-0.007933
-0.011604
-0.015225
-0.018371
-0.020423
-0.021313
-0.021106
-0.019908
-0.018483
-0.017230
-0.015733
-0.013805
-0.011541
-0.008951
-0.005691
-0.001804
0.002274
0.006342
0.009510
0.010907
0.010475
0.008500
0.005864
0.003300
0.000964
-0.000889
-0.001900
-0.002150
-0.001696
-0.000673
0.000010
0.000274
0.000592
0.001049
0.001807
0.002406
0.001985
0.000471
-0.001878
-0.004545
-0.006933
-0.008625
-0.009458
-0.010265
-0.011519
-0.012654
-0.013459
-0.013822
-0.013678
-0.013269
-0.012801
-0.012688
-0.013085
-0.013911
-0.015167
-0.016681
-0.018155
-0.019315
-0.019838
-0.020049
-0.020639
-0.021351
-0.021639
-0.021510
-0.020967
-0.020076
-0.019145
-0.018653
-0.019189
-0.020465
-0.021134
-0.020586
-0.019598
-0.018562
-0.017135
-0.015000
-0.012292
-0.009697
-0.007625
-0.006114
-0.005070
-0.004328
-0.004012
-0.004202
-0.004291
-0.003915
-0.003396
-0.002860
-0.002273
-0.001647
-0.001169
-0.000720
-0.000237
0.000228
0.000850
0.001804
0.003043
0.004058
0.004737
0.004947
0.004411
0.003378
0.002056
0.000722
-0.000161
-0.000604
-0.000470
0.000241
0.001181
0.002162
0.003051
0.004127
0.005530
0.006624
0.007118
0.007396
0.007663
0.007551
0.006537
0.005107
0.004004
0.003587
0.003638
0.003608
0.003656
0.003900
0.004327
0.005292
0.006867
0.008814
0.010630
0.011899
0.012897
0.013856
0.014562
0.014942
0.014958
0.014548
0.013708
0.012427
0.010809
0.008870
0.006884
0.005422
0.004555
0.004588
0.005742
0.007574
0.009880
0.012209
0.014357
0.016188
0.017247
0.017830
0.018155
0.018349
0.018548
0.017806
0.015799
0.013307
0.010973
0.009461
0.009173
0.010039
0.011296
0.011664
0.010906
0.010202
0.010431
0.011148
0.011460
0.011099
0.010238
0.009519
0.009645
0.010472
0.011331
0.011844
0.012164
0.012409
0.012555
0.012381
0.011250
0.009093
0.006530
0.004000
0.001337
-0.001778
-0.004914
-0.007245
-0.008030
-0.007265
-0.005988
-0.004969
-0.004060
-0.002870
-0.001251
0.000689
0.002602
0.004190
0.005566
0.007037
0.008652
0.010127
0.011424
0.012587
0.012817
0.011336
0.008794
0.006026
0.003312
0.001114
-0.000621
-0.002488
-0.004253
-0.005018
-0.004473
-0.002651
0.000169
0.002888
0.004671
0.005702
0.005893
0.004626
0.001886
-0.001547
-0.004958
-0.007940
-0.010344
-0.012175
-0.013297
-0.013737
-0.013805
-0.013135
-0.011445
-0.009499
-0.007899
-0.006886
-0.006615
-0.006656
-0.006443
-0.006261
-0.006627
-0.007527
-0.008528
-0.009372
-0.009561
-0.009291
-0.009379
-0.009808
-0.010381
-0.010297
-0.008906
-0.006549
-0.003623
-0.000717
0.001505
0.003099
0.004427
0.005484
0.005409
0.003727
0.001253
-0.000837
-0.001962
-0.002658
-0.003151
-0.003451
-0.003746
-0.003871
-0.003963
-0.004183
-0.004254
-0.004111
-0.003802
-0.003006
-0.001564
0.000063
0.001559
0.002942
0.003796
0.003972
0.003371
0.002125
0.000692
-0.000826
-0.002129
-0.002924
-0.002944
-0.002217
-0.001185
-0.000451
0.000008
0.000311
-0.000019
-0.000648
-0.001986
-0.004986
-0.009037
-0.012986
-0.015842
-0.017986
-0.019960
-0.021560
-0.022473
-0.021619
-0.018782
-0.014679
-0.009921
-0.005201
-0.001144
0.002120
0.004491
0.005661
0.005711
0.004918
0.003624
0.002564
0.002298
0.002562
0.003279
0.004166
0.004259
0.002990
0.000781
-0.001386
-0.003003
-0.003878
-0.003951
-0.003286
-0.002228
-0.001116
-0.000234
0.000099
-0.000136
-0.001662
-0.004844
-0.008904
-0.012995
-0.015770
-0.016199
-0.014090
-0.009736
-0.004621
-0.000355
0.002467
0.004642
0.007448
0.010996
0.014852
0.018228
0.020157
0.020251
0.018423
0.015471
0.012936
0.011559
0.010915
0.010290
0.008860
0.006200
0.003148
0.001162
0.001325
0.003844
0.008380
0.013646
0.018316
0.021818
0.023771
0.024757
0.025370
0.025533
0.025750
0.026476
0.027675
0.029368
0.031436
0.033286
0.034293
0.034514
0.034512
0.034697
0.034803
0.034666
0.034196
0.033190
0.031601
0.029731
0.027763
0.025103
0.021644
0.017971
0.014910
0.013255
0.013103
0.014137
0.016317
0.019143
0.021444
0.022766
0.022855
0.021644
0.019788
0.017778
0.015815
0.013467
0.010370
0.007183
0.004798
0.003432
0.002790
0.002333
0.001719
0.001401
0.001507
0.002056
0.003168
0.004476
0.005517
0.005964
0.005828
0.005152
0.004240
0.003296
0.002317
0.001791
0.002114
0.002905
0.003705
0.004312
0.004562
0.004770
0.005066
0.005227
0.005159
0.004997
0.004720
0.004600
0.005206
0.006146
0.007247
0.008462
0.009345
0.009737
0.009145
0.007700
0.006408
0.006177
0.006986
0.008101
0.009008
0.009067
0.008533
0.008181
0.008464
0.009985
0.012652
0.016003
0.019172
0.021393
0.022799
0.022832
0.021280
0.019378
0.017753
0.016362
0.015352
0.014617
0.014142
0.013669
0.012862
0.012228
0.012379
0.012970
0.013286
0.013087
0.012467
0.011938
0.011639
0.011009
0.009658
0.007808
0.006123
0.004740
0.003184
0.001537
0.000449
0.000022
-0.000058
0.000211
0.000528
0.000597
0.000715
0.000663
0.000035
-0.000975
-0.001879
-0.002287
-0.002195
-0.001467
-0.000351
0.001020
0.003000
0.005388
0.007624
0.009367
0.010625
0.011283
0.011549
0.011612
0.011339
0.010578
0.009115
0.007390
0.005784
0.004216
0.002920
0.002022
0.001699
0.002135
0.002729
0.003246
0.003795
0.004182
0.004319
0.004312
0.004116
0.003613
0.003174
0.002879
0.002782
0.002916
0.003118
0.003570
0.004462
0.005472
0.005914
0.005410
0.003725
0.000797
-0.002923
-0.006656
-0.009465
-0.011089
-0.011777
-0.011350
-0.010120
-0.009154
-0.008864
-0.008991
-0.009827
-0.011697
-0.014354
-0.016926
-0.018559
-0.019089
-0.018226
-0.016090
-0.013799
-0.011907
-0.010405
-0.009277
-0.008254
-0.007315
-0.006229
-0.004582
-0.002571
-0.001118
-0.000784
-0.001365
-0.002808
-0.004614
-0.006398
-0.008143
-0.009645
-0.010756
-0.010892
-0.010306
-0.009799
-0.009756
-0.010165
-0.009903
-0.008032
-0.004665
-0.000782
0.002347
0.004767
0.007152
0.009370
0.011115
0.012479
0.013506
0.013947
0.013442
0.012197
0.010976
0.010155
0.010006
0.010142
0.009948
0.009563
0.008833
0.007763
0.006412
0.004350
0.002097
-0.000202
-0.003063
-0.006210
-0.009460
-0.012374
-0.013996
-0.013637
-0.011113
-0.007286
-0.003468
-0.000196
0.002560
0.005131
0.007121
0.007974
0.007637
0.006165
0.003959
0.001191
-0.001994
-0.005473
-0.008991
-0.011987
-0.014453
-0.016253
-0.017268
-0.017507
-0.016284
-0.013765
-0.010816
-0.008194
-0.006390
-0.005029
-0.003569
-0.001887
-0.000324
0.000347
0.000570
0.001158
0.001654
0.001294
-0.000693
-0.004053
-0.007636
-0.010715
-0.012913
-0.014027
-0.014418
-0.014419
-0.014082
-0.013399
-0.012340
-0.011201
-0.009805
-0.007581
-0.005272
-0.003826
-0.003195
-0.002849
-0.002544
-0.003252
-0.004895
-0.006447
-0.008166
-0.010044
-0.012107
-0.014554
-0.016663
-0.017954
-0.018554
-0.018527
-0.017753
-0.016141
-0.013710
-0.010441
-0.006382
-0.002154
0.001461
0.003749
0.004766
0.004798
0.004214
0.003824
0.003335
0.002305
0.001376
0.000613
-0.000636
-0.002694
-0.005360
-0.008285
-0.010938
-0.012590
-0.013358
-0.013929
-0.014229
-0.013901
-0.013078
-0.011268
-0.008678
-0.006322
-0.004383
-0.002878
-0.001493
0.000115
0.001459
0.002199
0.002543
0.002713
0.002382
0.001965
0.002220
0.002831
0.004450
0.007355
0.010440
0.012955
0.014960
0.016218
0.015987
0.013715
0.009156
0.002942
-0.003915
-0.010235
-0.015031
-0.018289
-0.020706
-0.022497
-0.023568
-0.023907
-0.023793
-0.022914
-0.020918
-0.018717
-0.016496
-0.013667
-0.010898
-0.009349
-0.008953
-0.009500
-0.010968
-0.012726
-0.013846
-0.014126
-0.013958
-0.013691
-0.013379
-0.013208
-0.013737
-0.015427
-0.017874
-0.020393
-0.022873
-0.025077
-0.026828
-0.027724
-0.028081
-0.028183
-0.028082
-0.027949
-0.027605
-0.027049
-0.026186
-0.025015
-0.023020
-0.020715
-0.018820
-0.017020
-0.016079
-0.016114
-0.016897
-0.018364
-0.019509
-0.020509
-0.021268
-0.021408
-0.021320
-0.020758
-0.020035
-0.019454
-0.018835
-0.018467
-0.018062
-0.017201
-0.015358
-0.012816
-0.010453
-0.008011
-0.005549
-0.003798
-0.003019
-0.002930
-0.003181
-0.003989
-0.005482
-0.006615
-0.007648
-0.008128
-0.007590
-0.007704
-0.007864
-0.007929
-0.008331
-0.008457
-0.008391
-0.008087
-0.007540
-0.006719
-0.005683
-0.004258
-0.002964
-0.002348
-0.001793
-0.001615
-0.002397
-0.003346
-0.004376
-0.005750
-0.007186
-0.008542
-0.009726
-0.010927
-0.011963
-0.012802
-0.012851
-0.012313
-0.011412
-0.009661
-0.008443
-0.008449
-0.008998
-0.009111
-0.008118
-0.006335
-0.004486
-0.003203
-0.002475
-0.002454
-0.002783
-0.002918
-0.003240
-0.003545
-0.004427
-0.006674
-0.009357
-0.011854
-0.013670
-0.014434
-0.015176
-0.016021
-0.016408
-0.016491
-0.016243
-0.015666
-0.014894
-0.014556
-0.015118
-0.017043
-0.020312
-0.023343
-0.025332
-0.026728
-0.027337
-0.026717
-0.025169
-0.023507
-0.022119
-0.020647
-0.019163
-0.017920
-0.016450
-0.014776
-0.013628
-0.012873
-0.012004
-0.010635
-0.008493
-0.006499
-0.005670
-0.005606
-0.005968
-0.007269
-0.009033
-0.010641
-0.012341
-0.013956
-0.015012
-0.015260
-0.015006
-0.013388
-0.010762
-0.009149
-0.008245
-0.007968
-0.008378
-0.008719
-0.009162
-0.009696
-0.010188
-0.010525
-0.010524
-0.010579
-0.010591
-0.010082
-0.008868
-0.007558
-0.006671
-0.005905
-0.005300
-0.004880
-0.004398
-0.004446
-0.005651
-0.007424
-0.009500
-0.011308
-0.012126
-0.012481
-0.012275
-0.011519
-0.010655
-0.009275
-0.008120
-0.007396
-0.005844
-0.003774
-0.001879
0.000110
0.001811
0.002784
0.003385
0.003358
0.002877
0.002237
0.000738
-0.001386
-0.003219
-0.005911
-0.009505
-0.012220
-0.014300
-0.015513
-0.015858
-0.015636
-0.014050
-0.011749
-0.009289
-0.006099
-0.002517
0.000847
0.003636
0.005229
0.005697
0.005310
0.004430
0.003394
0.001722
-0.000447
-0.002568
-0.004515
-0.005917
-0.006101
-0.006071
-0.006226
-0.006164
-0.006229
-0.005822
-0.005549
-0.005565
-0.005416
-0.005065
-0.004236
-0.002520
0.000618
0.003840
0.006658
0.009621
0.011437
0.012524
0.013984
0.015146
0.015981
0.016787
0.017816
0.018417
0.018257
0.017659
0.016333
0.014755
0.013290
0.012657
0.012587
0.012129
0.012481
0.013567
0.014073
0.014382
0.014729
0.014481
0.013936
0.013503
0.012438
0.010480
0.008605
0.007130
0.005601
0.004307
0.003803
0.003335
0.001929
0.000265
-0.000995
-0.002343
-0.003916
-0.005029
-0.004835
-0.003767
-0.003034
-0.002952
-0.003565
-0.004573
-0.004891
-0.004620
-0.004686
-0.004601
-0.004377
-0.003773
-0.002456
-0.001573
-0.001163
-0.000957
-0.001277
-0.001598
-0.001733
-0.002022
-0.002451
-0.003558
-0.005049
-0.006112
-0.006453
-0.005963
-0.004998
-0.003713
-0.001997
-0.000475
0.000044
-0.000230
-0.001493
-0.003540
-0.004916
-0.004909
-0.004273
-0.003206
-0.001319
0.001096
0.003491
0.005348
0.006779
0.007286
0.006360
0.004690
0.002202
-0.001029
-0.004133
-0.007120
-0.009594
-0.010756
-0.010924
-0.010359
-0.009011
-0.006972
-0.005003
-0.004128
-0.003702
-0.003360
-0.003273
-0.003720
-0.004417
-0.004525
-0.004306
-0.003744
-0.003511
-0.003695
-0.004044
-0.004641
-0.004828
-0.004491
-0.003586
-0.002340
-0.001715
-0.001552
-0.001068
-0.000665
-0.000205
0.000330
0.000590
0.000986
0.001286
0.001391
0.001261
0.000333
-0.000633
-0.001206
-0.001886
-0.002036
-0.001283
0.000323
0.002979
0.005553
0.007633
0.009460
0.010787
0.012278
0.013546
0.014066
0.013926
0.013054
0.012102
0.011267
0.010442
0.009560
0.008502
0.007795
0.006882
0.005340
0.003078
-0.000474
-0.004652
-0.008886
-0.013262
-0.017107
-0.019009
-0.018715
-0.016976
-0.014659
-0.012502
-0.010484
-0.008463
-0.006569
-0.004596
-0.002643
-0.001168
0.000085
0.001144
0.001524
0.000964
0.000105
-0.000909
-0.002029
-0.002298
-0.002133
-0.001901
-0.001680
-0.001427
-0.000756
0.000144
0.000526
-0.000242
-0.001669
-0.002896
-0.003874
-0.005058
-0.005937
-0.006508
-0.006906
-0.006592
-0.005926
-0.005443
-0.005004
-0.004324
-0.003534
-0.003062
-0.002976
-0.003182
-0.003245
-0.002581
-0.001244
0.000420
0.002214
0.004311
0.006124
0.006572
0.006415
0.006292
0.006234
0.006869
0.007659
0.008524
0.009567
0.010561
0.011832
0.013101
0.014166
0.014753
0.015324
0.016888
0.018917
0.021173
0.023326
0.024715
0.025775
0.026263
0.025801
0.024913
0.023233
0.020602
0.018113
0.016837
0.016647
0.017025
0.017938
0.018770
0.019197
0.018971
0.018106
0.016552
0.014346
0.012192
0.010214
0.008740
0.007603
0.006554
0.005974
0.005576
0.005178
0.004569
0.004277
0.004755
0.005620
0.006622
0.007349
0.008131
0.008921
0.009468
0.010183
0.011132
0.011910
0.012143
0.012242
0.012945
0.013650
0.013997
0.014378
0.014416
0.013859
0.013290
0.013031
0.012428
0.011207
0.009660
0.008728
0.008857
0.009165
0.009087
0.009181
0.010048
0.011439
0.012768
0.013727
0.014589
0.015269
0.015907
0.016721
0.017228
0.017413
0.017457
0.017540
0.017147
0.016393
0.016060
0.015613
0.015411
0.015729
0.015793
0.015281
0.014553
0.014029
0.013481
0.013004
0.012123
0.010941
0.009797
0.008228
0.007355
0.007158
0.006987
0.007279
0.007752
0.008993
0.010805
0.012070
0.013188
0.014384
0.015867
0.017811
0.019321
0.020155
0.020370
0.019510
0.018288
0.017009
0.014758
0.012035
0.009357
0.006971
0.005770
0.005457
0.005568
0.005675
0.005830
0.006718
0.008112
0.009513
0.010389
0.011379
0.012259
0.012362
0.012380
0.011675
0.010676
0.010094
0.009961
0.010634
0.011508
0.012123
0.012387
0.012610
0.012900
0.013384
0.014059
0.014862
0.016241
0.017417
0.018779
0.020806
0.022297
0.023060
0.022877
0.022042
0.021216
0.020394
0.019437
0.017779
0.015479
0.013552
0.011779
0.009813
0.008743
0.008266
0.007375
0.006591
0.006387
0.006479
0.006403
0.005747
0.004413
0.002793
0.001127
0.000445
0.001312
0.002308
0.003048
0.003297
0.003098
0.003384
0.003994
0.005177
0.006772
0.007843
0.009078
0.011219
0.013658
0.015629
0.016904
0.017283
0.016249
0.014339
0.012566
0.010630
0.008389
0.006508
0.005290
0.004765
0.004818
0.004836
0.005172
0.006121
0.007105
0.008005
0.008717
0.009614
0.010936
0.012168
0.013509
0.014680
0.015147
0.015342
0.015046
0.014352
0.013342
0.012144
0.011033
0.010126
0.009668
0.009358
0.008812
0.007738
0.006164
0.004575
0.003352
0.003034
0.003535
0.003873
0.003743
0.003021
0.002160
0.001364
0.000391
-0.000202
-0.000449
-0.000823
-0.001606
-0.003334
-0.005820
-0.007977
-0.009129
-0.009508
-0.009710
-0.009282
-0.008048
-0.006483
-0.004572
-0.002450
-0.000304
0.000599
0.000359
0.000377
0.000252
0.000216
0.000545
0.000572
0.000869
0.001728
0.002607
0.004042
0.005536
0.005521
0.004728
0.004358
0.004792
0.005721
0.006297
0.007165
0.007526
0.006892
0.006348
0.005457
0.004628
0.003659
0.002446
0.001773
0.001936
0.003206
0.004353
0.005167
0.006478
0.007874
0.008798
0.009528
0.010468
0.010709
0.010510
0.010755
0.010499
0.009319
0.008043
0.007334
0.007076
0.006751
0.006271
0.005539
0.004683
0.004109
0.003506
0.003334
0.003682
0.003719
0.003973
0.004318
0.003912
0.003581
0.003524
0.003272
0.003647
0.004676
0.005647
0.006552
0.007546
0.008100
0.007596
0.006184
0.004155
0.002584
0.001820
0.000474
-0.000560
-0.001139
-0.002113
-0.002432
-0.002215
-0.001804
-0.001453
-0.001721
-0.002718
-0.003531
-0.004250
-0.005278
-0.005893
-0.006132
-0.005908
-0.004995
-0.004053
-0.003315
-0.002130
-0.001202
-0.000787
0.000513
0.002277
0.003055
0.003124
0.003026
0.002841
0.002911
0.003012
0.003115
0.002850
0.001735
0.000720
0.000111
-0.000435
-0.000488
-0.000207
-0.000287
-0.000770
-0.001424
-0.001441
-0.001183
-0.001268
-0.001320
-0.001362
-0.001008
-0.000764
-0.000751
-0.000233
0.000546
0.001119
0.001134
0.000443
-0.001089
-0.002523
-0.003188
-0.003223
-0.003200
-0.004443
-0.005681
-0.006410
-0.007168
-0.006525
-0.005329
-0.004747
-0.003646
-0.001596
0.000638
0.002529
0.003728
0.004809
0.006205
0.007217
0.007954
0.008476
0.009241
0.010233
0.010704
0.011207
0.011032
0.010216
0.009740
0.008742
0.007513
0.006768
0.006956
0.008470
0.010577
0.012562
0.013885
0.014423
0.014633
0.015221
0.016034
0.016666
0.017662
0.017934
0.017077
0.016561
0.015867
0.014670
0.013769
0.012757
0.011486
0.010210
0.008905
0.008408
0.008079
0.006939
0.005888
0.005262
0.005455
0.006548
0.007541
0.007681
0.007248
0.006443
0.005392
0.004455
0.003360
0.002122
0.000485
-0.001272
-0.002507
-0.003720
-0.004673
-0.005297
-0.005947
-0.005933
-0.005523
-0.005114
-0.003997
-0.002482
-0.001494
-0.001217
-0.001122
-0.000230
0.000428
0.000135
-0.000766
-0.002009
-0.003072
-0.004257
-0.004972
-0.005237
-0.005122
-0.004187
-0.002995
-0.001927
-0.000691
0.000535
0.001228
0.001626
0.001694
0.001794
0.002506
0.003465
0.003711
0.003568
0.003389
0.002199
0.000703
-0.000691
-0.002397
-0.003977
-0.004781
-0.005176
-0.005518
-0.005165
-0.004302
-0.003066
-0.002092
-0.001750
-0.001768
-0.002347
-0.003325
-0.004489
-0.005720
-0.006802
-0.007477
-0.008463
-0.009787
-0.010761
-0.011407
-0.011625
-0.011535
-0.011126
-0.011170
-0.011717
-0.011451
-0.010649
-0.010320
-0.010276
-0.010329
-0.010084
-0.009769
-0.009825
-0.009615
-0.009853
-0.010404
-0.010771
-0.010888
-0.010838
-0.010905
-0.010941
-0.010673
-0.009854
-0.008739
-0.007269
-0.006202
-0.005597
-0.005339
-0.005717
-0.006316
-0.007193
-0.008226
-0.008951
-0.009184
-0.009569
-0.010090
-0.010430
-0.011197
-0.011911
-0.012136
-0.012686
-0.013416
-0.013650
-0.014180
-0.015167
-0.016075
-0.017174
-0.018172
-0.018677
-0.018907
-0.019008
-0.018935
-0.019027
-0.018935
-0.018617
-0.018325
-0.017983
-0.017702
-0.017381
-0.017193
-0.016486
-0.015131
-0.013937
-0.013242
-0.012906
-0.012597
-0.011827
-0.010459
-0.009033
-0.007198
-0.004830
-0.002472
-0.000146
0.001728
0.003268
0.004529
0.005306
0.006111
0.006851
0.007296
0.007477
0.007704
0.008092
0.008544
0.008404
0.007329
0.006589
0.006130
0.005367
0.004043
0.002514
0.001564
0.000562
-0.000339
-0.001105
-0.002067
-0.002582
-0.002707
-0.002882
-0.002664
-0.001846
-0.001227
-0.001623
-0.002594
-0.003618
-0.004703
-0.004995
-0.004748
-0.004696
-0.004448
-0.003601
-0.002756
-0.002120
-0.000928
0.000406
0.001357
0.002057
0.002590
0.002520
0.001550
-0.000013
-0.002124
-0.004689
-0.007240
-0.009540
-0.011667
-0.013890
-0.015993
-0.017495
-0.018361
-0.018773
-0.018933
-0.018627
-0.018032
-0.017504
-0.017274
-0.017163
-0.016866
-0.017035
-0.017344
-0.017959
-0.019315
-0.020103
-0.020291
-0.020182
-0.019981
-0.020189
-0.020453
-0.020949
-0.021800
-0.022228
-0.022720
-0.023437
-0.023282
-0.022608
-0.021685
-0.020341
-0.018801
-0.017623
-0.016945
-0.016330
-0.016019
-0.015889
-0.015772
-0.015368
-0.014865
-0.015053
-0.015587
-0.016126
-0.015699
-0.014177
-0.012931
-0.012383
-0.011737
-0.010353
-0.009378
-0.009422
-0.010339
-0.011919
-0.013091
-0.013663
-0.014390
-0.015495
-0.016668
-0.017594
-0.017844
-0.017607
-0.017597
-0.017387
-0.016591
-0.015603
-0.014513
-0.013655
-0.013141
-0.012449
-0.011722
-0.011371
-0.010748
-0.010071
-0.009719
-0.009300
-0.008886
-0.008697
-0.008863
-0.009532
-0.011161
-0.013158
-0.014511
-0.015230
-0.015212
-0.014296
-0.013102
-0.011953
-0.010920
-0.009488
-0.007851
-0.006947
-0.006304
-0.005630
-0.004755
-0.003617
-0.003075
-0.003381
-0.003877
-0.004392
-0.004562
-0.004327
-0.003850
-0.003280
-0.003082
-0.002941
-0.003475
-0.004473
-0.004990
-0.005796
-0.006300
-0.006151
-0.005605
-0.004485
-0.003455
-0.001978
-0.000310
0.001138
0.002879
0.003923
0.004674
0.005975
0.006624
0.007154
0.008191
0.008234
0.007876
0.008300
0.008491
0.008581
0.008899
0.009352
0.010127
0.010217
0.009863
0.009754
0.009312
0.008843
0.008301
0.007770
0.008013
0.008249
0.007581
0.005585
0.003219
0.001391
-0.000436
-0.001920
-0.002752
-0.003527
-0.004443
-0.005157
-0.005750
-0.006073
-0.006200
-0.006502
-0.006555
-0.006366
-0.006481
-0.006514
-0.006280
-0.006265
-0.006463
-0.006751
-0.006745
-0.006697
-0.006307
-0.005317
-0.004506
-0.003848
-0.003005
-0.001740
-0.000779
-0.000210
0.000597
0.000972
0.000603
0.000059
-0.000556
-0.001133
-0.001436
-0.002246
-0.003666
-0.005239
-0.007043
-0.009114
-0.011146
-0.012531
-0.013739
-0.014636
-0.014408
-0.013702
-0.013037
-0.012487
-0.012242
-0.012052
-0.011652
-0.011053
-0.010841
-0.010720
-0.010232
-0.009723
-0.009475
-0.009714
-0.010232
-0.010820
-0.011202
-0.011430
-0.011704
-0.011979
-0.011736
-0.010843
-0.010033
-0.009465
-0.008640
-0.007693
-0.007034
-0.006396
-0.006046
-0.005749
-0.004611
-0.003433
-0.002794
-0.002299
-0.001661
-0.000825
-0.000155
0.000622
0.001814
0.003245
0.004893
0.006664
0.007778
0.008281
0.009010
0.010133
0.011122
0.011458
0.011440
0.011123
0.010554
0.009865
0.009260
0.008869
0.008428
0.008511
0.008975
0.009166
0.009170
0.008907
0.008789
0.008925
0.008636
0.007963
0.007552
0.007151
0.006308
0.005342
0.004811
0.004662
0.004459
0.004294
0.004093
0.003478
0.002574
0.002053
0.001564
0.001064
0.000821
0.000704
0.000582
0.000373
0.000743
0.001347
0.002157
0.002975
0.003244
0.003389
0.003682
0.004231
0.004592
0.004531
0.004617
0.005015
0.005181
0.005095
0.004602
0.003930
0.003820
0.003807
0.003564
0.002868
0.001572
0.000024
-0.001209
-0.001495
-0.001116
-0.000709
-0.000485
-0.000205
0.000065
0.000604
0.001624
0.002644
0.003226
0.003283
0.003503
0.003768
0.003536
0.002936
0.002396
0.001572
0.000188
-0.001220
-0.002366
-0.003232
-0.003783
-0.004046
-0.003897
-0.003074
-0.002290
-0.001604
-0.000841
-0.000239
0.000633
0.001681
0.002850
0.004340
0.005963
0.007142
0.007734
0.008498
0.009518
0.010318
0.010972
0.010978
0.010434
0.010674
0.011409
0.011629
0.011083
0.010188
0.009374
0.008649
0.007789
0.006572
0.005243
0.004239
0.003666
0.003369
0.003562
0.003994
0.004041
0.003796
0.003804
0.003802
0.003752
0.004175
0.004508
0.004491
0.005000
0.006141
0.007275
0.008371
0.009098
0.009363
0.010123
0.011367
0.012291
0.012212
0.011166
0.010347
0.009950
0.010076
0.011079
0.011934
0.012171
0.011726
0.010495
0.009224
0.008497
0.008352
0.008977
0.010235
0.011101
0.011139
0.010687
0.010197
0.009811
0.009393
0.009294
0.009594
0.010523
0.011323
0.010661
0.009359
0.007858
0.005864
0.003577
0.001281
-0.000551
-0.001445
-0.001272
-0.000358
0.000061
-0.000295
-0.000389
-0.000651
-0.001094
-0.001078
-0.000967
-0.000641
0.000085
0.000102
-0.000940
-0.002481
-0.004441
-0.006737
-0.008160
-0.007434
-0.005454
-0.003443
-0.001566
0.000247
0.001790
0.002779
0.003100
0.003173
0.003687
0.004447
0.004809
0.004231
0.002755
0.001129
-0.000070
-0.000868
-0.001683
-0.002510
-0.002704
-0.002111
-0.001194
-0.000182
0.000727
0.001299
0.001848
0.002396
0.002816
0.003051
0.002630
0.001911
0.001051
-0.000290
-0.001884
-0.002926
-0.002666
-0.001729
-0.001161
-0.001409
-0.002390
-0.003132
-0.003227
-0.003091
-0.002652
-0.001936
-0.000924
0.000278
0.001114
0.001828
0.003006
0.004343
0.005637
0.006323
0.005922
0.004949
0.003870
0.002847
0.001940
0.001753
0.002093
0.002279
0.002107
0.001725
0.001844
0.002301
0.002841
0.003704
0.004378
0.004612
0.004314
0.003287
0.002147
0.000888
-0.000391
-0.001094
-0.001788
-0.002770
-0.003853
-0.005148
-0.006275
-0.007115
-0.007492
-0.007033
-0.006428
-0.005841
-0.004793
-0.003556
-0.002763
-0.002674
-0.003131
-0.003851
-0.004575
-0.005504
-0.006716
-0.007391
-0.007404
-0.007343
-0.007026
-0.006503
-0.006007
-0.005572
-0.005561
-0.005882
-0.006123
-0.006060
-0.005705
-0.005513
-0.005099
-0.004231
-0.003396
-0.002667
-0.002282
-0.002258
-0.001717
-0.000673
0.000221
0.001038
0.001502
0.001854
0.002421
0.003084
0.003907
0.004558
0.004359
0.003275
0.001922
0.000844
0.000667
0.000947
0.001226
0.001851
0.002486
0.002909
0.003116
0.003026
0.002786
0.002454
0.001909
0.001557
0.001569
0.001046
-0.000035
-0.001320
-0.002669
-0.003595
-0.004431
-0.005033
-0.005054
-0.004888
-0.004521
-0.003893
-0.002832
-0.001572
-0.000640
-0.000021
0.000171
0.000020
-0.000269
-0.000896
-0.002062
-0.003594
-0.004855
-0.005491
-0.005742
-0.005755
-0.005367
-0.004737
-0.004184
-0.003857
-0.003716
-0.003736
-0.004018
-0.004102
-0.004048
-0.003803
-0.003252
-0.002814
-0.002292
-0.001747
-0.001129
-0.000310
0.000530
0.001390
0.002359
0.003409
0.004085
0.003930
0.003856
0.004656
0.006149
0.008216
0.010309
0.011768
0.012250
0.012455
0.012651
0.012671
0.012660
0.012443
0.012542
0.013108
0.013805
0.014636
0.015115
0.015291
0.015474
0.015146
0.014724
0.014556
0.014151
0.013422
0.012137
0.010790
0.010207
0.009932
0.009781
0.009484
0.008729
0.008315
0.008405
0.008385
0.008286
0.008533
0.008732
0.008624
0.007996
0.006644
0.005487
0.004870
0.004460
0.004515
0.005141
0.005859
0.006229
0.006141
0.005543
0.004374
0.003221
0.002566
0.002573
0.003195
0.003597
0.003694
0.003872
0.004109
0.004417
0.004502
0.004277
0.003902
0.003308
0.002771
0.002732
0.002964
0.003224
0.003259
0.003112
0.003179
0.003142
0.002717
0.002232
0.002417
0.003230
0.003618
0.002790
0.001066
-0.000728
-0.001971
-0.002629
-0.003019
-0.002658
-0.001617
-0.000361
0.001131
0.002562
0.004263
0.005764
0.006414
0.007064
0.007821
0.008335
0.008800
0.009191
0.009242
0.009126
0.008910
0.008526
0.008164
0.007955
0.008013
0.008022
0.007560
0.007184
0.007376
0.007607
0.007769
0.008004
0.008154
0.008212
0.008586
0.009613
0.010793
0.011395
0.011256
0.010678
0.010081
0.009923
0.010267
0.010612
0.010712
0.010706
0.010325
0.009533
0.008746
0.008064
0.007511
0.007281
0.007343
0.007260
0.006957
0.007033
0.007524
0.007769
0.007673
0.007447
0.006887
0.005979
0.005417
0.005574
0.005995
0.006201
0.006029
0.005387
0.004481
0.003763
0.003277
0.003119
0.003272
0.003195
0.002670
0.001939
0.001183
0.000542
0.000209
-0.000060
-0.000557
-0.001320
-0.002481
-0.003919
-0.004968
-0.005176
-0.004750
-0.003917
-0.002849
-0.001726
-0.000701
-0.000143
-0.000303
-0.001067
-0.001990
-0.002255
-0.001883
-0.001088
0.000359
0.001831
0.003189
0.004560
0.005208
0.004750
0.003167
0.000840
-0.001337
-0.003369
-0.005621
-0.007794
-0.009590
-0.010989
-0.012145
-0.012708
-0.012294
-0.010830
-0.008284
-0.005061
-0.002072
-0.000292
-0.000560
-0.002924
-0.006482
-0.010467
-0.013810
-0.015782
-0.016513
-0.015895
-0.014113
-0.011889
-0.009797
-0.008205
-0.007204
-0.006349
-0.005222
-0.003807
-0.002774
-0.003117
-0.004673
-0.006536
-0.007763
-0.007806
-0.007209
-0.006959
-0.007502
-0.008560
-0.009136
-0.008732
-0.007871
-0.006701
-0.005432
-0.004948
-0.005469
-0.005999
-0.006088
-0.006015
-0.006011
-0.006428
-0.007325
-0.008386
-0.009563
-0.010818
-0.011638
-0.011988
-0.012092
-0.012144
-0.012361
-0.012542
-0.012640
-0.012410
-0.011443
-0.010328
-0.009643
-0.009352
-0.009544
-0.010080
-0.010723
-0.011064
-0.010862
-0.010357
-0.009715
-0.009166
-0.008641
-0.008031
-0.007377
-0.006641
-0.006112
-0.005849
-0.005479
-0.004825
-0.004145
-0.003931
-0.004493
-0.005617
-0.006877
-0.007942
-0.008710
-0.009063
-0.008949
-0.008605
-0.008029
-0.007075
-0.005807
-0.004482
-0.003261
-0.002814
-0.003588
-0.005003
-0.006307
-0.006954
-0.007037
-0.006588
-0.005807
-0.005265
-0.005200
-0.006037
-0.007421
-0.008456
-0.008695
-0.008058
-0.006904
-0.005687
-0.004768
-0.004035
-0.003510
-0.003291
-0.003262
-0.003499
-0.004019
-0.004873
-0.006067
-0.007116
-0.007233
-0.006685
-0.006321
-0.006262
-0.006569
-0.007213
-0.007839
-0.008362
-0.008474
-0.007938
-0.007351
-0.006939
-0.006732
-0.007192
-0.008057
-0.008982
-0.009848
-0.010087
-0.009509
-0.008441
-0.007284
-0.006169
-0.005198
-0.004500
-0.004031
-0.003705
-0.003374
-0.002879
-0.002454
-0.002328
-0.002038
-0.001479
-0.000809
-0.000229
0.000134
0.000620
0.001081
0.001278
0.001436
0.001860
0.002625
0.003505
0.004137
0.004462
0.004880
0.005493
0.005969
0.006154
0.006329
0.006798
0.007249
0.007348
0.007341
0.007589
0.007846
0.007874
0.007774
0.007587
0.007423
0.007139
0.006894
0.006886
0.007053
0.007367
0.007720
0.008069
0.008142
0.007650
0.006499
0.004879
0.003470
0.002618
0.002020
0.001234
0.000247
-0.000642
-0.001316
-0.001644
-0.001954
-0.002728
-0.003680
-0.004535
-0.005095
-0.005067
-0.004614
-0.004202
-0.004035
-0.004190
-0.004923
-0.005838
-0.006566
-0.007259
-0.008006
-0.008958
-0.009871
-0.010370
-0.010309
-0.009686
-0.008768
-0.007560
-0.006124
-0.004634
-0.003071
-0.001468
0.000304
0.001857
0.002282
0.001240
-0.000542
-0.002014
-0.002531
-0.001990
-0.000683
0.001203
0.003145
0.004755
0.006078
0.006926
0.007207
0.007193
0.006947
0.006586
0.006624
0.007008
0.007328
0.007599
0.008176
0.009232
0.010486
0.011289
0.011198
0.010470
0.009607
0.008803
0.007702
0.006296
0.005228
0.004416
0.003624
0.002979
0.002414
0.001970
0.001705
0.001812
0.002324
0.003084
0.004003
0.004940
0.005564
0.005558
0.005010
0.004333
0.003916
0.003810
0.003831
0.003711
0.003400
0.003140
0.003138
0.003401
0.003996
0.004963
0.005944
0.006486
0.006654
0.006901
0.007532
0.008088
0.008046
0.007934
0.008095
0.008192
0.007922
0.007340
0.006697
0.005855
0.004638
0.003282
0.002388
0.002187
0.002205
0.002240
0.002489
0.002932
0.003280
0.003323
0.003166
0.002929
0.002686
0.002411
0.002148
0.002195
0.002619
0.003320
0.004168
0.005195
0.006614
0.007986
0.008467
0.008141
0.007731
0.007412
0.007214
0.007301
0.007583
0.007991
0.008521
0.008866
0.008693
0.008090
0.007329
0.006794
0.006837
0.007425
0.008132
0.008676
0.009112
0.009094
0.008312
0.006900
0.005277
0.003980
0.002949
0.001917
0.001340
0.001613
0.002417
0.002845
0.002180
0.001035
0.000336
0.000510
0.001252
0.001872
0.002177
0.002077
0.001550
0.000556
-0.000636
-0.001451
-0.001898
-0.002103
-0.002123
-0.002118
-0.002052
-0.001698
-0.001025
-0.000442
-0.000285
-0.000623
-0.001282
-0.001851
-0.002208
-0.002451
-0.002734
-0.003229
-0.003797
-0.004364
-0.004787
-0.004990
-0.005047
-0.004764
-0.004390
-0.003998
-0.003466
-0.003208
-0.003250
-0.002993
-0.002263
-0.001665
-0.001557
-0.001577
-0.001477
-0.001277
-0.001077
-0.001288
-0.002035
-0.002885
-0.003621
-0.004294
-0.004949
-0.005457
-0.005633
-0.005626
-0.005633
-0.005716
-0.005787
-0.005840
-0.005875
-0.005846
-0.005827
-0.005799
-0.005651
-0.005251
-0.004777
-0.004620
-0.004857
-0.005481
-0.006167
-0.006349
-0.006222
-0.006021
-0.005551
-0.004812
-0.003958
-0.003251
-0.002873
-0.002565
-0.002268
-0.002063
-0.001711
-0.001488
-0.001650
-0.002219
-0.002994
-0.003287
-0.002912
-0.002151
-0.001582
-0.001496
-0.001627
-0.001927
-0.002432
-0.002907
-0.003044
-0.002717
-0.001804
-0.000192
0.001875
0.003564
0.004355
0.004673
0.004954
0.005335
0.005738
0.005820
0.005418
0.004949
0.004654
0.004162
0.003277
0.002038
0.000701
-0.000277
-0.000659
-0.000552
-0.000308
-0.000076
0.000170
0.000456
0.000775
0.000995
0.000977
0.000646
0.000241
0.000269
0.000816
0.001604
0.002454
0.002889
0.002701
0.002082
0.001203
0.000193
-0.001161
-0.002460
-0.002938
-0.002464
-0.001386
-0.000338
0.000276
0.000359
0.000208
0.000377
0.001002
0.001818
0.002620
0.003540
0.004665
0.005696
0.006124
0.005838
0.005432
0.005551
0.006052
0.006138
0.005428
0.004347
0.003536
0.003367
0.003882
0.004295
0.003807
0.002998
0.002797
0.003361
0.004115
0.004922
0.006079
0.007001
0.006536
0.004632
0.002895
0.002425
0.002665
0.002453
0.001334
-0.000199
-0.001431
-0.002515
-0.003525
-0.004217
-0.004618
-0.004671
-0.004177
-0.003470
-0.003136
-0.003522
-0.004477
-0.005373
-0.005946
-0.006120
-0.005999
-0.005915
-0.005563
-0.004564
-0.003158
-0.002088
-0.001712
-0.001668
-0.001777
-0.002079
-0.002504
-0.002828
-0.002687
-0.001962
-0.001085
-0.000227
0.000671
0.001413
0.001943
0.002260
0.002444
0.002483
0.002238
0.001933
0.001785
0.001839
0.002081
0.002125
0.001612
0.000661
-0.000292
-0.001021
-0.001382
-0.001007
-0.000216
0.000171
0.000094
0.000191
0.000767
0.001333
0.001480
0.001458
0.001583
0.001832
0.002036
0.001986
0.001651
0.001077
0.000446
0.000250
0.000515
0.000777
0.000562
-0.000130
-0.000828
-0.001307
-0.001506
-0.001560
-0.001673
-0.001827
-0.002079
-0.002400
-0.002639
-0.002678
-0.002531
-0.002455
-0.002566
-0.002675
-0.002729
-0.002850
-0.002878
-0.002873
-0.002850
-0.002444
-0.001773
-0.001265
-0.001228
-0.001763
-0.002538
-0.002988
-0.002630
-0.001395
0.000010
0.000769
0.000638
0.000129
0.000134
0.000786
0.001545
0.002197
0.002775
0.003247
0.003711
0.004173
0.004491
0.004526
0.004289
0.003944
0.003504
0.003049
0.002508
0.001718
0.001038
0.000771
0.000612
0.000074
-0.000899
-0.002149
-0.003421
-0.004284
-0.004522
-0.004378
-0.004240
-0.004192
-0.004053
-0.003690
-0.003173
-0.002605
-0.002138
-0.001695
-0.001242
-0.001159
-0.001366
-0.001517
-0.001539
-0.001506
-0.001434
-0.001365
-0.001658
-0.002387
-0.002983
-0.002703
-0.001427
-0.000001
0.000535
0.000194
-0.000081
0.000284
0.001079
0.001761
0.002140
0.002295
0.002032
0.001224
0.000283
-0.000104
0.000117
0.000203
-0.000184
-0.000668
-0.000793
-0.000448
0.000138
0.000762
0.001400
0.002085
0.002790
0.003471
0.003916
0.003953
0.003875
0.004027
0.004417
0.004930
0.005510
0.006144
0.006849
0.007651
0.008323
0.008546
0.008474
0.008499
0.008662
0.008669
0.008498
0.008334
0.008299
0.008468
0.008792
0.009158
0.009480
0.009821
0.010125
0.010223
0.010106
0.009805
0.009387
0.008735
0.007721
0.006472
0.005111
0.003611
0.002127
0.001039
0.000316
-0.000149
-0.000356
-0.000517
-0.000744
-0.001079
-0.001470
-0.001826
-0.002103
-0.002271
-0.002418
-0.002655
-0.003032
-0.003428
-0.003648
-0.003631
-0.003449
-0.003177
-0.003029
-0.003161
-0.003327
-0.003482
-0.003718
-0.003896
-0.003979
-0.004096
-0.004170
-0.004114
-0.004193
-0.004614
-0.005237
-0.005784
-0.006263
-0.006911
-0.007592
-0.008052
-0.008110
-0.007622
-0.006868
-0.006177
-0.005597
-0.004924
-0.003893
-0.002615
-0.001602
-0.001400
-0.002033
-0.002987
-0.003702
-0.003933
-0.003823
-0.003765
-0.004044
-0.004394
-0.004488
-0.004401
-0.004358
-0.004463
-0.004693
-0.004906
-0.004950
-0.004832
-0.004544
-0.004115
-0.003675
-0.003417
-0.003469
-0.003632
-0.003757
-0.003773
-0.003605
-0.003311
-0.002967
-0.002741
-0.002627
-0.002481
-0.002410
-0.002457
-0.002364
-0.002054
-0.001586
-0.000995
-0.000470
-0.000217
-0.000327
-0.000745
-0.001318
-0.001842
-0.002272
-0.002653
-0.002900
-0.003071
-0.003260
-0.003461
-0.003566
-0.003402
-0.003101
-0.002922
-0.002956
-0.003065
-0.003078
-0.003108
-0.003372
-0.003848
-0.004265
-0.004468
-0.004603
-0.004824
-0.005002
-0.004913
-0.004558
-0.004068
-0.003618
-0.003280
-0.002911
-0.002439
-0.001965
-0.001527
-0.001131
-0.000982
-0.001189
-0.001552
-0.001842
-0.001926
-0.001718
-0.001387
-0.001207
-0.001249
-0.001473
-0.001723
-0.001871
-0.001928
-0.002002
-0.002082
-0.001971
-0.001630
-0.001270
-0.001108
-0.001131
-0.001208
-0.001199
-0.001135
-0.001168
-0.001240
-0.001283
-0.001289
-0.001227
-0.001057
-0.000838
-0.000705
-0.000593
-0.000402
-0.000061
0.000409
0.000848
0.001187
0.001396
0.001506
0.001601
0.001660
0.001656
0.001545
0.001373
0.001303
0.001319
0.001332
0.001282
0.001218
0.001240
0.001278
0.001224
0.001100
0.000996
0.000809
0.000566
0.000461
0.000350
0.000088
-0.000237
-0.000491
-0.000732
-0.001084
-0.001446
-0.001737
-0.001994
-0.002199
-0.002297
-0.002241
-0.001945
-0.001549
-0.001377
-0.001573
-0.001983
-0.002275
-0.002362
-0.002376
-0.002348
-0.002235
-0.001989
-0.001607
-0.001154
-0.000711
-0.000365
-0.000106
0.000112
0.000279
0.000463
0.000627
0.000624
0.000410
0.000080
-0.000192
-0.000304
-0.000230
-0.000041
0.000062
0.000004
-0.000041
0.000050
0.000162
0.000165
0.000094
0.000012
-0.000008
0.000098
0.000310
0.000576
0.000862
0.001240
0.001621
0.001708
0.001420
0.001008
0.000735
0.000549
0.000279
-0.000087
-0.000517
-0.000892
-0.001064
-0.001045
-0.001003
-0.001145
-0.001403
-0.001486
-0.001304
-0.001057
-0.000940
-0.000861
-0.000632
-0.000217
0.000279
0.000688
0.000956
0.001117
0.001218
0.001350
0.001527
0.001734
0.001874
0.001870
0.001854
0.001891
0.001937
0.001944
0.001937
0.001995
0.002028
0.001944
0.001875
0.001976
0.002234
0.002454
0.002506
0.002494
0.002523
0.002559
0.002543
0.002448
0.002238
0.001963
0.001741
0.001589
0.001494
0.001454
0.001422
0.001405
0.001423
0.001468
0.001540
0.001626
0.001707
0.001748
0.001747
0.001718
0.001702
0.001754
0.001860
0.002002
0.002155
0.002267
0.002357
0.002441
0.002479
0.002486
0.002494
0.002501
0.002485
0.002392
0.002248
0.002139
0.002106
0.002109
0.002111
0.002140
0.002202
0.002263
0.002244
0.002137
0.002041
0.002019
0.002049
0.002075
0.002054
0.002025
0.002032
0.002018
0.001931
0.001800
0.001672
0.001581
0.001547
0.001562
0.001603
0.001630
0.001619
0.001600
0.001578
0.001533
0.001474
0.001419
0.001364
0.001288
0.001171
0.001012
0.000845
0.000698
0.000584
0.000498
0.000442
0.000445
0.000508
0.000596
0.000672
0.000720
0.000752
0.000765
0.000768
0.000760
0.000729
0.000696
0.000658
0.000598
0.000520
0.000448
0.000388
0.000340
0.000312
0.000284
0.000235
0.000178
0.000130
0.000087
0.000054
0.000034
0.000015
-0.000004
-0.000007
0.000005
0.000009
-0.000000
-0.000013
-0.000019
-0.000013
-0.000007
-0.000011
-0.000013
-0.000005
0.000009
0.000020
0.000025
0.000025
0.000027
0.000025
0.000013
-0.000012
-0.000044
-0.000066
-0.000082
-0.000097
-0.000113
-0.000122
-0.000118
-0.000106
-0.000098
-0.000101
-0.000116
-0.000135
-0.000147
-0.000159
-0.000168
-0.000168
-0.000171
-0.000180
-0.000193
-0.000204
-0.000209
-0.000216
-0.000224
-0.000221
-0.000217
-0.000223
-0.000229
-0.000235
-0.000237
-0.000234
-0.000233
-0.000234
-0.000240
-0.000250
-0.000253
-0.000252
-0.000247
-0.000242
-0.000245
-0.000248
-0.000245
-0.000241
-0.000232
-0.000222
-0.000216
-0.000212
-0.000210
-0.000209
-0.000206
-0.000206
-0.000208
-0.000209
-0.000211
-0.000217
-0.000224
-0.000228
-0.000229
-0.000222
-0.000208
-0.000196
-0.000193
-0.000200
-0.000213
-0.000220
-0.000215
-0.000200
-0.000185
-0.000179
-0.000186
-0.000198
-0.000207
-0.000205
-0.000198
-0.000192
-0.000191
-0.000195
-0.000201
-0.000204
-0.000204
-0.000203
-0.000202
-0.000202
-0.000202
-0.000202
-0.000202
-0.000202
-0.000203
-0.000203
-0.000202
-0.000201
-0.000200
-0.000199
-0.000199
-0.000198
-0.000198
-0.000197
-0.000197
-0.000198
-0.000198
-0.000198
-0.000198
-0.000198
-0.000198
-0.000198
-0.000198
-0.000198
-0.000198
-0.000198
-0.000197
-0.000197
-0.000197
-0.000196
-0.000196
-0.000195
-0.000195
-0.000194
-0.000194
-0.000194
-0.000193
-0.000193
-0.000192
-0.000192
-0.000191
-0.000191
-0.000190
-0.000190
-0.000189
-0.000188
-0.000188
-0.000187
-0.000187
-0.000186
-0.000185
-0.000185
-0.000184
-0.000183
-0.000183
-0.000182
-0.000181
-0.000180
-0.000180
-0.000179
-0.000178
-0.000177
-0.000177
