0.000000
-0.032032
-0.019168
0.005700
0.005700
0.006128
0.006252
0.006296
0.006328
0.006364
0.006404
0.006448
0.006492
0.006524
0.006552
0.006580
0.006596
0.006576
0.006532
0.006460
0.006400
0.006380
0.006388
0.006396
0.006408
0.006404
0.006384
0.006348
0.006300
0.006228
0.006116
0.005968
0.005808
0.005688
0.005620
0.005540
0.005408
0.005216
0.005000
0.004788
0.004608
0.004552
0.004680
0.004908
0.005132
0.005308
0.005360
0.005288
0.005176
0.005092
0.005016
0.004872
0.004676
0.004484
0.004372
0.004388
0.004448
0.004416
0.004220
0.003960
0.003776
0.003704
0.003800
0.004232
0.005012
0.005836
0.006360
0.006400
0.006036
0.005536
0.005108
0.004760
0.004540
0.004568
0.004744
0.004812
0.004640
0.004328
0.004032
0.003808
0.003660
0.003636
0.003728
0.003844
0.003944
0.004064
0.004240
0.004456
0.004636
0.004592
0.004236
0.003808
0.003608
0.003704
0.003932
0.004072
0.004100
0.004104
0.004160
0.004256
0.004348
0.004440
0.004560
0.004696
0.004844
0.005012
0.005200
0.005376
0.005364
0.004936
0.004260
0.003868
0.003944
0.004140
0.004164
0.004064
0.003984
0.003952
0.003832
0.003524
0.003072
0.002588
0.002136
0.001724
0.001288
0.000848
0.000560
0.000892
0.002132
0.003692
0.004608
0.004476
0.003708
0.003292
0.004092
0.006232
0.008936
0.010896
0.011060
0.009348
0.006804
0.004736
0.003676
0.003340
0.003024
0.002332
0.001480
0.000756
0.000164
-0.000364
-0.000524
0.000176
0.001528
0.002496
0.002296
0.001612
0.001860
0.003152
0.004504
0.005260
0.005220
0.004392
0.003248
0.002576
0.002952
0.004088
0.005300
0.006480
0.007240
0.006408
0.004032
0.001536
-0.000316
-0.001640
-0.002368
-0.002248
-0.001412
-0.000304
0.001060
0.003252
0.006524
0.010180
0.012988
0.013504
0.010864
0.006340
0.001944
-0.002300
-0.006824
-0.010164
-0.010592
-0.008336
-0.005284
-0.003624
-0.004344
-0.006372
-0.007996
-0.008836
-0.009128
-0.008496
-0.006820
-0.004800
-0.002964
-0.001156
0.000896
0.003228
0.005532
0.007112
0.007752
0.008108
0.008708
0.009452
0.010024
0.010264
0.009988
0.008364
0.004788
0.000324
-0.002524
-0.001832
0.001232
0.003256
0.002256
-0.000636
-0.003160
-0.004636
-0.005536
-0.005528
-0.004212
-0.002300
-0.000564
0.001012
0.002856
0.005088
0.007120
0.007596
0.005860
0.003068
0.000528
-0.001444
-0.002464
-0.002172
-0.001160
-0.000304
0.000268
0.000908
0.001856
0.003092
0.004864
0.007652
0.011212
0.014916
0.018212
0.019192
0.016020
0.010264
0.005364
0.002892
0.001672
-0.000092
-0.002776
-0.005476
-0.007544
-0.009256
-0.010024
-0.006820
0.003100
0.017288
0.026924
0.023952
0.011264
-0.000244
-0.003260
0.001364
0.007484
0.010232
0.009704
0.007676
0.004588
0.000784
-0.002648
-0.004808
-0.005508
-0.004384
-0.000820
0.004408
0.009668
0.014244
0.018712
0.023528
0.027228
0.027844
0.025828
0.023544
0.022244
0.021100
0.019024
0.016220
0.012768
0.007280
-0.000636
-0.008960
-0.015272
-0.017680
-0.014404
-0.005972
0.003684
0.011788
0.019052
0.026180
0.031260
0.031504
0.026400
0.018256
0.010312
0.004484
0.001048
-0.000080
0.000488
0.001176
0.001048
0.000540
0.000240
0.000424
0.000856
0.000776
-0.000132
-0.000996
0.000584
0.006248
0.014460
0.021232
0.023296
0.022084
0.021440
0.022568
0.023920
0.023348
0.018400
0.007224
-0.008280
-0.022956
-0.033040
-0.038224
-0.039844
-0.040028
-0.040488
-0.041268
-0.040880
-0.037004
-0.027160
-0.010972
0.007476
0.023700
0.035764
0.042124
0.041580
0.035268
0.026784
0.018852
0.011568
0.005944
0.005952
0.013772
0.024380
0.026456
0.013320
-0.007936
-0.025484
-0.034948
-0.037532
-0.034576
-0.028296
-0.020980
-0.012936
-0.007224
-0.008952
-0.016408
-0.022944
-0.024760
-0.021008
-0.012300
-0.001456
0.007972
0.014796
0.020048
0.024476
0.027832
0.028640
0.025516
0.018944
0.010136
0.000828
-0.005152
0.000652
0.025964
0.066252
0.102196
0.110428
0.087672
0.055708
0.033916
0.025248
0.024168
0.025204
0.025608
0.020584
0.003648
-0.023420
-0.050604
-0.066724
-0.060184
-0.030100
0.007152
0.036552
0.053396
0.058108
0.054600
0.046852
0.037632
0.029452
0.024404
0.023200
0.024704
0.026780
0.028260
0.029988
0.033624
0.037920
0.035268
0.020040
-0.001788
-0.019048
-0.024728
-0.017628
-0.001912
0.015260
0.029936
0.042564
0.053544
0.062872
0.071880
0.081724
0.091252
0.097676
0.094272
0.067776
0.009548
-0.069160
-0.139936
-0.176940
-0.178652
-0.162624
-0.135716
-0.090848
-0.031784
0.020176
0.049356
0.064540
0.083764
0.111776
0.145352
0.200104
0.299548
0.411916
0.448620
0.349896
0.155152
-0.016256
-0.076372
-0.052724
-0.033360
-0.055824
-0.088908
-0.089744
-0.038128
0.045396
0.088644
0.031784
-0.090500
-0.182248
-0.190616
-0.135960
-0.057556
0.019324
0.080280
0.128644
0.186204
0.292768
0.541812
0.881076
0.842228
0.198552
-0.410320
-0.444356
-0.293512
-0.480704
-0.828784
-0.864464
-0.483840
0.024716
0.333940
0.378372
0.301452
0.229052
0.199876
0.187980
0.132844
0.020332
-0.070956
-0.043732
0.164472
0.535924
0.818640
0.741056
0.488528
0.348940
0.178272
-0.161432
-0.427508
-0.392272
-0.159004
0.018876
0.037440
-0.011820
-0.034328
-0.047056
-0.092716
-0.150020
-0.174164
-0.161252
-0.119212
0.019876
0.337492
0.740752
1.015260
1.040180
0.825472
0.436876
-0.015140
-0.358608
-0.489244
-0.472592
-0.389732
-0.268256
-0.152436
-0.072260
-0.013420
0.046344
0.099060
0.113600
0.074672
-0.004452
-0.091668
-0.145088
-0.126432
-0.012712
0.168832
0.327744
0.397544
0.389736
0.336588
0.246040
0.116436
-0.019128
-0.101920
-0.114908
-0.089700
-0.054836
-0.010380
0.049504
0.109340
0.136840
0.104092
0.003448
-0.135924
-0.243464
-0.264332
-0.211036
-0.123228
-0.037992
0.002896
-0.020044
-0.091620
-0.175524
-0.227496
-0.222804
-0.165304
-0.077456
0.010496
0.085388
0.152928
0.215956
0.264684
0.276364
0.236168
0.161252
0.083884
0.025564
0.016620
0.093596
0.242888
0.399148
0.484288
0.443340
0.281464
0.074752
-0.075836
-0.127968
-0.097808
-0.002424
0.122916
0.200704
0.185380
0.103992
-0.003108
-0.107580
-0.176448
-0.198060
-0.193104
-0.169756
-0.122076
-0.061060
-0.006720
0.032928
0.056940
0.064576
0.063800
0.065460
0.070196
0.075408
0.083968
0.104156
0.148136
0.209520
0.260800
0.272060
0.222276
0.093656
-0.086616
-0.213124
-0.221408
-0.144812
-0.011712
0.168180
0.322224
0.365812
0.294528
0.157076
-0.006556
-0.172692
-0.319344
-0.422144
-0.454432
-0.416252
-0.319800
-0.167616
0.012964
0.179084
0.305964
0.388008
0.411028
0.320572
0.113972
-0.071956
-0.115652
-0.041868
0.055276
0.114332
0.126112
0.100240
0.048932
-0.008124
-0.042060
-0.020612
0.086884
0.264064
0.419788
0.468752
0.399868
0.265344
0.131668
0.046224
0.030232
0.057560
0.082384
0.088520
0.081572
0.054012
0.003032
-0.050524
-0.097228
-0.140112
-0.176808
-0.199604
-0.210240
-0.216284
-0.216828
-0.208348
-0.186572
-0.154796
-0.125728
-0.101484
-0.072896
-0.040392
-0.010352
0.011392
0.019972
0.023540
0.040864
0.087908
0.166160
0.239528
0.259756
0.234444
0.207544
0.203368
0.220960
0.241656
0.237732
0.180816
0.060304
-0.094664
-0.234144
-0.312820
-0.312704
-0.253424
-0.167716
-0.091604
-0.051484
-0.035232
-0.010596
0.041656
0.122272
0.216168
0.304768
0.350856
0.313596
0.190804
0.024196
-0.104860
-0.132232
-0.062236
0.055948
0.155364
0.195140
0.167428
0.076456
-0.046632
-0.158972
-0.223560
-0.220268
-0.156420
-0.047932
0.106200
0.313052
0.513456
0.579108
0.459736
0.235556
0.012632
-0.129404
-0.175568
-0.199020
-0.263796
-0.353780
-0.428584
-0.476784
-0.503444
-0.506500
-0.459120
-0.321684
-0.101052
0.119248
0.244808
0.248304
0.162096
0.013896
-0.168556
-0.333272
-0.450068
-0.507524
-0.510932
-0.492816
-0.481524
-0.479368
-0.461696
-0.403864
-0.291480
-0.134196
0.030304
0.151316
0.191868
0.165588
0.117544
0.082744
0.072904
0.084384
0.128180
0.232384
0.364940
0.433724
0.400308
0.310408
0.226684
0.169036
0.110216
0.033220
-0.048000
-0.113764
-0.147076
-0.153268
-0.158800
-0.181552
-0.229012
-0.308324
-0.399244
-0.455592
-0.455156
-0.424756
-0.405324
-0.419104
-0.464672
-0.494096
-0.451968
-0.329284
-0.154716
0.038176
0.243076
0.474468
0.717040
0.915992
1.034440
1.023092
0.843304
0.557904
0.246952
-0.045544
-0.265844
-0.370324
-0.338744
-0.199932
-0.044360
0.073148
0.174644
0.285052
0.384548
0.433076
0.402044
0.292552
0.137420
-0.008624
-0.094604
-0.105088
-0.073252
-0.044304
-0.052224
-0.115996
-0.207112
-0.298404
-0.369608
-0.400612
-0.418428
-0.447140
-0.477400
-0.490040
-0.459392
-0.382888
-0.294524
-0.243832
-0.253844
-0.290424
-0.327684
-0.371740
-0.426328
-0.485876
-0.543444
-0.591688
-0.597564
-0.533000
-0.390016
-0.190204
0.014944
0.190344
0.318088
0.412908
0.495612
0.547136
0.559212
0.529604
0.431436
0.242968
-0.013208
-0.257204
-0.434828
-0.544388
-0.581364
-0.561784
-0.522684
-0.471012
-0.406968
-0.334732
-0.275036
-0.271872
-0.351048
-0.507512
-0.680184
-0.801676
-0.846588
-0.796184
-0.634248
-0.369244
-0.075664
0.123608
0.155060
0.056744
-0.072700
-0.181576
-0.256136
-0.288004
-0.299520
-0.329440
-0.393324
-0.467316
-0.505920
-0.503560
-0.502072
-0.521000
-0.549116
-0.573720
-0.586272
-0.546164
-0.424268
-0.254748
-0.110976
-0.040484
-0.025860
-0.049616
-0.097868
-0.133376
-0.115584
-0.031004
0.092624
0.206836
0.266736
0.278720
0.286616
0.309388
0.332336
0.315528
0.235400
0.100500
-0.063984
-0.240316
-0.413072
-0.552864
-0.663952
-0.768564
-0.858492
-0.910200
-0.928816
-0.936288
-0.925808
-0.883900
-0.806616
-0.708020
-0.623020
-0.577272
-0.581936
-0.635768
-0.728064
-0.847060
-0.963812
-1.036572
-1.045084
-1.009464
-0.978064
-0.982568
-1.031224
-1.118984
-1.218728
-1.279572
-1.223376
-0.991820
-0.598932
-0.115896
0.336124
0.607644
0.617716
0.389876
0.024104
-0.329516
-0.531576
-0.538184
-0.442780
-0.371536
-0.360280
-0.388344
-0.436700
-0.488440
-0.539508
-0.602140
-0.671448
-0.742988
-0.816508
-0.852944
-0.840936
-0.777412
-0.655300
-0.523848
-0.417684
-0.352168
-0.344908
-0.363168
-0.373452
-0.384560
-0.396324
-0.396888
-0.394592
-0.431404
-0.527492
-0.645056
-0.700712
-0.645708
-0.511412
-0.367036
-0.276332
-0.237620
-0.221312
-0.191416
-0.133040
-0.059968
0.031504
0.133160
0.220156
0.287576
0.334804
0.338052
0.295676
0.238632
0.197012
0.169576
0.124560
0.043016
-0.068032
-0.191836
-0.296372
-0.356984
-0.395192
-0.434096
-0.472780
-0.512892
-0.553348
-0.585812
-0.622692
-0.673508
-0.724444
-0.783704
-0.864556
-0.961756
-1.055980
-1.125372
-1.146400
-1.110712
-1.055716
-1.008092
-0.983204
-0.989652
-1.005556
-1.004704
-0.972652
-0.912016
-0.844268
-0.797412
-0.771652
-0.727664
-0.624088
-0.439012
-0.199904
0.007740
0.140616
0.211160
0.245808
0.257072
0.249760
0.235468
0.218560
0.209480
0.202288
0.195240
0.195440
0.193240
0.184908
0.177332
0.158016
0.110800
0.039336
-0.037280
-0.077448
-0.079152
-0.081784
-0.095120
-0.123624
-0.179384
-0.254288
-0.335372
-0.412356
-0.459904
-0.482628
-0.501908
-0.522492
-0.555948
-0.604284
-0.660688
-0.717284
-0.766328
-0.805888
-0.837072
-0.862576
-0.884104
-0.892124
-0.882860
-0.870052
-0.852320
-0.823216
-0.775956
-0.702092
-0.609760
-0.505220
-0.412248
-0.349436
-0.316696
-0.314700
-0.313640
-0.296132
-0.272396
-0.229664
-0.147100
-0.024888
0.109944
0.224032
0.313112
0.390684
0.457444
0.502864
0.514764
0.496480
0.474700
0.467248
0.467272
0.465304
0.460528
0.455228
0.450580
0.433324
0.410576
0.397416
0.387416
0.393024
0.416712
0.452748
0.510600
0.585068
0.666584
0.755756
0.835056
0.900204
0.959004
1.003408
1.044824
1.086396
1.119924
1.161696
1.209916
1.256172
1.318512
1.385196
1.440880
1.484904
1.495736
1.468268
1.433344
1.417616
1.427472
1.465140
1.514476
1.566020
1.624980
1.686156
1.739936
1.766856
1.752096
1.684832
1.568520
1.418372
1.258336
1.100988
0.944408
0.802044
0.675428
0.579156
0.526192
0.503240
0.501284
0.501272
0.492032
0.485660
0.474632
0.450108
0.411776
0.358556
0.311764
0.288288
0.274900
0.264208
0.261852
0.252304
0.246536
0.255068
0.260064
0.267820
0.273924
0.283928
0.292388
0.295084
0.310212
0.323584
0.341804
0.361264
0.379784
0.408472
0.431308
0.447996
0.467072
0.494344
0.512892
0.513788
0.509736
0.499828
0.487832
0.480224
0.472352
0.469440
0.484828
0.507652
0.528256
0.535728
0.518680
0.485100
0.450940
0.426072
0.400580
0.376172
0.366240
0.352392
0.340888
0.342552
0.337596
0.334568
0.332932
0.336680
0.347316
0.362420
0.399468
0.452836
0.502936
0.555868
0.614548
0.675196
0.735568
0.777064
0.801848
0.815668
0.812272
0.811292
0.817096
0.812976
0.808876
0.804972
0.796732
0.781012
0.768856
0.758636
0.738720
0.727164
0.717768
0.693492
0.652532
0.607612
0.563780
0.517812
0.479436
0.455920
0.431380
0.398924
0.365796
0.334872
0.307908
0.272004
0.236716
0.205720
0.182628
0.168504
0.142640
0.122968
0.105244
0.065212
0.023016
-0.016240
-0.056208
-0.091092
-0.126964
-0.150376
-0.164436
-0.181276
-0.186668
-0.167752
-0.133416
-0.102280
-0.056824
0.009732
0.072848
0.153876
0.264376
0.378924
0.501268
0.628512
0.745296
0.828372
0.864232
0.875784
0.870232
0.857600
0.848876
0.835232
0.821664
0.806188
0.788928
0.783704
0.790280
0.796512
0.803820
0.810880
0.817560
0.826012
0.829444
0.833136
0.828068
0.808900
0.791520
0.761548
0.724440
0.691540
0.630116
0.559764
0.495256
0.421100
0.364680
0.319888
0.273280
0.241000
0.221248
0.204128
0.197020
0.208748
0.221616
0.223980
0.232596
0.250624
0.260800
0.267540
0.283964
0.303488
0.318588
0.340676
0.362432
0.375468
0.378916
0.393288
0.417340
0.434924
0.477444
0.531788
0.589152
0.665752
0.741096
0.817444
0.893088
0.940380
0.977228
1.011316
1.031508
1.043600
1.061428
1.083884
1.083416
1.075476
1.070808
1.055800
1.030456
0.999928
0.964144
0.922056
0.890128
0.851164
0.797604
0.738292
0.648068
0.518344
0.346900
0.152328
-0.020876
-0.170400
-0.304324
-0.390412
-0.416752
-0.409932
-0.369968
-0.301140
-0.237028
-0.188464
-0.152516
-0.145184
-0.169916
-0.201276
-0.234552
-0.262972
-0.276664
-0.288104
-0.297988
-0.302408
-0.311788
-0.327760
-0.337288
-0.339368
-0.358512
-0.374428
-0.358332
-0.348240
-0.327820
-0.280272
-0.228980
-0.176064
-0.125580
-0.073372
-0.016688
0.044268
0.118404
0.218192
0.324096
0.421664
0.524140
0.613612
0.668264
0.708288
0.734292
0.718016
0.693212
0.677544
0.656932
0.642192
0.623700
0.601188
0.590272
0.581772
0.545096
0.498920
0.439028
0.363212
0.299008
0.212504
0.120324
0.045152
-0.026128
-0.073728
-0.110680
-0.157200
-0.191716
-0.216696
-0.243324
-0.256780
-0.254640
-0.257668
-0.268544
-0.261340
-0.256752
-0.263744
-0.262696
-0.270280
-0.277760
-0.290012
-0.309244
-0.319092
-0.349136
-0.391244
-0.405888
-0.418284
-0.443960
-0.450916
-0.454848
-0.461836
-0.452120
-0.448276
-0.447552
-0.440880
-0.435188
-0.431236
-0.438284
-0.443320
-0.452544
-0.474704
-0.487800
-0.507788
-0.546312
-0.576864
-0.600404
-0.629052
-0.658612
-0.691168
-0.709716
-0.724388
-0.748884
-0.754516
-0.750156
-0.751684
-0.765800
-0.773700
-0.767236
-0.777108
-0.793100
-0.797124
-0.801116
-0.813228
-0.816320
-0.807000
-0.804900
-0.809280
-0.808648
-0.803476
-0.796012
-0.785540
-0.764828
-0.739904
-0.709088
-0.667116
-0.617432
-0.554412
-0.479352
-0.393316
-0.303800
-0.216220
-0.139636
-0.084300
-0.027512
0.027228
0.072268
0.114220
0.137792
0.163944
0.191200
0.198284
0.206484
0.219320
0.229060
0.241952
0.247024
0.253484
0.266772
0.262996
0.258968
0.240692
0.180440
0.101676
0.004808
-0.126568
-0.264148
-0.373884
-0.456652
-0.512844
-0.543356
-0.539588
-0.515596
-0.493592
-0.476796
-0.467012
-0.461144
-0.455704
-0.446316
-0.445300
-0.437428
-0.411140
-0.380540
-0.352348
-0.330936
-0.311808
-0.301140
-0.294616
-0.293240
-0.297180
-0.296768
-0.300020
-0.297380
-0.292644
-0.310812
-0.332924
-0.353040
-0.394680
-0.436216
-0.474512
-0.509036
-0.520176
-0.526544
-0.537980
-0.548444
-0.545192
-0.540104
-0.542896
-0.542212
-0.542128
-0.522868
-0.503732
-0.493128
-0.471296
-0.459608
-0.457868
-0.463620
-0.476852
-0.492208
-0.498688
-0.502912
-0.509572
-0.501604
-0.500540
-0.506912
-0.504388
-0.506260
-0.499932
-0.492588
-0.501124
-0.501832
-0.496812
-0.491424
-0.481832
-0.475636
-0.471384
-0.460900
-0.461728
-0.470708
-0.473848
-0.482876
-0.484884
-0.490984
-0.489228
-0.476908
-0.479164
-0.475308
-0.467164
-0.468600
-0.474400
-0.480168
-0.489504
-0.496548
-0.494356
-0.488704
-0.483356
-0.484960
-0.486952
-0.483996
-0.488992
-0.491004
-0.492724
-0.500084
-0.493484
-0.482880
-0.483268
-0.479316
-0.465320
-0.459184
-0.457348
-0.448276
-0.439684
-0.431620
-0.417840
-0.402372
-0.394076
-0.386156
-0.373872
-0.365520
-0.351044
-0.336792
-0.332468
-0.316572
-0.298304
-0.289168
-0.271092
-0.255452
-0.246644
-0.229988
-0.212620
-0.207792
-0.202472
-0.198368
-0.200276
-0.193896
-0.189448
-0.192980
-0.201640
-0.207272
-0.212248
-0.226004
-0.231916
-0.237116
-0.252528
-0.251444
-0.243716
-0.235520
-0.213276
-0.185464
-0.157592
-0.135840
-0.121588
-0.109484
-0.095992
-0.089404
-0.078980
-0.065484
-0.062760
-0.065740
-0.076504
-0.096284
-0.123500
-0.148528
-0.174476
-0.200080
-0.220664
-0.239520
-0.244904
-0.243956
-0.250020
-0.250408
-0.253244
-0.259908
-0.272716
-0.302296
-0.317780
-0.328168
-0.350112
-0.352256
-0.340600
-0.345296
-0.343900
-0.321380
-0.309444
-0.296480
-0.262820
-0.220956
-0.170432
-0.118296
-0.068028
-0.021848
0.029976
0.085420
0.120740
0.151528
0.177252
0.191232
0.202764
0.208464
0.218624
0.231360
0.242284
0.255344
0.269140
0.286856
0.296832
0.300804
0.312140
0.316592
0.320448
0.334816
0.343248
0.355224
0.379280
0.396688
0.406232
0.427096
0.449904
0.457020
0.463520
0.463836
0.456128
0.447920
0.430440
0.402936
0.372604
0.349136
0.319384
0.291620
0.268360
0.242320
0.224280
0.206340
0.192504
0.177656
0.147612
0.104024
0.048464
-0.012224
-0.075400
-0.120244
-0.139396
-0.142416
-0.109656
-0.059316
-0.007972
0.045748
0.087940
0.109400
0.114248
0.132040
0.153064
0.157292
0.177132
0.205228
0.224380
0.266164
0.307692
0.332968
0.362920
0.386740
0.399996
0.406272
0.420544
0.442096
0.452264
0.470580
0.494928
0.511180
0.527880
0.532428
0.530684
0.521448
0.507028
0.491348
0.460932
0.437880
0.412152
0.366112
0.309408
0.234012
0.144712
0.058932
-0.008464
-0.054380
-0.072844
-0.058596
-0.036648
-0.014996
0.011856
0.031588
0.047320
0.059312
0.053928
0.039752
0.032796
0.022788
0.013340
0.014076
0.012440
0.028160
0.063328
0.096572
0.134860
0.172976
0.208044
0.248460
0.287208
0.314704
0.336336
0.354108
0.350916
0.337308
0.316796
0.288048
0.263044
0.235080
0.205784
0.169896
0.131012
0.094504
0.055824
0.017980
-0.012624
-0.033960
-0.050572
-0.061836
-0.063844
-0.069220
-0.079212
-0.080320
-0.079024
-0.079664
-0.088272
-0.098768
-0.096964
-0.093988
-0.085976
-0.065780
-0.046828
-0.026080
0.000644
0.026536
0.061548
0.103680
0.142388
0.194428
0.246004
0.278064
0.306088
0.332948
0.353708
0.365216
0.374332
0.382516
0.376256
0.370108
0.364944
0.346932
0.324440
0.292792
0.257992
0.220912
0.178268
0.147868
0.114904
0.078904
0.054064
0.028400
0.000492
-0.029156
-0.057520
-0.081584
-0.099800
-0.124740
-0.146412
-0.155860
-0.179176
-0.195188
-0.201448
-0.209416
-0.196148
-0.164224
-0.124524
-0.073652
-0.003380
0.063136
0.112956
0.159240
0.190840
0.214220
0.240528
0.258220
0.272488
0.286408
0.297620
0.314996
0.335744
0.349732
0.355040
0.361760
0.360276
0.343112
0.325056
0.290836
0.231684
0.159524
0.075768
-0.017220
-0.110496
-0.189952
-0.259096
-0.309680
-0.335416
-0.346332
-0.342448
-0.335864
-0.314592
-0.276240
-0.244336
-0.206524
-0.160640
-0.108504
-0.043452
0.025428
0.105252
0.178500
0.226704
0.267676
0.291292
0.292924
0.284480
0.265616
0.243408
0.223632
0.206260
0.179184
0.146228
0.116900
0.082736
0.048628
0.024288
0.002888
-0.022816
-0.049188
-0.081140
-0.123700
-0.169324
-0.213876
-0.258928
-0.300604
-0.341092
-0.384072
-0.423896
-0.455112
-0.476860
-0.480744
-0.481952
-0.488144
-0.482976
-0.483640
-0.487592
-0.479260
-0.466548
-0.440856
-0.404036
-0.371736
-0.335836
-0.285720
-0.237988
-0.199376
-0.154952
-0.113668
-0.079468
-0.047164
-0.023592
-0.001528
0.030872
0.059972
0.090564
0.126712
0.155404
0.181768
0.197964
0.194288
0.179448
0.152800
0.107272
0.058912
0.013532
-0.037952
-0.083772
-0.109568
-0.127976
-0.148448
-0.162432
-0.173960
-0.191632
-0.212400
-0.231028
-0.242052
-0.249296
-0.260064
-0.264452
-0.263512
-0.268788
-0.277084
-0.272848
-0.257776
-0.249228
-0.239408
-0.222112
-0.203368
-0.179304
-0.143740
-0.096344
-0.047020
0.007808
0.068544
0.126728
0.176476
0.210744
0.235168
0.243528
0.238380
0.228532
0.212716
0.202168
0.199628
0.198788
0.199332
0.203596
0.205352
0.200404
0.194652
0.188552
0.172336
0.143888
0.108344
0.064048
0.018736
-0.037568
-0.099588
-0.146828
-0.188544
-0.214020
-0.224780
-0.228784
-0.218040
-0.202336
-0.190328
-0.186408
-0.181936
-0.169688
-0.157804
-0.148180
-0.129556
-0.098584
-0.075532
-0.058500
-0.042876
-0.034376
-0.024956
-0.011544
0.007440
0.033644
0.060516
0.085972
0.110360
0.126844
0.137216
0.138992
0.130512
0.116648
0.101868
0.083764
0.063724
0.050016
0.034564
0.013684
-0.007740
-0.032892
-0.064932
-0.095364
-0.122944
-0.148100
-0.160068
-0.162624
-0.158136
-0.139136
-0.110880
-0.083360
-0.060060
-0.038872
-0.023844
-0.016108
-0.013116
-0.016472
-0.022060
-0.028676
-0.031260
-0.029688
-0.029700
-0.025428
-0.015036
0.000008
0.018988
0.035180
0.050564
0.066240
0.077136
0.085812
0.087832
0.082200
0.065804
0.037328
0.009540
-0.021708
-0.056044
-0.088576
-0.121032
-0.151352
-0.183044
-0.213904
-0.244160
-0.272408
-0.290436
-0.308500
-0.317908
-0.315300
-0.313436
-0.302980
-0.288376
-0.273664
-0.259292
-0.243908
-0.227596
-0.215736
-0.207048
-0.198024
-0.187768
-0.180992
-0.175976
-0.160168
-0.138560
-0.123760
-0.105080
-0.084880
-0.069148
-0.047980
-0.025464
-0.006608
0.008396
0.022624
0.035480
0.040920
0.042688
0.042140
0.036696
0.025216
0.017416
0.015876
0.015024
0.020628
0.030280
0.039312
0.047012
0.043948
0.033252
0.020356
0.001512
-0.020900
-0.043076
-0.066304
-0.086380
-0.094512
-0.098452
-0.099004
-0.095680
-0.087656
-0.073176
-0.060332
-0.040544
-0.013052
0.015664
0.044712
0.072948
0.103364
0.124224
0.137912
0.154080
0.162648
0.170152
0.181556
0.187992
0.198256
0.211720
0.215096
0.223936
0.236108
0.238452
0.242584
0.242844
0.235100
0.223004
0.205164
0.192204
0.178616
0.152656
0.132024
0.119984
0.107452
0.096964
0.092944
0.089116
0.084780
0.091008
0.102120
0.112944
0.120508
0.131820
0.140340
0.136496
0.132348
0.122184
0.109784
0.097556
0.080988
0.067608
0.054892
0.049424
0.051676
0.052048
0.058596
0.075204
0.087492
0.097464
0.115236
0.127492
0.135396
0.146352
0.155172
0.160056
0.159612
0.156372
0.148932
0.134596
0.122120
0.109212
0.088068
0.072556
0.061504
0.048264
0.039876
0.031560
0.022684
0.017148
0.007760
-0.006268
-0.020864
-0.036640
-0.053828
-0.068156
-0.077468
-0.087276
-0.095116
-0.095224
-0.089500
-0.085360
-0.082212
-0.073512
-0.062788
-0.057624
-0.057560
-0.060416
-0.064840
-0.071260
-0.083568
-0.097608
-0.107132
-0.111868
-0.114352
-0.110476
-0.091376
-0.068036
-0.044128
-0.014676
0.013700
0.045700
0.075640
0.090448
0.098148
0.108968
0.114612
0.111324
0.111716
0.110888
0.102172
0.095696
0.086964
0.074548
0.064036
0.052876
0.043620
0.037912
0.036568
0.037168
0.038956
0.046672
0.057920
0.067192
0.077648
0.089620
0.097836
0.105364
0.113808
0.125324
0.135148
0.145716
0.163280
0.178124
0.191920
0.208796
0.226080
0.238028
0.247868
0.256828
0.262472
0.267976
0.268864
0.268940
0.267864
0.261364
0.253700
0.244440
0.228184
0.206504
0.175536
0.133340
0.090144
0.041808
-0.012240
-0.064788
-0.112496
-0.157364
-0.195724
-0.220612
-0.240184
-0.250648
-0.246972
-0.240024
-0.226948
-0.206552
-0.186808
-0.166892
-0.147520
-0.126468
-0.112300
-0.106380
-0.100108
-0.102872
-0.106592
-0.107148
-0.108796
-0.104380
-0.106128
-0.113108
-0.115424
-0.119844
-0.127452
-0.134932
-0.139980
-0.138372
-0.130492
-0.118280
-0.094956
-0.069820
-0.045536
-0.018300
0.005520
0.033456
0.066148
0.098636
0.131820
0.158012
0.173940
0.190396
0.200696
0.194964
0.181832
0.159936
0.127532
0.096304
0.063204
0.023144
-0.011180
-0.046124
-0.084876
-0.117248
-0.147936
-0.174916
-0.197544
-0.213632
-0.223944
-0.235288
-0.239556
-0.236864
-0.233160
-0.224052
-0.212036
-0.199176
-0.179568
-0.150840
-0.118408
-0.084668
-0.042232
0.006236
0.050972
0.090812
0.128632
0.160416
0.182740
0.202720
0.218028
0.228168
0.237628
0.245004
0.251444
0.251532
0.245940
0.235696
0.221804
0.203096
0.180736
0.158052
0.131864
0.104636
0.076536
0.049964
0.021492
-0.006752
-0.029508
-0.046560
-0.060552
-0.079396
-0.099672
-0.118968
-0.136320
-0.150964
-0.163320
-0.168272
-0.167444
-0.159932
-0.142408
-0.122272
-0.099164
-0.076420
-0.059216
-0.040884
-0.027680
-0.019840
-0.010420
-0.001196
0.005748
0.010264
0.014848
0.014248
0.008100
-0.000472
-0.016860
-0.033012
-0.049252
-0.075312
-0.103212
-0.129780
-0.159448
-0.189568
-0.214664
-0.230472
-0.236848
-0.242328
-0.247372
-0.249808
-0.254444
-0.260740
-0.268088
-0.274508
-0.277612
-0.280944
-0.281428
-0.276444
-0.270732
-0.262448
-0.255392
-0.250212
-0.244336
-0.242236
-0.236992
-0.228040
-0.220500
-0.205768
-0.183104
-0.159356
-0.132012
-0.102924
-0.075388
-0.046432
-0.018344
0.006280
0.025536
0.037776
0.047564
0.056028
0.063588
0.071340
0.079604
0.087616
0.093664
0.098104
0.098964
0.096368
0.091388
0.082452
0.071308
0.063332
0.056452
0.050288
0.045424
0.040640
0.037524
0.032616
0.025728
0.017920
0.010756
0.005968
0.001480
-0.000072
0.003060
0.008964
0.019004
0.031952
0.047392
0.065800
0.083260
0.095356
0.098248
0.093796
0.081696
0.062956
0.044664
0.023884
0.002136
-0.012612
-0.023420
-0.032696
-0.037472
-0.042588
-0.053240
-0.066520
-0.084800
-0.107420
-0.124260
-0.134268
-0.144676
-0.151636
-0.154560
-0.158412
-0.160604
-0.162524
-0.163600
-0.165816
-0.167252
-0.164388
-0.162764
-0.162480
-0.161796
-0.161404
-0.161888
-0.163672
-0.166620
-0.164004
-0.157524
-0.152076
-0.140968
-0.125024
-0.107316
-0.084604
-0.054828
-0.020708
0.012012
0.046436
0.082956
0.112104
0.135364
0.152364
0.159628
0.160592
0.154300
0.136464
0.114780
0.095768
0.072592
0.047276
0.023200
-0.003240
-0.030448
-0.056024
-0.081764
-0.104432
-0.122252
-0.137576
-0.145948
-0.148492
-0.147672
-0.139168
-0.125484
-0.109200
-0.088792
-0.065912
-0.044016
-0.022272
-0.004280
0.007748
0.017504
0.019628
0.015440
0.008212
-0.005052
-0.022716
-0.039860
-0.056116
-0.074596
-0.092156
-0.106400
-0.115908
-0.122692
-0.127976
-0.128116
-0.126352
-0.127232
-0.128412
-0.128236
-0.129136
-0.130856
-0.132956
-0.136468
-0.139712
-0.143048
-0.146252
-0.147432
-0.149660
-0.153136
-0.157252
-0.159844
-0.160940
-0.163836
-0.163276
-0.164748
-0.171756
-0.176248
-0.180028
-0.180588
-0.177440
-0.173756
-0.165672
-0.154920
-0.142520
-0.128348
-0.118004
-0.108204
-0.096852
-0.088780
-0.080368
-0.072036
-0.066472
-0.063208
-0.062392
-0.062424
-0.063728
-0.063540
-0.059204
-0.055320
-0.049464
-0.039688
-0.030884
-0.021876
-0.010764
0.000920
0.011736
0.023352
0.035716
0.046584
0.056076
0.063812
0.070972
0.077596
0.081864
0.088852
0.096308
0.099200
0.101256
0.102016
0.101884
0.102092
0.099524
0.097288
0.096220
0.091956
0.089156
0.088956
0.088464
0.088224
0.087760
0.088048
0.087296
0.088144
0.093580
0.096164
0.098248
0.104544
0.111032
0.116116
0.119256
0.123876
0.131480
0.139728
0.148320
0.159924
0.174020
0.185512
0.194560
0.199996
0.201692
0.203516
0.203428
0.205040
0.207148
0.204452
0.201792
0.198388
0.193364
0.184228
0.175492
0.170432
0.161264
0.153196
0.146432
0.139176
0.133896
0.126096
0.117948
0.109536
0.099332
0.092136
0.084404
0.073292
0.067260
0.066924
0.066660
0.067880
0.071984
0.074464
0.076556
0.080860
0.084100
0.085052
0.086564
0.087644
0.083820
0.079452
0.073968
0.067676
0.060740
0.051128
0.046576
0.045948
0.049084
0.058128
0.069828
0.084252
0.097276
0.105632
0.109180
0.110272
0.107472
0.100028
0.094904
0.089648
0.082904
0.078712
0.078020
0.077452
0.077388
0.082232
0.087460
0.092856
0.099660
0.104856
0.110556
0.118612
0.125564
0.129496
0.133276
0.136240
0.138088
0.140900
0.143548
0.148064
0.156840
0.166024
0.174212
0.182944
0.191356
0.198572
0.201308
0.202068
0.200732
0.193644
0.189452
0.186380
0.180152
0.174756
0.171116
0.168276
0.163792
0.160368
0.159512
0.157200
0.150936
0.143504
0.135216
0.124976
0.115960
0.111272
0.106940
0.099152
0.091916
0.086468
0.081264
0.076680
0.077284
0.081320
0.084992
0.091392
0.098496
0.105616
0.111124
0.113576
0.117220
0.117772
0.116748
0.119360
0.119364
0.116456
0.116720
0.118948
0.121760
0.128440
0.136072
0.139140
0.142388
0.150108
0.153968
0.153736
0.155400
0.154032
0.146544
0.136388
0.123108
0.105424
0.086052
0.067164
0.049624
0.032764
0.017316
0.006260
-0.000008
-0.004540
-0.007228
-0.006068
-0.001092
0.005812
0.010588
0.015908
0.022832
0.027384
0.035216
0.044996
0.048768
0.053664
0.061592
0.068504
0.075180
0.077816
0.079192
0.076840
0.073768
0.072204
0.064724
0.059652
0.054496
0.050320
0.049656
0.045112
0.042840
0.042644
0.042332
0.042056
0.039944
0.040352
0.039296
0.035440
0.032824
0.025868
0.015380
0.005736
-0.005148
-0.017720
-0.030568
-0.043636
-0.055548
-0.063964
-0.071248
-0.074488
-0.071500
-0.067552
-0.059660
-0.048544
-0.038512
-0.028248
-0.017956
-0.008288
-0.003248
0.000936
0.007380
0.006224
0.003580
0.002484
-0.006712
-0.016264
-0.023364
-0.029636
-0.033024
-0.037464
-0.039060
-0.034808
-0.028324
-0.019492
-0.008236
0.003072
0.016236
0.030284
0.042848
0.053556
0.058956
0.061848
0.062868
0.060500
0.054444
0.046436
0.040912
0.032628
0.023640
0.013000
0.000172
-0.012036
-0.026416
-0.038980
-0.052240
-0.064184
-0.074432
-0.084540
-0.095552
-0.111388
-0.123640
-0.130668
-0.138940
-0.146188
-0.146992
-0.145168
-0.142916
-0.137288
-0.133240
-0.131036
-0.129156
-0.128024
-0.125464
-0.122256
-0.116296
-0.110576
-0.106440
-0.096836
-0.087440
-0.080200
-0.068384
-0.057804
-0.048916
-0.035984
-0.023240
-0.013032
-0.002572
0.005960
0.010828
0.011016
0.009824
0.011604
0.010868
0.008412
0.008832
0.007616
0.004392
0.003344
-0.000164
-0.005164
-0.008552
-0.011516
-0.009020
-0.006116
-0.005824
0.000864
0.011404
0.019992
0.027996
0.037780
0.048008
0.056856
0.062340
0.065000
0.066552
0.063568
0.059172
0.052640
0.043044
0.037092
0.031932
0.027804
0.025888
0.020696
0.013560
0.008200
0.002268
-0.005008
-0.007224
-0.005876
-0.003596
-0.000652
0.003112
0.007040
0.003912
-0.001436
-0.006484
-0.014652
-0.019480
-0.020740
-0.020360
-0.016796
-0.009524
0.000140
0.003392
0.003960
0.006500
0.003052
-0.000140
0.000264
0.001652
0.004692
0.009984
0.015000
0.014784
0.015832
0.015112
0.010488
0.007400
0.001784
-0.005916
-0.012464
-0.016536
-0.018600
-0.018924
-0.018784
-0.017372
-0.016808
-0.021260
-0.024028
-0.022292
-0.019408
-0.013716
-0.003436
0.008796
0.020700
0.032364
0.042416
0.047280
0.050096
0.049660
0.042356
0.034136
0.022196
0.008324
0.000068
-0.006476
-0.010548
-0.010344
-0.006376
0.002808
0.014108
0.025592
0.038584
0.050936
0.060448
0.068184
0.073060
0.076192
0.075864
0.071844
0.069780
0.067516
0.061160
0.053232
0.045428
0.038572
0.033064
0.025860
0.019656
0.013316
0.004024
-0.003848
-0.012520
-0.020228
-0.026764
-0.036052
-0.041140
-0.042012
-0.043464
-0.039804
-0.031264
-0.024624
-0.019908
-0.017624
-0.018576
-0.022088
-0.026328
-0.028652
-0.030176
-0.030596
-0.025456
-0.016168
-0.004476
0.012032
0.029752
0.045284
0.060868
0.076416
0.089104
0.102948
0.119000
0.130532
0.136964
0.141012
0.141220
0.137128
0.128288
0.118184
0.109916
0.101680
0.093808
0.087568
0.085516
0.083612
0.084892
0.092788
0.100756
0.110640
0.117968
0.117884
0.116160
0.111124
0.103368
0.096028
0.087448
0.079920
0.074528
0.070544
0.065360
0.060396
0.058104
0.052208
0.045028
0.039884
0.036116
0.036320
0.037180
0.038568
0.040712
0.040660
0.041904
0.046240
0.050756
0.056444
0.062752
0.066384
0.067328
0.066968
0.063964
0.055476
0.046912
0.039840
0.028628
0.018048
0.011116
0.002792
-0.005692
-0.011692
-0.016008
-0.018908
-0.021928
-0.025268
-0.025316
-0.024508
-0.026840
-0.028408
-0.030088
-0.034064
-0.039320
-0.043628
-0.048500
-0.054724
-0.060380
-0.069440
-0.081592
-0.091512
-0.100532
-0.108892
-0.111392
-0.112440
-0.111748
-0.106904
-0.102508
-0.097248
-0.092564
-0.089076
-0.088628
-0.091952
-0.093700
-0.097352
-0.103756
-0.109664
-0.116068
-0.121444
-0.125700
-0.130084
-0.132296
-0.133796
-0.132440
-0.128288
-0.125192
-0.120628
-0.118084
-0.115552
-0.112092
-0.113080
-0.114664
-0.112884
-0.112392
-0.114844
-0.118120
-0.121696
-0.124112
-0.127156
-0.129672
-0.129852
-0.130268
-0.130992
-0.131596
-0.133340
-0.135332
-0.139312
-0.144868
-0.149556
-0.154728
-0.157880
-0.156252
-0.154096
-0.151464
-0.144176
-0.134940
-0.126056
-0.114652
-0.103220
-0.093848
-0.081040
-0.068984
-0.058288
-0.043280
-0.028312
-0.012780
0.001468
0.012232
0.023904
0.034684
0.043444
0.050684
0.058224
0.064804
0.071500
0.077316
0.080092
0.085616
0.091340
0.095088
0.097828
0.102868
0.109428
0.114784
0.120620
0.125292
0.129344
0.132264
0.131372
0.127676
0.123600
0.117776
0.110492
0.103516
0.097164
0.090804
0.082104
0.074900
0.069668
0.063136
0.057992
0.053144
0.047184
0.040124
0.033004
0.025664
0.017680
0.009832
0.002232
-0.005768
-0.012028
-0.016340
-0.021332
-0.026244
-0.034708
-0.042192
-0.046424
-0.052136
-0.058248
-0.065560
-0.072048
-0.076912
-0.082992
-0.089868
-0.096476
-0.100292
-0.106084
-0.115080
-0.119636
-0.122112
-0.123384
-0.122644
-0.122448
-0.119004
-0.115276
-0.114596
-0.111024
-0.109512
-0.112092
-0.113452
-0.116528
-0.122868
-0.128068
-0.132320
-0.135380
-0.138364
-0.141912
-0.141176
-0.140220
-0.139236
-0.136212
-0.133524
-0.131300
-0.129968
-0.127336
-0.123364
-0.120712
-0.117560
-0.112732
-0.108092
-0.101964
-0.091940
-0.081620
-0.072324
-0.063396
-0.059284
-0.057992
-0.057940
-0.059208
-0.059536
-0.060360
-0.057912
-0.052096
-0.048344
-0.046084
-0.044692
-0.043272
-0.041760
-0.037880
-0.026692
-0.014036
-0.001128
0.012284
0.022888
0.032360
0.038572
0.042944
0.046656
0.048352
0.049448
0.052216
0.056376
0.059028
0.063288
0.069132
0.074108
0.078108
0.077424
0.074784
0.070852
0.063384
0.055364
0.048080
0.040796
0.034456
0.030784
0.030212
0.032608
0.035264
0.037880
0.041308
0.045576
0.047988
0.048944
0.052500
0.055192
0.054268
0.054476
0.057168
0.058784
0.059672
0.059056
0.055276
0.047736
0.039152
0.032576
0.025052
0.019080
0.015512
0.012380
0.015144
0.021104
0.027616
0.037232
0.047904
0.058308
0.068880
0.079968
0.088696
0.093092
0.093668
0.092020
0.087976
0.080864
0.073492
0.066892
0.059896
0.051192
0.041920
0.034128
0.026796
0.018776
0.012440
0.006824
0.000900
-0.001820
-0.002664
-0.002248
0.002512
0.010760
0.018752
0.025720
0.029684
0.030580
0.028952
0.022700
0.015748
0.008580
0.002596
0.001076
0.001528
0.003680
0.007216
0.009968
0.010456
0.008688
0.003884
-0.003140
-0.009296
-0.016512
-0.023812
-0.026180
-0.027912
-0.028068
-0.024912
-0.025144
-0.026776
-0.031140
-0.039852
-0.049364
-0.059060
-0.067904
-0.073252
-0.074208
-0.073720
-0.069860
-0.063932
-0.059280
-0.051956
-0.043740
-0.037328
-0.030372
-0.023776
-0.017156
-0.009460
-0.002500
0.003796
0.009384
0.011992
0.009656
0.004008
-0.003312
-0.013204
-0.022888
-0.029108
-0.032676
-0.033068
-0.028508
-0.024196
-0.022128
-0.019816
-0.020068
-0.022236
-0.023652
-0.025172
-0.026912
-0.028040
-0.026660
-0.022508
-0.018304
-0.013400
-0.008960
-0.004508
0.002696
0.012296
0.023796
0.035012
0.045920
0.056756
0.064328
0.069340
0.072296
0.073576
0.076468
0.077168
0.075220
0.074020
0.071936
0.067048
0.060192
0.054144
0.050140
0.048220
0.047060
0.047320
0.049256
0.051548
0.056468
0.062176
0.064976
0.066468
0.065336
0.060724
0.056640
0.053404
0.049888
0.048128
0.047804
0.047156
0.047504
0.051624
0.056452
0.059716
0.065612
0.072168
0.075840
0.078132
0.080460
0.083452
0.084612
0.079400
0.071412
0.064624
0.057176
0.048480
0.037392
0.027060
0.020336
0.016220
0.014224
0.012984
0.012324
0.009788
0.005272
0.001240
-0.004048
-0.009868
-0.014900
-0.019908
-0.020968
-0.015152
-0.009276
-0.008028
-0.007228
-0.005800
-0.007804
-0.013320
-0.017640
-0.019972
-0.020872
-0.020868
-0.021372
-0.019188
-0.013144
-0.003900
0.006496
0.018364
0.031912
0.041604
0.046552
0.047912
0.047640
0.047208
0.044816
0.040536
0.036620
0.035964
0.037552
0.039352
0.040580
0.038536
0.035200
0.031492
0.026224
0.022736
0.021252
0.018184
0.013724
0.009392
0.005748
0.001604
-0.003248
-0.006424
-0.008968
-0.011616
-0.013100
-0.013300
-0.012268
-0.011044
-0.010196
-0.009256
-0.011440
-0.016064
-0.020136
-0.024916
-0.028576
-0.030548
-0.031592
-0.029308
-0.025556
-0.020784
-0.014164
-0.008584
-0.002336
0.004868
0.009340
0.010088
0.009444
0.007908
0.005728
0.002784
-0.002888
-0.009932
-0.017728
-0.025184
-0.032564
-0.038556
-0.040288
-0.039536
-0.036492
-0.032696
-0.029028
-0.025188
-0.024220
-0.024932
-0.026556
-0.030020
-0.032616
-0.035588
-0.038792
-0.040624
-0.040528
-0.038164
-0.037640
-0.039220
-0.040492
-0.042304
-0.042992
-0.041580
-0.038952
-0.035408
-0.033384
-0.033152
-0.033748
-0.034160
-0.031348
-0.024868
-0.016236
-0.004912
0.007536
0.019960
0.032640
0.043080
0.050084
0.053632
0.054516
0.057484
0.063324
0.067432
0.070172
0.072324
0.072352
0.072888
0.073224
0.071424
0.068784
0.065884
0.062824
0.057524
0.050596
0.045196
0.040480
0.036068
0.034336
0.034956
0.035440
0.034080
0.031020
0.026032
0.019760
0.015088
0.010016
0.001636
-0.008416
-0.020872
-0.036328
-0.054100
-0.070924
-0.083000
-0.093588
-0.102980
-0.108988
-0.113464
-0.117736
-0.120896
-0.122068
-0.122872
-0.121612
-0.118604
-0.116364
-0.112644
-0.108760
-0.106100
-0.102368
-0.098024
-0.092200
-0.082296
-0.070576
-0.058048
-0.043984
-0.028916
-0.014272
-0.002480
0.007328
0.017696
0.028640
0.040616
0.053768
0.065656
0.075476
0.082144
0.083624
0.080836
0.078220
0.077120
0.077772
0.080920
0.084236
0.087976
0.090496
0.088736
0.082240
0.073852
0.064992
0.055824
0.046956
0.036296
0.027456
0.020500
0.015032
0.012896
0.010932
0.010356
0.011272
0.012620
0.015380
0.017560
0.018584
0.019168
0.018024
0.019256
0.022780
0.022460
0.022440
0.024716
0.023668
0.018560
0.014280
0.011540
0.009056
0.008564
0.011992
0.014868
0.016440
0.020112
0.019864
0.017164
0.014084
0.006368
-0.006624
-0.020376
-0.034404
-0.049600
-0.063304
-0.076692
-0.087964
-0.097688
-0.106084
-0.110268
-0.109480
-0.106440
-0.101704
-0.094100
-0.086400
-0.075976
-0.065544
-0.059592
-0.055968
-0.056492
-0.063084
-0.071784
-0.081880
-0.094836
-0.103932
-0.108472
-0.111392
-0.111724
-0.111888
-0.110968
-0.107048
-0.102612
-0.098312
-0.091768
-0.082552
-0.073852
-0.066956
-0.061168
-0.056160
-0.054236
-0.053556
-0.049836
-0.044192
-0.037884
-0.032304
-0.026560
-0.023516
-0.023008
-0.018968
-0.015164
-0.013064
-0.008584
-0.002212
0.004264
0.008800
0.012988
0.015548
0.012460
0.009312
0.008124
0.005852
0.002908
-0.000304
-0.002604
-0.007796
-0.016604
-0.025992
-0.036856
-0.050132
-0.064664
-0.076596
-0.087548
-0.096880
-0.102076
-0.104536
-0.102804
-0.099204
-0.095044
-0.088312
-0.081272
-0.076904
-0.075960
-0.078348
-0.085856
-0.097196
-0.108592
-0.119344
-0.127640
-0.130512
-0.128156
-0.122592
-0.113500
-0.103252
-0.095640
-0.089848
-0.087816
-0.088544
-0.087852
-0.086256
-0.084720
-0.084296
-0.084096
-0.086312
-0.089996
-0.087668
-0.083580
-0.081924
-0.075296
-0.065564
-0.057996
-0.051288
-0.045816
-0.041728
-0.039484
-0.039180
-0.040508
-0.042944
-0.043852
-0.041972
-0.040312
-0.038704
-0.037136
-0.036488
-0.035032
-0.036264
-0.037108
-0.032784
-0.027180
-0.021008
-0.013240
-0.005704
0.001000
0.007964
0.012400
0.014472
0.017272
0.018156
0.018988
0.022792
0.025888
0.029460
0.032720
0.032936
0.033052
0.031616
0.027112
0.022364
0.019420
0.015488
0.010696
0.007076
-0.000996
-0.010784
-0.016108
-0.021376
-0.026384
-0.029780
-0.033584
-0.036328
-0.038776
-0.039300
-0.037412
-0.033204
-0.028616
-0.027052
-0.024144
-0.023048
-0.025492
-0.027352
-0.029716
-0.032684
-0.035180
-0.036532
-0.036680
-0.033920
-0.029664
-0.025628
-0.020420
-0.016240
-0.012856
-0.010636
-0.011308
-0.011828
-0.011996
-0.014104
-0.014204
-0.011624
-0.009704
-0.005584
-0.002756
-0.002072
-0.000776
-0.001668
-0.001308
-0.001488
0.000048
0.006396
0.012560
0.019928
0.026092
0.031632
0.033340
0.030108
0.027892
0.024444
0.023356
0.025920
0.028616
0.033136
0.039980
0.048920
0.058944
0.067872
0.072992
0.073896
0.073200
0.068948
0.061520
0.056276
0.053568
0.049792
0.047128
0.045200
0.039472
0.032360
0.025444
0.017604
0.009236
0.002568
-0.004292
-0.010912
-0.015248
-0.020764
-0.025556
-0.029220
-0.033292
-0.034612
-0.034564
-0.035536
-0.035412
-0.037644
-0.044840
-0.052880
-0.062768
-0.073404
-0.080608
-0.085420
-0.090176
-0.093504
-0.092684
-0.090724
-0.087988
-0.082852
-0.074988
-0.069332
-0.067424
-0.064952
-0.065900
-0.067632
-0.066860
-0.067912
-0.069540
-0.068428
-0.067620
-0.067868
-0.067256
-0.066080
-0.065452
-0.065776
-0.063476
-0.059940
-0.059568
-0.059744
-0.059016
-0.059092
-0.060732
-0.063260
-0.066000
-0.070400
-0.076256
-0.084228
-0.093552
-0.101296
-0.107352
-0.109048
-0.107288
-0.104304
-0.098536
-0.090156
-0.077472
-0.064956
-0.055000
-0.043604
-0.035808
-0.033784
-0.033340
-0.034236
-0.034996
-0.034512
-0.032516
-0.028312
-0.024900
-0.022932
-0.019420
-0.014892
-0.011292
-0.004828
0.005424
0.017036
0.031008
0.044300
0.056328
0.065632
0.068000
0.065396
0.057984
0.048948
0.039388
0.028516
0.021012
0.016692
0.016048
0.019284
0.022680
0.025392
0.027244
0.028696
0.029292
0.027616
0.026628
0.026900
0.026028
0.023768
0.021820
0.021828
0.022716
0.023816
0.026840
0.032356
0.038428
0.044532
0.049776
0.054560
0.058504
0.059652
0.058324
0.055744
0.050592
0.043104
0.037580
0.032744
0.030592
0.032252
0.035620
0.042852
0.050948
0.058068
0.065560
0.070432
0.071584
0.070780
0.066852
0.061780
0.055844
0.046780
0.039812
0.034972
0.030712
0.030860
0.032168
0.033352
0.037600
0.042840
0.047960
0.054364
0.059852
0.063176
0.066604
0.066672
0.061408
0.055496
0.050728
0.046204
0.040724
0.037572
0.037132
0.036932
0.038192
0.038980
0.037644
0.034712
0.030824
0.024940
0.018292
0.012816
0.008388
0.006804
0.006836
0.010236
0.016356
0.019660
0.022412
0.026372
0.029356
0.030568
0.032172
0.032448
0.030348
0.028288
0.024500
0.021580
0.019232
0.017836
0.022496
0.029116
0.038092
0.051148
0.062572
0.072720
0.082228
0.088828
0.093888
0.095380
0.092312
0.087296
0.081476
0.074468
0.065464
0.058852
0.053764
0.046036
0.036424
0.025940
0.015672
0.003932
-0.009032
-0.021436
-0.035644
-0.048988
-0.059188
-0.065628
-0.066964
-0.065752
-0.060952
-0.054404
-0.046824
-0.037068
-0.029420
-0.022636
-0.016148
-0.014140
-0.013676
-0.012688
-0.014540
-0.016580
-0.018580
-0.022636
-0.026628
-0.030276
-0.033296
-0.033184
-0.029508
-0.027248
-0.025020
-0.018876
-0.013248
-0.008392
-0.000680
0.008160
0.017844
0.028860
0.039840
0.047872
0.053260
0.058932
0.061868
0.059476
0.054184
0.047192
0.037588
0.028508
0.022560
0.019912
0.020356
0.023328
0.027736
0.032368
0.037640
0.041876
0.044748
0.045816
0.044184
0.041972
0.039836
0.035496
0.027836
0.022856
0.019600
0.015456
0.013392
0.011252
0.012684
0.019256
0.027756
0.037204
0.045660
0.053108
0.059748
0.064076
0.064544
0.064748
0.066088
0.066768
0.068488
0.071496
0.074968
0.079272
0.083528
0.087260
0.091784
0.094372
0.096636
0.100780
0.103236
0.104864
0.106220
0.105624
0.103520
0.100332
0.095844
0.092348
0.089108
0.085848
0.084316
0.082972
0.080984
0.079356
0.080528
0.079148
0.071288
0.065280
0.058080
0.048804
0.043904
0.038584
0.035364
0.036340
0.036836
0.039980
0.044576
0.046456
0.048776
0.050884
0.051620
0.052316
0.053860
0.055748
0.056380
0.054636
0.050428
0.046172
0.040144
0.031308
0.019844
0.006204
-0.003856
-0.011376
-0.020592
-0.026344
-0.027956
-0.030244
-0.031068
-0.029872
-0.028468
-0.024896
-0.020896
-0.016940
-0.011700
-0.007652
-0.002112
0.004480
0.007108
0.006728
0.004600
-0.001652
-0.011948
-0.022216
-0.031308
-0.040540
-0.047240
-0.047940
-0.043816
-0.037436
-0.032480
-0.029660
-0.025708
-0.023536
-0.022444
-0.019020
-0.017248
-0.016164
-0.015588
-0.017252
-0.019428
-0.025196
-0.032300
-0.038612
-0.046624
-0.052508
-0.054608
-0.054204
-0.051792
-0.048100
-0.043404
-0.039584
-0.036876
-0.031624
-0.024344
-0.018636
-0.013372
-0.007892
-0.003884
0.000172
0.005944
0.010832
0.012688
0.013840
0.013412
0.009884
0.005636
0.003504
0.004124
0.004060
0.004776
0.009700
0.013768
0.012804
0.010548
0.008068
0.003076
-0.002616
-0.006520
-0.008344
-0.010200
-0.010568
-0.005844
0.001292
0.009484
0.019668
0.028980
0.037268
0.045248
0.053084
0.063048
0.071656
0.078172
0.083832
0.085468
0.084388
0.083280
0.080824
0.077172
0.073544
0.071056
0.072252
0.075160
0.077420
0.079540
0.081448
0.080652
0.077452
0.072648
0.065148
0.058544
0.053296
0.048780
0.046564
0.043700
0.040192
0.038296
0.034576
0.029696
0.025060
0.019088
0.016016
0.015168
0.015492
0.018836
0.024736
0.032560
0.038576
0.042092
0.044936
0.048112
0.049608
0.049016
0.050672
0.054148
0.055580
0.056192
0.057036
0.055972
0.055116
0.054940
0.054516
0.057580
0.062640
0.065332
0.065412
0.063804
0.060644
0.056832
0.053516
0.047744
0.038332
0.027828
0.016924
0.006604
-0.000804
-0.004804
-0.008072
-0.010796
-0.012120
-0.013996
-0.014196
-0.013292
-0.013248
-0.014360
-0.016404
-0.017280
-0.018544
-0.020120
-0.021448
-0.024060
-0.028208
-0.031748
-0.035632
-0.039944
-0.041848
-0.043820
-0.046280
-0.046864
-0.046028
-0.043448
-0.039684
-0.036388
-0.032800
-0.029604
-0.027404
-0.024612
-0.020848
-0.018372
-0.016784
-0.013840
-0.012960
-0.013872
-0.013200
-0.012408
-0.011828
-0.012260
-0.013444
-0.015160
-0.017304
-0.017696
-0.017220
-0.016216
-0.014980
-0.014640
-0.015200
-0.017756
-0.023168
-0.028884
-0.034756
-0.043108
-0.049924
-0.053000
-0.056512
-0.061128
-0.064592
-0.069196
-0.075808
-0.080796
-0.083492
-0.086160
-0.089416
-0.092760
-0.093864
-0.091472
-0.089144
-0.085980
-0.081540
-0.077740
-0.074932
-0.073284
-0.070568
-0.066360
-0.062348
-0.059424
-0.055644
-0.050000
-0.045912
-0.043832
-0.040588
-0.035840
-0.033440
-0.034180
-0.036080
-0.040752
-0.048192
-0.056756
-0.064924
-0.071364
-0.076336
-0.079544
-0.080868
-0.081456
-0.080400
-0.076104
-0.068888
-0.060084
-0.049536
-0.036240
-0.023780
-0.013996
-0.005208
0.000992
0.004564
0.007700
0.008844
0.009372
0.012976
0.018540
0.024392
0.031092
0.039236
0.046720
0.053208
0.059672
0.062944
0.061256
0.057572
0.050996
0.038960
0.024292
0.010312
-0.002312
-0.014264
-0.024544
-0.032048
-0.036896
-0.037644
-0.034840
-0.031652
-0.027852
-0.023744
-0.021072
-0.019812
-0.020392
-0.021268
-0.022964
-0.025904
-0.028796
-0.032116
-0.035536
-0.038928
-0.040060
-0.039248
-0.038600
-0.036432
-0.032916
-0.029132
-0.025572
-0.021984
-0.016724
-0.010864
-0.005404
-0.000276
0.001796
0.002208
0.002816
0.002104
0.001736
0.000560
-0.000576
-0.000456
-0.001956
-0.004788
-0.008032
-0.012248
-0.018308
-0.025596
-0.033704
-0.041840
-0.048004
-0.052368
-0.053696
-0.051752
-0.046220
-0.037540
-0.029696
-0.021928
-0.013420
-0.006204
-0.000400
0.002924
0.003156
0.003516
0.003440
0.002168
0.000872
-0.000080
0.001872
0.004736
0.006592
0.008796
0.011560
0.014924
0.017820
0.018844
0.017084
0.014256
0.010368
0.003644
-0.003884
-0.012268
-0.021788
-0.030408
-0.038716
-0.046840
-0.053860
-0.059844
-0.063428
-0.065340
-0.066476
-0.066264
-0.065576
-0.062544
-0.058928
-0.056984
-0.052816
-0.047360
-0.042316
-0.034856
-0.025272
-0.016364
-0.009464
-0.004796
-0.001872
-0.000024
0.001912
0.004532
0.007468
0.011080
0.013404
0.014040
0.012756
0.009724
0.008608
0.006956
0.004692
0.004076
0.001728
-0.001796
-0.005384
-0.009428
-0.013640
-0.018280
-0.022460
-0.026848
-0.030864
-0.033324
-0.037144
-0.041140
-0.042500
-0.042144
-0.038180
-0.032548
-0.028060
-0.022688
-0.017496
-0.012056
-0.006512
-0.003256
0.000636
0.005256
0.009396
0.015228
0.019996
0.023968
0.028600
0.031228
0.031832
0.031396
0.030788
0.030144
0.030636
0.031820
0.033196
0.036440
0.038552
0.038696
0.040024
0.039848
0.037556
0.036884
0.037380
0.037540
0.037096
0.036312
0.036572
0.038328
0.040064
0.042000
0.045868
0.050712
0.053416
0.056228
0.061404
0.065100
0.067676
0.071248
0.074796
0.077952
0.080952
0.084324
0.086720
0.085916
0.083740
0.079736
0.073040
0.067576
0.062816
0.057456
0.054132
0.052724
0.051908
0.051380
0.051848
0.053852
0.055648
0.057288
0.059604
0.061016
0.063704
0.066580
0.067320
0.070904
0.075304
0.077840
0.081160
0.086380
0.091160
0.093564
0.094616
0.095068
0.096668
0.097204
0.095268
0.094076
0.093004
0.090580
0.087700
0.083856
0.080252
0.077100
0.072176
0.067268
0.064748
0.061596
0.057320
0.055924
0.054776
0.052716
0.052516
0.053392
0.055068
0.055872
0.055716
0.055384
0.053644
0.053004
0.053248
0.051796
0.048872
0.046224
0.044872
0.043256
0.041436
0.039308
0.037300
0.036060
0.034780
0.036148
0.038768
0.040652
0.045384
0.051696
0.057712
0.063016
0.065484
0.065192
0.064424
0.062156
0.057980
0.054844
0.050836
0.046940
0.043988
0.039036
0.035144
0.031440
0.027024
0.024532
0.022500
0.020364
0.017200
0.014656
0.015044
0.015728
0.016528
0.019588
0.022364
0.024472
0.026348
0.026724
0.028780
0.031432
0.032300
0.034316
0.037536
0.039896
0.042848
0.044896
0.044912
0.044452
0.042460
0.038944
0.034120
0.029388
0.026896
0.023560
0.020348
0.021000
0.020480
0.020208
0.021348
0.018428
0.014116
0.010580
0.006952
0.002448
-0.001268
-0.003512
-0.008184
-0.013188
-0.015620
-0.019236
-0.025060
-0.029024
-0.032128
-0.035140
-0.035364
-0.035296
-0.033248
-0.028312
-0.023520
-0.017556
-0.011892
-0.006204
0.000044
0.004044
0.006360
0.009308
0.011296
0.012356
0.015580
0.017256
0.016888
0.017476
0.017136
0.016284
0.015328
0.013884
0.011612
0.009132
0.008128
0.008176
0.008372
0.008624
0.009964
0.011604
0.012464
0.014696
0.017284
0.018344
0.020968
0.023768
0.025912
0.027956
0.028452
0.028476
0.027852
0.027012
0.028084
0.029684
0.031676
0.033688
0.035276
0.037220
0.035880
0.034408
0.034108
0.030776
0.025692
0.020300
0.014136
0.007308
0.001384
-0.002596
-0.004972
-0.004712
-0.001152
0.002764
0.006784
0.009116
0.008176
0.005932
0.001764
-0.002216
-0.004656
-0.005492
-0.005560
-0.006648
-0.007816
-0.009836
-0.014672
-0.020496
-0.024652
-0.026852
-0.027080
-0.025404
-0.023620
-0.022436
-0.020996
-0.020980
-0.021440
-0.021760
-0.023148
-0.023220
-0.020948
-0.019264
-0.018436
-0.016088
-0.014980
-0.015688
-0.015692
-0.016040
-0.017328
-0.018452
-0.018008
-0.016592
-0.015288
-0.011948
-0.006400
-0.000800
0.003944
0.005820
0.006792
0.008300
0.008900
0.009560
0.009960
0.009100
0.007600
0.006012
0.004108
0.002360
0.000404
-0.002196
-0.006536
-0.010996
-0.014368
-0.019160
-0.023316
-0.024064
-0.022828
-0.022052
-0.020564
-0.017752
-0.016808
-0.015924
-0.011664
-0.007060
-0.004640
-0.004500
-0.006696
-0.008636
-0.009028
-0.008768
-0.008836
-0.010648
-0.013088
-0.014472
-0.014992
-0.014068
-0.011776
-0.009392
-0.007072
-0.004960
-0.002632
-0.000456
-0.000492
-0.003204
-0.005788
-0.008632
-0.012580
-0.015360
-0.018596
-0.022112
-0.025088
-0.027348
-0.028380
-0.030340
-0.033456
-0.036596
-0.038244
-0.038024
-0.036928
-0.033184
-0.026732
-0.020316
-0.014140
-0.007356
-0.003060
-0.001328
0.001332
0.002968
0.002256
0.000384
-0.002664
-0.007012
-0.010348
-0.013136
-0.017692
-0.022208
-0.024928
-0.026240
-0.026288
-0.024796
-0.021884
-0.020060
-0.020892
-0.022184
-0.024648
-0.029140
-0.034276
-0.038100
-0.041516
-0.045800
-0.048280
-0.049716
-0.052708
-0.057040
-0.061616
-0.065200
-0.067516
-0.069060
-0.070020
-0.069888
-0.068872
-0.068468
-0.068332
-0.067916
-0.069028
-0.070968
-0.070872
-0.068124
-0.064912
-0.062292
-0.058584
-0.053532
-0.046268
-0.038792
-0.033676
-0.029052
-0.024360
-0.019580
-0.015212
-0.012196
-0.010824
-0.010880
-0.011336
-0.012428
-0.014144
-0.015528
-0.017400
-0.019216
-0.020008
-0.019336
-0.017484
-0.015200
-0.012296
-0.010168
-0.008640
-0.006004
-0.003204
-0.001936
-0.000964
-0.001340
-0.004396
-0.007732
-0.011208
-0.014936
-0.018300
-0.021560
-0.024272
-0.027972
-0.032440
-0.035912
-0.038208
-0.037828
-0.036744
-0.035096
-0.031704
-0.028856
-0.027132
-0.027824
-0.028876
-0.028288
-0.028612
-0.028768
-0.028876
-0.032064
-0.036592
-0.039164
-0.041380
-0.045760
-0.051184
-0.055988
-0.058788
-0.060904
-0.062648
-0.062184
-0.060820
-0.060184
-0.060388
-0.059256
-0.058276
-0.057932
-0.057648
-0.058660
-0.058304
-0.057156
-0.055460
-0.052004
-0.047448
-0.042420
-0.037364
-0.031560
-0.026520
-0.021432
-0.015584
-0.011820
-0.010816
-0.011704
-0.013292
-0.015388
-0.017912
-0.020028
-0.020408
-0.018912
-0.017104
-0.015104
-0.012996
-0.007936
-0.001628
0.001096
0.003036
0.004008
0.002924
0.000704
-0.001576
-0.002588
-0.003496
-0.004108
-0.004596
-0.004080
-0.001424
-0.000004
-0.000324
-0.000028
0.001424
0.002140
0.002852
0.003444
0.001776
0.001208
0.001060
0.000048
0.000568
0.001692
0.000972
0.001612
0.005268
0.009332
0.015704
0.021948
0.025520
0.027680
0.028268
0.027320
0.024344
0.021164
0.017608
0.013248
0.008728
0.005128
0.004452
0.003260
0.001408
0.000368
-0.001624
-0.004152
-0.006240
-0.007296
-0.008576
-0.009252
-0.008380
-0.006316
-0.005016
-0.004980
-0.003660
-0.002732
-0.000896
0.001112
0.002824
0.006064
0.008460
0.009704
0.008696
0.006380
0.003720
0.001684
0.000084
-0.002672
-0.004416
-0.005300
-0.004304
-0.001276
0.001704
0.004940
0.010028
0.016336
0.021828
0.026560
0.029708
0.030448
0.028464
0.024240
0.019400
0.014348
0.009144
0.005280
0.002876
-0.000136
-0.002848
-0.002888
-0.002248
-0.001728
0.000236
0.001692
0.001384
-0.000152
-0.001800
-0.003352
-0.006276
-0.008048
-0.008176
-0.008440
-0.007532
-0.005980
-0.003488
0.000064
0.003920
0.006696
0.007928
0.009068
0.008864
0.007324
0.006384
0.006652
0.006908
0.006300
0.005952
0.005656
0.005192
0.005156
0.005460
0.004904
0.002764
-0.000024
-0.001824
-0.002172
-0.002020
-0.001252
-0.001008
-0.001508
-0.000652
0.001064
0.003608
0.008484
0.014080
0.017240
0.017588
0.017544
0.015828
0.011484
0.006568
0.002312
-0.002064
-0.008032
-0.013980
-0.018916
-0.022500
-0.023908
-0.023460
-0.021648
-0.018284
-0.014176
-0.010892
-0.010316
-0.011020
-0.010908
-0.012844
-0.015608
-0.017276
-0.019908
-0.022616
-0.025156
-0.028316
-0.032372
-0.037988
-0.043632
-0.047752
-0.049400
-0.048488
-0.046400
-0.044496
-0.044064
-0.044048
-0.041552
-0.037692
-0.034128
-0.029104
-0.024352
-0.019484
-0.014444
-0.012056
-0.010688
-0.008720
-0.007260
-0.007124
-0.005780
-0.003888
-0.002740
-0.000932
0.001264
0.003352
0.005836
0.009788
0.013940
0.017012
0.018240
0.017916
0.017704
0.016848
0.014812
0.011752
0.007400
0.001880
-0.003960
-0.010384
-0.017668
-0.025236
-0.031332
-0.034084
-0.033504
-0.030824
-0.026840
-0.021808
-0.018896
-0.019032
-0.021460
-0.024672
-0.027252
-0.030952
-0.033576
-0.033668
-0.034816
-0.037676
-0.040656
-0.042776
-0.042260
-0.037776
-0.030072
-0.021380
-0.012492
-0.003116
0.004724
0.009736
0.013380
0.015588
0.015556
0.014044
0.011452
0.007804
0.004692
0.002536
0.000480
-0.001484
-0.004680
-0.008204
-0.010300
-0.012028
-0.015108
-0.019880
-0.023920
-0.027172
-0.030444
-0.030016
-0.026020
-0.020884
-0.017040
-0.016696
-0.015592
-0.013576
-0.012552
-0.010584
-0.008248
-0.007100
-0.005352
-0.003012
-0.001120
0.000676
0.001652
0.004032
0.007824
0.012220
0.018172
0.023392
0.027152
0.031792
0.035956
0.037252
0.036732
0.035480
0.033140
0.028648
0.023748
0.019592
0.014724
0.009528
0.004092
0.000868
0.002076
0.005408
0.011420
0.018184
0.021168
0.021976
0.021156
0.017564
0.013828
0.011344
0.008716
0.008296
0.011612
0.014756
0.017368
0.020268
0.021552
0.021576
0.019600
0.014328
0.008432
0.005024
0.004492
0.005064
0.005912
0.006180
0.004732
0.004088
0.004000
0.002232
0.001020
0.002488
0.005212
0.007840
0.011492
0.013656
0.013224
0.013384
0.013184
0.011736
0.011212
0.010908
0.009564
0.009184
0.009960
0.011184
0.012780
0.011528
0.007212
0.003804
0.001312
-0.001860
-0.004684
-0.005904
-0.006316
-0.005316
-0.003548
-0.003836
-0.004304
-0.002884
-0.001544
0.000088
0.002028
0.002120
0.002260
0.002104
0.001452
0.001404
0.001640
0.003248
0.005512
0.007304
0.008748
0.010516
0.011560
0.010444
0.009284
0.008064
0.004988
0.001592
-0.000636
-0.001292
-0.001456
-0.001108
-0.000712
-0.002760
-0.005168
-0.007824
-0.013052
-0.018204
-0.022964
-0.027096
-0.029360
-0.031432
-0.033904
-0.035856
-0.038984
-0.043300
-0.044420
-0.042388
-0.038520
-0.033476
-0.029656
-0.026096
-0.021904
-0.018380
-0.014608
-0.010444
-0.005404
-0.000568
0.002240
0.003700
0.004200
0.004540
0.004824
0.004232
-0.000624
-0.008228
-0.012132
-0.012244
-0.011692
-0.011272
-0.011496
-0.013728
-0.017832
-0.021748
-0.024908
-0.027412
-0.027848
-0.026620
-0.024240
-0.019468
-0.012616
-0.006368
-0.002384
-0.001140
-0.002580
-0.006060
-0.011520
-0.015956
-0.016956
-0.015652
-0.012980
-0.009380
-0.003752
0.001896
0.006436
0.010320
0.012388
0.015720
0.018180
0.018300
0.020780
0.022804
0.022176
0.021752
0.019260
0.012876
0.006200
-0.000588
-0.007384
-0.011488
-0.014284
-0.016632
-0.020372
-0.025060
-0.026376
-0.026048
-0.026192
-0.027652
-0.031224
-0.036476
-0.041152
-0.044296
-0.048196
-0.051260
-0.053756
-0.056204
-0.055564
-0.053480
-0.052368
-0.049848
-0.044628
-0.038092
-0.033008
-0.029412
-0.026032
-0.024668
-0.023372
-0.022316
-0.022904
-0.023688
-0.025424
-0.026312
-0.025332
-0.024412
-0.023160
-0.021684
-0.020840
-0.018640
-0.014428
-0.010384
-0.006980
-0.003628
-0.001028
0.000524
0.000808
0.000384
-0.000636
-0.002040
-0.002304
-0.001880
-0.002604
-0.005364
-0.008784
-0.012892
-0.017476
-0.022296
-0.027188
-0.031148
-0.034064
-0.035608
-0.036948
-0.037324
-0.036540
-0.034776
-0.031180
-0.027228
-0.023256
-0.020080
-0.017176
-0.013308
-0.009884
-0.007152
-0.004920
-0.002676
-0.000564
0.000052
0.000020
-0.000368
-0.000572
0.000188
0.000492
0.001068
0.002932
0.004760
0.006092
0.007244
0.008240
0.008992
0.009728
0.011508
0.013784
0.015488
0.017152
0.018888
0.019984
0.020252
0.019280
0.016628
0.013696
0.010836
0.006916
0.002484
-0.001532
-0.006064
-0.009852
-0.010588
-0.010392
-0.010652
-0.010900
-0.011196
-0.012624
-0.014832
-0.016616
-0.018652
-0.019696
-0.020828
-0.024088
-0.028284
-0.030760
-0.030940
-0.031000
-0.030420
-0.028996
-0.027448
-0.026216
-0.024188
-0.020928
-0.017460
-0.014140
-0.012788
-0.012232
-0.009784
-0.005712
-0.002332
-0.000284
0.001756
0.002536
0.000796
-0.001264
-0.003672
-0.008248
-0.012668
-0.015556
-0.018380
-0.020572
-0.021088
-0.019844
-0.016684
-0.011648
-0.003312
0.006216
0.014020
0.021272
0.027316
0.031548
0.033168
0.032688
0.031024
0.027036
0.022804
0.018996
0.013312
0.006468
0.000872
-0.003756
-0.007080
-0.007048
-0.004560
-0.000660
0.004236
0.009500
0.014904
0.019044
0.019580
0.016180
0.010740
0.006044
0.001836
-0.003040
-0.006820
-0.010412
-0.013716
-0.014604
-0.012144
-0.007868
-0.002540
0.003428
0.007172
0.008504
0.007852
0.005144
0.000732
-0.004612
-0.010052
-0.015024
-0.017168
-0.016088
-0.014452
-0.014080
-0.016288
-0.020484
-0.024768
-0.028196
-0.031264
-0.033164
-0.032752
-0.030236
-0.026020
-0.022332
-0.018744
-0.014632
-0.012092
-0.011092
-0.010448
-0.009448
-0.007540
-0.005664
-0.004908
-0.006220
-0.008504
-0.008700
-0.007208
-0.004832
-0.001304
0.002040
0.005748
0.010128
0.014424
0.018924
0.023520
0.028028
0.032464
0.038188
0.043696
0.047004
0.048092
0.046820
0.045380
0.044220
0.041712
0.038816
0.036552
0.034656
0.034016
0.034196
0.033996
0.033784
0.033436
0.033896
0.035504
0.036320
0.036824
0.036952
0.035408
0.033296
0.031428
0.030472
0.031224
0.032800
0.034604
0.035712
0.035488
0.034112
0.031420
0.028444
0.025964
0.024960
0.025900
0.027116
0.028172
0.029808
0.031192
0.031088
0.029484
0.027008
0.023960
0.022340
0.023180
0.026340
0.032192
0.038540
0.044904
0.050940
0.055664
0.059532
0.061584
0.060848
0.056380
0.050568
0.046496
0.042828
0.037868
0.031736
0.026388
0.021860
0.016480
0.009924
0.003180
-0.000300
0.000276
0.002504
0.005052
0.007592
0.010192
0.011204
0.010484
0.009252
0.005992
0.000820
-0.003192
-0.003776
0.000340
0.008268
0.015992
0.022360
0.029640
0.037404
0.044412
0.047440
0.043952
0.035604
0.025164
0.016536
0.010916
0.007876
0.006824
0.007748
0.011380
0.016824
0.023616
0.031024
0.038324
0.045120
0.050972
0.054808
0.054848
0.052740
0.049452
0.043596
0.034592
0.024232
0.013848
0.001908
-0.009936
-0.019416
-0.026240
-0.029260
-0.027688
-0.021436
-0.011584
0.000644
0.013524
0.024760
0.034640
0.042040
0.044456
0.042364
0.036868
0.028504
0.018692
0.009180
0.001120
-0.006992
-0.015392
-0.021932
-0.027056
-0.032260
-0.037196
-0.038924
-0.036220
-0.031340
-0.027064
-0.024600
-0.024352
-0.026908
-0.031776
-0.037644
-0.043528
-0.047996
-0.049128
-0.047896
-0.045380
-0.040800
-0.035984
-0.032484
-0.029924
-0.028432
-0.026768
-0.025792
-0.025224
-0.023476
-0.022060
-0.019684
-0.016880
-0.014856
-0.014292
-0.015736
-0.016596
-0.018412
-0.023684
-0.028740
-0.030580
-0.029596
-0.025268
-0.019164
-0.013340
-0.008340
-0.004912
-0.003520
-0.002748
-0.001172
0.001116
0.004212
0.006168
0.006172
0.005196
0.002000
-0.002920
-0.007600
-0.012520
-0.016748
-0.018636
-0.018056
-0.014304
-0.009624
-0.005140
0.001628
0.009736
0.017664
0.025184
0.031200
0.034812
0.035384
0.034084
0.031056
0.024608
0.017200
0.011044
0.007332
0.006496
0.006508
0.009364
0.014500
0.018464
0.022292
0.025624
0.026932
0.027736
0.028532
0.028192
0.026536
0.023408
0.018952
0.014300
0.009556
0.004148
-0.000300
-0.003668
-0.007368
-0.009556
-0.008832
-0.007480
-0.006540
-0.004836
-0.003928
-0.004312
-0.004960
-0.005644
-0.005088
-0.002756
0.001008
0.005180
0.009840
0.014400
0.018264
0.021368
0.023260
0.024752
0.025564
0.027120
0.029884
0.032628
0.035552
0.036764
0.037112
0.036704
0.034184
0.031964
0.028544
0.024748
0.023028
0.019624
0.014636
0.010748
0.007496
0.006436
0.007604
0.008288
0.007424
0.005548
0.004172
0.003768
0.005148
0.007688
0.009252
0.009696
0.011188
0.014356
0.017428
0.019788
0.020600
0.017700
0.013632
0.010728
0.005872
0.001180
-0.002168
-0.004884
-0.004792
-0.004180
-0.004032
-0.003388
-0.002236
-0.000312
0.000736
0.001600
0.002952
0.002572
0.001728
0.001476
0.001096
0.000464
-0.001228
-0.002576
-0.002708
-0.001984
-0.001064
-0.000160
0.000948
0.001172
0.002340
0.004616
0.006764
0.010248
0.013840
0.015084
0.015820
0.017724
0.018860
0.020384
0.023228
0.025776
0.027680
0.029472
0.031232
0.030908
0.028628
0.027096
0.024304
0.019268
0.014960
0.010656
0.008016
0.009084
0.010580
0.010852
0.010456
0.009072
0.008480
0.009760
0.012064
0.015056
0.016692
0.016884
0.016808
0.016652
0.015772
0.013588
0.011116
0.009172
0.008624
0.008976
0.009624
0.010728
0.010812
0.009972
0.009844
0.009260
0.008292
0.008464
0.007560
0.004976
0.003056
0.001520
-0.001736
-0.004168
-0.002936
0.000584
0.006612
0.014796
0.022712
0.029640
0.036676
0.043688
0.048272
0.050400
0.051568
0.051468
0.049384
0.044676
0.039824
0.036352
0.032860
0.029920
0.026820
0.024060
0.022988
0.022448
0.021652
0.021200
0.021996
0.023256
0.023432
0.023328
0.024800
0.026656
0.028852
0.031180
0.030704
0.027848
0.024624
0.021076
0.018012
0.016216
0.015628
0.015096
0.014008
0.013916
0.014548
0.015672
0.017200
0.018252
0.019148
0.020500
0.021736
0.021112
0.019560
0.018344
0.017072
0.016732
0.017724
0.017404
0.014796
0.012132
0.009492
0.006012
0.002212
-0.001588
-0.005252
-0.008168
-0.009764
-0.010988
-0.012116
-0.012604
-0.014028
-0.016124
-0.017948
-0.021632
-0.025656
-0.029576
-0.034312
-0.036852
-0.038644
-0.039880
-0.040172
-0.041696
-0.041544
-0.039300
-0.035884
-0.030252
-0.024608
-0.018164
-0.010616
-0.004984
-0.000400
0.004880
0.009188
0.011740
0.011592
0.010276
0.011576
0.013444
0.016128
0.020004
0.022644
0.025016
0.026940
0.028060
0.028728
0.028088
0.027816
0.027464
0.025668
0.023836
0.021640
0.019032
0.017072
0.013628
0.008852
0.005292
0.002152
-0.000160
-0.001652
-0.002932
-0.004056
-0.005040
-0.006008
-0.008144
-0.011260
-0.014080
-0.017084
-0.020212
-0.021412
-0.020616
-0.019352
-0.017740
-0.016204
-0.015368
-0.014676
-0.014444
-0.013804
-0.012644
-0.012092
-0.011648
-0.010640
-0.009488
-0.009940
-0.010740
-0.010584
-0.011684
-0.012968
-0.012756
-0.011776
-0.011380
-0.011056
-0.009500
-0.007812
-0.005788
-0.002408
0.001156
0.002736
0.002532
0.002588
0.003144
0.002828
0.002248
0.001324
0.000188
-0.000192
-0.000024
0.000508
0.000584
0.000816
0.001888
0.002756
0.004088
0.006248
0.007544
0.007664
0.007256
0.007168
0.007624
0.007928
0.008452
0.008912
0.008448
0.009256
0.011892
0.014344
0.016184
0.017600
0.018460
0.020044
0.021684
0.021504
0.022176
0.023388
0.023600
0.023868
0.024040
0.025152
0.025676
0.025212
0.024280
0.021108
0.019276
0.020036
0.021092
0.022184
0.022276
0.021096
0.018372
0.014508
0.010836
0.007552
0.004352
0.000388
-0.002364
-0.003360
-0.004216
-0.003880
-0.003932
-0.005184
-0.005928
-0.005800
-0.005196
-0.005072
-0.004312
-0.002888
-0.002524
-0.001688
0.000344
0.002008
0.004016
0.006536
0.007424
0.008076
0.010572
0.012420
0.013500
0.016116
0.018472
0.019372
0.021592
0.024276
0.024484
0.024880
0.027236
0.030980
0.035896
0.040312
0.043132
0.045008
0.047300
0.050720
0.053832
0.054916
0.056364
0.059704
0.063096
0.066248
0.069112
0.071468
0.073400
0.073716
0.072564
0.071948
0.072080
0.070704
0.068712
0.066432
0.061952
0.058104
0.055572
0.053368
0.052852
0.052036
0.050740
0.050944
0.051372
0.050588
0.048628
0.046516
0.043544
0.039460
0.036720
0.035920
0.035348
0.033652
0.031816
0.031256
0.030816
0.030428
0.029832
0.028936
0.028184
0.025892
0.022768
0.020700
0.020516
0.020424
0.020068
0.020860
0.019256
0.013996
0.009564
0.005764
0.001112
-0.003616
-0.007328
-0.008460
-0.008904
-0.009872
-0.010916
-0.011964
-0.012708
-0.011620
-0.011368
-0.014544
-0.018424
-0.022412
-0.026336
-0.028768
-0.029932
-0.031028
-0.032480
-0.034432
-0.036080
-0.037468
-0.038240
-0.037360
-0.035908
-0.034472
-0.032436
-0.029504
-0.026172
-0.023392
-0.022564
-0.023012
-0.023140
-0.024340
-0.026284
-0.026848
-0.027984
-0.029964
-0.030632
-0.030812
-0.031132
-0.032508
-0.033248
-0.031660
-0.030920
-0.030672
-0.029716
-0.028896
-0.026948
-0.024264
-0.021224
-0.016552
-0.010836
-0.006644
-0.005676
-0.005728
-0.005176
-0.005532
-0.007696
-0.009636
-0.011848
-0.015464
-0.018128
-0.020608
-0.023236
-0.025224
-0.026120
-0.025472
-0.025108
-0.026468
-0.028416
-0.029140
-0.029396
-0.029468
-0.028340
-0.027632
-0.028296
-0.029568
-0.031264
-0.032716
-0.034160
-0.035760
-0.037184
-0.038032
-0.037596
-0.036192
-0.034764
-0.032900
-0.029000
-0.023904
-0.018832
-0.012936
-0.007852
-0.005120
-0.001692
0.002756
0.005648
0.007412
0.009164
0.011528
0.014448
0.016468
0.017480
0.018308
0.018176
0.016316
0.013316
0.009620
0.005072
0.001292
-0.000840
-0.002804
-0.004860
-0.005684
-0.005100
-0.004408
-0.003480
-0.001492
0.000648
0.001980
0.002984
0.002908
0.000260
-0.004036
-0.008028
-0.012732
-0.017316
-0.020184
-0.023532
-0.026468
-0.027692
-0.027748
-0.027564
-0.027808
-0.028508
-0.031752
-0.035400
-0.036896
-0.038924
-0.040876
-0.042024
-0.043712
-0.045152
-0.045584
-0.044784
-0.044148
-0.042736
-0.040776
-0.039816
-0.038280
-0.037024
-0.036328
-0.034496
-0.033124
-0.034016
-0.034308
-0.033152
-0.032952
-0.032368
-0.030856
-0.029800
-0.028344
-0.026508
-0.024676
-0.023412
-0.023612
-0.025504
-0.027912
-0.030812
-0.034280
-0.036632
-0.038392
-0.040136
-0.041260
-0.040728
-0.041148
-0.044640
-0.047556
-0.048448
-0.048108
-0.047232
-0.046932
-0.045980
-0.044956
-0.044704
-0.042908
-0.040308
-0.038460
-0.036508
-0.034024
-0.031292
-0.027840
-0.024532
-0.021336
-0.017972
-0.015512
-0.012444
-0.009636
-0.007592
-0.005968
-0.005364
-0.006020
-0.006652
-0.005744
-0.006244
-0.007752
-0.009996
-0.013420
-0.016688
-0.021596
-0.027688
-0.033556
-0.038400
-0.041828
-0.044420
-0.045252
-0.044388
-0.043076
-0.041580
-0.041244
-0.041772
-0.042352
-0.044816
-0.047480
-0.049484
-0.053148
-0.055644
-0.055144
-0.055156
-0.056308
-0.056788
-0.055896
-0.054436
-0.052084
-0.049528
-0.048448
-0.047472
-0.046872
-0.047512
-0.048568
-0.049304
-0.048984
-0.048208
-0.047112
-0.044272
-0.040556
-0.037472
-0.034860
-0.033160
-0.032388
-0.031632
-0.029732
-0.027272
-0.025540
-0.023992
-0.023208
-0.023360
-0.022372
-0.020064
-0.018064
-0.015412
-0.011712
-0.009292
-0.007396
-0.003848
-0.000036
0.002444
0.002972
0.001880
0.001684
0.002248
0.002052
0.001968
0.001584
0.001548
0.001368
-0.003976
-0.001968
0.000452
0.001132
0.001784
0.001612
-0.000360
-0.001992
-0.002896
-0.004572
-0.005872
-0.005572
-0.003664
-0.001188
0.002616
0.007656
0.013840
0.020372
0.023452
0.024968
0.025396
0.024808
0.025624
0.025696
0.025288
0.023936
0.020788
0.016596
0.011964
0.007772
0.004024
0.001768
0.000592
0.000748
0.003044
0.006236
0.007656
0.008240
0.009368
0.009352
0.010372
0.013152
0.015272
0.017780
0.020096
0.021364
0.022456
0.022128
0.022740
0.024672
0.025264
0.024888
0.023548
0.022336
0.022260
0.022852
0.023464
0.024880
0.027432
0.028736
0.029732
0.031740
0.033716
0.034772
0.033820
0.032144
0.030432
0.026480
0.021256
0.016992
0.012568
0.007784
0.003012
-0.001172
-0.002284
0.000732
0.004572
0.007112
0.008612
0.007912
0.005588
0.003240
0.000508
-0.001768
-0.002660
-0.003932
-0.004512
-0.004856
-0.006104
-0.005964
-0.004812
-0.003176
-0.000220
0.002412
0.002856
0.002820
0.003596
0.003492
0.002204
0.000464
-0.002424
-0.006864
-0.011864
-0.015456
-0.016916
-0.017772
-0.018932
-0.020460
-0.022692
-0.024484
-0.025532
-0.026808
-0.029236
-0.031800
-0.033516
-0.035284
-0.035468
-0.034300
-0.033184
-0.031556
-0.030276
-0.029072
-0.027140
-0.025452
-0.025600
-0.026952
-0.028288
-0.029744
-0.029456
-0.027852
-0.026788
-0.026240
-0.026544
-0.026576
-0.025748
-0.025268
-0.025076
-0.024336
-0.023864
-0.023468
-0.022300
-0.022028
-0.021264
-0.019308
-0.018776
-0.018372
-0.016980
-0.016120
-0.015296
-0.013744
-0.012796
-0.012148
-0.010352
-0.008720
-0.008336
-0.007472
-0.006132
-0.005456
-0.004696
-0.004060
-0.003496
-0.003664
-0.004880
-0.004792
-0.004128
-0.003764
-0.003808
-0.004532
-0.004712
-0.005172
-0.006068
-0.005920
-0.007576
-0.011664
-0.014004
-0.015232
-0.016748
-0.018520
-0.018812
-0.015008
-0.010868
-0.008324
-0.005324
-0.002444
-0.001284
-0.000652
-0.000152
-0.001976
-0.003592
-0.004292
-0.005692
-0.008056
-0.011732
-0.014472
-0.013840
-0.009820
-0.002172
0.006728
0.012156
0.013380
0.008692
-0.001464
-0.010376
-0.013416
-0.011176
-0.005844
0.000568
0.003572
0.001812
-0.002656
-0.010728
-0.020772
-0.028704
-0.032944
-0.033144
-0.026464
-0.014020
-0.002484
0.003392
0.001472
-0.007108
-0.016608
-0.020940
-0.019584
-0.013552
-0.005028
0.002232
0.007476
0.011332
0.014100
0.015508
0.015268
0.014808
0.014392
0.013132
0.013604
0.015340
0.016588
0.018756
0.019948
0.018456
0.015100
0.011972
0.009932
0.008936
0.010440
0.014784
0.018944
0.019612
0.017896
0.014764
0.010028
0.005640
0.003124
0.001636
0.001040
0.003008
0.006272
0.009412
0.013080
0.015736
0.016364
0.016316
0.018212
0.022328
0.025384
0.026180
0.026288
0.025720
0.023132
0.019120
0.016536
0.016024
0.016100
0.017184
0.018500
0.019544
0.020208
0.019500
0.018360
0.015796
0.011216
0.007920
0.005892
0.003968
0.003252
0.002080
-0.001336
-0.005404
-0.008852
-0.011280
-0.011552
-0.010532
-0.009704
-0.009736
-0.011144
-0.013316
-0.014420
-0.013572
-0.011796
-0.009240
-0.005368
-0.001012
0.002324
0.004416
0.005504
0.005880
0.006884
0.009072
0.010508
0.011156
0.012736
0.012768
0.010796
0.008752
0.006416
0.005064
0.005232
0.005736
0.005656
0.004328
0.002208
-0.000124
-0.002984
-0.005872
-0.008292
-0.009680
-0.009156
-0.007892
-0.007376
-0.007980
-0.009144
-0.010448
-0.010812
-0.009328
-0.006824
-0.003864
-0.000972
0.001404
0.002380
0.002832
0.004440
0.006876
0.010056
0.013896
0.017896
0.020672
0.022376
0.023744
0.024324
0.024900
0.025764
0.026624
0.027252
0.027512
0.026988
0.025896
0.025264
0.024196
0.022764
0.021648
0.020208
0.019048
0.018244
0.017212
0.015848
0.014708
0.014004
0.013088
0.012044
0.010440
0.008720
0.007424
0.006056
0.004784
0.004672
0.006204
0.008116
0.010068
0.012140
0.013700
0.014324
0.014372
0.015148
0.017168
0.020048
0.022676
0.023668
0.022576
0.020364
0.018928
0.019212
0.020432
0.021388
0.021584
0.021588
0.021560
0.021248
0.020928
0.020140
0.018996
0.018104
0.017256
0.016836
0.016908
0.016636
0.016152
0.015868
0.016052
0.016732
0.017432
0.018328
0.019552
0.020748
0.021812
0.022680
0.023268
0.023704
0.023964
0.023848
0.023604
0.023160
0.022500
0.022428
0.022672
0.022876
0.023028
0.022644
0.021960
0.020992
0.019904
0.019612
0.019556
0.019504
0.019948
0.020524
0.020832
0.020700
0.020616
0.020216
0.019044
0.017332
0.015016
0.012872
0.011832
0.011688
0.011388
0.010544
0.009784
0.009724
0.010080
0.010560
0.011308
0.012196
0.012708
0.012692
0.012480
0.011708
0.010460
0.009512
0.009016
0.009040
0.009388
0.009724
0.010124
0.010580
0.010812
0.010536
0.009992
0.009356
0.009160
0.009256
0.008884
0.008856
0.009444
0.009752
0.009432
0.008872
0.008328
0.007704
0.007268
0.007268
0.007392
0.007276
0.007052
0.006648
0.006044
0.005568
0.004932
0.004372
0.004156
0.003960
0.003892
0.003556
0.002716
0.002032
0.002008
0.002544
0.003152
0.003284
0.002864
0.002244
0.001764
0.001484
0.001336
0.001388
0.001692
0.001980
0.002184
0.002568
0.003000
0.003188
0.002820
0.002060
0.001236
0.000472
-0.000040
-0.000468
-0.000812
-0.001056
-0.001372
-0.001508
-0.001224
-0.000912
-0.000940
-0.001264
-0.001888
-0.002772
-0.003580
-0.004000
-0.004140
-0.004136
-0.003908
-0.003648
-0.003524
-0.003452
-0.003444
-0.003652
-0.003968
-0.004216
-0.004368
-0.004468
-0.004448
-0.004268
-0.004068
-0.004028
-0.003944
-0.003828
-0.004040
-0.004344
-0.004752
-0.005292
-0.005440
-0.005028
-0.004376
-0.003740
-0.003168
-0.002724
-0.002428
-0.002312
-0.002508
-0.002812
-0.003092
-0.003412
-0.003608
-0.003752
-0.003908
-0.003972
-0.003932
-0.003692
-0.003308
-0.002868
-0.002440
-0.002140
-0.002004
-0.001960
-0.002056
-0.002216
-0.002344
-0.002488
-0.002464
-0.002348
-0.002320
-0.002244
-0.002124
-0.002016
-0.002012
-0.001960
-0.001844
-0.001872
-0.001900
-0.001968
-0.001984
-0.001940
-0.002028
-0.001940
-0.001732
-0.001612
-0.001516
-0.001504
-0.001624
-0.001784
-0.001984
-0.002244
-0.002412
-0.002532
-0.002608
-0.002628
-0.002684
-0.002704
-0.002744
-0.002760
-0.002668
-0.002600
-0.002520
-0.002340
-0.002136
-0.002032
-0.001932
-0.001868
-0.001944
-0.002032
-0.002124
-0.002260
-0.002400
-0.002444
-0.002372
-0.002284
-0.002208
-0.002136
-0.002092
-0.002044
-0.001944
-0.001860
-0.001860
-0.001944
-0.002052
-0.002116
-0.002232
-0.002344
-0.002384
-0.002440
-0.002516
-0.002628
-0.002752
-0.002880
-0.002964
-0.002956
-0.002920
-0.002848
-0.002716
-0.002524
-0.002304
-0.002080
-0.001872
-0.001640
-0.001396
-0.001188
-0.001092
-0.001140
-0.001284
-0.001596
-0.002120
-0.002768
-0.003428
-0.004028
-0.004432
-0.004540
-0.004352
-0.003932
-0.003432
-0.002996
-0.002704
-0.002572
-0.002580
-0.002680
-0.002844
-0.002964
-0.002972
-0.002884
-0.002716
-0.002488
-0.002212
-0.001928
-0.001664
-0.001468
-0.001356
-0.001324
-0.001352
-0.001428
-0.001508
-0.001548
-0.001572
-0.001592
-0.001628
-0.001688
-0.001792
-0.001924
-0.002032
-0.002104
-0.002140
-0.002124
-0.002076
-0.002036
-0.002008
-0.001988
-0.001980
-0.001988
-0.002000
-0.001992
-0.001960
-0.001896
-0.001828
-0.001764
-0.001712
-0.001680
-0.001668
-0.001672
-0.001680
-0.001704
-0.001736
-0.001752
-0.001752
-0.001740
-0.001712
-0.001680
-0.001652
-0.001624
-0.001600
-0.001588
-0.001584
-0.001580
-0.001580
-0.001580
-0.001580
-0.001576
-0.001568
-0.001564
-0.001564
-0.001560
-0.001560
-0.001564
-0.001560
-0.001556
-0.001556
-0.001548
-0.001536
-0.001528
-0.001516
-0.001508
-0.001500
-0.001492
-0.001484
-0.001476
-0.001472
-0.001464
-0.001456
-0.001452
-0.001444
-0.001440
-0.001432
-0.001428
-0.001420
-0.001416
-0.001412
-0.001404
-0.001400
-0.001396
-0.001388
-0.001384
-0.001380
-0.001372
-0.001368
-0.001364
-0.001356
-0.001352
-0.001344
-0.001340
-0.001336
-0.001328
