0.000000
-0.011772
-0.012176
-0.011904
-0.011652
-0.011372
-0.011068
-0.010768
-0.010500
-0.010288
-0.010148
-0.010100
-0.010152
-0.010312
-0.010472
-0.010460
-0.010168
-0.009532
-0.008520
-0.007272
-0.006096
-0.005308
-0.005028
-0.005036
-0.004892
-0.004532
-0.004328
-0.004492
-0.004964
-0.005396
-0.005632
-0.006116
-0.006724
-0.006952
-0.007284
-0.008144
-0.008812
-0.008244
-0.006124
-0.002972
0.000412
0.003356
0.005432
0.006156
0.005204
0.002444
-0.002444
-0.008872
-0.014768
-0.018364
-0.019616
-0.019492
-0.018604
-0.018096
-0.019320
-0.020708
-0.019304
-0.015044
-0.009920
-0.005972
-0.005164
-0.008376
-0.014576
-0.021332
-0.026388
-0.027884
-0.024644
-0.018120
-0.010716
-0.003384
0.003072
0.008148
0.012328
0.015224
0.016704
0.019324
0.025116
0.032384
0.037044
0.036816
0.033076
0.027996
0.024576
0.025736
0.031192
0.040336
0.051456
0.057144
0.050340
0.033340
0.016144
0.005916
0.001840
0.000056
-0.002596
-0.008960
-0.023692
-0.049880
-0.081764
-0.106960
-0.114760
-0.097192
-0.048920
0.023748
0.102768
0.170820
0.213760
0.219856
0.189716
0.141336
0.099508
0.076372
0.060068
0.029580
-0.021084
-0.076444
-0.116000
-0.136332
-0.149420
-0.162132
-0.169960
-0.169152
-0.161664
-0.143760
-0.105632
-0.050472
-0.002196
0.006368
-0.033800
-0.088444
-0.115676
-0.104644
-0.076092
-0.059756
-0.067048
-0.082468
-0.081068
-0.048024
0.019208
0.116728
0.225452
0.305784
0.331332
0.309964
0.259672
0.192108
0.119036
0.052072
-0.005764
-0.055320
-0.099212
-0.138744
-0.161800
-0.154496
-0.114952
-0.052500
0.011456
0.058228
0.085780
0.097892
0.098124
0.092536
0.087616
0.088164
0.088408
0.074280
0.042304
0.005020
-0.024132
-0.043552
-0.051596
-0.034852
0.013996
0.072324
0.104196
0.105540
0.103436
0.109836
0.113236
0.108052
0.099824
0.087980
0.062032
0.013800
-0.053800
-0.127356
-0.191548
-0.240244
-0.276236
-0.299392
-0.308420
-0.309112
-0.301924
-0.274584
-0.219820
-0.149328
-0.078428
-0.009024
0.058492
0.117644
0.164152
0.199344
0.229160
0.257472
0.285716
0.314876
0.335828
0.335380
0.312712
0.272380
0.213136
0.137052
0.060392
0.000216
-0.037172
-0.048964
-0.035216
0.002176
0.061220
0.126696
0.156192
0.108144
0.001312
-0.088180
-0.107100
-0.069516
-0.017044
0.026996
0.055284
0.057900
0.027840
-0.026152
-0.084752
-0.133976
-0.171536
-0.193708
-0.182696
-0.114592
0.015004
0.176512
0.317452
0.385056
0.353048
0.235456
0.078996
-0.060732
-0.153672
-0.204452
-0.224228
-0.215904
-0.182120
-0.127092
-0.055540
0.023744
0.084872
0.095908
0.053624
-0.019388
-0.082524
-0.077684
0.009464
0.114568
0.180172
0.210424
0.204436
0.124088
-0.030960
-0.190176
-0.282640
-0.290992
-0.234912
-0.150516
-0.076488
-0.032752
-0.024276
-0.040988
-0.054280
-0.042552
0.018252
0.170128
0.401164
0.609328
0.693892
0.641948
0.512236
0.365960
0.225872
0.091820
-0.044984
-0.195932
-0.337884
-0.428084
-0.449772
-0.408496
-0.324832
-0.221944
-0.081688
0.143136
0.498168
0.966640
1.341352
1.346052
0.954872
0.383680
-0.180796
-0.631656
-0.893588
-0.952480
-0.848328
-0.669880
-0.522760
-0.465752
-0.508308
-0.634956
-0.801620
-0.934696
-0.947940
-0.728808
-0.223720
0.409840
0.906524
1.117416
1.071212
0.867836
0.588132
0.298756
0.039340
-0.159904
-0.265016
-0.291348
-0.292760
-0.299692
-0.309892
-0.306472
-0.264952
-0.168512
-0.025128
0.145584
0.341532
0.560572
0.745808
0.811388
0.730988
0.550292
0.331884
0.128612
-0.030620
-0.162964
-0.294796
-0.413672
-0.485476
-0.489672
-0.441032
-0.370344
-0.281212
-0.155156
0.023920
0.246488
0.452488
0.558680
0.522728
0.361432
0.128504
-0.096592
-0.255120
-0.362900
-0.455684
-0.514140
-0.485100
-0.333088
-0.084968
0.174628
0.367652
0.455512
0.452884
0.421612
0.414368
0.432048
0.448440
0.444744
0.399504
0.300624
0.170192
0.039232
-0.073496
-0.156828
-0.213264
-0.262040
-0.324424
-0.402868
-0.475128
-0.520000
-0.532528
-0.499152
-0.391312
-0.210560
-0.043964
0.008736
-0.015680
-0.002376
0.060688
0.084664
0.020048
-0.096672
-0.201580
-0.253308
-0.245560
-0.189268
-0.093880
0.012592
0.074188
0.051340
-0.050824
-0.193524
-0.318924
-0.365960
-0.306324
-0.165164
0.011844
0.190672
0.349020
0.468404
0.534620
0.544676
0.505032
0.417084
0.276208
0.095276
-0.091608
-0.240836
-0.309920
-0.277768
-0.155532
0.017380
0.214056
0.402804
0.493488
0.422448
0.233880
0.012248
-0.207084
-0.399216
-0.497728
-0.461688
-0.329228
-0.193512
-0.141168
-0.195304
-0.324248
-0.458988
-0.508024
-0.422764
-0.222940
0.027780
0.238892
0.344224
0.345472
0.281592
0.179020
0.044236
-0.095636
-0.187880
-0.211140
-0.179560
-0.106392
-0.010092
0.078064
0.133496
0.149792
0.131752
0.091440
0.050724
0.029352
0.032252
0.044468
0.032636
-0.017356
-0.075748
-0.106592
-0.102424
-0.078188
-0.057304
-0.069544
-0.140804
-0.275956
-0.438776
-0.548100
-0.528396
-0.355716
-0.075188
0.203252
0.377272
0.421536
0.373972
0.281660
0.171044
0.069200
0.018080
0.044200
0.128092
0.212320
0.250128
0.236160
0.193976
0.147172
0.097220
0.037968
-0.030792
-0.110508
-0.187700
-0.236960
-0.252124
-0.244436
-0.235144
-0.252108
-0.307500
-0.384928
-0.446632
-0.458144
-0.407480
-0.302048
-0.166284
-0.032328
0.069640
0.114668
0.101544
0.061320
0.036584
0.050424
0.090648
0.123904
0.115676
0.050328
-0.048104
-0.132168
-0.173496
-0.168868
-0.123736
-0.050412
0.036124
0.118200
0.176880
0.201928
0.196468
0.172888
0.138148
0.094628
0.050688
0.012356
-0.019544
-0.044404
-0.068128
-0.098320
-0.130416
-0.153832
-0.161980
-0.146796
-0.097460
-0.015216
0.083116
0.182704
0.268148
0.316300
0.313408
0.265220
0.202344
0.173860
0.205244
0.268532
0.316304
0.327060
0.305736
0.269616
0.233124
0.198176
0.169184
0.156392
0.164068
0.189536
0.216916
0.222016
0.191128
0.120340
0.021336
-0.077232
-0.161328
-0.232276
-0.284772
-0.318000
-0.345104
-0.379984
-0.426036
-0.475228
-0.513672
-0.533512
-0.534644
-0.516140
-0.479100
-0.431964
-0.389444
-0.364856
-0.358648
-0.369012
-0.398940
-0.435044
-0.459304
-0.470560
-0.468204
-0.452728
-0.443584
-0.464988
-0.517912
-0.584832
-0.651888
-0.714760
-0.773624
-0.821848
-0.845692
-0.840052
-0.811744
-0.770780
-0.728700
-0.695728
-0.676108
-0.672660
-0.684100
-0.703308
-0.725504
-0.746708
-0.766820
-0.790260
-0.812176
-0.823352
-0.823268
-0.816480
-0.804380
-0.784604
-0.759348
-0.723388
-0.662008
-0.585532
-0.516448
-0.454788
-0.388492
-0.318352
-0.254224
-0.189736
-0.117612
-0.040544
0.039952
0.113104
0.168964
0.207952
0.229916
0.234808
0.226448
0.210728
0.197572
0.193656
0.189364
0.175120
0.153332
0.131580
0.117720
0.112460
0.115404
0.127464
0.143700
0.159568
0.174768
0.187888
0.197716
0.205960
0.215044
0.224244
0.229640
0.233088
0.244456
0.270196
0.304684
0.338276
0.368552
0.398224
0.431376
0.469332
0.513484
0.566852
0.624084
0.682480
0.744996
0.810368
0.879084
0.953720
1.037704
1.124532
1.208268
1.294572
1.380128
1.461044
1.539556
1.615324
1.691376
1.776120
1.875636
1.986032
2.102720
2.228180
2.358472
2.473532
2.546044
2.569052
2.561872
2.541360
2.514388
2.478176
2.419508
2.339948
2.260316
2.195396
2.139932
2.077864
2.001976
1.912120
1.807332
1.684944
1.542108
1.374332
1.172292
0.933496
0.660372
0.353504
0.038484
-0.242032
-0.478304
-0.681068
-0.858684
-1.026412
-1.229412
-1.517308
-1.842164
-2.090028
-2.224752
-2.340568
-2.550892
-2.823032
-3.023132
-3.074616
-2.949036
-2.683972
-2.447508
-2.335432
-2.238368
-2.012360
-1.633828
-1.198484
-0.809696
-0.459340
-0.097332
0.194776
0.291468
0.208488
0.060772
-0.057996
-0.116876
-0.134064
-0.145296
-0.178176
-0.233044
-0.289652
-0.342004
-0.413344
-0.527756
-0.683208
-0.863908
-1.046352
-1.199712
-1.315488
-1.407396
-1.470436
-1.484960
-1.461016
-1.438028
-1.448024
-1.493560
-1.549448
-1.583376
-1.580420
-1.554368
-1.527420
-1.506980
-1.487056
-1.459664
-1.419652
-1.357556
-1.273332
-1.178488
-1.070076
-0.946016
-0.819168
-0.697936
-0.579772
-0.452668
-0.305068
-0.141168
0.029552
0.205696
0.380760
0.539328
0.676616
0.811284
0.953520
1.078120
1.167424
1.233392
1.279840
1.296828
1.287956
1.265056
1.224000
1.143028
1.008316
0.831444
0.639852
0.459524
0.305076
0.180232
0.085300
0.019972
-0.020148
-0.039004
-0.039192
-0.022940
0.008300
0.047032
0.079920
0.104068
0.128504
0.158492
0.193624
0.228944
0.261008
0.293856
0.332420
0.380276
0.435600
0.495984
0.570048
0.665596
0.780032
0.905860
1.030980
1.145532
1.255724
1.367660
1.466952
1.544120
1.613152
1.689392
1.766924
1.831604
1.880336
1.917876
1.959588
2.016724
2.069720
2.093800
2.096416
2.096032
2.099156
2.105840
2.110008
2.108328
2.100636
2.075348
2.020708
1.931308
1.792024
1.599844
1.377300
1.132628
0.865380
0.595284
0.329532
0.051752
-0.221508
-0.474436
-0.736064
-1.036108
-1.407352
-1.845908
-2.314228
-2.769736
-3.110816
-3.255884
-3.224392
-3.096640
-2.951092
-2.792836
-2.588712
-2.354364
-2.140272
-1.966128
-1.815704
-1.689128
-1.603140
-1.560208
-1.544436
-1.518012
-1.445544
-1.327396
-1.181832
-1.031932
-0.903948
-0.795036
-0.688544
-0.596132
-0.537392
-0.514724
-0.518496
-0.534564
-0.549764
-0.558028
-0.553036
-0.521016
-0.460168
-0.372920
-0.256596
-0.129312
-0.006344
0.118700
0.246092
0.381352
0.536552
0.700176
0.874088
1.077504
1.241988
1.257744
1.117316
0.860684
0.501312
0.072248
-0.358684
-0.715800
-0.941516
-1.017056
-0.938248
-0.751324
-0.594536
-0.546372
-0.536608
-0.493028
-0.435476
-0.395312
-0.369672
-0.356400
-0.355340
-0.359868
-0.362812
-0.354584
-0.318096
-0.241012
-0.127992
0.008772
0.149324
0.272724
0.374656
0.460864
0.537564
0.614904
0.700208
0.783996
0.856212
0.920060
0.980012
1.039336
1.102388
1.173472
1.248052
1.312268
1.363092
1.409828
1.455168
1.489312
1.505304
1.506156
1.495312
1.476092
1.454676
1.435812
1.417264
1.389936
1.343788
1.273452
1.180972
1.072016
0.950024
0.816960
0.678484
0.547484
0.430716
0.318172
0.198740
0.071904
-0.057268
-0.187256
-0.323556
-0.464340
-0.597840
-0.721212
-0.842820
-0.967008
-1.082428
-1.172732
-1.234880
-1.273516
-1.291456
-1.292616
-1.282468
-1.257736
-1.199128
-1.097476
-0.967112
-0.814456
-0.638488
-0.450608
-0.259120
-0.061348
0.128872
0.282088
0.403136
0.527140
0.652624
0.753232
0.842420
0.936808
1.010196
1.036160
1.017472
0.970556
0.902028
0.807688
0.697696
0.598668
0.526544
0.469636
0.404388
0.321472
0.223780
0.123596
0.039016
-0.026476
-0.078692
-0.120516
-0.158480
-0.197888
-0.240060
-0.287704
-0.341204
-0.394780
-0.442024
-0.482924
-0.520208
-0.552936
-0.576388
-0.587680
-0.583388
-0.557568
-0.505396
-0.428516
-0.334920
-0.227756
-0.121404
-0.039340
0.017072
0.057324
0.085392
0.101528
0.105240
0.098584
0.084588
0.071100
0.063396
0.053828
0.038988
0.028804
0.026316
0.023512
0.016192
0.004188
-0.009392
-0.021244
-0.030176
-0.032468
-0.031592
-0.038568
-0.053968
-0.068864
-0.080684
-0.090016
-0.095072
-0.100776
-0.110376
-0.117144
-0.120908
-0.128608
-0.141036
-0.150756
-0.151108
-0.146108
-0.140080
-0.131616
-0.122296
-0.117472
-0.119660
-0.125424
-0.133788
-0.148520
-0.170840
-0.200800
-0.237604
-0.276004
-0.310796
-0.343400
-0.373304
-0.393508
-0.403236
-0.405980
-0.401580
-0.390408
-0.375544
-0.359676
-0.341928
-0.320848
-0.299184
-0.279072
-0.257880
-0.236284
-0.215752
-0.188028
-0.143996
-0.085836
-0.026564
0.022948
0.060392
0.083944
0.094956
0.099948
0.103840
0.108484
0.111576
0.108400
0.099536
0.087720
0.072980
0.058256
0.042508
0.019204
-0.013632
-0.055184
-0.101140
-0.146488
-0.191932
-0.242396
-0.300352
-0.359360
-0.412876
-0.457844
-0.490928
-0.514652
-0.531216
-0.537212
-0.534536
-0.529240
-0.521972
-0.511180
-0.495804
-0.474404
-0.446068
-0.404468
-0.347708
-0.288408
-0.238008
-0.196872
-0.160016
-0.127456
-0.103936
-0.088532
-0.073572
-0.054556
-0.037476
-0.027292
-0.016868
-0.002380
0.010128
0.019228
0.029340
0.041280
0.049664
0.051028
0.050400
0.053768
0.058272
0.060504
0.065652
0.075792
0.087600
0.100508
0.115040
0.131336
0.148744
0.166292
0.184596
0.201888
0.214012
0.223840
0.238996
0.259940
0.281164
0.298060
0.308796
0.314848
0.318376
0.319896
0.317808
0.311424
0.302428
0.290980
0.277940
0.263252
0.243728
0.219848
0.193564
0.165724
0.139204
0.116268
0.098420
0.084184
0.067588
0.049024
0.035456
0.025712
0.012472
-0.003916
-0.017612
-0.027176
-0.035388
-0.043984
-0.049896
-0.048824
-0.042592
-0.034848
-0.025608
-0.015604
-0.006512
0.002052
0.010872
0.022032
0.037728
0.056656
0.076384
0.095944
0.116888
0.139624
0.159628
0.174256
0.189544
0.211580
0.238668
0.266556
0.292924
0.318404
0.340616
0.356532
0.370852
0.386260
0.400512
0.414592
0.426660
0.433268
0.436000
0.434320
0.426588
0.413548
0.392732
0.359696
0.314148
0.260248
0.204796
0.153744
0.106192
0.058576
0.013228
-0.026408
-0.061088
-0.093420
-0.124976
-0.152996
-0.173856
-0.188924
-0.201464
-0.210456
-0.212996
-0.208812
-0.198692
-0.182864
-0.163032
-0.142424
-0.119400
-0.091724
-0.062200
-0.032960
-0.003336
0.026504
0.052004
0.072252
0.094132
0.118500
0.139276
0.157560
0.180204
0.208940
0.241748
0.277204
0.311112
0.337484
0.354492
0.364480
0.367976
0.363092
0.351936
0.339672
0.328692
0.316528
0.299616
0.279328
0.258856
0.236952
0.210416
0.177852
0.140224
0.102316
0.067316
0.033772
0.001996
-0.027608
-0.055336
-0.079868
-0.099748
-0.113800
-0.122892
-0.128620
-0.130728
-0.130480
-0.129576
-0.127028
-0.124152
-0.124408
-0.129028
-0.136596
-0.144428
-0.151448
-0.157544
-0.162392
-0.167816
-0.175020
-0.180768
-0.182184
-0.180412
-0.178936
-0.180532
-0.182584
-0.179372
-0.169852
-0.156348
-0.140860
-0.128016
-0.121644
-0.120128
-0.121544
-0.124784
-0.128952
-0.135684
-0.145416
-0.155068
-0.161832
-0.167480
-0.177116
-0.190688
-0.204300
-0.218568
-0.234032
-0.247840
-0.260272
-0.273852
-0.288100
-0.301968
-0.315012
-0.326548
-0.337804
-0.347668
-0.351640
-0.347804
-0.338496
-0.326424
-0.309532
-0.286812
-0.262684
-0.238816
-0.213356
-0.186976
-0.161480
-0.137012
-0.112292
-0.089376
-0.074704
-0.069384
-0.066096
-0.058612
-0.048268
-0.039028
-0.030728
-0.023408
-0.019648
-0.018592
-0.019628
-0.023676
-0.027436
-0.028664
-0.031028
-0.035644
-0.036896
-0.031020
-0.021684
-0.014864
-0.009332
-0.000356
0.008636
0.013444
0.016008
0.018252
0.020924
0.023408
0.025672
0.028892
0.032792
0.038312
0.046376
0.054092
0.060976
0.070204
0.080184
0.089308
0.101316
0.114932
0.122892
0.125868
0.131648
0.141492
0.149568
0.151984
0.149272
0.142948
0.133912
0.124728
0.115800
0.102412
0.082728
0.059192
0.036456
0.020016
0.008192
-0.005612
-0.020112
-0.029880
-0.033348
-0.031900
-0.031636
-0.035140
-0.035368
-0.028580
-0.022464
-0.022052
-0.021828
-0.017984
-0.011436
-0.003680
0.004520
0.015396
0.029572
0.043780
0.056688
0.069504
0.080652
0.086408
0.087888
0.088848
0.089256
0.087492
0.083032
0.076320
0.068244
0.060140
0.054036
0.050672
0.048032
0.043200
0.035748
0.026340
0.015288
0.004688
-0.003192
-0.007680
-0.009356
-0.007088
0.001008
0.012732
0.027296
0.044292
0.057880
0.066028
0.072696
0.080024
0.089056
0.099128
0.107996
0.117168
0.127728
0.136724
0.138572
0.131648
0.123436
0.117384
0.107280
0.089084
0.068668
0.052824
0.036972
0.016072
-0.004384
-0.020988
-0.036284
-0.050092
-0.062576
-0.073012
-0.076968
-0.075716
-0.074524
-0.072204
-0.067960
-0.065072
-0.060656
-0.052280
-0.042040
-0.029848
-0.019552
-0.016156
-0.017920
-0.021256
-0.024808
-0.031088
-0.043744
-0.060316
-0.077468
-0.096488
-0.112328
-0.116928
-0.114728
-0.115260
-0.119704
-0.124712
-0.130568
-0.139928
-0.150388
-0.154276
-0.149476
-0.143064
-0.138756
-0.131148
-0.117452
-0.103516
-0.095884
-0.092140
-0.083452
-0.069972
-0.057532
-0.045232
-0.032024
-0.021416
-0.015236
-0.009740
-0.002188
0.006528
0.016340
0.024916
0.029272
0.032200
0.037764
0.045152
0.051472
0.056228
0.060640
0.064828
0.069132
0.074364
0.077152
0.075096
0.071732
0.067760
0.063368
0.061832
0.061648
0.060132
0.056860
0.051820
0.048548
0.048296
0.046624
0.042012
0.037280
0.036032
0.040216
0.046888
0.053180
0.059984
0.066972
0.076064
0.090836
0.106388
0.117748
0.128836
0.143700
0.160336
0.174296
0.186376
0.199840
0.214192
0.228476
0.241508
0.248728
0.249236
0.248560
0.249088
0.250276
0.251180
0.248132
0.238828
0.227768
0.217952
0.203524
0.184008
0.165296
0.145828
0.122988
0.102004
0.087216
0.075924
0.067756
0.065912
0.066516
0.064328
0.059976
0.052928
0.044756
0.038032
0.029824
0.018956
0.008392
0.001440
-0.001820
-0.003660
-0.004936
-0.007696
-0.011144
-0.012012
-0.014988
-0.024548
-0.036516
-0.048400
-0.062252
-0.078432
-0.096568
-0.115336
-0.130300
-0.139620
-0.148388
-0.161332
-0.176876
-0.191988
-0.205380
-0.218392
-0.232004
-0.242368
-0.245224
-0.243604
-0.244220
-0.245412
-0.239392
-0.226244
-0.215048
-0.209084
-0.204272
-0.201592
-0.204076
-0.207284
-0.208208
-0.211464
-0.216876
-0.219652
-0.219336
-0.219012
-0.221676
-0.226084
-0.227516
-0.225644
-0.223988
-0.222112
-0.218824
-0.216292
-0.213824
-0.207640
-0.197812
-0.188152
-0.182528
-0.180856
-0.179892
-0.178880
-0.177672
-0.175160
-0.172680
-0.172700
-0.173108
-0.170400
-0.168712
-0.170812
-0.170860
-0.169188
-0.170520
-0.173404
-0.174412
-0.169884
-0.160116
-0.151212
-0.145856
-0.137784
-0.123612
-0.110156
-0.099964
-0.090124
-0.082068
-0.077608
-0.073968
-0.066848
-0.057352
-0.049692
-0.042392
-0.032664
-0.023884
-0.019608
-0.018152
-0.017628
-0.017852
-0.019600
-0.023400
-0.025600
-0.022488
-0.018044
-0.017264
-0.016872
-0.013412
-0.008212
-0.002000
0.005912
0.015336
0.024936
0.034560
0.045428
0.057680
0.070000
0.081828
0.092732
0.101260
0.108320
0.115948
0.125252
0.137336
0.150400
0.160468
0.167188
0.173044
0.178868
0.184688
0.189532
0.192072
0.193608
0.195624
0.198564
0.201608
0.201992
0.197888
0.190208
0.180536
0.170144
0.161156
0.154988
0.150460
0.146032
0.142276
0.140312
0.139820
0.139084
0.136556
0.133656
0.132216
0.130832
0.128428
0.125984
0.124308
0.122884
0.120660
0.115596
0.108824
0.106228
0.107888
0.110352
0.112892
0.112272
0.108952
0.109176
0.111088
0.108556
0.102932
0.098884
0.098400
0.099988
0.101932
0.104936
0.108792
0.110596
0.108500
0.104996
0.103184
0.101236
0.095552
0.086160
0.075720
0.065940
0.056264
0.047244
0.041256
0.038812
0.038732
0.039040
0.039420
0.041496
0.042448
0.037364
0.027840
0.019604
0.014944
0.012208
0.010200
0.008824
0.007544
0.005880
0.002016
-0.003908
-0.007228
-0.008124
-0.013292
-0.023924
-0.032644
-0.037828
-0.047056
-0.059792
-0.068156
-0.072596
-0.077872
-0.083864
-0.088864
-0.090516
-0.087480
-0.084364
-0.085624
-0.086860
-0.082840
-0.079132
-0.080968
-0.083724
-0.083260
-0.082428
-0.085144
-0.088968
-0.088900
-0.084124
-0.079208
-0.079512
-0.083812
-0.086252
-0.087944
-0.094628
-0.101964
-0.106024
-0.112176
-0.120044
-0.124564
-0.125108
-0.123360
-0.120932
-0.118368
-0.117532
-0.120556
-0.124032
-0.124472
-0.124424
-0.125656
-0.125252
-0.119600
-0.108192
-0.096284
-0.088460
-0.082284
-0.074344
-0.064452
-0.056524
-0.053088
-0.049592
-0.043268
-0.036540
-0.031428
-0.028104
-0.024772
-0.019172
-0.012248
-0.006728
-0.002316
0.001296
0.002024
0.001388
0.003428
0.007852
0.012072
0.014756
0.015716
0.016068
0.017992
0.020836
0.020676
0.018008
0.015704
0.013824
0.013384
0.014644
0.017076
0.018940
0.018596
0.019092
0.019156
0.016560
0.013836
0.012196
0.013108
0.014524
0.013236
0.012288
0.013224
0.015764
0.019792
0.021276
0.017544
0.011172
0.006240
0.002100
-0.003764
-0.007420
-0.003628
0.004628
0.011664
0.017632
0.023396
0.028404
0.032660
0.035000
0.036716
0.040668
0.045764
0.049584
0.053512
0.060816
0.069220
0.073780
0.074604
0.072080
0.064792
0.054508
0.042632
0.028264
0.013072
0.000420
-0.007728
-0.011216
-0.012268
-0.013556
-0.015896
-0.020016
-0.024056
-0.024764
-0.025824
-0.032236
-0.041196
-0.048764
-0.053892
-0.054660
-0.052968
-0.054668
-0.059896
-0.063392
-0.064140
-0.066212
-0.071088
-0.075996
-0.078660
-0.077852
-0.074208
-0.071684
-0.069508
-0.062836
-0.054016
-0.046392
-0.036524
-0.024688
-0.015508
-0.010600
-0.009060
-0.007120
-0.002136
0.001484
-0.001168
-0.005784
-0.006456
-0.004992
-0.005620
-0.009944
-0.015792
-0.019400
-0.021688
-0.024884
-0.025784
-0.022328
-0.019040
-0.017932
-0.014592
-0.007400
-0.000560
0.004112
0.009956
0.017392
0.023660
0.030848
0.041904
0.054256
0.065572
0.076296
0.086348
0.095220
0.103316
0.111824
0.121380
0.131556
0.140360
0.145436
0.147376
0.149324
0.153244
0.156724
0.156248
0.153076
0.150796
0.151616
0.153092
0.150244
0.144504
0.140080
0.136356
0.130944
0.124356
0.118452
0.114556
0.113316
0.111872
0.108124
0.105924
0.106144
0.104152
0.099952
0.097248
0.096576
0.096408
0.096592
0.096532
0.095204
0.093644
0.091356
0.087908
0.083300
0.077564
0.073688
0.072720
0.072944
0.070544
0.062908
0.056776
0.059224
0.064972
0.065356
0.060532
0.056236
0.055952
0.058688
0.060668
0.061240
0.065120
0.072780
0.077732
0.078296
0.078912
0.081488
0.082008
0.077824
0.074740
0.073500
0.068512
0.062080
0.058444
0.057180
0.056264
0.053180
0.047408
0.039032
0.027924
0.017836
0.009872
-0.000268
-0.011456
-0.021040
-0.031568
-0.042700
-0.052500
-0.062552
-0.074004
-0.086768
-0.099772
-0.109280
-0.113984
-0.117960
-0.122780
-0.125840
-0.126424
-0.125044
-0.122744
-0.121124
-0.119296
-0.117152
-0.116660
-0.118364
-0.120452
-0.118088
-0.112224
-0.111784
-0.117472
-0.121544
-0.123548
-0.128332
-0.132924
-0.133040
-0.133708
-0.136368
-0.135528
-0.133140
-0.135508
-0.141692
-0.145364
-0.144544
-0.143472
-0.143572
-0.140732
-0.133376
-0.123244
-0.110720
-0.097540
-0.086720
-0.079440
-0.074820
-0.069284
-0.060880
-0.052840
-0.046916
-0.040348
-0.032496
-0.025968
-0.020192
-0.012800
-0.005152
-0.000064
0.000664
-0.002132
-0.004948
-0.005764
-0.005492
-0.006356
-0.008532
-0.009236
-0.006296
-0.001384
0.002940
0.006488
0.008240
0.009656
0.013956
0.017516
0.018580
0.022200
0.028668
0.034228
0.037952
0.040364
0.043744
0.051144
0.060784
0.068780
0.074360
0.078032
0.080960
0.083360
0.082732
0.079616
0.077840
0.075928
0.071040
0.067260
0.068068
0.069376
0.065428
0.057400
0.050228
0.043680
0.035148
0.026392
0.020488
0.015880
0.009424
0.001020
-0.007740
-0.016048
-0.025572
-0.037092
-0.048188
-0.058496
-0.067660
-0.073820
-0.079844
-0.087064
-0.092384
-0.095224
-0.097088
-0.100172
-0.102864
-0.101768
-0.100600
-0.102064
-0.100984
-0.094536
-0.087948
-0.087068
-0.089900
-0.091132
-0.090152
-0.089008
-0.087804
-0.086088
-0.086544
-0.090364
-0.092452
-0.089764
-0.085816
-0.082608
-0.080384
-0.081256
-0.084000
-0.085036
-0.085472
-0.085888
-0.082720
-0.078024
-0.076028
-0.072900
-0.065544
-0.057528
-0.050832
-0.045700
-0.043084
-0.042904
-0.043960
-0.043876
-0.042344
-0.041892
-0.043260
-0.044176
-0.043728
-0.042920
-0.041856
-0.040232
-0.035080
-0.024760
-0.016308
-0.012676
-0.009188
-0.007880
-0.009236
-0.007804
-0.005688
-0.005448
-0.003016
0.000256
-0.000116
0.001088
0.007040
0.009224
0.004408
0.001336
0.006232
0.012312
0.012096
0.008400
0.006920
0.010568
0.015676
0.014880
0.010180
0.011752
0.021352
0.030508
0.036820
0.044400
0.052948
0.062116
0.072808
0.082572
0.091408
0.101624
0.111276
0.117876
0.123400
0.130004
0.136304
0.140276
0.140708
0.137396
0.134800
0.136740
0.137568
0.131820
0.123316
0.117492
0.114876
0.112704
0.108192
0.101144
0.095208
0.093724
0.094844
0.095588
0.097124
0.100208
0.102652
0.104080
0.106388
0.109256
0.111956
0.115496
0.119496
0.124792
0.131320
0.136216
0.139420
0.141576
0.143716
0.147896
0.151036
0.148340
0.141912
0.137216
0.135248
0.132360
0.125760
0.117280
0.110276
0.105432
0.101744
0.097360
0.090768
0.083872
0.079292
0.078084
0.079280
0.079976
0.079456
0.079672
0.082372
0.085736
0.086360
0.085500
0.086432
0.089272
0.091032
0.089696
0.086316
0.081232
0.074948
0.069212
0.063984
0.057500
0.048840
0.041124
0.036720
0.032608
0.026920
0.020872
0.014696
0.009616
0.007504
0.006180
0.002556
-0.002128
-0.005000
-0.005944
-0.007500
-0.012900
-0.022816
-0.031656
-0.034956
-0.037320
-0.044220
-0.053992
-0.062416
-0.069360
-0.076628
-0.082856
-0.085840
-0.088748
-0.094428
-0.098036
-0.097712
-0.097492
-0.098432
-0.099820
-0.102164
-0.104908
-0.106348
-0.107212
-0.109256
-0.111692
-0.113364
-0.113752
-0.113336
-0.114060
-0.116064
-0.118244
-0.120260
-0.121988
-0.123460
-0.124824
-0.126424
-0.127728
-0.128428
-0.129008
-0.129440
-0.129680
-0.128908
-0.126568
-0.122508
-0.117468
-0.113320
-0.109532
-0.103448
-0.095468
-0.089280
-0.086128
-0.083340
-0.078372
-0.074272
-0.073996
-0.073428
-0.070272
-0.067564
-0.065716
-0.064356
-0.064976
-0.064716
-0.061264
-0.058752
-0.059160
-0.058280
-0.054540
-0.053140
-0.055816
-0.058132
-0.058488
-0.057820
-0.056700
-0.057652
-0.061448
-0.064304
-0.064228
-0.064624
-0.068312
-0.073516
-0.077988
-0.080160
-0.079940
-0.079728
-0.078540
-0.072760
-0.063356
-0.054184
-0.047704
-0.045100
-0.045372
-0.044392
-0.039052
-0.031604
-0.025132
-0.019420
-0.013760
-0.008600
-0.002196
0.007888
0.017116
0.020752
0.023512
0.030132
0.037416
0.041852
0.045144
0.049144
0.052368
0.053988
0.055352
0.055844
0.052732
0.047152
0.042992
0.040204
0.036164
0.029872
0.023168
0.018760
0.016096
0.012540
0.007864
0.005552
0.006548
0.007084
0.006016
0.004108
0.001448
-0.001388
-0.003584
-0.005476
-0.008128
-0.010748
-0.014380
-0.018936
-0.020320
-0.019376
-0.021528
-0.028372
-0.036868
-0.044432
-0.050712
-0.057404
-0.063852
-0.066916
-0.067824
-0.070084
-0.072756
-0.070700
-0.063668
-0.056856
-0.051396
-0.046132
-0.041392
-0.034952
-0.026268
-0.017456
-0.009336
-0.003196
0.002524
0.010976
0.020744
0.028380
0.034756
0.042764
0.051752
0.060452
0.068244
0.074724
0.080528
0.085780
0.089436
0.091752
0.095736
0.100048
0.100636
0.101000
0.102924
0.101952
0.100232
0.100808
0.099136
0.093776
0.089496
0.087996
0.087412
0.086280
0.082740
0.076888
0.073044
0.072748
0.070684
0.066944
0.067756
0.072276
0.075928
0.077652
0.078748
0.080496
0.083244
0.087860
0.093052
0.096940
0.100452
0.103912
0.109304
0.117964
0.124712
0.127172
0.131868
0.141368
0.148968
0.152328
0.155064
0.157744
0.158264
0.155116
0.150032
0.145948
0.142376
0.136920
0.130528
0.124980
0.118308
0.110032
0.101768
0.092788
0.082852
0.073724
0.065088
0.055720
0.046672
0.037472
0.024692
0.008964
-0.002436
-0.007136
-0.011472
-0.018204
-0.024468
-0.031100
-0.039300
-0.043396
-0.041052
-0.037740
-0.036592
-0.036064
-0.034620
-0.033624
-0.033576
-0.032292
-0.029096
-0.024784
-0.021088
-0.019304
-0.017140
-0.013972
-0.012160
-0.009452
-0.003308
0.003084
0.006640
0.009452
0.013668
0.016128
0.016308
0.018576
0.022144
0.024216
0.024588
0.020604
0.014124
0.010020
0.006420
0.002948
0.000984
-0.000756
-0.002112
-0.003292
-0.006296
-0.011244
-0.015124
-0.016396
-0.018292
-0.022916
-0.026140
-0.026168
-0.025608
-0.024828
-0.024440
-0.023756
-0.019976
-0.016308
-0.016920
-0.018932
-0.019820
-0.020976
-0.022728
-0.021444
-0.016640
-0.014280
-0.016124
-0.016076
-0.011512
-0.006524
-0.002644
0.000112
0.001972
0.004428
0.007180
0.009356
0.010352
0.011852
0.014040
0.010344
0.001664
-0.001440
-0.001736
-0.008416
-0.017124
-0.022188
-0.024500
-0.026072
-0.030068
-0.035800
-0.040068
-0.043864
-0.048780
-0.051136
-0.048100
-0.045184
-0.046632
-0.049100
-0.049268
-0.048672
-0.050784
-0.054332
-0.054108
-0.050796
-0.049880
-0.051620
-0.053016
-0.054576
-0.057548
-0.060396
-0.062924
-0.066948
-0.071580
-0.074204
-0.074908
-0.075880
-0.078600
-0.082276
-0.085032
-0.086984
-0.086936
-0.083220
-0.078896
-0.075444
-0.071528
-0.067792
-0.064540
-0.060104
-0.052268
-0.042432
-0.034212
-0.027012
-0.019340
-0.014116
-0.013740
-0.015724
-0.014812
-0.010896
-0.010760
-0.014180
-0.016120
-0.017196
-0.019116
-0.022916
-0.029904
-0.038564
-0.044292
-0.045572
-0.044836
-0.044940
-0.048448
-0.051896
-0.049220
-0.043236
-0.039300
-0.036708
-0.033372
-0.029168
-0.024604
-0.020676
-0.018956
-0.018988
-0.016764
-0.011448
-0.008932
-0.010372
-0.009156
-0.004344
-0.002768
-0.006804
-0.009636
-0.005868
-0.001480
-0.003104
-0.005860
-0.004992
-0.003476
-0.003888
-0.006496
-0.010216
-0.013400
-0.016912
-0.021584
-0.025824
-0.029304
-0.033280
-0.036972
-0.040440
-0.044584
-0.047000
-0.048044
-0.050552
-0.053632
-0.054484
-0.053004
-0.053188
-0.055012
-0.054456
-0.052080
-0.050340
-0.049924
-0.050068
-0.050788
-0.052112
-0.050884
-0.047388
-0.044552
-0.040300
-0.034440
-0.028532
-0.020188
-0.011164
-0.004280
0.003624
0.012132
0.016924
0.019588
0.024976
0.034108
0.044136
0.052168
0.058284
0.063156
0.065080
0.064792
0.066352
0.068940
0.067740
0.063220
0.059680
0.056544
0.051424
0.046752
0.043472
0.037612
0.028912
0.020732
0.011840
0.001544
-0.006016
-0.009692
-0.011876
-0.014632
-0.019820
-0.026020
-0.028612
-0.027264
-0.026132
-0.026116
-0.024928
-0.022768
-0.020852
-0.018372
-0.015320
-0.014220
-0.015272
-0.013456
-0.006640
-0.001080
-0.000916
-0.001580
0.000412
0.004268
0.008620
0.009604
0.006328
0.005564
0.009008
0.009660
0.006940
0.006976
0.010452
0.013764
0.014884
0.013996
0.013148
0.013508
0.014596
0.016948
0.019992
0.020172
0.017384
0.015664
0.014980
0.012052
0.007604
0.004928
0.003404
0.000272
-0.003796
-0.005512
-0.004492
-0.002672
-0.000652
0.001224
0.003272
0.006740
0.011844
0.016148
0.017688
0.019428
0.023036
0.024924
0.024864
0.027328
0.033480
0.039552
0.042592
0.044868
0.048492
0.050512
0.050160
0.051100
0.054240
0.058312
0.061272
0.060508
0.057876
0.056884
0.057616
0.058700
0.057588
0.052888
0.049032
0.048668
0.048172
0.046752
0.046028
0.044552
0.042888
0.042756
0.042224
0.041868
0.042848
0.043168
0.043712
0.045892
0.046468
0.045316
0.046052
0.045292
0.042088
0.042596
0.045112
0.044952
0.045588
0.047280
0.044296
0.039480
0.038976
0.039596
0.037896
0.037164
0.038696
0.040524
0.042952
0.046904
0.050268
0.051988
0.055548
0.060524
0.064188
0.068756
0.073160
0.074236
0.073680
0.072568
0.069524
0.064312
0.056756
0.047664
0.040264
0.033928
0.025240
0.015580
0.008252
0.002012
-0.005504
-0.011792
-0.015444
-0.020172
-0.026988
-0.031148
-0.029116
-0.023764
-0.021560
-0.022964
-0.023112
-0.020964
-0.016656
-0.010436
-0.005912
-0.004080
-0.001568
0.001848
0.003668
0.004344
0.006664
0.010108
0.010688
0.008416
0.007752
0.010860
0.014236
0.012396
0.005148
-0.000828
-0.000600
0.002496
0.003052
-0.000468
-0.006152
-0.010916
-0.014492
-0.019912
-0.028068
-0.035356
-0.039660
-0.044232
-0.050932
-0.056232
-0.058896
-0.062352
-0.068304
-0.075260
-0.081860
-0.086980
-0.088540
-0.087188
-0.086488
-0.087256
-0.087424
-0.086328
-0.084204
-0.081028
-0.077784
-0.074888
-0.072412
-0.069952
-0.065200
-0.059180
-0.054228
-0.048692
-0.042844
-0.039368
-0.037148
-0.033792
-0.030576
-0.027348
-0.020524
-0.011204
-0.006000
-0.006940
-0.007956
-0.005276
-0.003364
-0.004644
-0.004888
-0.002224
0.000752
0.001560
0.001432
0.003140
0.006272
0.009792
0.013684
0.017700
0.021200
0.023928
0.025584
0.026360
0.028848
0.033772
0.038452
0.040992
0.042260
0.042892
0.041856
0.040368
0.039268
0.035672
0.029328
0.023432
0.017848
0.012684
0.010296
0.008260
0.002692
-0.004452
-0.009452
-0.012424
-0.015492
-0.019660
-0.023468
-0.025464
-0.026892
-0.029112
-0.031204
-0.030820
-0.029404
-0.030396
-0.031416
-0.029408
-0.026192
-0.024136
-0.024112
-0.023900
-0.021320
-0.020228
-0.021276
-0.019768
-0.016884
-0.017600
-0.020456
-0.020948
-0.019648
-0.017900
-0.016832
-0.016424
-0.014736
-0.012144
-0.010524
-0.011388
-0.013404
-0.013168
-0.010976
-0.010604
-0.012436
-0.012884
-0.009920
-0.006612
-0.006952
-0.009328
-0.009448
-0.007400
-0.006340
-0.008824
-0.014056
-0.016756
-0.015284
-0.013688
-0.013392
-0.011592
-0.007128
-0.001712
0.002024
0.003532
0.005712
0.009504
0.014628
0.021044
0.026052
0.028876
0.032172
0.036812
0.040228
0.041412
0.042748
0.045360
0.048156
0.047572
0.043172
0.040840
0.042756
0.044668
0.043084
0.039820
0.038188
0.038704
0.039080
0.038788
0.040892
0.044364
0.045244
0.043952
0.043296
0.044140
0.044892
0.044136
0.042972
0.042148
0.040820
0.038656
0.035944
0.032620
0.030216
0.028964
0.026156
0.023780
0.024016
0.024808
0.025044
0.024260
0.023768
0.023140
0.020164
0.018604
0.019552
0.018996
0.019128
0.021664
0.022372
0.020920
0.018912
0.015472
0.012328
0.010152
0.006348
0.000916
-0.003332
-0.004700
-0.005348
-0.008876
-0.014464
-0.018408
-0.019924
-0.020012
-0.020116
-0.023036
-0.028516
-0.032076
-0.030608
-0.027368
-0.027736
-0.031448
-0.034744
-0.036296
-0.038284
-0.040692
-0.040952
-0.039836
-0.039756
-0.041368
-0.043968
-0.046560
-0.048232
-0.049676
-0.051968
-0.052328
-0.049456
-0.045812
-0.042424
-0.040312
-0.038488
-0.033972
-0.029172
-0.027628
-0.026304
-0.021540
-0.015620
-0.013280
-0.014204
-0.012944
-0.007684
-0.002484
-0.001736
-0.004424
-0.004336
0.000624
0.004784
0.004688
0.005300
0.009096
0.011288
0.010492
0.010948
0.013296
0.012244
0.007508
0.004772
0.005104
0.006448
0.007268
0.007244
0.008520
0.010124
0.009340
0.008220
0.009496
0.011776
0.013120
0.015524
0.020056
0.023728
0.026092
0.029436
0.032912
0.034972
0.036996
0.038564
0.037796
0.036368
0.037412
0.040912
0.043340
0.042756
0.041128
0.039752
0.037072
0.032976
0.029080
0.024048
0.017340
0.011484
0.005812
-0.000880
-0.007824
-0.016340
-0.024664
-0.029840
-0.035176
-0.042376
-0.048740
-0.053108
-0.056168
-0.058632
-0.059840
-0.059496
-0.058276
-0.057508
-0.057672
-0.056644
-0.055200
-0.056080
-0.057260
-0.056296
-0.053904
-0.052924
-0.054196
-0.053160
-0.049188
-0.047444
-0.048956
-0.049644
-0.046840
-0.042916
-0.042160
-0.045424
-0.047992
-0.045640
-0.041384
-0.039368
-0.038156
-0.036476
-0.036168
-0.035524
-0.031776
-0.027696
-0.026680
-0.026852
-0.026080
-0.025992
-0.025996
-0.024200
-0.021444
-0.018824
-0.016288
-0.013464
-0.009500
-0.004544
-0.001284
0.000760
0.005860
0.014544
0.021880
0.024856
0.025284
0.025948
0.029536
0.034728
0.037784
0.040524
0.044988
0.047756
0.048388
0.051152
0.056296
0.059316
0.058836
0.058168
0.059108
0.060892
0.062940
0.064624
0.065156
0.064356
0.064464
0.066284
0.065452
0.061464
0.059204
0.058284
0.054580
0.048416
0.044336
0.045224
0.047792
0.047172
0.044528
0.042816
0.040956
0.038692
0.035976
0.031696
0.028404
0.025996
0.021084
0.015732
0.011272
0.005216
-0.000788
-0.004304
-0.007668
-0.011632
-0.012428
-0.010384
-0.009360
-0.008856
-0.008016
-0.007532
-0.007736
-0.011376
-0.017436
-0.018496
-0.013768
-0.008648
-0.005292
-0.003576
-0.001376
0.000192
-0.001572
-0.003520
-0.003500
-0.003572
-0.002952
0.001460
0.007656
0.011776
0.014480
0.017360
0.019620
0.020144
0.020524
0.022032
0.022684
0.021660
0.020556
0.020644
0.021480
0.021472
0.020664
0.019652
0.018624
0.019764
0.023152
0.024700
0.022112
0.018428
0.017824
0.018380
0.016580
0.015560
0.017732
0.017340
0.011132
0.006644
0.008404
0.010260
0.008900
0.008388
0.010628
0.011748
0.009344
0.007472
0.009800
0.014624
0.018168
0.018760
0.017612
0.015940
0.013644
0.010836
0.009304
0.007976
0.002600
-0.004200
-0.006104
-0.003812
-0.002204
-0.003868
-0.008184
-0.012076
-0.012672
-0.010628
-0.008856
-0.008632
-0.008896
-0.008592
-0.007852
-0.008132
-0.010140
-0.012076
-0.013856
-0.016476
-0.018664
-0.021196
-0.026184
-0.031668
-0.034464
-0.036036
-0.039564
-0.043484
-0.045824
-0.047176
-0.046144
-0.043876
-0.045412
-0.049548
-0.050460
-0.047560
-0.045116
-0.045960
-0.046776
-0.043288
-0.038564
-0.035668
-0.032272
-0.029880
-0.031176
-0.032792
-0.032072
-0.030304
-0.030504
-0.034024
-0.037296
-0.037224
-0.034980
-0.033220
-0.033644
-0.035800
-0.038004
-0.038296
-0.035284
-0.031708
-0.032156
-0.033100
-0.028780
-0.024024
-0.021920
-0.016180
-0.007952
-0.003536
-0.000692
0.002352
0.003240
0.002604
0.000748
-0.001676
-0.002080
-0.000696
0.001440
0.003912
0.003236
-0.001484
-0.004272
-0.004720
-0.008236
-0.012724
-0.014888
-0.015888
-0.014592
-0.011120
-0.010136
-0.012664
-0.012872
-0.008180
-0.004352
-0.005316
-0.008008
-0.009528
-0.010732
-0.011128
-0.009212
-0.007448
-0.007592
-0.007548
-0.005140
-0.000324
0.002392
-0.000552
-0.003052
-0.000076
0.002048
0.000044
-0.000360
0.002268
0.002476
0.000908
0.003100
0.005820
0.004376
0.001636
-0.000312
-0.002400
-0.003116
-0.001648
-0.000140
0.000564
0.001044
0.000560
-0.001720
-0.002692
-0.000976
-0.001928
-0.006928
-0.010256
-0.010768
-0.012700
-0.015596
-0.015764
-0.014040
-0.013352
-0.013144
-0.010836
-0.007020
-0.005928
-0.008924
-0.012384
-0.013404
-0.010656
-0.006068
-0.006032
-0.009176
-0.006984
-0.002404
-0.004120
-0.009312
-0.010904
-0.008000
-0.003308
-0.000272
-0.000568
0.000072
0.004924
0.007708
0.004796
0.003632
0.007680
0.012056
0.016368
0.021936
0.025512
0.026108
0.026484
0.029276
0.034288
0.039096
0.043656
0.049656
0.055004
0.057568
0.061324
0.067128
0.070140
0.071376
0.074896
0.079660
0.081448
0.078144
0.074720
0.076912
0.080956
0.080588
0.075700
0.070468
0.069016
0.070820
0.071444
0.068260
0.063672
0.061872
0.062524
0.060192
0.054732
0.053016
0.055392
0.058136
0.060648
0.059476
0.052624
0.046468
0.046052
0.049416
0.052908
0.054824
0.056268
0.057832
0.058648
0.058472
0.057532
0.056656
0.056204
0.056132
0.056736
0.057644
0.058172
0.058208
0.057248
0.054924
0.052500
0.049916
0.046484
0.044236
0.042692
0.039488
0.036148
0.033016
0.029460
0.026656
0.023932
0.021100
0.017736
0.014180
0.013428
0.012596
0.008492
0.004792
0.002464
0.000796
0.002552
0.006228
0.006504
0.004072
0.001632
-0.000772
-0.001520
-0.000956
-0.002968
-0.007356
-0.009712
-0.007548
-0.002136
0.001120
-0.000412
-0.002652
-0.003624
-0.005008
-0.006952
-0.007672
-0.006864
-0.006632
-0.007636
-0.008900
-0.010076
-0.010004
-0.008752
-0.010284
-0.015060
-0.018784
-0.020080
-0.020180
-0.020064
-0.021040
-0.024720
-0.029780
-0.032656
-0.032592
-0.031608
-0.031480
-0.031728
-0.032324
-0.033832
-0.034268
-0.033824
-0.034540
-0.035060
-0.035412
-0.036388
-0.034328
-0.028412
-0.024116
-0.024148
-0.025876
-0.027876
-0.031036
-0.035020
-0.037320
-0.037048
-0.036776
-0.036748
-0.035724
-0.037064
-0.041712
-0.045412
-0.047644
-0.050148
-0.053204
-0.055112
-0.053128
-0.050172
-0.050084
-0.050176
-0.048960
-0.048796
-0.050112
-0.052752
-0.056780
-0.060100
-0.060356
-0.056704
-0.051020
-0.047468
-0.047276
-0.049160
-0.051744
-0.053456
-0.054564
-0.054604
-0.053420
-0.053804
-0.055840
-0.056872
-0.056464
-0.055816
-0.056116
-0.057764
-0.058004
-0.054492
-0.050428
-0.050256
-0.054276
-0.058304
-0.058524
-0.056084
-0.054240
-0.054080
-0.054048
-0.051184
-0.045820
-0.043376
-0.045376
-0.047108
-0.045840
-0.042672
-0.039932
-0.039228
-0.040228
-0.039600
-0.035888
-0.032944
-0.031612
-0.028528
-0.023936
-0.020380
-0.018428
-0.017272
-0.014132
-0.007616
-0.001556
0.000524
-0.001004
-0.003268
-0.001928
0.002620
0.004164
0.000536
-0.004304
-0.007116
-0.008484
-0.010332
-0.011664
-0.010828
-0.010460
-0.011824
-0.011424
-0.007880
-0.003068
0.002716
0.009948
0.015188
0.015512
0.013036
0.009060
0.005752
0.007924
0.015540
0.025220
0.033296
0.035032
0.032368
0.032372
0.033988
0.032288
0.029452
0.029196
0.030672
0.032356
0.033648
0.032952
0.032240
0.035456
0.039740
0.039584
0.035204
0.031948
0.031748
0.031088
0.030640
0.033228
0.035760
0.034892
0.031532
0.027860
0.026220
0.025688
0.023032
0.019648
0.018372
0.018076
0.017732
0.016816
0.013396
0.008424
0.004932
0.003996
0.005132
0.007212
0.007084
0.003220
0.000220
0.000712
0.000908
-0.001132
-0.002092
-0.000124
0.002192
0.002928
0.002928
0.004256
0.007444
0.009504
0.009296
0.010444
0.015196
0.020444
0.020968
0.017008
0.014180
0.015576
0.019272
0.019536
0.015172
0.013816
0.016472
0.017384
0.017564
0.018324
0.017840
0.015936
0.012520
0.008432
0.006124
0.006076
0.006292
0.005284
0.004680
0.007288
0.010932
0.012296
0.011600
0.009296
0.006032
0.002296
-0.000488
-0.000728
0.001276
0.005560
0.011640
0.015188
0.012060
0.004596
-0.001704
-0.004292
-0.005652
-0.007576
-0.007984
-0.005224
-0.000468
0.002860
0.003516
0.002228
-0.001832
-0.005824
-0.003460
0.003532
0.007740
0.007468
0.005628
0.004908
0.005964
0.006500
0.004808
0.003944
0.007236
0.011304
0.012544
0.012100
0.012308
0.013100
0.008912
-0.000624
-0.008048
-0.011752
-0.013612
-0.012636
-0.009612
-0.007348
-0.005496
-0.002264
0.001340
0.002916
0.001140
-0.003648
-0.008268
-0.008188
-0.005144
-0.005132
-0.007276
-0.006088
-0.001576
0.002320
0.005612
0.009280
0.011712
0.012052
0.009848
0.006060
0.004204
0.005888
0.007388
0.006504
0.009112
0.017168
0.021760
0.018700
0.014504
0.013436
0.011944
0.009092
0.010112
0.013092
0.012392
0.013044
0.019728
0.026292
0.028808
0.030144
0.029348
0.024888
0.020496
0.018240
0.017268
0.015152
0.010868
0.007672
0.005524
0.002212
0.000004
0.000600
0.001020
-0.001308
-0.004216
-0.004356
-0.002064
-0.001332
-0.005240
-0.012480
-0.018508
-0.020728
-0.021184
-0.021684
-0.021032
-0.018512
-0.015820
-0.015048
-0.015944
-0.017972
-0.021924
-0.025852
-0.026728
-0.025612
-0.025256
-0.026208
-0.026124
-0.023788
-0.023036
-0.027940
-0.035424
-0.037960
-0.034956
-0.032520
-0.033192
-0.034824
-0.033836
-0.029640
-0.027832
-0.031300
-0.035728
-0.037232
-0.036632
-0.036436
-0.036436
-0.035724
-0.035244
-0.036068
-0.035896
-0.032748
-0.030208
-0.030164
-0.030444
-0.030068
-0.029928
-0.029808
-0.027976
-0.025512
-0.024268
-0.022648
-0.020996
-0.022916
-0.026060
-0.026440
-0.027844
-0.031664
-0.033744
-0.034032
-0.034968
-0.037920
-0.042556
-0.045376
-0.044460
-0.041880
-0.040764
-0.042440
-0.044692
-0.045692
-0.046032
-0.046424
-0.046580
-0.044920
-0.041396
-0.038056
-0.034116
-0.028400
-0.024660
-0.024972
-0.026780
-0.027728
-0.025136
-0.019624
-0.016924
-0.017424
-0.015808
-0.012256
-0.009192
-0.004640
0.000024
0.001468
0.002360
0.005800
0.010436
0.013308
0.012392
0.011960
0.018008
0.025300
0.027204
0.026424
0.027664
0.032744
0.039748
0.041708
0.035684
0.030004
0.030028
0.031888
0.030636
0.025248
0.020500
0.020372
0.020980
0.015248
0.005720
0.002644
0.005224
0.004972
0.002456
0.002608
0.004932
0.006472
0.006716
0.006640
0.008316
0.012588
0.015856
0.015616
0.014020
0.014604
0.019084
0.024848
0.027804
0.028520
0.028960
0.028472
0.026428
0.023536
0.022492
0.025912
0.032132
0.036412
0.035992
0.032692
0.032344
0.036836
0.038488
0.033452
0.027260
0.022672
0.018876
0.015184
0.009668
0.002788
-0.001748
-0.004748
-0.009972
-0.015944
-0.020516
-0.022492
-0.022596
-0.026600
-0.033600
-0.036624
-0.036672
-0.036972
-0.035492
-0.031800
-0.029528
-0.029116
-0.027840
-0.025896
-0.022988
-0.018420
-0.014560
-0.011300
-0.006592
-0.002428
-0.000888
0.000528
0.004240
0.008964
0.014536
0.021784
0.028012
0.032640
0.037304
0.041296
0.044584
0.046412
0.045696
0.044560
0.047160
0.053148
0.054480
0.050064
0.047160
0.045196
0.040932
0.037536
0.036284
0.034060
0.030572
0.026472
0.021896
0.018600
0.017040
0.014728
0.010160
0.006148
0.004084
0.002276
0.000120
-0.002068
-0.004436
-0.006412
-0.005448
-0.001728
0.000384
0.001172
0.004548
0.008576
0.009180
0.008772
0.010984
0.014204
0.016296
0.015772
0.011956
0.007736
0.006464
0.008924
0.013892
0.016436
0.013716
0.010152
0.008320
0.007500
0.006980
0.004792
0.001092
-0.002268
-0.005676
-0.008440
-0.008480
-0.007356
-0.009164
-0.014092
-0.016440
-0.015732
-0.018908
-0.024872
-0.028896
-0.032268
-0.034048
-0.032352
-0.028740
-0.025572
-0.027024
-0.032428
-0.033480
-0.029408
-0.026596
-0.025208
-0.022040
-0.019160
-0.019992
-0.021972
-0.021716
-0.019312
-0.017724
-0.019068
-0.019520
-0.017856
-0.017216
-0.017964
-0.019536
-0.020316
-0.019600
-0.020336
-0.023120
-0.024400
-0.023344
-0.022680
-0.023184
-0.023672
-0.026036
-0.031264
-0.033760
-0.032504
-0.033940
-0.038804
-0.041632
-0.041568
-0.042400
-0.042704
-0.039572
-0.037348
-0.039196
-0.042228
-0.044928
-0.047504
-0.048508
-0.046532
-0.044456
-0.047196
-0.052768
-0.053848
-0.049656
-0.046824
-0.048200
-0.051120
-0.052444
-0.051700
-0.052036
-0.053792
-0.053040
-0.049504
-0.047876
-0.048372
-0.046240
-0.041752
-0.039508
-0.039576
-0.037672
-0.032196
-0.026408
-0.022720
-0.020424
-0.017904
-0.013856
-0.008908
-0.003936
0.000504
0.002868
0.003708
0.006700
0.011136
0.013400
0.013072
0.011948
0.012812
0.016500
0.020332
0.021200
0.020424
0.022124
0.026136
0.029108
0.031140
0.032452
0.032412
0.032200
0.032204
0.032176
0.030916
0.028156
0.026788
0.027628
0.026264
0.021400
0.017332
0.017540
0.020164
0.019032
0.014904
0.013124
0.011996
0.009964
0.008648
0.006256
0.002560
0.002980
0.007268
0.008532
0.008156
0.010296
0.012312
0.011088
0.009404
0.011768
0.013760
0.011036
0.008612
0.008896
0.010796
0.013848
0.013324
0.007524
0.002224
-0.000312
-0.001136
-0.000560
-0.001104
-0.003028
-0.002668
-0.000384
0.000288
-0.000084
0.000376
0.001440
0.001932
0.001032
0.001032
0.002916
0.004608
0.007032
0.010672
0.012828
0.013596
0.015980
0.020668
0.024140
0.022848
0.019288
0.019412
0.023852
0.026964
0.025532
0.024360
0.026572
0.027988
0.028252
0.030628
0.032928
0.031588
0.028748
0.028656
0.030200
0.030032
0.028844
0.027756
0.026056
0.024824
0.024968
0.024492
0.024152
0.025452
0.025076
0.022400
0.021628
0.023696
0.023852
0.020500
0.018820
0.019612
0.019372
0.019040
0.020496
0.022316
0.022480
0.019824
0.016000
0.015088
0.016644
0.017116
0.014596
0.011152
0.010572
0.011984
0.012632
0.010644
0.007628
0.008584
0.012900
0.014464
0.010500
0.004236
0.002076
0.006232
0.009332
0.006672
0.003560
0.003824
0.005648
0.006224
0.003484
0.000060
0.000724
0.003540
0.005112
0.004860
0.002460
-0.000472
-0.003440
-0.005996
-0.005296
-0.002592
-0.002712
-0.006752
-0.010340
-0.008904
-0.004160
-0.002428
-0.005748
-0.009916
-0.011884
-0.011968
-0.011336
-0.011032
-0.011320
-0.010760
-0.007552
-0.004412
-0.006436
-0.011524
-0.012956
-0.009952
-0.005716
-0.004112
-0.006048
-0.007040
-0.006840
-0.006600
-0.003840
-0.000068
0.000444
-0.001640
-0.001276
0.001140
0.001540
0.001592
0.003708
0.004392
0.002612
0.001848
0.001244
-0.001048
-0.002384
-0.000408
0.000532
-0.002432
-0.003696
-0.001724
-0.001576
-0.004368
-0.005308
-0.002240
-0.000640
-0.002848
-0.005344
-0.006944
-0.006588
-0.003620
-0.001204
-0.001548
-0.002592
-0.002152
-0.001752
-0.002700
-0.002548
-0.000168
0.001272
0.001204
0.001700
0.001532
0.001216
0.001836
0.002724
0.004832
0.005856
0.003920
0.001504
0.001868
0.004736
0.005180
0.003184
0.002696
0.003440
0.002848
0.000652
-0.000704
-0.000248
-0.000180
-0.001912
-0.003544
-0.002384
0.000048
-0.001600
-0.005520
-0.005900
-0.004692
-0.005288
-0.007652
-0.008224
-0.005424
-0.002672
-0.000136
0.001756
0.002352
0.003900
0.005724
0.004840
0.002428
0.003284
0.006484
0.006260
0.003168
0.003168
0.005916
0.007016
0.005604
0.002880
0.000540
0.001048
0.003332
0.001940
-0.001864
-0.002648
-0.001208
-0.000608
0.000092
0.002264
0.002492
-0.001976
-0.007184
-0.007600
-0.005060
-0.005668
-0.009344
-0.011384
-0.010864
-0.010172
-0.010304
-0.010748
-0.011028
-0.010988
-0.011764
-0.014188
-0.015004
-0.012904
-0.011996
-0.014204
-0.016536
-0.015568
-0.014388
-0.016948
-0.020020
-0.021352
-0.022780
-0.023824
-0.023340
-0.023400
-0.026020
-0.028728
-0.028140
-0.025740
-0.024748
-0.026996
-0.030500
-0.029400
-0.024100
-0.021676
-0.022904
-0.022644
-0.018716
-0.012812
-0.009416
-0.010352
-0.011072
-0.008156
-0.003160
0.001152
0.004752
0.008896
0.011416
0.011068
0.012924
0.018676
0.022116
0.022840
0.024752
0.025740
0.025080
0.025548
0.027572
0.029052
0.027912
0.026240
0.025268
0.023308
0.022096
0.023080
0.023828
0.021496
0.018448
0.019496
0.021320
0.018584
0.014116
0.010808
0.008184
0.007008
0.005536
0.001972
0.000228
0.001116
-0.000124
-0.002596
-0.003024
-0.002084
0.000184
0.002580
0.002796
0.001656
0.001204
0.002556
0.004408
0.004784
0.004076
0.003628
0.003840
0.004264
0.004472
0.004476
0.004540
0.004764
0.005936
0.007688
0.008072
0.007416
0.006244
0.006556
0.009648
0.010628
0.008996
0.008456
0.008408
0.009932
0.012620
0.012080
0.010484
0.011760
0.013632
0.013576
0.013348
0.014636
0.015380
0.015408
0.016084
0.015440
0.015496
0.020460
0.025056
0.023812
0.021860
0.024192
0.026736
0.026428
0.026664
0.029144
0.031632
0.030068
0.025660
0.024260
0.025036
0.024652
0.022948
0.020716
0.020680
0.022668
0.021104
0.017640
0.018272
0.018636
0.014508
0.012100
0.014336
0.014940
0.011648
0.008396
0.006564
0.003912
0.001388
0.001884
0.002256
0.000288
-0.000800
-0.000776
-0.002460
-0.005420
-0.007692
-0.008628
-0.008256
-0.008548
-0.010840
-0.011564
-0.008240
-0.005016
-0.006520
-0.010628
-0.010632
-0.007180
-0.006004
-0.005960
-0.005068
-0.004052
-0.002548
-0.001276
-0.002072
-0.004672
-0.006456
-0.007364
-0.007160
-0.002200
0.004172
0.003792
-0.001968
-0.004852
-0.001960
0.002488
0.004396
0.003176
0.000172
-0.000484
0.002792
0.004428
0.002836
0.002796
0.003352
0.000452
-0.002664
-0.001420
0.000604
-0.000752
-0.002788
-0.002924
-0.002212
-0.002144
-0.002544
-0.002540
-0.002292
-0.001136
0.000168
-0.000064
-0.000728
-0.001808
-0.001780
0.000248
0.000556
-0.000176
0.001660
0.004396
0.004756
0.004128
0.005032
0.005680
0.003584
0.001040
0.001252
0.002716
0.003100
0.002032
-0.001584
-0.006548
-0.009116
-0.010096
-0.011724
-0.012208
-0.011312
-0.011956
-0.014764
-0.016536
-0.015784
-0.014064
-0.012056
-0.011596
-0.012532
-0.011612
-0.009416
-0.008628
-0.009408
-0.009296
-0.006900
-0.004468
-0.003184
-0.002160
-0.001184
0.000316
0.002040
0.002612
0.002116
0.002180
0.003564
0.005192
0.007392
0.009804
0.009716
0.009344
0.010864
0.011112
0.010048
0.010112
0.011992
0.014204
0.014516
0.013900
0.014264
0.015968
0.016952
0.013904
0.009420
0.010064
0.013708
0.012964
0.009676
0.009108
0.011324
0.013144
0.010532
0.005708
0.005192
0.008512
0.010360
0.010100
0.010152
0.010656
0.011568
0.013764
0.015792
0.015820
0.014856
0.014196
0.014608
0.017192
0.020484
0.020508
0.017092
0.015592
0.018436
0.021204
0.019872
0.015848
0.013644
0.014800
0.016560
0.015992
0.013072
0.010868
0.011116
0.011432
0.010384
0.009640
0.008192
0.003836
-0.000760
-0.001384
0.000956
0.001324
-0.002036
-0.005036
-0.005192
-0.005904
-0.008044
-0.008556
-0.007968
-0.009936
-0.014696
-0.017704
-0.016892
-0.015880
-0.017572
-0.019020
-0.016568
-0.012888
-0.011888
-0.013148
-0.015316
-0.016204
-0.014916
-0.016188
-0.020596
-0.021056
-0.017076
-0.015320
-0.016932
-0.018048
-0.017500
-0.016560
-0.016240
-0.016632
-0.017648
-0.018832
-0.018248
-0.015804
-0.013572
-0.012464
-0.013456
-0.015732
-0.015316
-0.012648
-0.011176
-0.010792
-0.010732
-0.008512
-0.003712
-0.001644
-0.002184
-0.001700
-0.000368
0.002060
0.004388
0.006008
0.010452
0.016040
0.017148
0.016060
0.017204
0.019216
0.022440
0.027644
0.030264
0.027160
0.023364
0.025476
0.029620
0.029032
0.026064
0.025144
0.025168
0.023832
0.022204
0.020996
0.019320
0.018004
0.018020
0.018576
0.018792
0.017920
0.014504
0.009344
0.007452
0.010520
0.013044
0.012128
0.009768
0.007556
0.006916
0.007488
0.007536
0.006664
0.005444
0.005880
0.007104
0.006112
0.005564
0.006924
0.006208
0.003584
0.002588
0.004100
0.007016
0.008820
0.007988
0.007060
0.008700
0.011992
0.014520
0.014180
0.012800
0.013884
0.014864
0.015476
0.019176
0.021968
0.021144
0.020724
0.022000
0.023228
0.022828
0.020616
0.019688
0.021508
0.022192
0.020960
0.021080
0.022084
0.022568
0.022768
0.022608
0.021124
0.017564
0.015396
0.017632
0.020240
0.020672
0.021344
0.021208
0.018940
0.017696
0.017256
0.015220
0.013488
0.013804
0.015780
0.017136
0.015112
0.012524
0.013940
0.017412
0.017464
0.015044
0.015352
0.017692
0.018456
0.017644
0.016020
0.013640
0.012496
0.013456
0.012632
0.008536
0.006016
0.005436
0.003080
0.000844
-0.000208
-0.003384
-0.008124
-0.010044
-0.009020
-0.011320
-0.017812
-0.020948
-0.018880
-0.016888
-0.018348
-0.021984
-0.023840
-0.022748
-0.021456
-0.022420
-0.024828
-0.024604
-0.022288
-0.023380
-0.026684
-0.027260
-0.025112
-0.023044
-0.023412
-0.024912
-0.024772
-0.023248
-0.022164
-0.023616
-0.026892
-0.027524
-0.024876
-0.023172
-0.023568
-0.024980
-0.027400
-0.028964
-0.026928
-0.023928
-0.024736
-0.027068
-0.027780
-0.028308
-0.028720
-0.030344
-0.034748
-0.035776
-0.031400
-0.030064
-0.033616
-0.035612
-0.034444
-0.033724
-0.035924
-0.038560
-0.037092
-0.033540
-0.032636
-0.032440
-0.030884
-0.031128
-0.033992
-0.036788
-0.036656
-0.032232
-0.027820
-0.028372
-0.031924
-0.033044
-0.029308
-0.023356
-0.020684
-0.022892
-0.023440
-0.018084
-0.013000
-0.011968
-0.010372
-0.006600
-0.003028
-0.001024
0.000544
0.004072
0.007668
0.008424
0.008712
0.010336
0.011188
0.011528
0.014220
0.017496
0.016824
0.014192
0.015168
0.020252
0.024364
0.023144
0.019012
0.016232
0.015180
0.016328
0.018468
0.016632
0.013216
0.014420
0.016516
0.015680
0.015340
0.015456
0.013516
0.013396
0.015300
0.014140
0.013668
0.016296
0.016216
0.013716
0.013172
0.013692
0.014636
0.016236
0.015424
0.012672
0.012728
0.016576
0.018956
0.015484
0.011964
0.011812
0.010460
0.006560
0.004668
0.005872
0.005952
0.002276
-0.003080
-0.006740
-0.007700
-0.008944
-0.012576
-0.016116
-0.017832
-0.018048
-0.018712
-0.021816
-0.024948
-0.026232
-0.027240
-0.026744
-0.024148
-0.023168
-0.023796
-0.022592
-0.019584
-0.017804
-0.018412
-0.019536
-0.017708
-0.010844
-0.004680
-0.003988
-0.003068
0.000488
0.002600
0.003620
0.004928
0.005056
0.006312
0.011568
0.015596
0.013684
0.010404
0.010352
0.011828
0.013060
0.013880
0.013788
0.013348
0.013332
0.013520
0.013556
0.013488
0.013444
0.013420
0.013368
0.013272
0.013164
0.013956
0.015156
0.013940
0.012384
0.014556
0.017280
0.017724
0.018596
0.020060
0.020036
0.019292
0.019164
0.019436
0.020056
0.020680
0.019996
0.018544
0.018192
0.019776
0.022568
0.022944
0.019456
0.016836
0.016924
0.017028
0.016692
0.015580
0.013892
0.014080
0.015544
0.015084
0.012420
0.010480
0.010784
0.010700
0.009788
0.010556
0.010344
0.006228
0.002012
0.001724
0.003600
0.004168
0.003352
0.001280
-0.002184
-0.004968
-0.006304
-0.006620
-0.006676
-0.008692
-0.012816
-0.016104
-0.016896
-0.017340
-0.018716
-0.019064
-0.018316
-0.017900
-0.018736
-0.020644
-0.021352
-0.020492
-0.019656
-0.018592
-0.017192
-0.016700
-0.016664
-0.015968
-0.015288
-0.014744
-0.013876
-0.013396
-0.013528
-0.013592
-0.012768
-0.010872
-0.009456
-0.008948
-0.007880
-0.005964
-0.003380
-0.001736
-0.003868
-0.006816
-0.006580
-0.004220
-0.001076
0.001128
0.001936
0.003324
0.005592
0.006476
0.005744
0.006264
0.007588
0.007856
0.008300
0.008200
0.007020
0.007660
0.010552
0.012812
0.012244
0.009908
0.009480
0.012512
0.015136
0.013556
0.010548
0.010964
0.014140
0.016268
0.015616
0.013220
0.011912
0.012184
0.012136
0.011384
0.010456
0.010556
0.011920
0.012504
0.012084
0.011016
0.009400
0.009716
0.011728
0.011668
0.009460
0.008676
0.010104
0.011180
0.010844
0.010252
0.009504
0.007884
0.006380
0.006112
0.006528
0.006648
0.005368
0.002932
0.001824
0.001784
0.000424
-0.001640
-0.003052
-0.004540
-0.007372
-0.009956
-0.009948
-0.009468
-0.011452
-0.014552
-0.015868
-0.015612
-0.016172
-0.017424
-0.018048
-0.019780
-0.022784
-0.022960
-0.020700
-0.020752
-0.023976
-0.027368
-0.027752
-0.026424
-0.028148
-0.032108
-0.033160
-0.031264
-0.030184
-0.031692
-0.034560
-0.036468
-0.036620
-0.035724
-0.035452
-0.036776
-0.037492
-0.036960
-0.038072
-0.039592
-0.039092
-0.038904
-0.039512
-0.039064
-0.038400
-0.038900
-0.039176
-0.038052
-0.036892
-0.036076
-0.035172
-0.034120
-0.032632
-0.031372
-0.031076
-0.030668
-0.029536
-0.028652
-0.027836
-0.026380
-0.025168
-0.024876
-0.024344
-0.022596
-0.020508
-0.019052
-0.018004
-0.017076
-0.016412
-0.015840
-0.014956
-0.014240
-0.013924
-0.012676
-0.010196
-0.008488
-0.008088
-0.007512
-0.006504
-0.005396
-0.004360
-0.003924
-0.004072
-0.003956
-0.002884
-0.001464
-0.000928
-0.001280
-0.001344
-0.000596
-0.000208
-0.000136
0.001028
0.002392
0.002772
0.003144
0.004396
0.005468
0.006048
0.007164
0.007696
0.007452
0.008564
0.009948
0.009844
0.010244
0.011796
0.011400
0.008512
0.007816
0.010372
0.011864
0.012112
0.012872
0.012724
0.011620
0.011696
0.012984
0.013556
0.013136
0.012704
0.011980
0.010808
0.009856
0.009452
0.009632
0.010476
0.011188
0.010468
0.008628
0.006828
0.006288
0.007044
0.006860
0.004952
0.003112
0.002164
0.001676
0.001848
0.002120
0.000912
-0.000928
-0.001440
-0.001016
-0.001072
-0.001864
-0.002464
-0.002300
-0.002388
-0.003132
-0.003088
-0.002216
-0.001632
-0.001312
-0.001168
-0.001352
-0.001712
-0.001628
-0.001092
-0.000944
-0.001120
-0.000876
-0.000288
0.000084
0.000568
0.001196
0.000888
0.000160
0.000592
0.001424
0.001304
0.001044
0.001260
0.001628
0.002116
0.002336
0.002176
0.002112
0.002240
0.002460
0.002928
0.003468
0.003436
0.002880
0.002780
0.003408
0.003772
0.003628
0.003576
0.003504
0.003568
0.004184
0.004608
0.004456
0.004472
0.004908
0.005208
0.005120
0.004932
0.004940
0.005256
0.005656
0.005804
0.005844
0.006020
0.006156
0.006108
0.005912
0.005644
0.005736
0.006096
0.006076
0.005800
0.005700
0.005948
0.006460
0.006772
0.006736
0.006508
0.006184
0.005984
0.005960
0.005996
0.006132
0.006256
0.006128
0.005880
0.005772
0.005724
0.005504
0.005152
0.004936
0.004944
0.004984
0.004816
0.004472
0.004320
0.004476
0.004560
0.004324
0.003948
0.003692
0.003660
0.003832
0.004004
0.003844
0.003416
0.003260
0.003484
0.003668
0.003668
0.003564
0.003368
0.003244
0.003280
0.003388
0.003460
0.003400
0.003280
0.003156
0.003012
0.002924
0.002920
0.002900
0.002892
0.002860
0.002688
0.002564
0.002612
0.002608
0.002408
0.002180
0.002076
0.002080
0.002132
0.002108
0.001976
0.001884
0.001864
0.001840
0.001824
0.001792
0.001764
0.001776
0.001780
0.001768
0.001772
0.001780
0.001780
0.001796
0.001800
0.001776
0.001740
0.001692
0.001636
0.001584
0.001552
0.001536
0.001508
0.001468
0.001452
0.001444
0.001428
0.001412
0.001396
0.001352
0.001320
0.001320
0.001312
0.001288
0.001280
0.001288
0.001288
0.001280
0.001276
0.001280
0.001292
0.001280
0.001260
0.001252
0.001252
0.001236
0.001220
0.001220
0.001232
0.001220
0.001204
0.001196
0.001192
0.001184
0.001164
0.001140
0.001132
0.001128
0.001120
0.001100
0.001088
0.001072
0.001056
0.001036
0.001016
0.001000
0.000984
0.000972
0.000956
0.000936
0.000916
0.000900
0.000884
0.000872
0.000856
0.000836
0.000824
0.000808
0.000792
0.000776
0.000764
0.000748
0.000736
0.000720
0.000708
0.000692
0.000680
0.000668
0.000656
0.000640
0.000628
0.000616
0.000604
0.000596
0.000584
0.000572
0.000564
0.000552
0.000544
0.000536
0.000528
0.000520
0.000512
0.000504
0.000496
0.000492
0.000484
0.000480
0.000476
0.000472
0.000468
0.000464
0.000464
0.000460
0.000460
0.000460
