0.000000
-0.015228
-0.009712
-0.000140
-0.001380
-0.001288
-0.001272
-0.001352
-0.001512
-0.001704
-0.001836
-0.001828
-0.001664
-0.001388
-0.001060
-0.000744
-0.000480
-0.000304
-0.000228
-0.000204
-0.000204
-0.000236
-0.000332
-0.000480
-0.000620
-0.000740
-0.000892
-0.001108
-0.001372
-0.001664
-0.001968
-0.002268
-0.002456
-0.002460
-0.002332
-0.002172
-0.001996
-0.001756
-0.001468
-0.001244
-0.001192
-0.001320
-0.001528
-0.001712
-0.001820
-0.001848
-0.001760
-0.001524
-0.001296
-0.001284
-0.001456
-0.001572
-0.001428
-0.001076
-0.000804
-0.000788
-0.000916
-0.001020
-0.001152
-0.001436
-0.001744
-0.001860
-0.001680
-0.001216
-0.000720
-0.000440
-0.000276
-0.000036
0.000276
0.000636
0.000952
0.000892
0.000224
-0.000820
-0.001840
-0.002528
-0.002680
-0.002248
-0.001348
-0.000160
0.001216
0.002648
0.003612
0.003544
0.002504
0.001020
-0.000052
0.000080
0.001104
0.001876
0.001912
0.001424
0.000748
0.000284
0.000292
0.000732
0.001264
0.001388
0.000840
-0.000096
-0.000948
-0.001356
-0.001004
0.000168
0.001728
0.002784
0.002340
0.000116
-0.002980
-0.005700
-0.007216
-0.006688
-0.003816
0.000148
0.003432
0.004912
0.004676
0.004504
0.006308
0.009872
0.012884
0.013268
0.011084
0.007412
0.002980
-0.000828
-0.001896
-0.000008
0.002032
0.001256
-0.002900
-0.008676
-0.012668
-0.012116
-0.008024
-0.003592
-0.000108
0.002972
0.005304
0.005180
0.001524
-0.004148
-0.008800
-0.010956
-0.011676
-0.012120
-0.011248
-0.007516
-0.001940
0.002668
0.004248
0.002652
-0.001136
-0.006484
-0.012872
-0.019048
-0.023532
-0.025088
-0.023052
-0.017976
-0.011484
-0.005484
-0.000956
0.003040
0.007884
0.013512
0.019080
0.022692
0.021456
0.014928
0.005684
-0.002752
-0.007368
-0.007908
-0.006396
-0.004544
-0.003300
-0.003752
-0.005928
-0.007536
-0.005964
0.000232
0.010068
0.018700
0.021020
0.017188
0.012328
0.011108
0.013792
0.016664
0.014752
0.006492
-0.003172
-0.007752
-0.005848
-0.000588
0.004096
0.006520
0.008188
0.010768
0.011848
0.006392
-0.006704
-0.021844
-0.031660
-0.033096
-0.027484
-0.017408
-0.006252
0.001336
0.003452
0.003072
0.003380
0.006064
0.012016
0.018948
0.022964
0.023360
0.021944
0.020488
0.021028
0.023384
0.023232
0.017568
0.008596
-0.000116
-0.007160
-0.012792
-0.017588
-0.019600
-0.012388
0.007872
0.032904
0.046800
0.041080
0.022276
0.004632
-0.000988
0.007640
0.025728
0.047336
0.068124
0.083452
0.087876
0.078704
0.057376
0.029440
0.006092
-0.000436
0.013832
0.041752
0.070244
0.086420
0.084156
0.069148
0.052892
0.041736
0.035512
0.030984
0.022948
0.006240
-0.018652
-0.040608
-0.045116
-0.030596
-0.011148
-0.000540
-0.000872
-0.006608
-0.013852
-0.024456
-0.039316
-0.051388
-0.050468
-0.032688
-0.005188
0.016756
0.020328
0.006228
-0.012704
-0.024728
-0.027460
-0.025032
-0.024504
-0.032872
-0.051548
-0.074000
-0.090016
-0.089624
-0.066128
-0.023020
0.024568
0.060236
0.080444
0.095576
0.113776
0.130248
0.135604
0.129332
0.120444
0.114236
0.107156
0.095184
0.080460
0.070440
0.068600
0.067336
0.053748
0.022884
-0.014004
-0.038604
-0.040424
-0.018960
0.020528
0.068000
0.107804
0.125560
0.119136
0.096512
0.063932
0.024912
-0.012940
-0.043608
-0.071128
-0.100132
-0.123640
-0.129684
-0.112432
-0.076812
-0.041400
-0.026324
-0.031836
-0.040128
-0.040060
-0.040256
-0.054204
-0.081468
-0.103600
-0.096612
-0.054272
0.004896
0.053668
0.075380
0.070684
0.052844
0.039044
0.040024
0.056596
0.079692
0.091612
0.079684
0.049404
0.020716
0.010988
0.018668
0.025588
0.016292
-0.005364
-0.020404
-0.017940
-0.007712
-0.005232
-0.015596
-0.033432
-0.047380
-0.047840
-0.034676
-0.013540
0.006368
0.011980
0.000400
-0.013064
-0.010588
0.010384
0.037476
0.061068
0.083688
0.104996
0.105220
0.057060
-0.039044
-0.140184
-0.192660
-0.176516
-0.115356
-0.050796
-0.010532
-0.000752
-0.016748
-0.046836
-0.076744
-0.093868
-0.090768
-0.071400
-0.050372
-0.043500
-0.058716
-0.094456
-0.141716
-0.184880
-0.205216
-0.190608
-0.143740
-0.084196
-0.037960
-0.016800
-0.012424
-0.005808
0.022716
0.078472
0.137452
0.160484
0.132592
0.080444
0.048132
0.051940
0.062776
0.043788
-0.005208
-0.048896
-0.053628
-0.021928
0.011208
0.015936
-0.006292
-0.031248
-0.036004
-0.017320
0.004692
0.007040
-0.008060
-0.018068
-0.010888
0.003004
0.007676
-0.002472
-0.023200
-0.044664
-0.056956
-0.056004
-0.045236
-0.030436
-0.014000
0.004440
0.022624
0.030984
0.021964
0.002700
-0.011780
-0.011144
0.005808
0.031228
0.048264
0.037240
-0.007772
-0.071600
-0.124236
-0.134160
-0.091620
-0.021800
0.032912
0.040892
-0.001668
-0.070824
-0.134196
-0.171036
-0.173448
-0.141676
-0.089840
-0.046008
-0.032612
-0.043680
-0.052364
-0.036616
0.007680
0.061916
0.093920
0.087128
0.058520
0.042328
0.061056
0.107876
0.155564
0.185420
0.203620
0.226792
0.253724
0.260804
0.228412
0.159936
0.076432
0.001988
-0.054796
-0.103440
-0.148152
-0.173008
-0.157180
-0.099820
-0.024516
0.042608
0.093056
0.131660
0.158592
0.163052
0.135912
0.082388
0.020564
-0.030436
-0.060828
-0.074132
-0.083940
-0.103844
-0.134936
-0.164644
-0.181168
-0.184956
-0.186780
-0.196772
-0.215736
-0.237936
-0.258620
-0.273708
-0.277420
-0.260768
-0.215436
-0.143924
-0.061972
0.011376
0.069096
0.119432
0.173604
0.231544
0.282000
0.311952
0.314548
0.295168
0.262792
0.222120
0.175804
0.123652
0.069064
0.020764
-0.015812
-0.042688
-0.065156
-0.085416
-0.101088
-0.105456
-0.096276
-0.078484
-0.052180
-0.004888
0.080056
0.202760
0.340552
0.465108
0.559928
0.625664
0.669148
0.690056
0.687444
0.665736
0.629208
0.577808
0.513168
0.444964
0.385944
0.342088
0.307132
0.267424
0.216016
0.161492
0.118548
0.098076
0.104100
0.139668
0.206168
0.288576
0.364508
0.418180
0.438436
0.423916
0.380592
0.312644
0.226624
0.134360
0.048272
-0.020600
-0.066584
-0.090480
-0.099044
-0.104036
-0.111152
-0.116172
-0.110456
-0.089448
-0.056752
-0.018704
0.016236
0.041660
0.055092
0.054308
0.039848
0.011160
-0.035052
-0.100308
-0.179536
-0.261212
-0.333876
-0.390496
-0.435456
-0.478532
-0.522924
-0.562072
-0.587332
-0.603192
-0.620272
-0.643872
-0.674644
-0.707796
-0.738652
-0.763312
-0.781260
-0.801632
-0.831904
-0.864756
-0.883412
-0.874948
-0.833892
-0.755216
-0.642792
-0.518524
-0.399068
-0.289652
-0.198372
-0.134272
-0.096972
-0.078072
-0.070212
-0.070684
-0.080844
-0.095444
-0.102992
-0.095976
-0.069036
-0.021088
0.046592
0.135284
0.244616
0.378704
0.550132
0.765752
1.019324
1.289128
1.523048
1.654496
1.654740
1.543844
1.353840
1.108400
0.833840
0.566120
0.322712
0.088000
-0.147088
-0.365280
-0.552920
-0.724288
-0.900352
-1.076164
-1.236136
-1.366080
-1.413760
-1.307700
-1.058144
-0.756556
-0.473084
-0.220520
0.011784
0.219876
0.376268
0.466796
0.518120
0.563648
0.606268
0.627856
0.616640
0.579924
0.536940
0.506920
0.499540
0.504664
0.495804
0.450024
0.356144
0.212892
0.024064
-0.204452
-0.457560
-0.716536
-0.960564
-1.153424
-1.261184
-1.281388
-1.240536
-1.180876
-1.136916
-1.102136
-1.047792
-0.971032
-0.900056
-0.864168
-0.864164
-0.868544
-0.834016
-0.729408
-0.549048
-0.316748
-0.074328
0.144132
0.322600
0.453172
0.528932
0.543336
0.492416
0.382464
0.233008
0.065832
-0.105024
-0.272288
-0.431512
-0.571940
-0.674132
-0.722188
-0.722364
-0.704444
-0.690164
-0.679336
-0.666832
-0.649892
-0.627404
-0.601792
-0.572892
-0.536328
-0.489164
-0.432128
-0.368288
-0.301496
-0.235948
-0.170244
-0.096188
-0.005752
0.102248
0.227180
0.366712
0.504044
0.608500
0.659952
0.667756
0.649932
0.618076
0.581740
0.545688
0.512012
0.483156
0.463688
0.458968
0.475424
0.518764
0.585100
0.663460
0.742044
0.809072
0.856868
0.883492
0.890308
0.882464
0.866292
0.849108
0.843576
0.858896
0.889236
0.919804
0.941564
0.956628
0.970392
0.982120
0.985016
0.974176
0.949260
0.909704
0.851948
0.771024
0.662444
0.517464
0.327072
0.092248
-0.165376
-0.399000
-0.568496
-0.669032
-0.720992
-0.745324
-0.752588
-0.748960
-0.742092
-0.738932
-0.743080
-0.757112
-0.781124
-0.811592
-0.842416
-0.870704
-0.896984
-0.918396
-0.928980
-0.916504
-0.861840
-0.746892
-0.566072
-0.333068
-0.092728
0.088928
0.189464
0.244136
0.287896
0.321180
0.327548
0.303908
0.259268
0.207204
0.164552
0.141904
0.137448
0.141316
0.145204
0.147124
0.151484
0.170704
0.215312
0.285216
0.371476
0.467164
0.569980
0.668120
0.748492
0.805544
0.837968
0.852244
0.860348
0.871604
0.883852
0.888328
0.883504
0.873292
0.859560
0.838424
0.801456
0.747428
0.683536
0.613112
0.535592
0.447840
0.342532
0.212844
0.055248
-0.117388
-0.274920
-0.393036
-0.464132
-0.491452
-0.483840
-0.450636
-0.398176
-0.337260
-0.278580
-0.230068
-0.198232
-0.181980
-0.179940
-0.191000
-0.213196
-0.248868
-0.296224
-0.342936
-0.376912
-0.393188
-0.392276
-0.384036
-0.380512
-0.389300
-0.417084
-0.463000
-0.519580
-0.578196
-0.627888
-0.662884
-0.678312
-0.666040
-0.626440
-0.567164
-0.496400
-0.422496
-0.354548
-0.297920
-0.250932
-0.205340
-0.151168
-0.085756
-0.016280
0.043928
0.089660
0.128796
0.170256
0.218604
0.274940
0.336600
0.389928
0.404444
0.352204
0.238204
0.095292
-0.044480
-0.161912
-0.255820
-0.332124
-0.371256
-0.346504
-0.276408
-0.202040
-0.132348
-0.049716
0.054712
0.165536
0.258332
0.322132
0.357804
0.369764
0.364640
0.346844
0.317592
0.276348
0.224136
0.163100
0.097412
0.040852
0.005128
-0.015644
-0.032952
-0.046828
-0.048744
-0.019176
0.072140
0.224660
0.380388
0.474488
0.479700
0.404848
0.298752
0.219696
0.189444
0.196392
0.217768
0.232492
0.226892
0.195812
0.142056
0.076404
0.011356
-0.044708
-0.088512
-0.121384
-0.145408
-0.171520
-0.219060
-0.288728
-0.366028
-0.444956
-0.526068
-0.607924
-0.681056
-0.735796
-0.773116
-0.799092
-0.817816
-0.829520
-0.829760
-0.807212
-0.747160
-0.648352
-0.524992
-0.393548
-0.267172
-0.153676
-0.057372
0.019488
0.075740
0.117376
0.159436
0.210900
0.269792
0.328684
0.378720
0.414460
0.436644
0.446656
0.442936
0.424880
0.391464
0.346244
0.298280
0.255740
0.223540
0.200472
0.181820
0.160956
0.131432
0.086124
0.025464
-0.028240
-0.056460
-0.064216
-0.054884
-0.019848
0.042832
0.123172
0.208836
0.287972
0.352840
0.399660
0.425040
0.428452
0.410692
0.376728
0.337288
0.303120
0.278368
0.254880
0.221856
0.176776
0.123240
0.066192
0.007280
-0.055964
-0.127320
-0.209276
-0.299012
-0.388552
-0.465416
-0.518508
-0.543508
-0.536916
-0.499392
-0.439804
-0.367400
-0.292880
-0.231432
-0.194032
-0.176320
-0.161480
-0.135796
-0.095448
-0.047432
-0.002448
0.035996
0.070476
0.099732
0.117804
0.123648
0.120432
0.108088
0.085568
0.050888
-0.002808
-0.084448
-0.201092
-0.337596
-0.442368
-0.467308
-0.410272
-0.300684
-0.169552
-0.035708
0.090532
0.191688
0.247700
0.255528
0.232316
0.202304
0.179656
0.165284
0.158564
0.159916
0.166572
0.176012
0.188148
0.202012
0.213732
0.216588
0.206992
0.188376
0.164724
0.138388
0.112980
0.090864
0.071076
0.054268
0.045052
0.045876
0.059280
0.090016
0.136236
0.188356
0.234656
0.264632
0.268944
0.245408
0.203576
0.159780
0.129424
0.120188
0.132736
0.163560
0.204584
0.244160
0.273000
0.287472
0.284348
0.260132
0.219984
0.172528
0.122572
0.074708
0.035432
0.011560
0.000864
-0.006112
-0.017824
-0.040476
-0.073288
-0.110840
-0.147984
-0.177912
-0.195904
-0.204160
-0.209052
-0.213104
-0.211204
-0.196360
-0.165196
-0.119200
-0.062060
0.001784
0.063976
0.113100
0.135048
0.119952
0.074572
0.015592
-0.038556
-0.071092
-0.076260
-0.057252
-0.021384
0.018796
0.049384
0.063656
0.066220
0.065668
0.067140
0.072004
0.079304
0.089428
0.105944
0.131604
0.164564
0.197576
0.222196
0.233008
0.227672
0.207864
0.176100
0.132480
0.078400
0.018172
-0.041432
-0.093416
-0.130876
-0.149040
-0.151792
-0.146880
-0.139576
-0.128912
-0.110328
-0.084120
-0.056524
-0.036752
-0.027772
-0.023016
-0.017588
-0.008644
0.007220
0.026884
0.043200
0.049360
0.041328
0.020872
-0.006072
-0.032436
-0.057092
-0.082436
-0.104624
-0.115772
-0.107100
-0.076268
-0.033588
0.010232
0.048192
0.074380
0.087680
0.087352
0.074192
0.054076
0.032644
0.014364
0.001236
-0.010524
-0.023900
-0.037536
-0.049576
-0.059952
-0.069664
-0.075844
-0.076536
-0.076168
-0.077188
-0.072928
-0.056540
-0.031496
-0.007668
0.005356
0.002276
-0.015168
-0.039048
-0.060888
-0.077424
-0.091652
-0.105344
-0.112196
-0.105708
-0.086540
-0.061052
-0.038912
-0.027648
-0.030324
-0.047996
-0.077012
-0.108728
-0.136664
-0.158776
-0.174628
-0.183832
-0.186148
-0.182752
-0.175284
-0.167400
-0.163728
-0.162312
-0.156696
-0.142452
-0.122876
-0.106692
-0.099836
-0.105584
-0.122284
-0.141960
-0.156848
-0.164680
-0.166900
-0.162696
-0.148260
-0.120772
-0.082368
-0.040684
-0.001732
0.030992
0.054404
0.070724
0.087116
0.108668
0.130808
0.145656
0.151804
0.148984
0.133396
0.104524
0.068432
0.032168
0.000084
-0.023264
-0.029324
-0.013576
0.019160
0.060092
0.104564
0.151216
0.196512
0.238376
0.273524
0.296764
0.307968
0.310560
0.305096
0.290680
0.269392
0.245304
0.219412
0.188664
0.153568
0.117176
0.078900
0.038160
-0.002320
-0.038412
-0.069044
-0.098320
-0.129368
-0.158996
-0.180472
-0.188628
-0.180672
-0.156672
-0.119364
-0.073900
-0.026072
0.021884
0.067712
0.105316
0.128176
0.133064
0.120788
0.096172
0.063732
0.024392
-0.018392
-0.055392
-0.080180
-0.093648
-0.098112
-0.096984
-0.093264
-0.085536
-0.072896
-0.055396
-0.031532
-0.001496
0.029944
0.055708
0.070516
0.073760
0.069928
0.066224
0.067864
0.074720
0.081316
0.078692
0.061612
0.033172
-0.002956
-0.046504
-0.093936
-0.140592
-0.185220
-0.224816
-0.252772
-0.266052
-0.266924
-0.256888
-0.236404
-0.206620
-0.168708
-0.124256
-0.074856
-0.026480
0.012412
0.036976
0.046256
0.046320
0.045336
0.041900
0.027156
-0.004092
-0.050572
-0.103916
-0.151628
-0.184588
-0.199536
-0.198420
-0.185888
-0.166832
-0.144532
-0.120740
-0.096824
-0.073332
-0.049116
-0.025828
-0.009800
-0.002964
-0.002024
-0.005648
-0.012428
-0.017532
-0.016360
-0.007912
0.005064
0.016036
0.016760
0.004772
-0.013404
-0.028568
-0.034132
-0.028416
-0.017160
-0.009796
-0.010504
-0.015588
-0.018296
-0.014900
-0.006124
0.007372
0.029428
0.063780
0.104444
0.139272
0.159780
0.161648
0.148068
0.130036
0.116040
0.106652
0.100348
0.099136
0.105020
0.118504
0.139104
0.163680
0.188064
0.207496
0.217480
0.216144
0.201232
0.169588
0.121860
0.067416
0.021284
-0.010656
-0.034496
-0.054272
-0.066976
-0.071720
-0.070472
-0.064324
-0.055952
-0.050592
-0.054080
-0.066772
-0.083368
-0.100388
-0.116200
-0.127116
-0.125980
-0.106040
-0.071032
-0.030176
0.011936
0.051588
0.084436
0.107008
0.115072
0.106680
0.084480
0.054640
0.024688
-0.000804
-0.021352
-0.037288
-0.046256
-0.044712
-0.030020
-0.002060
0.037444
0.087512
0.144848
0.203644
0.259740
0.309136
0.347984
0.373876
0.382684
0.369856
0.333776
0.277904
0.210440
0.141480
0.080340
0.031256
-0.006128
-0.034396
-0.056400
-0.077476
-0.106908
-0.148200
-0.197700
-0.249948
-0.295508
-0.325348
-0.339204
-0.342912
-0.341856
-0.340148
-0.339252
-0.333216
-0.313260
-0.273704
-0.212752
-0.135176
-0.049884
0.031784
0.097268
0.138624
0.153956
0.146884
0.123732
0.090388
0.055088
0.024244
-0.003200
-0.030304
-0.060312
-0.098900
-0.148620
-0.201608
-0.244608
-0.268828
-0.271408
-0.256872
-0.232776
-0.200240
-0.158348
-0.111240
-0.065224
-0.026508
0.000300
0.014576
0.019072
0.018188
0.014892
0.009660
0.001212
-0.011624
-0.025100
-0.033460
-0.035752
-0.033196
-0.028756
-0.028660
-0.034744
-0.044408
-0.055212
-0.061200
-0.054708
-0.035228
-0.010292
0.014284
0.037224
0.056564
0.068768
0.072272
0.067980
0.057016
0.042436
0.029936
0.021488
0.013932
0.005764
-0.001480
-0.003704
0.001972
0.011704
0.018984
0.023000
0.028764
0.038020
0.043636
0.038712
0.024308
0.004216
-0.015544
-0.027572
-0.027680
-0.014356
0.010512
0.038096
0.054480
0.049640
0.022708
-0.019032
-0.064160
-0.104976
-0.137920
-0.160004
-0.172300
-0.179004
-0.181456
-0.176872
-0.161916
-0.138212
-0.113404
-0.093076
-0.073768
-0.048412
-0.014460
0.024964
0.064712
0.100012
0.125244
0.134148
0.124504
0.100768
0.071920
0.047592
0.032764
0.025864
0.023164
0.024716
0.031484
0.041552
0.054484
0.071564
0.090520
0.104492
0.107232
0.097152
0.077360
0.052752
0.026656
-0.000196
-0.028692
-0.059452
-0.088472
-0.106156
-0.106320
-0.092684
-0.075144
-0.061000
-0.053176
-0.052452
-0.054680
-0.050560
-0.031760
0.003248
0.048272
0.094652
0.138124
0.176564
0.205984
0.224016
0.230152
0.225092
0.210912
0.189236
0.162824
0.133872
0.102568
0.069404
0.037528
0.007924
-0.020424
-0.044552
-0.062820
-0.077668
-0.091764
-0.102916
-0.105412
-0.096704
-0.077788
-0.052624
-0.027632
-0.008108
0.004252
0.012240
0.017916
0.022680
0.028820
0.033516
0.031676
0.023320
0.013280
0.004056
-0.006560
-0.020772
-0.037180
-0.050212
-0.054264
-0.046628
-0.028844
-0.004752
0.024928
0.060744
0.100704
0.138516
0.166844
0.183676
0.190436
0.187264
0.173172
0.148756
0.119064
0.090336
0.065596
0.045272
0.028552
0.016276
0.007420
-0.001640
-0.014868
-0.038188
-0.071260
-0.108048
-0.143416
-0.173140
-0.192600
-0.195364
-0.179484
-0.153052
-0.129724
-0.116744
-0.110792
-0.105440
-0.095820
-0.078900
-0.055340
-0.025936
0.009164
0.043788
0.071248
0.089292
0.095532
0.089112
0.071404
0.045012
0.016024
-0.011160
-0.036868
-0.058916
-0.073728
-0.080192
-0.077044
-0.065740
-0.049444
-0.029004
-0.004216
0.024816
0.055320
0.082692
0.104644
0.120356
0.128932
0.131276
0.128076
0.119124
0.106964
0.092236
0.073176
0.054080
0.039200
0.026992
0.016992
0.009236
0.003276
0.000744
0.002068
0.005860
0.011592
0.020692
0.032504
0.041468
0.042356
0.035276
0.025524
0.016964
0.008788
-0.001788
-0.015448
-0.030432
-0.045848
-0.059512
-0.070056
-0.079888
-0.088520
-0.091848
-0.088192
-0.079504
-0.069188
-0.060084
-0.054280
-0.052128
-0.051640
-0.050312
-0.047048
-0.042172
-0.034520
-0.022616
-0.006228
0.013856
0.035376
0.054372
0.067056
0.074132
0.079932
0.087932
0.096372
0.102500
0.106604
0.107912
0.104356
0.091444
0.067636
0.041040
0.018864
0.002144
-0.008648
-0.013720
-0.013056
-0.007164
0.001024
0.010964
0.023368
0.035212
0.044424
0.051336
0.055352
0.054828
0.049076
0.040244
0.028620
0.011560
-0.012816
-0.043184
-0.073592
-0.098044
-0.115120
-0.122488
-0.117076
-0.102940
-0.087336
-0.072792
-0.055344
-0.030496
-0.000476
0.028856
0.055436
0.080412
0.102012
0.115160
0.114520
0.097424
0.066732
0.031280
0.000748
-0.021480
-0.036772
-0.047092
-0.054576
-0.061376
-0.069556
-0.078832
-0.084068
-0.082348
-0.077384
-0.071544
-0.061692
-0.047260
-0.032912
-0.022104
-0.017496
-0.021352
-0.029992
-0.034612
-0.030360
-0.020132
-0.010116
-0.005128
-0.008712
-0.022864
-0.044768
-0.069156
-0.092144
-0.108404
-0.111596
-0.103316
-0.090352
-0.075404
-0.062164
-0.055280
-0.054248
-0.057844
-0.066496
-0.078148
-0.087268
-0.087924
-0.079080
-0.062284
-0.037664
-0.010248
0.012504
0.027144
0.032688
0.030136
0.022884
0.017296
0.017772
0.019564
0.013896
-0.001428
-0.023056
-0.047628
-0.070024
-0.085428
-0.094524
-0.100096
-0.103268
-0.103052
-0.096160
-0.081052
-0.058216
-0.029024
0.000524
0.025752
0.050980
0.083552
0.124692
0.166708
0.199252
0.218708
0.225492
0.218036
0.197104
0.166848
0.131052
0.092960
0.056064
0.025984
0.009476
0.009160
0.022004
0.039076
0.050040
0.051836
0.047744
0.041152
0.033092
0.025408
0.021660
0.025468
0.039108
0.058692
0.075740
0.082332
0.073328
0.051928
0.029896
0.016404
0.011044
0.010572
0.014168
0.020592
0.026528
0.027976
0.023540
0.017340
0.015868
0.021868
0.033696
0.047116
0.058788
0.068348
0.071920
0.065812
0.054128
0.040500
0.025288
0.010116
-0.000916
-0.003628
0.003356
0.016924
0.029256
0.033716
0.030080
0.021236
0.009112
-0.003056
-0.009696
-0.007748
0.000460
0.013992
0.035520
0.066828
0.105240
0.143332
0.173184
0.189228
0.188040
0.169800
0.139252
0.098376
0.047484
-0.004784
-0.046036
-0.071368
-0.082584
-0.083616
-0.079596
-0.074604
-0.069352
-0.062340
-0.052340
-0.039808
-0.029252
-0.026508
-0.031276
-0.038284
-0.044456
-0.048816
-0.050964
-0.053084
-0.057212
-0.061504
-0.062116
-0.057624
-0.048804
-0.034572
-0.015036
0.006144
0.026720
0.044920
0.059180
0.071116
0.083164
0.094692
0.103760
0.111424
0.119228
0.126888
0.132916
0.135184
0.133892
0.132772
0.134832
0.137944
0.136792
0.127404
0.109216
0.082124
0.045568
0.004240
-0.031544
-0.053832
-0.062200
-0.058692
-0.044168
-0.020840
0.006624
0.034028
0.058304
0.076416
0.088448
0.095088
0.094888
0.084844
0.061360
0.025692
-0.014812
-0.052484
-0.082060
-0.100332
-0.107868
-0.109332
-0.108592
-0.105484
-0.099608
-0.091192
-0.079420
-0.065540
-0.052376
-0.039632
-0.024468
-0.007904
0.005732
0.015216
0.022556
0.029744
0.036260
0.041164
0.045300
0.049408
0.053000
0.055288
0.056456
0.054576
0.045552
0.029964
0.011164
-0.009528
-0.031156
-0.052556
-0.071720
-0.084416
-0.087968
-0.084000
-0.073736
-0.057764
-0.037300
-0.014108
0.008568
0.026536
0.035072
0.032476
0.021304
0.004080
-0.017060
-0.038160
-0.056064
-0.069800
-0.080904
-0.089992
-0.094172
-0.091864
-0.085392
-0.079216
-0.077056
-0.080352
-0.087220
-0.095144
-0.101928
-0.104264
-0.100012
-0.090380
-0.078780
-0.068228
-0.061308
-0.058328
-0.056280
-0.054752
-0.055512
-0.058796
-0.067760
-0.083832
-0.098700
-0.103212
-0.095784
-0.078932
-0.056064
-0.032796
-0.016272
-0.009536
-0.009672
-0.011544
-0.011584
-0.007648
0.002016
0.017448
0.037660
0.062132
0.088036
0.109740
0.123864
0.129740
0.128448
0.122624
0.113988
0.103360
0.091116
0.077784
0.062152
0.041728
0.016604
-0.010456
-0.034420
-0.051436
-0.060804
-0.063524
-0.060992
-0.053104
-0.040192
-0.024024
-0.006928
0.008928
0.021696
0.028672
0.027556
0.016732
-0.003656
-0.028812
-0.052828
-0.073808
-0.091712
-0.103144
-0.106328
-0.105244
-0.101792
-0.094668
-0.084496
-0.073620
-0.062524
-0.048556
-0.032608
-0.021136
-0.017272
-0.017520
-0.017160
-0.014912
-0.012580
-0.012512
-0.014484
-0.017076
-0.021556
-0.028852
-0.037052
-0.043156
-0.043076
-0.033228
-0.014504
0.007304
0.025308
0.037612
0.047760
0.057488
0.065056
0.070300
0.074056
0.073620
0.064160
0.045064
0.021264
-0.002080
-0.024148
-0.044600
-0.058428
-0.061236
-0.053292
-0.038332
-0.020828
-0.003972
0.009592
0.018972
0.026380
0.034328
0.042264
0.047748
0.049260
0.048456
0.049452
0.053900
0.059628
0.064236
0.066996
0.068532
0.071000
0.075772
0.081716
0.087544
0.092692
0.096808
0.098648
0.097628
0.095520
0.093524
0.091828
0.090180
0.086952
0.080036
0.070040
0.060300
0.052548
0.046172
0.039884
0.033224
0.029256
0.031656
0.037716
0.039824
0.032528
0.014708
-0.011300
-0.037752
-0.053736
-0.054272
-0.044276
-0.031316
-0.021184
-0.018552
-0.024172
-0.034160
-0.043944
-0.049852
-0.048680
-0.041184
-0.030420
-0.018368
-0.008264
-0.000760
0.009652
0.027192
0.048912
0.069652
0.085456
0.091484
0.084788
0.067392
0.043504
0.016868
-0.007740
-0.025940
-0.037756
-0.046748
-0.056612
-0.069596
-0.082760
-0.088176
-0.081712
-0.063728
-0.034288
0.006576
0.055144
0.104480
0.146340
0.168656
0.163104
0.135020
0.096344
0.053636
0.010516
-0.026568
-0.053092
-0.069720
-0.079160
-0.082948
-0.081348
-0.074896
-0.063592
-0.045732
-0.021168
0.005872
0.029188
0.045064
0.053936
0.057076
0.056272
0.053972
0.049628
0.042072
0.031104
0.016992
0.003156
-0.006576
-0.011788
-0.014448
-0.017808
-0.025428
-0.040468
-0.061544
-0.080028
-0.089496
-0.091004
-0.087012
-0.078972
-0.068668
-0.059152
-0.053148
-0.049600
-0.046296
-0.044896
-0.046200
-0.045928
-0.041620
-0.037064
-0.036412
-0.036928
-0.032620
-0.023000
-0.012032
-0.002844
0.002972
0.004320
0.000416
-0.008060
-0.018164
-0.025588
-0.025856
-0.015896
0.003600
0.025580
0.040416
0.045164
0.042572
0.034632
0.023164
0.011480
0.001332
-0.009636
-0.022624
-0.032816
-0.034920
-0.030580
-0.026268
-0.026468
-0.029900
-0.031200
-0.028072
-0.023820
-0.021756
-0.021448
-0.021616
-0.023328
-0.026476
-0.026820
-0.020728
-0.008840
0.005180
0.017164
0.026100
0.032544
0.034540
0.030636
0.022656
0.012772
0.002048
-0.007364
-0.013220
-0.015240
-0.013140
-0.006172
0.004816
0.016784
0.023996
0.021460
0.011496
0.002128
-0.001848
-0.002864
-0.003824
-0.004600
-0.006632
-0.013404
-0.025908
-0.041916
-0.059992
-0.079432
-0.098220
-0.114300
-0.124964
-0.128088
-0.124096
-0.113436
-0.097184
-0.078492
-0.060348
-0.042800
-0.024264
-0.005196
0.012444
0.027548
0.040088
0.050172
0.058236
0.065892
0.073896
0.081500
0.089436
0.096812
0.098660
0.092836
0.082320
0.071068
0.062252
0.057192
0.056204
0.058724
0.061220
0.060124
0.055888
0.050548
0.044548
0.038568
0.033896
0.029704
0.024172
0.016772
0.008740
0.003120
0.001404
0.000796
-0.002364
-0.008496
-0.015680
-0.021208
-0.022940
-0.020816
-0.017084
-0.014772
-0.013792
-0.011216
-0.004880
0.005496
0.018524
0.031924
0.043312
0.050476
0.052620
0.050412
0.045076
0.038388
0.031740
0.025268
0.018556
0.013048
0.011600
0.012996
0.012464
0.008168
0.001068
-0.007684
-0.014488
-0.013836
-0.004092
0.010400
0.023976
0.036168
0.050200
0.065960
0.079228
0.084372
0.077892
0.060040
0.033488
0.003392
-0.025336
-0.050280
-0.069372
-0.081544
-0.088608
-0.093308
-0.097340
-0.101540
-0.106344
-0.111316
-0.115076
-0.115936
-0.111960
-0.101480
-0.084528
-0.063148
-0.038340
-0.010776
0.013848
0.028620
0.032776
0.031328
0.030308
0.032804
0.038316
0.044824
0.049672
0.049024
0.042464
0.034012
0.027344
0.022796
0.017856
0.011284
0.003520
-0.004316
-0.009564
-0.009768
-0.005396
0.001516
0.010528
0.021296
0.032112
0.040480
0.044428
0.043412
0.038560
0.032800
0.025868
0.014352
-0.001496
-0.017932
-0.032080
-0.042688
-0.049008
-0.049940
-0.045956
-0.040028
-0.033560
-0.024904
-0.011900
0.003272
0.014884
0.019836
0.018712
0.013852
0.007804
0.002960
0.001040
0.002036
0.004832
0.010792
0.023044
0.040732
0.059644
0.077696
0.094352
0.108748
0.121688
0.133060
0.138272
0.132328
0.117088
0.097904
0.075624
0.049468
0.023512
0.002760
-0.011168
-0.017056
-0.014316
-0.003888
0.012492
0.031472
0.048288
0.060392
0.067800
0.069400
0.064660
0.054480
0.038844
0.019308
0.001060
-0.011864
-0.018952
-0.020136
-0.017252
-0.014712
-0.014268
-0.014572
-0.014720
-0.015620
-0.018744
-0.022432
-0.022596
-0.018516
-0.013388
-0.008448
-0.002696
0.002840
0.006312
0.007956
0.008512
0.006700
0.000936
-0.006188
-0.010324
-0.012348
-0.014380
-0.015892
-0.018136
-0.023316
-0.030668
-0.037740
-0.043384
-0.046784
-0.045660
-0.037416
-0.023784
-0.010668
-0.000856
0.006584
0.011024
0.010188
0.004960
0.000960
0.001664
0.003680
0.003196
-0.000416
-0.006672
-0.012908
-0.016500
-0.019836
-0.026540
-0.034816
-0.040540
-0.042580
-0.042360
-0.041624
-0.038640
-0.029896
-0.016512
-0.002644
0.011556
0.028388
0.043752
0.052008
0.053160
0.048064
0.036784
0.022068
0.007800
-0.005692
-0.020364
-0.037640
-0.057876
-0.079456
-0.099004
-0.113672
-0.121788
-0.123300
-0.119356
-0.110096
-0.096232
-0.078996
-0.058868
-0.037900
-0.019084
-0.002460
0.012296
0.022072
0.024424
0.019156
0.007448
-0.006268
-0.017636
-0.026752
-0.034964
-0.040664
-0.042820
-0.043880
-0.044860
-0.044164
-0.044144
-0.047040
-0.048820
-0.046764
-0.042460
-0.037668
-0.033988
-0.033608
-0.035580
-0.034324
-0.025368
-0.009628
0.009012
0.028380
0.047132
0.061804
0.070380
0.075004
0.076892
0.074372
0.066856
0.055676
0.042148
0.028280
0.015512
0.002268
-0.012120
-0.025552
-0.035788
-0.042048
-0.045632
-0.048884
-0.051052
-0.048840
-0.042436
-0.034752
-0.026896
-0.017540
-0.005380
0.008952
0.022360
0.031932
0.037644
0.039784
0.037876
0.034640
0.032928
0.030872
0.025636
0.014904
0.000952
-0.011052
-0.019764
-0.024680
-0.026112
-0.026380
-0.029280
-0.036424
-0.045024
-0.053216
-0.060468
-0.064056
-0.060712
-0.050172
-0.035656
-0.019704
-0.001396
0.018684
0.036356
0.047208
0.049804
0.047332
0.043068
0.037496
0.031312
0.026528
0.021860
0.012088
-0.002440
-0.014716
-0.021844
-0.025944
-0.028188
-0.028536
-0.027236
-0.026332
-0.027420
-0.030724
-0.035840
-0.042008
-0.048184
-0.050916
-0.047616
-0.040040
-0.030900
-0.020776
-0.009492
0.001168
0.008672
0.011604
0.010708
0.007552
0.003500
0.001816
0.004488
0.010300
0.016072
0.019620
0.020272
0.018100
0.014684
0.011888
0.011696
0.014556
0.019324
0.024252
0.027708
0.029532
0.030044
0.029040
0.026360
0.020512
0.009708
-0.005620
-0.021916
-0.034580
-0.044728
-0.055448
-0.064276
-0.067552
-0.065628
-0.061876
-0.060108
-0.062060
-0.064824
-0.063500
-0.058360
-0.054804
-0.054260
-0.054856
-0.057044
-0.060704
-0.063180
-0.061796
-0.058080
-0.055268
-0.053788
-0.051808
-0.049012
-0.047632
-0.047384
-0.045888
-0.042048
-0.036340
-0.028312
-0.016548
-0.002780
0.008556
0.014672
0.016824
0.018052
0.020336
0.024436
0.031664
0.043520
0.058836
0.073784
0.086136
0.095680
0.102116
0.105804
0.106976
0.106936
0.106568
0.103144
0.095660
0.087408
0.079096
0.068188
0.054608
0.040120
0.027168
0.019716
0.017892
0.018304
0.021472
0.028184
0.035796
0.039612
0.035336
0.023256
0.005412
-0.017188
-0.042864
-0.066748
-0.083932
-0.094468
-0.100784
-0.105212
-0.109592
-0.111916
-0.106588
-0.092576
-0.075056
-0.058912
-0.045760
-0.036268
-0.029772
-0.024656
-0.021784
-0.020496
-0.018692
-0.017236
-0.018888
-0.024516
-0.031760
-0.038172
-0.041548
-0.041396
-0.039032
-0.035404
-0.033152
-0.033984
-0.035476
-0.035328
-0.033368
-0.028856
-0.020884
-0.011564
-0.004328
0.000412
0.005688
0.012624
0.017372
0.018192
0.017348
0.015236
0.011904
0.010196
0.013296
0.021192
0.029768
0.032880
0.026920
0.013796
0.000276
-0.005604
-0.002860
0.002004
0.005008
0.007544
0.012160
0.020216
0.030340
0.039248
0.045336
0.050536
0.054304
0.051092
0.039400
0.022700
0.003972
-0.014084
-0.028000
-0.036728
-0.041948
-0.043968
-0.043648
-0.043104
-0.042008
-0.038156
-0.028844
-0.015012
-0.002440
0.004960
0.007768
0.006508
0.000588
-0.008760
-0.020648
-0.034448
-0.048556
-0.061088
-0.067844
-0.066040
-0.058180
-0.047236
-0.034604
-0.021632
-0.008944
0.002748
0.014156
0.027944
0.043664
0.056460
0.061572
0.059772
0.054676
0.046336
0.032820
0.017780
0.007404
-0.000232
-0.008276
-0.014352
-0.017268
-0.018580
-0.018056
-0.013448
-0.004216
0.007660
0.019912
0.032220
0.044552
0.056916
0.068808
0.078416
0.085084
0.088636
0.089336
0.087256
0.080880
0.070456
0.059044
0.047904
0.035364
0.019756
0.002464
-0.012400
-0.022500
-0.027304
-0.027192
-0.024804
-0.022928
-0.022360
-0.023516
-0.027292
-0.033592
-0.040544
-0.045208
-0.045688
-0.042424
-0.037220
-0.031340
-0.024652
-0.015932
-0.005792
0.002264
0.005604
0.003668
-0.003496
-0.013896
-0.022492
-0.026692
-0.027664
-0.024896
-0.017036
-0.005388
0.006260
0.015844
0.024800
0.034900
0.045528
0.054040
0.059320
0.061496
0.058732
0.049244
0.035076
0.021240
0.008960
-0.004116
-0.017060
-0.027508
-0.035120
-0.040368
-0.042640
-0.040424
-0.034184
-0.025068
-0.012104
0.004484
0.020848
0.033580
0.042704
0.048968
0.051876
0.050692
0.046140
0.041188
0.037752
0.033408
0.025536
0.017740
0.015896
0.019760
0.024788
0.027548
0.026744
0.022580
0.015660
0.008648
0.006304
0.010136
0.017116
0.024940
0.033832
0.042776
0.049840
0.054896
0.059244
0.064236
0.069064
0.072396
0.074148
0.072836
0.067276
0.057212
0.041988
0.023188
0.003640
-0.015484
-0.033028
-0.047120
-0.056852
-0.059668
-0.052996
-0.039208
-0.022308
-0.003120
0.016972
0.031436
0.035792
0.031504
0.021720
0.010288
0.000452
-0.005596
-0.008532
-0.013180
-0.021592
-0.031212
-0.040744
-0.049188
-0.054564
-0.056420
-0.055196
-0.049736
-0.039080
-0.025880
-0.012600
0.001892
0.017588
0.029688
0.034132
0.032544
0.028636
0.023644
0.015556
0.003432
-0.009608
-0.019308
-0.023596
-0.022308
-0.016464
-0.007608
0.002540
0.011020
0.015528
0.016412
0.015932
0.015672
0.015732
0.015764
0.013532
0.007752
0.001480
-0.004208
-0.010688
-0.015484
-0.015256
-0.011132
-0.006496
-0.003476
-0.000732
0.005232
0.012596
0.016740
0.017588
0.017928
0.018884
0.019852
0.020888
0.022664
0.024444
0.023132
0.017516
0.009128
-0.001956
-0.017824
-0.037940
-0.057512
-0.072768
-0.081360
-0.082740
-0.079268
-0.071932
-0.061828
-0.050944
-0.036732
-0.016552
0.005784
0.024412
0.035592
0.038032
0.032256
0.019408
0.002264
-0.014856
-0.029020
-0.041256
-0.053524
-0.062544
-0.064468
-0.061480
-0.056952
-0.051152
-0.044100
-0.036944
-0.028712
-0.018836
-0.010368
-0.006256
-0.006028
-0.008100
-0.013952
-0.024764
-0.037740
-0.049932
-0.060052
-0.065696
-0.064064
-0.055768
-0.044180
-0.032300
-0.022820
-0.016360
-0.011248
-0.008324
-0.010436
-0.017060
-0.024460
-0.030508
-0.034828
-0.035772
-0.032268
-0.026572
-0.021548
-0.018348
-0.015360
-0.008932
0.001768
0.014536
0.027956
0.041320
0.053396
0.063632
0.072644
0.079932
0.084556
0.086556
0.084804
0.079588
0.074064
0.068124
0.059636
0.048868
0.035996
0.021832
0.009832
0.001584
-0.005944
-0.014568
-0.022228
-0.027940
-0.034620
-0.044548
-0.054240
-0.058724
-0.058052
-0.052612
-0.039520
-0.020264
0.000424
0.021696
0.041300
0.053292
0.056264
0.054336
0.051848
0.050528
0.048796
0.044516
0.037204
0.027608
0.017028
0.007232
0.000724
-0.001756
-0.002500
-0.002108
0.002124
0.010032
0.017112
0.020956
0.024272
0.029740
0.034288
0.033396
0.027852
0.019480
0.008316
-0.002604
-0.009832
-0.013744
-0.015260
-0.014412
-0.012604
-0.012508
-0.015580
-0.021764
-0.029616
-0.036072
-0.039288
-0.039304
-0.036604
-0.031000
-0.021304
-0.009156
0.000740
0.006268
0.009140
0.011348
0.013256
0.014812
0.015680
0.015616
0.015252
0.015476
0.016696
0.018648
0.021440
0.024736
0.025880
0.022720
0.017256
0.011916
0.005396
-0.002524
-0.008672
-0.012200
-0.015212
-0.018016
-0.017612
-0.010916
0.000992
0.014520
0.029336
0.046064
0.060140
0.065964
0.063040
0.054412
0.043144
0.030096
0.015100
-0.000264
-0.013408
-0.021536
-0.023912
-0.023624
-0.022712
-0.019528
-0.013592
-0.007540
-0.001624
0.005772
0.012008
0.013068
0.009308
0.005268
0.006676
0.015516
0.028720
0.041876
0.052332
0.060224
0.065340
0.065160
0.057972
0.044800
0.028876
0.014316
0.004424
0.000180
0.000188
0.002792
0.007828
0.015520
0.024932
0.033808
0.038684
0.036840
0.028068
0.012596
-0.008272
-0.029428
-0.044068
-0.048552
-0.045220
-0.038660
-0.032012
-0.027836
-0.025768
-0.023104
-0.019908
-0.017204
-0.013056
-0.005300
0.004200
0.011604
0.015192
0.016048
0.014792
0.009768
0.000692
-0.010068
-0.019964
-0.028084
-0.034608
-0.038796
-0.039368
-0.037232
-0.033684
-0.026936
-0.015600
-0.002208
0.009324
0.017168
0.022076
0.025444
0.027660
0.028688
0.028956
0.028072
0.024708
0.019472
0.013952
0.007316
-0.002512
-0.015152
-0.027268
-0.035620
-0.039468
-0.041908
-0.045960
-0.050696
-0.054760
-0.058960
-0.064468
-0.069672
-0.072028
-0.073112
-0.074620
-0.072324
-0.063220
-0.051384
-0.040532
-0.030124
-0.019944
-0.011928
-0.007760
-0.007088
-0.008500
-0.011192
-0.016428
-0.024820
-0.032716
-0.035760
-0.033144
-0.026500
-0.016864
-0.005420
0.004284
0.010704
0.016744
0.023880
0.029868
0.032564
0.033460
0.037156
0.044180
0.048932
0.048984
0.047076
0.044124
0.039236
0.033716
0.029236
0.027632
0.030548
0.035592
0.039336
0.041576
0.042932
0.040740
0.032444
0.020736
0.010048
0.002564
-0.002280
-0.006996
-0.011536
-0.013016
-0.010304
-0.005948
-0.004464
-0.008008
-0.014996
-0.022084
-0.025864
-0.025228
-0.022080
-0.017704
-0.010656
-0.000800
0.009340
0.019120
0.029456
0.040560
0.052056
0.060612
0.061708
0.055692
0.046448
0.036612
0.028564
0.024348
0.021604
0.015948
0.008004
0.001868
-0.000976
-0.002300
-0.004740
-0.007252
-0.006848
-0.003812
0.000856
0.007072
0.014132
0.020808
0.027020
0.033572
0.038780
0.039400
0.033824
0.023376
0.012776
0.006292
0.004264
0.004680
0.004380
0.000012
-0.008844
-0.019792
-0.030812
-0.040096
-0.046116
-0.048972
-0.050008
-0.049408
-0.045444
-0.037664
-0.028600
-0.021280
-0.015944
-0.012416
-0.013604
-0.020744
-0.029348
-0.036088
-0.041864
-0.046096
-0.045224
-0.036724
-0.022928
-0.009060
0.002516
0.013084
0.022812
0.028492
0.027188
0.021480
0.017792
0.018880
0.023956
0.032812
0.044604
0.055500
0.061072
0.061548
0.059880
0.056308
0.050296
0.042644
0.033272
0.022140
0.012088
0.005560
0.000288
-0.007476
-0.018328
-0.030036
-0.041108
-0.050668
-0.056788
-0.058776
-0.058132
-0.056776
-0.054576
-0.050344
-0.044892
-0.039680
-0.034772
-0.028084
-0.017412
-0.004920
0.004136
0.007012
0.004536
-0.001976
-0.011884
-0.022672
-0.030948
-0.036044
-0.039100
-0.040720
-0.041432
-0.041972
-0.040988
-0.037444
-0.033508
-0.029580
-0.022384
-0.010032
0.005120
0.019476
0.031528
0.039764
0.042620
0.042132
0.041652
0.040412
0.034776
0.023824
0.009176
-0.007232
-0.022392
-0.034132
-0.043216
-0.048776
-0.048688
-0.045456
-0.042764
-0.039676
-0.031852
-0.017140
0.001368
0.018808
0.033252
0.045044
0.053380
0.059208
0.066136
0.073584
0.076344
0.072156
0.064452
0.057368
0.052412
0.048832
0.044424
0.039316
0.036596
0.037880
0.041460
0.043824
0.043460
0.040632
0.035416
0.028684
0.021936
0.016896
0.014200
0.012192
0.009328
0.005188
-0.001072
-0.008488
-0.013628
-0.016584
-0.020556
-0.025116
-0.027956
-0.029108
-0.029556
-0.028952
-0.026572
-0.022368
-0.017904
-0.016044
-0.015404
-0.010472
0.000324
0.012520
0.022928
0.032312
0.039552
0.041688
0.039200
0.035156
0.030272
0.023104
0.013592
0.003676
-0.005516
-0.014868
-0.026004
-0.038928
-0.049176
-0.052140
-0.048448
-0.041556
-0.034020
-0.025824
-0.014876
-0.000244
0.015216
0.028084
0.037500
0.043924
0.047800
0.047448
0.041628
0.033456
0.027208
0.024564
0.024732
0.027200
0.032488
0.039420
0.046296
0.053196
0.059636
0.063200
0.064064
0.065320
0.066712
0.065612
0.062760
0.060680
0.058648
0.054784
0.049640
0.043296
0.034684
0.024432
0.013800
0.001480
-0.015324
-0.033704
-0.046052
-0.049992
-0.048620
-0.044088
-0.038652
-0.035156
-0.031736
-0.025156
-0.017840
-0.013796
-0.013492
-0.015740
-0.020560
-0.028204
-0.034792
-0.036104
-0.033612
-0.029604
-0.023484
-0.015440
-0.008108
-0.004236
-0.005204
-0.010164
-0.015160
-0.017516
-0.020532
-0.028156
-0.039180
-0.050140
-0.059536
-0.067180
-0.071692
-0.071264
-0.065460
-0.056140
-0.045580
-0.034548
-0.025204
-0.021220
-0.022852
-0.026344
-0.029152
-0.032044
-0.035284
-0.036524
-0.033812
-0.028236
-0.023164
-0.021060
-0.020904
-0.019848
-0.017296
-0.014404
-0.010132
-0.002344
0.008700
0.021008
0.033400
0.044812
0.054468
0.062160
0.066244
0.066552
0.064576
0.060168
0.054572
0.050088
0.046164
0.041616
0.037076
0.033376
0.030248
0.026368
0.021260
0.015212
0.007264
-0.001988
-0.009008
-0.011884
-0.011160
-0.008328
-0.006204
-0.006360
-0.008252
-0.011336
-0.014296
-0.015200
-0.014612
-0.015592
-0.018956
-0.021692
-0.022760
-0.024804
-0.029364
-0.034932
-0.038280
-0.038476
-0.038212
-0.039796
-0.041872
-0.040788
-0.035292
-0.028028
-0.023052
-0.022772
-0.025788
-0.028956
-0.031792
-0.035184
-0.037224
-0.036116
-0.033636
-0.031648
-0.029612
-0.026500
-0.022376
-0.018120
-0.014508
-0.010768
-0.005312
0.000740
0.006092
0.013104
0.022468
0.029764
0.032612
0.033896
0.035028
0.032760
0.026016
0.019012
0.015244
0.014136
0.013376
0.011796
0.009896
0.010452
0.015896
0.022744
0.025308
0.022600
0.015816
0.006448
-0.003028
-0.011380
-0.018412
-0.023552
-0.027272
-0.031620
-0.036408
-0.040136
-0.043648
-0.045568
-0.041228
-0.030508
-0.017932
-0.005820
0.005276
0.014748
0.022124
0.025576
0.024532
0.022060
0.020804
0.019124
0.014860
0.008632
0.000228
-0.010540
-0.021096
-0.028636
-0.032220
-0.032024
-0.027852
-0.020668
-0.013952
-0.010724
-0.011140
-0.012628
-0.012068
-0.009972
-0.009692
-0.011084
-0.009684
-0.002620
0.008552
0.020176
0.030000
0.037744
0.042592
0.043808
0.041176
0.034348
0.025332
0.017420
0.011064
0.006108
0.004600
0.006172
0.007504
0.005992
0.002256
-0.000728
-0.002168
-0.003112
-0.004956
-0.007504
-0.007696
-0.004316
0.001272
0.008488
0.016792
0.024660
0.030844
0.035536
0.039656
0.042388
0.041620
0.037252
0.031360
0.025308
0.019112
0.014744
0.015572
0.021392
0.028356
0.033252
0.035128
0.033940
0.031860
0.032496
0.035664
0.037324
0.035112
0.029268
0.020924
0.012220
0.004924
0.000360
-0.000200
0.002896
0.007532
0.011428
0.013792
0.015080
0.015252
0.014180
0.012560
0.010636
0.008572
0.007380
0.006696
0.005064
0.002956
0.001940
0.003180
0.006496
0.009532
0.010764
0.011476
0.014032
0.018596
0.021044
0.018384
0.012864
0.008208
0.006724
0.007724
0.007872
0.005548
0.002404
-0.000360
-0.002824
-0.005076
-0.006668
-0.006624
-0.005388
-0.004596
-0.004840
-0.004456
-0.002268
0.000832
0.003864
0.006148
0.007944
0.010208
0.013880
0.019420
0.026104
0.032712
0.037964
0.041980
0.045752
0.048056
0.047032
0.043552
0.039496
0.034656
0.028476
0.021740
0.015372
0.010056
0.005244
-0.000472
-0.006132
-0.010288
-0.014128
-0.017636
-0.018852
-0.018052
-0.018172
-0.021500
-0.026412
-0.028380
-0.025584
-0.021548
-0.020768
-0.024140
-0.030528
-0.039108
-0.048884
-0.058300
-0.065896
-0.070948
-0.072276
-0.067952
-0.058780
-0.048012
-0.037440
-0.028028
-0.020756
-0.015676
-0.011432
-0.005344
0.002132
0.006740
0.006244
0.001472
-0.005300
-0.012104
-0.019340
-0.026696
-0.030012
-0.025908
-0.016640
-0.005520
0.006616
0.019376
0.031732
0.042116
0.048476
0.049724
0.047848
0.044380
0.039524
0.033920
0.027276
0.020636
0.017512
0.019152
0.020648
0.015992
0.004768
-0.008400
-0.019152
-0.026488
-0.030964
-0.032660
-0.030072
-0.021904
-0.010352
0.001448
0.013484
0.026596
0.037232
0.039928
0.034840
0.026424
0.017788
0.009532
0.002368
-0.002388
-0.005976
-0.010884
-0.016972
-0.023312
-0.030696
-0.038664
-0.044976
-0.047764
-0.046888
-0.044536
-0.043016
-0.041992
-0.038692
-0.032936
-0.027652
-0.023860
-0.021916
-0.022828
-0.024332
-0.023140
-0.019364
-0.016028
-0.015852
-0.017108
-0.015480
-0.011216
-0.009436
-0.010720
-0.010184
-0.007244
-0.004732
-0.002104
0.001928
0.006008
0.008596
0.010448
0.013020
0.015648
0.016476
0.015772
0.016252
0.019628
0.023092
0.023188
0.020688
0.017460
0.013192
0.006576
-0.000296
-0.004172
-0.007232
-0.012188
-0.017012
-0.021156
-0.026800
-0.031424
-0.030988
-0.028116
-0.027312
-0.027780
-0.025392
-0.018240
-0.009036
-0.002156
0.001180
0.001968
0.000752
-0.001376
-0.004408
-0.008244
-0.010364
-0.010376
-0.010848
-0.012728
-0.014548
-0.015416
-0.015392
-0.013964
-0.010788
-0.005592
0.002004
0.010652
0.018012
0.023892
0.030156
0.036252
0.038960
0.037820
0.035096
0.032232
0.028576
0.023220
0.018360
0.015868
0.014640
0.014148
0.015352
0.019152
0.024524
0.029768
0.033880
0.035656
0.035952
0.036708
0.036692
0.032368
0.023744
0.016612
0.013720
0.009432
-0.000728
-0.013292
-0.022948
-0.029444
-0.036356
-0.044176
-0.048680
-0.046052
-0.036216
-0.022272
-0.008440
0.002716
0.012084
0.020092
0.025700
0.030112
0.033908
0.035384
0.034840
0.034464
0.034564
0.033424
0.029472
0.022616
0.014408
0.007440
0.003420
0.000900
-0.001816
-0.004520
-0.006904
-0.008192
-0.009108
-0.012168
-0.017100
-0.020584
-0.020444
-0.018792
-0.018880
-0.018540
-0.013816
-0.005844
0.001856
0.008196
0.013188
0.015592
0.015700
0.015732
0.015496
0.012404
0.005872
-0.001596
-0.008076
-0.013364
-0.017176
-0.018192
-0.014932
-0.007580
0.000856
0.006480
0.009652
0.014008
0.020572
0.027564
0.032816
0.034604
0.032820
0.028904
0.023504
0.016764
0.009340
0.001300
-0.006480
-0.013412
-0.020796
-0.028592
-0.035564
-0.041200
-0.044728
-0.044624
-0.040748
-0.034464
-0.026148
-0.017024
-0.010332
-0.006680
-0.004208
-0.002988
-0.003904
-0.005528
-0.005704
-0.004320
-0.002640
-0.002452
-0.003840
-0.003848
-0.001232
0.002596
0.007896
0.014652
0.019120
0.018220
0.013296
0.007660
0.004116
0.003612
0.004776
0.006372
0.007676
0.008812
0.012228
0.016764
0.016652
0.011452
0.005432
-0.000020
-0.004720
-0.007292
-0.008704
-0.010360
-0.009692
-0.005756
-0.001436
0.002580
0.006724
0.008548
0.006904
0.005812
0.009180
0.015472
0.020020
0.020020
0.016884
0.013620
0.011320
0.008548
0.003140
-0.004476
-0.011160
-0.014888
-0.016536
-0.017680
-0.018564
-0.019196
-0.019136
-0.016540
-0.011296
-0.005712
-0.001700
0.000904
0.002484
0.002436
0.000864
-0.002352
-0.007056
-0.011444
-0.013540
-0.013328
-0.012628
-0.013316
-0.015408
-0.016084
-0.013036
-0.007812
-0.004524
-0.005792
-0.009352
-0.009952
-0.005836
-0.000780
0.002008
0.003304
0.005556
0.009260
0.011276
0.008420
0.001564
-0.005244
-0.009660
-0.012784
-0.014868
-0.013592
-0.007916
-0.001256
0.001056
-0.000676
-0.001176
0.000908
0.001252
-0.002548
-0.005976
-0.004716
-0.000660
0.004176
0.009852
0.014844
0.017716
0.019116
0.020720
0.023008
0.024464
0.023328
0.019280
0.013880
0.009392
0.006636
0.004056
-0.000416
-0.006128
-0.009452
-0.008660
-0.006232
-0.004012
-0.002432
-0.003696
-0.007784
-0.010320
-0.009496
-0.008480
-0.009564
-0.011508
-0.011620
-0.008496
-0.003532
0.001136
0.004620
0.007832
0.012648
0.017456
0.017852
0.012908
0.005392
-0.003164
-0.013668
-0.025296
-0.035072
-0.041276
-0.043632
-0.043220
-0.042192
-0.041652
-0.040204
-0.036380
-0.031952
-0.029476
-0.027484
-0.023204
-0.018416
-0.016144
-0.014964
-0.011540
-0.005256
0.001364
0.004884
0.003824
-0.000372
-0.005528
-0.009708
-0.011848
-0.014132
-0.018704
-0.023464
-0.024560
-0.020632
-0.014128
-0.007988
-0.001912
0.005728
0.012976
0.016584
0.017128
0.016436
0.014848
0.012316
0.008232
0.002296
-0.004440
-0.010404
-0.014128
-0.016528
-0.019620
-0.022712
-0.023460
-0.021600
-0.019780
-0.019400
-0.019144
-0.018528
-0.017348
-0.014304
-0.010240
-0.008072
-0.008556
-0.009944
-0.011460
-0.014068
-0.018424
-0.023432
-0.027668
-0.030716
-0.032736
-0.035684
-0.040088
-0.042836
-0.043084
-0.042748
-0.042564
-0.042192
-0.040276
-0.035828
-0.029604
-0.023984
-0.021192
-0.020344
-0.018992
-0.016156
-0.012256
-0.007428
-0.002456
0.000920
0.003048
0.005080
0.006676
0.007880
0.009536
0.011948
0.015504
0.020760
0.026340
0.029484
0.028984
0.025560
0.021064
0.017856
0.015204
0.009216
-0.000160
-0.008040
-0.011424
-0.011796
-0.011196
-0.011152
-0.013456
-0.018596
-0.025196
-0.030112
-0.030444
-0.026692
-0.021440
-0.015424
-0.008144
-0.000284
0.006344
0.009980
0.010928
0.010520
0.009436
0.007764
0.005280
0.001856
-0.002332
-0.006628
-0.010956
-0.014348
-0.014456
-0.012128
-0.011160
-0.012452
-0.013612
-0.013388
-0.012256
-0.010648
-0.008356
-0.004204
0.001692
0.005988
0.007972
0.011764
0.018052
0.022668
0.024684
0.027180
0.030912
0.032940
0.030504
0.026096
0.025608
0.029252
0.032176
0.032692
0.032708
0.032636
0.029940
0.024064
0.018608
0.015044
0.011004
0.005500
0.000252
-0.003296
-0.005388
-0.006452
-0.006436
-0.005388
-0.003196
-0.000372
0.000940
-0.000048
-0.001720
-0.002964
-0.003628
-0.003772
-0.003844
-0.004316
-0.005608
-0.008260
-0.011628
-0.013844
-0.014924
-0.016360
-0.018192
-0.020156
-0.021020
-0.019092
-0.015868
-0.013580
-0.011700
-0.007996
-0.001700
0.005568
0.011696
0.014932
0.016140
0.018868
0.022856
0.024032
0.022384
0.021792
0.022540
0.022016
0.020588
0.019840
0.018172
0.013204
0.007280
0.003956
0.002300
0.000776
-0.000508
-0.001724
-0.002564
-0.002660
-0.002556
-0.002644
-0.002924
-0.003848
-0.005068
-0.005460
-0.006188
-0.008836
-0.012032
-0.013532
-0.013836
-0.014392
-0.013420
-0.008704
-0.001796
0.004312
0.008804
0.012920
0.016932
0.019020
0.018436
0.017576
0.018808
0.019948
0.018044
0.014964
0.014100
0.015568
0.017564
0.019412
0.022020
0.024812
0.025092
0.023260
0.021884
0.020448
0.016448
0.010032
0.004928
0.003356
0.003084
0.002320
0.002368
0.003816
0.006100
0.008692
0.010484
0.010536
0.010120
0.011672
0.014248
0.014780
0.013720
0.013992
0.015972
0.018304
0.019740
0.018952
0.017424
0.017140
0.015436
0.010452
0.005176
0.002308
0.001912
0.002628
0.003624
0.004900
0.005496
0.004740
0.003020
0.000664
-0.001156
-0.001952
-0.003464
-0.005680
-0.006460
-0.005804
-0.004648
-0.002612
0.000160
0.002784
0.005108
0.007588
0.011064
0.015740
0.020440
0.023580
0.024284
0.022852
0.020000
0.017012
0.015604
0.015216
0.013232
0.009916
0.008716
0.010856
0.014320
0.018008
0.022112
0.025740
0.028368
0.030588
0.032692
0.034540
0.035980
0.036120
0.033996
0.030168
0.025780
0.021744
0.017064
0.010152
0.002440
-0.004004
-0.008344
-0.009308
-0.006608
-0.002844
-0.000860
0.000288
0.003164
0.006928
0.010156
0.013492
0.016684
0.018440
0.018928
0.020104
0.023040
0.025920
0.026284
0.024092
0.021896
0.021044
0.019080
0.014808
0.010420
0.006376
0.001856
-0.001496
-0.002012
-0.000796
0.000340
-0.000008
-0.002028
-0.002980
-0.000712
0.002496
0.002828
-0.000104
-0.002916
-0.003016
-0.002016
-0.002456
-0.004292
-0.006256
-0.008196
-0.009432
-0.008968
-0.008088
-0.007688
-0.007820
-0.009556
-0.012800
-0.014648
-0.012400
-0.007136
-0.002312
0.000760
0.004932
0.012064
0.018376
0.020704
0.021184
0.020740
0.016848
0.010296
0.005316
0.002436
-0.000764
-0.004924
-0.008928
-0.010888
-0.010880
-0.011416
-0.012156
-0.010348
-0.007248
-0.006480
-0.007556
-0.007896
-0.008016
-0.009640
-0.011800
-0.012288
-0.011404
-0.011580
-0.012796
-0.012536
-0.010668
-0.009252
-0.009824
-0.013012
-0.016924
-0.018852
-0.020240
-0.022912
-0.024600
-0.023628
-0.022428
-0.023960
-0.026712
-0.027416
-0.026276
-0.025404
-0.025332
-0.025444
-0.024968
-0.022184
-0.016736
-0.011240
-0.008588
-0.009356
-0.011296
-0.012816
-0.014720
-0.016488
-0.016860
-0.016196
-0.015188
-0.015276
-0.017176
-0.018776
-0.017504
-0.013576
-0.010192
-0.009644
-0.011012
-0.012792
-0.015108
-0.018120
-0.021008
-0.022936
-0.023056
-0.021252
-0.018336
-0.015440
-0.012940
-0.009276
-0.004404
-0.000872
0.000716
0.001992
0.003132
0.003548
0.004728
0.007772
0.010940
0.012652
0.013468
0.013516
0.011808
0.009008
0.006776
0.004840
0.000932
-0.005536
-0.012228
-0.016804
-0.018508
-0.018324
-0.016808
-0.012676
-0.005976
0.001164
0.006924
0.011312
0.015684
0.019564
0.021136
0.020216
0.017208
0.012648
0.008956
0.008004
0.007420
0.004544
0.000836
-0.001496
-0.003180
-0.005580
-0.008840
-0.011280
-0.010168
-0.006140
-0.002144
-0.000272
-0.000464
0.000200
0.002768
0.005108
0.006352
0.007324
0.008472
0.009116
0.008912
0.008628
0.008196
0.007012
0.005296
0.002992
0.000192
-0.001596
-0.001352
0.000236
0.002288
0.005112
0.009532
0.014496
0.017680
0.018468
0.018100
0.018252
0.018476
0.016696
0.013160
0.010228
0.008312
0.006084
0.003880
0.002908
0.002660
0.001100
-0.002380
-0.005220
-0.005408
-0.003972
-0.001952
0.000740
0.003604
0.005608
0.006664
0.006920
0.006328
0.005704
0.005252
0.004312
0.003188
0.002084
-0.000220
-0.004048
-0.007352
-0.009692
-0.013356
-0.017788
-0.019320
-0.017016
-0.012988
-0.007960
-0.001068
0.006316
0.011580
0.014592
0.016272
0.016540
0.015104
0.012872
0.011904
0.011852
0.010104
0.006800
0.003504
0.000208
-0.001692
-0.000760
0.000556
-0.000704
-0.003440
-0.004260
-0.002268
-0.000072
0.000192
0.000388
0.003176
0.008004
0.013052
0.017120
0.018500
0.016048
0.011484
0.007752
0.004752
0.000008
-0.005516
-0.008976
-0.011212
-0.014288
-0.017660
-0.020184
-0.021216
-0.020408
-0.018708
-0.017308
-0.016208
-0.014296
-0.010748
-0.005736
-0.000280
0.003868
0.005672
0.006224
0.007004
0.007460
0.006780
0.006300
0.006992
0.007584
0.007472
0.008252
0.010184
0.010728
0.008720
0.006344
0.006324
0.008420
0.010256
0.011576
0.014552
0.019448
0.023172
0.023848
0.022784
0.021300
0.019344
0.016228
0.011916
0.007136
0.002596
-0.001532
-0.005456
-0.008624
-0.010280
-0.009952
-0.008148
-0.005792
-0.001880
0.003812
0.010064
0.017172
0.023788
0.026644
0.025860
0.024304
0.022932
0.020784
0.018256
0.016520
0.015052
0.012316
0.008300
0.004948
0.003108
0.002552
0.003704
0.005028
0.003928
0.001512
0.000232
-0.000676
-0.002640
-0.004908
-0.006600
-0.008632
-0.010984
-0.011484
-0.010536
-0.010716
-0.012184
-0.013392
-0.013864
-0.014316
-0.015324
-0.016396
-0.016772
-0.016940
-0.017892
-0.019500
-0.020868
-0.021724
-0.020960
-0.017444
-0.013300
-0.010420
-0.008292
-0.006636
-0.005584
-0.005240
-0.005340
-0.006032
-0.008564
-0.013004
-0.017288
-0.019416
-0.019676
-0.018656
-0.015992
-0.012924
-0.011016
-0.009852
-0.008436
-0.006540
-0.004632
-0.003716
-0.005200
-0.008564
-0.010972
-0.011548
-0.011664
-0.010824
-0.007516
-0.003652
-0.001784
-0.000824
0.000424
0.001432
0.001540
0.000088
-0.002096
-0.002840
-0.002640
-0.004508
-0.009060
-0.013504
-0.014924
-0.012884
-0.010008
-0.009136
-0.009356
-0.008584
-0.007160
-0.005164
-0.001456
0.002756
0.004948
0.004864
0.003628
0.002172
0.001176
-0.000680
-0.006300
-0.015996
-0.026828
-0.036308
-0.044432
-0.051196
-0.055452
-0.057156
-0.056740
-0.053968
-0.049844
-0.045456
-0.039700
-0.032972
-0.026588
-0.019740
-0.013796
-0.010768
-0.009340
-0.008764
-0.009584
-0.011132
-0.011704
-0.010872
-0.010444
-0.010808
-0.010312
-0.009172
-0.009000
-0.009584
-0.009664
-0.009200
-0.008504
-0.008008
-0.009036
-0.011556
-0.013796
-0.013988
-0.011924
-0.010108
-0.010276
-0.011436
-0.012060
-0.010760
-0.008320
-0.007044
-0.006372
-0.004840
-0.003248
-0.002284
-0.001060
0.001244
0.004116
0.005392
0.003540
0.000692
-0.000388
-0.000508
-0.001400
-0.002140
-0.002084
-0.003728
-0.007776
-0.011272
-0.013692
-0.016816
-0.018976
-0.018640
-0.017476
-0.015684
-0.012784
-0.009368
-0.005424
-0.000964
0.003492
0.007744
0.010796
0.011944
0.013948
0.018500
0.021244
0.018652
0.013388
0.009008
0.006572
0.005788
0.005528
0.004560
0.003240
0.003732
0.006412
0.008444
0.008092
0.007224
0.007864
0.009980
0.012640
0.014796
0.015032
0.013196
0.011736
0.012208
0.013108
0.012288
0.008896
0.003908
-0.000176
-0.000980
0.001688
0.005564
0.007844
0.007748
0.006784
0.006752
0.008488
0.010916
0.012316
0.013592
0.016940
0.021424
0.023236
0.022104
0.022568
0.025516
0.027764
0.028880
0.029332
0.028020
0.025028
0.022052
0.019508
0.016640
0.014080
0.012860
0.012252
0.010716
0.008684
0.008032
0.008756
0.009140
0.008772
0.009284
0.011608
0.013720
0.013588
0.012672
0.012908
0.013360
0.012556
0.010704
0.008808
0.007428
0.006660
0.006340
0.006244
0.006076
0.005556
0.005628
0.007036
0.007840
0.006328
0.004768
0.005996
0.008880
0.010096
0.009620
0.010236
0.011488
0.011416
0.011472
0.013268
0.014740
0.014460
0.014596
0.016252
0.017444
0.017016
0.015924
0.014124
0.011220
0.007860
0.004140
0.000292
-0.003376
-0.006936
-0.008912
-0.007912
-0.005060
-0.001656
0.002972
0.008852
0.013508
0.016288
0.018892
0.021004
0.021672
0.021280
0.020256
0.018724
0.016352
0.012960
0.009204
0.006188
0.004620
0.003936
0.004464
0.007428
0.011616
0.014688
0.015268
0.014208
0.014540
0.016668
0.018252
0.018460
0.017492
0.015540
0.013580
0.011768
0.009912
0.008740
0.007932
0.006976
0.006076
0.005276
0.005192
0.006488
0.008356
0.009780
0.010576
0.009772
0.007564
0.006508
0.007024
0.007076
0.005700
0.003712
0.002732
0.003404
0.005080
0.006800
0.007052
0.005752
0.005352
0.006692
0.007392
0.005700
0.002268
-0.000968
-0.002952
-0.004732
-0.007272
-0.009388
-0.009568
-0.008632
-0.008216
-0.008864
-0.010328
-0.011360
-0.010160
-0.006968
-0.004232
-0.003652
-0.004628
-0.005552
-0.005528
-0.004788
-0.004248
-0.004360
-0.004580
-0.003924
-0.002032
-0.000280
-0.001020
-0.005032
-0.009660
-0.011324
-0.010320
-0.009496
-0.009744
-0.009644
-0.009296
-0.010852
-0.013296
-0.012944
-0.010172
-0.008700
-0.008968
-0.008836
-0.007412
-0.005336
-0.004028
-0.003552
-0.002808
-0.001692
-0.001064
-0.001204
-0.001780
-0.002736
-0.003332
-0.003060
-0.002768
-0.002976
-0.004028
-0.006024
-0.008000
-0.009332
-0.010088
-0.009832
-0.008056
-0.005900
-0.005456
-0.006768
-0.007980
-0.007784
-0.006448
-0.005276
-0.005532
-0.006872
-0.007288
-0.006732
-0.007752
-0.011372
-0.015172
-0.016444
-0.015580
-0.014112
-0.012716
-0.012260
-0.013092
-0.014392
-0.014964
-0.014332
-0.013472
-0.012672
-0.010708
-0.007792
-0.005828
-0.005764
-0.006444
-0.004868
0.000536
0.006592
0.008952
0.007636
0.005916
0.005256
0.004752
0.003992
0.003644
0.003112
0.001576
0.000312
-0.000684
-0.002824
-0.004768
-0.003828
-0.000808
0.000244
-0.001748
-0.002900
-0.000872
0.001648
0.001948
0.000300
-0.001392
-0.000836
0.001608
0.002740
0.001980
0.002244
0.004068
0.004920
0.003932
0.002224
0.000820
0.000112
0.000364
0.002032
0.004264
0.004920
0.003652
0.002460
0.002488
0.003384
0.005020
0.006420
0.006596
0.006936
0.007940
0.008236
0.007856
0.007404
0.006372
0.004812
0.003884
0.003164
0.000888
-0.002040
-0.002912
-0.001484
-0.000016
-0.000152
-0.000588
0.000588
0.002608
0.004644
0.007364
0.010372
0.012184
0.012088
0.010664
0.009108
0.008476
0.009464
0.010552
0.009292
0.006312
0.003292
0.000572
-0.001216
-0.001596
-0.002116
-0.004396
-0.007760
-0.010704
-0.012368
-0.012840
-0.012880
-0.012724
-0.012544
-0.013500
-0.014748
-0.012864
-0.008060
-0.004576
-0.003832
-0.003884
-0.004012
-0.005016
-0.006244
-0.006496
-0.007284
-0.009716
-0.011016
-0.009524
-0.006928
-0.005156
-0.004424
-0.002240
0.002876
0.007780
0.009208
0.009208
0.011616
0.015940
0.018432
0.017224
0.014636
0.013956
0.015188
0.016096
0.015896
0.015824
0.017072
0.018548
0.018608
0.017960
0.016920
0.013532
0.008012
0.003900
0.002932
0.002984
0.002060
0.001092
0.001772
0.004664
0.009172
0.013132
0.014528
0.013384
0.010680
0.007848
0.005884
0.003512
0.000048
-0.002900
-0.004804
-0.006452
-0.007520
-0.007616
-0.008136
-0.009668
-0.010424
-0.009400
-0.007376
-0.005248
-0.003592
-0.003344
-0.004688
-0.006068
-0.007072
-0.009700
-0.014184
-0.017508
-0.018540
-0.018976
-0.019384
-0.019320
-0.018852
-0.017412
-0.013964
-0.009996
-0.008820
-0.009900
-0.008724
-0.003492
0.002088
0.003600
0.001584
-0.000024
0.000696
0.001896
0.000568
-0.003460
-0.007200
-0.009016
-0.010428
-0.012612
-0.014636
-0.015844
-0.016332
-0.016088
-0.015476
-0.013864
-0.010304
-0.006348
-0.004288
-0.004300
-0.004424
-0.003712
-0.003464
-0.004456
-0.006284
-0.008488
-0.010736
-0.012888
-0.015100
-0.016696
-0.016644
-0.015356
-0.012932
-0.009184
-0.006084
-0.005652
-0.006984
-0.008028
-0.007776
-0.006320
-0.004756
-0.004268
-0.004524
-0.003960
-0.001992
0.001064
0.004292
0.005492
0.004188
0.002700
0.002400
0.002624
0.002180
0.000872
-0.000268
-0.000532
-0.000620
-0.001512
-0.001708
0.000560
0.002600
0.000720
-0.003828
-0.005712
-0.001988
0.003376
0.005736
0.006064
0.007332
0.010268
0.013188
0.014148
0.012880
0.010712
0.009264
0.008900
0.008056
0.004764
0.000192
-0.002036
-0.001232
-0.000124
-0.000432
-0.000920
0.000120
0.002940
0.007376
0.011840
0.013352
0.011988
0.010216
0.007508
0.003044
-0.000352
-0.000832
-0.001036
-0.003540
-0.006460
-0.006944
-0.005712
-0.005208
-0.005264
-0.004312
-0.002560
0.000408
0.005784
0.011212
0.013364
0.013288
0.013952
0.015336
0.014548
0.010752
0.006896
0.005256
0.004872
0.002932
-0.001260
-0.005028
-0.006200
-0.005520
-0.005480
-0.007540
-0.010044
-0.010576
-0.009628
-0.008540
-0.006892
-0.004384
-0.001908
-0.000520
-0.000636
-0.002056
-0.003608
-0.003724
-0.002880
-0.003516
-0.005756
-0.006872
-0.006616
-0.007312
-0.009044
-0.009996
-0.009356
-0.007244
-0.004100
-0.000588
0.002568
0.004716
0.005480
0.005360
0.006104
0.008244
0.009828
0.008836
0.005544
0.002916
0.003556
0.006328
0.008348
0.008984
0.008932
0.008484
0.008708
0.010820
0.013920
0.015620
0.016048
0.017488
0.019124
0.019292
0.019532
0.020460
0.020432
0.019284
0.018372
0.018412
0.019048
0.018880
0.017172
0.015064
0.013724
0.013332
0.013580
0.013872
0.013704
0.013616
0.014592
0.016296
0.017776
0.017428
0.013336
0.007516
0.004212
0.003192
0.000796
-0.003976
-0.009060
-0.012780
-0.014268
-0.014140
-0.015420
-0.018928
-0.021192
-0.019908
-0.017628
-0.018456
-0.021700
-0.023284
-0.022936
-0.022520
-0.021708
-0.020336
-0.019248
-0.019184
-0.019776
-0.018880
-0.015232
-0.010980
-0.009040
-0.009712
-0.011096
-0.010560
-0.007072
-0.003728
-0.003932
-0.006172
-0.007080
-0.006244
-0.005508
-0.006416
-0.008608
-0.010464
-0.011332
-0.011124
-0.009904
-0.009208
-0.009616
-0.009520
-0.008752
-0.008476
-0.007844
-0.005132
-0.001420
0.000784
0.001224
0.001624
0.002892
0.003628
0.002480
0.000328
-0.001236
-0.001944
-0.002292
-0.002548
-0.003012
-0.003676
-0.003440
-0.001196
0.001460
0.001916
0.000736
0.000268
0.000948
0.001564
0.001676
0.001720
0.001704
0.001504
0.001880
0.003376
0.004192
0.001584
-0.003704
-0.007408
-0.008148
-0.009556
-0.013352
-0.016564
-0.016888
-0.015056
-0.012764
-0.010032
-0.006036
-0.002220
-0.000484
0.000428
0.003176
0.007500
0.010572
0.011300
0.012028
0.014260
0.015588
0.013948
0.010840
0.008328
0.006792
0.005712
0.004484
0.003604
0.003512
0.002836
0.001432
0.001068
0.001852
0.002308
0.002028
0.001736
0.001784
0.001928
0.002040
0.002160
0.001688
0.000676
0.000384
0.000468
0.000384
0.001032
0.002212
0.003084
0.004128
0.005428
0.005388
0.003460
0.001304
-0.000460
-0.002280
-0.003128
-0.002476
-0.001740
-0.001316
0.000236
0.002452
0.003028
0.002852
0.004712
0.006912
0.005332
0.001656
0.000704
0.001764
-0.000248
-0.006864
-0.012916
-0.013772
-0.011988
-0.012480
-0.015348
-0.016740
-0.015144
-0.012408
-0.009896
-0.007916
-0.006328
-0.004108
-0.000984
0.001656
0.002304
0.000768
-0.000936
-0.001580
-0.002164
-0.002776
-0.002496
-0.001844
-0.002720
-0.004980
-0.006056
-0.005412
-0.005392
-0.006164
-0.005584
-0.004888
-0.006928
-0.009516
-0.008684
-0.005920
-0.004340
-0.003480
-0.001300
0.003308
0.008528
0.010556
0.009476
0.009584
0.012336
0.015420
0.016608
0.015104
0.012044
0.009544
0.008468
0.007212
0.004272
0.001516
0.001204
0.001852
0.001084
-0.000348
-0.000604
0.000092
0.000760
0.002212
0.005416
0.008532
0.009080
0.008368
0.009316
0.010936
0.010144
0.007828
0.007908
0.010612
0.012016
0.010920
0.010452
0.011764
0.012756
0.012536
0.012152
0.011864
0.009876
0.005036
-0.000472
-0.003728
-0.004588
-0.005136
-0.006376
-0.007268
-0.007280
-0.006964
-0.006296
-0.004964
-0.004008
-0.003372
-0.001076
0.002596
0.005520
0.006944
0.007248
0.006492
0.004952
0.004188
0.005236
0.006240
0.005048
0.002816
0.001328
0.000224
0.000080
0.001908
0.004412
0.005872
0.005356
0.003524
0.002464
0.003380
0.005076
0.004908
0.003064
0.002832
0.005124
0.006724
0.005044
0.002092
0.001376
0.002732
0.003532
0.003064
0.002532
0.002504
0.002760
0.003700
0.005180
0.005772
0.006176
0.008876
0.013408
0.016552
0.016564
0.015276
0.014504
0.012272
0.006580
-0.000036
-0.003816
-0.004788
-0.005304
-0.007120
-0.010476
-0.013572
-0.014400
-0.012512
-0.008696
-0.004284
-0.000364
0.002448
0.004952
0.007792
0.009180
0.008424
0.006908
0.004668
0.001608
-0.000688
-0.001840
-0.003956
-0.007312
-0.009500
-0.010424
-0.011768
-0.012504
-0.010484
-0.007076
-0.005496
-0.006316
-0.007200
-0.005536
-0.001396
0.002184
0.002240
-0.000600
-0.003080
-0.003336
-0.002128
-0.001164
-0.000408
0.000832
0.001384
0.001148
0.002276
0.005368
0.008156
0.008736
0.007836
0.007148
0.007264
0.007712
0.007552
0.006032
0.002864
-0.001384
-0.003796
-0.002452
-0.000272
-0.000272
-0.000928
0.000276
0.002580
0.003676
0.002724
0.001044
0.000860
0.002236
0.003340
0.003604
0.003436
0.003264
0.003944
0.005392
0.005932
0.004876
0.003616
0.003312
0.003028
0.001144
-0.002152
-0.004976
-0.005548
-0.004296
-0.003404
-0.002712
-0.000316
0.003200
0.005224
0.004720
0.004664
0.007120
0.008988
0.008316
0.007188
0.006580
0.005468
0.003460
0.001412
0.000640
0.001328
0.002536
0.003352
0.002680
0.000048
-0.003176
-0.005192
-0.005140
-0.003788
-0.002776
-0.002660
-0.003216
-0.003740
-0.003264
-0.002100
-0.001332
-0.001564
-0.003084
-0.005416
-0.006996
-0.007084
-0.006656
-0.006452
-0.006292
-0.006244
-0.006372
-0.006356
-0.006212
-0.006164
-0.006256
-0.005968
-0.004900
-0.003780
-0.003492
-0.003940
-0.004036
-0.003112
-0.001492
0.000492
0.002084
0.002316
0.001272
-0.000508
-0.003008
-0.005724
-0.006844
-0.005804
-0.004692
-0.005024
-0.005952
-0.006264
-0.005896
-0.005532
-0.005564
-0.005760
-0.005368
-0.003788
-0.001308
0.000776
0.001172
0.000008
-0.001548
-0.001684
0.000532
0.003224
0.004160
0.003456
0.002584
0.002372
0.002720
0.003920
0.006404
0.008964
0.009368
0.006776
0.003332
0.001352
0.000212
-0.001272
-0.003112
-0.004884
-0.006512
-0.008108
-0.009740
-0.010984
-0.010856
-0.010088
-0.009668
-0.008604
-0.006908
-0.005688
-0.004160
-0.001472
0.000884
0.002272
0.003168
0.001820
-0.002480
-0.006352
-0.007048
-0.005712
-0.004488
-0.003868
-0.003672
-0.003584
-0.002868
-0.001724
-0.000808
0.000224
0.001788
0.003152
0.003852
0.004536
0.004572
0.002776
0.000644
0.000048
0.000000
-0.000596
-0.001400
-0.002328
-0.003088
-0.002468
0.000008
0.002952
0.004340
0.003776
0.002848
0.003072
0.004444
0.005160
0.004276
0.004264
0.006088
0.007056
0.006472
0.006376
0.007432
0.008876
0.010280
0.011404
0.012352
0.013036
0.012492
0.010232
0.007652
0.007028
0.008244
0.009516
0.009952
0.008984
0.007360
0.006736
0.006492
0.005048
0.003300
0.002740
0.003212
0.004532
0.006516
0.008548
0.010004
0.009852
0.008136
0.007504
0.009744
0.012140
0.011464
0.008756
0.006984
0.007084
0.007964
0.008492
0.008176
0.006864
0.004924
0.004432
0.007432
0.012004
0.014168
0.013376
0.012328
0.013180
0.015036
0.015192
0.013896
0.012580
0.009632
0.005252
0.002780
0.003216
0.004540
0.004752
0.003884
0.003348
0.004152
0.005072
0.004968
0.005744
0.007984
0.009284
0.009620
0.011060
0.012336
0.011500
0.009948
0.008704
0.007024
0.005552
0.005392
0.005152
0.004184
0.004220
0.005044
0.005348
0.005416
0.005504
0.006168
0.008788
0.012300
0.013736
0.012888
0.011948
0.010980
0.008020
0.003808
0.001936
0.003116
0.004292
0.003844
0.002956
0.003300
0.005500
0.007744
0.006976
0.003756
0.002008
0.003240
0.005028
0.004712
0.002544
-0.000128
-0.002968
-0.005320
-0.005660
-0.004016
-0.003020
-0.004800
-0.008084
-0.009092
-0.007108
-0.005672
-0.006084
-0.006404
-0.006168
-0.006264
-0.007164
-0.008552
-0.008900
-0.007268
-0.004836
-0.003580
-0.003684
-0.003984
-0.003436
-0.001716
0.000024
0.000780
0.001244
0.003280
0.006972
0.009860
0.010680
0.010020
0.007760
0.004472
0.002652
0.002256
0.001184
-0.000440
-0.001352
-0.001208
-0.001104
-0.002268
-0.004428
-0.006044
-0.006512
-0.006452
-0.005440
-0.003036
-0.001116
-0.001756
-0.004196
-0.006192
-0.006580
-0.006252
-0.007424
-0.010628
-0.013200
-0.012428
-0.009076
-0.005632
-0.003432
-0.002544
-0.001748
0.000264
0.002288
0.002152
0.000224
-0.001508
-0.002148
-0.002836
-0.004192
-0.006288
-0.009616
-0.012536
-0.013232
-0.012480
-0.012040
-0.011956
-0.011536
-0.010744
-0.008772
-0.006116
-0.004988
-0.005672
-0.007576
-0.009428
-0.008660
-0.006660
-0.007788
-0.011860
-0.014400
-0.014308
-0.014352
-0.015128
-0.015404
-0.015180
-0.015336
-0.015676
-0.015948
-0.017880
-0.021732
-0.024524
-0.024844
-0.024416
-0.024592
-0.025032
-0.025152
-0.025264
-0.026028
-0.025952
-0.022668
-0.017364
-0.014132
-0.014804
-0.015672
-0.012860
-0.007924
-0.004824
-0.005128
-0.006536
-0.005944
-0.003748
-0.002796
-0.003248
-0.003044
-0.002244
-0.002432
-0.004296
-0.007264
-0.009228
-0.008932
-0.008772
-0.011180
-0.014276
-0.015016
-0.014340
-0.014532
-0.014624
-0.013960
-0.014240
-0.014432
-0.012456
-0.009940
-0.009712
-0.011220
-0.011376
-0.009440
-0.007480
-0.006904
-0.008088
-0.010512
-0.011512
-0.009576
-0.007900
-0.009788
-0.013496
-0.015548
-0.014496
-0.011508
-0.008596
-0.006448
-0.006136
-0.008168
-0.009524
-0.006728
-0.001720
0.000388
-0.000992
-0.002768
-0.003508
-0.003600
-0.003064
-0.002156
-0.002124
-0.003568
-0.005784
-0.007600
-0.008576
-0.009236
-0.010068
-0.010708
-0.010908
-0.011620
-0.013276
-0.014144
-0.013668
-0.013084
-0.012076
-0.010732
-0.010116
-0.009712
-0.008492
-0.007620
-0.008348
-0.009540
-0.011092
-0.013228
-0.014400
-0.014464
-0.014812
-0.015640
-0.016072
-0.015020
-0.012256
-0.009872
-0.009012
-0.007964
-0.006100
-0.004272
-0.002024
0.000968
0.003276
0.004096
0.004188
0.004012
0.002876
0.001100
-0.000428
-0.002668
-0.005404
-0.006472
-0.005260
-0.003404
-0.003288
-0.005156
-0.005188
-0.000388
0.005492
0.006556
0.003976
0.003844
0.007644
0.010956
0.010592
0.008496
0.007420
0.007792
0.008196
0.006756
0.003648
0.001472
0.001892
0.002764
0.001888
0.000592
0.000448
0.001032
0.001352
0.001108
0.001208
0.002236
0.003272
0.004664
0.007132
0.008784
0.008876
0.009736
0.012264
0.015144
0.016804
0.015724
0.012640
0.010504
0.010136
0.009080
0.005888
0.002988
0.002900
0.004152
0.004136
0.003776
0.004432
0.004432
0.003328
0.002800
0.003304
0.003648
0.002884
0.001764
0.001668
0.002480
0.003464
0.003892
0.003624
0.005028
0.008588
0.010144
0.008200
0.006412
0.006988
0.008216
0.007608
0.004584
0.000672
-0.001952
-0.002160
-0.001056
-0.000316
0.000088
0.000508
0.001000
0.001744
0.001844
0.000576
-0.000916
-0.000708
0.001452
0.003596
0.004424
0.004156
0.003460
0.003524
0.005316
0.008764
0.012376
0.014220
0.013700
0.011972
0.011052
0.010440
0.007548
0.003716
0.002872
0.004340
0.004200
0.002300
0.001584
0.002316
0.002672
0.003028
0.005388
0.009660
0.012808
0.012552
0.009868
0.007776
0.008352
0.010144
0.010676
0.009616
0.007404
0.004244
0.001208
0.000228
0.002476
0.005808
0.006368
0.005008
0.005056
0.006096
0.006008
0.004920
0.005012
0.005988
0.004600
0.000980
-0.000316
0.002988
0.008288
0.012232
0.013032
0.011288
0.009748
0.010160
0.012220
0.015220
0.018620
0.021012
0.021496
0.020668
0.018596
0.014848
0.011244
0.010580
0.012052
0.012152
0.009680
0.006948
0.006076
0.006596
0.007164
0.007280
0.007088
0.006800
0.006604
0.006536
0.006796
0.007904
0.009468
0.010176
0.010328
0.011220
0.012296
0.012912
0.013264
0.012508
0.010888
0.010420
0.010708
0.009472
0.007092
0.005920
0.005724
0.004780
0.003364
0.002752
0.003700
0.005908
0.007692
0.007188
0.004628
0.001264
-0.002876
-0.006976
-0.008640
-0.007716
-0.007492
-0.009516
-0.011232
-0.011036
-0.010384
-0.009972
-0.008844
-0.007416
-0.007196
-0.007944
-0.008280
-0.007368
-0.005692
-0.004240
-0.002240
0.000672
0.001832
-0.000696
-0.004628
-0.006444
-0.005672
-0.004348
-0.004432
-0.006364
-0.008328
-0.008276
-0.006528
-0.004284
-0.002148
-0.000820
0.000220
0.002416
0.005024
0.006544
0.007064
0.007300
0.006788
0.003960
-0.000120
-0.002624
-0.003196
-0.002472
-0.001256
-0.000952
-0.001736
-0.002352
-0.002248
-0.001952
-0.001724
-0.001700
-0.002540
-0.004212
-0.004988
-0.003680
-0.001524
-0.000716
-0.001024
-0.000676
-0.000288
-0.000992
-0.002172
-0.003400
-0.004480
-0.004664
-0.004900
-0.007580
-0.012752
-0.017120
-0.017468
-0.014696
-0.012588
-0.012428
-0.011804
-0.009816
-0.008544
-0.007932
-0.006264
-0.004256
-0.003868
-0.005604
-0.007572
-0.007692
-0.006560
-0.006016
-0.006460
-0.006924
-0.006836
-0.006552
-0.006532
-0.006744
-0.006892
-0.006856
-0.006732
-0.006724
-0.006820
-0.006860
-0.006688
-0.006540
-0.006600
-0.006676
-0.006720
-0.006760
-0.006868
-0.006428
-0.004836
-0.002924
-0.001688
-0.001412
-0.001224
-0.000024
0.001328
0.000876
-0.000400
0.001356
0.006152
0.008992
0.007188
0.004040
0.003548
0.005056
0.005924
0.005040
0.003100
0.002148
0.002672
0.003220
0.003212
0.002072
-0.000736
-0.003328
-0.003708
-0.002680
-0.001460
-0.000716
-0.001228
-0.002168
-0.002196
-0.001600
-0.001160
-0.001120
-0.001352
-0.001596
-0.001660
-0.001592
-0.001648
-0.002660
-0.005112
-0.007156
-0.006972
-0.005832
-0.005724
-0.006424
-0.006852
-0.007584
-0.008776
-0.008336
-0.006220
-0.005124
-0.005120
-0.003672
-0.000996
0.000160
-0.000096
0.000280
0.001116
0.001376
0.001492
0.002272
0.002576
0.001372
0.000492
0.000748
0.000160
-0.001420
-0.002268
-0.003480
-0.007092
-0.010624
-0.010140
-0.006324
-0.002740
-0.000624
0.001220
0.003524
0.006020
0.007860
0.008284
0.008124
0.008924
0.010768
0.012556
0.012876
0.011028
0.008128
0.005636
0.004104
0.003684
0.003956
0.003644
0.002140
0.000732
0.001116
0.003380
0.006324
0.008460
0.008696
0.007556
0.006672
0.006864
0.008360
0.010360
0.010468
0.008560
0.008156
0.010164
0.010684
0.007912
0.004280
0.002332
0.002548
0.003108
0.002276
0.000968
0.000016
-0.001272
-0.002988
-0.004844
-0.006176
-0.006112
-0.005388
-0.005424
-0.006104
-0.006296
-0.005220
-0.003612
-0.002992
-0.002996
-0.003016
-0.004284
-0.006960
-0.009568
-0.010724
-0.009944
-0.007628
-0.004936
-0.003852
-0.005012
-0.006564
-0.006636
-0.005664
-0.005164
-0.005348
-0.005252
-0.004200
-0.002608
-0.001356
-0.000836
-0.000968
-0.001232
-0.001120
-0.000804
-0.001000
-0.002012
-0.002304
-0.000808
0.000676
0.001212
0.001316
0.000144
-0.001560
-0.001596
-0.000468
-0.000012
-0.000556
-0.001016
-0.000872
-0.001020
-0.001868
-0.001912
-0.000228
0.001392
0.001588
0.001568
0.002052
0.002088
0.001428
0.000580
-0.000216
-0.000736
-0.000800
-0.000124
0.001288
0.002108
0.001608
0.001036
0.001216
0.001208
0.000040
-0.001156
-0.000928
-0.000192
-0.000176
0.000152
0.002568
0.006200
0.007724
0.006444
0.005472
0.005676
0.004864
0.003372
0.003168
0.003380
0.002484
0.001328
0.000808
0.000512
0.000272
0.001252
0.004728
0.009204
0.011572
0.010872
0.009308
0.009888
0.012532
0.014640
0.013876
0.010404
0.007560
0.007000
0.007144
0.007136
0.007164
0.006840
0.005376
0.002924
0.001112
0.000996
0.001392
0.001236
0.001396
0.003124
0.006100
0.008388
0.008820
0.007856
0.006260
0.005076
0.005176
0.005908
0.006064
0.005476
0.004600
0.003900
0.004004
0.004856
0.005284
0.005020
0.004900
0.005328
0.005892
0.005996
0.005816
0.005612
0.005768
0.006864
0.007932
0.007812
0.007124
0.006924
0.006496
0.004752
0.003012
0.002624
0.002744
0.002412
0.001160
-0.001176
-0.003688
-0.005240
-0.005140
-0.003088
-0.000140
0.001828
0.002524
0.002808
0.002940
0.003260
0.004372
0.005400
0.005240
0.004580
0.004416
0.005192
0.006528
0.007036
0.006460
0.005988
0.006108
0.005912
0.004832
0.004036
0.004260
0.004664
0.004516
0.004100
0.003988
0.004132
0.004064
0.003448
0.002712
0.002692
0.003468
0.004176
0.004156
0.003744
0.003452
0.003444
0.003572
0.003664
0.003628
0.003448
0.003320
0.003316
0.003356
0.003372
0.003364
0.003264
0.003092
0.003284
0.003740
0.003288
0.001120
-0.001704
-0.003460
-0.003440
-0.002508
-0.002120
-0.002416
-0.002264
-0.001256
-0.000100
0.000748
0.001128
0.000576
-0.000520
-0.000992
-0.000792
-0.000248
0.000236
-0.000404
-0.001732
-0.002084
-0.001472
-0.001100
-0.001336
-0.001632
-0.001592
-0.001204
-0.000880
-0.001612
-0.002932
-0.002844
-0.001112
0.000412
0.000568
-0.000080
-0.000020
0.001728
0.003932
0.004552
0.003752
0.002864
0.002132
0.001676
0.001908
0.002320
0.002204
0.001812
0.001892
0.002404
0.002576
0.002548
0.002596
0.002096
0.001336
0.001188
0.001184
0.000384
-0.000972
-0.002076
-0.002216
-0.001316
-0.001148
-0.003400
-0.006644
-0.008028
-0.007504
-0.007176
-0.007540
-0.007824
-0.007900
-0.007956
-0.007844
-0.007044
-0.005288
-0.003416
-0.002596
-0.002896
-0.003468
-0.003652
-0.003816
-0.004464
-0.005384
-0.006380
-0.007228
-0.007776
-0.008536
-0.009476
-0.009380
-0.007988
-0.006884
-0.007068
-0.007576
-0.006928
-0.005044
-0.003184
-0.002176
-0.002144
-0.002676
-0.002960
-0.002908
-0.002744
-0.002408
-0.001976
-0.001952
-0.002916
-0.004448
-0.005800
-0.006496
-0.006184
-0.005396
-0.005020
-0.004908
-0.004432
-0.003708
-0.003348
-0.003520
-0.003932
-0.004180
-0.003768
-0.002876
-0.002476
-0.002936
-0.003564
-0.003728
-0.003376
-0.002696
-0.002108
-0.002044
-0.002212
-0.001996
-0.001704
-0.001916
-0.002180
-0.002120
-0.002264
-0.002660
-0.002720
-0.002464
-0.002332
-0.002400
-0.002416
-0.002316
-0.002236
-0.002092
-0.001556
-0.000500
0.000584
0.001048
0.000916
0.000648
0.000564
0.000600
0.000364
-0.000332
-0.001196
-0.001804
-0.001960
-0.001832
-0.001568
-0.000844
0.000448
0.001512
0.001668
0.001456
0.001512
0.001528
0.001324
0.001280
0.001428
0.001316
0.000772
0.000072
-0.000452
-0.000620
-0.000636
-0.000784
-0.000984
-0.001080
-0.001192
-0.001472
-0.001664
-0.001560
-0.001400
-0.001388
-0.001324
-0.000976
-0.000704
-0.000772
-0.000896
-0.000840
-0.000608
-0.000324
-0.000172
-0.000160
-0.000212
-0.000412
-0.000820
-0.001128
-0.001128
-0.001128
-0.001380
-0.001580
-0.001624
-0.001916
-0.002424
-0.002636
-0.002348
-0.001748
-0.001068
-0.000380
0.000156
0.000276
0.000076
-0.000032
0.000088
0.000252
0.000304
0.000252
0.000204
0.000208
0.000228
0.000228
0.000100
-0.000108
-0.000188
-0.000068
0.000160
0.000316
0.000220
0.000112
0.000468
0.001168
0.001580
0.001520
0.001316
0.001208
0.001268
0.001472
0.001620
0.001504
0.001312
0.001304
0.001220
0.000876
0.000540
0.000432
0.000516
0.000548
0.000420
0.000368
0.000420
0.000360
0.000252
0.000220
0.000168
0.000020
-0.000092
-0.000140
-0.000240
-0.000340
-0.000364
-0.000324
-0.000188
-0.000012
0.000132
0.000176
0.000116
0.000096
0.000220
0.000372
0.000368
0.000256
0.000212
0.000252
0.000284
0.000300
0.000364
0.000444
0.000436
0.000372
0.000344
0.000356
0.000344
0.000252
0.000100
-0.000084
-0.000176
-0.000068
0.000112
0.000148
0.000092
0.000132
0.000292
0.000432
0.000444
0.000368
0.000316
0.000324
0.000376
0.000416
0.000400
0.000308
0.000192
0.000148
0.000180
0.000208
0.000196
0.000164
0.000148
0.000148
0.000148
0.000148
0.000136
0.000128
0.000128
0.000120
0.000112
0.000116
0.000132
0.000148
0.000160
0.000148
0.000116
0.000080
0.000064
0.000088
0.000128
0.000128
0.000084
0.000032
0.000024
0.000044
0.000052
0.000036
0.000024
0.000000
-0.000040
-0.000080
-0.000092
-0.000088
-0.000088
-0.000092
-0.000092
-0.000072
-0.000032
0.000016
0.000036
0.000028
0.000012
0.000004
0.000012
0.000024
0.000024
0.000004
-0.000008
-0.000004
-0.000000
-0.000012
-0.000028
-0.000032
-0.000024
-0.000024
-0.000024
-0.000028
-0.000024
-0.000020
-0.000016
-0.000012
-0.000004
-0.000004
-0.000004
-0.000008
-0.000008
-0.000008
-0.000012
-0.000020
-0.000028
-0.000036
-0.000036
-0.000028
-0.000016
-0.000008
-0.000004
-0.000012
-0.000020
-0.000028
-0.000024
-0.000012
-0.000008
-0.000012
-0.000024
-0.000032
-0.000032
-0.000032
-0.000032
-0.000032
-0.000032
-0.000036
-0.000032
-0.000028
-0.000028
-0.000028
-0.000028
-0.000028
-0.000028
-0.000028
-0.000028
-0.000024
-0.000020
-0.000016
-0.000012
-0.000012
-0.000012
-0.000008
-0.000008
-0.000004
-0.000004
-0.000000
-0.000000
-0.000000
0.000000
0.000004
0.000008
0.000008
0.000008
0.000012
0.000012
0.000016
0.000016
0.000020
0.000020
0.000024
0.000024
0.000028
0.000028
0.000032
0.000032
0.000036
0.000040
0.000040
0.000044
0.000044
0.000048
0.000048
0.000052
0.000056
0.000056
0.000060
0.000064
0.000064
0.000068
0.000072
0.000072
0.000076
0.000080
0.000084
0.000084
0.000088
0.000092
0.000096
0.000096
0.000100
0.000104
