0.000000
0.005752
0.005972
0.005720
0.005940
0.005696
0.005920
0.005680
0.005912
0.005672
0.005908
0.005672
0.005912
0.005680
0.005928
0.005700
0.005952
0.005728
0.005984
0.005764
0.006020
0.005804
0.006068
0.005852
0.006120
0.005908
0.006176
0.005972
0.006244
0.006040
0.006316
0.006116
0.006396
0.006196
0.006480
0.006276
0.006544
0.006344
0.006628
0.006412
0.006688
0.006480
0.006740
0.006532
0.006808
0.006564
0.006844
0.006632
0.006884
0.006672
0.006964
0.006784
0.007064
0.006864
0.007176
0.006964
0.007292
0.007152
0.007440
0.007260
0.007612
0.007480
0.007768
0.007648
0.008008
0.007812
0.008184
0.008072
0.008360
0.008260
0.008636
0.008444
0.008772
0.008672
0.009060
0.008868
0.009272
0.009180
0.009480
0.009400
0.009812
0.009576
0.009828
0.009628
0.009920
0.009656
0.009956
0.009740
0.010024
0.009828
0.010048
0.009796
0.010028
0.009768
0.009996
0.009732
0.009948
0.009800
0.010200
0.010000
0.010332
0.010224
0.010616
0.010412
0.010820
0.010708
0.011008
0.010912
0.011316
0.011100
0.011520
0.011412
0.011712
0.011540
0.011872
0.011608
0.011848
0.011708
0.011932
0.011668
0.011956
0.011612
0.011792
0.011572
0.011744
0.011304
0.011620
0.011364
0.011496
0.011260
0.011548
0.011248
0.011524
0.011240
0.011628
0.011296
0.011732
0.011740
0.012044
0.012132
0.012608
0.012392
0.013024
0.012960
0.013292
0.013176
0.013644
0.013748
0.014036
0.014028
0.014544
0.014320
0.014860
0.014716
0.014968
0.014744
0.015160
0.015056
0.015280
0.015192
0.015604
0.015304
0.015732
0.015624
0.015832
0.015744
0.016144
0.015840
0.016116
0.016000
0.016408
0.016080
0.016508
0.016384
0.016572
0.016464
0.016876
0.016376
0.016496
0.016132
0.016040
0.015680
0.015808
0.015348
0.015508
0.014876
0.015036
0.014620
0.014684
0.014300
0.014184
0.013796
0.013912
0.013264
0.013392
0.012988
0.012840
0.012464
0.012552
0.011912
0.012168
0.012792
0.013388
0.012484
0.012500
0.011872
0.011792
0.011168
0.011096
0.010460
0.010388
0.009752
0.009680
0.009036
0.008976
0.008144
0.008400
0.008932
0.009452
0.009576
0.010236
0.010328
0.010972
0.011060
0.011700
0.011776
0.012412
0.012468
0.013104
0.013144
0.013776
0.013804
0.014084
0.013336
0.013424
0.012576
0.012632
0.012044
0.012000
0.011456
0.011200
0.010664
0.010668
0.010028
0.010068
0.009228
0.009264
0.008700
0.008612
0.008464
0.008596
0.008132
0.008392
0.007692
0.007968
0.007392
0.007380
0.007040
0.007212
0.006792
0.006844
0.006236
0.006144
0.005172
0.005376
0.004592
0.004592
0.004424
0.004660
0.004348
0.004420
0.004168
0.004444
0.003904
0.004268
0.003788
0.003848
0.003828
0.004040
0.003736
0.004052
0.003720
0.004044
0.003560
0.003740
0.003316
0.003488
0.003060
0.003236
0.002808
0.002988
0.002560
0.002744
0.002316
0.002500
0.002072
0.002260
0.001832
0.002024
0.001456
0.001492
0.001148
0.001164
0.000612
0.000860
0.000440
0.000484
-0.000068
0.000196
-0.000380
-0.000324
-0.000660
-0.000624
-0.001168
-0.000900
-0.001176
-0.000812
-0.001284
-0.000908
-0.001164
-0.001020
-0.001260
-0.000904
-0.001372
-0.001148
-0.001408
-0.001040
-0.001524
-0.001136
-0.001408
-0.001248
-0.001648
-0.001424
-0.001840
-0.001616
-0.002028
-0.001800
-0.002216
-0.001984
-0.002400
-0.002168
-0.002588
-0.002168
-0.002384
-0.002244
-0.002444
-0.002024
-0.002528
-0.002084
-0.002316
-0.002164
-0.002560
-0.002148
-0.002364
-0.002236
-0.002424
-0.002028
-0.002504
-0.002448
-0.003056
-0.002732
-0.003364
-0.003300
-0.003784
-0.003708
-0.004232
-0.004348
-0.004800
-0.004708
-0.005300
-0.005108
-0.005864
-0.005720
-0.006200
-0.005924
-0.006040
-0.006040
-0.006352
-0.005848
-0.006188
-0.005564
-0.005832
-0.005488
-0.005716
-0.005344
-0.005376
-0.005068
-0.005304
-0.004856
-0.005188
-0.004580
-0.004852
-0.004532
-0.004568
-0.004204
-0.004664
-0.004408
-0.004620
-0.004188
-0.004672
-0.004216
-0.004428
-0.004280
-0.004464
-0.004044
-0.004516
-0.004440
-0.005036
-0.004704
-0.005308
-0.005400
-0.005848
-0.005892
-0.006636
-0.006360
-0.007096
-0.007068
-0.007772
-0.007544
-0.008240
-0.008432
-0.008828
-0.008820
-0.009724
-0.009384
-0.010096
-0.010112
-0.010356
-0.010064
-0.010628
-0.010492
-0.010776
-0.010664
-0.011216
-0.010804
-0.011384
-0.011236
-0.011520
-0.011212
-0.011572
-0.011236
-0.011608
-0.011120
-0.011340
-0.011068
-0.011412
-0.010940
-0.011148
-0.010892
-0.011076
-0.010608
-0.011040
-0.010544
-0.010760
-0.010504
-0.010876
-0.010608
-0.010936
-0.010816
-0.011212
-0.010648
-0.011284
-0.010984
-0.011092
-0.011052
-0.011420
-0.010872
-0.011296
-0.011140
-0.011544
-0.010968
-0.011432
-0.010900
-0.011144
-0.010696
-0.010924
-0.010480
-0.010696
-0.010276
-0.010328
-0.009920
-0.010184
-0.009692
-0.009984
-0.009336
-0.009636
-0.009200
-0.009452
-0.009240
-0.009420
-0.009288
-0.010068
-0.009696
-0.010608
-0.010520
-0.010920
-0.010892
-0.011528
-0.011464
-0.011900
-0.011832
-0.012332
-0.011204
-0.011124
-0.010276
-0.010116
-0.009740
-0.010392
-0.009904
-0.010312
-0.009920
-0.010484
-0.010296
-0.010576
-0.010232
-0.010444
-0.010064
-0.011388
-0.012808
-0.014688
-0.015596
-0.017384
-0.017648
-0.018104
-0.017896
-0.018160
-0.018008
-0.018648
-0.018384
-0.018620
-0.018652
-0.019376
-0.019384
-0.019128
-0.017628
-0.017396
-0.015804
-0.015176
-0.012644
-0.009476
-0.006496
-0.004148
-0.000596
0.001972
0.005200
0.007568
0.010832
0.010932
0.009956
0.008288
0.006600
0.004648
0.003300
0.001296
-0.000192
-0.002504
-0.003844
-0.005748
-0.006476
-0.007064
-0.007388
-0.008548
-0.008768
-0.009292
-0.008712
-0.008812
-0.008208
-0.008308
-0.007632
-0.007960
-0.007456
-0.008128
-0.008416
-0.009136
-0.011120
-0.015412
-0.018236
-0.022008
-0.024916
-0.028632
-0.029368
-0.028568
-0.028092
-0.026072
-0.021400
-0.017856
-0.013572
-0.010172
-0.006160
-0.002640
-0.002836
-0.008152
-0.010812
-0.014620
-0.016440
-0.017748
-0.018268
-0.019844
-0.020636
-0.027380
-0.039276
-0.043264
-0.042020
-0.043200
-0.043272
-0.037148
-0.025216
-0.018788
-0.009876
-0.002572
0.005888
0.008460
0.008108
0.008320
0.008960
0.008548
0.009360
0.009212
0.014148
0.021464
0.028440
0.030560
0.023920
0.013752
0.005696
-0.003360
-0.010860
-0.019040
-0.026356
-0.033972
-0.041504
-0.046424
-0.047548
-0.046912
-0.041084
-0.037660
-0.032916
-0.029316
-0.024840
-0.019736
-0.011396
-0.005436
0.002480
0.008368
0.016104
0.017324
0.015604
0.014072
0.014000
0.002160
-0.017488
-0.034520
-0.051180
-0.069020
-0.081084
-0.091096
-0.100740
-0.111808
-0.105424
-0.084140
-0.068448
-0.052444
-0.035236
-0.027140
-0.026712
-0.023400
-0.020500
-0.017088
-0.012156
-0.010700
-0.011364
-0.011304
-0.012160
-0.013636
-0.014920
-0.016268
-0.019648
-0.025456
-0.030308
-0.035332
-0.040712
-0.034900
-0.018192
-0.006768
0.006668
0.018116
0.028608
0.039248
0.042892
0.038680
0.038660
0.036368
0.035520
0.033520
0.033068
0.030560
0.036328
0.042152
0.041344
0.042016
0.043628
0.039916
0.033132
0.027248
0.021804
0.014780
0.007988
0.000568
0.004548
0.025420
0.050528
0.072264
0.096100
0.104664
0.099768
0.099948
0.099296
0.086272
0.060396
0.041120
0.008720
-0.032132
-0.070468
-0.087200
-0.082908
-0.086760
-0.087972
-0.089356
-0.091364
-0.088508
-0.080456
-0.074900
-0.073960
-0.080044
-0.082460
-0.086636
-0.089484
-0.093560
-0.087020
-0.071936
-0.060096
-0.047944
-0.035384
-0.023488
-0.011184
-0.012480
-0.027768
-0.028504
-0.025536
-0.011196
0.001464
-0.005520
-0.005280
-0.010128
-0.019416
-0.026296
-0.043528
-0.061428
-0.066064
-0.075084
-0.083516
-0.070764
-0.035424
-0.010696
0.022380
0.057608
0.086332
0.090776
0.084724
0.082404
0.079772
0.074196
0.067868
0.061488
0.055232
0.062572
0.085276
0.100540
0.119296
0.121004
0.108660
0.102268
0.089460
0.070704
0.055240
0.046008
0.045296
0.040500
0.038016
0.033764
0.030912
0.026848
0.024336
0.013336
-0.004404
-0.018692
-0.031680
-0.045820
-0.058840
-0.062564
-0.055656
-0.053640
-0.046308
-0.037244
-0.028888
-0.020556
-0.016120
-0.017772
-0.017368
-0.020048
-0.020960
-0.022960
-0.023736
-0.027176
-0.030920
-0.034876
-0.038000
-0.037672
-0.038516
-0.049004
-0.054756
-0.062884
-0.069492
-0.078548
-0.085476
-0.094844
-0.096892
-0.097632
-0.089432
-0.074356
-0.060488
-0.055420
-0.056304
-0.055492
-0.054504
-0.056860
-0.060812
-0.064520
-0.067804
-0.071508
-0.075064
-0.067740
-0.047588
-0.034068
-0.017872
-0.003380
0.012436
0.026420
0.042212
0.055680
0.071448
0.071980
0.060476
0.068016
0.092436
0.086604
0.062296
0.045680
0.027856
0.009436
-0.007948
-0.025816
-0.043264
-0.049308
-0.041952
-0.041284
-0.030728
-0.016356
0.001948
0.023068
0.053476
0.091516
0.127312
0.149876
0.160032
0.174736
0.173528
0.156612
0.147948
0.105804
0.032664
-0.025304
-0.089048
-0.122580
-0.129356
-0.130656
-0.113104
-0.102188
-0.089840
-0.078116
-0.065688
-0.053084
-0.038452
-0.024556
-0.023308
-0.028236
-0.017188
-0.030248
-0.058060
-0.078956
-0.103536
-0.122404
-0.134420
-0.111800
-0.046696
-0.017624
0.002808
0.013444
0.012184
0.013132
0.016492
0.016056
0.019672
0.013608
0.026232
0.057520
0.083256
0.088376
0.079916
0.083812
0.075080
0.057836
0.043576
0.025804
0.021592
0.029688
0.022196
0.017368
0.028968
0.033280
0.040160
0.045684
0.050376
0.050524
0.054240
0.039764
0.016952
0.004444
-0.010152
-0.025132
-0.036000
-0.043572
-0.059224
-0.081764
-0.100916
-0.110260
-0.107204
-0.106576
-0.099592
-0.096444
-0.079872
-0.055612
-0.032988
-0.021312
-0.016316
-0.022120
-0.039444
-0.052800
-0.066384
-0.075736
-0.078528
-0.085264
-0.077380
-0.066692
-0.069004
-0.066156
-0.065076
-0.049104
-0.018664
0.005476
0.030780
0.056456
0.071400
0.075684
0.084452
0.091488
0.098912
0.106432
0.101676
0.082660
0.066600
0.043728
0.024288
0.002820
-0.016144
-0.037516
-0.041836
-0.033448
-0.029448
-0.017276
-0.002352
0.001008
0.010688
0.001560
-0.021132
-0.038884
-0.056888
-0.076412
-0.093320
-0.115248
-0.127560
-0.118700
-0.097156
-0.073196
-0.050040
-0.027372
-0.004392
0.017848
0.040080
0.057336
0.051788
0.029556
0.014904
-0.002276
-0.018588
-0.018932
0.000212
0.000116
-0.004212
-0.018052
-0.040996
-0.061924
-0.070392
-0.071308
-0.078272
-0.083252
-0.088908
-0.068220
-0.018856
0.016712
0.060180
0.101716
0.150156
0.170484
0.164652
0.140556
0.086840
0.044888
-0.000492
-0.030848
-0.049656
-0.045928
-0.013532
0.006832
0.042004
0.088732
0.117984
0.134908
0.145328
0.120064
0.085180
0.053764
0.035404
0.028228
0.033632
0.057232
0.061528
0.055748
0.054144
0.066972
0.106664
0.151728
0.191964
0.226272
0.221640
0.196692
0.157256
0.096544
0.044776
0.019232
0.008744
-0.001868
0.018828
0.044004
0.094328
0.131216
0.176336
0.195180
0.203460
0.185400
0.145316
0.105624
0.066276
0.021436
0.019200
0.036948
0.048436
0.079644
0.106424
0.114580
0.106592
0.108692
0.114068
0.088772
0.014624
-0.063132
-0.138828
-0.181444
-0.192776
-0.189680
-0.154868
-0.134184
-0.102100
-0.070500
-0.039572
-0.013524
0.043924
0.100216
0.125284
0.160852
0.177800
0.168476
0.162484
0.154508
0.148816
0.131740
0.109500
0.084568
0.093392
0.134840
0.163560
0.185284
0.196956
0.212988
0.226364
0.246164
0.268320
0.291920
0.268588
0.201428
0.152980
0.102312
0.056204
0.008508
-0.037424
-0.071760
-0.090196
-0.121352
-0.151648
-0.183700
-0.195956
-0.193648
-0.195948
-0.198668
-0.200840
-0.207444
-0.211072
-0.216640
-0.223504
-0.236168
-0.244488
-0.256124
-0.267476
-0.287844
-0.299788
-0.345800
-0.412780
-0.515496
-0.633276
-0.705444
-0.794228
-0.819552
-0.732036
-0.575392
-0.437508
-0.382096
-0.330888
-0.296300
-0.262044
-0.228904
-0.230420
-0.218488
-0.229740
-0.247640
-0.247260
-0.235348
-0.203712
-0.190328
-0.185172
-0.176528
-0.175876
-0.173880
-0.124496
-0.052668
0.008312
0.073428
0.128844
0.171564
0.219552
0.255716
0.281624
0.312400
0.329076
0.323992
0.286668
0.231160
0.126224
-0.088164
-0.326204
-0.427788
-0.274344
-0.047364
0.065196
0.051856
0.023188
-0.001428
0.037364
0.138352
0.180676
0.194700
0.198732
0.167932
0.175564
0.199056
0.218520
0.196040
0.135960
0.090376
0.043000
-0.005380
-0.053528
-0.104636
-0.147208
-0.178540
-0.205272
-0.234892
-0.258992
-0.281020
-0.296788
-0.306452
-0.319092
-0.320924
-0.311264
-0.307068
-0.312684
-0.323336
-0.317332
-0.319992
-0.304140
-0.278672
-0.242580
-0.190428
-0.134992
-0.085184
-0.013908
0.055632
0.104904
0.159972
0.214216
0.266688
0.319656
0.371820
0.391788
0.366388
0.351916
0.309548
0.278220
0.284992
0.267096
0.237344
0.217128
0.157492
0.075452
0.019300
-0.046132
-0.108192
-0.180912
-0.236620
-0.265820
-0.281748
-0.271956
-0.271956
-0.266804
-0.264724
-0.254400
-0.241952
-0.227636
-0.214188
-0.157980
-0.092948
-0.031236
0.071496
0.127380
0.159892
0.161936
0.123348
0.080264
0.011596
-0.058780
-0.153596
-0.243540
-0.325044
-0.353152
-0.360572
-0.327992
-0.251536
-0.167592
-0.057460
0.043212
0.144764
0.247048
0.352184
0.419452
0.411092
0.333976
0.182932
-0.025868
-0.324328
-0.676680
-0.843644
-0.687436
-0.389820
-0.353576
-0.541776
-0.736304
-0.850100
-0.660992
-0.266124
-0.043912
0.000824
0.047236
0.059940
0.081652
0.043564
-0.077284
-0.217304
-0.327144
-0.427736
-0.548152
-0.640416
-0.611208
-0.524284
-0.403120
-0.272512
-0.143408
-0.020696
0.108640
0.190908
0.239560
0.298088
0.367140
0.442740
0.504320
0.542356
0.606940
0.689996
0.766600
0.840816
0.919148
0.973540
1.014088
1.056200
1.111956
1.144692
1.148004
1.147612
1.134188
1.097900
1.036292
0.953304
0.830352
0.755052
0.698824
0.678600
0.654700
0.569556
0.532404
0.552816
0.616988
0.733288
0.893664
1.016128
1.094564
1.085664
1.049176
0.969944
0.855464
0.781288
0.799024
0.702348
0.445464
0.356452
0.402484
0.450300
0.555800
0.771144
0.707656
0.500104
0.375856
-0.105300
-0.697056
-0.833560
-0.571728
-0.402664
-0.527568
-0.702004
-0.721940
-0.702828
-0.689016
-0.690856
-0.705336
-0.686216
-0.629416
-0.612016
-0.603352
-0.623164
-0.670520
-0.729884
-0.832716
-0.909600
-0.900712
-0.878828
-0.863704
-0.847656
-0.829628
-0.814628
-0.814924
-0.838056
-0.828132
-0.801308
-0.781268
-0.723760
-0.623020
-0.566220
-0.534160
-0.514048
-0.464564
-0.403616
-0.343400
-0.305104
-0.248516
-0.160472
-0.089308
-0.005856
0.103820
0.184656
0.255808
0.348532
0.462988
0.602916
0.795484
0.955608
1.162424
1.325328
1.435932
1.496104
1.503828
1.445292
1.311240
1.182116
1.039652
0.894728
0.607628
0.209452
0.128260
0.566540
1.111024
1.263460
1.114876
0.949332
0.901808
0.943756
0.948392
0.964676
0.935640
0.853324
0.788048
0.715792
0.692120
0.709428
0.724576
0.749836
0.810136
0.857048
0.845488
0.856864
0.874216
0.910836
0.867252
0.754524
0.673176
0.600056
0.586724
0.609924
0.731832
0.729028
0.455548
0.409040
0.529704
0.496112
0.323592
0.173196
0.313156
0.530132
0.602460
0.737428
0.572092
0.109088
0.073608
0.414192
0.597140
0.472320
0.339500
0.452132
0.550332
0.457304
0.354020
0.387380
0.530644
0.563764
0.412968
0.348756
0.430192
0.514608
0.459436
0.420348
0.484524
0.514220
0.517140
0.559032
0.507208
0.400420
0.366560
0.422544
0.531916
0.468804
0.130776
0.007204
0.398672
0.792208
0.660176
0.253616
0.088784
0.281924
0.672284
0.636084
0.399224
0.807700
1.261860
0.935280
0.175436
-0.294384
-0.114492
0.361716
0.708844
0.775800
0.660840
0.511636
0.355132
0.117472
-0.003508
-0.030604
-0.059540
-0.037260
-0.015992
-0.007132
0.001992
-0.048248
-0.082936
0.140624
0.399976
0.397084
0.178788
0.024316
0.046264
0.088768
0.037488
-0.086276
-0.164276
-0.211008
-0.225244
-0.275324
-0.331376
-0.427592
-0.508640
-0.548044
-0.601916
-0.565584
-0.553484
-0.626440
-0.706592
-0.724248
-0.751236
-0.863736
-0.901188
-0.846320
-0.837732
-0.894504
-0.907868
-0.871852
-0.751996
-0.701952
-0.781412
-0.897352
-0.949176
-0.871060
-0.807556
-0.835468
-0.878768
-0.853300
-0.775244
-0.719472
-0.681372
-0.669140
-0.646820
-0.609236
-0.551040
-0.481544
-0.385784
-0.304408
-0.247100
-0.223948
-0.173912
-0.138220
-0.115772
-0.090876
-0.071228
-0.046908
0.044356
0.159580
0.250288
0.326776
0.410980
0.497896
0.578740
0.632152
0.699256
0.738292
0.760872
0.787544
0.804892
0.806900
0.818148
0.807064
0.771872
0.734312
0.657676
0.535752
0.376176
0.137968
0.031848
0.006972
-0.049988
-0.123236
-0.221536
-0.207244
-0.082620
-0.041368
-0.076936
-0.181224
-0.188408
-0.240324
-0.278644
-0.123192
-0.067428
-0.109604
-0.146120
-0.193932
-0.166380
-0.254352
-0.483188
-0.790376
-1.110712
-1.540356
-1.912568
-2.026400
-1.920616
-1.721140
-1.423056
-1.344816
-1.501920
-1.467128
-1.274380
-0.926788
-0.579644
-0.843080
-1.439008
-1.745124
-1.765716
-1.704212
-1.545804
-1.190268
-1.410608
-2.101644
-2.140696
-1.815080
-1.938832
-2.153452
-1.972968
-1.482568
-1.626824
-2.375236
-2.228796
-1.525588
-1.649340
-1.986048
-1.746344
-1.423716
-1.452552
-1.616776
-1.726688
-1.678144
-1.513840
-1.417000
-1.554840
-1.745396
-1.595308
-1.554164
-1.673068
-1.500056
-1.153416
-1.477944
-1.915516
-1.803804
-1.981616
-1.802860
-0.969388
-0.717176
-1.870272
-3.159440
-2.716228
-1.135608
-0.574244
-1.115948
-1.609844
-1.839552
-1.209180
-0.190372
0.096612
-0.458616
-1.367764
-1.462264
-0.576312
-0.163228
-0.666944
-1.024128
-0.870260
-0.693028
-0.613408
-0.683160
-0.838716
-0.772476
-0.527316
-0.472888
-0.572764
-0.647504
-0.604884
-0.510028
-0.445304
-0.404848
-0.358724
-0.294356
-0.321696
-0.413880
-0.366428
-0.273384
-0.335124
-0.363100
-0.102596
0.115324
0.184260
0.097592
0.024596
0.029312
-0.015744
0.104464
0.495024
0.621064
0.486592
0.383420
0.455596
0.590528
0.780448
0.997296
1.093556
1.069764
0.961424
0.888420
0.872088
0.688300
0.527060
0.441560
0.543440
0.638556
0.651020
0.594324
0.603060
0.682220
0.624772
0.395992
0.150952
-0.030840
-0.041688
-0.001032
0.132220
0.243972
0.304652
0.436628
0.525464
0.401832
0.357708
0.276276
0.138632
0.233264
0.654540
0.957956
0.909788
0.606744
0.338584
0.454704
0.790416
0.820224
0.641908
0.581468
0.696860
0.825732
0.866808
0.778112
0.834852
0.921484
0.757172
0.538092
0.754992
1.131372
1.009400
0.735280
0.758072
0.907084
1.127312
1.253528
1.322044
1.431116
1.434580
1.085864
0.946808
1.247532
1.277104
0.852172
0.889852
1.513896
1.664568
0.950056
0.668456
1.431864
1.926604
1.544032
1.256364
0.854476
0.267276
-0.134132
-0.349804
-0.598956
-0.684656
-0.635432
-0.820520
-0.949896
-0.500976
-0.239956
-0.453268
-0.973344
-1.279808
-0.907816
-0.316060
-0.255464
-0.562264
-0.860720
-0.711832
-0.510220
-0.454292
-0.513884
-0.638888
-0.653048
-0.512152
-0.508992
-0.555796
-0.621048
-0.654264
-0.707248
-0.675400
-0.607128
-0.438776
-0.252824
0.179924
0.327848
-0.364852
-1.098724
-1.056592
-0.953112
-0.553768
-0.270024
-0.807648
-1.061612
-0.277876
-0.436484
-1.076956
-1.308452
-1.521112
-2.078644
-1.451444
-0.192124
-0.011176
-2.093796
-2.843364
-2.291404
-0.788136
0.687408
0.470556
0.416436
0.261892
0.627760
0.655848
0.031244
-0.373448
-1.802860
-3.775740
-3.368480
-1.023280
0.206296
-0.631868
-0.871848
-0.877592
-0.462224
-1.105940
-1.519664
-0.811072
-0.400372
-0.414312
-0.370896
-0.554988
-0.496800
-0.548124
-0.630448
-0.477824
-0.224428
-0.472964
-0.645808
-0.356084
0.088984
0.097760
-0.015428
-0.019764
0.045864
0.063924
0.186444
0.350860
0.744892
1.208832
1.535192
1.810392
1.925892
1.756616
1.691332
1.842420
2.047916
2.051744
1.990652
1.861136
1.827308
1.826116
1.703640
1.441036
1.345244
1.490912
1.900032
2.098644
1.784636
1.138812
0.776952
0.774152
1.185764
1.759712
1.647608
0.971892
0.891748
1.415516
1.524508
1.275376
1.440120
1.724896
1.879472
1.843760
1.479176
1.215420
1.491180
1.561404
1.407036
1.302672
1.243660
1.257428
1.316440
1.543956
2.209052
2.748724
2.746176
1.931480
0.222848
-0.981928
-1.215088
-1.218120
-1.238348
-1.502640
-1.620088
-1.600396
-1.547376
-1.514048
-1.441648
-1.325676
-1.103648
-0.987676
-0.876364
-0.833976
-0.794748
-0.755028
-0.707856
-0.637288
-0.592072
-0.592932
-0.562852
-0.594292
-0.658320
-0.598376
-0.479520
-0.530352
-0.510172
-0.592492
-0.557380
-0.650900
-0.803516
-0.241992
0.393304
0.035712
-0.652452
-0.537356
-0.703976
-1.258020
-0.595732
0.157916
-0.461224
-1.186104
-0.599348
-0.078040
-0.604784
-1.165392
-0.907972
-0.791288
-1.035296
-0.962296
-0.692660
-0.651364
-1.191004
-1.233292
-0.667616
-0.483664
-0.514644
-0.584560
-0.658600
-0.703844
-0.797272
-0.936752
-1.113616
-1.328672
-1.361612
-1.171148
-0.849800
-0.791324
-1.184936
-1.716544
-1.660720
-1.485212
-1.592452
-1.568380
-1.328796
-0.933180
-0.420840
0.101024
0.549076
0.753440
0.854328
1.007228
1.121112
1.112896
1.104248
1.097096
1.125228
1.182756
1.237140
1.222260
1.229672
1.405608
1.551088
1.454276
1.328320
1.414944
1.454948
1.254176
1.273404
1.576848
1.677512
1.445104
1.273760
1.521852
1.703212
1.223496
0.739844
0.845968
1.625256
2.363400
2.103456
1.579484
1.738816
2.080712
2.085952
1.805296
2.188472
3.141172
2.972728
2.162584
2.143464
2.208544
1.851612
1.560524
1.394960
1.428988
1.631564
1.016060
0.207460
0.170640
1.012928
1.685688
1.337340
0.744812
1.230332
2.198532
2.044088
0.851000
0.416460
1.226416
2.758792
3.028864
2.087284
1.398076
1.381088
2.044000
1.987032
1.246568
0.951312
1.356480
1.731380
1.972576
1.709824
1.223552
0.999408
1.041972
1.348272
1.343400
0.288904
-0.946824
-1.444780
-1.405360
-1.297424
-1.245536
-1.198100
-1.170704
-1.168568
-1.191440
-1.251236
-1.298308
-1.294500
-1.221108
-1.148024
-1.122304
-1.096176
-1.054332
-1.101708
-1.150904
-1.130812
-1.042968
-0.987988
-0.919612
-0.848648
-0.799892
-0.836452
-0.841328
-0.818064
-0.779300
-0.665784
-0.522904
-0.514684
-0.566152
-0.618000
-0.635580
-0.624140
-0.489448
-0.273288
-0.106720
-0.053924
-0.080424
-0.077400
-0.023048
0.132824
0.280348
0.398516
0.519860
0.632540
0.712908
0.731732
0.737900
0.774940
0.852740
0.895140
0.904108
0.915528
0.913152
0.914664
0.915344
0.916660
0.892388
0.842044
0.793508
0.726380
0.711116
0.735760
0.744972
0.756872
0.770188
0.781120
0.810040
0.852176
0.889024
0.925216
0.963124
0.984020
0.993032
1.008876
1.022996
1.036296
1.050540
1.063608
1.068660
1.061828
1.062136
1.050156
1.041212
1.056884
1.096768
1.046052
0.929852
0.837088
0.816808
0.836556
0.722964
0.525916
0.405516
0.497940
0.650344
0.797876
0.986228
0.981800
0.779920
0.877444
1.158748
1.272940
1.186124
1.003088
0.924112
0.931812
0.801508
0.344468
-0.083848
-0.172832
-0.148756
-0.266500
-0.439700
-0.587892
-0.670756
-0.680484
-0.753468
-0.853400
-0.938040
-1.034188
-1.131724
-1.214748
-1.257060
-1.284928
-1.338216
-1.382212
-1.416252
-1.436300
-1.463452
-1.474176
-1.474060
-1.464340
-1.438816
-1.448616
-1.488556
-1.495420
-1.485924
-1.499176
-1.553912
-1.606100
-1.549404
-1.442584
-1.369176
-1.338596
-1.340952
-1.330156
-1.323300
-1.315344
-1.303660
-1.285204
-1.325620
-1.428484
-1.412664
-1.313092
-1.239736
-1.140528
-1.133184
-1.214560
-1.212592
-1.183124
-1.162084
-1.215200
-1.339536
-1.458964
-1.571412
-1.563148
-1.424756
-1.172792
-0.867908
-0.723408
-0.741044
-0.737372
-0.706516
-0.646756
-0.599568
-0.590552
-0.633988
-0.625748
-0.613568
-0.651112
-0.729568
-0.687740
-0.559608
-0.519604
-0.614220
-0.767724
-0.851468
-0.849748
-0.816296
-0.836212
-0.888412
-0.926652
-0.948656
-0.938652
-0.926012
-0.916144
-0.875920
-0.805076
-0.748896
-0.682512
-0.613724
-0.546480
-0.477932
-0.419808
-0.355132
-0.257172
-0.186128
-0.118252
-0.057796
0.015532
0.103132
0.186776
0.262656
0.337168
0.411160
0.486312
0.558000
0.627068
0.686656
0.751452
0.806968
0.874444
0.951824
1.027220
1.084448
1.130656
1.177620
1.249920
1.341776
1.426776
1.485240
1.518272
1.560488
1.599952
1.628908
1.645740
1.669112
1.667136
1.644768
1.630192
1.621232
1.617192
1.612664
1.575760
1.506388
1.451756
1.388532
1.323192
1.259400
1.190244
1.112824
1.041396
0.967124
0.933156
0.943844
0.875284
0.946544
1.299860
1.293920
1.127748
1.270252
1.433976
1.347808
0.624964
-0.416160
-0.887000
-0.824780
-0.831492
-0.992748
-1.191444
-1.286156
-1.284388
-1.280992
-1.315928
-1.376420
-1.427480
-1.461604
-1.478364
-1.501960
-1.495212
-1.457880
-1.437612
-1.387324
-1.314296
-1.201488
-1.050388
-0.914944
-0.778384
-0.669980
-0.696772
-0.818176
-0.769928
-0.600000
-0.568256
-0.661672
-0.791400
-0.837292
-0.827968
-0.823272
-0.899268
-0.971724
-0.863304
-0.787520
-1.040516
-1.315632
-1.152388
-1.036840
-1.234396
-1.444076
-1.679416
-1.972304
-2.208092
-2.319168
-1.958100
-0.702528
0.669552
1.088492
0.952544
1.002364
1.224816
1.281476
1.291968
1.320828
1.425008
1.603056
1.752000
1.885608
1.966236
2.024528
2.074552
2.104764
2.140140
2.183244
2.209068
2.209064
2.200356
2.165876
2.144344
2.071952
1.956128
1.814788
1.585276
1.399688
1.269408
1.109636
0.937940
0.840104
0.761156
0.683360
0.735960
0.693940
0.492704
0.568480
0.883256
0.914480
0.755616
0.932488
1.359760
1.150584
0.545884
0.420428
0.579196
0.488276
0.215744
-0.028932
-0.235228
-0.475272
-0.784884
-1.121512
-1.318120
-1.382596
-1.390712
-1.493280
-1.646944
-1.746588
-1.739952
-1.530500
-1.197632
-1.094704
-1.158936
-1.212724
-1.239728
-1.255180
-1.206268
-1.130780
-1.035368
-0.935172
-0.941968
-0.970264
-0.970364
-1.072932
-1.233496
-1.170300
-0.960556
-0.827536
-0.820632
-0.947508
-1.139808
-1.078360
-0.784760
-0.777140
-0.865020
-0.764368
-0.687184
-0.747152
-0.800028
-0.845076
-0.948600
-0.896436
-0.556168
-0.060876
0.438760
0.813144
0.953960
1.006964
1.077320
1.141972
1.201348
1.292296
1.408024
1.515284
1.579740
1.545224
1.451176
1.347336
1.370752
1.480944
1.507824
1.501296
1.477748
1.408804
1.389448
1.382392
1.352412
1.324520
1.289436
1.268216
1.246088
1.206720
1.154276
1.063156
0.978956
0.908720
0.839016
0.767104
0.699196
0.626028
0.572792
0.540004
0.476956
0.388832
0.339372
0.310376
0.282496
0.265216
0.245716
0.225080
0.222596
0.235424
0.232604
0.221012
0.225328
0.240104
0.249868
0.260668
0.281536
0.312400
0.338256
0.365748
0.404020
0.458240
0.501924
0.552636
0.553832
0.516084
0.490456
0.503352
0.549544
0.585600
0.561044
0.476188
0.395920
0.284520
0.207132
0.144444
0.093808
0.057640
0.014400
-0.006428
-0.004204
-0.012632
-0.017120
-0.019560
-0.016348
-0.016308
-0.014312
-0.021276
-0.035908
-0.046548
-0.100072
-0.197652
-0.273940
-0.370536
-0.476480
-0.552328
-0.570700
-0.579036
-0.574720
-0.582984
-0.618752
-0.694844
-0.831060
-0.869536
-0.870016
-0.921136
-0.993400
-1.110360
-1.191616
-1.264140
-1.321952
-1.393996
-1.496736
-1.588316
-1.649204
-1.631880
-1.504612
-1.275076
-1.102648
-0.954804
-0.836140
-0.781144
-0.665112
-0.598124
-0.547632
-0.511400
-0.489968
-0.496564
-0.527740
-0.552468
-0.551060
-0.526292
-0.511196
-0.490960
-0.473696
-0.368060
-0.172444
-0.028216
0.084980
0.005648
-0.265928
-0.420396
-0.292344
0.012724
0.229028
0.193400
0.111552
0.073940
0.118464
0.203612
0.293464
0.349380
0.358840
0.347744
0.298816
0.263120
0.225676
0.187688
0.150796
0.113820
0.082020
0.055388
0.027180
-0.000564
-0.025648
-0.049164
-0.072708
-0.096184
-0.119092
-0.145628
-0.179392
-0.217748
-0.252584
-0.289388
-0.311228
-0.329804
-0.361536
-0.388048
-0.415792
-0.435360
-0.447620
-0.451068
-0.442452
-0.434280
-0.420220
-0.408920
-0.396364
-0.382036
-0.364040
-0.348376
-0.331156
-0.315676
-0.298700
-0.283632
-0.266820
-0.261836
-0.265228
-0.266160
-0.266704
-0.268316
-0.268928
-0.270584
-0.270968
-0.272092
-0.272088
-0.273360
-0.273204
-0.278356
-0.285880
-0.293068
-0.299136
-0.306532
-0.307400
-0.303944
-0.301840
-0.299860
-0.297468
-0.295644
-0.293460
-0.283716
-0.265184
-0.251508
-0.231856
-0.211036
-0.180252
-0.140488
-0.104164
-0.068492
-0.031700
-0.003000
0.019264
0.043968
0.067728
0.091464
0.114656
0.138208
0.147056
0.142008
0.142340
0.141476
0.127840
0.100216
0.078904
0.055068
0.033292
0.006764
-0.021608
-0.050788
-0.079488
-0.108724
-0.136940
-0.165612
-0.193120
-0.221316
-0.248556
-0.276084
-0.302672
-0.325980
-0.343928
-0.364192
-0.386160
-0.413480
-0.429912
-0.440536
-0.452776
-0.464920
-0.476520
-0.488372
-0.499936
-0.502364
-0.493844
-0.491044
-0.477964
-0.458004
-0.440468
-0.423372
-0.406972
-0.392612
-0.377748
-0.356392
-0.327688
-0.302928
-0.276440
-0.251456
-0.224752
-0.198088
-0.171428
-0.145592
-0.119096
-0.093140
-0.076568
-0.069704
-0.058084
-0.048892
-0.038560
-0.029180
-0.018784
-0.008728
0.003676
0.015540
0.030156
0.042676
0.056416
0.069116
0.082548
0.094892
0.108192
0.120052
0.133392
0.144984
0.157964
0.169460
0.181920
0.196500
0.215644
0.231772
0.249560
0.258660
0.261280
0.265588
0.270576
0.273916
0.278744
0.280036
0.280108
0.279992
0.280644
0.275136
0.265164
0.256548
0.241216
0.218680
0.204720
0.194560
0.172872
0.140680
0.113932
0.085216
0.058204
0.026616
-0.006936
-0.040108
-0.071956
-0.104964
-0.136060
-0.168600
-0.194516
-0.217036
-0.232600
-0.241540
-0.252196
-0.262776
-0.272896
-0.283200
-0.293056
-0.297996
-0.296248
-0.297696
-0.295136
-0.290364
-0.286176
-0.282604
-0.277864
-0.274488
-0.269868
-0.266244
-0.261948
-0.258564
-0.254092
-0.252900
-0.252496
-0.257096
-0.266140
-0.273788
-0.281144
-0.290232
-0.299580
-0.308868
-0.318024
-0.327352
-0.336256
-0.345364
-0.354004
-0.362804
-0.373376
-0.385368
-0.397108
-0.401224
-0.397392
-0.396596
-0.395348
-0.384020
-0.362608
-0.346092
-0.327884
-0.310148
-0.292572
-0.270076
-0.241484
-0.216024
-0.189528
-0.164208
-0.137960
-0.112996
-0.086300
-0.059732
-0.032608
-0.007284
0.017332
0.045048
0.076164
0.105316
0.134600
0.163600
0.192128
0.221028
0.237912
0.242556
0.251772
0.260120
0.256740
0.241016
0.230836
0.218860
0.200364
0.173384
0.151008
0.126560
0.103868
0.079948
0.057736
0.034180
0.012536
-0.010460
-0.031892
-0.055864
-0.079472
-0.103132
-0.124312
-0.147440
-0.159420
-0.162916
-0.168232
-0.172444
-0.176692
-0.173648
-0.162660
-0.155408
-0.147056
-0.131960
-0.109080
-0.093124
-0.078152
-0.063392
-0.047836
-0.033868
-0.019668
-0.006440
0.007816
0.020796
0.030512
0.034820
0.041924
0.047348
0.053924
0.059276
0.065944
0.071156
0.077628
0.083152
0.088816
0.092724
0.097504
0.101548
0.106660
0.110228
0.115340
0.117292
0.118240
0.119096
0.120836
0.121344
0.123156
0.123408
0.126600
0.130040
0.133916
0.136888
0.140648
0.143512
0.147496
0.150124
0.153204
0.149356
0.143360
0.137964
0.133024
0.127060
0.122544
0.116308
0.119268
0.129016
0.135576
0.143104
0.141252
0.128692
0.121560
0.112076
0.104228
0.087932
0.065520
0.045084
0.032424
0.026228
0.017940
0.010276
0.002308
0.004300
0.016960
0.024904
0.034176
0.043012
0.051012
0.056468
0.063660
0.069908
0.076180
0.082420
0.081172
0.070692
0.064988
0.056960
0.050024
0.035692
0.015536
-0.002976
-0.021172
-0.039556
-0.057384
-0.068552
-0.071380
-0.077856
-0.083056
-0.088548
-0.093624
-0.091540
-0.080356
-0.074216
-0.065048
-0.058272
-0.040992
-0.015912
0.006484
0.029504
0.053920
0.076984
0.100736
0.123556
0.146724
0.169144
0.184840
0.192500
0.203540
0.212840
0.223472
0.232536
0.242828
0.251764
0.261884
0.270772
0.281656
0.290992
0.301312
0.310176
0.320988
0.325412
0.331600
0.341668
0.350908
0.359428
0.368976
0.376952
0.386772
0.388124
0.383152
0.380104
0.377260
0.368736
0.356380
0.345544
0.328460
0.304540
0.284256
0.262528
0.241980
0.220652
0.200608
0.179480
0.159952
0.139008
0.125092
0.115232
0.104432
0.093128
0.083472
0.071764
0.073680
0.086472
0.095112
0.104192
0.113960
0.120796
0.126252
0.131940
0.137304
0.143108
0.142288
0.134068
0.128644
0.120992
0.114804
0.107552
0.101140
0.093892
0.089468
0.085220
0.081824
0.070572
0.053376
0.038796
0.024732
0.010132
-0.003568
-0.017860
-0.031468
-0.045712
-0.058764
-0.076420
-0.097288
-0.116844
-0.136280
-0.155744
-0.181032
-0.213712
-0.242604
-0.272564
-0.300296
-0.327212
-0.353444
-0.380520
-0.405092
-0.429128
-0.452060
-0.476516
-0.486592
-0.484688
-0.487400
-0.488532
-0.490160
-0.482228
-0.464124
-0.450780
-0.431252
-0.407680
-0.385824
-0.361592
-0.335012
-0.310228
-0.284516
-0.259880
-0.234824
-0.207944
-0.178648
-0.151192
-0.122752
-0.095588
-0.067940
-0.041008
-0.013824
0.012440
0.041788
0.072416
0.102652
0.131984
0.161996
0.190100
0.221784
0.256056
0.289568
0.322224
0.355348
0.380876
0.400328
0.421900
0.442636
0.463308
0.478800
0.488964
0.501144
0.512644
0.523888
0.535260
0.535956
0.526056
0.520560
0.513356
0.507236
0.500212
0.494132
0.487456
0.481280
0.474860
0.458000
0.429248
0.407008
0.373092
0.332060
0.294352
0.256960
0.218756
0.182096
0.141744
0.100264
0.059192
0.019228
-0.021456
-0.060648
-0.100932
-0.131460
-0.154608
-0.180100
-0.202372
-0.220652
-0.240764
-0.259412
-0.279288
-0.297804
-0.321788
-0.349924
-0.377100
-0.403336
-0.435196
-0.470884
-0.504868
-0.538544
-0.573108
-0.607688
-0.642136
-0.675932
-0.710084
-0.742604
-0.776000
-0.796000
-0.802900
-0.815668
-0.810260
-0.781240
-0.753088
-0.725764
-0.698168
-0.671188
-0.632576
-0.580744
-0.546780
-0.522380
-0.494044
-0.466948
-0.440660
-0.413260
-0.388652
-0.365192
-0.346772
-0.334444
-0.319656
-0.306432
-0.273044
-0.219076
-0.174804
-0.121744
-0.064080
-0.008444
0.045888
0.101732
0.138284
0.157684
0.189256
0.224680
0.257240
0.290544
0.323336
0.351588
0.374848
0.400208
0.424080
0.448868
0.469280
0.492484
0.522200
0.549444
0.576852
0.603768
0.630616
0.649940
0.661540
0.676504
0.690072
0.703756
0.717096
0.730876
0.743496
0.757056
0.769624
0.780740
0.788668
0.798952
0.796256
0.784104
0.775412
0.766612
0.753200
0.736872
0.714268
0.685028
0.641432
0.578040
0.537916
0.490512
0.420544
0.359804
0.287476
0.202808
0.145752
0.104476
0.050920
0.005144
-0.043144
-0.088660
-0.156420
-0.242796
-0.321072
-0.395796
-0.465240
-0.536204
-0.591580
-0.631120
-0.684340
-0.735948
-0.778168
-0.823136
-0.867136
-0.910392
-0.957592
-0.989560
-0.997100
-1.036424
-1.063808
-1.056788
-1.063020
-1.065396
-1.068476
-1.066720
-1.060004
-1.055208
-1.050028
-1.044592
-1.039512
-1.036296
-1.034680
-1.032976
-1.030556
-1.028988
-1.005704
-0.961536
-0.926416
-0.876956
-0.813880
-0.776544
-0.756200
-0.727428
-0.668612
-0.578424
-0.504108
-0.416784
-0.353324
-0.319864
-0.275824
-0.234128
-0.185484
-0.132148
-0.087628
-0.040072
0.005752
0.058892
0.118496
0.166800
0.205488
0.248648
0.288624
0.339172
0.397068
0.451796
0.510120
0.574288
0.621956
0.664400
0.717584
0.766500
0.815424
0.857828
0.892628
0.930168
0.966172
1.002424
1.037680
1.073400
1.107160
1.141816
1.163044
1.172640
1.186812
1.199508
1.211916
1.224336
1.226404
1.205868
1.178484
1.154428
1.129392
1.104620
1.075708
1.027520
0.968808
0.915080
0.860572
0.806324
0.759640
0.720176
0.677912
0.637400
0.598296
0.561880
0.524336
0.485236
0.428956
0.362888
0.301744
0.239964
0.178460
0.118132
0.057800
-0.001532
-0.063348
-0.126680
-0.188884
-0.250464
-0.313404
-0.377592
-0.440768
-0.502752
-0.565072
-0.610476
-0.638720
-0.674316
-0.699864
-0.719640
-0.740844
-0.762596
-0.772200
-0.772112
-0.775468
-0.774836
-0.767200
-0.759688
-0.755592
-0.758840
-0.738080
-0.700756
-0.662740
-0.636508
-0.631476
-0.618664
-0.607844
-0.596976
-0.581856
-0.556068
-0.526376
-0.498724
-0.470472
-0.448616
-0.431744
-0.413668
-0.394796
-0.378144
-0.334668
-0.266132
-0.207424
-0.145812
-0.085264
-0.026640
0.029532
0.105504
0.204980
0.242356
0.255752
0.339692
0.401768
0.393912
0.319848
0.243468
0.257256
0.330448
0.409460
0.441952
0.435304
0.432848
0.409992
0.425132
0.468428
0.499296
0.533468
0.552556
0.558368
0.573260
0.585088
0.597548
0.609672
0.615104
0.613028
0.613916
0.614060
0.614156
0.614756
0.595096
0.555836
0.528504
0.503256
0.456904
0.390996
0.334324
0.274976
0.216932
0.171784
0.133144
0.079696
0.033856
-0.015192
-0.053612
-0.086512
-0.119820
-0.154812
-0.186316
-0.220588
-0.243408
-0.259180
-0.276348
-0.294424
-0.310060
-0.327952
-0.343260
-0.361336
-0.360204
-0.344512
-0.332768
-0.319436
-0.305528
-0.293292
-0.274712
-0.253916
-0.235716
-0.217144
-0.198076
-0.186740
-0.181496
-0.167704
-0.147212
-0.130528
-0.112072
-0.099332
-0.090004
-0.079744
-0.069540
-0.060116
-0.044472
-0.022996
-0.008896
0.001460
0.006720
0.004424
0.005340
0.005336
-0.006876
-0.032324
-0.051220
-0.073320
-0.086136
-0.093320
-0.102304
-0.111544
-0.119132
-0.128476
-0.136148
-0.145144
-0.152712
-0.161484
-0.168652
-0.177916
-0.178076
-0.172952
-0.168964
-0.165868
-0.161396
-0.159072
-0.143184
-0.117352
-0.095208
-0.073236
-0.049776
-0.027824
-0.004616
0.005728
0.005680
0.009148
0.016048
0.025884
0.034828
0.043220
0.051656
0.059852
0.068180
0.076040
0.083992
0.092176
0.099888
0.107548
0.115472
0.129772
0.150812
0.168860
0.188452
0.206808
0.224304
0.239344
0.255912
0.271128
0.287100
0.295952
0.293424
0.286432
0.281916
0.276284
0.271804
0.265932
0.262860
0.254252
0.240800
0.228944
0.217216
0.204932
0.196420
0.189716
0.182904
0.175800
0.169096
0.162056
0.155880
0.148804
0.142404
0.135476
0.129544
0.117600
0.101488
0.086988
0.072392
0.057544
0.043240
0.029068
0.012812
-0.007156
-0.024792
-0.043456
-0.061472
-0.079564
-0.096760
-0.115100
-0.131892
-0.149432
-0.166392
-0.183948
-0.200056
-0.217036
-0.229272
-0.234432
-0.237072
-0.241744
-0.244864
-0.249180
-0.247500
-0.241560
-0.237096
-0.232876
-0.227552
-0.223160
-0.218380
-0.214388
-0.209260
-0.205420
-0.193200
-0.174528
-0.158476
-0.141820
-0.125176
-0.109372
-0.093120
-0.077380
-0.061076
-0.045844
-0.030372
-0.015344
0.000100
0.014556
0.029708
0.043940
0.062032
0.076532
0.084080
0.093892
0.102892
0.112020
0.116420
0.115040
0.116008
0.116604
0.116196
0.114252
0.113480
0.111960
0.111052
0.109564
0.108568
0.107012
0.106520
0.102880
0.098088
0.093348
0.093320
0.097368
0.099948
0.102392
0.101476
0.096636
0.093440
0.089612
0.085976
0.082048
0.078772
0.075056
0.071560
0.067776
0.063148
0.056588
0.050900
0.044764
0.039216
0.036608
0.037588
0.036432
0.036796
0.036144
0.036104
0.035764
0.035388
0.034396
0.034236
0.033192
0.033064
0.031996
0.031244
0.028220
0.027192
0.020932
0.011096
0.002488
-0.005620
-0.015820
-0.025864
-0.036340
-0.045964
-0.056436
-0.065628
-0.076220
-0.079312
-0.077768
-0.068332
-0.049656
-0.034672
-0.018744
-0.002120
0.013764
0.029528
0.048580
0.069280
0.087288
0.106340
0.124508
0.143172
0.160824
0.179548
0.191052
0.197064
0.205248
0.212964
0.220372
0.227952
0.237020
0.247824
0.257556
0.259064
0.251452
0.248188
0.243312
0.239256
0.226896
0.208380
0.192004
0.175468
0.158816
0.142860
0.126460
0.110684
0.095072
0.080640
0.065636
0.051088
0.036476
0.022412
0.007816
-0.006080
-0.015504
-0.019304
-0.025884
-0.031000
-0.037404
-0.035992
-0.029484
-0.024528
-0.025972
-0.032912
-0.038200
-0.040480
-0.040580
-0.040948
-0.041732
-0.037820
-0.029900
-0.023196
-0.016320
-0.009772
-0.003368
0.003284
0.009740
0.016168
0.024888
0.036580
0.046992
0.059744
0.074728
0.088936
0.102920
0.116788
0.130696
0.144052
0.158176
0.161928
0.156052
0.154620
0.151788
0.145816
0.136708
0.128928
0.120788
0.107608
0.087380
0.076472
0.070332
0.062316
0.054516
0.047456
0.039732
0.029972
0.018604
0.010116
-0.000008
-0.008744
-0.018444
-0.023604
-0.025748
-0.028732
-0.031824
-0.034548
-0.037684
-0.040152
-0.043316
-0.045484
-0.048660
-0.050968
-0.056668
-0.064564
-0.071648
-0.078404
-0.085744
-0.087908
-0.085352
-0.090488
-0.101836
-0.110088
-0.119656
-0.128612
-0.136932
-0.143252
-0.149400
-0.155140
-0.161412
-0.167084
-0.173528
-0.178664
-0.185024
-0.182336
-0.172332
-0.165080
-0.162692
-0.166252
-0.156524
-0.136624
-0.121804
-0.105136
-0.089320
-0.073076
-0.057732
-0.041600
-0.026880
-0.010816
-0.003936
-0.004776
-0.002832
0.002832
0.012168
0.020352
0.028424
0.036360
0.044388
0.052276
0.061592
0.072560
0.082504
0.092604
0.102844
0.112584
0.122528
0.132172
0.142132
0.139736
0.125180
0.115408
0.104440
0.094040
0.086180
0.081612
0.075508
0.070484
0.064472
0.059528
0.053856
0.048872
0.043272
0.038428
0.032968
0.029412
0.027124
0.024680
0.021828
0.019264
0.022772
0.033320
0.040444
0.048976
0.058344
0.070680
0.081124
0.093044
0.103160
0.120360
0.141264
0.161436
0.171184
0.173464
0.171348
0.162444
0.155528
0.148656
0.137632
0.120192
0.101728
0.084096
0.066136
0.048712
0.031072
0.014156
-0.003228
-0.019980
-0.036908
-0.050912
-0.062972
-0.075724
-0.088196
-0.100284
-0.112084
-0.122780
-0.134088
-0.144508
-0.155552
-0.165948
-0.176632
-0.186568
-0.195912
-0.194232
-0.185008
-0.178924
-0.172032
-0.165364
-0.158600
-0.152252
-0.138980
-0.119452
-0.102652
-0.085328
-0.067976
-0.052924
-0.040388
-0.027244
-0.012528
-0.008140
-0.016432
-0.018828
-0.023684
-0.027260
-0.036356
-0.049352
-0.061260
-0.072368
-0.084376
-0.095440
-0.107424
-0.118068
-0.130112
-0.133188
-0.135940
-0.147428
-0.155608
-0.164292
-0.172956
-0.181616
-0.183620
-0.178540
-0.176264
-0.173108
-0.170232
-0.167884
-0.166456
-0.164212
-0.161440
-0.157256
-0.153868
-0.149892
-0.146956
-0.140592
-0.132180
-0.124212
-0.117124
-0.109312
-0.101952
-0.093948
-0.087216
-0.079436
-0.072440
-0.064724
-0.060156
-0.056324
-0.053100
-0.040616
-0.020372
-0.003112
0.014336
0.032284
0.051676
0.074000
0.094584
0.115792
0.136356
0.157268
0.176952
0.197872
0.209224
0.213432
0.213348
0.206324
0.201692
0.192068
0.177524
0.165324
0.152688
0.137596
0.119012
0.102492
0.085040
0.068664
0.051368
0.035472
0.018228
0.008912
0.004892
-0.000096
-0.010900
-0.025092
-0.038436
-0.041344
-0.035088
-0.032616
-0.029148
-0.025668
-0.022524
-0.018876
-0.015308
-0.005120
0.010860
0.026908
0.042240
0.057912
0.072944
0.088620
0.100524
0.110800
0.120952
0.131872
0.130688
0.119228
0.111568
0.103324
0.089904
0.071532
0.059072
0.050044
0.038864
0.028928
0.018388
0.020248
0.034644
0.044756
0.056112
0.066992
0.077472
0.087476
0.097892
0.103780
0.105512
0.108788
0.112112
0.115640
0.118952
0.120060
0.119140
0.118992
0.118460
0.118096
0.119716
0.123736
0.126148
0.129416
0.132132
0.135748
0.137932
0.141356
0.135488
0.121540
0.110480
0.099272
0.087720
0.076784
0.063384
0.047664
0.032708
0.018132
0.003516
-0.010800
-0.025488
-0.034232
-0.037888
-0.045004
-0.053064
-0.060148
-0.067392
-0.074648
-0.081944
-0.088752
-0.095972
-0.102884
-0.109704
-0.116296
-0.123272
-0.129868
-0.136484
-0.141344
-0.144704
-0.149336
-0.155276
-0.159928
-0.165496
-0.170024
-0.175904
-0.166068
-0.140980
-0.122336
-0.100368
-0.074328
-0.046720
-0.020832
0.005812
0.022576
0.030196
0.040972
0.051008
0.060824
0.072880
0.082716
0.088128
0.095148
0.101500
0.108036
0.114312
0.119124
0.121636
0.125296
0.128272
0.131680
0.134732
0.138144
0.140808
0.144512
0.144472
0.145300
0.149628
0.152916
0.155832
0.159388
0.162492
0.165624
0.168704
0.172052
0.174736
0.178060
0.180788
0.183608
0.186468
0.189676
0.191784
0.195640
0.200600
0.205304
0.209684
0.214292
0.218308
0.223120
0.227016
0.231576
0.235184
0.239544
0.243172
0.247836
0.250900
0.256028
0.238208
0.199776
0.170020
0.138392
0.107164
0.080312
0.057764
0.033592
0.010640
-0.014268
-0.038972
-0.062620
-0.086112
-0.109688
-0.132572
-0.155952
-0.178396
-0.201316
-0.224136
-0.246956
-0.268792
-0.291816
-0.301912
-0.301024
-0.304612
-0.305496
-0.305224
-0.305956
-0.296632
-0.278256
-0.264024
-0.248536
-0.233628
-0.218384
-0.203672
-0.188812
-0.174508
-0.159668
-0.145416
-0.131328
-0.118076
-0.105140
-0.093324
-0.080844
-0.069200
-0.056928
-0.045636
-0.033160
-0.027428
-0.021532
-0.008224
0.002284
0.013116
0.022188
0.029688
0.036496
0.042000
0.047836
0.053600
0.059028
0.064696
0.070404
0.075936
0.077280
0.074328
0.073416
0.071384
0.070184
0.068376
0.070780
0.076508
0.080860
0.082980
0.082992
0.083592
0.083836
0.084308
0.084796
0.085004
0.085276
0.085760
0.086160
0.087496
0.090092
0.092220
0.092188
0.089992
0.088752
0.086920
0.085796
0.084004
0.082900
0.074444
0.060168
0.048160
0.035556
0.023276
0.011328
0.000528
-0.008548
-0.018084
-0.027644
-0.036844
-0.046044
-0.055300
-0.064348
-0.073140
-0.082364
-0.087428
-0.088900
-0.091860
-0.094324
-0.097000
-0.099484
-0.100672
-0.099592
-0.097648
-0.096240
-0.094732
-0.093228
-0.091800
-0.090292
-0.087952
-0.084820
-0.082520
-0.079776
-0.076956
-0.074272
-0.071612
-0.069388
-0.066440
-0.065936
-0.063188
-0.054768
-0.048872
-0.042300
-0.035960
-0.029560
-0.023244
-0.017096
-0.011324
-0.004776
0.001020
0.007192
0.012932
0.019028
0.020008
0.013384
0.006116
-0.000328
-0.006932
-0.013328
-0.019344
-0.040448
-0.050724
-0.059900
-0.069304
-0.078572
-0.087708
-0.096824
-0.105680
-0.114716
-0.115708
-0.103832
-0.090600
-0.078364
-0.066172
-0.053812
-0.041704
-0.029736
-0.017856
-0.006660
0.009188
0.027624
0.042716
0.058484
0.074464
0.082136
0.081460
0.084972
0.087088
0.089512
0.091492
0.094280
0.089764
0.079268
0.071012
0.062736
0.054132
0.046040
0.037544
0.029416
0.021296
0.013512
0.003456
-0.008432
-0.019440
-0.030468
-0.041252
-0.051860
-0.062512
-0.072896
-0.082892
-0.097284
-0.115444
-0.131740
-0.148168
-0.164648
-0.175808
-0.181480
-0.189580
-0.196164
-0.203600
-0.206440
-0.205516
-0.207008
-0.209300
-0.210780
-0.212860
-0.214516
-0.216212
-0.217612
-0.219396
-0.220772
-0.222776
-0.225008
-0.227264
-0.229120
-0.231352
-0.229832
-0.225312
-0.222096
-0.218240
-0.214804
-0.208360
-0.198840
-0.190836
-0.182188
-0.174076
-0.165896
-0.157904
-0.149796
-0.141656
-0.133976
-0.126348
-0.120044
-0.115716
-0.110704
-0.104484
-0.096924
-0.090160
-0.083304
-0.076792
-0.069892
-0.063564
-0.057212
-0.051048
-0.044524
-0.038476
-0.032332
-0.026676
-0.019036
-0.010620
-0.002620
0.004808
0.011868
0.018804
0.025796
0.032768
0.039284
0.045788
0.052304
0.058324
0.064580
0.070524
0.072468
0.064912
0.054552
0.045340
0.036052
0.026976
0.018236
0.009348
0.000920
-0.007264
-0.015552
-0.023748
-0.031388
-0.039220
-0.043912
-0.045812
-0.048628
-0.050156
-0.051112
-0.052272
-0.053368
-0.054172
-0.056528
-0.060788
-0.064084
-0.067232
-0.070656
-0.071592
-0.070304
-0.070076
-0.069548
-0.073888
-0.084220
-0.079568
-0.063692
-0.052800
-0.043248
-0.035880
-0.027724
-0.020492
-0.011760
-0.002416
0.006888
0.014812
0.022268
0.029344
0.036592
0.040176
0.041084
0.042352
0.043444
0.044088
0.044936
0.045740
0.046596
0.047292
0.050440
0.056272
0.058228
0.057900
0.058432
0.058848
0.056324
0.051428
0.047460
0.043376
0.039460
0.038176
0.039376
0.039404
0.040004
0.040368
0.040692
0.040896
0.041332
0.041656
0.039476
0.034664
0.031420
0.027572
0.026956
0.029280
0.030248
0.034120
0.041080
0.046416
0.051952
0.057276
0.062580
0.067448
0.072464
0.076852
0.081524
0.085752
0.089884
0.093824
0.096208
0.096384
0.097816
0.096884
0.094968
0.093220
0.091780
0.089692
0.088384
0.081844
0.070848
0.062036
0.052976
0.044016
0.035632
0.027312
0.019212
0.011200
0.003732
-0.003644
-0.010804
-0.017612
-0.024220
-0.030616
-0.036784
-0.042712
-0.048584
-0.053984
-0.059192
-0.061980
-0.062224
-0.063456
-0.064316
-0.065168
-0.065692
-0.066588
-0.067100
-0.067748
-0.066524
-0.063952
-0.061828
-0.059568
-0.057348
-0.054468
-0.050896
-0.047584
-0.044292
-0.041292
-0.037824
-0.034240
-0.030876
-0.027716
-0.024520
-0.021356
-0.019068
-0.016816
-0.013308
-0.010464
-0.007600
-0.004932
-0.002236
0.000272
0.002864
0.005064
0.007400
0.009440
0.011620
0.013412
0.015452
0.015276
0.014108
0.014096
0.013764
0.013424
0.013148
0.012832
0.012640
0.011452
0.009496
0.007988
0.006584
0.005060
0.003704
0.003108
0.004260
0.006040
0.007412
0.008752
0.010208
0.011432
0.012616
0.013720
0.015220
0.016912
0.018360
0.019712
0.021080
0.022252
0.023372
0.024396
0.024856
0.024800
0.024904
0.024860
0.024896
0.024772
0.025704
0.027388
0.028532
0.029712
0.029668
0.028460
0.027764
0.026992
0.026424
0.024560
0.021708
0.019476
0.016884
0.014092
0.011696
0.009792
0.008460
0.007052
0.005784
0.004552
0.003492
0.002436
0.001532
0.000612
-0.000156
-0.000924
-0.001536
-0.002128
-0.002800
-0.003612
-0.004188
-0.004768
-0.005228
-0.005668
-0.005948
-0.006164
-0.006176
-0.006272
-0.005248
-0.003456
-0.002052
-0.000652
0.000684
0.001680
0.002456
0.003416
0.004420
0.005312
0.006180
0.006976
0.007752
0.008464
0.009120
0.009732
0.010168
0.010420
0.010740
0.010992
0.011256
0.011476
0.011704
0.011952
0.012252
0.012484
0.012744
0.012968
0.013192
0.013348
0.013560
0.013304
0.012712
0.012340
0.011968
0.011772
0.011608
0.011288
0.011100
0.010928
0.010980
0.011184
0.011352
0.011532
0.011720
0.011916
0.012120
0.012420
0.012932
0.013436
0.013880
0.014284
0.014660
0.015000
0.015320
0.015592
0.015852
0.016072
0.016280
0.016416
0.016460
0.016468
0.016504
0.016524
0.016556
0.016576
0.016640
0.016728
0.016792
0.016860
0.016932
0.016984
0.017032
0.017068
0.017100
0.017120
0.017140
0.017152
0.017156
0.017156
0.017128
0.017068
0.017032
0.016976
0.016912
0.016868
0.016832
0.016804
0.016792
0.016776
0.016776
0.016776
0.016780
0.016788
0.016800
0.016808
0.016824
0.016836
0.016848
0.016860
0.016876
0.016888
0.016896
0.016900
0.016900
0.016896
0.016892
0.016884
0.016872
0.016848
0.016824
0.016788
0.016752
0.016708
0.016660
0.016608
0.016548
0.016488
0.016424
0.016352
0.016280
0.016204
0.016128
0.016044
0.015960
0.015868
0.015780
0.015684
0.015584
0.015484
0.015380
0.015276
0.015164
0.015052
0.014936
0.014816
0.014696
0.014572
