0.000000
0.008416
0.010028
0.001880
-0.004716
-0.005172
-0.000852
0.003216
0.001788
0.003460
0.000292
-0.006688
-0.002956
0.002360
0.005012
-0.006248
-0.015348
-0.005504
0.005504
0.003120
-0.001708
-0.003584
-0.003516
-0.005636
-0.003136
0.002732
0.006608
0.007360
0.003268
0.003608
0.002664
-0.010012
-0.016688
0.001412
0.006144
0.005564
-0.001724
0.001096
0.007516
-0.009124
-0.005404
0.008440
0.001780
-0.000572
0.009080
0.014940
0.002232
-0.014476
-0.001920
0.015448
0.008732
0.002852
0.014576
0.002744
-0.013216
-0.005820
0.000720
0.007572
0.011420
-0.003688
0.003888
0.007800
-0.008580
-0.005376
0.004420
0.005892
-0.004576
0.010624
0.019868
0.004272
0.012316
0.009596
-0.011220
-0.008068
-0.002392
0.006176
0.004564
-0.004156
0.014256
0.011604
0.003776
0.008236
0.006852
0.000000
-0.007444
0.007212
0.004968
-0.002644
-0.007976
-0.007812
-0.005364
-0.003520
0.034112
0.045616
0.003168
-0.017428
-0.006764
0.009532
-0.004304
-0.013996
0.029576
0.022448
-0.030868
-0.024300
0.026696
0.005848
-0.024212
0.015332
0.037544
0.004108
-0.016700
0.027056
0.039040
0.000464
-0.015684
0.003592
0.015924
0.000872
-0.008776
0.003944
-0.004100
-0.015520
-0.009220
0.001576
0.018520
-0.012352
-0.036452
-0.027324
-0.019124
-0.013748
-0.003472
-0.017400
-0.017920
0.025192
0.022564
-0.016472
-0.032224
0.000060
0.010676
-0.000496
-0.001980
-0.000668
-0.028224
-0.061920
-0.012140
0.012432
-0.049232
-0.063204
-0.004980
0.038548
0.033524
0.026624
-0.020308
-0.060300
-0.018596
0.038552
0.058360
0.039156
-0.010288
-0.044940
0.001100
0.028996
0.028528
0.010220
-0.010464
-0.023616
-0.005156
0.019756
-0.006180
-0.043132
-0.039828
-0.019616
0.000812
0.053660
0.012992
-0.042300
-0.035204
0.004812
0.033812
0.008336
-0.003440
-0.006468
0.002104
0.011476
0.018012
0.031824
-0.031524
-0.039856
0.005832
0.010944
-0.024288
-0.024948
0.031484
0.009672
-0.003840
-0.017128
0.008172
0.036488
0.032616
0.060900
0.033788
-0.026648
-0.052596
-0.027944
0.040144
0.024116
0.010132
0.029316
0.000728
-0.006632
0.029668
0.028544
-0.024864
-0.030088
-0.021292
-0.051848
-0.080988
-0.066400
-0.010420
0.019132
0.011108
0.024800
0.034944
0.014528
-0.008508
0.020524
0.029548
-0.026248
-0.050720
-0.020744
0.003996
0.023092
0.009176
-0.034144
-0.062140
-0.011372
0.059784
0.019008
-0.020560
-0.030876
-0.010128
-0.008812
-0.015000
0.013824
0.009616
0.024664
0.003304
0.015900
0.015960
-0.024148
-0.004172
0.004556
-0.022788
-0.010344
0.044152
0.022992
0.004472
0.000336
-0.017376
0.024116
0.056676
0.024608
-0.034492
-0.044936
-0.013860
0.004644
0.002908
-0.008124
0.016080
0.034576
0.025880
-0.003488
0.009952
0.009548
-0.016036
-0.002168
-0.008640
0.001248
0.001144
-0.003836
0.002964
0.003008
-0.024220
-0.043712
0.004344
0.093072
0.096948
0.007600
-0.015280
-0.039768
-0.046720
0.041164
0.041664
-0.018688
-0.047228
-0.026884
0.023316
0.028368
-0.025100
-0.041688
-0.035812
-0.047976
-0.003752
0.029544
-0.024364
-0.036648
0.015272
0.046380
0.019140
-0.000596
-0.000424
-0.021984
0.018304
0.042488
0.050392
-0.003956
-0.029604
-0.016680
-0.019308
0.001364
-0.013188
0.024332
0.012904
-0.049616
-0.060132
-0.030944
-0.020196
0.015068
0.026488
0.013652
-0.030048
-0.045000
0.005524
-0.004288
-0.023876
-0.049716
-0.020304
0.020572
0.013540
-0.044444
-0.011916
0.030676
-0.011164
-0.050024
-0.047580
-0.023636
0.020064
0.040692
0.002064
-0.012688
0.021008
0.064180
0.021856
0.010512
0.067044
0.071744
-0.023688
-0.086500
-0.004260
0.052664
0.003280
-0.010760
0.019380
0.029584
-0.042156
-0.023980
0.075532
0.084036
-0.016012
-0.054272
0.028104
0.042004
-0.006240
-0.002672
0.048500
0.028192
0.028176
0.054532
0.017200
-0.017472
0.046760
0.036320
0.017340
0.004736
-0.032976
0.002964
-0.001900
0.012244
-0.038532
-0.050004
0.037944
0.051620
-0.040848
-0.038452
-0.031576
-0.066940
-0.027812
0.018740
0.036008
-0.074752
-0.094472
0.001240
0.100772
0.084632
0.031500
0.020832
-0.047860
-0.032632
0.083280
0.148792
0.045460
-0.050852
-0.006888
0.006308
-0.028260
-0.014836
0.001000
-0.009424
-0.016452
0.053136
-0.001184
-0.049220
0.002388
0.032872
0.085096
0.039348
-0.014856
-0.066596
-0.056820
-0.033776
-0.010120
-0.002012
-0.066876
-0.088696
-0.040804
0.032316
0.026252
-0.032932
-0.016920
0.060276
0.096808
0.108752
0.069796
0.061676
0.002992
-0.026600
0.076868
0.047164
-0.037204
-0.043320
0.042840
0.012596
-0.018356
0.034164
0.033056
-0.016488
-0.061412
-0.044496
0.023544
0.083752
0.012304
-0.077152
-0.078924
-0.007688
0.024200
0.024088
-0.005768
-0.007436
-0.014844
-0.016912
-0.003044
0.043284
0.036320
0.013100
-0.023548
-0.019336
-0.000460
-0.014636
-0.070352
-0.090116
0.039284
0.079200
0.038216
-0.025564
-0.037116
-0.069460
-0.109032
-0.070936
-0.000916
0.014860
0.024724
0.046892
0.016628
0.021884
0.060688
0.069596
0.057620
0.037508
0.018036
-0.027832
-0.024640
-0.033960
-0.046980
-0.042076
-0.018600
-0.011012
-0.084480
-0.097672
-0.095868
-0.026872
0.093556
0.047176
-0.044356
0.052620
0.145292
0.170748
0.061192
-0.084204
-0.144252
-0.222744
-0.239984
-0.184016
-0.048580
0.000144
-0.035688
0.005852
0.068728
-0.052576
-0.163396
-0.069924
0.081324
0.084056
0.059988
0.087160
-0.000356
-0.103776
-0.138984
-0.140248
-0.097384
-0.052764
-0.036388
-0.014228
0.012212
-0.083640
-0.074088
0.013328
-0.017056
-0.008120
-0.001972
0.006228
-0.111284
-0.107568
0.005700
0.104004
0.128568
0.096296
0.019476
-0.001924
0.011284
-0.008840
0.109056
0.140848
0.098556
0.050172
0.026800
-0.013128
-0.070772
-0.138884
-0.148920
-0.049796
0.026304
0.010332
-0.081380
-0.095328
0.009944
-0.030796
-0.089988
0.032212
0.134796
0.146884
0.120452
0.124420
0.079700
0.058604
-0.014780
-0.014192
0.078980
0.015200
-0.056884
-0.065148
-0.008064
0.015552
0.032104
0.069692
-0.046552
-0.083996
-0.030892
-0.016460
0.041396
0.007732
-0.007416
0.093912
0.096828
0.074880
0.148808
0.127432
0.079376
0.065016
0.114012
-0.003968
-0.196984
-0.294852
-0.340036
-0.329504
-0.376444
-0.273084
-0.043184
0.188232
0.318500
0.245856
0.102068
0.059696
0.096108
0.094104
0.099804
0.181676
0.135736
0.061828
0.050656
0.022008
0.047192
-0.049588
-0.105372
-0.049240
-0.015692
0.024352
-0.001724
-0.063040
-0.131028
-0.162936
-0.094412
-0.040228
0.017936
0.048828
-0.014324
-0.038464
-0.064508
-0.056948
-0.016404
0.067296
0.179144
0.247416
0.298480
0.273548
0.225072
0.218820
0.154112
0.067440
0.024232
0.015396
0.008204
0.028048
0.096188
0.139460
0.181240
0.177332
0.004284
-0.155408
-0.237784
-0.275256
-0.132232
-0.026272
0.005956
-0.050144
-0.093592
-0.052116
-0.082196
-0.133768
-0.136944
0.015692
0.138344
0.126252
0.053292
-0.054224
-0.221064
-0.351368
-0.303544
-0.293340
-0.208756
-0.082656
-0.058328
-0.084512
-0.079432
0.107816
0.174028
0.106872
0.045808
0.057508
0.097836
0.075908
0.124672
0.148256
0.100664
0.080116
0.021424
-0.019500
0.056032
0.207068
0.280524
0.168364
-0.023440
-0.255904
-0.456376
-0.593792
-0.514644
-0.167016
0.107956
0.105800
-0.005176
-0.048936
0.021468
0.167436
0.247204
0.216600
0.212180
0.301592
0.398020
0.410856
0.336032
0.196384
0.156380
0.264572
0.267284
0.066032
-0.177524
-0.233528
-0.166128
-0.123200
-0.187532
-0.391516
-0.632644
-0.738752
-0.660312
-0.572300
-0.460560
-0.306348
-0.128104
0.081208
0.227504
0.302328
0.395836
0.559240
0.661912
0.583164
0.315480
-0.030784
-0.338648
-0.490652
-0.314828
-0.016908
0.117484
0.082804
-0.052088
-0.098104
-0.004956
0.151708
0.296360
0.305488
0.284172
0.271704
0.213192
0.132164
0.064012
0.004344
-0.090064
-0.084232
0.029800
0.031184
-0.014564
-0.052944
-0.081224
-0.047024
-0.041496
-0.104664
-0.163264
-0.223436
-0.318240
-0.334320
-0.302008
-0.190332
0.045268
0.246076
0.266504
0.192896
0.185144
0.274152
0.303592
0.242536
0.145476
0.045832
-0.069048
-0.210544
-0.235612
-0.091892
0.192764
0.378628
0.438316
0.460416
0.409116
0.341932
0.125968
-0.197064
-0.434200
-0.611648
-0.682776
-0.547948
-0.289188
-0.126144
-0.087556
-0.049052
-0.055100
-0.157668
-0.249484
-0.272556
-0.226000
-0.063016
0.082924
0.134200
0.183428
0.233484
0.252164
0.174548
0.060156
-0.054344
-0.232580
-0.365760
-0.397588
-0.390924
-0.350412
-0.269888
-0.251220
-0.268928
-0.283640
-0.255240
-0.123380
0.053192
0.187008
0.200008
0.171924
0.136952
0.085764
0.109552
0.186236
0.222580
0.272744
0.301080
0.200592
0.148040
0.172624
0.117636
0.072580
0.028840
0.073788
0.163332
0.194636
0.223840
0.257700
0.297560
0.295584
0.231732
0.045960
-0.097892
-0.140704
-0.068792
0.115604
0.240160
0.327504
0.328964
0.264776
0.157260
0.035420
-0.047388
-0.152508
-0.199244
-0.181136
-0.099760
0.046416
0.145228
0.225980
0.272176
0.223100
0.160968
0.153640
0.120376
-0.015336
-0.182784
-0.279896
-0.284680
-0.194356
-0.087564
-0.049440
-0.049560
-0.064920
-0.069484
-0.084028
-0.030264
0.077980
0.126552
0.046272
-0.106900
-0.167328
-0.214500
-0.227988
-0.227208
-0.280960
-0.287560
-0.244940
-0.157400
-0.110632
-0.130872
-0.123960
-0.113968
-0.059608
-0.022440
-0.065424
-0.075684
-0.002460
0.088416
0.070664
-0.044784
-0.148268
-0.136724
-0.008784
0.084364
0.079624
0.017172
0.028608
0.147416
0.259292
0.338932
0.358792
0.323124
0.262836
0.219856
0.217984
0.281124
0.299336
0.265380
0.257372
0.187088
0.147244
0.118876
0.073092
0.032696
-0.009992
0.022840
0.026108
-0.003612
-0.011476
0.025536
-0.002708
-0.102180
-0.122672
-0.081056
0.004764
0.086336
0.085596
0.008300
-0.082932
-0.152032
-0.223356
-0.282932
-0.248324
-0.220308
-0.239360
-0.196900
-0.088388
-0.026564
-0.060336
-0.129364
-0.198648
-0.213052
-0.192172
-0.140212
-0.013608
0.107032
0.211480
0.304032
0.315040
0.294868
0.245080
0.110512
-0.053092
-0.135648
-0.115492
-0.044148
0.034396
-0.006424
-0.068528
-0.049368
-0.056120
-0.028408
-0.010568
-0.081036
-0.165112
-0.251288
-0.344656
-0.391936
-0.322352
-0.177004
-0.064328
-0.030644
-0.094204
-0.178256
-0.207088
-0.193376
-0.153788
-0.099048
-0.051340
0.026432
0.115764
0.146508
0.015816
-0.083892
-0.017384
0.020888
-0.030892
-0.054036
0.036668
0.079052
0.046016
-0.010544
-0.093176
-0.125748
-0.033852
0.054008
0.084900
0.040976
-0.007056
0.079712
0.123324
0.032344
-0.107948
-0.166320
-0.130208
-0.074128
-0.045520
-0.050252
-0.015964
0.063064
0.150588
0.208608
0.209456
0.205696
0.223000
0.145232
0.037896
-0.027520
-0.087468
-0.119368
-0.180904
-0.288204
-0.352364
-0.302572
-0.234428
-0.189800
-0.141652
-0.081496
0.005288
0.086360
0.123604
0.102740
0.081228
0.095728
0.048460
-0.046240
-0.089392
-0.096068
-0.064308
-0.028040
0.050504
0.121284
0.151760
0.216952
0.243716
0.198348
0.138324
0.107456
0.119848
0.093764
0.085680
0.132720
0.152436
0.107556
0.058208
0.010448
-0.053384
-0.023144
0.028860
0.047100
0.041440
0.040920
0.059396
0.078144
0.088516
0.093432
0.093088
0.024852
-0.050944
-0.024796
-0.002500
-0.050580
-0.122356
-0.088964
0.069652
0.149024
0.140064
0.094500
0.034392
-0.023776
-0.038404
-0.006052
0.045228
0.146736
0.196748
0.152924
0.122052
0.143332
0.083244
0.002864
-0.000416
0.001644
-0.023532
-0.029084
0.066616
0.130044
0.090804
0.041800
0.006868
-0.016648
-0.037432
-0.021460
-0.041076
-0.070684
0.000064
0.016644
-0.040060
-0.081124
-0.084700
-0.056000
-0.048792
-0.027904
-0.017988
-0.038516
-0.082036
-0.029188
0.116660
0.156560
0.026044
-0.168320
-0.256600
-0.214860
-0.128044
-0.109440
-0.047628
-0.000176
-0.052188
0.018908
0.155156
0.128400
0.008060
-0.064872
0.026460
0.131600
0.089120
0.175224
0.278164
0.227524
0.151392
0.162652
0.037504
-0.116564
-0.071072
-0.168800
-0.305316
-0.180608
-0.038680
-0.069832
-0.070384
0.054268
-0.031104
-0.159044
-0.042364
-0.033548
-0.139992
-0.167568
-0.187136
-0.186360
-0.185120
-0.241612
-0.281276
-0.294312
-0.196452
-0.102464
-0.149028
-0.194120
-0.209924
-0.175684
-0.094080
-0.050920
-0.026612
-0.044864
-0.068388
0.007308
0.152160
0.222396
0.178052
0.116940
0.081900
0.057748
-0.011096
-0.054028
0.020624
0.142352
0.212268
0.182828
0.172488
0.243072
0.269472
0.226712
0.117876
0.034032
0.010744
-0.033168
-0.066884
-0.054144
-0.047116
-0.042788
-0.007192
0.028560
0.071336
0.040792
-0.003392
-0.010784
-0.053732
-0.081724
-0.072216
-0.029216
0.021544
0.075532
0.148888
0.191288
0.152416
0.122512
0.111456
0.119376
0.181604
0.191268
0.158352
0.178292
0.189656
0.085624
0.022856
0.009700
-0.027996
0.014560
0.034472
-0.015580
-0.052504
0.004996
0.117556
0.121752
0.063772
0.020204
-0.007008
-0.047596
-0.091900
-0.092996
-0.077664
-0.031356
0.029836
0.010860
0.006988
0.045680
0.029632
-0.013388
-0.017816
0.002536
-0.014248
-0.034864
-0.039116
-0.025348
0.020552
0.056364
0.035156
-0.001568
-0.004828
-0.019092
-0.074296
-0.102192
-0.084156
-0.038844
-0.031980
-0.059928
-0.031492
0.006088
0.028472
0.057848
0.057744
0.050924
0.077540
0.154640
0.198012
0.184476
0.142520
0.084060
0.042228
-0.021680
-0.067564
-0.047116
-0.002388
-0.003180
-0.029296
-0.046556
-0.100036
-0.170588
-0.180320
-0.149708
-0.157636
-0.223364
-0.288236
-0.329356
-0.320924
-0.269032
-0.270084
-0.309708
-0.311104
-0.253984
-0.189212
-0.170012
-0.195536
-0.196048
-0.184324
-0.140264
-0.110732
-0.109180
-0.118420
-0.138708
-0.130304
-0.124424
-0.105416
-0.056404
0.007420
0.057468
0.053644
-0.014228
-0.080420
-0.050952
0.004804
0.013560
0.032884
0.040668
0.044340
0.024240
0.012420
0.031964
0.024980
0.009532
0.004232
0.035984
0.097724
0.126852
0.160040
0.182892
0.177624
0.180120
0.182776
0.238236
0.291340
0.280676
0.260956
0.270232
0.239904
0.223492
0.197040
0.124248
0.090544
0.097572
0.150088
0.213488
0.261392
0.267120
0.241300
0.216960
0.232940
0.200316
0.115144
0.052376
-0.037160
-0.073288
0.003596
0.055948
0.028692
-0.008728
-0.018360
-0.009076
-0.013316
-0.012868
-0.023172
-0.013716
0.025604
0.060112
0.091456
0.079580
-0.030228
-0.140456
-0.128048
-0.105124
-0.107488
-0.120004
-0.151200
-0.166052
-0.169248
-0.167172
-0.162024
-0.125716
-0.056532
-0.041576
-0.064748
-0.076480
-0.090272
-0.075548
-0.070424
-0.098048
-0.106588
-0.096512
-0.061588
0.003360
0.043388
0.030032
-0.013224
-0.063504
-0.074476
-0.038576
-0.003540
0.004252
-0.045128
-0.082480
-0.124432
-0.162444
-0.076060
-0.031836
-0.062252
-0.129304
-0.120188
-0.025164
-0.019912
-0.062732
-0.156324
-0.167200
-0.035720
0.097060
0.109252
0.063704
0.069512
0.153884
0.255356
0.260304
0.182816
0.042800
-0.151132
-0.332136
-0.377360
-0.290480
-0.133152
0.131828
0.288288
0.305200
0.259368
0.216620
0.206156
0.103996
-0.051556
-0.010040
0.136200
0.088880
-0.012408
-0.082640
-0.063764
-0.032008
0.060480
0.038080
-0.109788
-0.148304
-0.218688
-0.254780
-0.174028
0.003476
0.109700
0.108784
0.065612
-0.011388
0.052600
0.167172
0.201340
0.047432
-0.215708
-0.233656
-0.111728
0.045620
0.121116
0.072788
0.004100
0.063664
0.189424
0.283160
0.324868
0.265860
0.144984
0.064364
0.046620
0.037900
0.036940
-0.013888
-0.029076
-0.012220
0.003884
-0.009196
-0.005152
-0.023536
-0.044172
0.030632
0.103888
0.164248
0.175164
0.118060
-0.008388
-0.103820
-0.130992
-0.129808
-0.155200
-0.147420
-0.047872
0.069368
0.091472
0.039124
0.011628
-0.050136
-0.021000
0.090804
0.123512
0.034316
-0.078244
-0.168932
-0.214060
-0.159676
-0.077168
-0.040092
-0.078052
-0.084968
-0.053440
-0.089488
-0.161424
-0.171836
-0.130396
-0.132164
-0.130368
-0.099620
-0.084044
-0.070508
-0.022156
0.047816
0.090380
0.082296
0.042124
0.011580
0.001784
0.012280
0.000052
-0.000524
0.033068
0.035460
0.008864
0.023592
0.065760
0.072692
0.061500
0.055852
0.067656
0.112428
0.167092
0.169984
0.159988
0.129044
0.060280
-0.005520
-0.045444
-0.026592
0.011588
0.005968
-0.024180
-0.040024
-0.024244
0.016844
0.009824
-0.035524
-0.032256
0.000684
0.013728
0.002984
-0.036356
-0.064476
0.001372
0.078792
0.020368
-0.056128
-0.091032
-0.035132
0.044992
0.048244
0.030856
0.008204
0.000936
-0.005700
0.019728
0.048612
0.068528
0.056772
0.012220
-0.032876
-0.023376
-0.011508
-0.100176
-0.196340
-0.213416
-0.128136
0.014468
0.080092
0.037124
0.040560
0.057372
0.070724
0.083676
0.064136
0.040024
0.055956
0.106108
0.102240
0.070816
0.058560
0.037900
-0.015752
-0.047632
-0.086916
-0.106804
-0.065368
-0.040016
-0.032292
-0.017144
-0.026092
-0.025020
0.025192
0.084892
0.087116
0.046272
0.019184
-0.062884
-0.100048
-0.055392
-0.022752
-0.024088
-0.028236
-0.023960
0.009700
0.016076
-0.026712
-0.005360
0.031848
0.011140
-0.036956
-0.002960
0.047896
0.035068
0.013444
0.017572
0.009592
-0.057416
-0.100008
-0.093348
-0.067836
-0.078168
-0.128808
-0.166444
-0.140972
-0.055616
0.014544
0.033804
-0.001232
-0.013112
-0.011484
-0.013596
-0.015616
-0.070492
-0.130188
-0.152140
-0.160372
-0.165344
-0.135776
-0.052192
-0.022328
-0.010016
0.016968
0.005652
-0.004680
-0.000400
0.006960
0.041824
0.073080
0.038480
-0.013460
-0.001992
0.026964
0.017016
0.012992
0.015216
0.001136
-0.023000
-0.021784
-0.008724
-0.004764
0.030428
0.087632
0.116792
0.084024
0.068468
0.078580
0.077660
0.073540
0.080000
0.101936
0.100812
0.110528
0.124000
0.124148
0.121824
0.142632
0.166404
0.169416
0.140092
0.127192
0.131656
0.114080
0.092576
0.083892
0.081932
0.043804
-0.008392
-0.027472
-0.023536
-0.021516
0.001896
0.008260
-0.008696
0.008732
0.029660
0.014360
-0.000344
0.004420
-0.003776
-0.009956
0.000752
-0.012432
-0.067328
-0.090428
-0.060404
-0.041552
-0.033300
-0.019336
-0.030512
-0.038632
-0.019772
-0.012800
-0.034456
-0.039020
-0.005308
0.021128
0.002200
-0.007756
-0.003008
-0.000084
0.001676
0.005744
0.023172
0.023732
0.000356
-0.035108
-0.062080
-0.072064
-0.078164
-0.098020
-0.120084
-0.125516
-0.123872
-0.133780
-0.114028
-0.083356
-0.048132
-0.031116
-0.033196
-0.046060
-0.032640
0.027744
0.051692
0.045140
0.043280
0.034332
0.015508
0.007152
-0.006596
-0.005372
-0.004924
-0.041672
-0.080580
-0.087752
-0.067720
-0.078564
-0.094660
-0.090788
-0.111788
-0.126468
-0.120224
-0.108568
-0.096988
-0.084628
-0.058580
-0.041024
-0.039936
-0.027456
-0.022660
-0.028308
-0.019272
-0.000904
0.025888
0.051736
0.070336
0.074776
0.075244
0.075132
0.075768
0.083372
0.069492
0.051844
0.037552
0.021580
0.033380
0.051144
0.036752
0.033644
0.040068
0.056660
0.105068
0.093320
0.035496
0.045012
0.075904
0.072152
0.076420
0.083804
0.074604
0.070628
0.067476
0.042896
0.004916
-0.015728
-0.005804
-0.006788
0.005472
0.025348
0.008392
-0.022868
-0.024892
0.003376
0.014088
0.005768
0.010880
0.018356
-0.005776
-0.012992
0.005728
0.019608
0.002376
-0.026416
-0.035688
-0.045904
-0.040888
-0.042508
-0.052248
-0.043840
-0.050368
-0.058892
-0.051252
-0.047472
-0.041728
-0.031140
0.002168
0.012608
-0.006924
-0.001100
0.024360
0.014668
-0.015860
-0.040280
-0.045584
-0.023060
-0.008968
-0.018900
-0.019968
-0.006516
-0.001712
0.010188
-0.002084
-0.014576
-0.014652
-0.011232
-0.001624
-0.010548
-0.003212
0.013744
0.002284
0.010104
0.039192
0.027880
0.001380
0.000232
0.021312
0.028916
0.027624
0.029624
0.036956
0.053748
0.050480
0.059160
0.060608
0.070364
0.084936
0.080532
0.085308
0.089744
0.076736
0.040660
0.037436
0.055124
0.074220
0.086840
0.082476
0.074644
0.060800
0.046428
0.038352
0.014352
-0.021268
-0.040108
-0.023888
-0.018464
-0.029916
-0.016748
-0.014372
-0.021428
-0.033644
-0.031576
-0.013796
-0.024716
-0.047008
-0.054484
-0.053932
-0.055228
-0.053016
-0.064252
-0.091528
-0.087188
-0.078344
-0.087408
-0.090932
-0.077816
-0.078964
-0.088244
-0.077252
-0.042576
-0.012056
-0.009324
-0.013948
-0.005644
0.015204
0.000924
-0.022580
-0.026520
-0.027488
-0.034132
-0.038492
-0.032980
-0.025368
-0.015352
0.002344
0.000308
-0.010960
0.005864
0.023672
0.022464
0.012448
0.001852
0.008464
0.016608
0.020176
0.021220
0.018656
0.029028
0.044100
0.049164
0.030736
0.017568
0.015260
0.033156
0.051176
0.043552
0.036488
0.042576
0.048580
0.040616
0.041048
0.041592
0.034136
0.013280
0.008304
0.034600
0.055804
0.065228
0.049920
0.033308
0.029028
0.015948
0.006084
-0.000252
0.002796
-0.000756
-0.007860
0.004568
0.008320
0.000100
-0.016312
-0.022056
-0.011796
-0.002728
0.005616
0.003944
0.003148
0.009084
-0.001296
-0.007456
-0.005812
-0.005420
-0.003660
-0.007896
-0.007628
-0.008932
-0.018256
-0.036440
-0.042784
-0.042548
-0.043068
-0.045216
-0.054304
-0.056196
-0.055884
-0.054568
-0.050176
-0.038872
-0.027752
-0.012960
-0.002148
0.000308
-0.003992
-0.019052
-0.016508
-0.003788
-0.002752
-0.006092
-0.001876
0.008468
0.005520
0.000652
-0.005628
-0.007716
0.003908
0.015416
0.020504
0.015604
0.008328
0.002228
0.003688
0.007760
0.002380
-0.000056
0.002360
0.000424
-0.002784
-0.002760
-0.007828
-0.015752
-0.014840
-0.013048
-0.008660
-0.003664
-0.002492
-0.004692
-0.003668
0.002144
0.008828
0.007836
-0.000660
-0.001124
-0.003248
-0.002784
0.000672
0.002536
0.001740
0.001908
0.006820
0.011476
0.012800
0.009704
0.006476
0.005108
0.005336
0.006340
0.007744
0.005472
0.002348
0.002608
0.004348
0.004804
0.004572
0.005888
0.007676
0.006728
0.005808
0.007196
0.009120
0.010572
0.010516
0.009268
0.007640
0.007340
0.006112
0.004040
0.004172
0.004596
0.004344
0.003404
0.002432
0.002956
0.003328
0.002728
0.001392
-0.000436
-0.000612
-0.000512
-0.001084
-0.001984
-0.002828
-0.002612
-0.002096
-0.001256
-0.001096
-0.001956
-0.002032
-0.001792
-0.001968
-0.002068
-0.002020
-0.001736
-0.001116
-0.000836
-0.000936
-0.001004
-0.001068
-0.001100
-0.001124
-0.001040
-0.000960
-0.000964
-0.000924
-0.000860
-0.000732
-0.000576
-0.000420
-0.000240
-0.000072
0.000076
0.000196
0.000288
