0.000000
-0.023448
-0.015416
-0.009812
-0.009788
-0.028812
-0.046180
-0.043516
-0.022216
0.001264
0.037708
0.022852
-0.031520
-0.025216
0.006192
0.022796
0.012556
0.007448
0.008080
-0.024676
-0.035684
0.038376
0.055888
-0.018372
-0.062140
-0.067792
0.014168
0.026756
0.018700
0.071360
0.092824
0.019736
-0.032620
-0.028692
-0.068772
-0.037508
0.016784
0.032060
0.030256
-0.083828
-0.198552
-0.053652
0.121748
0.058400
-0.081820
-0.059052
0.029972
0.026576
0.074108
0.125560
-0.003636
-0.082628
-0.052684
-0.064100
-0.083932
-0.018504
0.020280
-0.013440
0.006512
0.036860
-0.065896
-0.093796
-0.137888
-0.054084
0.159232
0.061584
-0.074792
-0.085244
-0.067096
-0.125524
-0.182476
-0.194464
-0.111568
-0.071024
-0.001044
0.172076
0.148148
0.058624
-0.091876
-0.113576
-0.178052
-0.102628
-0.002136
-0.135616
-0.201468
-0.121100
-0.008080
-0.099272
-0.044884
0.006260
0.068816
0.071700
0.064208
-0.063872
-0.017972
0.035644
0.006964
0.178300
0.166200
0.020140
-0.132684
-0.066048
0.085192
0.069460
-0.059704
-0.157928
-0.131100
-0.062328
-0.077112
-0.152964
-0.118656
0.112128
-0.009264
-0.213976
-0.087564
0.132488
0.032916
-0.325612
-0.419348
-0.089156
0.098172
0.089764
0.192176
0.204992
-0.101700
-0.349680
-0.352504
-0.057156
0.126540
0.073948
0.143740
0.139576
0.033072
-0.065664
-0.047760
-0.140432
-0.045552
0.243412
0.269128
0.000676
-0.012104
0.008032
0.016316
-0.011460
-0.031404
-0.068468
-0.215756
-0.223924
-0.123480
-0.104752
-0.230240
-0.033024
0.047700
-0.098080
-0.097704
0.062396
0.071112
0.107068
0.177856
0.157916
0.093644
0.110988
0.300948
0.476256
0.662488
0.840828
0.964388
0.996792
1.020248
1.021512
1.001732
0.994644
1.013480
1.041448
1.029488
1.022116
1.020880
1.001860
1.081316
1.281700
1.474124
1.583100
1.685680
1.867644
2.038884
1.852884
0.998136
0.014624
-0.722380
-1.223988
-1.496492
-1.756864
-1.786332
-1.580272
-1.419476
-1.149344
-1.455888
-0.811608
1.007272
1.459116
1.261436
0.896860
0.460976
-0.213240
-1.101032
-1.843220
-2.141088
-2.151976
-2.591644
-2.930424
-2.793288
-2.073452
-1.579168
-1.526444
-1.341128
-1.126860
-1.024364
-0.955732
-0.248984
0.539520
0.751624
0.398840
-0.346124
-0.787312
-0.877124
-0.812700
-0.852044
-0.595404
0.017524
0.463272
0.548220
0.485456
0.467848
0.500820
0.605872
0.538740
-0.050276
-0.641368
-0.803428
-0.692804
-0.311136
-0.151532
-0.246192
-0.115196
0.077060
0.147968
0.170968
0.216676
0.403128
0.615892
0.730024
0.687112
0.463280
0.137768
-0.230808
-0.336124
-0.203592
0.005180
0.182688
0.310660
0.435880
0.550540
0.729660
0.744460
0.765936
0.718600
0.427204
0.191396
0.080808
0.027504
-0.060440
-0.349428
-0.319128
0.131288
0.416420
0.546692
0.708440
0.950212
0.592096
0.069176
-0.081088
-0.038528
0.223312
0.498464
0.697652
0.569636
0.367140
0.178348
0.001812
-0.211828
-0.228120
-0.078252
-0.018752
-0.019228
-0.068384
0.001028
0.001736
-0.008088
0.083340
0.275740
0.345124
0.303688
0.356524
0.508556
0.651668
0.739568
0.798288
0.796340
0.740868
0.511780
0.094580
-0.255300
-0.425788
-0.315164
-0.022620
0.203532
0.412544
0.579732
0.747544
0.847760
0.916056
0.902092
0.735608
0.434204
0.037840
-0.304580
-0.571688
-0.692660
-0.759392
-0.792948
-0.814708
-0.757972
-0.586576
-0.303612
0.067668
0.338884
0.144928
-0.373188
-0.763136
-0.960096
-1.019612
-1.016300
-0.857748
-0.551444
-0.241348
-0.078028
-0.084480
-0.240476
-0.412448
-0.623520
-0.819588
-0.886400
-0.823516
-0.605736
-0.411024
-0.372460
-0.430060
-0.509152
-0.540120
-0.564296
-0.557532
-0.401880
-0.260564
-0.316304
-0.435356
-0.356748
-0.174828
-0.081524
-0.016960
0.072128
0.064196
-0.158124
-0.392800
-0.490260
-0.372280
-0.098088
0.170864
0.406184
0.568360
0.695720
0.835308
1.004556
1.157576
1.247040
1.326864
1.048544
0.230848
-0.566744
-1.085488
-1.313672
-1.254032
-0.988320
-0.469732
0.054600
0.462940
0.656916
0.636696
0.659460
0.736652
0.882040
0.955988
0.902656
0.773664
0.715752
0.631424
0.512648
0.503948
0.682312
0.896852
0.878400
0.750004
0.604880
0.452512
0.312708
0.197676
0.139080
0.092968
-0.075000
-0.353840
-0.547420
-0.602876
-0.634856
-0.706248
-0.763648
-0.591344
-0.276916
-0.091788
-0.018420
0.056248
0.109188
0.103872
0.067888
-0.067360
-0.274604
-0.534164
-0.727636
-0.764468
-0.718836
-0.663200
-0.646664
-0.615256
-0.594828
-0.573920
-0.500720
-0.374028
-0.212684
-0.027352
0.115860
0.221252
0.326544
0.417660
0.515224
0.565192
0.506680
0.340404
0.134344
-0.064236
-0.197092
-0.286420
-0.342704
-0.349380
-0.321320
-0.310968
-0.307176
-0.236308
-0.117084
0.011300
0.013120
-0.055244
-0.074708
-0.017448
0.118752
0.288672
0.388984
0.393960
0.351788
0.348896
0.304832
0.100756
-0.070692
-0.109176
-0.122516
-0.111456
-0.076472
-0.114400
-0.181820
-0.174768
-0.007212
0.138752
0.184592
0.215880
0.271144
0.308292
0.290160
0.278692
0.282604
0.269484
0.234280
0.218276
0.169872
0.073492
0.058772
0.141812
0.225500
0.262328
0.294552
0.323804
0.298624
0.215140
0.048208
-0.148512
-0.312352
-0.429420
-0.472792
-0.450304
-0.331304
-0.177044
-0.010548
0.177612
0.294536
0.244416
0.073448
-0.021140
-0.059220
-0.104412
-0.145908
-0.136776
-0.098860
-0.081712
-0.054740
0.001048
0.067816
0.116408
0.176440
0.238084
0.264876
0.267020
0.273132
0.280984
0.253160
0.193040
0.082056
-0.068360
-0.164416
-0.224140
-0.262076
-0.262800
-0.215744
-0.150432
-0.150212
-0.162408
-0.103792
0.026484
0.186220
0.269984
0.256820
0.103332
-0.103868
-0.280992
-0.394180
-0.422232
-0.388832
-0.235612
0.038924
0.310028
0.399232
0.305400
0.143004
0.028148
-0.042720
-0.051684
-0.032208
-0.020140
-0.016524
-0.000100
0.033808
0.084688
0.111620
0.078096
0.044532
0.018884
0.007596
0.001856
0.005124
-0.017864
-0.094960
-0.177904
-0.215652
-0.192268
-0.109324
-0.008740
0.024224
-0.003632
-0.031644
-0.053568
-0.099436
-0.161024
-0.214688
-0.247256
-0.261772
-0.274036
-0.261368
-0.217672
-0.167344
-0.140788
-0.119876
-0.085108
-0.053800
-0.037144
-0.007892
0.050428
0.131528
0.219472
0.275888
0.296200
0.297204
0.267700
0.143232
0.027716
-0.005784
-0.047524
-0.105860
-0.158320
-0.176972
-0.150544
-0.111600
-0.072308
-0.029008
-0.010580
-0.025932
-0.056840
-0.074452
-0.086644
-0.097000
-0.080068
-0.062668
-0.062128
-0.066476
-0.033188
0.054540
0.125568
0.134804
0.078776
0.044236
0.060400
0.069092
0.050184
0.033276
0.069976
0.142076
0.196768
0.212724
0.190776
0.146752
0.123296
0.109544
0.084200
0.051172
0.038052
0.070292
0.102856
0.105472
0.084856
0.071400
0.060684
0.022212
0.002424
0.032716
0.069708
0.078396
0.068400
0.054912
0.039876
0.049172
0.095140
0.138996
0.144888
0.103604
0.044824
-0.054876
-0.151336
-0.183236
-0.167620
-0.153884
-0.166064
-0.173220
-0.160384
-0.145876
-0.146276
-0.120136
-0.074304
-0.027780
0.002628
0.010228
0.003972
0.023212
0.091028
0.160776
0.191532
0.174472
0.125588
0.051212
0.001552
-0.002844
0.015208
-0.001748
-0.070852
-0.144708
-0.159228
-0.107652
-0.046856
0.013104
0.065752
0.089768
0.055796
-0.002784
-0.045900
-0.061488
-0.062604
-0.049460
-0.037532
-0.035624
-0.023284
-0.016912
0.002960
0.022844
0.022012
0.006660
0.017900
0.051684
0.054168
0.030368
-0.002552
0.002212
0.004444
-0.010004
-0.015508
-0.022172
-0.035704
-0.039728
-0.026492
-0.000956
0.034912
0.068312
0.083460
0.065128
0.027328
-0.029520
-0.072288
-0.082768
-0.058448
-0.032672
-0.021024
-0.016456
0.001968
0.027504
0.049084
0.077132
0.107724
0.142776
0.172820
0.182480
0.153052
0.086872
0.032888
0.029372
0.053868
0.070012
0.058840
0.034776
-0.004240
-0.039816
-0.050300
-0.040324
-0.037136
-0.047472
-0.063184
-0.086428
-0.103828
-0.108028
-0.118252
-0.133056
-0.119232
-0.074228
-0.015624
0.015544
0.007320
-0.008188
0.002532
0.030384
0.048168
0.055900
0.051244
0.032968
0.006628
-0.009360
-0.007548
-0.010028
-0.050400
-0.119072
-0.169580
-0.195164
-0.199032
-0.177612
-0.133452
-0.064656
0.010852
0.073488
0.103708
0.092272
0.047864
0.004168
-0.029504
-0.028404
0.029444
0.095444
0.115544
0.100224
0.079908
0.064756
0.050032
0.029320
-0.008408
-0.061328
-0.093096
-0.099400
-0.101748
-0.106512
-0.113556
-0.127496
-0.132752
-0.116124
-0.081616
-0.056728
-0.046420
-0.030776
-0.001152
0.030580
0.041384
0.044496
0.043660
0.031512
0.019236
0.026236
0.039768
0.035716
0.040300
0.049596
0.039528
0.013324
-0.012596
-0.024744
-0.039428
-0.058248
-0.074200
-0.076772
-0.046720
-0.022948
-0.021104
-0.014036
0.005484
0.028552
0.045420
0.051284
0.036500
0.011252
-0.015256
-0.032012
-0.041660
-0.039564
-0.038672
-0.046016
-0.056668
-0.076884
-0.096100
-0.104896
-0.085304
-0.041720
-0.002348
0.026716
0.047948
0.072236
0.091952
0.100060
0.089140
0.061900
0.036212
0.011724
-0.007384
0.001780
0.041336
0.078504
0.101060
0.102032
0.084160
0.045224
0.005528
-0.013600
-0.008940
0.017564
0.039656
0.036112
0.017984
-0.006408
-0.028316
-0.033780
-0.033852
-0.045240
-0.061744
-0.051340
-0.009060
0.022256
0.029120
0.016120
-0.005968
-0.014104
0.002976
0.042808
0.075016
0.076124
0.058912
0.058656
0.075600
0.094024
0.103772
0.089396
0.033748
-0.049460
-0.114088
-0.121620
-0.074188
0.001644
0.061764
0.079680
0.078856
0.069692
0.061780
0.046308
0.010256
-0.030972
-0.052772
-0.052948
-0.058564
-0.078432
-0.098928
-0.118292
-0.119060
-0.096124
-0.057792
-0.033600
-0.035984
-0.046796
-0.057700
-0.051804
-0.035580
-0.026528
-0.020816
-0.012348
0.006660
0.031120
0.050392
0.065168
0.075800
0.093972
0.107316
0.098480
0.070692
0.047940
0.028292
0.013632
0.008536
0.009284
0.005192
-0.009592
-0.030012
-0.040316
-0.017712
0.008632
0.025720
0.041252
0.047480
0.028976
-0.007308
-0.045176
-0.064992
-0.061028
-0.044152
-0.031248
-0.019348
0.007080
0.034436
0.061684
0.082032
0.078036
0.062988
0.056696
0.046856
0.022252
-0.005384
-0.024388
-0.051616
-0.077440
-0.087288
-0.081128
-0.070520
-0.070844
-0.078000
-0.098124
-0.118032
-0.124628
-0.113872
-0.086680
-0.057892
-0.058980
-0.086408
-0.110772
-0.111696
-0.085044
-0.044436
-0.003100
0.020212
0.044980
0.074936
0.096640
0.097452
0.078464
0.050000
0.027508
0.013252
0.014588
0.030904
0.046448
0.061780
0.084480
0.110480
0.108116
0.092140
0.082024
0.079296
0.070296
0.057732
0.050688
0.041040
0.035312
0.043912
0.049984
0.038184
0.013192
-0.014148
-0.019372
-0.004276
0.009568
0.001832
-0.005624
-0.006200
0.007200
0.038192
0.059744
0.068988
0.054048
0.034656
0.019940
0.011224
0.004800
-0.006172
-0.001840
0.001752
0.013852
0.018344
0.005424
-0.011872
-0.027740
-0.033124
-0.029624
-0.020100
-0.024180
-0.040104
-0.056252
-0.059432
-0.048780
-0.023620
0.003408
0.009156
0.016252
0.024544
0.027572
0.032508
0.024024
0.005292
-0.008808
-0.006840
0.001436
0.009872
0.019128
0.024988
0.033220
0.056800
0.078596
0.083504
0.057232
0.009072
-0.012728
-0.004092
0.011444
0.023744
0.041008
0.043892
0.048684
0.042180
0.037032
0.041868
0.033720
0.029432
0.028696
0.027760
0.033720
0.039096
0.045732
0.068396
0.071152
0.061556
0.054336
0.048696
0.022412
-0.000884
-0.008640
-0.020948
-0.032040
-0.020556
-0.008124
-0.015128
-0.030200
-0.052028
-0.073392
-0.100872
-0.120160
-0.120396
-0.096560
-0.063552
-0.047212
-0.038268
-0.026504
-0.000156
0.027276
0.044568
0.018244
-0.031748
-0.066228
-0.071248
-0.062832
-0.058632
-0.035928
-0.028556
-0.020468
0.003456
0.037016
0.056424
0.046088
0.013888
-0.029952
-0.064596
-0.082664
-0.086324
-0.077208
-0.049744
-0.017280
0.003616
0.027652
0.034396
0.032248
0.031308
0.026064
0.009172
-0.012748
-0.021300
-0.028292
-0.021528
-0.016764
-0.024748
-0.034056
-0.031064
-0.015304
0.007684
0.022760
0.032112
0.026420
0.006216
-0.006920
0.001784
0.011356
0.016476
0.007184
-0.002284
0.002120
0.025024
0.053616
0.042460
-0.011016
-0.098716
-0.135468
-0.076444
0.044416
0.092868
0.054100
0.001088
-0.050300
-0.085552
-0.087380
-0.069532
-0.054044
-0.028852
-0.018812
-0.042976
-0.075884
-0.065956
-0.034220
-0.002052
0.038828
0.066460
0.084080
0.071320
0.040756
0.006584
-0.004692
0.014448
0.035892
0.055208
0.056840
0.041544
0.024576
0.012384
0.002436
-0.015244
-0.029420
-0.028376
-0.039132
-0.047456
-0.048988
-0.029580
-0.005780
0.018716
0.025360
0.006768
-0.022556
-0.036328
-0.009324
0.014124
0.025452
0.032844
0.039216
0.036876
0.040336
0.030760
0.009512
-0.008660
-0.014120
-0.018232
-0.025504
-0.015020
0.002228
0.000644
-0.010132
-0.011996
-0.032416
-0.041844
-0.045652
-0.032240
0.000900
0.028132
0.049204
0.065496
0.078940
0.086096
0.068300
0.046476
0.033232
0.004484
-0.023644
-0.045308
-0.053780
-0.050596
-0.032472
-0.011176
0.001212
0.012136
-0.003412
-0.023780
-0.035004
-0.039640
-0.049776
-0.063836
-0.067040
-0.055104
-0.029928
-0.011552
-0.010064
-0.018808
-0.023844
-0.022196
-0.010480
0.002136
0.007172
0.005764
0.007552
0.025872
0.051140
0.057736
0.057700
0.053052
0.051444
0.047356
0.043012
0.050384
0.055584
0.060232
0.054212
0.031048
0.002520
-0.021016
-0.036332
-0.039360
-0.031180
-0.032492
-0.034156
-0.039032
-0.036564
-0.029164
-0.028448
-0.021268
-0.009208
0.012732
0.032536
0.040356
0.041244
0.053272
0.072320
0.076616
0.076724
0.070960
0.050876
0.025548
-0.008236
-0.027192
-0.021064
-0.001284
0.012348
0.007912
-0.003912
-0.016656
-0.021952
-0.011476
0.004368
0.004520
-0.009084
-0.025584
-0.040308
-0.043832
-0.035640
-0.032344
-0.032272
-0.034016
-0.023588
-0.020488
-0.010176
-0.002688
-0.006564
-0.009724
-0.014716
-0.021544
-0.029116
-0.019672
-0.009384
-0.003068
-0.001588
-0.006840
-0.011424
-0.017800
-0.022448
-0.026220
-0.027368
-0.015888
-0.005140
0.002000
0.021968
0.041604
0.049084
0.049640
0.049984
0.058300
0.062580
0.058324
0.045432
0.025296
0.007668
-0.004156
-0.007272
0.003792
0.011728
0.020252
0.014540
-0.000664
-0.005224
-0.020980
-0.033668
-0.047396
-0.053520
-0.060568
-0.063424
-0.063932
-0.068004
-0.065964
-0.062896
-0.054712
-0.043696
-0.024940
-0.013256
-0.006216
-0.000632
0.004568
0.010020
0.023640
0.030388
0.031040
0.026840
0.011552
-0.005260
0.001928
0.005016
0.011788
0.023304
0.022912
0.016120
0.000384
-0.015868
-0.015344
-0.003208
-0.000520
-0.001904
-0.012684
-0.021508
-0.034204
-0.034604
-0.026596
-0.016248
-0.005012
0.000604
0.013156
0.025444
0.028488
0.024532
0.015020
0.011764
0.014228
0.018540
0.028512
0.035832
0.036540
0.029324
0.027240
0.024168
0.016440
0.005720
-0.005816
-0.010192
-0.014624
-0.007344
-0.005572
-0.004900
-0.004076
0.000132
0.018752
0.027512
0.036812
0.042464
0.043700
0.037456
0.025056
0.010184
-0.007416
-0.017464
-0.023764
-0.022468
-0.018424
-0.017092
-0.011948
-0.018028
-0.021544
-0.019376
-0.009856
0.001452
0.010648
0.019652
0.012284
-0.003904
-0.013504
-0.008992
-0.002996
0.008452
0.012508
0.008712
0.002528
0.008292
0.015048
0.021192
0.029428
0.031384
0.037872
0.038720
0.039848
0.045636
0.042548
0.038912
0.041152
0.043344
0.039548
0.026008
0.005392
-0.011312
-0.014808
-0.012640
-0.010572
-0.008780
-0.009580
-0.012940
-0.015924
-0.021684
-0.026016
-0.031160
-0.032896
-0.033980
-0.034628
-0.029824
-0.040564
-0.042608
-0.033756
-0.019116
0.000152
0.011064
0.010744
-0.000732
-0.013860
-0.009628
0.004372
0.011072
0.012964
0.014856
0.022448
0.029656
0.036316
0.042176
0.040564
0.029804
0.019216
0.004208
-0.001564
-0.006600
-0.014456
-0.022500
-0.020060
-0.013636
-0.018364
-0.020536
-0.015004
-0.008528
-0.011048
-0.009628
-0.003060
0.004864
0.009344
0.010288
0.018348
0.027532
0.037164
0.036156
0.030552
0.020596
0.013228
0.009196
0.004008
0.001228
-0.007192
-0.016764
-0.022116
-0.019692
-0.021600
-0.028996
-0.036192
-0.041024
-0.038560
-0.033196
-0.028540
-0.019776
-0.010936
-0.004792
-0.000180
0.000044
0.000792
0.003920
-0.001108
-0.014676
-0.018676
-0.012476
-0.014644
-0.014720
-0.009440
0.000180
0.007404
0.001200
-0.003924
-0.003672
-0.007488
-0.013368
-0.015288
-0.009340
-0.013448
-0.017004
-0.020088
-0.019500
-0.016800
-0.022188
-0.026716
-0.036836
-0.045200
-0.050100
-0.054568
-0.053696
-0.041580
-0.027956
-0.016132
0.003432
0.008928
0.004812
-0.002252
0.004780
0.015300
0.021212
0.020868
0.020612
0.026344
0.023244
0.025892
0.017328
0.010756
0.008664
0.011232
0.006180
-0.000736
-0.013208
-0.015400
-0.006696
0.005268
0.028252
0.029736
0.023092
0.015644
0.012472
0.012108
0.012768
0.008196
0.006116
0.008572
0.011400
0.019428
0.024244
0.021264
0.015652
0.023180
0.031852
0.028588
0.021056
0.010584
0.003152
-0.008500
-0.010932
-0.013296
-0.014164
-0.013332
-0.017632
-0.022076
-0.036400
-0.036612
-0.028072
-0.014228
-0.001224
0.004124
0.012564
0.007796
0.002216
0.004636
-0.002240
-0.008124
-0.020168
-0.027068
-0.025756
-0.028280
-0.031664
-0.037720
-0.038784
-0.030376
-0.026300
-0.028336
-0.011740
0.006112
0.015072
0.012924
0.010584
0.013872
0.018592
0.028712
0.029224
0.023488
0.016052
0.016504
0.016052
0.015488
0.018056
0.020308
0.019728
0.010156
0.000956
-0.001968
-0.005924
-0.007324
-0.012132
-0.015620
-0.012676
-0.008428
-0.002140
0.006876
0.013252
0.010044
0.008060
-0.003584
-0.000308
0.010080
0.019912
0.020684
0.007872
0.002504
-0.004612
0.004664
0.009588
0.005224
0.011528
0.016664
0.019296
0.023584
0.029368
0.026840
0.015972
0.003172
-0.001204
-0.015112
-0.030180
-0.033300
-0.021876
-0.004912
0.005360
0.014152
0.002876
-0.006592
-0.007820
0.007100
0.019992
0.016584
0.009568
0.001248
0.001860
0.010332
0.013280
0.013536
0.011692
0.001952
-0.001172
-0.000516
0.011460
0.025900
0.023376
0.010020
-0.003760
-0.011988
-0.013816
-0.021020
-0.017252
-0.018632
-0.014432
-0.001100
0.012456
0.023904
0.024432
0.019476
0.018652
0.021964
0.013180
0.012484
0.016476
0.014392
0.012712
0.004964
0.004056
0.010572
0.008292
0.005308
0.001144
0.005884
0.013704
0.023292
0.021284
0.016260
0.014148
0.017228
0.021684
0.022992
0.024120
0.025436
0.027852
0.016952
0.009112
-0.002808
-0.008176
-0.002256
-0.001476
-0.014184
-0.022544
-0.025644
-0.023180
-0.017096
-0.014996
-0.009744
-0.006516
-0.002484
-0.003856
-0.012624
-0.021484
-0.024804
-0.028904
-0.028200
-0.026988
-0.032828
-0.035980
-0.040064
-0.034728
-0.029408
-0.022072
-0.006736
-0.006224
-0.003776
-0.007940
-0.009940
-0.004912
-0.001932
0.008540
0.018108
0.032352
0.041068
0.041952
0.043848
0.033880
0.025876
0.021588
0.011124
0.004452
0.004272
0.004056
0.005776
0.013068
0.009300
0.004232
-0.002212
-0.007744
-0.005072
-0.006540
-0.006488
-0.009964
-0.011300
-0.011764
-0.013204
-0.014384
-0.016172
-0.015544
-0.006572
-0.000892
-0.003712
-0.002108
-0.002664
-0.005640
-0.009668
-0.008020
-0.008972
-0.009560
-0.010824
-0.015376
-0.015504
-0.010544
-0.008532
-0.006712
-0.004496
-0.001936
-0.001632
-0.002220
-0.001532
-0.001740
-0.001464
-0.001496
0.000824
0.001072
-0.000580
-0.003340
-0.003064
-0.003416
-0.006360
-0.006520
-0.005504
-0.005104
-0.003840
-0.002608
-0.002528
-0.004200
-0.005120
-0.003832
-0.003464
-0.002576
0.000324
0.001888
-0.000824
-0.001884
0.001188
0.002424
0.002304
-0.000456
-0.001172
-0.002660
-0.006616
-0.006328
-0.006776
-0.005052
-0.003752
-0.003744
-0.002120
-0.001372
-0.000108
0.000452
0.000524
-0.000112
-0.000356
-0.000120
-0.000352
-0.001288
-0.001316
-0.000548
0.000148
0.000904
0.001116
0.002040
0.002168
0.002140
0.002832
0.002796
0.003716
0.004468
0.004992
0.005132
0.005440
0.004924
0.003620
0.002868
0.002808
0.002380
0.001992
0.002248
0.002348
0.002396
0.002128
0.001952
0.001580
0.001744
0.002060
0.002000
0.001868
0.001740
0.001648
0.001560
0.001504
0.001476
0.001396
0.001264
0.001152
0.001084
0.001040
0.000928
0.000800
0.000704
0.000636
0.000588
0.000524
0.000472
0.000436
0.000412
0.000408
0.000416
