0.000000
-0.002088
-0.002076
-0.002056
-0.002024
-0.001996
-0.001980
-0.001976
-0.001968
-0.001972
-0.002036
-0.002220
-0.002532
-0.002808
-0.002828
-0.002464
-0.001792
-0.001120
-0.000816
-0.001080
-0.001740
-0.002340
-0.002408
-0.001924
-0.001408
-0.001532
-0.002544
-0.004008
-0.005180
-0.005400
-0.004444
-0.002620
-0.000808
0.000136
-0.000124
-0.001328
-0.002732
-0.003696
-0.004168
-0.004420
-0.004200
-0.002656
-0.000016
0.002404
0.003540
0.003424
0.003164
0.003648
0.004152
0.002232
-0.002856
-0.008496
-0.011636
-0.011008
-0.006648
0.000420
0.007224
0.009924
0.006820
0.000968
-0.001560
0.002860
0.011792
0.017728
0.015204
0.005456
-0.005452
-0.012112
-0.012452
-0.007468
0.000732
0.008612
0.012836
0.011996
0.006612
-0.001024
-0.008408
-0.014596
-0.020352
-0.025860
-0.029748
-0.030348
-0.027556
-0.022776
-0.018856
-0.017252
-0.018232
-0.020684
-0.021528
-0.019408
-0.015000
-0.009104
-0.004492
-0.003836
-0.006284
-0.008648
-0.007772
-0.005628
-0.005012
-0.006620
-0.010392
-0.013092
-0.009376
0.002932
0.023428
0.048368
0.069220
0.077564
0.072260
0.060428
0.049820
0.044172
0.039848
0.031136
0.017784
0.001512
-0.015040
-0.029780
-0.040096
-0.042576
-0.037460
-0.031464
-0.030872
-0.036600
-0.045440
-0.054804
-0.061808
-0.061860
-0.052976
-0.035784
-0.014072
0.004984
0.014924
0.012280
0.000180
-0.013100
-0.021920
-0.027468
-0.035848
-0.048516
-0.062028
-0.069896
-0.062412
-0.034524
0.010152
0.063036
0.112856
0.146776
0.155468
0.142112
0.120204
0.099208
0.082448
0.064400
0.030604
-0.025284
-0.088204
-0.130036
-0.133164
-0.099316
-0.042840
0.014908
0.052824
0.062408
0.053564
0.043908
0.045512
0.056776
0.063316
0.051500
0.019816
-0.019396
-0.044736
-0.042096
-0.014708
0.021496
0.048356
0.055444
0.044024
0.019820
-0.012148
-0.042376
-0.061328
-0.064988
-0.053676
-0.034336
-0.017564
-0.011724
-0.022428
-0.050212
-0.088492
-0.122844
-0.134756
-0.113552
-0.061852
0.004408
0.062976
0.094204
0.089380
0.058952
0.024232
0.005184
0.012080
0.036032
0.058048
0.056816
0.022940
-0.028588
-0.064948
-0.060604
-0.016900
0.038796
0.070360
0.062144
0.028668
-0.003240
-0.015764
-0.007576
0.004660
-0.001412
-0.037216
-0.091032
-0.137484
-0.160864
-0.158604
-0.136608
-0.112112
-0.103864
-0.112440
-0.125144
-0.131612
-0.124724
-0.099912
-0.058672
-0.009452
0.039476
0.080160
0.105220
0.110576
0.093956
0.058296
0.019256
-0.000972
0.009756
0.039000
0.060868
0.060112
0.038944
0.013460
0.003592
0.016660
0.046252
0.079024
0.101188
0.104356
0.090896
0.065468
0.032004
-0.006204
-0.046748
-0.079940
-0.091216
-0.071884
-0.024176
0.039784
0.101304
0.141296
0.149916
0.126792
0.081964
0.031328
-0.010852
-0.038812
-0.055540
-0.065360
-0.071336
-0.079544
-0.087668
-0.083612
-0.055104
0.002448
0.082264
0.154400
0.172164
0.112808
-0.004824
-0.131032
-0.208068
-0.206940
-0.140724
-0.052784
0.011580
0.020196
-0.033376
-0.116432
-0.176736
-0.182112
-0.139300
-0.079068
-0.024596
0.017276
0.049896
0.084352
0.126716
0.166736
0.175584
0.125436
0.025952
-0.071480
-0.113260
-0.080312
0.005692
0.091220
0.123300
0.083756
-0.006360
-0.099848
-0.149420
-0.138608
-0.091660
-0.058356
-0.072144
-0.130856
-0.195380
-0.209828
-0.153608
-0.044468
0.079088
0.164636
0.173044
0.107832
0.009060
-0.076016
-0.117340
-0.117884
-0.106928
-0.108708
-0.121408
-0.127048
-0.109360
-0.063104
-0.000384
0.051124
0.066584
0.044236
0.004840
-0.025012
-0.031112
-0.014376
0.016320
0.046852
0.073804
0.106904
0.154732
0.218604
0.295436
0.377792
0.449024
0.491704
0.495684
0.463920
0.409924
0.352092
0.313296
0.306628
0.329572
0.370464
0.415156
0.452488
0.476532
0.482604
0.469404
0.439476
0.394472
0.332336
0.257020
0.181052
0.116160
0.064576
0.022080
-0.014920
-0.054200
-0.108452
-0.181584
-0.270120
-0.366152
-0.457360
-0.532752
-0.588800
-0.629212
-0.660096
-0.683388
-0.698848
-0.710136
-0.718972
-0.718952
-0.702476
-0.660544
-0.584104
-0.473560
-0.337984
-0.187540
-0.033952
0.109776
0.232752
0.332056
0.410552
0.476764
0.546080
0.626804
0.710324
0.785412
0.842264
0.871252
0.871412
0.846852
0.805456
0.759376
0.719944
0.692156
0.673432
0.657188
0.639748
0.617712
0.585516
0.544436
0.505156
0.472804
0.443660
0.419384
0.395368
0.355960
0.293436
0.207948
0.104300
-0.002508
-0.097392
-0.174500
-0.234760
-0.289656
-0.350872
-0.419984
-0.499652
-0.594756
-0.704804
-0.821256
-0.935812
-1.037008
-1.111836
-1.147376
-1.144896
-1.128272
-1.133808
-1.197104
-1.339304
-1.544512
-1.779124
-2.016352
-2.214772
-2.311440
-2.270084
-2.107828
-1.875980
-1.599544
-1.267496
-0.900492
-0.557120
-0.286808
-0.094084
0.051600
0.179808
0.311820
0.460388
0.630572
0.828852
1.052156
1.278696
1.466404
1.562148
1.535648
1.386884
1.129264
0.798504
0.455876
0.173520
0.002108
-0.049744
-0.010876
0.082628
0.202360
0.328652
0.454376
0.584432
0.710984
0.828152
0.948376
1.073588
1.186880
1.274432
1.327516
1.333652
1.291264
1.217904
1.134940
1.049432
0.968228
0.903800
0.867864
0.870832
0.916616
0.998976
1.103608
1.207828
1.287920
1.339688
1.365692
1.365252
1.341884
1.298712
1.237336
1.161960
1.070992
0.960136
0.828136
0.670836
0.475516
0.221136
-0.100672
-0.474676
-0.853436
-1.162760
-1.347092
-1.382060
-1.287368
-1.113724
-0.906808
-0.712596
-0.580472
-0.545072
-0.609836
-0.736700
-0.860876
-0.933624
-0.937696
-0.880496
-0.766932
-0.594512
-0.385296
-0.178308
-0.001364
0.115764
0.134648
0.044456
-0.131728
-0.368624
-0.642080
-0.914336
-1.136608
-1.272160
-1.322076
-1.299912
-1.192760
-0.974908
-0.665336
-0.354916
-0.102920
0.114828
0.289608
0.369348
0.316712
0.113960
-0.210060
-0.561832
-0.859088
-1.080832
-1.219440
-1.264152
-1.223680
-1.105876
-0.917060
-0.708320
-0.551796
-0.484620
-0.502568
-0.590280
-0.719748
-0.861724
-0.966824
-0.976068
-0.863608
-0.671664
-0.472228
-0.298068
-0.151556
-0.028504
0.065460
0.103272
0.032676
-0.211516
-0.607780
-1.017360
-1.320792
-1.488960
-1.491544
-1.317648
-1.046152
-0.774968
-0.535136
-0.318664
-0.094268
0.189828
0.572888
1.052892
1.570248
2.025148
2.354720
2.535076
2.580928
2.519268
2.335372
2.001704
1.528532
0.935776
0.219708
-0.600968
-1.353816
-1.831656
-1.926128
-1.637596
-1.178468
-0.809052
-0.564920
-0.366804
-0.157704
0.116220
0.426280
0.665320
0.762628
0.710948
0.532612
0.273924
-0.010524
-0.277340
-0.534496
-0.776020
-0.943172
-0.999348
-0.962348
-0.877716
-0.756728
-0.591332
-0.419084
-0.255696
-0.082952
0.116428
0.367784
0.679720
1.004496
1.261428
1.400728
1.421900
1.344640
1.198176
1.014824
0.809176
0.577168
0.321612
0.069796
-0.131352
-0.238840
-0.236092
-0.161128
-0.071140
-0.010472
0.011512
0.015548
0.013872
0.020324
0.049076
0.106580
0.186412
0.264492
0.332672
0.395696
0.449736
0.486472
0.499276
0.488300
0.459156
0.419564
0.380720
0.349040
0.327516
0.314336
0.303688
0.290168
0.272484
0.253596
0.238216
0.231084
0.233236
0.240504
0.245220
0.240856
0.219860
0.181160
0.134368
0.087152
0.043156
0.010500
-0.002096
0.008208
0.034732
0.067456
0.098500
0.121312
0.132848
0.134272
0.134660
0.144400
0.166524
0.199948
0.244676
0.297132
0.352280
0.402776
0.442056
0.465644
0.470652
0.453648
0.411568
0.346652
0.266200
0.176972
0.087444
0.005816
-0.065448
-0.125560
-0.174492
-0.215492
-0.245944
-0.264468
-0.270164
-0.259268
-0.231344
-0.191956
-0.149916
-0.113248
-0.090096
-0.085964
-0.103236
-0.141200
-0.193000
-0.248356
-0.295900
-0.322796
-0.319444
-0.281668
-0.209896
-0.113120
-0.000260
0.122488
0.247900
0.367756
0.468832
0.545648
0.601564
0.633324
0.629828
0.584948
0.497040
0.367700
0.205628
0.026496
-0.148136
-0.302252
-0.427732
-0.520156
-0.575228
-0.594880
-0.588328
-0.568176
-0.545196
-0.525736
-0.509240
-0.492272
-0.475888
-0.462876
-0.453108
-0.445248
-0.439876
-0.438960
-0.441968
-0.446876
-0.452040
-0.455272
-0.457268
-0.460568
-0.463836
-0.466500
-0.467432
-0.466344
-0.464504
-0.464924
-0.469428
-0.477784
-0.487444
-0.494256
-0.491780
-0.472248
-0.428536
-0.360428
-0.278620
-0.199236
-0.131376
-0.077544
-0.039072
-0.018344
-0.015600
-0.021364
-0.020828
-0.004752
0.027000
0.067824
0.111020
0.150496
0.183044
0.209484
0.231160
0.247260
0.258448
0.262804
0.255328
0.231464
0.190984
0.135548
0.070172
0.002036
-0.058808
-0.101768
-0.121620
-0.118448
-0.097072
-0.065768
-0.033664
-0.005764
0.017552
0.033960
0.043172
0.047908
0.050584
0.051036
0.045588
0.036352
0.028908
0.027732
0.037900
0.064660
0.110160
0.172048
0.246608
0.327704
0.407732
0.480716
0.539340
0.577900
0.596972
0.594868
0.567892
0.520716
0.462400
0.401068
0.346940
0.310400
0.297304
0.304056
0.319796
0.332344
0.331228
0.316044
0.292512
0.268388
0.254588
0.258904
0.282680
0.318596
0.354648
0.378440
0.380372
0.357000
0.312164
0.254656
0.192740
0.135148
0.089388
0.062272
0.057112
0.069260
0.092124
0.117692
0.139328
0.149816
0.144336
0.120688
0.081756
0.032688
-0.020876
-0.073220
-0.121128
-0.161796
-0.195108
-0.222952
-0.246808
-0.269372
-0.291656
-0.310864
-0.325544
-0.336848
-0.343492
-0.342468
-0.334044
-0.322032
-0.308968
-0.293748
-0.275300
-0.253216
-0.226916
-0.194004
-0.150036
-0.094472
-0.030172
0.035112
0.094052
0.138536
0.160380
0.156940
0.132172
0.093828
0.053820
0.024372
0.010368
0.007704
0.009576
0.008660
-0.002472
-0.027236
-0.063220
-0.102928
-0.136432
-0.158252
-0.167868
-0.167476
-0.162532
-0.159912
-0.162116
-0.168648
-0.177904
-0.186756
-0.189184
-0.179300
-0.158448
-0.132256
-0.107300
-0.092576
-0.094616
-0.115628
-0.151024
-0.192520
-0.232576
-0.264612
-0.285048
-0.292768
-0.290744
-0.285408
-0.280732
-0.278468
-0.281736
-0.290512
-0.300528
-0.307736
-0.308620
-0.302500
-0.289300
-0.270436
-0.250092
-0.231404
-0.212760
-0.190532
-0.159856
-0.118972
-0.068776
-0.011480
0.049160
0.107944
0.159960
0.199380
0.221904
0.226716
0.214524
0.191080
0.161976
0.134660
0.115268
0.109148
0.120768
0.148612
0.187296
0.229448
0.268080
0.296120
0.306452
0.293708
0.260752
0.211964
0.153068
0.094108
0.046420
0.018472
0.012148
0.021248
0.037572
0.054380
0.066184
0.068604
0.061268
0.046888
0.029792
0.014896
0.004720
-0.000236
-0.003088
-0.008296
-0.020400
-0.041312
-0.068696
-0.097632
-0.123176
-0.140272
-0.142996
-0.130640
-0.110368
-0.088600
-0.071616
-0.063664
-0.063456
-0.063436
-0.052216
-0.023876
0.022616
0.085304
0.155488
0.221920
0.275112
0.306444
0.312404
0.294960
0.263468
0.227852
0.196196
0.176440
0.173540
0.187012
0.212172
0.242104
0.268044
0.280976
0.275268
0.251840
0.216640
0.177648
0.141700
0.117516
0.112228
0.125100
0.150192
0.177108
0.195544
0.198268
0.181220
0.143964
0.092528
0.038108
-0.008136
-0.037684
-0.046348
-0.035040
-0.009704
0.021024
0.048856
0.065544
0.065080
0.044224
0.004408
-0.048716
-0.107680
-0.160212
-0.192480
-0.193688
-0.159544
-0.093068
-0.006728
0.079552
0.144636
0.171592
0.156492
0.105920
0.033268
-0.041240
-0.099928
-0.131248
-0.130448
-0.103296
-0.063068
-0.024912
-0.004148
-0.006408
-0.026644
-0.056692
-0.083436
-0.097252
-0.094136
-0.075948
-0.051620
-0.033128
-0.030512
-0.046780
-0.077764
-0.114936
-0.146828
-0.162764
-0.159068
-0.138944
-0.110764
-0.087576
-0.082348
-0.098936
-0.135356
-0.183728
-0.231612
-0.268400
-0.288792
-0.293224
-0.284700
-0.270712
-0.259620
-0.254864
-0.254684
-0.255996
-0.254868
-0.245780
-0.225888
-0.195616
-0.158724
-0.120304
-0.082544
-0.047156
-0.014456
0.016660
0.048752
0.081916
0.115832
0.148408
0.174260
0.188768
0.191892
0.185060
0.171876
0.158344
0.148380
0.143424
0.142984
0.145412
0.147452
0.145132
0.135144
0.117164
0.093868
0.063712
0.027556
-0.009404
-0.040088
-0.060016
-0.069660
-0.070776
-0.068904
-0.072556
-0.088292
-0.120932
-0.168316
-0.219820
-0.261856
-0.282256
-0.278636
-0.254652
-0.217112
-0.179416
-0.154524
-0.147192
-0.154284
-0.169364
-0.178408
-0.164064
-0.116684
-0.037568
0.062432
0.165212
0.253060
0.308252
0.312324
0.260472
0.162068
0.030440
-0.108320
-0.222008
-0.288188
-0.296864
-0.248652
-0.157656
-0.041112
0.084936
0.203764
0.296064
0.347120
0.353828
0.320504
0.258228
0.181032
0.102476
0.036124
-0.007656
-0.019996
-0.001104
0.036800
0.082104
0.125496
0.159076
0.178780
0.180984
0.166080
0.140764
0.114660
0.094380
0.079088
0.065960
0.050656
0.028764
-0.002336
-0.041260
-0.086292
-0.133456
-0.174696
-0.203300
-0.215332
-0.210260
-0.187560
-0.149540
-0.101664
-0.051516
-0.003640
0.040232
0.075688
0.099464
0.108596
0.104136
0.090672
0.073732
0.059224
0.052176
0.055540
0.069092
0.088328
0.106280
0.117564
0.122596
0.123172
0.122364
0.125600
0.135884
0.151564
0.169148
0.181984
0.179948
0.158140
0.117964
0.067216
0.014480
-0.031884
-0.063796
-0.076172
-0.069912
-0.050568
-0.027044
-0.005976
0.010244
0.020228
0.025032
0.025724
0.024656
0.022576
0.017724
0.008668
-0.002492
-0.014156
-0.023664
-0.028116
-0.026256
-0.018192
-0.005460
0.009212
0.021040
0.025072
0.019172
0.002972
-0.020236
-0.047332
-0.074652
-0.097584
-0.113748
-0.123628
-0.126472
-0.116600
-0.091136
-0.050052
0.004028
0.067388
0.132428
0.190216
0.233688
0.257076
0.257132
0.237104
0.207212
0.176136
0.148968
0.131496
0.123736
0.120380
0.116164
0.106840
0.089476
0.062144
0.025864
-0.015624
-0.058988
-0.100424
-0.135932
-0.163620
-0.181820
-0.189428
-0.185972
-0.174164
-0.156736
-0.136168
-0.116140
-0.098668
-0.083480
-0.068164
-0.050272
-0.027328
-0.000396
0.025956
0.047328
0.059920
0.062932
0.059168
0.054768
0.057456
0.069928
0.091980
0.118220
0.138036
0.142148
0.125716
0.089980
0.041008
-0.012568
-0.064880
-0.110740
-0.145356
-0.169292
-0.186024
-0.193624
-0.188812
-0.168832
-0.135136
-0.092904
-0.049844
-0.015868
0.002920
0.003884
-0.007284
-0.019176
-0.020260
-0.005156
0.024840
0.062164
0.096676
0.118536
0.120852
0.103372
0.070780
0.029648
-0.013364
-0.052624
-0.084340
-0.107604
-0.122456
-0.129920
-0.132000
-0.129256
-0.126256
-0.127936
-0.135836
-0.147892
-0.160668
-0.169728
-0.169904
-0.157896
-0.133840
-0.101728
-0.067484
-0.038996
-0.021616
-0.016428
-0.019900
-0.023804
-0.018888
0.000240
0.034756
0.080628
0.126804
0.160188
0.172048
0.158624
0.124600
0.081452
0.042556
0.020692
0.019804
0.037136
0.063236
0.082276
0.082068
0.057476
0.013228
-0.037820
-0.078220
-0.094012
-0.082108
-0.048112
-0.004164
0.031396
0.043400
0.025616
-0.019696
-0.080108
-0.139412
-0.181496
-0.194960
-0.178892
-0.142416
-0.098464
-0.059316
-0.035996
-0.034400
-0.053128
-0.086460
-0.126912
-0.168780
-0.203664
-0.225988
-0.235208
-0.231216
-0.216848
-0.196276
-0.172916
-0.149868
-0.130640
-0.115640
-0.104380
-0.097056
-0.091628
-0.086896
-0.081160
-0.072256
-0.057552
-0.036552
-0.011016
0.018096
0.047672
0.075280
0.100132
0.122204
0.141872
0.157340
0.167180
0.169904
0.162012
0.142864
0.114796
0.082660
0.052656
0.032256
0.025416
0.031744
0.048096
0.070188
0.093672
0.115124
0.130720
0.137628
0.135280
0.123352
0.103748
0.080704
0.059384
0.043828
0.036084
0.036348
0.041708
0.047936
0.052088
0.051788
0.048372
0.044860
0.045632
0.053396
0.066452
0.081244
0.092064
0.094156
0.084444
0.064020
0.038800
0.016200
0.002796
0.001680
0.010252
0.023588
0.038852
0.053592
0.065784
0.075580
0.083436
0.089520
0.093428
0.097232
0.102484
0.109928
0.120140
0.130568
0.136948
0.134456
0.120624
0.096992
0.068356
0.042356
0.028124
0.029356
0.042144
0.059544
0.073376
0.076828
0.066244
0.044652
0.019916
0.000808
-0.006684
-0.002372
0.007780
0.015360
0.010788
-0.008452
-0.040028
-0.078128
-0.113352
-0.136068
-0.141096
-0.129040
-0.105680
-0.078304
-0.053708
-0.035708
-0.025136
-0.021020
-0.021040
-0.023236
-0.025996
-0.029504
-0.033588
-0.037504
-0.039864
-0.037628
-0.027636
-0.010044
0.011340
0.031416
0.044056
0.044268
0.031472
0.007892
-0.021128
-0.045732
-0.057420
-0.053240
-0.037112
-0.016088
-0.000696
-0.000752
-0.019136
-0.053340
-0.094828
-0.129340
-0.141940
-0.130564
-0.101760
-0.065176
-0.033384
-0.017408
-0.021976
-0.043976
-0.074128
-0.100556
-0.112908
-0.109120
-0.093732
-0.071976
-0.053376
-0.045808
-0.050436
-0.062796
-0.076644
-0.086364
-0.088444
-0.082872
-0.071960
-0.058816
-0.046512
-0.038520
-0.036300
-0.037828
-0.041032
-0.043404
-0.043156
-0.039116
-0.030728
-0.017056
0.002296
0.026264
0.053644
0.082936
0.110532
0.133244
0.147996
0.151748
0.143348
0.124760
0.101812
0.079904
0.061932
0.048844
0.040400
0.035368
0.032604
0.031388
0.032700
0.035472
0.037440
0.035792
0.027956
0.013116
-0.007396
-0.028000
-0.043200
-0.047848
-0.038368
-0.015840
0.015544
0.050496
0.081600
0.103236
0.110672
0.104676
0.090220
0.071076
0.049340
0.029068
0.012720
0.000476
-0.005176
-0.002644
0.009228
0.030140
0.056724
0.084196
0.107340
0.121492
0.123000
0.112588
0.094908
0.077456
0.065744
0.059952
0.059044
0.059928
0.058916
0.055024
0.049852
0.047116
0.048804
0.054648
0.061528
0.065972
0.064792
0.057064
0.045244
0.033560
0.025880
0.023524
0.025900
0.030112
0.031536
0.027872
0.018972
0.007156
-0.002804
-0.007228
-0.003764
0.007900
0.023388
0.037552
0.045904
0.045444
0.035676
0.020224
0.003936
-0.007588
-0.010672
-0.003960
0.011376
0.033188
0.056616
0.075652
0.086500
0.086772
0.075632
0.055216
0.030032
0.004712
-0.015564
-0.026312
-0.028880
-0.026984
-0.024136
-0.023884
-0.028928
-0.038372
-0.048828
-0.055988
-0.055792
-0.046524
-0.031668
-0.016988
-0.007788
-0.009304
-0.023612
-0.049136
-0.080640
-0.110092
-0.131128
-0.138816
-0.133976
-0.123156
-0.113756
-0.110548
-0.115088
-0.125160
-0.136796
-0.143564
-0.139868
-0.125196
-0.102876
-0.076404
-0.050836
-0.029940
-0.016264
-0.010004
-0.010300
-0.015924
-0.026088
-0.039228
-0.053556
-0.064640
-0.069712
-0.067656
-0.058372
-0.044352
-0.030072
-0.021308
-0.022792
-0.035236
-0.054360
-0.075080
-0.091748
-0.096840
-0.085904
-0.061360
-0.030660
-0.001456
0.020220
0.030564
0.028136
0.016088
0.001556
-0.009748
-0.014212
-0.009832
0.003368
0.021300
0.039576
0.054136
0.063056
0.066000
0.063088
0.057016
0.051152
0.047864
0.047360
0.049060
0.050072
0.047476
0.041220
0.032644
0.023404
0.015444
0.011912
0.014188
0.021008
0.030840
0.040648
0.048444
0.051896
0.048660
0.038472
0.023280
0.006440
-0.008132
-0.017220
-0.018520
-0.011452
0.002424
0.020788
0.039560
0.055776
0.067876
0.073728
0.073984
0.068488
0.057224
0.042212
0.027988
0.018184
0.015896
0.021536
0.032956
0.047444
0.058952
0.061380
0.052388
0.032596
0.004464
-0.025004
-0.047580
-0.057552
-0.053324
-0.036632
-0.012096
0.012760
0.030668
0.037392
0.033544
0.024584
0.016916
0.016840
0.024624
0.037220
0.048872
0.051792
0.040596
0.016372
-0.012492
-0.036624
-0.047308
-0.041524
-0.023636
-0.002160
0.011364
0.008084
-0.012608
-0.045216
-0.079112
-0.101516
-0.103564
-0.084388
-0.050572
-0.011552
0.020980
0.035800
0.027156
-0.002036
-0.042064
-0.080028
-0.104972
-0.112348
-0.101648
-0.080052
-0.057552
-0.044636
-0.044784
-0.054960
-0.067356
-0.072424
-0.064492
-0.042736
-0.011128
0.019656
0.038384
0.039112
0.023944
-0.000764
-0.025740
-0.042648
-0.046112
-0.036792
-0.019568
-0.001228
0.011748
0.015500
0.011876
0.005108
-0.001492
-0.004256
-0.000828
0.005252
0.009548
0.008220
0.000020
-0.013100
-0.027292
-0.037856
-0.042944
-0.044348
-0.044280
-0.045060
-0.048008
-0.050660
-0.047560
-0.034732
-0.011532
0.020656
0.055940
0.084880
0.099556
0.097464
0.081432
0.058580
0.039572
0.032388
0.039928
0.058372
0.079416
0.094192
0.097144
0.087884
0.070036
0.053016
0.045808
0.050188
0.060332
0.067320
0.060840
0.037380
0.000096
-0.042284
-0.075180
-0.086372
-0.072924
-0.039396
0.002516
0.037928
0.053084
0.043404
0.011416
-0.033168
-0.074880
-0.098672
-0.100732
-0.085688
-0.062080
-0.040992
-0.031468
-0.035480
-0.048640
-0.063132
-0.068880
-0.059812
-0.036668
-0.005696
0.022880
0.039756
0.040564
0.025568
-0.000152
-0.027264
-0.045960
-0.050432
-0.039264
-0.017592
0.004920
0.018952
0.018696
0.005656
-0.013340
-0.028628
-0.032312
-0.022644
-0.003012
0.019472
0.035296
0.037712
0.026544
0.007616
-0.009656
-0.017484
-0.012432
0.003792
0.023968
0.038220
0.039096
0.025660
0.001300
-0.026844
-0.050252
-0.061272
-0.056564
-0.037916
-0.011428
0.015004
0.032720
0.035784
0.025256
0.006356
-0.012848
-0.025592
-0.029324
-0.025892
-0.019364
-0.014548
-0.014868
-0.021676
-0.033008
-0.041900
-0.042608
-0.033480
-0.016328
0.005280
0.023924
0.033212
0.031832
0.023056
0.012496
0.007236
0.011648
0.025380
0.045664
0.068876
0.090180
0.104164
0.108832
0.105196
0.096232
0.085456
0.074560
0.064352
0.054252
0.043208
0.030324
0.015892
0.003100
-0.004416
-0.003956
0.004620
0.019764
0.037360
0.053388
0.064868
0.069628
0.069292
0.066284
0.064320
0.062824
0.059272
0.052384
0.039672
0.019544
-0.004612
-0.024712
-0.033540
-0.027912
-0.009232
0.017068
0.042556
0.058884
0.060740
0.046896
0.023100
-0.002436
-0.022968
-0.033976
-0.035152
-0.029756
-0.022824
-0.019392
-0.021580
-0.027860
-0.033024
-0.032132
-0.024088
-0.010560
0.005292
0.017556
0.021076
0.015028
0.001196
-0.015624
-0.028796
-0.033152
-0.028940
-0.020076
-0.012540
-0.011468
-0.020332
-0.037540
-0.057984
-0.074928
-0.083428
-0.080820
-0.066820
-0.045000
-0.021924
-0.005520
0.000648
-0.003168
-0.014036
-0.026368
-0.035004
-0.037456
-0.033940
-0.027052
-0.021488
-0.022156
-0.030332
-0.044332
-0.059592
-0.071356
-0.074932
-0.067776
-0.052700
-0.034276
-0.018752
-0.010216
-0.009412
-0.015368
-0.023568
-0.029984
-0.031208
-0.026660
-0.018172
-0.008272
-0.000460
0.002264
0.000420
-0.003592
-0.006132
-0.005224
-0.000040
0.008580
0.017976
0.022912
0.020696
0.013684
0.004728
-0.004492
-0.011568
-0.014536
-0.014944
-0.015428
-0.017348
-0.021432
-0.025464
-0.026868
-0.024384
-0.018192
-0.009024
0.002516
0.013676
0.021400
0.024988
0.024520
0.021116
0.015476
0.008920
0.003772
0.001620
0.002916
0.006968
0.013040
0.020952
0.028568
0.034508
0.038524
0.038892
0.035528
0.028124
0.019116
0.010604
0.002716
-0.002916
-0.006188
-0.009072
-0.010788
-0.008984
-0.003984
0.003500
0.011396
0.016484
0.016036
0.009736
0.000652
-0.006548
-0.007616
0.000748
0.016420
0.033748
0.046348
0.049060
0.039868
0.021476
0.000524
-0.016096
-0.022020
-0.014024
0.004188
0.025568
0.041936
0.046276
0.037000
0.017764
-0.005356
-0.023540
-0.029076
-0.020080
-0.000080
0.022008
0.036076
0.036088
0.021128
-0.004020
-0.029952
-0.047128
-0.049168
-0.037200
-0.016928
0.004132
0.018548
0.022380
0.014784
-0.000676
-0.015704
-0.023768
-0.023176
-0.015328
-0.005332
0.002080
0.005500
0.004644
0.003180
0.004612
0.008372
0.012320
0.012556
0.006444
-0.005304
-0.019492
-0.030392
-0.033672
-0.028136
-0.015228
0.000880
0.013516
0.017212
0.011312
-0.001224
-0.015944
-0.026508
-0.028560
-0.022656
-0.011044
0.000688
0.005536
0.001004
-0.011512
-0.028408
-0.043972
-0.052924
-0.053596
-0.046192
-0.033736
-0.021484
-0.012280
-0.008476
-0.010776
-0.015252
-0.017980
-0.016064
-0.007732
0.005352
0.019764
0.031944
0.038936
0.039508
0.035092
0.028808
0.024088
0.023092
0.025112
0.028764
0.030960
0.030436
0.026960
0.021480
0.016412
0.014960
0.019576
0.029044
0.037968
0.042092
0.038772
0.024048
0.000428
-0.023504
-0.040536
-0.046284
-0.039104
-0.022740
-0.002872
0.014468
0.024324
0.026112
0.020768
0.011860
0.003736
-0.002004
-0.006036
-0.010056
-0.015892
-0.024272
-0.033832
-0.040724
-0.042256
-0.038424
-0.028872
-0.016576
-0.004284
0.004844
0.008068
0.005304
-0.001560
-0.009480
-0.016856
-0.023500
-0.029172
-0.034468
-0.038860
-0.040768
-0.038108
-0.030672
-0.020692
-0.010196
-0.000624
0.006608
0.011556
0.015372
0.020080
0.026584
0.033132
0.039068
0.041688
0.039088
0.033332
0.027528
0.022948
0.020908
0.023992
0.030704
0.035980
0.036780
0.030456
0.015736
-0.005536
-0.027884
-0.044868
-0.053856
-0.052552
-0.040432
-0.021120
-0.000376
0.015860
0.022904
0.019108
0.006268
-0.010644
-0.024824
-0.029184
-0.022292
-0.005864
0.015752
0.036004
0.047812
0.047972
0.037092
0.019820
0.003340
-0.008680
-0.015344
-0.015748
-0.011948
-0.008040
-0.007072
-0.009636
-0.014404
-0.020196
-0.025288
-0.027432
-0.026304
-0.022064
-0.016652
-0.011780
-0.009440
-0.008804
-0.008952
-0.010304
-0.011948
-0.013900
-0.015892
-0.016320
-0.013784
-0.007052
0.002476
0.012352
0.019708
0.021600
0.016000
0.004764
-0.007032
-0.014272
-0.012784
-0.001656
0.016332
0.035892
0.051728
0.059944
0.058328
0.047456
0.030444
0.013124
0.000100
-0.008876
-0.014628
-0.017124
-0.016612
-0.012384
-0.003940
0.006772
0.017276
0.025636
0.030392
0.031360
0.028512
0.021876
0.012312
0.002108
-0.005564
-0.009356
-0.008900
-0.005016
-0.000228
0.002764
0.004628
0.006004
0.008972
0.015160
0.023508
0.030476
0.031968
0.025336
0.010776
-0.009864
-0.030652
-0.042712
-0.040276
-0.023716
0.001328
0.026324
0.042088
0.043576
0.029932
0.005796
-0.018468
-0.034132
-0.037660
-0.030488
-0.018100
-0.006496
-0.002364
-0.006164
-0.012696
-0.017912
-0.019108
-0.015184
-0.008512
-0.001936
0.002004
0.003636
0.003548
0.003064
0.004160
0.007820
0.013268
0.017648
0.017832
0.013156
0.004844
-0.005872
-0.015284
-0.021820
-0.025196
-0.024044
-0.021424
-0.020676
-0.021556
-0.023504
-0.026356
-0.027580
-0.026028
-0.022932
-0.018888
-0.016156
-0.016756
-0.019576
-0.022628
-0.023592
-0.020100
-0.013000
-0.004356
0.003684
0.007980
0.007624
0.002816
-0.003264
-0.006452
-0.004232
0.003124
0.012828
0.021616
0.027308
0.028164
0.024216
0.017536
0.011320
0.007776
0.007084
0.009480
0.012556
0.013772
0.013016
0.011820
0.011896
0.014600
0.021552
0.030296
0.037988
0.042880
0.043368
0.039828
0.034104
0.028696
0.025220
0.024264
0.024904
0.024584
0.022584
0.019488
0.015800
0.014592
0.016288
0.019948
0.024556
0.028472
0.030508
0.028116
0.021004
0.011960
0.002760
-0.004104
-0.005368
-0.002468
0.003184
0.009860
0.014388
0.015888
0.015108
0.013428
0.010864
0.008300
0.006320
0.002656
-0.004028
-0.014416
-0.026656
-0.035876
-0.038252
-0.032860
-0.020984
-0.006360
0.005272
0.008780
0.003336
-0.008000
-0.021728
-0.032152
-0.034584
-0.028736
-0.018224
-0.007932
-0.002380
-0.003368
-0.011240
-0.023032
-0.034520
-0.043900
-0.049076
-0.050748
-0.050860
-0.050184
-0.050004
-0.048292
-0.042836
-0.034024
-0.022864
-0.011796
-0.003288
-0.001148
-0.006676
-0.017048
-0.027744
-0.035736
-0.038360
-0.035004
-0.027840
-0.020328
-0.016168
-0.016056
-0.017536
-0.018904
-0.018164
-0.012280
-0.003304
0.004952
0.010600
0.010820
0.003348
-0.009800
-0.024136
-0.036804
-0.044576
-0.045252
-0.039124
-0.028916
-0.019156
-0.012672
-0.009860
-0.009868
-0.010404
-0.008888
-0.004516
0.000856
0.005028
0.005304
0.002416
-0.001396
-0.004720
-0.006320
-0.005368
-0.000920
0.006600
0.014880
0.021664
0.026132
0.029464
0.031288
0.031424
0.030152
0.026404
0.020888
0.016648
0.016460
0.021956
0.031396
0.042228
0.051452
0.056708
0.055496
0.046504
0.033132
0.020644
0.011752
0.006916
0.006036
0.007072
0.008036
0.008096
0.008436
0.010768
0.017184
0.028208
0.039256
0.046984
0.048300
0.040336
0.025064
0.006240
-0.010756
-0.020980
-0.022980
-0.018028
-0.010360
-0.004956
-0.004172
-0.007464
-0.012676
-0.016800
-0.018108
-0.015672
-0.010608
-0.005896
-0.004900
-0.007640
-0.012924
-0.017368
-0.017388
-0.012704
-0.003712
0.007488
0.017504
0.024516
0.026320
0.022352
0.013556
0.003152
-0.006044
-0.012304
-0.014424
-0.014600
-0.013464
-0.011992
-0.011052
-0.008852
-0.005076
0.000188
0.006196
0.012728
0.018204
0.020140
0.017404
0.010968
0.003824
-0.002488
-0.007788
-0.011452
-0.014196
-0.016824
-0.019296
-0.019812
-0.018100
-0.014900
-0.010312
-0.006516
-0.005920
-0.009672
-0.016400
-0.024668
-0.033216
-0.039592
-0.042180
-0.040728
-0.036152
-0.030292
-0.024632
-0.020616
-0.018200
-0.016748
-0.015704
-0.012208
-0.005848
0.002140
0.010492
0.015476
0.016552
0.014784
0.012444
0.012784
0.016344
0.022352
0.027756
0.030248
0.028588
0.022736
0.016584
0.012744
0.013280
0.019208
0.029388
0.039692
0.045800
0.046684
0.043092
0.036844
0.031484
0.029340
0.031376
0.036504
0.041352
0.042892
0.038240
0.028796
0.016576
0.003756
-0.004916
-0.005964
-0.000668
0.008240
0.016348
0.020180
0.018292
0.010904
0.001500
-0.005752
-0.008328
-0.005400
-0.000164
0.002880
0.001272
-0.005552
-0.014784
-0.021680
-0.024292
-0.021748
-0.014976
-0.007188
-0.000736
0.001088
-0.002464
-0.010768
-0.021376
-0.030772
-0.036872
-0.039584
-0.038404
-0.033832
-0.028480
-0.024352
-0.021624
-0.020500
-0.019888
-0.019104
-0.019108
-0.020140
-0.022692
-0.027188
-0.030556
-0.030872
-0.028184
-0.022084
-0.013180
-0.004236
0.001268
0.002096
-0.002760
-0.012868
-0.024360
-0.033468
-0.037420
-0.037380
-0.034444
-0.030020
-0.025900
-0.022672
-0.019216
-0.015120
-0.010280
-0.004224
0.001320
0.004464
0.005448
0.004848
0.002820
0.001624
0.002744
0.005712
0.009028
0.011140
0.010736
0.007104
0.001576
-0.004316
-0.008564
-0.011892
-0.015200
-0.017628
-0.018512
-0.017764
-0.015400
-0.011624
-0.007004
-0.003160
-0.002128
-0.004568
-0.008568
-0.011516
-0.011556
-0.008928
-0.004660
0.000864
0.005796
0.007752
0.008056
0.008052
0.008220
0.009092
0.011432
0.014644
0.016428
0.016284
0.015180
0.014404
0.015428
0.018984
0.024452
0.029632
0.033004
0.034068
0.032232
0.028816
0.025780
0.025212
0.027716
0.031832
0.034980
0.034156
0.028768
0.019812
0.009920
0.004124
0.003332
0.007584
0.015936
0.024620
0.031136
0.032728
0.028264
0.019856
0.010708
0.003360
0.001184
0.003700
0.008264
0.012332
0.013776
0.011864
0.007676
0.004292
0.003136
0.005540
0.011276
0.018652
0.024252
0.027056
0.027280
0.025832
0.023504
0.020248
0.016772
0.013308
0.010304
0.006876
0.003052
0.000680
-0.000304
-0.000260
-0.000288
-0.000292
-0.000288
-0.000616
-0.001764
-0.004012
-0.007316
-0.010148
-0.012444
-0.013460
-0.012472
-0.009716
-0.006712
-0.004464
-0.003940
-0.005468
-0.006528
-0.005820
-0.003692
-0.001860
-0.001080
-0.002540
-0.005704
-0.009868
-0.014560
-0.018776
-0.021592
-0.022600
-0.022416
-0.020532
-0.017360
-0.014352
-0.011884
-0.010456
-0.010288
-0.011036
-0.012344
-0.013280
-0.013064
-0.011764
-0.009388
-0.006828
-0.003940
-0.001124
0.001656
0.003344
0.002608
-0.000460
-0.005428
-0.010140
-0.012720
-0.012676
-0.010668
-0.006476
-0.001880
0.001724
0.004304
0.005764
0.006924
0.009276
0.012344
0.014904
0.016000
0.014860
0.010360
0.003508
-0.003812
-0.010712
-0.015664
-0.016772
-0.014072
-0.008856
-0.002528
0.002632
0.004952
0.004508
0.002188
-0.000984
-0.003212
-0.004588
-0.005448
-0.006072
-0.007572
-0.009228
-0.010728
-0.011884
-0.012884
-0.013476
-0.012952
-0.011728
-0.010016
-0.007780
-0.003564
0.002440
0.007768
0.011540
0.012880
0.011228
0.008204
0.005684
0.004228
0.003776
0.003892
0.003984
0.003464
0.002764
0.001764
0.001484
0.002804
0.005248
0.007888
0.009108
0.006980
0.001536
-0.005836
-0.011932
-0.014052
-0.011828
-0.005812
-0.000932
0.000444
-0.002300
-0.008824
-0.016488
-0.023320
-0.026824
-0.024812
-0.018272
-0.010784
-0.003688
0.001924
0.004488
0.003536
0.000120
-0.004868
-0.010664
-0.016316
-0.020360
-0.022872
-0.022448
-0.020688
-0.018912
-0.016292
-0.014052
-0.013340
-0.013072
-0.012548
-0.010016
-0.005836
-0.002208
0.000536
0.001976
0.002140
0.002288
0.002412
0.002200
0.001520
0.002236
0.004260
0.007348
0.011796
0.017360
0.023936
0.030460
0.035304
0.037380
0.035592
0.030680
0.023924
0.016624
0.010268
0.005744
0.003324
0.002344
0.001776
0.000240
-0.002372
-0.005872
-0.008448
-0.007912
-0.002780
0.006808
0.019216
0.031324
0.039288
0.040820
0.035288
0.024640
0.012276
0.003656
0.002572
0.008672
0.019200
0.029544
0.037236
0.040748
0.040264
0.037164
0.032672
0.028440
0.025780
0.023776
0.021276
0.018660
0.016832
0.015308
0.015952
0.018136
0.020736
0.021876
0.019652
0.013676
0.004708
-0.003916
-0.009396
-0.010100
-0.006680
-0.001636
0.002148
0.002320
-0.001172
-0.005300
-0.006432
-0.003328
0.002600
0.008848
0.012892
0.013404
0.010476
0.004692
-0.001308
-0.005144
-0.006536
-0.005288
-0.002828
-0.001068
-0.001388
-0.003548
-0.006372
-0.010416
-0.015300
-0.018860
-0.021264
-0.022432
-0.020808
-0.016596
-0.011084
-0.006132
-0.004412
-0.005932
-0.009448
-0.014264
-0.018288
-0.020200
-0.019264
-0.015924
-0.010892
-0.006624
-0.005804
-0.008844
-0.015692
-0.024924
-0.033844
-0.040488
-0.042928
-0.038504
-0.028708
-0.015600
-0.002184
0.008300
0.012488
0.008988
-0.000492
-0.012392
-0.023152
-0.029192
-0.027892
-0.020328
-0.009756
-0.000644
0.003488
0.001980
-0.003584
-0.009648
-0.011848
-0.009988
-0.006012
-0.001964
0.000984
0.000668
-0.001976
-0.004172
-0.004756
-0.002188
0.002640
0.008060
0.011940
0.012480
0.009092
0.003200
-0.003092
-0.007904
-0.010652
-0.010852
-0.009084
-0.005756
-0.002180
0.002276
0.007840
0.013632
0.018700
0.021892
0.022776
0.020856
0.015016
0.007192
-0.000580
-0.006332
-0.008812
-0.009328
-0.009236
-0.010256
-0.011608
-0.012948
-0.012588
-0.007560
0.003044
0.016976
0.029544
0.036772
0.036128
0.028128
0.015952
0.004552
-0.002688
-0.005180
-0.003744
-0.000280
0.002392
0.002884
0.002100
0.002584
0.005488
0.010256
0.015532
0.019820
0.021396
0.019388
0.013488
0.006280
0.000860
-0.001888
-0.000240
0.006208
0.014864
0.023380
0.030056
0.032452
0.029980
0.023868
0.016152
0.009292
0.004692
0.003724
0.006836
0.011324
0.015304
0.016876
0.014124
0.008436
0.000720
-0.005976
-0.009036
-0.008476
-0.004744
-0.000288
0.002396
0.001836
-0.001956
-0.007432
-0.012404
-0.016384
-0.017820
-0.016080
-0.013040
-0.010220
-0.009184
-0.010264
-0.011172
-0.010576
-0.009104
-0.006616
-0.002784
0.001096
0.003412
0.003856
0.002760
0.001536
0.000740
-0.000968
-0.002232
-0.002444
-0.001796
-0.001092
-0.000684
-0.000444
0.000204
0.001128
0.002328
0.003848
0.005588
0.007504
0.010064
0.012228
0.013124
0.013852
0.014352
0.013400
0.010724
0.006408
0.001204
-0.003460
-0.006404
-0.006364
-0.003004
0.002848
0.009316
0.014064
0.015296
0.013144
0.007988
0.001384
-0.005204
-0.010716
-0.012964
-0.011296
-0.009104
-0.008188
-0.007576
-0.007912
-0.008252
-0.008888
-0.009836
-0.011048
-0.012436
-0.012916
-0.013168
-0.013732
-0.014372
-0.014448
-0.013660
-0.013904
-0.015220
-0.016472
-0.018276
-0.019192
-0.018600
-0.016484
-0.014420
-0.013868
-0.013952
-0.014204
-0.014036
-0.013012
-0.011380
-0.009992
-0.010052
-0.012072
-0.014364
-0.016232
-0.017460
-0.016924
-0.014332
-0.012016
-0.010124
-0.008696
-0.009812
-0.011800
-0.012704
-0.011872
-0.008840
-0.002988
0.003360
0.008192
0.011268
0.012424
0.012480
0.012368
0.012220
0.012688
0.013208
0.013416
0.013120
0.011536
0.009100
0.006352
0.003580
0.001320
0.000384
0.000796
0.001420
0.002868
0.005028
0.007748
0.011716
0.016264
0.020116
0.021708
0.019636
0.013900
0.004864
-0.004800
-0.011976
-0.014216
-0.012224
-0.007760
-0.002776
0.000860
0.001796
0.000840
-0.000184
-0.001176
-0.002300
-0.003464
-0.005492
-0.009068
-0.013640
-0.019236
-0.024648
-0.028312
-0.028732
-0.026024
-0.021196
-0.015000
-0.009368
-0.005256
-0.003244
-0.003204
-0.005204
-0.008008
-0.010632
-0.012792
-0.012980
-0.011328
-0.009704
-0.008436
-0.007092
-0.005612
-0.003800
-0.002364
-0.000376
0.003588
0.008148
0.012956
0.016472
0.018276
0.018988
0.017924
0.015580
0.014220
0.014724
0.017244
0.020912
0.024980
0.028632
0.031432
0.032436
0.031824
0.029896
0.026592
0.022796
0.018328
0.013568
0.008888
0.004432
0.000860
-0.001580
-0.002248
-0.002560
-0.002884
-0.003752
-0.006708
-0.010772
-0.012656
-0.012480
-0.010452
-0.006068
-0.000408
0.004628
0.007864
0.007984
0.004568
-0.000404
-0.005100
-0.008156
-0.008332
-0.005708
-0.001544
0.002572
0.004904
0.004732
0.001796
-0.002672
-0.006972
-0.009636
-0.009128
-0.005648
-0.001404
0.002448
0.004976
0.005576
0.004332
0.002344
0.001108
0.001680
0.003892
0.006140
0.007772
0.008620
0.008260
0.006840
0.004828
0.003768
0.005428
0.008324
0.010260
0.010640
0.009488
0.006620
0.002348
-0.001968
-0.004632
-0.005300
-0.004300
-0.001660
0.001120
0.002968
0.004532
0.005036
0.004536
0.003552
0.002028
-0.000060
-0.002380
-0.004232
-0.005752
-0.006916
-0.008008
-0.008392
-0.007776
-0.006808
-0.004968
-0.002764
0.000408
0.004864
0.009084
0.012044
0.012720
0.010804
0.007244
0.003540
0.001440
0.001956
0.005448
0.010876
0.015536
0.018216
0.018412
0.015180
0.009880
0.004072
-0.000660
-0.002828
-0.003348
-0.002560
-0.001616
-0.001396
-0.001800
-0.003156
-0.003784
-0.002532
-0.000416
0.001016
0.001740
0.001240
-0.001568
-0.007188
-0.013312
-0.018372
-0.021184
-0.022196
-0.022648
-0.023852
-0.026792
-0.030272
-0.032476
-0.032972
-0.031904
-0.028740
-0.023956
-0.019048
-0.015760
-0.014440
-0.013872
-0.013180
-0.011028
-0.007064
-0.003096
-0.000684
0.000756
0.001912
0.002464
0.003156
0.004884
0.006592
0.007092
0.006024
0.004624
0.002276
0.000268
0.000536
0.002696
0.005364
0.008168
0.010664
0.012120
0.012324
0.011560
0.009868
0.008460
0.007632
0.007228
0.006676
0.005744
0.004996
0.005556
0.007768
0.011676
0.016188
0.019904
0.022420
0.023124
0.022300
0.020244
0.017944
0.017096
0.017460
0.018808
0.020292
0.020676
0.019888
0.017704
0.014048
0.009920
0.005532
0.001732
-0.000476
-0.001696
-0.002180
-0.002152
-0.002256
-0.002560
-0.003272
-0.004592
-0.005428
-0.006292
-0.006284
-0.005224
-0.003412
-0.000616
0.001716
0.003512
0.004572
0.004476
0.003692
0.002132
0.000236
-0.001456
-0.002280
-0.003648
-0.006176
-0.009556
-0.013492
-0.016404
-0.017480
-0.016444
-0.013836
-0.011156
-0.009576
-0.009308
-0.011068
-0.013188
-0.013880
-0.012900
-0.011144
-0.010212
-0.011032
-0.012996
-0.015096
-0.016216
-0.015744
-0.012884
-0.007380
0.000176
0.007728
0.012656
0.013824
0.012240
0.008464
0.002548
-0.002988
-0.006472
-0.008028
-0.007428
-0.006332
-0.006028
-0.007252
-0.009424
-0.011552
-0.012524
-0.011656
-0.008956
-0.004504
0.000100
0.003128
0.004292
0.004180
0.003584
0.003632
0.004864
0.007236
0.010464
0.012660
0.012472
0.010416
0.006984
0.003180
0.000744
-0.000344
-0.001368
-0.002216
-0.004196
-0.007464
-0.010852
-0.013088
-0.013152
-0.011428
-0.008388
-0.005520
-0.004024
-0.004464
-0.006200
-0.007776
-0.007224
-0.004916
-0.001284
0.002500
0.004416
0.004544
0.003108
0.000828
-0.001396
-0.001944
-0.001008
0.001068
0.003868
0.006280
0.007716
0.008304
0.008100
0.007644
0.006820
0.006060
0.005272
0.003844
0.001840
-0.000936
-0.003740
-0.005308
-0.005968
-0.005628
-0.003912
-0.001728
0.000160
0.000964
0.000736
-0.000068
-0.000844
-0.001836
-0.002768
-0.003068
-0.003176
-0.003492
-0.003580
-0.003296
-0.002592
-0.001540
-0.000620
-0.000136
0.000004
0.000088
0.000492
0.001484
0.002816
0.003640
0.003052
0.000788
-0.002540
-0.006124
-0.008572
-0.008984
-0.007176
-0.003996
-0.000776
0.001280
0.001484
0.000292
-0.001292
-0.002800
-0.003484
-0.002628
-0.000732
0.001312
0.002324
0.001976
0.000852
-0.000344
-0.001188
-0.001460
-0.000960
0.000072
0.001272
0.002140
0.002356
0.002128
0.001720
0.001396
0.001420
0.001804
0.002016
0.001836
0.001180
0.000232
-0.000496
-0.000732
-0.000428
0.000304
0.001216
0.002064
0.002744
0.003060
0.003264
0.003620
0.003972
0.004364
0.004580
0.004200
0.003220
0.001972
0.000512
-0.000844
-0.001708
-0.002020
-0.001936
-0.001672
-0.001312
-0.000976
-0.000664
-0.000276
0.000052
0.000380
0.000608
0.000604
0.000460
0.000240
-0.000076
-0.000272
-0.000292
-0.000212
-0.000120
-0.000012
0.000064
0.000160
0.000204
0.000268
0.000372
0.000464
0.000500
0.000504
0.000472
0.000404
0.000360
0.000304
0.000216
0.000136
0.000076
0.000040
0.000044
0.000088
0.000124
0.000184
0.000240
0.000268
0.000296
0.000352
0.000428
0.000508
0.000568
0.000572
0.000552
0.000488
0.000388
0.000288
0.000216
0.000156
0.000112
0.000104
0.000116
0.000156
0.000216
0.000280
0.000332
0.000384
0.000416
0.000424
0.000424
0.000420
0.000412
0.000400
0.000400
0.000408
0.000416
0.000424
0.000436
0.000448
0.000460
0.000464
0.000456
0.000436
0.000412
0.000392
0.000376
0.000364
0.000360
0.000368
0.000376
0.000376
0.000380
0.000388
0.000392
0.000396
0.000400
0.000408
0.000412
0.000416
0.000424
0.000428
0.000436
0.000444
0.000452
0.000464
0.000472
0.000480
0.000488
0.000496
0.000504
0.000512
0.000520
0.000532
0.000540
0.000548
0.000556
0.000564
0.000572
0.000580
0.000588
0.000596
0.000604
0.000612
0.000620
0.000628
0.000636
0.000644
0.000652
0.000660
0.000664
