0.001173
0.001317
0.001035
0.000561
0.001334
0.003070
0.003965
0.002475
0.000366
-0.000819
-0.001812
-0.004198
-0.007322
-0.007464
-0.002738
0.005589
0.006142
-0.000636
0.001968
0.004073
0.000461
0.002480
0.001090
-0.005882
-0.004036
0.005330
0.014225
0.020723
0.006913
-0.021571
-0.028390
-0.019012
-0.016268
-0.007664
0.015369
0.019256
-0.004606
-0.016027
-0.006050
0.003380
0.017522
0.051037
0.069221
0.029422
-0.055974
-0.091308
-0.026385
0.042172
0.066366
0.048604
-0.022183
-0.057183
-0.015415
0.010221
0.008009
0.005098
-0.018018
-0.035182
-0.021208
0.002143
0.004977
-0.019962
-0.048252
-0.052948
-0.033074
0.002566
0.040496
0.031977
-0.013627
-0.003679
0.053999
0.059060
-0.007726
-0.052862
-0.033472
-0.001007
0.029075
0.049909
0.041443
0.010346
-0.029597
-0.036610
-0.005807
0.001420
-0.007515
0.001128
0.013019
0.033328
0.050749
0.013220
-0.043947
-0.047155
-0.002261
0.047463
0.069417
0.061474
0.004549
-0.069264
-0.067077
-0.030176
-0.030007
-0.007011
0.032576
0.023773
0.005151
-0.001682
-0.022034
-0.025317
-0.005461
-0.007937
-0.020411
-0.012293
0.005485
0.032744
0.047885
0.018629
-0.038776
-0.077759
-0.050050
0.001004
0.026059
0.004368
-0.052648
-0.044220
0.027894
0.076500
0.084128
0.054964
-0.035395
-0.125236
-0.104273
0.009690
0.111160
0.095018
-0.005801
-0.041054
-0.002011
0.014350
-0.005168
-0.041182
-0.081923
-0.070168
-0.023137
0.055138
0.135921
0.073380
-0.072195
-0.118851
-0.026078
0.054028
0.013531
-0.041255
-0.043509
-0.018508
0.014481
0.025093
0.001581
-0.022651
-0.012286
0.012021
0.016730
0.029767
0.061671
0.054107
-0.002368
-0.035373
-0.017741
0.009439
0.013201
0.042135
0.084589
0.051619
-0.027229
-0.077512
-0.038786
0.046868
0.065477
0.026410
-0.024962
-0.075292
-0.061028
0.022721
0.055288
0.025616
0.015426
0.010959
-0.006716
0.000320
0.029536
0.030261
0.008389
0.005544
0.008205
-0.006677
-0.024158
-0.034502
-0.038506
-0.032558
-0.015611
0.028787
0.063195
0.037997
0.007522
0.004507
0.004887
-0.001511
-0.022755
-0.043335
-0.025472
0.011838
0.015699
0.003984
0.008850
0.009374
-0.007597
-0.040220
-0.065577
-0.046619
-0.003772
0.040860
0.073646
0.018267
-0.092684
-0.090535
-0.013618
0.040798
0.092573
0.078023
0.019862
-0.006587
-0.018028
-0.015946
-0.020780
-0.044242
-0.058389
-0.048017
-0.024440
-0.000409
0.026009
0.039635
0.020007
-0.028639
-0.069508
-0.055127
0.021973
0.072204
0.027600
-0.029331
-0.056165
-0.034586
0.052116
0.069286
-0.003638
-0.041398
-0.044586
-0.034915
0.028615
0.089931
0.068243
0.007464
-0.031394
-0.021576
0.023012
0.038375
0.014463
-0.003571
-0.005235
-0.003244
-0.006594
-0.019297
-0.018060
-0.003255
-0.000818
0.022337
0.072926
0.064077
-0.006182
-0.045280
-0.033469
-0.011395
-0.002416
-0.001951
-0.015808
-0.036267
-0.028713
-0.004445
0.004252
0.002317
-0.010510
-0.027650
-0.030800
-0.032045
-0.021489
0.009877
0.046199
0.070330
0.041182
-0.003609
0.010214
0.039643
0.045857
0.041159
0.022621
0.017930
0.032787
0.021580
-0.012484
-0.019259
0.002256
0.014121
-0.002714
-0.035168
-0.040244
-0.018177
-0.003438
0.013927
0.032264
0.012586
-0.019628
-0.010119
0.020456
0.056390
0.089518
0.068617
0.020134
-0.039070
-0.100311
-0.054208
0.050945
0.075224
0.035297
0.001803
-0.023541
-0.056163
-0.047239
0.021965
0.085804
0.067683
-0.005790
-0.038922
-0.022929
-0.001982
0.001360
0.003530
0.017578
0.038360
0.053700
0.029285
-0.015381
-0.028119
-0.016298
-0.018225
-0.051146
-0.099522
-0.113044
-0.078336
-0.050748
-0.040498
-0.011279
0.017631
0.025560
0.023059
-0.014529
-0.071806
-0.065881
-0.006047
0.012542
0.048474
0.101178
0.021833
-0.057043
-0.032628
-0.002161
0.047351
0.060693
0.004288
-0.031801
-0.032159
-0.010486
0.005469
-0.004462
-0.012819
-0.004559
0.012645
0.022189
0.008295
-0.022803
-0.023372
0.019523
0.044227
0.031854
0.005132
-0.028633
-0.055904
-0.059740
-0.017891
0.030753
0.047259
0.041970
0.008598
-0.022690
-0.026471
-0.002473
0.040163
0.063034
0.050431
0.028652
0.019578
0.006302
-0.015499
-0.022801
-0.011500
0.006883
0.025902
0.028833
0.007787
-0.014705
-0.028522
-0.027599
-0.012028
0.007223
0.032004
0.033911
-0.006621
-0.057181
-0.066294
-0.008800
0.058419
0.053168
-0.007483
-0.033837
-0.014783
0.008818
0.026944
0.051777
0.064121
0.015857
-0.032304
-0.012775
0.009437
0.010917
0.013548
-0.011177
-0.057943
-0.069159
-0.035990
-0.011573
0.024200
0.060469
0.012886
-0.046322
-0.039384
-0.015039
0.021406
0.050981
0.032545
0.011959
0.017650
0.015768
-0.002347
-0.026741
-0.033053
-0.005727
0.007122
0.003399
0.035325
0.061955
0.034066
-0.014651
-0.030374
-0.005198
0.004757
-0.008680
-0.012117
-0.007158
0.000197
0.008094
0.011804
0.004851
-0.008619
-0.023089
-0.027799
-0.015504
-0.005597
0.003022
0.019835
0.023462
0.010861
0.001795
-0.005995
-0.032004
-0.063972
-0.058390
-0.028952
-0.011226
0.012468
0.037236
0.020201
-0.025299
-0.025216
0.018346
0.029578
-0.013011
-0.057424
-0.062732
-0.044532
-0.016952
-0.006645
-0.015007
-0.003072
0.011051
0.003101
-0.006326
-0.010867
-0.024328
-0.021489
0.022421
0.056479
0.049632
0.019460
-0.024783
-0.040163
-0.019970
-0.017290
-0.019401
0.000125
0.000709
-0.019362
-0.017456
-0.010363
-0.022269
-0.036629
-0.019766
0.036345
0.068746
0.043681
0.001673
-0.020725
-0.005779
0.018420
0.010928
0.007554
0.023512
0.020633
0.014642
0.008264
-0.029195
-0.055383
-0.029548
0.015109
0.039477
0.026936
0.008365
0.008865
-0.007841
-0.033929
-0.016046
0.036166
0.079321
0.060087
-0.010593
-0.021316
0.017444
0.022012
0.015447
0.003603
-0.017674
-0.016209
0.000670
0.012715
0.004733
-0.010839
-0.000478
0.036425
0.066139
0.049128
-0.006248
-0.068207
-0.071948
-0.013419
0.016297
0.032827
0.036822
0.001959
-0.009513
0.001350
0.013839
0.038562
0.041371
0.009623
-0.021007
-0.027899
-0.017429
-0.006937
-0.002378
-0.002639
-0.008413
-0.013479
-0.012268
-0.009131
-0.007262
-0.003060
0.005713
0.008186
0.003873
0.005199
0.008085
0.005909
0.000490
-0.002903
-0.024537
-0.068416
-0.068695
-0.035236
-0.024784
-0.002419
0.031959
0.033079
0.006588
-0.019482
-0.046142
-0.058212
-0.026821
-0.003325
-0.012707
-0.014919
-0.010471
-0.013587
-0.012390
-0.001518
0.011262
0.018830
0.014495
0.008388
0.008993
0.005390
-0.011249
-0.026514
-0.016690
-0.000479
-0.004416
-0.007071
0.004929
0.015975
0.027764
0.053236
0.070072
0.043006
-0.003449
-0.035438
-0.030649
0.016041
0.040289
0.030857
0.020255
0.002139
-0.010248
-0.010426
-0.011828
-0.011275
-0.004259
-0.003893
-0.014132
-0.015172
-0.006877
-0.004154
0.000213
0.004363
-0.001175
-0.003229
0.001167
0.000261
-0.002221
0.009783
0.030639
0.020184
-0.012400
-0.021852
-0.020636
-0.014199
0.002266
-0.003270
-0.029371
-0.035393
-0.015661
0.005111
0.021048
0.025998
0.008920
-0.012812
-0.017062
0.000253
0.017471
0.002619
-0.037358
-0.061414
-0.038357
0.012280
0.051798
0.050099
0.011903
-0.009892
-0.004397
0.012628
0.031005
0.030633
0.018662
0.014502
0.018795
0.022842
0.020251
0.013391
0.008788
0.006822
0.007550
0.013753
0.021290
0.016140
0.001271
-0.000317
0.014145
0.028322
0.029959
0.014064
-0.006012
-0.005375
0.011306
0.023763
0.030990
0.025442
0.010775
0.010804
0.016826
0.010813
-0.002084
-0.015622
-0.018528
-0.006106
0.006596
0.010792
0.003549
-0.014637
-0.030777
-0.027682
-0.011775
0.004715
0.014122
-0.005312
-0.027805
-0.020235
-0.007739
-0.006375
-0.009856
-0.010942
-0.003313
0.009480
0.019370
0.020672
0.012594
0.001419
-0.002641
0.004650
0.013123
0.013044
0.007119
-0.000909
-0.005869
-0.003983
-0.000811
0.003128
0.014976
0.021263
0.005650
-0.012922
-0.019247
-0.015188
-0.000601
0.008860
0.002833
-0.012720
-0.028797
-0.030113
-0.017128
-0.003975
0.005983
0.005255
-0.011928
-0.022143
-0.014226
-0.007292
-0.004655
-0.001235
0.001167
0.001525
-0.003543
-0.009058
-0.011613
-0.018501
-0.027547
-0.033741
-0.031567
-0.016915
0.005700
0.022460
0.011383
-0.008263
-0.002148
0.011924
0.017241
0.019431
0.014822
0.005577
-0.005352
-0.010080
-0.003676
-0.002149
-0.005626
-0.006378
-0.003482
0.006057
0.017212
0.017131
0.004650
0.000191
0.008276
0.013878
0.014102
0.012475
0.007750
0.002670
0.003151
0.005305
0.003334
-0.002443
-0.007928
-0.001171
0.012906
0.012500
0.005900
0.011530
0.020593
0.023674
0.020785
0.005126
-0.012935
-0.014371
-0.007920
-0.003430
-0.002118
-0.004749
-0.001617
0.005205
0.001693
-0.009568
-0.017820
-0.019832
-0.016243
-0.011819
-0.007986
0.000203
0.004891
-0.003342
-0.015473
-0.018945
-0.009423
0.007009
0.025351
0.031337
0.011004
-0.006314
-0.005110
-0.004082
-0.000612
0.006372
0.008541
0.010788
0.013479
0.009775
0.002164
-0.008718
-0.018801
-0.012776
-0.000994
0.002170
0.013128
0.030804
0.029584
0.008459
-0.014981
-0.024113
-0.014505
-0.000714
0.005711
0.002090
-0.001509
0.003410
0.007760
0.009062
0.008265
0.002518
-0.007172
-0.017377
-0.017933
-0.009527
-0.003910
-0.004362
-0.012311
-0.023193
-0.025792
-0.021306
-0.019492
-0.022225
-0.027865
-0.034540
-0.034671
-0.023493
-0.004161
0.009333
0.005326
-0.003031
-0.006854
-0.016304
-0.018103
-0.000804
0.003165
-0.013646
-0.020442
-0.015857
-0.010423
-0.003338
-0.003318
-0.010156
-0.013088
-0.013987
-0.016466
-0.018655
-0.018450
-0.014841
-0.008372
0.000488
0.007802
0.004267
-0.011498
-0.025747
-0.022974
-0.005837
0.008420
0.008583
-0.004672
-0.019559
-0.022732
-0.012880
0.003322
0.015570
0.011968
-0.000040
-0.006364
-0.006336
0.004233
0.017480
0.013367
-0.002607
-0.011640
-0.014108
-0.015027
-0.009278
0.002156
0.011562
0.014734
0.010573
0.007133
0.012801
0.021921
0.030584
0.035701
0.029846
0.020480
0.022985
0.033253
0.037394
0.034273
0.028127
0.025410
0.028168
0.030256
0.029716
0.030005
0.031752
0.030780
0.027371
0.024036
0.021855
0.022980
0.022329
0.013290
0.001676
0.000670
0.008533
0.008059
0.000231
-0.003166
-0.005028
-0.008391
-0.010624
-0.010051
-0.007244
-0.003665
0.001651
0.005605
0.003937
-0.004324
-0.014550
-0.018018
-0.013483
-0.005806
-0.000915
-0.002221
-0.006486
-0.009326
-0.012500
-0.017948
-0.021762
-0.023355
-0.025231
-0.024325
-0.018401
-0.008902
-0.004401
-0.008824
-0.009417
-0.003388
0.003396
0.011012
0.010481
-0.001049
-0.007211
-0.007321
-0.011228
-0.013211
-0.011126
-0.010569
-0.006394
0.005643
0.013175
0.006016
-0.008894
-0.015663
-0.007662
0.006837
0.015316
0.013630
0.007181
0.002364
0.003507
0.006251
0.005497
0.005011
0.004826
0.002183
0.001747
0.005359
0.008587
0.011191
0.012982
0.011815
0.008728
0.005839
0.003395
-0.000830
-0.006597
-0.008842
-0.005174
0.001251
0.004100
0.001504
0.000704
0.002353
0.001423
0.000142
0.000780
0.002713
0.005646
0.005325
-0.001798
-0.007016
-0.005481
-0.003625
-0.000051
0.007176
0.010990
0.007870
0.003073
0.000195
-0.000733
-0.000285
-0.001529
-0.003384
-0.001794
0.001544
0.005841
0.013563
0.010960
-0.005006
-0.011240
-0.003352
0.009400
0.017690
0.014392
0.004896
-0.003978
-0.007858
-0.005968
0.002292
0.014041
0.006659
-0.017843
-0.023113
-0.006636
0.008687
0.010980
0.000292
-0.012608
-0.017453
-0.015634
-0.008764
0.001966
0.004047
-0.004677
-0.009645
-0.009888
-0.014633
-0.019674
-0.017486
-0.011475
-0.007616
-0.006179
-0.005314
-0.005061
-0.006736
-0.009135
-0.010071
-0.008922
-0.006273
-0.003293
-0.000970
-0.000506
-0.003172
-0.005320
-0.001132
0.004435
0.005383
0.002257
-0.004248
-0.009753
-0.008000
-0.002021
-0.000306
-0.000358
0.001517
0.003315
0.004202
0.001789
-0.002823
-0.005295
-0.003002
0.001643
0.001641
-0.002698
-0.004872
-0.000632
0.006652
0.011362
0.012395
0.007525
0.001303
-0.001528
-0.001531
0.001965
0.002347
-0.001013
0.000178
0.003966
0.005825
0.007849
0.008034
0.004747
0.002356
-0.000447
-0.005400
-0.009858
-0.010068
-0.003486
0.004483
0.004386
-0.000308
0.001097
0.003420
0.001053
-0.000160
0.002618
0.007835
0.012295
0.009778
0.005584
0.009406
0.012740
0.009169
0.001572
-0.006259
-0.008482
-0.002532
0.005483
0.010594
0.011196
0.003580
-0.002440
0.000042
0.002332
0.002003
0.000336
-0.004326
-0.007975
-0.007702
-0.007142
-0.007221
-0.007038
-0.006260
-0.004053
-0.000483
0.003241
0.006750
0.007596
0.004157
0.000119
-0.005457
-0.009972
-0.005538
0.000716
0.001116
0.000324
0.000045
0.000956
0.004797
0.008960
0.008201
0.002277
-0.000731
-0.000057
0.000965
0.004183
0.006169
0.004224
0.002204
0.000984
-0.001313
-0.000567
0.003877
0.005601
0.006051
0.005249
0.000530
-0.004251
-0.008752
-0.008604
-0.002801
-0.001624
-0.003630
-0.003559
-0.003236
-0.002956
-0.002382
0.000091
0.004051
0.001953
-0.005504
-0.009233
-0.009204
-0.009895
-0.011081
-0.007603
-0.001838
0.000337
0.002435
-0.001278
-0.011405
-0.012460
-0.007445
-0.005388
-0.003655
-0.001105
-0.000406
-0.002596
-0.003169
-0.000377
0.000711
-0.001138
-0.002483
-0.001922
0.001520
0.006132
0.009035
0.008669
0.005082
0.002779
0.001794
0.000585
-0.000008
0.000478
0.003852
0.007488
0.007286
0.004695
0.004015
0.004912
0.004688
0.003741
0.001884
0.000883
0.002790
0.003555
0.000642
-0.002724
-0.004476
-0.004516
-0.002426
0.000698
0.005170
0.010474
0.013260
0.011754
0.007269
0.003061
-0.002211
-0.007617
-0.004519
0.007383
0.018088
0.017898
0.003164
-0.011607
-0.008869
0.003857
0.011543
0.014266
0.012880
0.001297
-0.008387
-0.003836
0.000240
-0.001141
-0.001143
-0.002852
-0.005629
-0.005947
-0.006278
-0.009199
-0.012583
-0.012850
-0.010106
-0.007957
-0.009487
-0.011909
-0.010128
-0.005808
-0.001689
-0.001155
-0.005343
-0.009307
-0.014303
-0.020765
-0.023243
-0.018704
-0.005789
0.003926
0.001256
-0.000703
0.000010
-0.001319
0.001031
0.005803
0.006276
0.000170
-0.004369
-0.003104
-0.000814
0.002199
0.005478
0.008245
0.010727
0.010554
0.003999
-0.005972
-0.005778
0.003052
0.008819
0.011342
0.008496
0.003481
0.001078
0.000946
0.005301
0.007322
0.001969
-0.001425
0.000692
0.002508
0.005289
0.007623
0.005968
0.005660
0.009155
0.014123
0.017826
0.014960
0.008897
0.007205
0.008427
0.011387
0.014642
0.012023
0.004449
0.002112
0.005647
0.008020
0.008518
0.009469
0.011265
0.012890
0.014156
0.013020
0.006653
-0.000446
0.002013
0.010329
0.013031
0.010017
0.001761
-0.007673
-0.010039
-0.005980
-0.001238
-0.001955
-0.007247
-0.008323
-0.004610
-0.000599
0.003272
0.004103
0.001054
-0.000745
0.001014
0.002185
-0.000371
-0.003207
-0.004434
-0.006141
-0.007102
-0.006314
-0.005505
-0.003981
-0.001865
-0.004422
-0.012142
-0.016870
-0.016120
-0.014140
-0.012222
-0.012084
-0.013980
-0.012304
-0.006207
-0.003241
-0.007080
-0.013481
-0.016772
-0.016409
-0.013441
-0.007367
-0.002093
-0.000243
0.001819
0.003563
-0.001484
-0.011120
-0.015102
-0.013259
-0.009495
-0.000420
0.007602
0.008315
0.005536
-0.002271
-0.008135
-0.004588
0.007078
0.017891
0.012010
-0.001592
-0.006339
-0.005547
-0.001388
0.008553
0.016008
0.013119
0.002822
-0.006216
-0.006191
0.000841
0.009599
0.014272
0.010450
0.000843
-0.006752
-0.006067
-0.001774
0.000329
0.000254
-0.002643
-0.005907
-0.005213
-0.002010
-0.000945
-0.003900
-0.007502
-0.008206
-0.007820
-0.008541
-0.008994
-0.007955
-0.007810
-0.009357
-0.009044
-0.006684
-0.006149
-0.008783
-0.012509
-0.013611
-0.008697
-0.001348
0.001807
-0.001885
-0.010607
-0.014615
-0.010570
-0.005967
-0.003152
0.000449
0.004602
0.007050
0.006112
0.003664
0.002945
0.002057
0.003135
0.008732
0.011640
0.009077
0.006681
0.006723
0.007522
0.008618
0.009423
0.009288
0.008338
0.007604
0.008822
0.011010
0.012388
0.011254
0.007204
0.004496
0.003910
0.002342
0.000281
-0.001186
-0.003103
-0.001546
0.008472
0.017877
0.017793
0.013227
0.005932
-0.001753
-0.001512
0.003755
0.009297
0.012896
0.008114
0.000046
-0.002292
0.000318
0.004290
0.004791
0.001642
0.000681
0.004978
0.010911
0.013448
0.011069
0.007836
0.009232
0.012165
0.011170
0.006246
0.001679
0.000362
-0.001234
-0.003793
-0.001775
0.002824
0.004572
0.005395
0.004700
0.002339
0.001752
0.000997
-0.001223
-0.003426
-0.004640
-0.003552
-0.002053
-0.001844
-0.001537
-0.002583
-0.004885
-0.006068
-0.009762
-0.014705
-0.014186
-0.013156
-0.014794
-0.013029
-0.009812
-0.008526
-0.006818
-0.007132
-0.010457
-0.012360
-0.011568
-0.008855
-0.006594
-0.005603
-0.005974
-0.008277
-0.009952
-0.008933
-0.004901
-0.001343
0.000440
0.002369
0.000719
-0.003269
-0.004490
-0.003253
-0.000334
0.001923
0.002495
0.001253
-0.001098
-0.000214
0.003003
0.003233
0.000116
-0.002222
-0.002805
-0.004013
-0.004538
-0.003391
-0.003121
-0.003428
-0.001702
0.002063
0.004669
0.005686
0.005272
0.002210
0.000336
0.001212
0.001185
0.000184
0.000600
0.001510
0.002259
0.004241
0.006579
0.006602
0.003128
-0.000788
-0.002403
-0.000123
0.004841
0.007469
0.007396
0.005528
0.004042
0.005936
0.008294
0.007955
0.002244
-0.006711
-0.008300
-0.001203
0.005250
0.007731
0.007686
0.004879
0.001724
0.002777
0.006067
0.006512
0.004662
0.002987
0.003676
0.006598
0.007048
0.004774
0.003726
0.003148
0.001372
0.000619
0.001891
0.000968
-0.004174
-0.008345
-0.008127
-0.003041
0.004083
0.006047
0.003658
0.003172
0.004177
0.003006
-0.000190
-0.003312
-0.006848
-0.008531
-0.005338
-0.002235
-0.004417
-0.009270
-0.011820
-0.010218
-0.006268
-0.004675
-0.007484
-0.011102
-0.011991
-0.012365
-0.012794
-0.010848
-0.008014
-0.005186
-0.004436
-0.006769
-0.008170
-0.008752
-0.007695
-0.002605
0.001174
0.002739
0.003652
0.001006
-0.003940
-0.008905
-0.010989
-0.008156
-0.003633
0.000093
0.001693
0.001766
0.003806
0.004933
0.002590
0.000617
-0.001523
-0.004193
-0.004568
-0.003389
-0.000927
0.003235
0.006361
0.006403
0.003483
-0.000604
-0.001965
-0.001819
-0.003273
-0.002450
0.003327
0.011151
0.014650
0.012302
0.010307
0.009996
0.009269
0.010397
0.014065
0.016091
0.014157
0.010234
0.007857
0.007846
0.007660
0.006220
0.006807
0.010036
0.012187
0.012803
0.011867
0.010462
0.011756
0.014064
0.015048
0.014173
0.010116
0.003982
-0.000371
0.000381
0.004033
0.006434
0.007743
0.007103
0.004062
0.002257
0.002120
0.003214
0.005229
0.004603
0.000899
-0.002199
-0.002945
-0.000049
0.005190
0.006186
0.002282
-0.001604
-0.004038
-0.005709
-0.007591
-0.009169
-0.007816
-0.005650
-0.005318
-0.005656
-0.006540
-0.007241
-0.006928
-0.005916
-0.004919
-0.002735
-0.000394
-0.003365
-0.008224
-0.009094
-0.007640
-0.005169
-0.003688
-0.003470
-0.002295
-0.000716
-0.000883
-0.002641
-0.003750
-0.004935
-0.006068
-0.005584
-0.005366
-0.005944
-0.005861
-0.005514
-0.005516
-0.005200
-0.003583
-0.001455
0.001214
0.003561
0.001748
-0.001077
-0.001330
-0.002900
-0.004986
-0.004622
-0.004376
-0.005578
-0.006645
-0.006325
-0.004092
-0.001861
-0.000733
0.000956
0.003299
0.004319
0.003364
0.002811
0.002170
-0.000918
-0.003764
-0.004609
-0.005644
-0.007700
-0.007119
-0.002552
0.001569
0.003050
0.001156
-0.001467
-0.001899
-0.002177
-0.001384
0.000236
0.000528
0.001078
0.002540
0.002581
-0.000290
-0.003449
-0.005259
-0.003758
0.001976
0.006307
0.005309
0.000429
-0.002428
-0.000899
0.001587
0.003384
0.003769
0.002079
0.000135
-0.000285
-0.000704
-0.002005
-0.001773
0.001053
0.003514
0.003018
0.000510
-0.000151
0.001929
0.002707
0.000688
-0.000907
0.001273
0.005704
0.008709
0.009717
0.006943
0.001377
0.000563
0.004790
0.005843
0.002190
-0.000726
-0.002001
-0.002913
-0.000704
0.003120
0.003891
0.000712
-0.003177
-0.004023
-0.004556
-0.005264
-0.004230
-0.003886
-0.003904
-0.003894
-0.005020
-0.006012
-0.005538
-0.003495
-0.001554
-0.000027
0.000805
-0.000886
-0.002570
-0.002832
-0.003996
-0.005705
-0.007302
-0.008087
-0.006645
-0.004790
-0.004665
-0.006877
-0.010184
-0.012135
-0.011069
-0.007459
-0.005022
-0.004271
-0.004899
-0.006543
-0.006880
-0.006461
-0.005636
-0.005052
-0.005712
-0.005943
-0.003961
-0.001104
0.000594
0.001062
0.000794
0.001043
0.001892
0.002397
0.002856
0.003326
0.002319
-0.000026
-0.001835
-0.001715
0.001700
0.004983
0.005179
0.004554
0.004112
0.003777
0.002292
-0.000283
-0.002107
-0.001564
0.001298
0.003009
0.004065
0.005219
0.004179
0.003325
0.003449
0.001626
-0.000837
0.001308
0.007406
0.010478
0.012041
0.013751
0.010890
0.007301
0.006847
0.007729
0.009256
0.009795
0.008556
0.006538
0.006471
0.008797
0.010016
0.008088
0.004428
0.001668
0.002395
0.007892
0.013128
0.015923
0.016005
0.011683
0.008488
0.008093
0.008911
0.010358
0.008563
0.004892
0.003047
0.002723
0.003868
0.005005
0.004141
0.002727
0.002720
0.004172
0.004365
0.000578
-0.003550
-0.004225
-0.001989
0.001804
0.004916
0.005770
0.002827
-0.000633
-0.002027
-0.004228
-0.004880
-0.003560
-0.003982
-0.004475
-0.003865
-0.003531
-0.004191
-0.006008
-0.007539
-0.007298
-0.005784
-0.005031
-0.004742
-0.003995
-0.003776
-0.003689
-0.003098
-0.003356
-0.005340
-0.007267
-0.008680
-0.009916
-0.007565
-0.002969
-0.000484
-0.000521
-0.003484
-0.006119
-0.006645
-0.006082
-0.004099
-0.003530
-0.005001
-0.005824
-0.004954
-0.003187
-0.003469
-0.005943
-0.007249
-0.006954
-0.006174
-0.005650
-0.006110
-0.007048
-0.007465
-0.006805
-0.005691
-0.006521
-0.009175
-0.010660
-0.009436
-0.006493
-0.004287
-0.002614
-0.002806
-0.005238
-0.004285
-0.001149
-0.000839
-0.002533
-0.004386
-0.005494
-0.006822
-0.006986
-0.004233
-0.002378
-0.001630
0.000376
0.002559
0.005543
0.007839
0.005998
0.003837
0.004931
0.006533
0.006326
0.004114
0.001546
0.000588
0.001560
0.003042
0.003465
0.004018
0.004975
0.005227
0.005579
0.006271
0.006469
0.005936
0.005381
0.005275
0.004549
0.002730
0.000830
0.000013
0.001756
0.004426
0.005332
0.004732
0.003366
0.002693
0.002508
0.001476
0.000559
0.001116
0.002414
0.003065
0.003446
0.003036
0.001840
0.001277
0.000701
0.001676
0.005133
0.006734
0.007044
0.008118
0.006952
0.004975
0.004343
0.002615
-0.000147
-0.001454
0.000278
0.002908
0.003771
0.002439
-0.000945
-0.003672
-0.003789
-0.001113
0.002058
0.002807
0.000667
-0.002232
-0.002503
-0.002596
-0.003219
-0.001385
0.000226
0.000812
0.002429
0.002269
-0.000456
-0.001867
-0.002647
-0.003499
-0.001961
-0.000248
-0.001533
-0.004100
-0.004264
-0.002681
-0.002659
-0.004250
-0.006193
-0.006536
-0.004257
-0.002046
-0.001646
-0.002815
-0.004062
-0.003221
-0.002021
-0.002637
-0.003610
-0.002454
0.000131
0.001735
0.000924
-0.002729
-0.006006
-0.007342
-0.005880
-0.002187
-0.000943
-0.000436
0.000455
-0.000842
-0.000564
0.002759
0.004940
0.005575
0.004999
0.002718
0.001508
0.001984
0.002021
0.001406
0.001163
0.002006
0.003406
0.004393
0.005087
0.004746
0.003394
0.002714
0.002939
0.004134
0.005356
0.004701
0.003038
0.002266
0.002496
0.003282
0.003743
0.002054
-0.001361
-0.003993
-0.004531
-0.002191
0.000634
0.001193
-0.000007
-0.001757
-0.002379
-0.001396
0.000269
0.001225
0.000705
-0.000611
-0.001285
-0.000347
0.001622
0.002631
0.001644
-0.000011
0.000502
0.003873
0.007222
0.007712
0.004230
0.000187
-0.000453
-0.000240
-0.001621
-0.002905
-0.003632
-0.003785
-0.002252
-0.000206
0.000153
-0.002133
-0.005136
-0.006568
-0.006129
-0.004009
-0.002702
-0.001944
-0.000262
-0.000637
-0.002735
-0.003383
-0.003037
-0.002683
-0.002591
-0.002638
-0.002287
-0.001903
-0.001630
-0.001298
-0.002082
-0.004381
-0.005642
-0.004412
-0.002885
-0.002443
-0.002230
-0.003081
-0.004813
-0.005254
-0.002736
0.001184
0.002837
0.003475
0.002473
-0.001093
-0.002856
-0.004331
-0.006896
-0.005699
-0.002577
-0.001349
0.001433
0.004522
0.002827
-0.000010
0.000210
0.001562
0.002609
0.003200
0.003570
0.004018
0.004737
0.004385
0.001476
-0.001212
-0.002477
-0.004645
-0.005355
-0.002790
-0.001189
-0.001152
-0.001669
-0.003219
-0.003731
-0.002515
-0.001261
-0.000703
-0.000020
0.000374
0.000020
0.000088
0.000597
0.000965
0.001246
0.001583
0.001904
0.002176
0.002473
0.002309
0.001669
0.001316
0.001654
0.002448
0.003049
0.002966
0.002096
0.001162
0.001224
0.002539
0.003658
0.003346
0.002978
0.003847
0.005281
0.005324
0.003647
0.002451
0.002723
0.004209
0.005924
0.006089
0.004150
0.002057
0.001485
0.001164
0.000055
-0.000572
0.000539
0.001902
0.002506
0.003062
0.002177
0.000328
-0.000245
0.000557
0.002103
0.003155
0.003017
0.002038
0.001363
0.001181
0.001078
0.001536
0.001796
0.000855
-0.000568
-0.001457
-0.001943
-0.002188
-0.002414
-0.002907
-0.003529
-0.004418
-0.004858
-0.003168
-0.000662
0.000436
0.001475
0.002125
0.001544
0.001673
0.001771
0.000516
-0.000640
-0.001261
-0.002177
-0.003166
-0.003330
-0.002913
-0.002870
-0.002694
-0.002090
-0.002173
-0.003060
-0.003025
-0.000828
0.001402
0.002169
0.002030
0.000799
-0.000084
-0.000562
-0.000390
0.001816
0.003566
0.004460
0.004051
0.001117
-0.000730
-0.001719
-0.002144
0.000547
0.001187
-0.002357
-0.004532
-0.004692
-0.003418
-0.000846
-0.000662
-0.002250
-0.001845
-0.000127
0.001042
0.001222
0.000006
-0.001614
-0.001910
-0.000470
0.000323
-0.001789
-0.003924
-0.003398
-0.001454
0.000002
-0.000589
-0.002838
-0.003867
-0.004194
-0.004234
-0.003636
-0.003497
-0.004061
-0.004872
-0.005557
-0.005487
-0.004462
-0.003418
-0.004020
-0.006359
-0.007785
-0.006963
-0.006109
-0.006395
-0.006310
-0.004923
-0.002939
-0.001584
-0.002232
-0.004159
-0.003870
-0.001910
-0.001563
-0.002356
-0.003113
-0.003258
-0.002171
-0.000852
-0.001053
-0.002576
-0.003800
-0.003778
-0.001962
-0.000056
-0.000100
-0.000195
0.001033
0.002253
0.003013
0.004034
0.004406
0.002686
0.000830
-0.000107
-0.000456
0.001091
0.002848
0.003337
0.002921
0.001360
0.000698
0.001869
0.002816
0.002801
0.002234
0.001746
0.002819
0.004556
0.004533
0.002687
0.000786
0.000896
0.002768
0.003954
0.004352
0.005581
0.006189
0.004781
0.003502
0.003380
0.003875
0.004520
0.004739
0.004950
0.004508
0.003212
0.002391
0.002561
0.003732
0.004761
0.005472
0.006325
0.005680
0.004059
0.003812
0.004331
0.004233
0.003331
0.002084
0.001433
0.001705
0.002081
0.002016
0.002254
0.002858
0.002957
0.002686
0.002728
0.002410
0.001088
0.000675
0.002556
0.004166
0.003912
0.004194
0.004547
0.002833
0.001078
-0.000115
-0.001926
-0.002157
-0.000701
-0.000565
-0.001360
-0.001502
-0.001375
-0.001550
-0.002152
-0.002937
-0.003651
-0.003271
-0.001329
0.001898
0.005759
0.005513
0.000789
-0.002080
-0.002939
-0.004125
-0.003085
-0.000147
-0.000060
-0.002805
-0.003903
-0.002477
-0.001692
-0.002508
-0.003061
-0.002909
-0.002440
-0.001703
-0.001326
-0.001512
-0.001606
-0.001250
-0.000888
-0.000754
-0.001078
-0.001977
-0.002431
-0.002303
-0.002233
-0.001437
0.000077
0.000854
0.000326
-0.000629
-0.000897
-0.001115
-0.001815
-0.001717
-0.000736
-0.000311
-0.000426
-0.000277
0.000039
0.000005
-0.000435
-0.000730
-0.000684
-0.000570
-0.000639
-0.000842
-0.000985
-0.001067
-0.000620
0.000450
0.001243
0.000954
-0.000193
-0.000860
-0.001019
-0.000917
-0.000364
-0.000059
0.000175
-0.000091
-0.001160
-0.001569
-0.001434
-0.001344
-0.000998
-0.000749
-0.000867
-0.001051
-0.001004
-0.000745
-0.000461
-0.000249
-0.000030
0.000042
-0.000017
0.000194
0.000321
-0.000186
-0.000751
-0.000853
-0.000527
0.000175
0.000594
0.000583
0.000659
0.000541
-0.000287
-0.001113
-0.000932
0.000003
0.000888
0.001042
0.000593
0.000168
0.000015
0.000135
0.000524
0.000920
0.000922
0.000677
0.000505
0.000417
0.000423
0.000563
0.000681
0.000747
0.000706
0.000480
0.000304
0.000240
0.000225
0.000390
0.000669
0.000738
0.000613
0.000483
0.000389
0.000403
0.000465
0.000444
0.000375
0.000316
0.000280
0.000247
0.000208
0.000173
0.000157
0.000157
0.000141
0.000105
0.000071
0.000046
0.000018
-0.000012
-0.000032
-0.000049
-0.000076
-0.000105
-0.000136
-0.000169
-0.000196
-0.000219
-0.000242
-0.000266
-0.000295
-0.000324
-0.000354
-0.000382
-0.000408
