-0.000360
-0.000331
0.000042
0.000442
0.000401
0.000418
0.000436
0.000455
0.000474
0.000494
0.000516
0.000538
0.000559
0.000578
0.000595
0.000607
0.000613
0.000611
0.000602
0.000584
0.000559
0.000527
0.000492
0.000459
0.000430
0.000410
0.000398
0.000394
0.000396
0.000404
0.000414
0.000419
0.000421
0.000425
0.000433
0.000448
0.000474
0.000513
0.000562
0.000616
0.000674
0.000730
0.000770
0.000786
0.000776
0.000743
0.000694
0.000636
0.000564
0.000470
0.000349
0.000212
0.000085
-0.000007
-0.000051
-0.000042
0.000019
0.000122
0.000243
0.000354
0.000438
0.000482
0.000474
0.000411
0.000314
0.000205
0.000098
-0.000002
-0.000088
-0.000163
-0.000231
-0.000273
-0.000265
-0.000197
-0.000081
0.000056
0.000208
0.000388
0.000613
0.000879
0.001173
0.001478
0.001772
0.002024
0.002203
0.002281
0.002222
0.002000
0.001637
0.001205
0.000788
0.000440
0.000193
0.000058
0.000012
0.000011
0.000009
-0.000013
-0.000044
-0.000051
0.000016
0.000165
0.000363
0.000569
0.000766
0.000981
0.001248
0.001571
0.001908
0.002162
0.002243
0.002139
0.001887
0.001545
0.001220
0.001017
0.000962
0.000995
0.001036
0.001040
0.001010
0.000970
0.000952
0.000994
0.001144
0.001374
0.001558
0.001563
0.001325
0.000857
0.000229
-0.000471
-0.001177
-0.001812
-0.002225
-0.002294
-0.002039
-0.001555
-0.000930
-0.000217
0.000540
0.001259
0.001813
0.002111
0.002173
0.002055
0.001774
0.001335
0.000778
0.000201
-0.000249
-0.000480
-0.000567
-0.000695
-0.000951
-0.001276
-0.001620
-0.001982
-0.002308
-0.002476
-0.002390
-0.002079
-0.001652
-0.001192
-0.000702
-0.000088
0.000747
0.001802
0.002976
0.004111
0.005046
0.005618
0.005683
0.005154
0.004028
0.002460
0.000736
-0.000884
-0.002169
-0.002865
-0.002787
-0.001919
-0.000442
0.001328
0.003070
0.004468
0.005242
0.005273
0.004659
0.003657
0.002635
0.001948
0.001769
0.002075
0.002652
0.003233
0.003727
0.004158
0.004471
0.004530
0.004270
0.003756
0.003020
0.001938
0.000417
-0.001370
-0.002999
-0.004035
-0.004369
-0.004275
-0.004051
-0.003724
-0.003189
-0.002457
-0.001667
-0.000923
-0.000283
0.000156
0.000345
0.000358
0.000322
0.000297
0.000323
0.000391
0.000533
0.000910
0.001482
0.002004
0.002287
0.002316
0.002216
0.002024
0.001536
0.000490
-0.001030
-0.002611
-0.003807
-0.004291
-0.004080
-0.003470
-0.002733
-0.002166
-0.002120
-0.002861
-0.004518
-0.006917
-0.009567
-0.011857
-0.013140
-0.012952
-0.011325
-0.008721
-0.005645
-0.002545
0.000056
0.001561
0.001550
0.000154
-0.002017
-0.004182
-0.005637
-0.005964
-0.005004
-0.002934
-0.000400
0.001799
0.003012
0.002987
0.001984
0.000532
-0.000872
-0.001886
-0.002249
-0.001859
-0.000936
0.000025
0.000576
0.000510
-0.000185
-0.001374
-0.002754
-0.003888
-0.004462
-0.004520
-0.004407
-0.004587
-0.005368
-0.006692
-0.008315
-0.009828
-0.010649
-0.010292
-0.008518
-0.005545
-0.001933
0.001654
0.004599
0.006493
0.007137
0.006711
0.005849
0.005342
0.005729
0.007115
0.008999
0.010453
0.010604
0.008777
0.004744
-0.000867
-0.006630
-0.010861
-0.012411
-0.010974
-0.006948
-0.001300
0.004967
0.011049
0.016175
0.019607
0.020831
0.019890
0.017346
0.013933
0.010297
0.006905
0.004056
0.001941
0.000507
-0.000532
-0.001356
-0.001955
-0.002279
-0.002349
-0.002274
-0.002193
-0.002175
-0.002143
-0.001874
-0.001081
0.000309
0.002039
0.003745
0.005137
0.005941
0.005935
0.005076
0.003545
0.001871
0.000799
0.000853
0.001999
0.003568
0.004435
0.003457
0.000072
-0.005282
-0.011151
-0.015728
-0.017736
-0.016783
-0.013182
-0.007624
-0.000815
0.006543
0.013471
0.019032
0.022633
0.023934
0.022877
0.019826
0.015592
0.011114
0.007260
0.004629
0.003306
0.003014
0.003449
0.004385
0.005645
0.007149
0.008860
0.010533
0.011695
0.011920
0.011052
0.009357
0.007392
0.005442
0.003366
0.001012
-0.001464
-0.003808
-0.006040
-0.008408
-0.011198
-0.014720
-0.019175
-0.024238
-0.028886
-0.031909
-0.032782
-0.031782
-0.029574
-0.027095
-0.024963
-0.023071
-0.020972
-0.018416
-0.015549
-0.012390
-0.008717
-0.004420
0.000239
0.004726
0.008493
0.011029
0.012124
0.012088
0.011689
0.011615
0.011859
0.011792
0.010650
0.007981
0.003984
-0.000588
-0.004761
-0.007550
-0.008474
-0.007642
-0.005569
-0.003097
-0.001065
0.000077
0.000383
0.000220
0.000079
0.000512
0.002050
0.004810
0.008221
0.011353
0.013551
0.014553
0.014378
0.013282
0.011626
0.009806
0.007983
0.006104
0.004244
0.002515
0.001032
-0.000066
-0.000671
-0.000649
-0.000177
0.000268
0.000191
-0.000874
-0.003010
-0.005680
-0.007880
-0.008687
-0.008004
-0.006643
-0.005512
-0.005018
-0.004840
-0.004355
-0.003317
-0.001676
0.000433
0.002571
0.004349
0.005525
0.005803
0.004905
0.002688
-0.000713
-0.004725
-0.008407
-0.010489
-0.009881
-0.006331
-0.000721
0.005219
0.009716
0.011429
0.009816
0.005446
-0.000273
-0.005765
-0.010001
-0.012807
-0.014404
-0.014939
-0.014333
-0.012229
-0.008303
-0.002838
0.003348
0.009412
0.014631
0.018523
0.020785
0.021097
0.019153
0.014772
0.008195
0.000284
-0.007635
-0.014113
-0.017993
-0.018610
-0.016034
-0.011006
-0.004352
0.003355
0.011725
0.020268
0.028381
0.035453
0.040902
0.044350
0.045879
0.046025
0.045424
0.044590
0.043648
0.042303
0.040159
0.037015
0.033028
0.028787
0.025022
0.021914
0.019178
0.016425
0.013421
0.010032
0.006164
0.002163
-0.001339
-0.003678
-0.004269
-0.002927
0.000078
0.003912
0.007366
0.009247
0.008510
0.004882
-0.001206
-0.008801
-0.016419
-0.022503
-0.025891
-0.026131
-0.023447
-0.018397
-0.011797
-0.004982
0.000739
0.004702
0.006839
0.007209
0.005760
0.002639
-0.001645
-0.006440
-0.011060
-0.014978
-0.017805
-0.018970
-0.018076
-0.015153
-0.010831
-0.006074
-0.001820
0.001099
0.002277
0.001692
-0.000334
-0.003195
-0.006121
-0.008627
-0.010474
-0.011528
-0.011971
-0.011837
-0.011008
-0.009273
-0.006588
-0.003304
0.000682
0.005950
0.012552
0.019507
0.025759
0.030898
0.034761
0.037215
0.037675
0.035290
0.029667
0.021168
0.010901
0.000512
-0.008755
-0.016424
-0.022287
-0.026279
-0.028659
-0.030067
-0.031039
-0.031691
-0.031305
-0.029197
-0.025427
-0.020552
-0.015440
-0.010664
-0.006645
-0.003940
-0.002800
-0.002868
-0.003514
-0.004336
-0.005369
-0.007153
-0.010124
-0.013988
-0.017940
-0.020881
-0.021970
-0.021162
-0.018880
-0.015982
-0.013371
-0.011595
-0.010862
-0.010848
-0.011248
-0.011583
-0.011237
-0.009846
-0.007255
-0.003771
0.000277
0.004668
0.008626
0.011347
0.012639
0.012112
0.009918
0.006791
0.002851
-0.001843
-0.007292
-0.013510
-0.019943
-0.025837
-0.030384
-0.032774
-0.032869
-0.031066
-0.027861
-0.023690
-0.019013
-0.014542
-0.011052
-0.009269
-0.009899
-0.012972
-0.017692
-0.023451
-0.029740
-0.036039
-0.041765
-0.046326
-0.049155
-0.049679
-0.047554
-0.042275
-0.033782
-0.022515
-0.008984
0.005610
0.019727
0.031936
0.040882
0.045859
0.047107
0.045412
0.042109
0.038457
0.034788
0.031180
0.027816
0.025031
0.022988
0.021340
0.019498
0.016863
0.013098
0.008420
0.003651
-0.000284
-0.002755
-0.003628
-0.003148
-0.001858
-0.000520
0.000321
0.000210
-0.001149
-0.003381
-0.005784
-0.007738
-0.008867
-0.009135
-0.008850
-0.008996
-0.010633
-0.014077
-0.019171
-0.024975
-0.030241
-0.034299
-0.036673
-0.037100
-0.035237
-0.030898
-0.024828
-0.018058
-0.011568
-0.006532
-0.003798
-0.003730
-0.006429
-0.011279
-0.017286
-0.023730
-0.029677
-0.034587
-0.038243
-0.039760
-0.038510
-0.034422
-0.027838
-0.019524
-0.010518
-0.001783
0.005735
0.010965
0.013481
0.013637
0.012367
0.010890
0.010641
0.012710
0.017099
0.023266
0.030056
0.035725
0.039421
0.041133
0.040645
0.037731
0.032404
0.024891
0.015703
0.005809
-0.003751
-0.012167
-0.018695
-0.023180
-0.026049
-0.027692
-0.028385
-0.028006
-0.026101
-0.022218
-0.016290
-0.008919
-0.001095
0.006070
0.011794
0.015889
0.018482
0.019493
0.018865
0.016651
0.012623
0.006662
-0.000922
-0.009823
-0.019216
-0.027706
-0.034511
-0.038967
-0.040498
-0.038914
-0.033951
-0.025718
-0.014952
-0.002393
0.010750
0.022853
0.032364
0.037755
0.038481
0.034863
0.027837
0.019175
0.010575
0.002883
-0.003491
-0.008791
-0.013317
-0.017277
-0.021157
-0.024948
-0.028482
-0.031195
-0.032450
-0.032069
-0.030275
-0.027448
-0.024259
-0.021730
-0.020351
-0.019970
-0.020281
-0.021518
-0.023745
-0.026556
-0.029704
-0.033051
-0.036435
-0.039168
-0.040088
-0.038519
-0.034471
-0.028433
-0.021499
-0.014958
-0.009670
-0.005764
-0.002823
-0.000224
0.002097
0.003583
0.003793
0.002412
-0.000577
-0.004616
-0.009271
-0.014080
-0.018329
-0.021913
-0.024981
-0.027520
-0.029364
-0.030474
-0.031412
-0.032590
-0.033940
-0.034914
-0.034708
-0.032783
-0.029047
-0.023987
-0.018166
-0.012402
-0.007699
-0.004742
-0.004012
-0.005160
-0.007167
-0.008606
-0.008087
-0.005208
-0.000091
0.006749
0.014600
0.022781
0.030161
0.035304
0.036774
0.033558
0.025641
0.014239
0.001435
-0.010544
-0.020327
-0.027687
-0.033134
-0.037444
-0.040506
-0.041815
-0.041091
-0.038318
-0.034114
-0.029083
-0.023860
-0.019134
-0.015141
-0.011813
-0.008807
-0.005237
-0.000245
0.006286
0.013877
0.021502
0.028052
0.032773
0.035161
0.035519
0.034485
0.032565
0.030621
0.029111
0.028021
0.027267
0.026707
0.026185
0.025565
0.025044
0.024442
0.023600
0.022341
0.020153
0.017243
0.013622
0.009138
0.004234
-0.001691
-0.009213
-0.017495
-0.025550
-0.031841
-0.034456
-0.032079
-0.024312
-0.011583
0.004792
0.022862
0.040743
0.056962
0.070676
0.081634
0.089734
0.094328
0.094680
0.090705
0.082703
0.071449
0.057940
0.042876
0.027326
0.012560
-0.000048
-0.009169
-0.014570
-0.016348
-0.014716
-0.010651
-0.005070
0.001584
0.009070
0.017775
0.027640
0.037426
0.045902
0.051443
0.052896
0.050409
0.044510
0.036404
0.027744
0.019851
0.013864
0.010634
0.010771
0.014700
0.022118
0.032092
0.043090
0.053709
0.062701
0.068667
0.071465
0.071328
0.068622
0.063796
0.057000
0.048538
0.038600
0.028307
0.018915
0.011595
0.007282
0.005729
0.006522
0.008897
0.011881
0.014561
0.016270
0.017127
0.017155
0.016274
0.014774
0.012861
0.010659
0.008344
0.005819
0.003672
0.002731
0.002507
0.002582
0.002761
0.002439
0.001718
0.000994
0.000391
-0.000134
-0.000913
-0.002086
-0.003626
-0.004953
-0.004997
-0.003105
0.000616
0.005385
0.010285
0.014042
0.015737
0.014934
0.011424
0.006032
-0.000330
-0.006782
-0.012800
-0.018307
-0.023043
-0.026336
-0.027476
-0.026025
-0.022165
-0.016816
-0.010714
-0.005052
-0.000988
0.000839
-0.000074
-0.003928
-0.010629
-0.019239
-0.028286
-0.036511
-0.042748
-0.046168
-0.046390
-0.043982
-0.040133
-0.035474
-0.030836
-0.027137
-0.025078
-0.024590
-0.025114
-0.026792
-0.029126
-0.031859
-0.034714
-0.036787
-0.038290
-0.039166
-0.039234
-0.038354
-0.035868
-0.031439
-0.024807
-0.016966
-0.009377
-0.003272
-0.000294
-0.000628
-0.003555
-0.008387
-0.013922
-0.018433
-0.020644
-0.020887
-0.019401
-0.016598
-0.014036
-0.012410
-0.011132
-0.010271
-0.010463
-0.011098
-0.011061
-0.008958
-0.003822
0.004208
0.014055
0.023710
0.031541
0.036371
0.037625
0.036157
0.033111
0.029796
0.028304
0.029400
0.032584
0.037288
0.042306
0.045946
0.047243
0.046016
0.042147
0.036083
0.028761
0.021146
0.013621
0.006885
0.001599
-0.002294
-0.004173
-0.004193
-0.003602
-0.003177
-0.003317
-0.003882
-0.004071
-0.002645
0.001588
0.008648
0.017713
0.027953
0.038186
0.046686
0.052260
0.054480
0.052918
0.047810
0.040146
0.030245
0.018796
0.007539
-0.002941
-0.011495
-0.016377
-0.018331
-0.018287
-0.016660
-0.014882
-0.013696
-0.013280
-0.013630
-0.014384
-0.015272
-0.015850
-0.015682
-0.014187
-0.011216
-0.006761
-0.001069
0.004844
0.009983
0.012956
0.012746
0.008821
0.001109
-0.008967
-0.020190
-0.031659
-0.041900
-0.049937
-0.055278
-0.057964
-0.057686
-0.053901
-0.047554
-0.039467
-0.029991
-0.019193
-0.006976
0.006295
0.020074
0.033037
0.043532
0.050637
0.053958
0.053247
0.049022
0.041979
0.033246
0.024105
0.015844
0.009713
0.005805
0.004604
0.006012
0.009182
0.014127
0.020504
0.027442
0.034236
0.040027
0.043515
0.043760
0.040438
0.033565
0.024367
0.014796
0.006044
-0.000911
-0.005178
-0.006527
-0.005495
-0.002933
0.000384
0.003361
0.004949
0.005513
0.005293
0.004212
0.003162
0.002103
0.000588
-0.001321
-0.003426
-0.005602
-0.007366
-0.008274
-0.008329
-0.007871
-0.007949
-0.009201
-0.012091
-0.016985
-0.023328
-0.029908
-0.035904
-0.040927
-0.044411
-0.046236
-0.046415
-0.045139
-0.043487
-0.042339
-0.042154
-0.043130
-0.044889
-0.046771
-0.048018
-0.048375
-0.047475
-0.045219
-0.041978
-0.037646
-0.032327
-0.026547
-0.020994
-0.016198
-0.012498
-0.009860
-0.007911
-0.006731
-0.006715
-0.007812
-0.009829
-0.012448
-0.015479
-0.018685
-0.021275
-0.023183
-0.023994
-0.023056
-0.020830
-0.017540
-0.013109
-0.007140
0.000662
0.010351
0.022003
0.034954
0.048938
0.062979
0.075111
0.084432
0.090393
0.092564
0.091318
0.087303
0.080834
0.072857
0.064489
0.056154
0.048288
0.041395
0.035924
0.031714
0.027834
0.023272
0.017997
0.012581
0.007732
0.004558
0.003441
0.004365
0.006958
0.009858
0.011983
0.012890
0.011723
0.008312
0.003326
-0.002813
-0.009544
-0.016455
-0.022611
-0.027174
-0.029660
-0.029446
-0.026838
-0.021993
-0.015275
-0.007734
-0.000289
0.005860
0.009753
0.011341
0.011322
0.010456
0.009291
0.008228
0.007557
0.007302
0.007162
0.007374
0.008016
0.008684
0.009000
0.008942
0.009003
0.009227
0.009813
0.010878
0.011637
0.011641
0.010887
0.009185
0.007133
0.005391
0.003734
0.001944
0.000032
-0.002243
-0.005003
-0.008204
-0.011481
-0.014525
-0.017293
-0.019189
-0.020012
-0.019590
-0.017771
-0.014755
-0.010954
-0.007114
-0.003487
-0.000250
0.002370
0.004465
0.005998
0.006911
0.007328
0.007284
0.006929
0.006053
0.004580
0.003026
0.001861
0.001521
0.002083
0.003580
0.005748
0.007701
0.009016
0.009798
0.009267
0.006833
0.002853
-0.002096
-0.007158
-0.011627
-0.014643
-0.015938
-0.015790
-0.014569
-0.013277
-0.012545
-0.012866
-0.014679
-0.017746
-0.021314
-0.025074
-0.028692
-0.031249
-0.032714
-0.032840
-0.031445
-0.029114
-0.026190
-0.023155
-0.020155
-0.017198
-0.014369
-0.011396
-0.008560
-0.006269
-0.005105
-0.005565
-0.007065
-0.009406
-0.012070
-0.013954
-0.014878
-0.014607
-0.013022
-0.010238
-0.006477
-0.002606
0.000876
0.003562
0.004979
0.005483
0.005485
0.005002
0.004690
0.004914
0.005969
0.008209
0.011121
0.014259
0.017256
0.020136
0.022693
0.024412
0.025367
0.025265
0.023739
0.021023
0.017269
0.012741
0.008157
0.004468
0.002064
0.000462
-0.000454
-0.000378
0.000583
0.002628
0.005876
0.010171
0.015592
0.021776
0.027984
0.034076
0.040021
0.045329
0.049880
0.053552
0.056196
0.057232
0.056377
0.053637
0.048481
0.041460
0.033583
0.025910
0.019899
0.016227
0.015124
0.016417
0.019444
0.024042
0.029580
0.035006
0.039555
0.042227
0.041714
0.037796
0.031579
0.023904
0.015614
0.008165
0.002638
-0.000931
-0.002461
-0.002236
-0.001444
-0.001204
-0.002565
-0.006037
-0.011683
-0.019508
-0.028450
-0.037644
-0.046415
-0.053801
-0.059347
-0.062123
-0.061763
-0.058532
-0.052740
-0.045808
-0.038893
-0.032742
-0.028004
-0.024633
-0.022646
-0.021607
-0.020559
-0.018911
-0.016331
-0.012303
-0.006671
0.000424
0.008474
0.016358
0.023265
0.028883
0.033489
0.037201
0.040035
0.042450
0.044368
0.045403
0.045218
0.043510
0.040396
0.036035
0.031207
0.026856
0.023664
0.022299
0.022568
0.024030
0.026637
0.030488
0.034908
0.039345
0.043546
0.046759
0.048623
0.048736
0.046787
0.042632
0.036365
0.028853
0.020808
0.013071
0.005917
-0.000687
-0.006393
-0.011321
-0.015635
-0.019621
-0.022676
-0.024211
-0.024701
-0.023954
-0.022208
-0.020545
-0.019189
-0.017972
-0.016576
-0.014553
-0.012094
-0.009465
-0.006666
-0.004300
-0.002905
-0.002268
-0.002257
-0.002779
-0.003426
-0.003856
-0.004272
-0.004969
-0.006082
-0.007644
-0.009397
-0.011091
-0.012135
-0.012317
-0.011421
-0.009190
-0.006162
-0.002724
0.000496
0.002977
0.004605
0.005324
0.005528
0.005406
0.004800
0.004086
0.003394
0.002712
0.002521
0.002900
0.003803
0.005056
0.006586
0.008404
0.009664
0.010021
0.009481
0.007716
0.004981
0.001071
-0.004085
-0.009678
-0.014963
-0.018995
-0.021469
-0.022431
-0.022175
-0.021351
-0.020281
-0.019519
-0.018936
-0.018487
-0.018442
-0.018712
-0.019418
-0.020648
-0.022680
-0.025394
-0.028032
-0.030072
-0.031276
-0.031229
-0.030162
-0.028535
-0.026067
-0.023414
-0.021469
-0.019872
-0.018135
-0.016212
-0.014111
-0.011851
-0.009603
-0.007347
-0.004964
-0.002411
0.000417
0.002741
0.003763
0.003746
0.002901
0.001400
-0.000201
-0.001423
-0.002086
-0.002211
-0.002411
-0.003146
-0.004528
-0.006923
-0.010614
-0.015579
-0.021547
-0.028012
-0.034073
-0.039367
-0.043920
-0.047558
-0.050082
-0.051386
-0.051857
-0.051755
-0.051266
-0.050347
-0.048670
-0.046472
-0.044201
-0.042298
-0.040991
-0.040285
-0.040193
-0.040638
-0.041530
-0.042454
-0.042846
-0.042131
-0.039880
-0.036702
-0.033385
-0.030420
-0.028161
-0.026106
-0.024123
-0.022905
-0.022339
-0.022138
-0.022169
-0.021981
-0.021659
-0.021196
-0.020570
-0.019577
-0.018252
-0.016900
-0.015359
-0.013918
-0.012403
-0.010548
-0.008849
-0.007438
-0.006400
-0.006262
-0.006342
-0.006168
-0.005419
-0.003340
-0.000357
0.003497
0.008112
0.013088
0.018231
0.023143
0.027608
0.031548
0.034176
0.035033
0.034898
0.033694
0.031521
0.028890
0.025592
0.021615
0.017104
0.012382
0.007226
0.001710
-0.003245
-0.006949
-0.008919
-0.008627
-0.006140
-0.002892
0.000215
0.002565
0.003281
0.002199
-0.000795
-0.005613
-0.011599
-0.017821
-0.023547
-0.028366
-0.031614
-0.033089
-0.032788
-0.030304
-0.026331
-0.021130
-0.014318
-0.007031
-0.000074
0.006310
0.011378
0.014634
0.016394
0.016949
0.015859
0.013646
0.010999
0.007951
0.004920
0.002133
-0.000971
-0.004287
-0.007317
-0.010335
-0.013041
-0.014936
-0.016775
-0.018591
-0.019974
-0.021198
-0.022231
-0.022833
-0.022588
-0.021812
-0.020722
-0.019506
-0.018608
-0.017756
-0.016770
-0.015800
-0.014648
-0.013472
-0.012359
-0.011338
-0.011407
-0.012707
-0.014425
-0.016221
-0.017437
-0.016826
-0.013883
-0.008667
-0.001544
0.006691
0.015331
0.023638
0.030914
0.037000
0.041790
0.045209
0.047431
0.048372
0.048282
0.047088
0.044491
0.040796
0.035971
0.030356
0.024972
0.020114
0.015682
0.011736
0.008343
0.005509
0.003195
0.001711
0.001116
0.001425
0.002480
0.004380
0.007135
0.009993
0.012971
0.015969
0.018770
0.021034
0.022331
0.022348
0.020851
0.018301
0.014884
0.011028
0.007081
0.003498
0.000939
-0.000914
-0.001842
-0.001664
-0.001263
-0.001225
-0.001825
-0.003438
-0.005865
-0.008477
-0.010751
-0.012740
-0.014780
-0.016350
-0.017167
-0.017637
-0.017793
-0.017490
-0.017146
-0.016545
-0.015286
-0.013991
-0.012838
-0.011939
-0.011465
-0.010802
-0.009613
-0.007933
-0.006025
-0.004192
-0.002299
-0.000783
-0.000202
-0.000463
-0.001637
-0.003784
-0.006191
-0.008146
-0.009398
-0.010209
-0.010457
-0.009885
-0.009047
-0.007710
-0.006139
-0.005294
-0.004745
-0.004297
-0.003997
-0.003397
-0.002846
-0.002593
-0.002365
-0.001894
-0.000582
0.001689
0.004762
0.008180
0.011241
0.014158
0.017028
0.019847
0.022810
0.026009
0.029059
0.031497
0.033632
0.035344
0.036640
0.037528
0.037425
0.036189
0.033958
0.030682
0.026623
0.022667
0.018712
0.015011
0.012350
0.010533
0.010251
0.011717
0.014143
0.017265
0.020676
0.023652
0.026093
0.027934
0.028336
0.027303
0.025278
0.022282
0.019264
0.016848
0.015283
0.014811
0.015172
0.016323
0.017665
0.019099
0.020611
0.021960
0.023358
0.024285
0.024397
0.024015
0.023130
0.021607
0.019984
0.018647
0.017129
0.015182
0.012677
0.009072
0.004422
-0.000938
-0.006909
-0.012824
-0.018157
-0.022361
-0.024889
-0.025952
-0.025568
-0.023981
-0.022163
-0.020387
-0.018410
-0.016575
-0.014836
-0.013276
-0.012308
-0.011648
-0.011458
-0.011711
-0.011745
-0.012021
-0.012854
-0.014181
-0.016299
-0.019222
-0.022984
-0.027335
-0.031824
-0.036353
-0.040781
-0.044765
-0.047663
-0.049151
-0.048995
-0.046832
-0.043484
-0.039646
-0.034959
-0.029364
-0.023783
-0.018457
-0.013261
-0.008972
-0.005596
-0.003019
-0.001407
-0.000338
0.000020
-0.000437
-0.001151
-0.001873
-0.002607
-0.003461
-0.004453
-0.005715
-0.007018
-0.008214
-0.009436
-0.010630
-0.011553
-0.012056
-0.012410
-0.012598
-0.012872
-0.013377
-0.014117
-0.015166
-0.016613
-0.018555
-0.020614
-0.022681
-0.024655
-0.026275
-0.027683
-0.028854
-0.029644
-0.030104
-0.030424
-0.030595
-0.030145
-0.029128
-0.027746
-0.025789
-0.023581
-0.021103
-0.018081
-0.015007
-0.012015
-0.009127
-0.006628
-0.004299
-0.001260
0.002925
0.007793
0.012847
0.017545
0.021466
0.024412
0.026249
0.026532
0.025015
0.022183
0.018614
0.015150
0.012636
0.011096
0.010614
0.011518
0.013200
0.015183
0.017250
0.019430
0.022110
0.024772
0.027026
0.029138
0.031313
0.033391
0.035112
0.036453
0.037234
0.037446
0.036917
0.035623
0.034116
0.032984
0.032837
0.033743
0.035605
0.038212
0.041141
0.044155
0.047004
0.049443
0.051240
0.052192
0.052420
0.051970
0.050925
0.049524
0.047684
0.045478
0.042737
0.039409
0.035185
0.029593
0.023376
0.017256
0.011511
0.006384
0.001836
-0.002114
-0.005351
-0.007524
-0.007930
-0.006305
-0.002993
0.001366
0.006053
0.010457
0.014014
0.016466
0.017599
0.017478
0.015930
0.012996
0.009357
0.005077
0.000370
-0.004104
-0.007977
-0.011321
-0.013974
-0.015732
-0.016902
-0.017287
-0.016326
-0.014405
-0.011998
-0.009410
-0.007119
-0.005055
-0.003045
-0.001363
-0.000419
-0.000582
-0.002007
-0.004916
-0.009208
-0.014098
-0.019561
-0.025335
-0.030710
-0.035745
-0.040260
-0.043778
-0.045642
-0.045291
-0.042678
-0.038281
-0.032856
-0.026751
-0.020362
-0.014087
-0.007713
-0.001618
0.003364
0.007008
0.008957
0.009108
0.008184
0.006632
0.004372
0.001405
-0.002435
-0.006822
-0.011295
-0.016155
-0.021382
-0.026695
-0.031975
-0.036744
-0.040558
-0.043140
-0.044233
-0.043876
-0.042207
-0.039594
-0.036556
-0.033894
-0.031889
-0.030504
-0.030040
-0.029963
-0.029997
-0.030316
-0.030714
-0.031388
-0.032283
-0.032821
-0.033023
-0.033431
-0.034167
-0.035011
-0.035754
-0.035892
-0.035124
-0.033455
-0.031081
-0.027940
-0.023971
-0.019384
-0.014117
-0.008636
-0.003193
0.002044
0.006522
0.009725
0.011296
0.011378
0.009845
0.006911
0.003370
-0.000107
-0.003182
-0.005987
-0.008668
-0.011108
-0.013034
-0.013935
-0.013207
-0.010731
-0.006839
-0.001881
0.003917
0.010086
0.015961
0.020969
0.024547
0.026372
0.026479
0.025156
0.023037
0.020877
0.018875
0.016601
0.013995
0.011036
0.007550
0.003893
-0.000069
-0.004232
-0.007641
-0.009791
-0.010434
-0.009301
-0.006585
-0.002736
0.001787
0.006655
0.011591
0.016151
0.020183
0.023413
0.025901
0.027583
0.028080
0.027316
0.025193
0.022539
0.019913
0.017402
0.015071
0.012857
0.010970
0.009462
0.008582
0.008630
0.009812
0.011962
0.014474
0.016885
0.018984
0.020998
0.022975
0.024789
0.026375
0.027597
0.028733
0.029744
0.030743
0.032033
0.033567
0.035382
0.036978
0.038117
0.039113
0.040016
0.040868
0.041764
0.042406
0.042576
0.042562
0.042257
0.041634
0.040807
0.039475
0.037677
0.035617
0.033196
0.030249
0.027106
0.024063
0.020897
0.017880
0.015438
0.013437
0.011875
0.010641
0.009304
0.008305
0.007924
0.007758
0.008042
0.008607
0.009021
0.009380
0.009533
0.009391
0.009313
0.009277
0.009094
0.008642
0.007733
0.006488
0.004765
0.002398
-0.000545
-0.003845
-0.007111
-0.010029
-0.012398
-0.014189
-0.015664
-0.016901
-0.017675
-0.017852
-0.017662
-0.017270
-0.016595
-0.015721
-0.014548
-0.012960
-0.011184
-0.009800
-0.008957
-0.008835
-0.009737
-0.011452
-0.014201
-0.017907
-0.021918
-0.025689
-0.028790
-0.031087
-0.032324
-0.032457
-0.031847
-0.030388
-0.027959
-0.024676
-0.020352
-0.015298
-0.010211
-0.005495
-0.001356
0.002095
0.004624
0.006195
0.006749
0.006239
0.004579
0.001757
-0.001677
-0.005131
-0.008236
-0.010865
-0.012878
-0.014332
-0.015366
-0.015831
-0.015497
-0.014429
-0.012728
-0.010325
-0.007264
-0.003753
-0.000187
0.002940
0.005151
0.006183
0.005937
0.004729
0.002881
0.000353
-0.002450
-0.005095
-0.007281
-0.008513
-0.008547
-0.007427
-0.005537
-0.003087
-0.000109
0.003165
0.006431
0.009143
0.011273
0.013231
0.015250
0.017394
0.019317
0.020689
0.021397
0.021367
0.020724
0.019534
0.017608
0.015126
0.012240
0.009289
0.006822
0.004815
0.003327
0.002621
0.002771
0.003635
0.005141
0.007150
0.009332
0.011388
0.013243
0.014888
0.015994
0.016558
0.016672
0.016125
0.014998
0.013527
0.011940
0.010269
0.008211
0.005825
0.003532
0.001625
0.000336
-0.000296
-0.000596
-0.000702
-0.000425
0.000386
0.001839
0.003847
0.005989
0.008079
0.010204
0.012087
0.013382
0.013776
0.012986
0.010924
0.007562
0.002921
-0.002392
-0.007578
-0.012485
-0.016696
-0.019855
-0.022158
-0.023304
-0.023134
-0.022132
-0.020568
-0.018760
-0.017089
-0.015629
-0.014398
-0.013254
-0.012248
-0.011421
-0.010493
-0.009374
-0.007954
-0.006549
-0.005689
-0.005380
-0.005442
-0.005593
-0.005631
-0.005597
-0.005533
-0.005390
-0.005397
-0.005525
-0.005598
-0.005724
-0.005993
-0.006737
-0.008058
-0.009599
-0.011139
-0.012337
-0.012563
-0.011621
-0.009366
-0.006041
-0.002185
0.002216
0.006758
0.011087
0.014878
0.017717
0.019646
0.020604
0.020709
0.019956
0.018154
0.015668
0.012859
0.009767
0.006750
0.003904
0.001327
-0.000616
-0.001983
-0.002681
-0.002795
-0.002772
-0.002681
-0.002631
-0.002599
-0.002385
-0.001885
-0.000946
-0.000030
0.000499
0.000566
-0.000125
-0.001618
-0.004040
-0.007729
-0.012320
-0.016890
-0.020837
-0.023646
-0.024966
-0.024897
-0.023787
-0.021907
-0.019454
-0.016880
-0.014528
-0.012550
-0.011109
-0.009953
-0.008702
-0.007432
-0.006012
-0.004392
-0.002991
-0.002135
-0.001952
-0.002413
-0.003549
-0.004951
-0.006119
-0.007100
-0.007872
-0.008454
-0.009076
-0.009625
-0.009797
-0.009446
-0.008581
-0.007495
-0.006514
-0.005727
-0.005223
-0.004841
-0.004455
-0.004212
-0.004037
-0.003920
-0.003745
-0.003251
-0.002437
-0.001368
-0.000276
0.000715
0.001708
0.002630
0.003576
0.004577
0.005529
0.005998
0.005743
0.005161
0.004481
0.003821
0.003136
0.002653
0.002770
0.003691
0.005372
0.007366
0.009496
0.011430
0.012769
0.013486
0.013421
0.012567
0.011285
0.010034
0.009104
0.008642
0.008696
0.009246
0.010172
0.011200
0.012094
0.012565
0.012644
0.012670
0.013006
0.013939
0.014967
0.015721
0.016259
0.016529
0.016409
0.015809
0.014937
0.013819
0.012769
0.012089
0.012037
0.012754
0.013396
0.013846
0.014175
0.014010
0.013461
0.012653
0.011812
0.010804
0.009926
0.009687
0.009925
0.010795
0.012361
0.014350
0.016794
0.019354
0.021376
0.022565
0.022918
0.022707
0.021987
0.020836
0.019523
0.018306
0.017512
0.017183
0.017223
0.017447
0.017416
0.016984
0.016182
0.014903
0.013268
0.011579
0.010042
0.008628
0.007168
0.005714
0.004498
0.003399
0.002365
0.001431
0.000408
-0.000581
-0.001571
-0.002687
-0.003659
-0.004503
-0.005076
-0.004795
-0.003564
-0.001919
-0.000212
0.001510
0.003006
0.004215
0.004906
0.004625
0.003277
0.000925
-0.002046
-0.005155
-0.008167
-0.010987
-0.013526
-0.015529
-0.017008
-0.017813
-0.017692
-0.017010
-0.015971
-0.014731
-0.013385
-0.011734
-0.009835
-0.007653
-0.005052
-0.002208
0.000584
0.002964
0.004674
0.005792
0.006282
0.006002
0.005016
0.003542
0.001967
0.000629
-0.000402
-0.001170
-0.001757
-0.002196
-0.002834
-0.004046
-0.005945
-0.008555
-0.011250
-0.013607
-0.015624
-0.017396
-0.019051
-0.020461
-0.021619
-0.022484
-0.023199
-0.024047
-0.025009
-0.025885
-0.026451
-0.026873
-0.027535
-0.028415
-0.029164
-0.029514
-0.029521
-0.029329
-0.028882
-0.028017
-0.026603
-0.024671
-0.022468
-0.020307
-0.018298
-0.016362
-0.014446
-0.012470
-0.010408
-0.008436
-0.006561
-0.004796
-0.003184
-0.001656
-0.000414
0.000373
0.000682
0.000475
-0.000127
-0.000873
-0.001587
-0.002153
-0.002585
-0.003029
-0.003474
-0.003703
-0.003472
-0.002644
-0.001236
0.000656
0.002906
0.005175
0.007227
0.008919
0.010233
0.011241
0.011758
0.011721
0.011071
0.009923
0.008442
0.006453
0.003949
0.001077
-0.001946
-0.004973
-0.007893
-0.010439
-0.012517
-0.014126
-0.015442
-0.016501
-0.016976
-0.016708
-0.015845
-0.014839
-0.014198
-0.014137
-0.014353
-0.014603
-0.015058
-0.015776
-0.016394
-0.016429
-0.015819
-0.014688
-0.013181
-0.011533
-0.009860
-0.008139
-0.006227
-0.004026
-0.001489
0.001163
0.003473
0.005451
0.007328
0.008968
0.010258
0.011201
0.011863
0.012370
0.012690
0.012751
0.012472
0.011750
0.010581
0.009037
0.007187
0.005251
0.003547
0.002456
0.002331
0.003047
0.004355
0.006206
0.008181
0.009797
0.010698
0.010724
0.009993
0.008718
0.007491
0.006757
0.006656
0.007098
0.007735
0.008222
0.008304
0.007746
0.006388
0.004490
0.002389
0.000397
-0.001230
-0.002409
-0.003148
-0.003554
-0.003591
-0.003239
-0.002741
-0.002457
-0.002675
-0.003330
-0.004178
-0.004958
-0.005320
-0.005228
-0.004735
-0.003956
-0.003081
-0.001986
-0.000725
0.000622
0.001973
0.003209
0.004275
0.004932
0.005212
0.005222
0.005003
0.004551
0.003915
0.003204
0.002620
0.002552
0.003163
0.004481
0.006340
0.008647
0.011364
0.014208
0.016991
0.019354
0.020913
0.021552
0.021383
0.020508
0.018854
0.016557
0.013751
0.010751
0.008055
0.005818
0.003888
0.002002
0.000101
-0.001695
-0.003135
-0.004002
-0.004323
-0.004087
-0.003411
-0.002744
-0.002377
-0.002166
-0.001870
-0.001528
-0.001239
-0.001282
-0.001871
-0.002870
-0.004247
-0.006011
-0.008016
-0.010040
-0.012203
-0.014663
-0.017329
-0.019942
-0.021977
-0.023085
-0.023255
-0.022634
-0.021503
-0.020238
-0.019047
-0.018007
-0.017266
-0.016747
-0.016097
-0.015233
-0.014198
-0.012900
-0.011324
-0.009531
-0.007743
-0.006064
-0.004519
-0.003333
-0.002476
-0.001667
-0.000545
0.001229
0.003459
0.005711
0.007690
0.009066
0.009606
0.009351
0.008492
0.007121
0.005497
0.003788
0.002116
0.001076
0.001086
0.002135
0.003929
0.005898
0.007612
0.008754
0.009028
0.008265
0.006384
0.003783
0.000895
-0.001852
-0.003943
-0.005510
-0.006740
-0.007577
-0.008069
-0.008328
-0.008552
-0.008993
-0.009818
-0.010784
-0.011426
-0.011600
-0.011509
-0.011333
-0.011080
-0.010584
-0.009699
-0.008533
-0.007235
-0.006050
-0.005086
-0.004200
-0.003322
-0.002510
-0.001692
-0.000778
0.000009
0.000459
0.000587
0.000498
0.000335
0.000379
0.000843
0.001824
0.003400
0.005477
0.007918
0.010392
0.012519
0.014274
0.015806
0.017118
0.017960
0.018035
0.017299
0.016246
0.015430
0.015107
0.015243
0.015503
0.015602
0.015528
0.015344
0.014913
0.014116
0.012886
0.011206
0.009169
0.007106
0.005434
0.004340
0.003776
0.003620
0.003786
0.004176
0.004556
0.004605
0.004148
0.003169
0.001838
0.000647
-0.000126
-0.000749
-0.001459
-0.002146
-0.002526
-0.002556
-0.002314
-0.001905
-0.001505
-0.001062
-0.000466
0.000343
0.001323
0.002343
0.003453
0.004832
0.006732
0.009045
0.011283
0.013200
0.014655
0.015389
0.014999
0.013343
0.010649
0.007157
0.003196
-0.000859
-0.004553
-0.007559
-0.009691
-0.010569
-0.010073
-0.008572
-0.006610
-0.004639
-0.002830
-0.001330
-0.000542
-0.000743
-0.001829
-0.003699
-0.006140
-0.008491
-0.010196
-0.011088
-0.011157
-0.010565
-0.009543
-0.008271
-0.006871
-0.005546
-0.004510
-0.003773
-0.003038
-0.002031
-0.000547
0.001534
0.003891
0.006160
0.008337
0.010409
0.012212
0.013355
0.013425
0.012764
0.011750
0.010566
0.009613
0.008866
0.008241
0.008032
0.008375
0.009206
0.010367
0.011668
0.013060
0.014490
0.015974
0.017548
0.019096
0.020338
0.020983
0.021025
0.020692
0.020142
0.019584
0.019277
0.019227
0.019137
0.018650
0.017657
0.016274
0.014476
0.012079
0.009074
0.005786
0.002506
-0.000860
-0.004458
-0.008285
-0.012164
-0.015838
-0.019160
-0.022049
-0.024299
-0.025693
-0.026129
-0.025479
-0.023771
-0.021141
-0.017776
-0.013949
-0.009918
-0.005999
-0.002273
0.001400
0.004918
0.007916
0.010207
0.011923
0.013189
0.013864
0.013744
0.012864
0.011367
0.009444
0.007372
0.005392
0.003473
0.001532
-0.000427
-0.002476
-0.004555
-0.006520
-0.008272
-0.009718
-0.010738
-0.011235
-0.011283
-0.010934
-0.010170
-0.009041
-0.007753
-0.006586
-0.005743
-0.005291
-0.005046
-0.004712
-0.004085
-0.003242
-0.002493
-0.002082
-0.002197
-0.002929
-0.004154
-0.005675
-0.007365
-0.009109
-0.010680
-0.011809
-0.012389
-0.012407
-0.011966
-0.011156
-0.010180
-0.009269
-0.008548
-0.008265
-0.008281
-0.008324
-0.008137
-0.007323
-0.005875
-0.004028
-0.002040
-0.000145
0.001540
0.002851
0.003522
0.003386
0.002593
0.001520
0.000489
-0.000165
-0.000251
0.000239
0.001285
0.002750
0.004372
0.005676
0.006194
0.005518
0.003575
0.000898
-0.001875
-0.004242
-0.006141
-0.007979
-0.009920
-0.011742
-0.013086
-0.013687
-0.013494
-0.012646
-0.011392
-0.009923
-0.008317
-0.006516
-0.004448
-0.002122
0.000280
0.002525
0.004547
0.006336
0.007662
0.008307
0.008264
0.007688
0.006757
0.005353
0.003640
0.001784
-0.000267
-0.002291
-0.004084
-0.005651
-0.007137
-0.008546
-0.009843
-0.010807
-0.011282
-0.011309
-0.010851
-0.010163
-0.009288
-0.008477
-0.008200
-0.008448
-0.009214
-0.010230
-0.011042
-0.011397
-0.011354
-0.011140
-0.010761
-0.010079
-0.008849
-0.007148
-0.005474
-0.004133
-0.003128
-0.002577
-0.002727
-0.003472
-0.004432
-0.005295
-0.005883
-0.006225
-0.006463
-0.006429
-0.005997
-0.005418
-0.004556
-0.003000
-0.000943
0.001132
0.003026
0.004775
0.006332
0.007436
0.008038
0.007800
0.006409
0.004257
0.001844
-0.000339
-0.002197
-0.003818
-0.004890
-0.005092
-0.004353
-0.002743
-0.000478
0.002068
0.004644
0.006963
0.008827
0.010366
0.011633
0.012356
0.012222
0.011147
0.009114
0.006449
0.003509
0.000698
-0.001263
-0.002148
-0.002010
-0.000886
0.000740
0.002620
0.004790
0.007133
0.009684
0.011902
0.013190
0.013551
0.013085
0.012123
0.010997
0.009810
0.008641
0.007593
0.006980
0.007014
0.007604
0.008605
0.009387
0.009417
0.008908
0.008369
0.008264
0.008757
0.009679
0.010795
0.012058
0.013402
0.014602
0.015499
0.015880
0.015649
0.014857
0.013614
0.012195
0.010884
0.009897
0.009217
0.008803
0.008761
0.009098
0.009563
0.009798
0.009610
0.008905
0.007751
0.006364
0.004550
0.002171
-0.000344
-0.002678
-0.004907
-0.007208
-0.009357
-0.010863
-0.011481
-0.011259
-0.010444
-0.009401
-0.008420
-0.007661
-0.006981
-0.006212
-0.005632
-0.005611
-0.006272
-0.007323
-0.008160
-0.008487
-0.008301
-0.007598
-0.006675
-0.005722
-0.004803
-0.004145
-0.003833
-0.003798
-0.004089
-0.004617
-0.005133
-0.005754
-0.006574
-0.007447
-0.008141
-0.008424
-0.008285
-0.007802
-0.007077
-0.006265
-0.005478
-0.004668
-0.003701
-0.002592
-0.001334
0.000077
0.001575
0.003158
0.004709
0.006242
0.007797
0.009053
0.009606
0.009300
0.008257
0.006830
0.005367
0.003923
0.002518
0.001431
0.000974
0.001377
0.002612
0.004235
0.005737
0.006665
0.006764
0.006042
0.004530
0.002237
-0.000503
-0.003206
-0.005580
-0.007740
-0.010027
-0.012366
-0.014536
-0.016226
-0.017327
-0.018004
-0.018330
-0.018316
-0.017840
-0.016890
-0.015548
-0.013986
-0.012401
-0.010877
-0.009447
-0.007987
-0.006472
-0.004968
-0.003606
-0.002613
-0.002133
-0.002120
-0.002314
-0.002740
-0.003501
-0.004339
-0.004961
-0.005213
-0.005294
-0.005432
-0.005584
-0.005647
-0.005410
-0.004809
-0.003873
-0.002843
-0.002053
-0.001386
-0.000636
0.000133
0.000701
0.000971
0.000984
0.000721
0.000141
-0.000711
-0.001605
-0.002228
-0.002425
-0.002287
-0.001940
-0.001344
-0.000441
0.000702
0.001834
0.002558
0.002698
0.002351
0.001629
0.000743
-0.000243
-0.001395
-0.002674
-0.004017
-0.005268
-0.006416
-0.007385
-0.008102
-0.008663
-0.008885
-0.008697
-0.008202
-0.007400
-0.006196
-0.004581
-0.002588
-0.000130
0.002327
0.004266
0.005765
0.006904
0.007791
0.008451
0.008659
0.008535
0.008366
0.008328
0.008641
0.009194
0.009632
0.009640
0.009034
0.007970
0.006568
0.004910
0.003308
0.001872
0.000684
-0.000073
-0.000406
-0.000368
0.000018
0.000629
0.001158
0.001641
0.002262
0.002920
0.003536
0.004147
0.004902
0.005775
0.006594
0.007131
0.007240
0.007142
0.007035
0.007007
0.007120
0.007157
0.006997
0.006577
0.005822
0.004987
0.004339
0.004070
0.004127
0.004264
0.004338
0.004304
0.004245
0.004189
0.004139
0.004143
0.004141
0.004127
0.004156
0.004202
0.004473
0.005200
0.006091
0.006835
0.007533
0.008256
0.008952
0.009434
0.009577
0.009492
0.009052
0.008265
0.007449
0.007026
0.007335
0.008245
0.009303
0.010065
0.010504
0.010713
0.010654
0.010390
0.009901
0.009079
0.007965
0.006709
0.005478
0.004442
0.003484
0.002476
0.001368
-0.000056
-0.001804
-0.003775
-0.005732
-0.007524
-0.009241
-0.010903
-0.012468
-0.013581
-0.014066
-0.014014
-0.013465
-0.012507
-0.011203
-0.009755
-0.008542
-0.007792
-0.007306
-0.006850
-0.006416
-0.006206
-0.006361
-0.006774
-0.007217
-0.007296
-0.007070
-0.006751
-0.006276
-0.005838
-0.005455
-0.005162
-0.005093
-0.005114
-0.005114
-0.005145
-0.005407
-0.005765
-0.005915
-0.005765
-0.005330
-0.004904
-0.004684
-0.004458
-0.004100
-0.003632
-0.003061
-0.002511
-0.002141
-0.001928
-0.001919
-0.002237
-0.002942
-0.004089
-0.005514
-0.006875
-0.007863
-0.008571
-0.009279
-0.009935
-0.010311
-0.010217
-0.009722
-0.009207
-0.008867
-0.008663
-0.008558
-0.008398
-0.008194
-0.008052
-0.007990
-0.007862
-0.007386
-0.006507
-0.005514
-0.004686
-0.003806
-0.002678
-0.001295
0.000188
0.001505
0.002786
0.004117
0.005427
0.006519
0.007105
0.007181
0.007000
0.006730
0.006321
0.005771
0.005100
0.004427
0.004034
0.003964
0.003944
0.003900
0.003892
0.003828
0.003695
0.003623
0.003577
0.003135
0.002151
0.000784
-0.000831
-0.002381
-0.003726
-0.004919
-0.005957
-0.006869
-0.007573
-0.007913
-0.007952
-0.007908
-0.007828
-0.007798
-0.007880
-0.007953
-0.008003
-0.008006
-0.008013
-0.008046
-0.007958
-0.007470
-0.006452
-0.005172
-0.003889
-0.002776
-0.001886
-0.001134
-0.000422
0.000334
0.001026
0.001675
0.002480
0.003320
0.003908
0.004225
0.004564
0.005238
0.006302
0.007654
0.009010
0.009893
0.010188
0.010198
0.010292
0.010593
0.010807
0.010613
0.009944
0.008898
0.007730
0.006797
0.006221
0.005751
0.005297
0.005062
0.005172
0.005430
0.005493
0.005255
0.004728
0.003993
0.003062
0.002028
0.001043
-0.000004
-0.001038
-0.001780
-0.002135
-0.002162
-0.001992
-0.001724
-0.001342
-0.000875
-0.000457
-0.000133
0.000135
0.000376
0.000611
0.000915
0.001458
0.002405
0.003693
0.005119
0.006351
0.007090
0.007611
0.008289
0.008981
0.009456
0.009727
0.009898
0.010227
0.010712
0.011085
0.011273
0.011224
0.010917
0.010470
0.009951
0.009389
0.008732
0.007897
0.007169
0.006814
0.006759
0.006867
0.007117
0.007665
0.008511
0.009394
0.009940
0.010046
0.009930
0.009723
0.009380
0.008741
0.007816
0.006792
0.005723
0.004720
0.004077
0.003853
0.003896
0.004023
0.004151
0.004431
0.004876
0.005430
0.005952
0.006069
0.005592
0.004625
0.003430
0.002166
0.000850
-0.000421
-0.001554
-0.002547
-0.003485
-0.004293
-0.004840
-0.005086
-0.004918
-0.004474
-0.003880
-0.003174
-0.002651
-0.002496
-0.002607
-0.002776
-0.002970
-0.003377
-0.004034
-0.004711
-0.005202
-0.005419
-0.005376
-0.005260
-0.005363
-0.005909
-0.006865
-0.007896
-0.008531
-0.008551
-0.007981
-0.006948
-0.005890
-0.005022
-0.004177
-0.003284
-0.002532
-0.002100
-0.002008
-0.002102
-0.002285
-0.002768
-0.003571
-0.004435
-0.005046
-0.005209
-0.004896
-0.004108
-0.003102
-0.002329
-0.001966
-0.001883
-0.001943
-0.002118
-0.002297
-0.002372
-0.002356
-0.002238
-0.002144
-0.002225
-0.002571
-0.003228
-0.004023
-0.004942
-0.006103
-0.007353
-0.008624
-0.010032
-0.011503
-0.012929
-0.014330
-0.015629
-0.016709
-0.017397
-0.017597
-0.017488
-0.017282
-0.016889
-0.016046
-0.014693
-0.012929
-0.011014
-0.009369
-0.008190
-0.007257
-0.006396
-0.005649
-0.005123
-0.004933
-0.004976
-0.005160
-0.005671
-0.006526
-0.007537
-0.008615
-0.009689
-0.010551
-0.011019
-0.011157
-0.010999
-0.010429
-0.009439
-0.008078
-0.006601
-0.005450
-0.004892
-0.004901
-0.005156
-0.005277
-0.005116
-0.004722
-0.004188
-0.003646
-0.003199
-0.002808
-0.002508
-0.002236
-0.001630
-0.000527
0.000962
0.002626
0.004261
0.005778
0.007215
0.008541
0.009533
0.010010
0.010077
0.009975
0.009916
0.009923
0.009767
0.009291
0.008534
0.007720
0.007124
0.006742
0.006209
0.005333
0.004362
0.003618
0.002931
0.002115
0.001364
0.000828
0.000660
0.000920
0.001634
0.002630
0.003449
0.003809
0.003744
0.003537
0.003459
0.003538
0.003700
0.003896
0.004010
0.004042
0.004010
0.003987
0.004020
0.004024
0.004015
0.004005
0.004006
0.003979
0.003914
0.003885
0.003837
0.003685
0.003198
0.002296
0.001314
0.000404
-0.000482
-0.001257
-0.001653
-0.001403
-0.000611
0.000395
0.001583
0.002957
0.004400
0.005792
0.006970
0.007900
0.008592
0.009113
0.009484
0.009658
0.009682
0.009500
0.008996
0.008195
0.007291
0.006513
0.005813
0.005028
0.004264
0.003797
0.003725
0.003838
0.003997
0.004072
0.004010
0.003972
0.003858
0.003555
0.003083
0.002503
0.001987
0.001731
0.001739
0.001910
0.002311
0.002786
0.003106
0.003255
0.003262
0.003241
0.003252
0.003160
0.002673
0.001825
0.001085
0.000727
0.000707
0.000861
0.000979
0.000974
0.000807
0.000407
-0.000302
-0.001286
-0.002148
-0.002658
-0.002970
-0.003231
-0.003424
-0.003300
-0.002878
-0.002472
-0.002238
-0.002192
-0.002254
-0.002175
-0.001657
-0.000756
0.000209
0.001072
0.001809
0.002466
0.003012
0.003270
0.003286
0.003253
0.003227
0.003256
0.003344
0.003453
0.003534
0.003584
0.003630
0.003570
0.003267
0.002904
0.002797
0.003002
0.003390
0.003741
0.003815
0.003688
0.003598
0.003558
0.003606
0.003722
0.003801
0.003841
0.003940
0.004321
0.005100
0.006055
0.006786
0.007043
0.006935
0.006546
0.005803
0.004852
0.003805
0.002704
0.001574
0.000389
-0.000746
-0.001672
-0.002192
-0.002307
-0.002306
-0.002509
-0.003227
-0.004324
-0.005202
-0.005581
-0.005577
-0.005602
-0.005966
-0.006536
-0.007147
-0.007702
-0.008007
-0.008035
-0.007993
-0.007956
-0.007978
-0.008065
-0.007889
-0.007208
-0.006198
-0.005216
-0.004406
-0.003750
-0.003129
-0.002486
-0.002034
-0.001808
-0.001772
-0.001868
-0.001917
-0.001922
-0.001945
-0.001930
-0.001928
-0.001982
-0.001995
-0.002012
-0.002221
-0.002816
-0.003733
-0.004602
-0.005098
-0.005174
-0.005019
-0.004867
-0.004840
-0.004940
-0.005080
-0.005168
-0.005218
-0.005183
-0.004837
-0.004064
-0.003065
-0.002302
-0.002188
-0.002825
-0.003906
-0.004917
-0.005736
-0.006526
-0.007343
-0.008161
-0.009030
-0.009993
-0.010782
-0.011220
-0.011340
-0.011135
-0.010606
-0.009758
-0.008756
-0.007766
-0.006822
-0.006015
-0.005523
-0.005379
-0.005437
-0.005527
-0.005513
-0.005444
-0.005417
-0.005441
-0.005510
-0.005582
-0.005621
-0.005623
-0.005594
-0.005558
-0.005514
-0.005473
-0.005435
-0.005370
-0.005327
-0.005218
-0.004924
-0.004494
-0.003963
-0.003426
-0.002958
-0.002554
-0.002347
-0.002474
-0.002730
-0.002841
-0.002752
-0.002572
-0.002714
-0.003445
-0.004500
-0.005430
-0.005752
-0.005191
-0.004010
-0.002769
-0.001810
-0.001019
-0.000276
0.000472
0.001397
0.002481
0.003444
0.003969
0.004023
0.003843
0.003672
0.003639
0.003600
0.003186
0.002291
0.001322
0.000702
0.000533
0.000683
0.000869
0.000880
0.000741
0.000590
0.000649
0.001185
0.002194
0.003262
0.003924
0.004072
0.003936
0.003824
0.003857
0.004104
0.004758
0.005756
0.006685
0.007155
0.007159
0.007013
0.006900
0.006812
0.006740
0.006636
0.006471
0.006413
0.006681
0.007192
0.007691
0.008018
0.008093
0.007969
0.007651
0.007179
0.006784
0.006552
0.006281
0.005850
0.005414
0.005133
0.005039
0.005030
0.004950
0.004637
0.004100
0.003702
0.003809
0.004329
0.004958
0.005478
0.005844
0.006221
0.006655
0.007160
0.007624
0.007719
0.007338
0.006582
0.005744
0.005206
0.005082
0.005192
0.005354
0.005357
0.004886
0.003965
0.002951
0.002255
0.002048
0.002160
0.002343
0.002391
0.002312
0.002337
0.002535
0.002792
0.003109
0.003476
0.003731
0.003938
0.004183
0.004253
0.004003
0.003385
0.002653
0.002141
0.001756
0.001384
0.000843
0.000068
-0.000667
-0.001289
-0.001993
-0.002853
-0.003673
-0.004250
-0.004483
-0.004453
-0.004409
-0.004404
-0.004325
-0.004022
-0.003552
-0.003225
-0.003259
-0.003722
-0.004360
-0.004768
-0.004843
-0.004722
-0.004553
-0.004496
-0.004565
-0.004668
-0.004761
-0.004745
-0.004469
-0.003772
-0.002876
-0.002118
-0.001509
-0.000913
-0.000250
0.000411
0.001013
0.001528
0.001920
0.002119
0.002130
0.002143
0.002175
0.002162
0.002009
0.001615
0.001194
0.000985
0.001014
0.001161
0.001237
0.001107
0.000827
0.000494
0.000220
0.000033
-0.000168
-0.000521
-0.001012
-0.001554
-0.002272
-0.003157
-0.004012
-0.004609
-0.004797
-0.004700
-0.004532
-0.004335
-0.003929
-0.003185
-0.002286
-0.001559
-0.001301
-0.001427
-0.001636
-0.001755
-0.001750
-0.001755
-0.001703
-0.001653
-0.001710
-0.001744
-0.001714
-0.001694
-0.001679
-0.001626
-0.001640
-0.001683
-0.001693
-0.001709
-0.001698
-0.001647
-0.001627
-0.001656
-0.001667
-0.001647
-0.001651
-0.001655
-0.001597
-0.001562
-0.001587
-0.001567
-0.001516
-0.001311
-0.000664
0.000249
0.001151
0.001738
0.001836
0.001751
0.001795
0.002171
0.002766
0.003157
0.003137
0.002663
0.001934
0.001508
0.001415
0.001286
0.000801
-0.000107
-0.000998
-0.001562
-0.001666
-0.001458
-0.001314
-0.001263
-0.001238
-0.000997
-0.000279
0.000721
0.001499
0.001888
0.002229
0.002756
0.003561
0.004383
0.004854
0.004992
0.004874
0.004700
0.004738
0.004860
0.004926
0.004910
0.004494
0.003638
0.002684
0.001833
0.001173
0.000533
-0.000198
-0.000777
-0.001061
-0.001069
-0.000915
-0.000793
-0.000797
-0.000855
-0.000771
-0.000291
0.000574
0.001523
0.002154
0.002293
0.002132
0.001951
0.001880
0.001923
0.002192
0.002657
0.003181
0.003460
0.003201
0.002684
0.002217
0.001963
0.002032
0.002164
0.002046
0.001779
0.001645
0.001707
0.001885
0.001982
0.001671
0.001082
0.000622
0.000221
-0.000171
-0.000519
-0.000811
-0.000952
-0.000982
-0.000931
-0.000873
-0.000860
-0.000869
-0.000859
-0.000863
-0.000870
-0.000802
-0.000773
-0.000858
-0.001084
-0.001477
-0.001989
-0.002539
-0.003026
-0.003340
-0.003396
-0.003190
-0.002932
-0.002945
-0.003236
-0.003660
-0.004019
-0.004066
-0.003999
-0.003981
-0.003950
-0.003961
-0.003706
-0.003036
-0.002306
-0.001560
-0.000959
-0.000791
-0.000837
-0.000911
-0.001083
-0.001553
-0.002384
-0.003289
-0.003949
-0.004265
-0.004200
-0.003983
-0.003916
-0.003963
-0.004050
-0.004000
-0.003807
-0.003402
-0.002794
-0.002336
-0.002159
-0.002354
-0.002876
-0.003469
-0.003784
-0.003652
-0.003261
-0.002972
-0.003011
-0.003205
-0.003410
-0.003483
-0.003353
-0.003342
-0.003685
-0.004031
-0.003976
-0.003684
-0.003355
-0.003124
-0.002924
-0.002390
-0.001547
-0.000693
-0.000209
-0.000100
0.000001
0.000301
0.000759
0.001101
0.001225
0.001096
0.000674
0.000118
-0.000356
-0.000594
-0.000642
-0.000535
-0.000350
-0.000392
-0.000461
-0.000145
0.000383
0.000945
0.001533
0.002114
0.002562
0.002711
0.002692
0.002680
0.002644
0.002558
0.002282
0.001683
0.000953
0.000230
-0.000351
-0.000581
-0.000739
-0.001162
-0.001667
-0.002169
-0.002686
-0.003076
-0.003175
-0.003039
-0.002922
-0.002869
-0.002913
-0.002917
-0.002874
-0.002895
-0.002773
-0.002725
-0.002827
-0.002850
-0.002808
-0.002802
-0.002893
-0.002864
-0.002853
-0.002924
-0.002910
-0.003120
-0.003713
-0.004626
-0.005547
-0.006249
-0.006750
-0.007013
-0.007249
-0.007360
-0.007150
-0.006809
-0.006256
-0.005559
-0.004846
-0.003978
-0.003222
-0.002827
-0.002606
-0.002285
-0.001842
-0.001580
-0.001526
-0.001675
-0.002166
-0.002740
-0.003016
-0.002923
-0.002620
-0.001998
-0.001160
-0.000486
-0.000002
0.000489
0.001211
0.002070
0.002775
0.003179
0.003199
0.003008
0.002976
0.003034
0.003117
0.003273
0.003351
0.003389
0.003362
0.003351
0.003340
0.003309
0.003376
0.003346
0.003212
0.003050
0.002742
0.002529
0.002652
0.002852
0.003185
0.003505
0.003602
0.003877
0.004342
0.004860
0.005400
0.005624
0.005440
0.005102
0.004735
0.004272
0.003763
0.003404
0.003270
0.003255
0.003268
0.003297
0.003243
0.003217
0.003241
0.003330
0.003743
0.004292
0.004823
0.005388
0.005861
0.006209
0.006299
0.006147
0.005801
0.005230
0.004690
0.004160
0.003647
0.003401
0.003382
0.003489
0.003555
0.003651
0.003930
0.004278
0.004739
0.005189
0.005381
0.005268
0.004955
0.004564
0.004105
0.003691
0.003532
0.003628
0.003719
0.003720
0.003686
0.003666
0.003591
0.003431
0.003306
0.003075
0.002924
0.003156
0.003456
0.003669
0.004039
0.004440
0.004752
0.005092
0.005428
0.005892
0.006267
0.006287
0.006019
0.005491
0.005090
0.005000
0.005125
0.005205
0.005009
0.004689
0.004275
0.003933
0.003698
0.003511
0.003549
0.003895
0.004370
0.004787
0.005166
0.005450
0.005729
0.006133
0.006423
0.006464
0.006429
0.006410
0.006350
0.006305
0.006368
0.006364
0.006232
0.005988
0.005573
0.005424
0.005707
0.006178
0.006660
0.006675
0.006509
0.006588
0.006545
0.006513
0.006673
0.006605
0.006164
0.005560
0.004701
0.003722
0.002972
0.002320
0.001602
0.000973
0.000656
0.000585
0.000621
0.000780
0.000921
0.001234
0.001743
0.002024
0.002206
0.002282
0.002011
0.001721
0.001401
0.000823
0.000430
0.000320
0.000365
0.000444
0.000420
0.000389
0.000450
0.000519
0.000434
0.000396
0.000722
0.001173
0.001643
0.002082
0.001888
0.001443
0.000927
0.000235
-0.000276
-0.000849
-0.001494
-0.002003
-0.002295
-0.002434
-0.002361
-0.001975
-0.001374
-0.000451
0.000411
0.000961
0.001415
0.001809
0.002101
0.002145
0.002051
0.001954
0.001774
0.001357
0.000893
0.000554
0.000132
-0.000281
-0.000609
-0.001058
-0.001197
-0.001062
-0.001193
-0.001206
-0.001145
-0.001269
-0.001621
-0.002158
-0.002530
-0.002765
-0.002730
-0.002284
-0.001681
-0.001182
-0.001021
-0.000933
-0.000668
-0.000263
0.000236
0.000606
0.000625
0.000552
0.000536
0.000460
0.000600
0.000672
0.000588
0.000606
0.000543
0.000476
0.000494
0.000389
0.000043
-0.000079
0.000107
0.000290
0.000452
0.000552
0.000588
0.000563
0.000571
0.000711
0.001216
0.001873
0.002173
0.002489
0.003016
0.003272
0.003524
0.003811
0.003781
0.003748
0.003680
0.003660
0.003591
0.003300
0.003006
0.002735
0.002701
0.002917
0.003352
0.003648
0.003384
0.002884
0.002317
0.001682
0.001189
0.000702
0.000229
-0.000253
-0.000775
-0.000944
-0.000935
-0.000964
-0.000885
-0.000789
-0.000784
-0.000814
-0.000847
-0.000859
-0.000879
-0.000882
-0.000815
-0.000736
-0.000528
-0.000187
0.000043
0.000072
-0.000014
-0.000323
-0.000920
-0.001542
-0.002207
-0.002887
-0.003480
-0.003890
-0.003931
-0.003911
-0.003930
-0.003747
-0.003376
-0.002949
-0.002670
-0.002463
-0.002219
-0.001979
-0.001563
-0.001135
-0.001051
-0.001119
-0.001111
-0.001194
-0.001231
-0.001032
-0.001121
-0.001685
-0.002082
-0.002332
-0.002601
-0.002550
-0.002677
-0.003188
-0.003703
-0.004013
-0.003819
-0.003330
-0.002719
-0.002087
-0.001498
-0.000817
-0.000180
0.000451
0.001081
0.001585
0.002041
0.002435
0.002617
0.002516
0.002134
0.001564
0.000974
0.000407
-0.000075
-0.000536
-0.001075
-0.001576
-0.002001
-0.002357
-0.002671
-0.002946
-0.003220
-0.003234
-0.002976
-0.002649
-0.002310
-0.002179
-0.002255
-0.002350
-0.002343
-0.002241
-0.002216
-0.002391
-0.002692
-0.003318
-0.003955
-0.004233
-0.004277
-0.003866
-0.003105
-0.002455
-0.002120
-0.001876
-0.001379
-0.000542
0.000341
0.000781
0.000952
0.001139
0.001368
0.001873
0.002275
0.002347
0.002212
0.001644
0.001023
0.000763
0.000847
0.001018
0.001070
0.001106
0.000971
0.000817
0.000843
0.000928
0.001322
0.002089
0.002992
0.003670
0.003838
0.003753
0.003651
0.003487
0.003353
0.003180
0.002751
0.002197
0.001592
0.001047
0.000649
0.000204
-0.000203
-0.000317
-0.000254
-0.000380
-0.000604
-0.000683
-0.000606
-0.000239
0.000352
0.000788
0.001052
0.001437
0.001867
0.002181
0.002316
0.002199
0.001790
0.001185
0.000548
-0.000024
-0.000407
-0.000764
-0.001300
-0.001834
-0.002079
-0.001919
-0.001455
-0.000907
-0.000352
0.000175
0.000519
0.000690
0.000796
0.000680
0.000329
-0.000135
-0.000668
-0.001207
-0.001754
-0.002180
-0.002393
-0.002495
-0.002528
-0.002455
-0.002444
-0.002454
-0.002329
-0.001996
-0.001149
-0.000082
0.000560
0.000773
0.000716
0.000525
0.000429
0.000475
0.000453
0.000178
-0.000431
-0.001321
-0.002096
-0.002563
-0.002789
-0.002865
-0.002936
-0.002849
-0.002622
-0.002551
-0.002505
-0.002485
-0.002553
-0.002554
-0.002553
-0.002364
-0.001912
-0.001443
-0.000968
-0.000446
0.000072
0.000347
0.000351
0.000324
0.000310
0.000326
0.000369
0.000454
0.000633
0.000860
0.000970
0.000811
0.000602
0.000484
0.000498
0.000640
0.000689
0.000758
0.000803
0.000740
0.000720
0.000731
0.000789
0.000766
0.000697
0.000656
0.000630
0.000643
0.000617
0.000606
0.000595
0.000612
0.000632
0.000646
0.000737
0.000732
0.000716
0.000807
0.000814
0.000839
0.000924
0.000977
0.001238
0.001498
0.001560
0.001643
0.001685
0.001765
0.001954
0.001849
0.001405
0.000956
0.000660
0.000608
0.000718
0.000869
0.000899
0.000913
0.001011
0.001125
0.001504
0.002090
0.002565
0.002870
0.003112
0.003315
0.003333
0.003015
0.002567
0.002301
0.002203
0.002248
0.002301
0.002131
0.001715
0.001195
0.000736
0.000416
0.000176
-0.000226
-0.000584
-0.000679
-0.000726
-0.000683
-0.000601
-0.000518
-0.000330
0.000027
0.000552
0.001007
0.001207
0.001128
0.000987
0.000985
0.001034
0.001056
0.001104
0.001079
0.000980
0.000960
0.000948
0.000926
0.000974
0.001025
0.000991
0.000958
0.001058
0.001222
0.001430
0.001811
0.002118
0.002301
0.002502
0.002542
0.002509
0.002467
0.002344
0.002090
0.001637
0.001135
0.000784
0.000654
0.000723
0.000841
0.000809
0.000737
0.000711
0.000668
0.000784
0.001122
0.001594
0.002185
0.002774
0.003077
0.003018
0.003000
0.003289
0.003634
0.003846
0.003958
0.003834
0.003328
0.002734
0.002216
0.001671
0.001153
0.000794
0.000652
0.000561
0.000327
-0.000104
-0.000527
-0.000724
-0.000812
-0.000731
-0.000552
-0.000617
-0.000959
-0.001450
-0.001924
-0.002187
-0.002166
-0.002099
-0.002081
-0.002076
-0.002148
-0.002179
-0.002111
-0.001764
-0.001211
-0.000816
-0.000622
-0.000654
-0.000813
-0.000858
-0.000787
-0.000715
-0.000682
-0.000674
-0.000647
-0.000640
-0.000649
-0.000636
-0.000651
-0.000602
-0.000574
-0.000690
-0.000684
-0.000656
-0.000875
-0.001301
-0.001645
-0.001753
-0.001674
-0.001310
-0.000973
-0.000764
-0.000506
-0.000165
0.000266
0.000544
0.000666
0.000680
0.000627
0.000611
0.000599
0.000461
0.000098
-0.000384
-0.000960
-0.001538
-0.002017
-0.002284
-0.002307
-0.002322
-0.002477
-0.002900
-0.003452
-0.003844
-0.003945
-0.003797
-0.003642
-0.003590
-0.003514
-0.003339
-0.002956
-0.002421
-0.002106
-0.001981
-0.001995
-0.002116
-0.002250
-0.002479
-0.002947
-0.003599
-0.004072
-0.004164
-0.003844
-0.003243
-0.002615
-0.002180
-0.002016
-0.002040
-0.002015
-0.001755
-0.001283
-0.000718
-0.000402
-0.000599
-0.001209
-0.001836
-0.002195
-0.002490
-0.002944
-0.003605
-0.004333
-0.004880
-0.005115
-0.005066
-0.004880
-0.004786
-0.004915
-0.005030
-0.005045
-0.004959
-0.004623
-0.004062
-0.003443
-0.003011
-0.002792
-0.002690
-0.002816
-0.003059
-0.003306
-0.003578
-0.003896
-0.004374
-0.004732
-0.004895
-0.004974
-0.004921
-0.004966
-0.004956
-0.004799
-0.004434
-0.003711
-0.003125
-0.002870
-0.002652
-0.002433
-0.002232
-0.001968
-0.001829
-0.001859
-0.001841
-0.001843
-0.001849
-0.001741
-0.001733
-0.001795
-0.001734
-0.001754
-0.001851
-0.001803
-0.001774
-0.001838
-0.001841
-0.001893
-0.001889
-0.001826
-0.001833
-0.001802
-0.001818
-0.001772
-0.001708
-0.001767
-0.001749
-0.001730
-0.001749
-0.001763
-0.001811
-0.001836
-0.001845
-0.001827
-0.001875
-0.001915
-0.001882
-0.001885
-0.001920
-0.001979
-0.001942
-0.001896
-0.001953
-0.001940
-0.001888
-0.001914
-0.001860
-0.001816
-0.001804
-0.001474
-0.000924
-0.000520
-0.000165
0.000208
0.000561
0.000925
0.001105
0.001173
0.001150
0.001050
0.001068
0.001070
0.001117
0.001065
0.000669
0.000213
-0.000206
-0.000461
-0.000554
-0.000725
-0.000746
-0.000598
-0.000357
0.000129
0.000682
0.001097
0.001390
0.001711
0.002280
0.003019
0.003721
0.004148
0.004249
0.004174
0.003862
0.003427
0.003011
0.002649
0.002328
0.002004
0.001647
0.001307
0.001197
0.001225
0.001326
0.001481
0.001482
0.001365
0.001327
0.001350
0.001326
0.001329
0.001348
0.001296
0.001292
0.001371
0.001344
0.001141
0.000657
0.000146
-0.000100
-0.000289
-0.000428
-0.000711
-0.001206
-0.001527
-0.001622
-0.001601
-0.001461
-0.001155
-0.000723
-0.000212
0.000376
0.000965
0.001423
0.001851
0.002432
0.002931
0.003349
0.003721
0.003921
0.003955
0.003707
0.003367
0.003175
0.003079
0.002990
0.002855
0.002669
0.002578
0.002712
0.002954
0.003138
0.003149
0.003112
0.003097
0.003076
0.003157
0.003301
0.003601
0.004044
0.004290
0.004253
0.003992
0.003617
0.003284
0.003063
0.002824
0.002401
0.001951
0.001659
0.001576
0.001692
0.001802
0.001784
0.001742
0.001746
0.001762
0.001746
0.001837
0.001916
0.001882
0.001894
0.001771
0.001468
0.001251
0.001178
0.001096
0.000766
0.000377
0.000023
-0.000337
-0.000442
-0.000418
-0.000491
-0.000815
-0.001252
-0.001439
-0.001468
-0.001429
-0.001392
-0.001413
-0.001390
-0.001366
-0.001425
-0.001442
-0.001216
-0.000784
-0.000295
0.000018
0.000199
0.000332
0.000565
0.001093
0.001530
0.001669
0.001633
0.001537
0.001413
0.001370
0.001449
0.001287
0.000836
0.000288
-0.000324
-0.000883
-0.001301
-0.001536
-0.001563
-0.001477
-0.001449
-0.001456
-0.001429
-0.001481
-0.001670
-0.001871
-0.001902
-0.001741
-0.001492
-0.001310
-0.001246
-0.001312
-0.001483
-0.001514
-0.001423
-0.001422
-0.001404
-0.001341
-0.001225
-0.000930
-0.000431
0.000349
0.001105
0.001605
0.001907
0.002194
0.002614
0.002996
0.003364
0.003751
0.004162
0.004516
0.004745
0.004736
0.004299
0.003718
0.003151
0.002643
0.002176
0.001637
0.001180
0.000585
-0.000214
-0.000911
-0.001394
-0.001565
-0.001614
-0.001938
-0.002471
-0.002919
-0.003190
-0.003070
-0.002586
-0.002042
-0.001631
-0.001668
-0.002082
-0.002506
-0.002854
-0.003301
-0.003934
-0.004413
-0.004768
-0.005239
-0.005595
-0.005961
-0.006369
-0.006559
-0.006595
-0.006524
-0.006449
-0.006226
-0.005808
-0.005375
-0.004997
-0.004911
-0.004959
-0.004733
-0.004268
-0.003773
-0.003427
-0.003270
-0.003077
-0.002686
-0.002283
-0.002018
-0.001878
-0.001893
-0.002000
-0.002050
-0.001967
-0.001892
-0.001861
-0.001811
-0.001854
-0.001940
-0.001899
-0.001871
-0.001893
-0.001526
-0.000999
-0.000645
-0.000318
-0.000300
-0.000487
-0.000503
-0.000449
-0.000420
-0.000307
-0.000251
-0.000296
-0.000379
-0.000779
-0.001333
-0.001711
-0.001889
-0.001889
-0.001802
-0.001780
-0.001994
-0.002417
-0.002863
-0.003098
-0.002981
-0.002604
-0.002273
-0.002035
-0.001889
-0.001933
-0.002034
-0.002083
-0.001957
-0.001985
-0.002253
-0.002563
-0.003107
-0.003525
-0.003598
-0.003504
-0.003147
-0.002637
-0.002164
-0.001840
-0.001725
-0.001572
-0.001112
-0.000663
-0.000654
-0.001024
-0.001563
-0.001913
-0.001970
-0.001977
-0.002086
-0.002510
-0.003044
-0.003330
-0.003429
-0.003412
-0.003282
-0.003154
-0.003243
-0.003425
-0.003383
-0.003309
-0.003389
-0.003403
-0.003366
-0.003424
-0.003443
-0.003317
-0.003104
-0.002898
-0.002648
-0.002297
-0.002167
-0.002405
-0.002690
-0.002903
-0.003175
-0.003458
-0.003528
-0.003614
-0.004008
-0.004472
-0.004835
-0.005091
-0.005128
-0.004812
-0.004227
-0.003648
-0.002986
-0.002303
-0.002059
-0.002035
-0.001879
-0.001558
-0.000886
-0.000004
0.000436
0.000357
-0.000025
-0.000741
-0.001429
-0.001822
-0.002165
-0.002605
-0.002987
-0.003377
-0.003797
-0.003850
-0.003543
-0.003005
-0.002190
-0.001751
-0.001739
-0.001470
-0.000796
0.000081
0.000910
0.001352
0.001281
0.001104
0.000963
0.000916
0.001009
0.001090
0.001215
0.001140
0.000970
0.000963
0.000745
0.000465
0.000292
0.000268
0.000560
0.000850
0.000967
0.000996
0.000958
0.000848
0.000757
0.000916
0.000969
0.000855
0.000969
0.001166
0.001396
0.001374
0.001109
0.000941
0.000792
0.000903
0.001012
0.001013
0.001150
0.001050
0.000958
0.000984
0.000974
0.001003
0.000989
0.000991
0.000980
0.001083
0.001428
0.001875
0.002352
0.002531
0.002418
0.002382
0.002418
0.002435
0.002437
0.002564
0.002816
0.003189
0.003696
0.004013
0.003939
0.003561
0.002970
0.002386
0.002273
0.002504
0.002548
0.002593
0.002606
0.002474
0.002485
0.002731
0.003131
0.003646
0.004105
0.004202
0.004078
0.003960
0.003851
0.003851
0.003945
0.003740
0.003184
0.002503
0.001711
0.001070
0.000893
0.000893
0.000922
0.001096
0.001140
0.000983
0.000943
0.000967
0.000904
0.000909
0.000947
0.000909
0.000935
0.001235
0.001680
0.002112
0.002081
0.001628
0.001170
0.000658
0.000312
0.000049
-0.000256
-0.000426
-0.000373
-0.000096
0.000364
0.000855
0.001074
0.001051
0.000959
0.000855
0.000920
0.000961
0.000912
0.000979
0.001000
0.000950
0.000980
0.001046
0.001056
0.001063
0.000953
0.000530
0.000032
-0.000308
-0.000495
-0.000500
-0.000388
-0.000324
-0.000268
-0.000209
0.000066
0.000654
0.001014
0.001158
0.001193
0.001073
0.001017
0.001032
0.001109
0.001191
0.001126
0.000845
0.000341
-0.000155
-0.000459
-0.000600
-0.000582
-0.000481
-0.000469
-0.000565
-0.000591
-0.000550
-0.000339
0.000201
0.000745
0.001035
0.001167
0.001067
0.000896
0.000931
0.000998
0.001032
0.001062
0.001004
0.000959
0.000867
0.000449
-0.000110
-0.000577
-0.001069
-0.001519
-0.001826
-0.001953
-0.001930
-0.001925
-0.001871
-0.001857
-0.001941
-0.001863
-0.001772
-0.001516
-0.000904
-0.000419
-0.000275
-0.000378
-0.000543
-0.000691
-0.001035
-0.001517
-0.001847
-0.001926
-0.001940
-0.001932
-0.001867
-0.001894
-0.001926
-0.001943
-0.001974
-0.001811
-0.001413
-0.000842
-0.000403
-0.000421
-0.000508
-0.000586
-0.000708
-0.000622
-0.000487
-0.000494
-0.000523
-0.000501
-0.000565
-0.000605
-0.000544
-0.000550
-0.000627
-0.000580
-0.000538
-0.000618
-0.000595
-0.000543
-0.000592
-0.000695
-0.000701
-0.000603
-0.000621
-0.000607
-0.000528
-0.000547
-0.000531
-0.000523
-0.000549
-0.000492
-0.000462
-0.000502
-0.000501
-0.000504
-0.000496
-0.000482
-0.000504
-0.000516
-0.000486
-0.000547
-0.000901
-0.001374
-0.001783
-0.002036
-0.002062
-0.001977
-0.001875
-0.001857
-0.001935
-0.001998
-0.002012
-0.001984
-0.001967
-0.001950
-0.001974
-0.001860
-0.001531
-0.001348
-0.001123
-0.000797
-0.000645
-0.000759
-0.001122
-0.001643
-0.002134
-0.002353
-0.002528
-0.002676
-0.002822
-0.003151
-0.003353
-0.003463
-0.003527
-0.003385
-0.003196
-0.002809
-0.002300
-0.002002
-0.001863
-0.001904
-0.002045
-0.002071
-0.001993
-0.001946
-0.001934
-0.001912
-0.001950
-0.002073
-0.002071
-0.001970
-0.001943
-0.001738
-0.001252
-0.000770
-0.000471
-0.000352
-0.000456
-0.000624
-0.000626
-0.000572
-0.000544
-0.000577
-0.000654
-0.000692
-0.000675
-0.000647
-0.000617
-0.000575
-0.000573
-0.000707
-0.000940
-0.001026
-0.000997
-0.000731
-0.000139
0.000438
0.000865
0.001060
0.001044
0.000973
0.000870
0.000903
0.000993
0.000985
0.001010
0.000959
0.000961
0.000976
0.000928
0.001010
0.000997
0.000931
0.001010
0.000959
0.000601
0.000112
-0.000272
-0.000492
-0.000545
-0.000535
-0.000793
-0.001264
-0.001743
-0.001982
-0.001906
-0.001834
-0.001734
-0.001675
-0.001752
-0.001798
-0.001747
-0.001736
-0.001864
-0.001817
-0.001795
-0.001890
-0.001882
-0.001943
-0.001975
-0.002009
-0.001994
-0.001983
-0.002051
-0.002026
-0.002041
-0.002073
-0.002035
-0.001911
-0.001839
-0.001910
-0.001734
-0.001279
-0.000665
0.000213
0.000894
0.001183
0.001287
0.001228
0.001135
0.001135
0.001225
0.001340
0.001280
0.001013
0.000675
0.000118
-0.000439
-0.000859
-0.001311
-0.001597
-0.001656
-0.001653
-0.001541
-0.001452
-0.001568
-0.001559
-0.001438
-0.001277
-0.000811
-0.000271
0.000062
0.000173
0.000084
0.000055
0.000337
0.000732
0.001051
0.001237
0.001110
0.000878
0.000983
0.001317
0.001500
0.001409
0.000930
0.000402
0.000338
0.000668
0.001054
0.001202
0.001026
0.000592
0.000254
0.000071
-0.000030
0.000157
0.000296
0.000198
0.000165
0.000060
-0.000263
-0.000687
-0.001125
-0.001378
-0.001393
-0.001309
-0.001183
-0.001127
-0.001142
-0.001159
-0.001147
-0.001085
-0.001070
-0.000977
-0.000633
-0.000003
0.000742
0.001265
0.001559
0.001779
0.001940
0.001963
0.001797
0.001375
0.000894
0.000676
0.000657
0.000814
0.000994
0.000928
0.000659
0.000477
0.000464
0.000513
0.000637
0.000831
0.001104
0.001296
0.001331
0.001336
0.001366
0.001374
0.001416
0.001516
0.001517
0.001509
0.001550
0.001550
0.001625
0.001691
0.001637
0.001690
0.001764
0.001843
0.002256
0.002845
0.003169
0.003274
0.003287
0.003177
0.003133
0.003178
0.003236
0.003247
0.003200
0.003104
0.002835
0.002549
0.002265
0.001817
0.001235
0.000676
0.000381
0.000341
0.000415
0.000486
0.000519
0.000472
0.000428
0.000631
0.001103
0.001669
0.002004
0.002112
0.002317
0.002663
0.002922
0.003053
0.003096
0.002972
0.002731
0.002578
0.002566
0.002482
0.002341
0.002228
0.002144
0.002107
0.002075
0.002146
0.002179
0.002117
0.002124
0.002169
0.002277
0.002550
0.002806
0.002764
0.002551
0.002325
0.002208
0.002240
0.002303
0.002324
0.002299
0.002289
0.002235
0.002207
0.002254
0.002264
0.002273
0.002286
0.002247
0.002251
0.002259
0.002240
0.002303
0.002306
0.002251
0.002261
0.002246
0.002214
0.002227
0.002231
0.002084
0.001671
0.001142
0.000757
0.000620
0.000670
0.000762
0.000782
0.000727
0.000694
0.000681
0.000681
0.000686
0.000466
0.000022
-0.000403
-0.000689
-0.000604
-0.000040
0.000596
0.000893
0.000875
0.000754
0.000651
0.000638
0.000721
0.000874
0.001175
0.001585
0.001857
0.001916
0.001887
0.001751
0.001411
0.001072
0.000862
0.000777
0.000838
0.000894
0.000892
0.000873
0.000835
0.000800
0.000824
0.000856
0.000967
0.001298
0.001671
0.001734
0.001432
0.001004
0.000726
0.000689
0.000742
0.000858
0.000942
0.000907
0.000842
0.000799
0.000776
0.000847
0.000891
0.000823
0.000884
0.000912
0.000794
0.000806
0.000873
0.001013
0.001414
0.001919
0.002283
0.002268
0.001916
0.001561
0.001262
0.000980
0.000823
0.000765
0.000786
0.000999
0.001519
0.002213
0.002963
0.003597
0.003828
0.003842
0.003805
0.003952
0.004449
0.005041
0.005379
0.005186
0.004626
0.004027
0.003701
0.003624
0.003441
0.003089
0.002425
0.001545
0.000960
0.000759
0.000823
0.001083
0.001388
0.001504
0.001355
0.001138
0.000909
0.000793
0.000854
0.000924
0.000951
0.000928
0.000888
0.000839
0.000715
0.000427
-0.000053
-0.000507
-0.000744
-0.000772
-0.000699
-0.000585
-0.000561
-0.000642
-0.000686
-0.000822
-0.001164
-0.001654
-0.002066
-0.002241
-0.002203
-0.002127
-0.002136
-0.002263
-0.002579
-0.002900
-0.003171
-0.003455
-0.003603
-0.003507
-0.003114
-0.002560
-0.002160
-0.002023
-0.002054
-0.002107
-0.002135
-0.002150
-0.002143
-0.002121
-0.002148
-0.002192
-0.002202
-0.002216
-0.002174
-0.001945
-0.001480
-0.000981
-0.000611
-0.000280
0.000144
0.000587
0.000878
0.000988
0.000938
0.000834
0.000805
0.000861
0.000909
0.000890
0.000876
0.000886
0.000845
0.000825
0.000834
0.000799
0.000701
0.000374
-0.000113
-0.000659
-0.001249
-0.001719
-0.002078
-0.002248
-0.002242
-0.002220
-0.002178
-0.002197
-0.002250
-0.002258
-0.002237
-0.002229
-0.002223
-0.002182
-0.002163
-0.002182
-0.002192
-0.002168
-0.002025
-0.001679
-0.001202
-0.000781
-0.000560
-0.000415
-0.000124
0.000330
0.000706
0.000876
0.000870
0.000784
0.000717
0.000717
0.000939
0.001389
0.001929
0.002337
0.002464
0.002429
0.002306
0.002166
0.002032
0.001814
0.001576
0.001319
0.001053
0.000855
0.000765
0.000737
0.000559
0.000168
-0.000399
-0.000992
-0.001475
-0.001879
-0.002135
-0.002155
-0.002064
-0.002099
-0.002102
-0.001878
-0.001383
-0.000619
0.000150
0.000646
0.000831
0.000831
0.000708
0.000720
0.001053
0.001574
0.002174
0.002816
0.003354
0.003685
0.003717
0.003343
0.002810
0.002372
0.002062
0.001784
0.001425
0.001045
0.000812
0.000753
0.000773
0.000839
0.000918
0.000898
0.000831
0.000846
0.000865
0.000879
0.000918
0.000951
0.000947
0.000911
0.000901
0.000944
0.000958
0.000876
0.000859
0.000802
0.000403
-0.000143
-0.000532
-0.000742
-0.000902
-0.001182
-0.001630
-0.002029
-0.002213
-0.002217
-0.002100
-0.002068
-0.002077
-0.002110
-0.002333
-0.002564
-0.002641
-0.002540
-0.002218
-0.001796
-0.001350
-0.000851
-0.000362
0.000140
0.000622
0.000883
0.000955
0.000914
0.000815
0.000823
0.000925
0.000969
0.000975
0.000946
0.000760
0.000543
0.000453
0.000420
0.000387
0.000322
0.000251
0.000162
-0.000106
-0.000574
-0.001167
-0.001698
-0.001965
-0.002005
-0.001913
-0.001789
-0.001816
-0.001897
-0.001930
-0.001944
-0.001935
-0.001915
-0.001882
-0.001868
-0.001814
-0.001835
-0.001873
-0.001828
-0.001868
-0.001897
-0.001867
-0.001893
-0.001892
-0.001898
-0.001929
-0.001916
-0.001901
-0.001886
-0.001994
-0.002301
-0.002851
-0.003514
-0.003935
-0.004025
-0.003986
-0.004027
-0.004051
-0.003872
-0.003463
-0.002871
-0.002286
-0.001893
-0.001704
-0.001704
-0.001773
-0.001790
-0.001803
-0.001752
-0.001687
-0.001675
-0.001662
-0.001649
-0.001611
-0.001574
-0.001544
-0.001534
-0.001519
-0.001495
-0.001495
-0.001512
-0.001386
-0.001012
-0.000528
-0.000064
0.000229
0.000513
0.000828
0.000957
0.001033
0.001053
0.000916
0.000716
0.000706
0.001075
0.001499
0.001686
0.001694
0.001618
0.001540
0.001522
0.001548
0.001588
0.001619
0.001596
0.001564
0.001540
0.001530
0.001518
0.001520
0.001572
0.001581
0.001364
0.000790
-0.000069
-0.000996
-0.001531
-0.001553
-0.001433
-0.001300
-0.001267
-0.001404
-0.001468
-0.001459
-0.001475
-0.001401
-0.001324
-0.001349
-0.001336
-0.001281
-0.001272
-0.001283
-0.001250
-0.001247
-0.001277
-0.001268
-0.001267
-0.001272
-0.001267
-0.001282
-0.001288
-0.001260
-0.001236
-0.001247
-0.001229
-0.001188
-0.001219
-0.001216
-0.001170
-0.001085
-0.000863
-0.000662
-0.000560
-0.000441
-0.000201
0.000143
0.000437
0.000598
0.000644
0.000790
0.001015
0.001028
0.000892
0.000648
0.000247
-0.000098
-0.000188
-0.000029
0.000270
0.000334
0.000166
0.000170
0.000240
0.000277
0.000303
0.000148
-0.000179
-0.000454
-0.000605
-0.000625
-0.000514
-0.000461
-0.000425
-0.000382
-0.000451
-0.000461
-0.000385
-0.000368
-0.000360
-0.000340
-0.000314
-0.000286
-0.000191
0.000036
0.000336
0.000807
0.001469
0.002177
0.002698
0.002831
0.002496
0.001877
0.001507
0.001482
0.001358
0.000926
0.000348
-0.000094
-0.000221
-0.000106
0.000020
0.000096
0.000111
0.000069
0.000066
0.000105
0.000291
0.000724
0.001295
0.001748
0.002028
0.002358
0.002800
0.003149
0.003320
0.003413
0.003384
0.003290
0.003351
0.003425
0.003439
0.003479
0.003441
0.003415
0.003432
0.003445
0.003495
0.003577
0.003635
0.003654
0.003665
0.003696
0.003693
0.003436
0.002976
0.002516
0.002163
0.002096
0.002261
0.002608
0.003122
0.003592
0.003850
0.003867
0.003779
0.003746
0.003783
0.003804
0.003858
0.003947
0.003962
0.003933
0.003890
0.003893
0.003961
0.004009
0.003981
0.003835
0.003660
0.003409
0.003133
0.003184
0.003504
0.003836
0.003979
0.003732
0.003249
0.002981
0.003205
0.003705
0.004372
0.004465
0.004319
0.004139
0.004097
0.004091
0.004159
0.004203
0.004178
0.004151
0.004087
0.003988
0.003696
0.003210
0.002808
0.002577
0.002553
0.002633
0.002828
0.003272
0.003705
0.004026
0.004141
0.004061
0.003996
0.003976
0.003967
0.003974
0.004040
0.004042
0.003977
0.003776
0.003355
0.002828
0.002252
0.001786
0.001519
0.001383
0.001346
0.001227
0.000974
0.000813
0.000767
0.000789
0.000817
0.000840
0.000827
0.000822
0.000870
0.000855
0.000897
0.001035
0.001215
0.001278
0.001064
0.000832
0.000724
0.000663
0.000707
0.000788
0.000805
0.000781
0.000744
0.000718
0.000719
0.000757
0.000815
0.000823
0.000770
0.000740
0.000768
0.000703
0.000622
0.000670
0.000650
0.000598
0.000638
0.000648
0.000577
0.000597
0.000636
0.000563
0.000507
0.000348
0.000156
0.000220
0.000418
0.000592
0.000679
0.000629
0.000528
0.000450
0.000457
0.000529
0.000448
0.000111
-0.000269
-0.000479
-0.000447
-0.000207
0.000178
0.000507
0.000538
0.000458
0.000387
0.000282
0.000299
0.000363
0.000354
0.000226
-0.000247
-0.001094
-0.001999
-0.002572
-0.002684
-0.002540
-0.002404
-0.002378
-0.002414
-0.002467
-0.002477
-0.002460
-0.002455
-0.002422
-0.002434
-0.002479
-0.002524
-0.002533
-0.002497
-0.002642
-0.003044
-0.003676
-0.004416
-0.005011
-0.005311
-0.005330
-0.005209
-0.005094
-0.005072
-0.005080
-0.005116
-0.005154
-0.005112
-0.005060
-0.005021
-0.005012
-0.005026
-0.005020
-0.005040
-0.005056
-0.005059
-0.005050
-0.004951
-0.004648
-0.003946
-0.003023
-0.002311
-0.001999
-0.002012
-0.002161
-0.002291
-0.002347
-0.002461
-0.002665
-0.002863
-0.003110
-0.003369
-0.003449
-0.003216
-0.002733
-0.002268
-0.002042
-0.002048
-0.002129
-0.002160
-0.002130
-0.002092
-0.002071
-0.002057
-0.002064
-0.002137
-0.002164
-0.002093
-0.002090
-0.002097
-0.002059
-0.002072
-0.002081
-0.002056
-0.002056
-0.002057
-0.002011
-0.001989
-0.002005
-0.002011
-0.002020
-0.002009
-0.001983
-0.001970
-0.001984
-0.001993
-0.001989
-0.001972
-0.001956
-0.001960
-0.001922
-0.001905
-0.001914
-0.001911
-0.001887
-0.001830
-0.001851
-0.001840
-0.001641
-0.001296
-0.000865
-0.000558
-0.000459
-0.000481
-0.000578
-0.000617
-0.000533
-0.000306
0.000069
0.000464
0.000734
0.000809
0.000767
0.000678
0.000636
0.000655
0.000681
0.000711
0.000706
0.000628
0.000435
0.000252
0.000221
0.000113
-0.000308
-0.000944
-0.001535
-0.001845
-0.001860
-0.001722
-0.001569
-0.001486
-0.001366
-0.001200
-0.001036
-0.000815
-0.000614
-0.000492
-0.000444
-0.000471
-0.000495
-0.000559
-0.000717
-0.000830
-0.000841
-0.000925
-0.001121
-0.001267
-0.001201
-0.000880
-0.000507
-0.000204
0.000067
0.000341
0.000577
0.000692
0.000716
0.000777
0.001024
0.001387
0.001694
0.001863
0.001949
0.002046
0.002063
0.001937
0.001786
0.001695
0.001648
0.001669
0.001831
0.002129
0.002439
0.002655
0.002733
0.002653
0.002549
0.002509
0.002494
0.002357
0.002041
0.001666
0.001258
0.000858
0.000564
0.000414
0.000387
0.000443
0.000471
0.000415
0.000359
0.000321
0.000301
0.000312
0.000327
0.000326
0.000308
0.000303
0.000293
0.000271
0.000267
0.000273
0.000272
0.000253
0.000247
0.000254
0.000206
0.000020
-0.000278
-0.000619
-0.000997
-0.001332
-0.001553
-0.001671
-0.001667
-0.001616
-0.001600
-0.001597
-0.001611
-0.001623
-0.001615
-0.001601
-0.001581
-0.001562
-0.001562
-0.001554
-0.001531
-0.001527
-0.001510
-0.001489
-0.001485
-0.001464
-0.001445
-0.001432
-0.001348
-0.001111
-0.000805
-0.000641
-0.000676
-0.000823
-0.001032
-0.001231
-0.001338
-0.001355
-0.001332
-0.001299
-0.001272
-0.001280
-0.001292
-0.001281
-0.001268
-0.001234
-0.001054
-0.000661
-0.000207
0.000137
0.000347
0.000446
0.000436
0.000388
0.000368
0.000319
0.000195
0.000041
-0.000093
-0.000124
0.000014
0.000220
0.000405
0.000490
0.000442
0.000381
0.000353
0.000351
0.000379
0.000415
0.000421
0.000391
0.000377
0.000368
0.000359
0.000358
0.000344
0.000348
0.000358
0.000337
0.000325
0.000320
0.000313
0.000317
0.000278
0.000150
-0.000064
-0.000299
-0.000423
-0.000474
-0.000537
-0.000617
-0.000693
-0.000698
-0.000601
-0.000446
-0.000339
-0.000355
-0.000508
-0.000762
-0.000971
-0.001052
-0.001040
-0.000962
-0.000904
-0.000905
-0.000900
-0.000892
-0.000883
-0.000867
-0.000844
-0.000818
-0.000809
-0.000796
-0.000720
-0.000502
-0.000127
0.000225
0.000385
0.000396
0.000381
0.000412
0.000469
0.000536
0.000587
0.000576
0.000546
0.000536
0.000521
0.000508
0.000515
0.000521
0.000504
0.000498
0.000499
0.000474
0.000471
0.000480
0.000472
0.000471
0.000485
0.000501
0.000504
0.000501
0.000492
0.000481
0.000461
0.000443
0.000451
0.000429
0.000328
0.000141
-0.000109
-0.000359
-0.000532
-0.000582
-0.000557
-0.000521
-0.000486
-0.000470
-0.000482
-0.000483
-0.000465
-0.000448
-0.000429
-0.000413
-0.000401
-0.000385
-0.000372
-0.000343
-0.000272
-0.000205
-0.000184
-0.000178
-0.000151
-0.000099
-0.000048
-0.000019
-0.000001
0.000042
0.000104
0.000145
0.000160
0.000155
0.000135
0.000120
0.000089
-0.000002
-0.000134
-0.000230
-0.000266
-0.000265
-0.000228
-0.000196
-0.000201
-0.000206
-0.000202
-0.000193
-0.000139
-0.000006
0.000187
0.000378
0.000485
0.000487
0.000449
0.000413
0.000397
0.000404
0.000414
0.000411
0.000398
0.000379
0.000369
0.000367
0.000367
0.000367
0.000362
0.000357
0.000354
0.000344
0.000335
0.000328
0.000321
0.000317
0.000309
0.000300
0.000295
0.000293
0.000295
0.000284
0.000240
0.000170
0.000086
-0.000005
-0.000077
-0.000127
-0.000145
-0.000134
-0.000119
-0.000102
-0.000096
-0.000096
-0.000077
-0.000029
0.000055
0.000161
0.000251
0.000305
0.000317
0.000298
0.000281
0.000278
0.000280
0.000287
0.000286
0.000274
0.000264
0.000243
0.000200
0.000144
0.000098
0.000080
0.000081
0.000090
0.000095
0.000090
0.000072
0.000042
0.000017
-0.000004
-0.000021
-0.000023
0.000007
0.000056
0.000102
0.000134
0.000146
0.000155
0.000166
0.000175
0.000182
0.000176
0.000168
0.000164
0.000156
0.000148
0.000145
0.000142
0.000133
0.000128
0.000125
0.000119
0.000114
0.000111
0.000106
0.000102
0.000097
0.000091
0.000088
0.000085
0.000081
0.000076
0.000073
0.000070
0.000066
0.000063
0.000060
0.000056
0.000052
0.000047
0.000034
0.000017
0.000006
0.000003
0.000007
0.000012
0.000010
0.000005
-0.000002
-0.000014
-0.000033
-0.000054
-0.000071
-0.000084
-0.000088
-0.000085
-0.000082
-0.000077
-0.000076
-0.000077
-0.000076
-0.000074
-0.000072
-0.000072
-0.000077
-0.000087
-0.000097
-0.000107
-0.000115
-0.000117
-0.000114
-0.000108
-0.000096
-0.000083
-0.000076
-0.000077
-0.000078
-0.000077
-0.000076
-0.000072
-0.000067
-0.000058
-0.000043
-0.000028
-0.000017
-0.000010
-0.000007
-0.000007
-0.000007
-0.000006
-0.000003
-0.000003
-0.000005
-0.000007
-0.000010
-0.000014
-0.000017
-0.000018
-0.000018
-0.000017
-0.000017
-0.000013
-0.000010
-0.000009
-0.000006
-0.000003
-0.000001
0.000002
0.000003
0.000004
0.000007
0.000009
0.000010
0.000011
0.000013
0.000015
0.000016
0.000018
0.000019
0.000020
0.000022
0.000024
0.000024
0.000026
0.000027
0.000028
0.000029
0.000031
0.000032
0.000033
0.000034
0.000035
0.000035
0.000037
0.000037
0.000038
0.000039
0.000040
0.000042
0.000044
0.000046
0.000047
0.000047
0.000047
0.000047
0.000047
0.000047
0.000048
0.000048
0.000048
0.000048
0.000048
0.000048
0.000048
0.000048
0.000049
0.000049
0.000049
0.000049
0.000049
0.000049
0.000050
0.000050
0.000050
0.000051
0.000051
0.000051
0.000051
0.000051
0.000051
0.000052
0.000052
0.000052
0.000052
0.000052
0.000052
0.000053
0.000053
0.000053
0.000053
0.000053
0.000053
0.000054
0.000054
0.000054
0.000054
0.000054
0.000054
0.000054
0.000055
0.000055
0.000055
0.000055
0.000055
0.000055
0.000055
0.000056
0.000056
0.000056
0.000056
0.000056
0.000056
0.000056
0.000056
0.000057
0.000057
0.000057
0.000057
