-0.000185
-0.000224
-0.000166
-0.000033
-0.000040
-0.000027
-0.000015
-0.000004
0.000002
0.000004
0.000004
0.000002
-0.000000
-0.000003
-0.000006
-0.000008
-0.000011
-0.000013
-0.000014
-0.000011
-0.000003
0.000008
0.000021
0.000033
0.000045
0.000059
0.000073
0.000088
0.000102
0.000117
0.000129
0.000136
0.000137
0.000130
0.000116
0.000098
0.000080
0.000067
0.000065
0.000074
0.000090
0.000102
0.000099
0.000075
0.000031
-0.000025
-0.000086
-0.000144
-0.000197
-0.000242
-0.000276
-0.000295
-0.000294
-0.000277
-0.000247
-0.000210
-0.000174
-0.000142
-0.000119
-0.000108
-0.000114
-0.000135
-0.000160
-0.000173
-0.000158
-0.000107
-0.000023
0.000075
0.000164
0.000228
0.000263
0.000274
0.000265
0.000240
0.000199
0.000145
0.000088
0.000068
0.000131
0.000281
0.000473
0.000652
0.000777
0.000829
0.000815
0.000750
0.000653
0.000537
0.000401
0.000251
0.000116
0.000022
-0.000024
-0.000034
-0.000021
-0.000002
0.000003
-0.000011
-0.000046
-0.000089
-0.000098
-0.000022
0.000145
0.000338
0.000460
0.000461
0.000354
0.000183
-0.000009
-0.000192
-0.000345
-0.000470
-0.000584
-0.000698
-0.000798
-0.000853
-0.000834
-0.000702
-0.000421
0.000011
0.000545
0.001083
0.001505
0.001739
0.001810
0.001794
0.001751
0.001720
0.001709
0.001668
0.001551
0.001364
0.001141
0.000904
0.000624
0.000263
-0.000159
-0.000529
-0.000735
-0.000759
-0.000682
-0.000595
-0.000567
-0.000621
-0.000740
-0.000885
-0.001016
-0.001093
-0.001113
-0.001126
-0.001202
-0.001373
-0.001597
-0.001773
-0.001826
-0.001752
-0.001594
-0.001392
-0.001173
-0.000939
-0.000649
-0.000229
0.000385
0.001210
0.002233
0.003447
0.004771
0.006041
0.007089
0.007786
0.008082
0.008004
0.007601
0.006877
0.005761
0.004222
0.002432
0.000703
-0.000699
-0.001621
-0.002020
-0.002003
-0.001826
-0.001794
-0.002107
-0.002768
-0.003604
-0.004380
-0.004922
-0.005133
-0.004967
-0.004452
-0.003705
-0.002929
-0.002309
-0.001931
-0.001766
-0.001709
-0.001664
-0.001637
-0.001674
-0.001722
-0.001590
-0.001043
0.000022
0.001491
0.003090
0.004500
0.005419
0.005637
0.005082
0.003811
0.002036
0.000073
-0.001810
-0.003466
-0.004822
-0.005867
-0.006610
-0.007019
-0.007058
-0.006776
-0.006320
-0.005858
-0.005503
-0.005290
-0.005170
-0.005060
-0.004908
-0.004676
-0.004368
-0.004074
-0.003870
-0.003681
-0.003298
-0.002570
-0.001599
-0.000689
-0.000105
0.000130
0.000265
0.000642
0.001438
0.002502
0.003460
0.004018
0.004126
0.003871
0.003300
0.002383
0.001077
-0.000573
-0.002371
-0.003991
-0.005073
-0.005301
-0.004494
-0.002764
-0.000479
0.002018
0.004562
0.007060
0.009349
0.011256
0.012733
0.013867
0.014778
0.015532
0.016090
0.016347
0.016187
0.015532
0.014351
0.012593
0.010167
0.007063
0.003465
-0.000280
-0.003758
-0.006620
-0.008703
-0.010005
-0.010593
-0.010589
-0.010162
-0.009453
-0.008530
-0.007391
-0.006042
-0.004625
-0.003410
-0.002604
-0.002199
-0.001981
-0.001597
-0.000677
0.000936
0.003035
0.005213
0.007132
0.008558
0.009345
0.009569
0.009571
0.009687
0.009986
0.010276
0.010314
0.009929
0.009070
0.007790
0.006182
0.004313
0.002274
0.000195
-0.001876
-0.003939
-0.005900
-0.007651
-0.009217
-0.010714
-0.012317
-0.014190
-0.016312
-0.018336
-0.019630
-0.019557
-0.017900
-0.015078
-0.011899
-0.009133
-0.007223
-0.006139
-0.005456
-0.004611
-0.003270
-0.001634
-0.000297
0.000199
-0.000381
-0.002031
-0.004655
-0.008032
-0.011628
-0.014688
-0.016566
-0.016883
-0.015474
-0.012322
-0.007656
-0.002181
0.002973
0.006806
0.008956
0.009698
0.009590
0.009106
0.008497
0.007835
0.007102
0.006295
0.005557
0.005159
0.005231
0.005618
0.006095
0.006573
0.007123
0.007831
0.008632
0.009286
0.009575
0.009486
0.009213
0.008941
0.008625
0.007991
0.006782
0.004997
0.002860
0.000659
-0.001328
-0.002929
-0.004054
-0.004580
-0.004321
-0.003165
-0.001304
0.000699
0.002049
0.001978
0.000184
-0.002951
-0.006716
-0.010407
-0.013286
-0.014666
-0.014236
-0.012202
-0.009107
-0.005516
-0.001864
0.001457
0.004003
0.005378
0.005444
0.004420
0.002752
0.000893
-0.000861
-0.002406
-0.003779
-0.004988
-0.005886
-0.006253
-0.005877
-0.004653
-0.002859
-0.001114
0.000121
0.000778
0.001027
0.001095
0.001180
0.001395
0.001669
0.001775
0.001510
0.000857
0.000043
-0.000540
-0.000583
-0.000097
0.000594
0.001052
0.001008
0.000510
-0.000197
-0.000825
-0.001069
-0.000684
0.000374
0.001902
0.003553
0.005015
0.006108
0.006829
0.007295
0.007608
0.007744
0.007540
0.006788
0.005544
0.004247
0.003429
0.003445
0.004350
0.005885
0.007554
0.008861
0.009559
0.009658
0.009267
0.008539
0.007607
0.006528
0.005365
0.004225
0.003167
0.002169
0.001219
0.000401
-0.000110
-0.000245
-0.000195
-0.000282
-0.000649
-0.001161
-0.001625
-0.001983
-0.002315
-0.002742
-0.003382
-0.004343
-0.005723
-0.007587
-0.009801
-0.011947
-0.013483
-0.014014
-0.013434
-0.011866
-0.009593
-0.007051
-0.004686
-0.002744
-0.001256
-0.000070
0.001094
0.002404
0.003726
0.004797
0.005464
0.005714
0.005424
0.004267
0.002023
-0.001221
-0.005092
-0.008942
-0.012057
-0.014117
-0.015415
-0.016556
-0.017956
-0.019551
-0.020783
-0.020937
-0.019669
-0.017288
-0.014588
-0.012379
-0.011079
-0.010666
-0.010866
-0.011308
-0.011638
-0.011647
-0.011274
-0.010500
-0.009321
-0.007723
-0.005648
-0.003096
-0.000202
0.002827
0.005798
0.008481
0.010554
0.011793
0.012256
0.012191
0.011815
0.011234
0.010501
0.009712
0.009071
0.008800
0.008970
0.009479
0.010089
0.010419
0.010146
0.009275
0.007985
0.006364
0.004394
0.002097
-0.000270
-0.002274
-0.003618
-0.004294
-0.004475
-0.004314
-0.003962
-0.003592
-0.003296
-0.003116
-0.003078
-0.003189
-0.003386
-0.003548
-0.003498
-0.002994
-0.001781
0.000252
0.002920
0.005828
0.008591
0.010972
0.012973
0.014773
0.016517
0.018227
0.019673
0.020212
0.019103
0.016161
0.011972
0.007485
0.003522
0.000460
-0.001744
-0.003304
-0.004339
-0.004857
-0.005010
-0.005281
-0.006476
-0.009449
-0.014525
-0.021048
-0.027613
-0.032571
-0.034373
-0.032129
-0.026215
-0.018380
-0.011036
-0.005928
-0.003334
-0.002360
-0.001681
-0.000416
0.001453
0.003526
0.005493
0.007329
0.009246
0.011274
0.012981
0.013731
0.013254
0.011831
0.010111
0.008781
0.008136
0.007974
0.007918
0.007703
0.007195
0.006436
0.005563
0.004631
0.003586
0.002311
0.000776
-0.000780
-0.001796
-0.001717
-0.000511
0.001161
0.002444
0.002901
0.002667
0.002444
0.003026
0.004678
0.006864
0.008579
0.009178
0.008706
0.007819
0.007443
0.008142
0.009731
0.011515
0.012862
0.013399
0.012961
0.011539
0.009283
0.006533
0.003779
0.001656
0.000705
0.001007
0.002058
0.003048
0.003413
0.003024
0.002083
0.000962
0.000074
-0.000151
0.000649
0.002492
0.005025
0.007758
0.010176
0.011828
0.012374
0.011687
0.009939
0.007518
0.004924
0.002573
0.000616
-0.001007
-0.002285
-0.003128
-0.003462
-0.003156
-0.002163
-0.000737
0.000654
0.001491
0.001526
0.000934
-0.000010
-0.001129
-0.002409
-0.003867
-0.005348
-0.006595
-0.007275
-0.007079
-0.006034
-0.004529
-0.003104
-0.002154
-0.001838
-0.002016
-0.002085
-0.001522
-0.000218
0.001692
0.003905
0.006188
0.008358
0.010197
0.011584
0.012378
0.012478
0.011992
0.011036
0.009755
0.008401
0.007182
0.006293
0.005820
0.005591
0.005280
0.004662
0.003674
0.002371
0.000848
-0.000759
-0.002184
-0.003216
-0.003719
-0.003699
-0.003539
-0.003714
-0.004308
-0.004899
-0.004902
-0.003886
-0.001767
0.001098
0.004052
0.006398
0.007779
0.008287
0.008232
0.007817
0.007096
0.005979
0.004468
0.002777
0.001114
-0.000272
-0.001297
-0.002153
-0.002980
-0.003759
-0.004426
-0.004873
-0.005045
-0.005068
-0.005231
-0.005971
-0.007762
-0.010762
-0.014543
-0.018228
-0.020888
-0.021925
-0.021241
-0.019185
-0.016449
-0.013811
-0.011720
-0.010193
-0.009058
-0.008117
-0.007280
-0.006605
-0.006090
-0.005611
-0.005038
-0.004243
-0.003079
-0.001550
0.000159
0.001854
0.003368
0.004662
0.005768
0.006637
0.007155
0.007247
0.006981
0.006582
0.006346
0.006347
0.006196
0.005393
0.003774
0.001669
-0.000272
-0.001517
-0.001888
-0.001484
-0.000659
0.000165
0.000757
0.001019
0.001047
0.000962
0.000762
0.000429
-0.000017
-0.000357
-0.000380
-0.000091
0.000383
0.000949
0.001609
0.002426
0.003478
0.004739
0.006038
0.007094
0.007651
0.007650
0.007274
0.006835
0.006605
0.006684
0.006970
0.007248
0.007247
0.006802
0.005979
0.005018
0.004235
0.003916
0.004158
0.004777
0.005541
0.006306
0.006993
0.007475
0.007423
0.006569
0.004952
0.002894
0.000821
-0.000914
-0.002105
-0.002829
-0.003508
-0.004587
-0.006129
-0.007719
-0.008795
-0.009016
-0.008401
-0.007230
-0.005859
-0.004518
-0.003245
-0.002046
-0.000924
0.000049
0.000743
0.001052
0.000939
0.000587
0.000399
0.000711
0.001515
0.002512
0.003225
0.003244
0.002506
0.001348
0.000331
-0.000083
0.000168
0.000787
0.001365
0.001594
0.001451
0.001048
0.000386
-0.000639
-0.002222
-0.004548
-0.007535
-0.010637
-0.013045
-0.014091
-0.013601
-0.011934
-0.009681
-0.007411
-0.005522
-0.004264
-0.003650
-0.003328
-0.002894
-0.002240
-0.001535
-0.001081
-0.001020
-0.001276
-0.001782
-0.002463
-0.003187
-0.003727
-0.003762
-0.003083
-0.001754
-0.000148
0.001145
0.001614
0.001186
0.000147
-0.001059
-0.001945
-0.002161
-0.001755
-0.001256
-0.001241
-0.001906
-0.003062
-0.004337
-0.005360
-0.005760
-0.005138
-0.003293
-0.000557
0.002493
0.005388
0.007805
0.009752
0.011347
0.012519
0.013110
0.012857
0.011435
0.008886
0.005718
0.002534
-0.000105
-0.001856
-0.002803
-0.003206
-0.003320
-0.003429
-0.003701
-0.004104
-0.004481
-0.004793
-0.005177
-0.005694
-0.006317
-0.006935
-0.007281
-0.006941
-0.005607
-0.003434
-0.001090
0.000607
0.001340
0.001371
0.001129
0.001043
0.001355
0.001952
0.002543
0.002777
0.002282
0.000939
-0.001115
-0.003589
-0.006062
-0.008176
-0.009764
-0.010853
-0.011487
-0.011631
-0.011274
-0.010582
-0.009915
-0.009481
-0.009156
-0.008574
-0.007414
-0.005775
-0.004109
-0.002867
-0.002186
-0.001848
-0.001563
-0.001291
-0.001224
-0.001608
-0.002610
-0.004348
-0.006796
-0.009690
-0.012573
-0.014783
-0.015844
-0.015842
-0.015326
-0.014755
-0.014154
-0.013448
-0.012571
-0.011485
-0.010203
-0.008641
-0.006621
-0.004054
-0.001056
0.002141
0.005319
0.008259
0.010588
0.011931
0.012213
0.011576
0.010312
0.008611
0.006360
0.003598
0.000895
-0.000996
-0.001755
-0.001703
-0.001508
-0.001654
-0.002326
-0.003325
-0.004018
-0.003675
-0.001933
0.000852
0.003853
0.006396
0.008341
0.009914
0.011246
0.012271
0.012866
0.013008
0.012803
0.012383
0.011830
0.011074
0.009945
0.008455
0.006891
0.005609
0.004875
0.004737
0.004998
0.005324
0.005395
0.005092
0.004529
0.003944
0.003529
0.003203
0.002777
0.002359
0.002383
0.003131
0.004376
0.005597
0.006418
0.006804
0.006839
0.006660
0.006473
0.006436
0.006608
0.006911
0.007140
0.006908
0.005670
0.003139
-0.000271
-0.003595
-0.005972
-0.007244
-0.007761
-0.007868
-0.007782
-0.007640
-0.007576
-0.007523
-0.007119
-0.006120
-0.004748
-0.003375
-0.002146
-0.001120
-0.000333
0.000206
0.000527
0.000758
0.000999
0.001256
0.001505
0.001743
0.002069
0.002632
0.003560
0.004745
0.005884
0.006789
0.007277
0.007100
0.006040
0.004114
0.001667
-0.000791
-0.002691
-0.003673
-0.003743
-0.003123
-0.002146
-0.001151
-0.000440
-0.000275
-0.000668
-0.001267
-0.001639
-0.001562
-0.001074
-0.000329
0.000493
0.001202
0.001689
0.002050
0.002529
0.003258
0.004057
0.004416
0.003827
0.002042
-0.000847
-0.004251
-0.007293
-0.009170
-0.009458
-0.008305
-0.006364
-0.004472
-0.003272
-0.002934
-0.003097
-0.003228
-0.002935
-0.001985
-0.000406
0.001576
0.003731
0.005790
0.007407
0.008286
0.008350
0.007717
0.006629
0.005352
0.004040
0.002808
0.001811
0.001098
0.000505
-0.000219
-0.001193
-0.002223
-0.002994
-0.003263
-0.002865
-0.001880
-0.000639
0.000323
0.000584
0.000211
-0.000555
-0.001459
-0.002147
-0.002217
-0.001387
0.000221
0.002138
0.003805
0.004794
0.005076
0.005015
0.005017
0.005187
0.005239
0.004850
0.003992
0.002926
0.001994
0.001418
0.001189
0.001078
0.000791
0.000186
-0.000637
-0.001463
-0.002011
-0.001952
-0.001049
0.000611
0.002569
0.004265
0.005323
0.005668
0.005421
0.004720
0.003728
0.002616
0.001636
0.001104
0.001145
0.001608
0.002178
0.002513
0.002287
0.001314
-0.000219
-0.001836
-0.003060
-0.003577
-0.003350
-0.002616
-0.001683
-0.000793
-0.000064
0.000591
0.001281
0.001950
0.002506
0.002846
0.002841
0.002395
0.001531
0.000467
-0.000368
-0.000498
0.000359
0.002078
0.004107
0.005815
0.006853
0.007237
0.007156
0.006748
0.006028
0.005035
0.003948
0.002990
0.002253
0.001725
0.001403
0.001199
0.000914
0.000328
-0.000731
-0.002288
-0.004174
-0.006114
-0.007878
-0.009348
-0.010514
-0.011481
-0.012357
-0.012966
-0.012841
-0.011605
-0.009283
-0.006317
-0.003382
-0.001061
0.000395
0.001059
0.001311
0.001556
0.001846
0.002067
0.002123
0.001932
0.001577
0.001155
0.000724
0.000426
0.000385
0.000609
0.001003
0.001429
0.001870
0.002422
0.003085
0.003762
0.004238
0.004203
0.003570
0.002436
0.000954
-0.000598
-0.002005
-0.003184
-0.004074
-0.004559
-0.004451
-0.003708
-0.002561
-0.001506
-0.001043
-0.001377
-0.002367
-0.003581
-0.004543
-0.005076
-0.005371
-0.005626
-0.005894
-0.006127
-0.006195
-0.006046
-0.005715
-0.005269
-0.004805
-0.004396
-0.004087
-0.003868
-0.003651
-0.003319
-0.002801
-0.002083
-0.001179
-0.000119
0.001036
0.002127
0.002950
0.003364
0.003417
0.003259
0.002920
0.002358
0.001538
0.000484
-0.000641
-0.001624
-0.002358
-0.002695
-0.002390
-0.001360
0.000166
0.001732
0.002890
0.003366
0.003157
0.002473
0.001571
0.000651
-0.000153
-0.000776
-0.001305
-0.001889
-0.002595
-0.003422
-0.004165
-0.004483
-0.004247
-0.003535
-0.002631
-0.002059
-0.002089
-0.002523
-0.002958
-0.003078
-0.002864
-0.002492
-0.002211
-0.002198
-0.002528
-0.003197
-0.004126
-0.005188
-0.006172
-0.006904
-0.007304
-0.007312
-0.007007
-0.006567
-0.006057
-0.005425
-0.004645
-0.003749
-0.002853
-0.002186
-0.001878
-0.001938
-0.002235
-0.002543
-0.002748
-0.002769
-0.002514
-0.001866
-0.000853
0.000363
0.001526
0.002376
0.002960
0.003453
0.003905
0.004279
0.004515
0.004589
0.004535
0.004404
0.004238
0.004048
0.003773
0.003385
0.002888
0.002221
0.001329
0.000433
-0.000055
0.000146
0.001101
0.002664
0.004604
0.006695
0.008686
0.010392
0.011806
0.012913
0.013664
0.014126
0.014302
0.014063
0.013336
0.012298
0.011255
0.010435
0.009880
0.009295
0.008334
0.006928
0.005133
0.003057
0.000726
-0.001861
-0.004553
-0.007058
-0.008968
-0.010017
-0.010288
-0.010016
-0.009514
-0.009158
-0.009053
-0.009031
-0.008763
-0.008024
-0.006879
-0.005464
-0.003979
-0.002618
-0.001568
-0.001023
-0.000950
-0.001132
-0.001374
-0.001609
-0.001911
-0.002255
-0.002356
-0.002092
-0.001620
-0.001273
-0.001410
-0.002156
-0.003370
-0.004779
-0.006220
-0.007470
-0.008258
-0.008493
-0.008196
-0.007610
-0.007014
-0.006463
-0.005930
-0.005451
-0.005087
-0.004832
-0.004634
-0.004415
-0.004184
-0.004112
-0.004354
-0.004942
-0.005682
-0.006233
-0.006447
-0.006397
-0.006278
-0.006151
-0.005876
-0.005321
-0.004445
-0.003389
-0.002326
-0.001326
-0.000408
0.000376
0.001026
0.001664
0.002394
0.003425
0.004931
0.006765
0.008470
0.009501
0.009476
0.008377
0.006611
0.004737
0.003210
0.002265
0.001799
0.001585
0.001551
0.001646
0.001734
0.001701
0.001521
0.001286
0.001206
0.001418
0.001841
0.002339
0.002839
0.003301
0.003624
0.003687
0.003492
0.003176
0.002962
0.003084
0.003568
0.004217
0.004710
0.004689
0.004025
0.002903
0.001674
0.000746
0.000373
0.000516
0.000987
0.001591
0.002148
0.002521
0.002658
0.002705
0.002906
0.003284
0.003643
0.003808
0.003807
0.003916
0.004426
0.005340
0.006453
0.007555
0.008403
0.008842
0.008807
0.008254
0.007204
0.005739
0.003923
0.001857
-0.000227
-0.002034
-0.003268
-0.003916
-0.004206
-0.004323
-0.004355
-0.004310
-0.004213
-0.004115
-0.004088
-0.004270
-0.004775
-0.005624
-0.006622
-0.007371
-0.007528
-0.006981
-0.005979
-0.004911
-0.003961
-0.003194
-0.002611
-0.002099
-0.001454
-0.000541
0.000583
0.001775
0.002837
0.003608
0.003969
0.003828
0.003242
0.002403
0.001557
0.000955
0.000831
0.001370
0.002643
0.004422
0.006201
0.007492
0.008013
0.007774
0.006966
0.005816
0.004567
0.003415
0.002519
0.001973
0.001648
0.001264
0.000668
-0.000016
-0.000485
-0.000505
-0.000047
0.000786
0.001669
0.002056
0.001536
0.000187
-0.001407
-0.002523
-0.002767
-0.002303
-0.001609
-0.001044
-0.000754
-0.000667
-0.000529
-0.000149
0.000487
0.001233
0.001834
0.002050
0.001828
0.001314
0.000682
0.000027
-0.000609
-0.001203
-0.001753
-0.002304
-0.002871
-0.003478
-0.004111
-0.004610
-0.004880
-0.004982
-0.005043
-0.005274
-0.005808
-0.006521
-0.007158
-0.007501
-0.007536
-0.007358
-0.007099
-0.006911
-0.006863
-0.006899
-0.006958
-0.007085
-0.007397
-0.008027
-0.008830
-0.009472
-0.009626
-0.009036
-0.007802
-0.006324
-0.005041
-0.004200
-0.003733
-0.003404
-0.002951
-0.002144
-0.000930
0.000566
0.002310
0.004248
0.006201
0.007932
0.009103
0.009555
0.009378
0.008783
0.008076
0.007453
0.007033
0.006947
0.007159
0.007457
0.007588
0.007410
0.006988
0.006423
0.005801
0.005190
0.004596
0.004021
0.003471
0.003003
0.002707
0.002579
0.002453
0.002097
0.001333
0.000266
-0.000769
-0.001531
-0.001921
-0.002023
-0.001861
-0.001351
-0.000649
-0.000070
0.000142
-0.000027
-0.000278
-0.000363
-0.000299
-0.000181
-0.000186
-0.000507
-0.001125
-0.001842
-0.002475
-0.002893
-0.003058
-0.002996
-0.002700
-0.002208
-0.001621
-0.001015
-0.000418
0.000168
0.000756
0.001325
0.001824
0.002250
0.002690
0.003252
0.004016
0.004958
0.005894
0.006641
0.007062
0.007087
0.006701
0.005875
0.004610
0.003034
0.001382
-0.000127
-0.001328
-0.002245
-0.003092
-0.004023
-0.004939
-0.005561
-0.005778
-0.005687
-0.005361
-0.004775
-0.003793
-0.002294
-0.000412
0.001525
0.003224
0.004509
0.005392
0.006006
0.006506
0.007041
0.007748
0.008788
0.010276
0.012160
0.014182
0.015975
0.017317
0.018185
0.018684
0.018941
0.019046
0.019109
0.019215
0.019375
0.019471
0.019434
0.019243
0.018818
0.018226
0.017587
0.017006
0.016642
0.016471
0.016337
0.016065
0.015525
0.014593
0.013104
0.011033
0.008511
0.005806
0.003310
0.001336
-0.000028
-0.001006
-0.002057
-0.003557
-0.005463
-0.007371
-0.008989
-0.010300
-0.011391
-0.012363
-0.013212
-0.013707
-0.013545
-0.012683
-0.011402
-0.010093
-0.009097
-0.008559
-0.008451
-0.008657
-0.008861
-0.008769
-0.008417
-0.008059
-0.007868
-0.007785
-0.007740
-0.007691
-0.007584
-0.007489
-0.007462
-0.007422
-0.007302
-0.007124
-0.007004
-0.007144
-0.007753
-0.008768
-0.009778
-0.010449
-0.010703
-0.010647
-0.010631
-0.010959
-0.011707
-0.012831
-0.014160
-0.015524
-0.016860
-0.018117
-0.019096
-0.019719
-0.020047
-0.019982
-0.019378
-0.018191
-0.016662
-0.015261
-0.014412
-0.014338
-0.014875
-0.015576
-0.015916
-0.015581
-0.014613
-0.013278
-0.011814
-0.010278
-0.008712
-0.007230
-0.005928
-0.004711
-0.003442
-0.002165
-0.001003
-0.000030
0.000762
0.001378
0.001665
0.001398
0.000402
-0.001417
-0.003807
-0.006104
-0.007740
-0.008615
-0.008970
-0.009205
-0.009566
-0.010090
-0.010758
-0.011409
-0.011834
-0.011827
-0.011286
-0.010317
-0.009179
-0.008218
-0.007704
-0.007683
-0.008077
-0.008779
-0.009562
-0.010203
-0.010613
-0.010764
-0.010704
-0.010538
-0.010338
-0.010202
-0.010239
-0.010408
-0.010558
-0.010510
-0.010084
-0.009273
-0.008260
-0.007214
-0.006208
-0.005231
-0.004273
-0.003278
-0.002116
-0.000726
0.000754
0.002130
0.003407
0.004614
0.005678
0.006494
0.006947
0.007042
0.006791
0.006113
0.005154
0.004180
0.003420
0.003143
0.003461
0.004228
0.005201
0.006268
0.007482
0.008891
0.010504
0.012358
0.014317
0.016150
0.017694
0.018864
0.019773
0.020481
0.020995
0.021309
0.021485
0.021749
0.022112
0.022402
0.022374
0.021845
0.020839
0.019443
0.017804
0.015792
0.013166
0.010177
0.007320
0.005017
0.003387
0.002133
0.000933
-0.000319
-0.001520
-0.002400
-0.002821
-0.002852
-0.002636
-0.002397
-0.002326
-0.002574
-0.003099
-0.003696
-0.004143
-0.004222
-0.003909
-0.003350
-0.002814
-0.002417
-0.002058
-0.001684
-0.001375
-0.001251
-0.001384
-0.001822
-0.002468
-0.003267
-0.004227
-0.005335
-0.006652
-0.008053
-0.009310
-0.010237
-0.010624
-0.010445
-0.009792
-0.008761
-0.007576
-0.006442
-0.005414
-0.004565
-0.003907
-0.003184
-0.002013
-0.000370
0.001353
0.002695
0.003256
0.002937
0.001932
0.000642
-0.000350
-0.000437
0.000804
0.003331
0.006668
0.009993
0.012503
0.013823
0.013729
0.012355
0.011547
0.013968
0.019300
0.023404
0.022747
0.018534
0.015039
0.014863
0.016988
0.018703
0.018490
0.016933
0.015509
0.015011
0.015239
0.015633
0.015707
0.015314
0.014614
0.013988
0.013839
0.014058
0.014186
0.013813
0.012704
0.010914
0.008804
0.006743
0.004754
0.002472
-0.000530
-0.004199
-0.008045
-0.011468
-0.013963
-0.015456
-0.016251
-0.016661
-0.016879
-0.016998
-0.017153
-0.017601
-0.018537
-0.019898
-0.021456
-0.023105
-0.024852
-0.026606
-0.028212
-0.029540
-0.030464
-0.030954
-0.031133
-0.031205
-0.031316
-0.031420
-0.031422
-0.031400
-0.031495
-0.031790
-0.032242
-0.032704
-0.032994
-0.033086
-0.033157
-0.033414
-0.033941
-0.034563
-0.035064
-0.035343
-0.035398
-0.035283
-0.034954
-0.034377
-0.033599
-0.032639
-0.031571
-0.030506
-0.029500
-0.028613
-0.027803
-0.027118
-0.026700
-0.026557
-0.026672
-0.027092
-0.027942
-0.029186
-0.030332
-0.030974
-0.031423
-0.032189
-0.033220
-0.033993
-0.034133
-0.033606
-0.032493
-0.031048
-0.029602
-0.028253
-0.026927
-0.025475
-0.023697
-0.021474
-0.018860
-0.016123
-0.013614
-0.011522
-0.009725
-0.007925
-0.005847
-0.003352
-0.000512
0.002613
0.006049
0.009787
0.013592
0.017002
0.019494
0.020920
0.021638
0.021992
0.022397
0.022965
0.023274
0.023158
0.022653
0.021979
0.021611
0.021742
0.022355
0.023333
0.024320
0.024920
0.024908
0.024330
0.023406
0.022393
0.021767
0.021730
0.022150
0.022888
0.023673
0.024433
0.025180
0.025877
0.026483
0.026937
0.027508
0.028478
0.029769
0.031088
0.032060
0.032602
0.032946
0.033169
0.033335
0.033581
0.033795
0.033998
0.034394
0.034931
0.035531
0.036172
0.036668
0.036666
0.036018
0.035190
0.034647
0.034638
0.035350
0.036225
0.036504
0.035952
0.034735
0.033299
0.031980
0.030919
0.030210
0.029725
0.029132
0.028208
0.027231
0.026770
0.027095
0.027903
0.028370
0.028427
0.028667
0.029186
0.029621
0.029876
0.030133
0.030207
0.030554
0.031688
0.033279
0.035046
0.037239
0.039925
0.042623
0.045034
0.046888
0.048252
0.049198
0.049457
0.049101
0.048413
0.047738
0.047412
0.047504
0.047908
0.048507
0.048981
0.048936
0.048437
0.047666
0.046611
0.045322
0.043886
0.042459
0.041233
0.040203
0.039043
0.037632
0.036063
0.034595
0.033608
0.033189
0.033227
0.033222
0.032840
0.032185
0.031300
0.030140
0.028591
0.026524
0.023915
0.021027
0.018418
0.016621
0.015751
0.015615
0.015883
0.015997
0.015564
0.014679
0.013385
0.011794
0.010033
0.007914
0.005612
0.003474
0.001547
-0.000151
-0.001628
-0.003072
-0.004623
-0.006023
-0.007137
-0.008245
-0.009535
-0.011045
-0.012529
-0.013712
-0.014571
-0.015267
-0.016070
-0.017061
-0.018242
-0.019883
-0.022168
-0.024870
-0.027670
-0.030044
-0.031778
-0.033210
-0.034577
-0.036164
-0.038144
-0.040261
-0.042051
-0.042927
-0.042719
-0.041920
-0.041021
-0.040487
-0.040499
-0.040915
-0.041565
-0.042275
-0.042947
-0.043682
-0.044565
-0.045258
-0.045419
-0.045145
-0.044614
-0.044037
-0.043948
-0.044326
-0.044861
-0.045394
-0.045721
-0.045829
-0.045612
-0.045115
-0.044432
-0.043497
-0.042466
-0.041653
-0.041466
-0.042238
-0.043804
-0.045700
-0.047187
-0.047491
-0.046524
-0.044715
-0.042652
-0.040638
-0.038747
-0.037179
-0.036172
-0.035867
-0.035984
-0.035770
-0.035151
-0.034559
-0.033920
-0.033326
-0.032680
-0.031797
-0.031039
-0.030594
-0.030515
-0.030389
-0.029658
-0.028143
-0.025261
-0.021254
-0.017381
-0.014340
-0.012462
-0.011527
-0.010932
-0.010549
-0.010545
-0.010872
-0.011319
-0.011611
-0.011447
-0.010751
-0.009809
-0.009238
-0.009277
-0.009584
-0.009744
-0.009512
-0.008955
-0.008311
-0.007626
-0.006925
-0.006292
-0.005752
-0.005135
-0.004552
-0.004336
-0.004579
-0.005406
-0.006477
-0.007215
-0.007514
-0.007493
-0.007344
-0.007209
-0.007144
-0.007339
-0.007770
-0.008321
-0.008866
-0.009047
-0.008751
-0.008168
-0.007366
-0.006451
-0.005655
-0.004950
-0.004520
-0.004536
-0.004727
-0.005246
-0.006280
-0.007485
-0.008316
-0.008456
-0.008257
-0.008362
-0.008965
-0.009641
-0.009975
-0.009759
-0.008929
-0.007697
-0.006365
-0.005172
-0.004100
-0.002788
-0.001171
0.000621
0.002598
0.004352
0.005685
0.006846
0.007893
0.008807
0.009633
0.010419
0.011442
0.012900
0.014427
0.015781
0.016663
0.016746
0.016142
0.014773
0.013096
0.011819
0.010943
0.010560
0.010554
0.010715
0.011321
0.012531
0.014138
0.015790
0.017455
0.019629
0.022652
0.026226
0.029683
0.032303
0.033806
0.034444
0.034681
0.034882
0.035262
0.035920
0.036638
0.037388
0.038201
0.038977
0.039608
0.039762
0.039257
0.038190
0.036878
0.035694
0.034729
0.033823
0.032737
0.031385
0.029735
0.027842
0.025895
0.024235
0.023303
0.022916
0.022781
0.022860
0.023018
0.023267
0.023444
0.023267
0.022638
0.021588
0.020258
0.018965
0.017982
0.017668
0.018511
0.020415
0.022789
0.024991
0.026534
0.027503
0.028230
0.028678
0.028822
0.028647
0.028164
0.027465
0.026642
0.025800
0.024854
0.023808
0.022833
0.021961
0.021219
0.020660
0.020314
0.020262
0.020251
0.020095
0.019682
0.018944
0.018074
0.017244
0.016848
0.017226
0.018431
0.020399
0.022641
0.024651
0.026376
0.027498
0.027700
0.027303
0.026602
0.025725
0.024796
0.023558
0.021975
0.020256
0.018551
0.017009
0.015453
0.013952
0.012500
0.010620
0.008025
0.004699
0.000809
-0.002994
-0.006147
-0.008762
-0.010926
-0.012875
-0.014832
-0.016581
-0.018105
-0.019692
-0.021693
-0.024278
-0.027228
-0.030093
-0.032452
-0.034218
-0.035594
-0.036784
-0.037818
-0.038609
-0.039138
-0.039489
-0.039883
-0.040720
-0.042268
-0.044269
-0.046472
-0.048654
-0.050361
-0.051497
-0.052262
-0.052894
-0.053616
-0.054273
-0.054669
-0.054909
-0.055222
-0.055560
-0.055488
-0.054608
-0.052726
-0.049914
-0.046581
-0.043163
-0.039744
-0.036261
-0.032695
-0.028860
-0.024479
-0.019939
-0.016161
-0.013617
-0.011786
-0.009649
-0.007336
-0.005890
-0.005592
-0.005802
-0.006047
-0.006376
-0.006868
-0.007472
-0.007948
-0.008382
-0.008994
-0.009606
-0.010024
-0.010038
-0.009465
-0.008730
-0.008385
-0.008281
-0.008038
-0.007634
-0.007384
-0.007522
-0.008022
-0.008470
-0.008662
-0.009278
-0.010642
-0.012122
-0.013256
-0.014227
-0.015074
-0.014992
-0.013180
-0.010677
-0.009489
-0.009882
-0.010412
-0.009895
-0.008808
-0.008555
-0.009634
-0.011229
-0.012071
-0.011721
-0.010926
-0.010718
-0.011789
-0.013676
-0.015015
-0.015218
-0.014680
-0.013954
-0.013244
-0.012462
-0.011607
-0.010792
-0.010099
-0.009690
-0.009551
-0.009398
-0.009081
-0.008410
-0.007216
-0.005593
-0.003801
-0.002041
-0.000448
0.000772
0.001540
0.002064
0.002586
0.003261
0.004269
0.005543
0.006915
0.008290
0.009666
0.011024
0.012217
0.013085
0.013615
0.013992
0.014179
0.013994
0.013446
0.012615
0.011631
0.010540
0.009210
0.007717
0.006229
0.004904
0.004001
0.003726
0.004307
0.005594
0.007118
0.008482
0.009320
0.009523
0.009135
0.008425
0.007780
0.007373
0.007258
0.007336
0.007481
0.007665
0.007799
0.007801
0.007656
0.007329
0.006822
0.006385
0.006332
0.006788
0.007702
0.008751
0.009578
0.010006
0.010050
0.009888
0.009720
0.009656
0.009747
0.009766
0.009502
0.008866
0.007691
0.006067
0.004243
0.002463
0.001073
0.000337
0.000197
0.000461
0.000793
0.000961
0.001114
0.001228
0.001183
0.001024
0.000867
0.000851
0.000939
0.000985
0.000723
-0.000603
-0.003860
-0.007103
-0.005663
0.000964
0.007654
0.010132
0.008711
0.006323
0.005016
0.005170
0.006285
0.007620
0.008817
0.010089
0.011737
0.013649
0.015315
0.016341
0.016688
0.016574
0.016337
0.016201
0.016228
0.016324
0.016365
0.016385
0.016422
0.016660
0.017345
0.018401
0.019842
0.021513
0.023027
0.024362
0.025697
0.027057
0.028361
0.029590
0.030772
0.031938
0.033086
0.034234
0.035232
0.036016
0.036661
0.037098
0.037373
0.037441
0.037281
0.037113
0.037098
0.037219
0.037603
0.038170
0.038487
0.038549
0.038237
0.037417
0.036435
0.035477
0.034507
0.033608
0.032845
0.032033
0.030978
0.029592
0.027777
0.025554
0.023070
0.020493
0.017939
0.015473
0.013081
0.010797
0.008652
0.006517
0.004371
0.002030
-0.000818
-0.004165
-0.007661
-0.010766
-0.013185
-0.014892
-0.016048
-0.017008
-0.017848
-0.018567
-0.019433
-0.020502
-0.021748
-0.023054
-0.024249
-0.025298
-0.026045
-0.026595
-0.027106
-0.027475
-0.027755
-0.027867
-0.027713
-0.027451
-0.027072
-0.026496
-0.025596
-0.024177
-0.022265
-0.020241
-0.018554
-0.017363
-0.016646
-0.016093
-0.015471
-0.014882
-0.014229
-0.013460
-0.012587
-0.011564
-0.010479
-0.009490
-0.008654
-0.007798
-0.006823
-0.005845
-0.004999
-0.004366
-0.004156
-0.004618
-0.005664
-0.007020
-0.008487
-0.009776
-0.010616
-0.010986
-0.010994
-0.010822
-0.010694
-0.010756
-0.011004
-0.011458
-0.011911
-0.011918
-0.011425
-0.010524
-0.009317
-0.007899
-0.006198
-0.004411
-0.002772
-0.001313
-0.000104
0.000932
0.001706
0.002120
0.002374
0.002532
0.002650
0.002989
0.003645
0.004365
0.004820
0.004828
0.004465
0.003918
0.003304
0.002736
0.002177
0.001414
0.000263
-0.001395
-0.003460
-0.005804
-0.008250
-0.010449
-0.012146
-0.012982
-0.012800
-0.011882
-0.010564
-0.009204
-0.008105
-0.007337
-0.006768
-0.006234
-0.005615
-0.004956
-0.004465
-0.004301
-0.004623
-0.005454
-0.006633
-0.008031
-0.009535
-0.010948
-0.012101
-0.013001
-0.013601
-0.013811
-0.013663
-0.013395
-0.013187
-0.013014
-0.012910
-0.012837
-0.012669
-0.012228
-0.011330
-0.010143
-0.008912
-0.007841
-0.007180
-0.006877
-0.006833
-0.007029
-0.007372
-0.007728
-0.007929
-0.007738
-0.007043
-0.006038
-0.004952
-0.003964
-0.003138
-0.002311
-0.001275
-0.000053
0.001192
0.002303
0.003295
0.004379
0.005621
0.006905
0.008156
0.009275
0.010234
0.011070
0.011625
0.011653
0.011007
0.009683
0.007901
0.005987
0.004125
0.002396
0.000761
-0.000931
-0.002631
-0.003989
-0.004703
-0.004897
-0.005097
-0.005971
-0.007801
-0.010316
-0.012821
-0.014615
-0.015577
-0.016066
-0.016546
-0.017378
-0.018546
-0.019841
-0.021075
-0.021972
-0.022323
-0.022060
-0.021306
-0.020266
-0.019253
-0.018484
-0.017818
-0.017076
-0.016178
-0.015008
-0.013724
-0.012734
-0.012277
-0.012294
-0.012562
-0.012856
-0.012972
-0.012791
-0.012219
-0.011151
-0.009710
-0.008157
-0.006612
-0.005199
-0.003955
-0.002818
-0.001779
-0.000793
0.000149
0.001016
0.001768
0.002385
0.002870
0.003141
0.003166
0.002961
0.002590
0.002243
0.002039
0.001999
0.002028
0.002024
0.001960
0.001772
0.001441
0.000942
0.000158
-0.000825
-0.001740
-0.002554
-0.003260
-0.003778
-0.004115
-0.004132
-0.003746
-0.003077
-0.002215
-0.001239
-0.000288
0.000605
0.001469
0.002384
0.003349
0.004199
0.004799
0.005074
0.005199
0.005358
0.005627
0.006115
0.006825
0.007696
0.008457
0.008778
0.008495
0.007757
0.006977
0.006594
0.007025
0.008123
0.009369
0.010404
0.010900
0.010804
0.010420
0.010076
0.009963
0.010160
0.010523
0.010917
0.011406
0.011853
0.012032
0.011806
0.011046
0.009733
0.008050
0.006343
0.004855
0.003751
0.003210
0.003193
0.003505
0.004032
0.004589
0.004962
0.005219
0.005455
0.005690
0.006072
0.006760
0.007757
0.008896
0.010036
0.011050
0.011819
0.012416
0.013035
0.013922
0.015143
0.016435
0.017492
0.018148
0.018521
0.018654
0.018433
0.017921
0.017183
0.016346
0.015613
0.015081
0.014676
0.014245
0.013717
0.013020
0.012103
0.011035
0.010044
0.009287
0.008714
0.008324
0.008029
0.007683
0.007285
0.006879
0.006505
0.006086
0.005585
0.005034
0.004362
0.003662
0.003156
0.002889
0.002775
0.002655
0.002342
0.001904
0.001534
0.001332
0.001306
0.001419
0.001780
0.002662
0.004098
0.005816
0.007609
0.009120
0.009974
0.010078
0.009559
0.008749
0.007908
0.007252
0.006955
0.006993
0.007262
0.007556
0.007719
0.007758
0.007778
0.007926
0.008243
0.008750
0.009403
0.010079
0.010633
0.010926
0.010971
0.010940
0.010983
0.011154
0.011500
0.011970
0.012484
0.012953
0.013338
0.013700
0.013967
0.013912
0.013362
0.012215
0.010363
0.007925
0.005143
0.002228
-0.000534
-0.002875
-0.004623
-0.005764
-0.006378
-0.006662
-0.006850
-0.007038
-0.007250
-0.007437
-0.007511
-0.007434
-0.007253
-0.007047
-0.006927
-0.006936
-0.006955
-0.006875
-0.006631
-0.006167
-0.005479
-0.004600
-0.003617
-0.002685
-0.001994
-0.001690
-0.001804
-0.002246
-0.002887
-0.003660
-0.004591
-0.005703
-0.006928
-0.008158
-0.009307
-0.010266
-0.010982
-0.011512
-0.011878
-0.012056
-0.012089
-0.011964
-0.011626
-0.011260
-0.011080
-0.011120
-0.011390
-0.011762
-0.011943
-0.011613
-0.010664
-0.009326
-0.008014
-0.007119
-0.006789
-0.006815
-0.006719
-0.006087
-0.004865
-0.003464
-0.002460
-0.002135
-0.002476
-0.003433
-0.004811
-0.006089
-0.006732
-0.006533
-0.005690
-0.004689
-0.003926
-0.003403
-0.002868
-0.002075
-0.000941
0.000330
0.001455
0.002220
0.002571
0.002636
0.002511
0.002322
0.002158
0.001953
0.001774
0.001593
0.001208
0.000685
0.000187
-0.000167
-0.000386
-0.000617
-0.000960
-0.001447
-0.001886
-0.001999
-0.001658
-0.000931
-0.000019
0.000771
0.001167
0.001258
0.001249
0.001184
0.001094
0.000959
0.000772
0.000629
0.000496
0.000362
0.000289
0.000274
0.000310
0.000382
0.000356
0.000084
-0.000461
-0.001243
-0.002114
-0.003000
-0.003941
-0.004994
-0.006144
-0.007162
-0.007920
-0.008518
-0.009185
-0.010070
-0.011103
-0.012007
-0.012276
-0.011647
-0.010377
-0.008960
-0.007822
-0.007166
-0.006891
-0.006619
-0.006079
-0.005218
-0.004024
-0.002731
-0.001539
-0.000434
0.000533
0.001370
0.002241
0.003436
0.004958
0.006515
0.007832
0.008719
0.009224
0.009692
0.010540
0.011888
0.013567
0.015267
0.016616
0.017466
0.017819
0.017646
0.017190
0.016709
0.016365
0.016262
0.016258
0.016119
0.015672
0.014986
0.014194
0.013225
0.011993
0.010544
0.009158
0.008065
0.007394
0.007260
0.007246
0.006769
0.005653
0.004154
0.002751
0.001735
0.001175
0.001010
0.001232
0.001735
0.002328
0.002860
0.003059
0.002944
0.002703
0.002446
0.002321
0.002299
0.002234
0.002050
0.001680
0.001190
0.000699
0.000126
-0.000577
-0.001465
-0.002448
-0.003259
-0.003823
-0.004071
-0.003998
-0.003679
-0.003135
-0.002433
-0.001637
-0.000793
-0.000122
0.000216
0.000224
-0.000087
-0.000457
-0.000526
-0.000181
0.000404
0.000945
0.001115
0.000771
0.000129
-0.000801
-0.001991
-0.003250
-0.004490
-0.005464
-0.006133
-0.006543
-0.006760
-0.007064
-0.007458
-0.007797
-0.008119
-0.008349
-0.008525
-0.008731
-0.008827
-0.008833
-0.008810
-0.008697
-0.008355
-0.007943
-0.007752
-0.007826
-0.008078
-0.008365
-0.008624
-0.008548
-0.008115
-0.007605
-0.007040
-0.006474
-0.005949
-0.005547
-0.005409
-0.005505
-0.005531
-0.005236
-0.004572
-0.003688
-0.002735
-0.001701
-0.000688
0.000187
0.000783
0.000955
0.000754
0.000379
0.000132
0.000068
0.000181
0.000411
0.000379
-0.000045
-0.000646
-0.001198
-0.001552
-0.001718
-0.001807
-0.002078
-0.002551
-0.003046
-0.003562
-0.003896
-0.003956
-0.004114
-0.004586
-0.005139
-0.005571
-0.005820
-0.005891
-0.005832
-0.005668
-0.005365
-0.004799
-0.004076
-0.003239
-0.002299
-0.001507
-0.000898
-0.000408
-0.000142
0.000023
0.000238
0.000505
0.000774
0.000809
0.000404
-0.000383
-0.001384
-0.002456
-0.003312
-0.003902
-0.004278
-0.004432
-0.004430
-0.004322
-0.004267
-0.004347
-0.004503
-0.004675
-0.005077
-0.005971
-0.007179
-0.008428
-0.009680
-0.010618
-0.010952
-0.010900
-0.010662
-0.010305
-0.009981
-0.009692
-0.009221
-0.008581
-0.007719
-0.006658
-0.005587
-0.004550
-0.003702
-0.003137
-0.002874
-0.002816
-0.002731
-0.002547
-0.002206
-0.001730
-0.001360
-0.001225
-0.001515
-0.002082
-0.002580
-0.003068
-0.003432
-0.003585
-0.003690
-0.003941
-0.004330
-0.004850
-0.005465
-0.006031
-0.006606
-0.006963
-0.007121
-0.007188
-0.007157
-0.007389
-0.007914
-0.008589
-0.009363
-0.010303
-0.011203
-0.011699
-0.011843
-0.011583
-0.011158
-0.010819
-0.010459
-0.010347
-0.010552
-0.010814
-0.010959
-0.010802
-0.010421
-0.009947
-0.009559
-0.009430
-0.009447
-0.009450
-0.009459
-0.009592
-0.009797
-0.010077
-0.010522
-0.010936
-0.011133
-0.011284
-0.011294
-0.010984
-0.010393
-0.009513
-0.008444
-0.007313
-0.006423
-0.005899
-0.005621
-0.005566
-0.005342
-0.004851
-0.004486
-0.004148
-0.003812
-0.003743
-0.003815
-0.003880
-0.004073
-0.004338
-0.004398
-0.004166
-0.003821
-0.003558
-0.003124
-0.002474
-0.001907
-0.001425
-0.000938
-0.000459
-0.000088
0.000068
-0.000046
-0.000358
-0.000927
-0.001632
-0.002392
-0.003019
-0.003269
-0.003407
-0.003341
-0.003138
-0.003022
-0.002871
-0.002915
-0.003161
-0.003377
-0.003787
-0.004365
-0.004926
-0.005616
-0.006196
-0.006275
-0.006075
-0.005704
-0.005056
-0.004494
-0.004278
-0.004252
-0.004257
-0.004179
-0.003747
-0.002774
-0.001426
0.000169
0.001719
0.002715
0.003355
0.003914
0.004450
0.005500
0.007192
0.009210
0.011235
0.012698
0.013563
0.014053
0.014071
0.013929
0.013796
0.013599
0.013471
0.013333
0.012890
0.012067
0.011080
0.010016
0.009016
0.008166
0.007350
0.006521
0.005733
0.005013
0.004336
0.003844
0.003668
0.003693
0.003811
0.003987
0.003986
0.003852
0.003780
0.003790
0.003921
0.004097
0.004193
0.004076
0.003948
0.003997
0.004113
0.004397
0.004824
0.005181
0.005361
0.005422
0.005420
0.005466
0.005565
0.005499
0.005355
0.005303
0.005441
0.005797
0.006245
0.006599
0.006771
0.006883
0.006947
0.006831
0.006540
0.006265
0.006077
0.005995
0.006130
0.006606
0.007338
0.007993
0.008375
0.008274
0.007708
0.006965
0.006300
0.005853
0.005522
0.005104
0.004542
0.003989
0.003414
0.002831
0.002389
0.001945
0.001421
0.001037
0.000858
0.000905
0.001198
0.001534
0.001936
0.002527
0.003265
0.004103
0.004762
0.005126
0.005275
0.005208
0.005144
0.005154
0.005261
0.005202
0.004562
0.003440
0.002168
0.001080
0.000284
-0.000268
-0.000616
-0.000865
-0.001031
-0.001121
-0.001156
-0.000991
-0.000492
0.000461
0.001711
0.003088
0.004525
0.005840
0.006853
0.007543
0.008143
0.008609
0.009032
0.009585
0.010082
0.010240
0.009834
0.009051
0.008049
0.006880
0.005651
0.004267
0.002767
0.001323
0.000076
-0.000806
-0.001468
-0.002206
-0.003005
-0.003723
-0.004145
-0.004133
-0.003924
-0.003746
-0.003667
-0.003571
-0.003200
-0.002678
-0.002133
-0.001480
-0.000834
-0.000464
-0.000405
-0.000378
-0.000333
-0.000241
0.000049
0.000301
0.000420
0.000633
0.000914
0.001097
0.001295
0.001650
0.002019
0.002461
0.003040
0.003659
0.004193
0.004497
0.004628
0.004657
0.004677
0.004727
0.004688
0.004386
0.003777
0.002962
0.002149
0.001550
0.001130
0.000824
0.000611
0.000567
0.000681
0.000748
0.000667
0.000273
-0.000439
-0.001109
-0.001459
-0.001328
-0.000676
0.000280
0.001239
0.002104
0.002989
0.003924
0.004795
0.005441
0.005549
0.005064
0.004252
0.003400
0.002857
0.002717
0.002715
0.002479
0.001901
0.001183
0.000506
-0.000030
-0.000484
-0.001080
-0.001896
-0.002754
-0.003466
-0.003929
-0.004135
-0.004156
-0.004052
-0.003913
-0.003655
-0.003083
-0.002163
-0.000984
0.000268
0.001435
0.002532
0.003571
0.004517
0.005375
0.006044
0.006453
0.006581
0.006410
0.006074
0.005678
0.005244
0.004840
0.004558
0.004468
0.004488
0.004465
0.004240
0.003682
0.002797
0.001658
0.000517
-0.000356
-0.000945
-0.001356
-0.001636
-0.001827
-0.001946
-0.001971
-0.001974
-0.001986
-0.002100
-0.002370
-0.002689
-0.003161
-0.003797
-0.004338
-0.004664
-0.004752
-0.004511
-0.003885
-0.002990
-0.002091
-0.001367
-0.000801
-0.000402
-0.000246
-0.000332
-0.000655
-0.001188
-0.001832
-0.002471
-0.003083
-0.003592
-0.003878
-0.003938
-0.003712
-0.003294
-0.002862
-0.002425
-0.001948
-0.001365
-0.000658
0.000110
0.000891
0.001658
0.002471
0.003422
0.004443
0.005314
0.005940
0.006302
0.006354
0.006234
0.006045
0.005823
0.005670
0.005651
0.005887
0.006271
0.006551
0.006626
0.006516
0.006356
0.006248
0.006146
0.005991
0.005892
0.005839
0.005729
0.005422
0.004816
0.003991
0.003087
0.002227
0.001516
0.000972
0.000386
-0.000421
-0.001299
-0.002042
-0.002564
-0.002865
-0.002952
-0.002892
-0.002920
-0.003186
-0.003614
-0.003906
-0.003840
-0.003343
-0.002560
-0.001938
-0.001562
-0.001278
-0.001076
-0.000825
-0.000462
-0.000115
0.000225
0.000524
0.000677
0.000731
0.000686
0.000555
0.000367
0.000016
-0.000433
-0.000805
-0.001094
-0.001094
-0.000673
-0.000057
0.000544
0.000869
0.000770
0.000477
0.000268
0.000247
0.000361
0.000476
0.000528
0.000539
0.000453
0.000162
-0.000294
-0.000740
-0.001068
-0.001357
-0.001733
-0.002045
-0.002116
-0.002036
-0.001998
-0.002059
-0.002014
-0.001768
-0.001496
-0.001388
-0.001586
-0.002177
-0.002991
-0.003674
-0.004093
-0.004276
-0.004339
-0.004397
-0.004473
-0.004592
-0.004701
-0.004742
-0.004749
-0.004741
-0.004754
-0.004887
-0.005069
-0.005130
-0.005039
-0.004698
-0.004121
-0.003535
-0.003002
-0.002416
-0.001730
-0.000930
-0.000116
0.000449
0.000566
0.000228
-0.000249
-0.000507
-0.000431
-0.000089
0.000233
0.000388
0.000413
0.000290
0.000062
-0.000170
-0.000330
-0.000379
-0.000313
-0.000287
-0.000393
-0.000641
-0.001039
-0.001395
-0.001479
-0.001338
-0.001134
-0.000988
-0.001104
-0.001608
-0.002332
-0.002889
-0.003063
-0.002930
-0.002776
-0.002891
-0.003303
-0.003899
-0.004442
-0.004822
-0.005077
-0.005253
-0.005475
-0.005725
-0.005917
-0.006018
-0.006051
-0.005941
-0.005631
-0.005224
-0.004810
-0.004500
-0.004379
-0.004417
-0.004495
-0.004524
-0.004447
-0.004233
-0.003968
-0.003801
-0.003807
-0.003961
-0.004179
-0.004362
-0.004576
-0.004983
-0.005615
-0.006246
-0.006699
-0.006994
-0.007189
-0.007330
-0.007383
-0.007315
-0.007082
-0.006687
-0.006246
-0.005922
-0.005788
-0.005759
-0.005734
-0.005668
-0.005628
-0.005636
-0.005505
-0.005020
-0.004100
-0.002979
-0.002102
-0.001694
-0.001652
-0.001726
-0.001727
-0.001635
-0.001620
-0.001872
-0.002335
-0.002802
-0.003097
-0.003091
-0.002814
-0.002414
-0.002021
-0.001827
-0.001960
-0.002324
-0.002678
-0.002739
-0.002380
-0.001682
-0.000834
0.000008
0.000723
0.001331
0.001990
0.002760
0.003547
0.004155
0.004518
0.004694
0.004714
0.004637
0.004523
0.004352
0.004200
0.004266
0.004547
0.004909
0.005158
0.005158
0.004965
0.004694
0.004475
0.004319
0.004105
0.003713
0.003168
0.002589
0.002025
0.001538
0.001173
0.000938
0.000791
0.000627
0.000431
0.000243
0.000156
0.000305
0.000637
0.001005
0.001368
0.001672
0.001894
0.002063
0.002193
0.002389
0.002679
0.002961
0.003229
0.003563
0.004021
0.004600
0.005191
0.005597
0.005752
0.005749
0.005729
0.005787
0.005868
0.005872
0.005778
0.005609
0.005419
0.005266
0.005065
0.004762
0.004508
0.004464
0.004645
0.004950
0.005347
0.005818
0.006300
0.006780
0.007238
0.007593
0.007880
0.008072
0.007938
0.007393
0.006569
0.005847
0.005454
0.005267
0.005086
0.004851
0.004642
0.004430
0.004184
0.003930
0.003679
0.003410
0.003075
0.002656
0.002195
0.001793
0.001473
0.001169
0.000869
0.000502
-0.000044
-0.000765
-0.001565
-0.002359
-0.003188
-0.004071
-0.004872
-0.005482
-0.005766
-0.005726
-0.005588
-0.005498
-0.005554
-0.005777
-0.006084
-0.006402
-0.006781
-0.007281
-0.007835
-0.008355
-0.008787
-0.009001
-0.008980
-0.008888
-0.008832
-0.008881
-0.009200
-0.009799
-0.010406
-0.010779
-0.010863
-0.010716
-0.010446
-0.010167
-0.009869
-0.009477
-0.008909
-0.008180
-0.007515
-0.007089
-0.006899
-0.006891
-0.006976
-0.006981
-0.006690
-0.006070
-0.005339
-0.004672
-0.004107
-0.003635
-0.003218
-0.002864
-0.002552
-0.002252
-0.002004
-0.001749
-0.001458
-0.001079
-0.000542
0.000048
0.000646
0.001258
0.001954
0.002850
0.003918
0.005112
0.006326
0.007357
0.008193
0.008937
0.009636
0.010320
0.010767
0.010658
0.010119
0.009590
0.009342
0.009374
0.009558
0.009693
0.009769
0.009887
0.010011
0.010159
0.010302
0.010364
0.010326
0.010243
0.010162
0.010091
0.010085
0.010053
0.009911
0.009572
0.008994
0.008362
0.007938
0.007812
0.007767
0.007523
0.007072
0.006503
0.005830
0.005165
0.004606
0.004165
0.003731
0.003185
0.002584
0.002038
0.001579
0.001244
0.001052
0.000880
0.000629
0.000294
-0.000145
-0.000618
-0.000968
-0.001209
-0.001287
-0.001169
-0.000936
-0.000619
-0.000391
-0.000318
-0.000392
-0.000578
-0.000803
-0.000972
-0.000950
-0.000781
-0.000632
-0.000567
-0.000484
-0.000370
-0.000240
-0.000278
-0.000614
-0.001100
-0.001644
-0.002035
-0.002099
-0.001890
-0.001555
-0.001130
-0.000711
-0.000507
-0.000432
-0.000308
-0.000082
0.000315
0.000911
0.001550
0.002012
0.002319
0.002594
0.002838
0.003127
0.003547
0.003923
0.004245
0.004652
0.005149
0.005831
0.006615
0.007299
0.007790
0.008080
0.008261
0.008398
0.008543
0.008705
0.008808
0.008743
0.008496
0.008195
0.007858
0.007419
0.006924
0.006476
0.006116
0.005788
0.005373
0.004824
0.004240
0.003732
0.003389
0.003102
0.002850
0.002722
0.002675
0.002683
0.002572
0.002339
0.002167
0.002045
0.002060
0.002382
0.002857
0.003244
0.003546
0.003755
0.003873
0.003995
0.004115
0.004095
0.003873
0.003549
0.003214
0.002885
0.002619
0.002318
0.001854
0.001379
0.000933
0.000530
0.000230
0.000076
0.000210
0.000524
0.000750
0.000699
0.000273
-0.000412
-0.001103
-0.001629
-0.001986
-0.002291
-0.002625
-0.002992
-0.003353
-0.003585
-0.003590
-0.003486
-0.003435
-0.003487
-0.003590
-0.003622
-0.003491
-0.003230
-0.002923
-0.002609
-0.002354
-0.002197
-0.002051
-0.001817
-0.001557
-0.001350
-0.001269
-0.001285
-0.001295
-0.001440
-0.001799
-0.002339
-0.002954
-0.003427
-0.003715
-0.003938
-0.004168
-0.004342
-0.004365
-0.004197
-0.003876
-0.003563
-0.003413
-0.003365
-0.003355
-0.003278
-0.002999
-0.002646
-0.002356
-0.002133
-0.002014
-0.002060
-0.002318
-0.002739
-0.003088
-0.003201
-0.003074
-0.002775
-0.002444
-0.002206
-0.002088
-0.002000
-0.001935
-0.002035
-0.002310
-0.002619
-0.002817
-0.002848
-0.002652
-0.002211
-0.001626
-0.001071
-0.000632
-0.000313
-0.000060
0.000159
0.000116
-0.000276
-0.000835
-0.001329
-0.001584
-0.001579
-0.001414
-0.001225
-0.001160
-0.001377
-0.001830
-0.002331
-0.002712
-0.002923
-0.003066
-0.003146
-0.003229
-0.003454
-0.003797
-0.004193
-0.004562
-0.004838
-0.005037
-0.005226
-0.005366
-0.005311
-0.005029
-0.004677
-0.004402
-0.004249
-0.004254
-0.004294
-0.004273
-0.004196
-0.004088
-0.004055
-0.004038
-0.003903
-0.003656
-0.003331
-0.003095
-0.003109
-0.003284
-0.003499
-0.003687
-0.003781
-0.003866
-0.004094
-0.004499
-0.005076
-0.005578
-0.005810
-0.005841
-0.005778
-0.005829
-0.005945
-0.005866
-0.005598
-0.005356
-0.005260
-0.005287
-0.005287
-0.005095
-0.004724
-0.004302
-0.003934
-0.003670
-0.003455
-0.003302
-0.003315
-0.003397
-0.003396
-0.003349
-0.003399
-0.003598
-0.003894
-0.004156
-0.004293
-0.004328
-0.004173
-0.003746
-0.003158
-0.002578
-0.002143
-0.001889
-0.001759
-0.001665
-0.001565
-0.001463
-0.001333
-0.001231
-0.001177
-0.001164
-0.001320
-0.001682
-0.002164
-0.002656
-0.003026
-0.003052
-0.002630
-0.001984
-0.001339
-0.000869
-0.000688
-0.000654
-0.000585
-0.000415
-0.000157
0.000133
0.000385
0.000613
0.000882
0.001168
0.001478
0.001810
0.002116
0.002403
0.002704
0.002991
0.003145
0.003094
0.002889
0.002618
0.002429
0.002368
0.002343
0.002354
0.002370
0.002401
0.002516
0.002769
0.003133
0.003388
0.003433
0.003278
0.002928
0.002514
0.002134
0.001852
0.001761
0.001762
0.001617
0.001177
0.000568
0.000084
-0.000079
0.000102
0.000449
0.000700
0.000713
0.000557
0.000432
0.000497
0.000739
0.001034
0.001329
0.001707
0.002208
0.002800
0.003445
0.003965
0.004228
0.004240
0.003959
0.003451
0.002960
0.002579
0.002315
0.002174
0.002076
0.002083
0.002237
0.002398
0.002501
0.002472
0.002390
0.002375
0.002363
0.002350
0.002308
0.002218
0.002076
0.001899
0.001781
0.001777
0.001923
0.002125
0.002188
0.001996
0.001688
0.001490
0.001543
0.001924
0.002497
0.003140
0.003783
0.004297
0.004651
0.004980
0.005322
0.005595
0.005854
0.006055
0.006165
0.006211
0.006218
0.006310
0.006473
0.006705
0.006945
0.007094
0.007255
0.007432
0.007581
0.007735
0.007871
0.007937
0.007935
0.007965
0.008227
0.008717
0.009270
0.009788
0.010090
0.010036
0.009687
0.009148
0.008587
0.008152
0.007767
0.007218
0.006414
0.005538
0.004815
0.004333
0.003961
0.003408
0.002681
0.002098
0.001858
0.001881
0.002031
0.002187
0.002230
0.002042
0.001577
0.001017
0.000606
0.000459
0.000496
0.000558
0.000593
0.000617
0.000648
0.000693
0.000668
0.000520
0.000307
0.000108
-0.000012
-0.000108
-0.000256
-0.000520
-0.000980
-0.001592
-0.002168
-0.002564
-0.002841
-0.002995
-0.003040
-0.003178
-0.003435
-0.003658
-0.003730
-0.003646
-0.003539
-0.003590
-0.003963
-0.004607
-0.005247
-0.005566
-0.005442
-0.005130
-0.004919
-0.004864
-0.004990
-0.005198
-0.005353
-0.005560
-0.005744
-0.005693
-0.005407
-0.005025
-0.004766
-0.004717
-0.004661
-0.004344
-0.003783
-0.003269
-0.002948
-0.002776
-0.002756
-0.002830
-0.002910
-0.002861
-0.002684
-0.002552
-0.002580
-0.002890
-0.003273
-0.003344
-0.003098
-0.002758
-0.002615
-0.002834
-0.003212
-0.003449
-0.003477
-0.003335
-0.003152
-0.003026
-0.002951
-0.002943
-0.002881
-0.002676
-0.002429
-0.002292
-0.002403
-0.002721
-0.003040
-0.003212
-0.003147
-0.002751
-0.002089
-0.001410
-0.000930
-0.000783
-0.001030
-0.001486
-0.001790
-0.001763
-0.001570
-0.001451
-0.001501
-0.001605
-0.001553
-0.001232
-0.000661
0.000018
0.000557
0.000771
0.000695
0.000543
0.000567
0.000775
0.001040
0.001288
0.001458
0.001564
0.001717
0.001960
0.002227
0.002396
0.002264
0.001867
0.001394
0.000916
0.000482
0.000089
-0.000362
-0.000946
-0.001625
-0.002292
-0.002831
-0.003215
-0.003401
-0.003440
-0.003492
-0.003583
-0.003771
-0.004055
-0.004258
-0.004315
-0.004283
-0.004258
-0.004372
-0.004625
-0.004899
-0.005012
-0.004843
-0.004464
-0.004059
-0.003768
-0.003492
-0.003028
-0.002309
-0.001395
-0.000408
0.000500
0.001154
0.001479
0.001672
0.001932
0.002295
0.002703
0.003004
0.003136
0.003134
0.003056
0.003023
0.003141
0.003436
0.003809
0.004112
0.004257
0.004253
0.004196
0.004169
0.004160
0.004169
0.004187
0.004164
0.004146
0.004167
0.004248
0.004434
0.004717
0.005003
0.005155
0.005144
0.005031
0.004876
0.004739
0.004627
0.004565
0.004549
0.004428
0.004107
0.003635
0.003148
0.002815
0.002697
0.002687
0.002610
0.002434
0.002143
0.001648
0.000931
0.000128
-0.000449
-0.000595
-0.000379
0.000019
0.000453
0.000836
0.001101
0.001239
0.001367
0.001579
0.001881
0.002189
0.002344
0.002360
0.002327
0.002228
0.002031
0.001764
0.001570
0.001600
0.001861
0.002234
0.002472
0.002455
0.002266
0.002020
0.001852
0.001746
0.001610
0.001436
0.001339
0.001419
0.001597
0.001646
0.001383
0.000789
0.000043
-0.000566
-0.000983
-0.001297
-0.001537
-0.001629
-0.001542
-0.001401
-0.001292
-0.001194
-0.001031
-0.000693
-0.000207
0.000262
0.000575
0.000670
0.000597
0.000473
0.000406
0.000419
0.000427
0.000343
0.000140
-0.000126
-0.000366
-0.000598
-0.000858
-0.001083
-0.001173
-0.001159
-0.001250
-0.001532
-0.001911
-0.002279
-0.002479
-0.002445
-0.002214
-0.001872
-0.001634
-0.001604
-0.001734
-0.001885
-0.001906
-0.001768
-0.001497
-0.001232
-0.001051
-0.000956
-0.000905
-0.000733
-0.000357
0.000191
0.000805
0.001253
0.001358
0.001184
0.000941
0.000794
0.000809
0.001022
0.001347
0.001547
0.001449
0.001066
0.000563
0.000101
-0.000253
-0.000501
-0.000640
-0.000678
-0.000662
-0.000675
-0.000751
-0.000863
-0.001032
-0.001256
-0.001444
-0.001486
-0.001343
-0.001109
-0.000927
-0.000898
-0.001022
-0.001148
-0.001131
-0.000941
-0.000623
-0.000338
-0.000193
-0.000205
-0.000320
-0.000397
-0.000319
-0.000074
0.000262
0.000538
0.000601
0.000406
0.000050
-0.000292
-0.000483
-0.000512
-0.000448
-0.000434
-0.000651
-0.001057
-0.001388
-0.001474
-0.001347
-0.001137
-0.000987
-0.000976
-0.001167
-0.001566
-0.002049
-0.002477
-0.002696
-0.002675
-0.002563
-0.002530
-0.002676
-0.002888
-0.002977
-0.002930
-0.002858
-0.002842
-0.002872
-0.002879
-0.002806
-0.002608
-0.002302
-0.001987
-0.001702
-0.001422
-0.001171
-0.001051
-0.001081
-0.001215
-0.001315
-0.001257
-0.001165
-0.001177
-0.001360
-0.001683
-0.001940
-0.002046
-0.002138
-0.002315
-0.002503
-0.002632
-0.002674
-0.002570
-0.002397
-0.002395
-0.002736
-0.003280
-0.003713
-0.003792
-0.003482
-0.003012
-0.002636
-0.002495
-0.002613
-0.002846
-0.003041
-0.003093
-0.002980
-0.002812
-0.002704
-0.002767
-0.003068
-0.003486
-0.003692
-0.003467
-0.002947
-0.002392
-0.002002
-0.001857
-0.001852
-0.001822
-0.001684
-0.001519
-0.001468
-0.001610
-0.001935
-0.002272
-0.002448
-0.002470
-0.002426
-0.002405
-0.002413
-0.002344
-0.002147
-0.001860
-0.001595
-0.001455
-0.001450
-0.001563
-0.001716
-0.001839
-0.001966
-0.002091
-0.002147
-0.002111
-0.001984
-0.001807
-0.001552
-0.001153
-0.000707
-0.000404
-0.000385
-0.000517
-0.000503
-0.000197
0.000383
0.001122
0.001788
0.002189
0.002403
0.002585
0.002778
0.002991
0.003225
0.003447
0.003590
0.003570
0.003399
0.003210
0.003131
0.003154
0.003183
0.003188
0.003118
0.002875
0.002530
0.002298
0.002306
0.002486
0.002673
0.002713
0.002619
0.002563
0.002643
0.002850
0.003146
0.003490
0.003795
0.003984
0.004115
0.004298
0.004575
0.004937
0.005355
0.005785
0.006154
0.006438
0.006653
0.006825
0.007013
0.007241
0.007497
0.007743
0.007905
0.007978
0.007967
0.007890
0.007790
0.007678
0.007642
0.007753
0.007922
0.007995
0.007933
0.007779
0.007553
0.007263
0.006874
0.006355
0.005695
0.004903
0.004057
0.003287
0.002701
0.002323
0.002090
0.001835
0.001432
0.000936
0.000519
0.000282
0.000165
0.000097
0.000063
0.000065
0.000101
0.000144
0.000147
0.000095
0.000049
0.000066
0.000145
0.000276
0.000429
0.000535
0.000544
0.000425
0.000202
0.000040
0.000112
0.000382
0.000662
0.000810
0.000799
0.000716
0.000672
0.000724
0.000896
0.001237
0.001713
0.002186
0.002610
0.002993
0.003314
0.003547
0.003568
0.003168
0.002359
0.001427
0.000679
0.000254
0.000089
0.000091
0.000191
0.000333
0.000469
0.000491
0.000390
0.000307
0.000366
0.000606
0.000882
0.001025
0.001048
0.001007
0.000954
0.000933
0.000896
0.000756
0.000468
0.000008
-0.000547
-0.001023
-0.001337
-0.001490
-0.001535
-0.001544
-0.001575
-0.001641
-0.001731
-0.001928
-0.002304
-0.002754
-0.003043
-0.003062
-0.002887
-0.002630
-0.002365
-0.002090
-0.001787
-0.001521
-0.001360
-0.001330
-0.001377
-0.001403
-0.001419
-0.001488
-0.001675
-0.001999
-0.002387
-0.002746
-0.002985
-0.003002
-0.002878
-0.002899
-0.003194
-0.003691
-0.004228
-0.004591
-0.004702
-0.004659
-0.004565
-0.004492
-0.004443
-0.004355
-0.004251
-0.004212
-0.004226
-0.004285
-0.004392
-0.004518
-0.004617
-0.004641
-0.004558
-0.004385
-0.004246
-0.004224
-0.004279
-0.004321
-0.004219
-0.003936
-0.003571
-0.003289
-0.003140
-0.002994
-0.002730
-0.002328
-0.001978
-0.001887
-0.002013
-0.002259
-0.002528
-0.002682
-0.002709
-0.002708
-0.002692
-0.002564
-0.002273
-0.001910
-0.001677
-0.001678
-0.001775
-0.001817
-0.001791
-0.001767
-0.001837
-0.002028
-0.002210
-0.002180
-0.001933
-0.001578
-0.001205
-0.000885
-0.000619
-0.000414
-0.000262
-0.000113
0.000038
0.000151
0.000164
0.000056
-0.000072
-0.000083
0.000052
0.000207
0.000297
0.000340
0.000280
0.000080
-0.000169
-0.000408
-0.000600
-0.000797
-0.001143
-0.001608
-0.002116
-0.002566
-0.002812
-0.002816
-0.002611
-0.002328
-0.002186
-0.002237
-0.002373
-0.002488
-0.002447
-0.002313
-0.002233
-0.002214
-0.002271
-0.002335
-0.002363
-0.002386
-0.002394
-0.002354
-0.002246
-0.002106
-0.001969
-0.001965
-0.002119
-0.002264
-0.002294
-0.002182
-0.001966
-0.001709
-0.001406
-0.001131
-0.001012
-0.000898
-0.000604
-0.000164
0.000288
0.000632
0.000814
0.000856
0.000833
0.000821
0.000789
0.000694
0.000594
0.000480
0.000422
0.000526
0.000676
0.000764
0.000792
0.000748
0.000725
0.000813
0.000914
0.000936
0.000946
0.001068
0.001248
0.001341
0.001225
0.000911
0.000502
-0.000021
-0.000592
-0.001159
-0.001725
-0.002186
-0.002483
-0.002599
-0.002610
-0.002664
-0.002802
-0.002957
-0.003105
-0.003217
-0.003201
-0.003068
-0.002940
-0.002951
-0.003120
-0.003359
-0.003522
-0.003453
-0.003273
-0.003263
-0.003451
-0.003636
-0.003668
-0.003511
-0.003280
-0.003148
-0.003177
-0.003321
-0.003409
-0.003375
-0.003289
-0.003264
-0.003396
-0.003609
-0.003768
-0.003739
-0.003548
-0.003361
-0.003186
-0.002928
-0.002599
-0.002314
-0.002139
-0.001977
-0.001733
-0.001494
-0.001235
-0.000906
-0.000597
-0.000337
-0.000076
0.000178
0.000336
0.000321
0.000142
-0.000088
-0.000342
-0.000593
-0.000758
-0.000852
-0.000950
-0.001094
-0.001260
-0.001488
-0.001797
-0.002185
-0.002573
-0.002869
-0.003049
-0.003068
-0.002934
-0.002701
-0.002470
-0.002314
-0.002238
-0.002169
-0.002088
-0.002045
-0.001957
-0.001790
-0.001621
-0.001521
-0.001538
-0.001576
-0.001533
-0.001330
-0.001015
-0.000869
-0.001026
-0.001361
-0.001683
-0.001763
-0.001588
-0.001471
-0.001553
-0.001760
-0.001990
-0.002166
-0.002287
-0.002416
-0.002530
-0.002548
-0.002582
-0.002650
-0.002662
-0.002594
-0.002366
-0.002017
-0.001722
-0.001523
-0.001302
-0.000949
-0.000412
0.000176
0.000564
0.000785
0.000995
0.001190
0.001331
0.001387
0.001446
0.001571
0.001677
0.001713
0.001663
0.001555
0.001459
0.001419
0.001415
0.001451
0.001561
0.001722
0.001962
0.002178
0.002193
0.002034
0.001771
0.001479
0.001280
0.001203
0.001209
0.001223
0.001240
0.001324
0.001368
0.001330
0.001214
0.000999
0.000852
0.000765
0.000636
0.000557
0.000560
0.000556
0.000494
0.000410
0.000281
0.000062
-0.000246
-0.000555
-0.000671
-0.000541
-0.000296
-0.000176
-0.000327
-0.000643
-0.000949
-0.001137
-0.001265
-0.001338
-0.001315
-0.001264
-0.001137
-0.000921
-0.000666
-0.000354
-0.000009
0.000333
0.000658
0.000950
0.001189
0.001419
0.001665
0.001860
0.001983
0.002080
0.002210
0.002450
0.002735
0.002956
0.003098
0.003158
0.003155
0.003083
0.002933
0.002705
0.002520
0.002523
0.002586
0.002541
0.002436
0.002402
0.002530
0.002728
0.002745
0.002521
0.002201
0.001978
0.001927
0.001923
0.001879
0.001764
0.001634
0.001606
0.001697
0.001897
0.002132
0.002321
0.002462
0.002596
0.002737
0.002838
0.002900
0.002967
0.003082
0.003241
0.003373
0.003453
0.003476
0.003442
0.003441
0.003515
0.003616
0.003722
0.003812
0.003894
0.004010
0.004160
0.004334
0.004502
0.004573
0.004496
0.004325
0.004197
0.004286
0.004557
0.004835
0.005082
0.005257
0.005230
0.004998
0.004694
0.004439
0.004289
0.004180
0.004050
0.003924
0.003748
0.003446
0.003051
0.002665
0.002348
0.002085
0.001907
0.001773
0.001598
0.001391
0.001232
0.001181
0.001217
0.001388
0.001692
0.002025
0.002330
0.002545
0.002648
0.002642
0.002578
0.002519
0.002445
0.002436
0.002463
0.002383
0.002296
0.002252
0.002178
0.002123
0.002109
0.002122
0.002200
0.002314
0.002401
0.002433
0.002391
0.002223
0.001948
0.001732
0.001640
0.001620
0.001554
0.001331
0.001094
0.001017
0.001100
0.001288
0.001500
0.001646
0.001728
0.001804
0.001920
0.002042
0.002094
0.002088
0.002003
0.001875
0.001809
0.001834
0.001919
0.001917
0.001751
0.001542
0.001461
0.001536
0.001692
0.001828
0.001899
0.002038
0.002221
0.002335
0.002311
0.002163
0.002045
0.001982
0.001990
0.002019
0.001913
0.001657
0.001384
0.001252
0.001252
0.001288
0.001330
0.001281
0.001059
0.000755
0.000486
0.000342
0.000303
0.000311
0.000378
0.000425
0.000484
0.000622
0.000735
0.000829
0.000903
0.000919
0.000957
0.001042
0.001167
0.001324
0.001443
0.001465
0.001397
0.001281
0.001185
0.001114
0.000979
0.000673
0.000222
-0.000253
-0.000586
-0.000707
-0.000673
-0.000509
-0.000324
-0.000169
-0.000021
0.000089
0.000209
0.000320
0.000337
0.000272
0.000121
-0.000080
-0.000232
-0.000374
-0.000644
-0.001003
-0.001273
-0.001315
-0.001109
-0.000811
-0.000584
-0.000489
-0.000484
-0.000492
-0.000454
-0.000383
-0.000315
-0.000140
0.000176
0.000468
0.000587
0.000510
0.000318
0.000156
0.000139
0.000232
0.000299
0.000257
0.000138
0.000057
0.000140
0.000329
0.000482
0.000524
0.000493
0.000514
0.000550
0.000519
0.000440
0.000326
0.000235
0.000247
0.000383
0.000558
0.000626
0.000669
0.000875
0.001089
0.001096
0.000929
0.000748
0.000703
0.000770
0.000845
0.000908
0.000935
0.000825
0.000549
0.000226
-0.000017
-0.000125
-0.000046
0.000230
0.000620
0.000923
0.000929
0.000661
0.000252
-0.000124
-0.000252
-0.000144
-0.000023
-0.000012
-0.000086
-0.000245
-0.000504
-0.000719
-0.000721
-0.000511
-0.000201
0.000073
0.000252
0.000275
0.000104
-0.000211
-0.000538
-0.000646
-0.000470
-0.000234
-0.000135
-0.000210
-0.000363
-0.000444
-0.000498
-0.000610
-0.000827
-0.001198
-0.001647
-0.002039
-0.002281
-0.002425
-0.002575
-0.002699
-0.002776
-0.002824
-0.002857
-0.002878
-0.002848
-0.002731
-0.002492
-0.002176
-0.001919
-0.001839
-0.001917
-0.002039
-0.002086
-0.001947
-0.001688
-0.001493
-0.001433
-0.001452
-0.001480
-0.001532
-0.001589
-0.001547
-0.001455
-0.001454
-0.001521
-0.001556
-0.001514
-0.001416
-0.001378
-0.001430
-0.001470
-0.001445
-0.001375
-0.001335
-0.001362
-0.001442
-0.001559
-0.001643
-0.001626
-0.001507
-0.001385
-0.001397
-0.001606
-0.001941
-0.002224
-0.002313
-0.002187
-0.001929
-0.001705
-0.001624
-0.001722
-0.001952
-0.002130
-0.002130
-0.001957
-0.001666
-0.001315
-0.001017
-0.000821
-0.000696
-0.000577
-0.000378
-0.000170
-0.000111
-0.000224
-0.000374
-0.000468
-0.000507
-0.000479
-0.000419
-0.000444
-0.000597
-0.000787
-0.000915
-0.000938
-0.000897
-0.000926
-0.001076
-0.001243
-0.001304
-0.001206
-0.000994
-0.000804
-0.000756
-0.000808
-0.000833
-0.000684
-0.000320
0.000068
0.000230
0.000087
-0.000243
-0.000606
-0.000887
-0.001054
-0.001161
-0.001215
-0.001251
-0.001323
-0.001431
-0.001574
-0.001754
-0.002008
-0.002317
-0.002560
-0.002648
-0.002586
-0.002468
-0.002417
-0.002458
-0.002595
-0.002864
-0.003146
-0.003324
-0.003374
-0.003315
-0.003259
-0.003288
-0.003380
-0.003404
-0.003272
-0.003070
-0.002977
-0.003102
-0.003346
-0.003530
-0.003595
-0.003558
-0.003419
-0.003221
-0.003047
-0.002922
-0.002874
-0.002863
-0.002789
-0.002664
-0.002616
-0.002768
-0.003064
-0.003308
-0.003382
-0.003348
-0.003366
-0.003507
-0.003756
-0.004011
-0.004124
-0.004083
-0.003947
-0.003819
-0.003840
-0.004004
-0.004171
-0.004221
-0.004101
-0.003848
-0.003534
-0.003300
-0.003282
-0.003364
-0.003356
-0.003208
-0.002959
-0.002664
-0.002365
-0.002120
-0.001945
-0.001835
-0.001741
-0.001588
-0.001400
-0.001301
-0.001331
-0.001350
-0.001251
-0.000989
-0.000688
-0.000594
-0.000699
-0.000845
-0.000932
-0.000971
-0.001058
-0.001192
-0.001329
-0.001383
-0.001272
-0.001042
-0.000721
-0.000331
0.000036
0.000288
0.000362
0.000307
0.000248
0.000238
0.000225
0.000203
0.000258
0.000391
0.000551
0.000689
0.000760
0.000744
0.000683
0.000618
0.000537
0.000419
0.000247
0.000093
-0.000008
-0.000063
-0.000048
0.000056
0.000234
0.000439
0.000616
0.000703
0.000674
0.000644
0.000784
0.001090
0.001420
0.001615
0.001648
0.001637
0.001705
0.001939
0.002286
0.002548
0.002533
0.002267
0.001940
0.001707
0.001645
0.001709
0.001848
0.002021
0.002160
0.002253
0.002299
0.002270
0.002233
0.002237
0.002263
0.002328
0.002385
0.002353
0.002216
0.002004
0.001778
0.001644
0.001605
0.001589
0.001494
0.001206
0.000845
0.000578
0.000456
0.000500
0.000625
0.000692
0.000680
0.000688
0.000845
0.001159
0.001453
0.001618
0.001675
0.001628
0.001546
0.001445
0.001290
0.001138
0.001034
0.001005
0.001040
0.001159
0.001363
0.001493
0.001407
0.001102
0.000691
0.000369
0.000247
0.000225
0.000156
0.000033
-0.000057
-0.000053
0.000010
0.000039
0.000030
-0.000016
-0.000135
-0.000335
-0.000556
-0.000738
-0.000854
-0.000856
-0.000803
-0.000835
-0.000958
-0.001134
-0.001331
-0.001456
-0.001462
-0.001390
-0.001263
-0.001128
-0.001016
-0.000944
-0.000950
-0.001039
-0.001153
-0.001194
-0.001133
-0.001032
-0.001001
-0.001054
-0.001121
-0.001147
-0.001112
-0.001090
-0.001159
-0.001237
-0.001233
-0.001162
-0.001054
-0.000951
-0.000865
-0.000818
-0.000852
-0.000916
-0.000898
-0.000749
-0.000550
-0.000396
-0.000296
-0.000200
-0.000094
-0.000089
-0.000206
-0.000266
-0.000170
0.000071
0.000373
0.000607
0.000718
0.000671
0.000557
0.000529
0.000589
0.000723
0.000921
0.001118
0.001275
0.001411
0.001565
0.001771
0.001991
0.002101
0.002060
0.001955
0.001883
0.001888
0.001956
0.002014
0.001990
0.001889
0.001770
0.001753
0.001914
0.002214
0.002534
0.002721
0.002748
0.002743
0.002845
0.003055
0.003296
0.003565
0.003822
0.003993
0.004069
0.004087
0.004117
0.004120
0.003938
0.003528
0.003067
0.002787
0.002722
0.002701
0.002614
0.002460
0.002287
0.002183
0.002180
0.002206
0.002163
0.002017
0.001836
0.001701
0.001624
0.001594
0.001562
0.001502
0.001474
0.001469
0.001410
0.001292
0.001127
0.000958
0.000832
0.000716
0.000611
0.000600
0.000731
0.000893
0.000990
0.000956
0.000767
0.000582
0.000449
0.000390
0.000522
0.000785
0.001007
0.001044
0.000865
0.000656
0.000635
0.000731
0.000724
0.000550
0.000247
-0.000028
-0.000078
-0.000002
0.000037
-0.000020
-0.000175
-0.000289
-0.000284
-0.000160
0.000046
0.000203
0.000254
0.000254
0.000279
0.000331
0.000314
0.000172
-0.000059
-0.000318
-0.000549
-0.000710
-0.000777
-0.000739
-0.000648
-0.000602
-0.000616
-0.000694
-0.000800
-0.000872
-0.000964
-0.001052
-0.001059
-0.001020
-0.000961
-0.000923
-0.000915
-0.000911
-0.000921
-0.000956
-0.001030
-0.001086
-0.001040
-0.000914
-0.000820
-0.000822
-0.000859
-0.000864
-0.000792
-0.000583
-0.000258
0.000084
0.000283
0.000299
0.000350
0.000534
0.000744
0.000932
0.001053
0.001113
0.001161
0.001162
0.001111
0.001051
0.001047
0.001136
0.001296
0.001419
0.001395
0.001256
0.001107
0.001044
0.001093
0.001233
0.001430
0.001581
0.001610
0.001571
0.001533
0.001529
0.001567
0.001664
0.001856
0.002136
0.002473
0.002758
0.002853
0.002744
0.002489
0.002235
0.002214
0.002502
0.002852
0.002921
0.002661
0.002300
0.002040
0.001977
0.002099
0.002209
0.002132
0.001868
0.001528
0.001299
0.001329
0.001580
0.001828
0.001780
0.001407
0.000991
0.000783
0.000859
0.001030
0.001064
0.000912
0.000675
0.000587
0.000728
0.000910
0.000949
0.000836
0.000705
0.000706
0.000871
0.001190
0.001593
0.001840
0.001744
0.001423
0.001194
0.001248
0.001525
0.001829
0.001959
0.001814
0.001480
0.001197
0.001154
0.001284
0.001433
0.001459
0.001324
0.001134
0.000970
0.000883
0.000895
0.000985
0.001115
0.001230
0.001304
0.001343
0.001360
0.001412
0.001522
0.001663
0.001764
0.001705
0.001469
0.001144
0.000809
0.000528
0.000320
0.000154
-0.000004
-0.000175
-0.000373
-0.000525
-0.000594
-0.000647
-0.000706
-0.000785
-0.000865
-0.000927
-0.000968
-0.000958
-0.000833
-0.000565
-0.000337
-0.000281
-0.000350
-0.000513
-0.000743
-0.000960
-0.001073
-0.001054
-0.000935
-0.000798
-0.000712
-0.000708
-0.000815
-0.000978
-0.001135
-0.001298
-0.001459
-0.001528
-0.001519
-0.001488
-0.001384
-0.001230
-0.001132
-0.001124
-0.001144
-0.001142
-0.001093
-0.000978
-0.000804
-0.000691
-0.000770
-0.000943
-0.000976
-0.000802
-0.000606
-0.000548
-0.000645
-0.000828
-0.000944
-0.000895
-0.000758
-0.000628
-0.000524
-0.000499
-0.000566
-0.000700
-0.000812
-0.000830
-0.000787
-0.000723
-0.000672
-0.000628
-0.000556
-0.000494
-0.000526
-0.000647
-0.000796
-0.000928
-0.000962
-0.000831
-0.000595
-0.000338
-0.000119
-0.000014
-0.000063
-0.000228
-0.000400
-0.000466
-0.000439
-0.000458
-0.000604
-0.000826
-0.001003
-0.001112
-0.001231
-0.001346
-0.001431
-0.001428
-0.001314
-0.001262
-0.001415
-0.001727
-0.001967
-0.001983
-0.001892
-0.001829
-0.001838
-0.001872
-0.001798
-0.001595
-0.001362
-0.001183
-0.001057
-0.000966
-0.000904
-0.000843
-0.000810
-0.000857
-0.001030
-0.001239
-0.001336
-0.001316
-0.001190
-0.000995
-0.000836
-0.000763
-0.000743
-0.000687
-0.000562
-0.000411
-0.000271
-0.000192
-0.000146
-0.000086
-0.000029
-0.000004
-0.000082
-0.000300
-0.000518
-0.000599
-0.000547
-0.000399
-0.000228
-0.000115
-0.000056
0.000004
0.000083
0.000120
0.000066
-0.000034
-0.000137
-0.000207
-0.000179
-0.000012
0.000285
0.000649
0.000950
0.001066
0.001064
0.001086
0.001110
0.000991
0.000683
0.000324
0.000098
0.000109
0.000321
0.000596
0.000733
0.000614
0.000314
0.000034
-0.000041
0.000144
0.000438
0.000610
0.000586
0.000486
0.000483
0.000660
0.000915
0.001052
0.001006
0.000847
0.000689
0.000642
0.000727
0.000855
0.000876
0.000688
0.000351
0.000036
-0.000090
0.000009
0.000248
0.000528
0.000746
0.000870
0.000942
0.000980
0.000986
0.000937
0.000811
0.000696
0.000643
0.000587
0.000447
0.000196
-0.000081
-0.000271
-0.000348
-0.000363
-0.000386
-0.000450
-0.000540
-0.000605
-0.000615
-0.000587
-0.000559
-0.000544
-0.000510
-0.000409
-0.000226
-0.000040
0.000030
-0.000046
-0.000191
-0.000292
-0.000256
-0.000128
-0.000035
-0.000064
-0.000178
-0.000309
-0.000422
-0.000467
-0.000433
-0.000378
-0.000358
-0.000353
-0.000335
-0.000322
-0.000308
-0.000280
-0.000238
-0.000201
-0.000215
-0.000289
-0.000371
-0.000390
-0.000325
-0.000214
-0.000104
-0.000016
0.000037
0.000087
0.000189
0.000292
0.000313
0.000226
0.000086
0.000008
0.000002
-0.000037
-0.000165
-0.000309
-0.000370
-0.000334
-0.000235
-0.000182
-0.000290
-0.000544
-0.000772
-0.000829
-0.000763
-0.000722
-0.000793
-0.000940
-0.001108
-0.001253
-0.001332
-0.001363
-0.001383
-0.001382
-0.001394
-0.001440
-0.001485
-0.001533
-0.001605
-0.001683
-0.001724
-0.001658
-0.001460
-0.001209
-0.001001
-0.000835
-0.000676
-0.000563
-0.000508
-0.000424
-0.000301
-0.000240
-0.000310
-0.000528
-0.000799
-0.000971
-0.001027
-0.001013
-0.000964
-0.000912
-0.000842
-0.000765
-0.000736
-0.000785
-0.000862
-0.000835
-0.000678
-0.000500
-0.000429
-0.000537
-0.000763
-0.000936
-0.000981
-0.000952
-0.000893
-0.000832
-0.000825
-0.000913
-0.001057
-0.001162
-0.001181
-0.001130
-0.001014
-0.000877
-0.000800
-0.000861
-0.001077
-0.001348
-0.001524
-0.001569
-0.001531
-0.001461
-0.001419
-0.001424
-0.001461
-0.001541
-0.001678
-0.001837
-0.001937
-0.001922
-0.001819
-0.001691
-0.001593
-0.001545
-0.001547
-0.001586
-0.001660
-0.001746
-0.001771
-0.001670
-0.001478
-0.001318
-0.001241
-0.001224
-0.001237
-0.001216
-0.001123
-0.001013
-0.000946
-0.000908
-0.000868
-0.000812
-0.000737
-0.000646
-0.000506
-0.000295
-0.000055
0.000150
0.000290
0.000387
0.000461
0.000518
0.000563
0.000563
0.000522
0.000511
0.000603
0.000826
0.001093
0.001259
0.001262
0.001150
0.001019
0.000946
0.000944
0.000984
0.001003
0.000943
0.000822
0.000692
0.000598
0.000548
0.000501
0.000423
0.000328
0.000277
0.000272
0.000274
0.000264
0.000243
0.000242
0.000228
0.000158
0.000055
-0.000021
-0.000021
-0.000019
-0.000130
-0.000346
-0.000566
-0.000695
-0.000688
-0.000605
-0.000519
-0.000457
-0.000402
-0.000352
-0.000342
-0.000371
-0.000374
-0.000294
-0.000166
-0.000030
0.000086
0.000117
0.000060
-0.000027
-0.000093
-0.000113
-0.000111
-0.000115
-0.000103
-0.000084
-0.000119
-0.000217
-0.000298
-0.000306
-0.000257
-0.000206
-0.000179
-0.000152
-0.000128
-0.000119
-0.000119
-0.000131
-0.000143
-0.000124
-0.000090
-0.000050
0.000011
0.000080
0.000140
0.000208
0.000294
0.000402
0.000520
0.000619
0.000659
0.000606
0.000494
0.000420
0.000436
0.000492
0.000533
0.000555
0.000571
0.000595
0.000618
0.000630
0.000627
0.000616
0.000598
0.000558
0.000518
0.000523
0.000568
0.000629
0.000671
0.000620
0.000481
0.000331
0.000224
0.000202
0.000262
0.000340
0.000368
0.000338
0.000286
0.000220
0.000144
0.000065
0.000015
0.000014
0.000039
0.000072
0.000098
0.000118
0.000153
0.000242
0.000412
0.000607
0.000733
0.000753
0.000689
0.000607
0.000576
0.000619
0.000709
0.000784
0.000778
0.000677
0.000546
0.000469
0.000478
0.000574
0.000717
0.000828
0.000849
0.000776
0.000667
0.000605
0.000662
0.000804
0.000893
0.000825
0.000649
0.000518
0.000516
0.000595
0.000648
0.000570
0.000362
0.000139
-0.000025
-0.000132
-0.000200
-0.000217
-0.000175
-0.000114
-0.000083
-0.000095
-0.000150
-0.000239
-0.000333
-0.000405
-0.000442
-0.000448
-0.000440
-0.000433
-0.000434
-0.000429
-0.000408
-0.000382
-0.000350
-0.000319
-0.000295
-0.000285
-0.000312
-0.000364
-0.000395
-0.000365
-0.000280
-0.000191
-0.000148
-0.000160
-0.000198
-0.000237
-0.000236
-0.000181
-0.000099
-0.000017
0.000033
0.000020
-0.000038
-0.000084
-0.000081
-0.000030
0.000050
0.000124
0.000156
0.000146
0.000110
0.000075
0.000076
0.000125
0.000205
0.000273
0.000285
0.000231
0.000141
0.000069
0.000045
0.000064
0.000101
0.000121
0.000119
0.000112
0.000105
0.000092
0.000072
0.000061
0.000067
0.000085
0.000100
0.000107
0.000119
0.000144
0.000179
0.000211
0.000219
0.000212
0.000212
0.000227
0.000260
0.000290
0.000298
0.000294
0.000294
0.000306
0.000323
0.000326
0.000313
0.000301
0.000303
0.000320
0.000347
0.000375
0.000399
0.000410
0.000407
0.000402
0.000394
0.000390
0.000396
0.000414
0.000429
0.000433
0.000433
0.000429
0.000426
0.000427
0.000427
0.000426
0.000425
0.000417
0.000403
0.000391
0.000386
0.000384
0.000385
0.000385
0.000380
0.000370
0.000358
0.000345
0.000335
0.000336
0.000345
0.000354
0.000359
0.000353
0.000337
0.000315
0.000293
0.000277
0.000268
0.000268
0.000269
0.000267
0.000259
0.000246
0.000231
0.000219
0.000210
0.000203
0.000196
0.000187
0.000178
0.000168
0.000162
0.000161
0.000162
0.000159
0.000150
0.000141
0.000133
0.000128
0.000126
0.000123
0.000116
0.000101
0.000078
0.000057
0.000042
0.000033
0.000026
0.000018
0.000010
0.000006
0.000004
0.000003
-0.000002
-0.000008
-0.000013
-0.000014
-0.000014
-0.000013
-0.000012
-0.000012
-0.000012
-0.000015
-0.000018
-0.000021
-0.000025
-0.000029
-0.000032
-0.000035
-0.000035
-0.000033
-0.000030
-0.000029
-0.000031
-0.000033
-0.000036
-0.000039
-0.000041
-0.000042
-0.000042
-0.000041
-0.000041
-0.000041
-0.000042
-0.000043
-0.000043
-0.000043
-0.000043
-0.000045
-0.000046
-0.000047
-0.000048
-0.000050
-0.000052
-0.000053
-0.000053
-0.000053
-0.000052
-0.000052
-0.000052
-0.000054
-0.000054
-0.000055
-0.000055
-0.000054
-0.000054
-0.000054
-0.000055
-0.000055
-0.000054
-0.000054
-0.000054
-0.000054
-0.000054
-0.000053
-0.000053
-0.000053
-0.000053
-0.000053
-0.000054
-0.000054
-0.000054
-0.000054
-0.000054
-0.000054
-0.000054
-0.000055
-0.000055
-0.000055
-0.000054
-0.000054
-0.000054
-0.000054
-0.000054
-0.000053
-0.000053
-0.000052
-0.000052
-0.000052
-0.000052
-0.000051
-0.000051
-0.000050
-0.000050
-0.000050
-0.000049
-0.000049
-0.000048
-0.000048
-0.000047
-0.000047
-0.000047
-0.000046
-0.000046
-0.000045
-0.000045
-0.000044
-0.000044
-0.000043
-0.000043
-0.000042
-0.000042
-0.000041
-0.000041
-0.000040
-0.000040
-0.000039
-0.000039
-0.000039
-0.000038
-0.000038
-0.000037
-0.000037
-0.000036
-0.000036
-0.000035
-0.000035
-0.000035
-0.000034
-0.000034
-0.000033
-0.000033
-0.000033
-0.000032
-0.000032
-0.000031
-0.000031
-0.000031
-0.000030
-0.000030
-0.000030
-0.000030
