0.000030
0.000030
0.000030
0.000030
0.000030
0.000030
0.000028
0.000026
0.000020
0.000015
0.000010
0.000010
0.000014
0.000024
0.000035
0.000046
0.000047
0.000039
0.000021
0.000003
-0.000013
-0.000018
-0.000016
-0.000011
-0.000001
0.000023
0.000053
0.000076
0.000077
0.000052
-0.000002
-0.000071
-0.000152
-0.000235
-0.000309
-0.000357
-0.000385
-0.000387
-0.000353
-0.000257
-0.000090
0.000137
0.000385
0.000608
0.000753
0.000796
0.000740
0.000619
0.000464
0.000287
0.000081
-0.000102
-0.000193
-0.000147
0.000021
0.000243
0.000382
0.000354
0.000221
0.000076
-0.000082
-0.000284
-0.000530
-0.000747
-0.000889
-0.000989
-0.001082
-0.001150
-0.001107
-0.000848
-0.000303
0.000488
0.001370
0.002193
0.002805
0.002987
0.002585
0.001628
0.000179
-0.001603
-0.003377
-0.004814
-0.005765
-0.006130
-0.005896
-0.005126
-0.004007
-0.002813
-0.001871
-0.001390
-0.001306
-0.001344
-0.001185
-0.000654
0.000185
0.001048
0.001610
0.001614
0.000895
-0.000552
-0.002486
-0.004508
-0.006231
-0.007293
-0.007427
-0.006765
-0.005779
-0.004846
-0.004126
-0.003572
-0.002844
-0.001508
0.000587
0.003261
0.006148
0.008829
0.010920
0.012077
0.012091
0.010782
0.008049
0.004072
-0.000495
-0.004757
-0.007872
-0.009522
-0.010092
-0.010435
-0.011319
-0.012778
-0.014371
-0.015593
-0.016064
-0.015576
-0.014001
-0.011351
-0.007848
-0.004085
-0.001032
0.000069
-0.001471
-0.005319
-0.010331
-0.014973
-0.017797
-0.017889
-0.014585
-0.007865
0.001326
0.011296
0.020356
0.027786
0.033762
0.038830
0.043181
0.046558
0.047731
0.045488
0.038946
0.027761
0.012450
-0.004974
-0.021588
-0.033906
-0.039767
-0.039236
-0.033904
-0.025978
-0.017335
-0.009376
-0.003296
0.000026
0.000228
-0.003238
-0.009998
-0.017978
-0.024653
-0.028376
-0.028955
-0.027432
-0.025395
-0.023617
-0.021836
-0.019372
-0.015888
-0.011454
-0.006771
-0.003062
-0.002116
-0.005209
-0.012763
-0.023287
-0.033458
-0.039972
-0.041338
-0.037737
-0.030584
-0.021618
-0.012352
-0.003855
0.003073
0.007574
0.007918
0.002824
-0.007048
-0.018209
-0.026201
-0.027198
-0.020414
-0.008478
0.004697
0.016026
0.024053
0.029100
0.032407
0.034020
0.032882
0.027726
0.018705
0.007894
-0.001448
-0.006715
-0.007950
-0.007653
-0.009378
-0.014992
-0.023583
-0.032321
-0.038478
-0.040356
-0.037526
-0.030158
-0.017535
0.000697
0.022678
0.044343
0.060382
0.065947
0.058979
0.039964
0.012774
-0.015725
-0.039108
-0.053915
-0.059505
-0.057692
-0.051516
-0.043883
-0.036949
-0.031448
-0.026896
-0.021874
-0.015221
-0.006676
0.002723
0.011459
0.018266
0.022671
0.024673
0.024538
0.022699
0.019572
0.015343
0.009918
0.003331
-0.004080
-0.012603
-0.022488
-0.033035
-0.042382
-0.048203
-0.048192
-0.041183
-0.026303
-0.004973
0.018291
0.037615
0.048665
0.048734
0.038174
0.020039
-0.001896
-0.024189
-0.043698
-0.058245
-0.066374
-0.066827
-0.059050
-0.043446
-0.022738
-0.002568
0.011814
0.018679
0.021343
0.024986
0.031930
0.040419
0.045880
0.042988
0.029241
0.007231
-0.016191
-0.032567
-0.037689
-0.033405
-0.023987
-0.013150
-0.002915
0.005800
0.012231
0.014805
0.011849
0.001657
-0.014636
-0.032149
-0.044833
-0.048891
-0.043210
-0.029908
-0.013402
0.002659
0.016844
0.029937
0.042813
0.054776
0.064017
0.069169
0.069950
0.067552
0.064084
0.060969
0.058204
0.054744
0.049325
0.040625
0.028825
0.016159
0.005666
-0.000763
-0.003224
-0.003521
-0.004118
-0.006500
-0.010649
-0.015579
-0.019982
-0.022539
-0.022609
-0.020159
-0.014160
-0.003475
0.012064
0.030110
0.046074
0.054941
0.054011
0.042895
0.024005
0.002173
-0.017051
-0.029389
-0.031447
-0.022524
-0.005195
0.016293
0.037333
0.053723
0.063043
0.064820
0.059331
0.047332
0.028760
0.004812
-0.020517
-0.042218
-0.056547
-0.060701
-0.053882
-0.035997
-0.008500
0.024851
0.056888
0.080498
0.092121
0.093016
0.087129
0.077452
0.065341
0.051472
0.036873
0.023189
0.012271
0.005225
0.001963
0.001248
0.001422
0.000888
-0.001390
-0.005113
-0.009129
-0.012492
-0.014162
-0.012545
-0.005863
0.006187
0.021261
0.036010
0.047944
0.055787
0.059541
0.059986
0.057894
0.052900
0.043866
0.030273
0.013700
-0.002757
-0.015815
-0.024830
-0.032387
-0.041958
-0.055019
-0.069272
-0.080265
-0.083460
-0.075660
-0.056472
-0.027232
0.007777
0.041191
0.067097
0.083765
0.092055
0.093432
0.087710
0.073646
0.050853
0.020313
-0.014203
-0.045026
-0.065386
-0.073012
-0.069053
-0.057114
-0.041645
-0.026090
-0.011793
0.001931
0.016324
0.030880
0.043339
0.050407
0.049861
0.042082
0.029878
0.016951
0.006527
0.000218
-0.002251
-0.002663
-0.002428
-0.000211
0.006272
0.017801
0.032465
0.046787
0.057411
0.062948
0.064305
0.063473
0.062191
0.060400
0.057478
0.053720
0.050614
0.049633
0.050703
0.052359
0.052794
0.050419
0.044295
0.034070
0.020387
0.004546
-0.011957
-0.027720
-0.040944
-0.049850
-0.051679
-0.043893
-0.024877
0.004677
0.040326
0.072647
0.093381
0.099689
0.092917
0.076597
0.053935
0.028371
0.004471
-0.014447
-0.027805
-0.035727
-0.038315
-0.034489
-0.023806
-0.007782
0.009974
0.025667
0.037172
0.044501
0.048801
0.051317
0.053052
0.054747
0.056224
0.055775
0.051457
0.042586
0.030093
0.015757
0.000994
-0.012958
-0.024734
-0.032927
-0.036833
-0.036104
-0.031221
-0.023409
-0.013458
-0.002113
0.008130
0.014356
0.014681
0.008726
-0.001964
-0.013784
-0.022437
-0.023839
-0.015797
0.000888
0.023116
0.046415
0.065547
0.076840
0.079410
0.073787
0.061738
0.045575
0.027515
0.009204
-0.008052
-0.023364
-0.036017
-0.045767
-0.052752
-0.057482
-0.060732
-0.063001
-0.064364
-0.064440
-0.062772
-0.059258
-0.054170
-0.048446
-0.043957
-0.042009
-0.042447
-0.044649
-0.047836
-0.050821
-0.052772
-0.053665
-0.053160
-0.050521
-0.044686
-0.035347
-0.023316
-0.010468
0.000835
0.007913
0.009582
0.006780
0.000931
-0.006979
-0.015740
-0.023971
-0.030556
-0.034724
-0.036068
-0.034858
-0.032040
-0.028692
-0.025759
-0.023876
-0.022669
-0.020759
-0.015749
-0.006118
0.007660
0.023295
0.037819
0.048895
0.055498
0.057394
0.055648
0.052489
0.049357
0.046431
0.043039
0.038571
0.032797
0.025649
0.017229
0.008076
-0.000830
-0.008122
-0.012550
-0.013680
-0.012123
-0.008873
-0.004418
0.001563
0.009549
0.019544
0.030315
0.039068
0.043460
0.042920
0.037457
0.027677
0.014771
0.000776
-0.011763
-0.020876
-0.026126
-0.028197
-0.028419
-0.028012
-0.027051
-0.024884
-0.021589
-0.017989
-0.015059
-0.013521
-0.013466
-0.013647
-0.012820
-0.011402
-0.011247
-0.014317
-0.021546
-0.032502
-0.046527
-0.061874
-0.075291
-0.083402
-0.084436
-0.077358
-0.062890
-0.043590
-0.022446
-0.001984
0.015540
0.028274
0.034378
0.033529
0.027770
0.020447
0.015105
0.015442
0.022946
0.035699
0.049661
0.060644
0.064781
0.060636
0.049786
0.034683
0.017528
-0.000228
-0.017270
-0.032062
-0.043873
-0.053287
-0.060982
-0.067733
-0.074644
-0.082421
-0.090895
-0.099526
-0.107353
-0.112311
-0.112284
-0.106347
-0.095035
-0.080035
-0.062712
-0.044971
-0.029797
-0.019584
-0.014930
-0.016059
-0.021870
-0.029439
-0.035958
-0.039888
-0.040024
-0.036127
-0.029450
-0.022188
-0.016471
-0.013376
-0.012842
-0.014601
-0.018278
-0.023203
-0.028499
-0.033287
-0.036726
-0.038335
-0.038067
-0.035994
-0.032289
-0.026915
-0.020064
-0.012522
-0.005945
-0.002307
-0.003427
-0.009468
-0.018441
-0.027508
-0.034564
-0.039586
-0.043835
-0.048104
-0.052024
-0.054391
-0.053815
-0.049674
-0.042044
-0.031862
-0.020680
-0.009842
-0.000047
0.008580
0.016329
0.023648
0.030484
0.036362
0.040829
0.043497
0.043367
0.039851
0.033593
0.026396
0.020075
0.015417
0.011809
0.007615
0.000832
-0.010041
-0.026611
-0.048436
-0.072010
-0.093243
-0.109439
-0.118548
-0.119291
-0.110251
-0.089745
-0.057872
-0.018726
0.020333
0.050424
0.065982
0.066927
0.055393
0.034641
0.008088
-0.019613
-0.042663
-0.057051
-0.062526
-0.060614
-0.053457
-0.043033
-0.031778
-0.022335
-0.016643
-0.015190
-0.017513
-0.022410
-0.028161
-0.032863
-0.034949
-0.033003
-0.026871
-0.018069
-0.008653
-0.000129
0.007021
0.013427
0.020371
0.028533
0.037511
0.045869
0.051610
0.052411
0.047023
0.036039
0.020661
0.002511
-0.016235
-0.032961
-0.045274
-0.051638
-0.051820
-0.045549
-0.032518
-0.012820
0.013280
0.044315
0.076846
0.106397
0.128571
0.139889
0.139384
0.127598
0.106985
0.081445
0.055412
0.032640
0.015131
0.002440
-0.007781
-0.017898
-0.029196
-0.041775
-0.054742
-0.066059
-0.073802
-0.077123
-0.076494
-0.073397
-0.069355
-0.064646
-0.058117
-0.049259
-0.039062
-0.029100
-0.020553
-0.013900
-0.008800
-0.004277
0.000930
0.007633
0.015622
0.023050
0.027069
0.025624
0.018365
0.005441
-0.012012
-0.031470
-0.050016
-0.065405
-0.075839
-0.080037
-0.076688
-0.063382
-0.038742
-0.004160
0.034641
0.068460
0.091229
0.103374
0.108569
0.110413
0.109790
0.104923
0.093530
0.076173
0.056717
0.041268
0.033486
0.032434
0.034478
0.035660
0.032139
0.022851
0.010484
-0.000988
-0.008806
-0.012238
-0.012110
-0.009497
-0.004855
0.001916
0.011529
0.023984
0.037548
0.049617
0.058015
0.061770
0.061411
0.058130
0.052691
0.044992
0.034487
0.021104
0.005223
-0.011790
-0.027481
-0.039347
-0.045853
-0.045513
-0.038218
-0.025841
-0.011692
0.000831
0.009739
0.014475
0.014197
0.008478
-0.001712
-0.014040
-0.025569
-0.033029
-0.034572
-0.030609
-0.023161
-0.015058
-0.009654
-0.009038
-0.013115
-0.020228
-0.027980
-0.033878
-0.036237
-0.034364
-0.028639
-0.020465
-0.011566
-0.003306
0.003780
0.009878
0.015865
0.023649
0.034744
0.048369
0.062252
0.073867
0.080857
0.081656
0.074884
0.060371
0.039680
0.016386
-0.005083
-0.022144
-0.034692
-0.043826
-0.049951
-0.052475
-0.049766
-0.040053
-0.020070
0.011519
0.051542
0.091847
0.123843
0.141987
0.145636
0.137258
0.118704
0.091264
0.056395
0.018380
-0.014802
-0.036629
-0.045220
-0.039731
-0.021290
0.005766
0.033090
0.050707
0.052072
0.037430
0.012112
-0.015813
-0.038123
-0.050664
-0.054392
-0.052726
-0.048390
-0.041727
-0.030418
-0.012271
0.012387
0.040076
0.065264
0.082429
0.088509
0.083402
0.069442
0.048861
0.023826
-0.003129
-0.029729
-0.054165
-0.074029
-0.087790
-0.095612
-0.098080
-0.095994
-0.090100
-0.081498
-0.071759
-0.062617
-0.055403
-0.050686
-0.048502
-0.048988
-0.052200
-0.057612
-0.064278
-0.070670
-0.074258
-0.072404
-0.062875
-0.041640
-0.006659
0.038291
0.083759
0.118159
0.134000
0.130814
0.109709
0.073283
0.026470
-0.022000
-0.062204
-0.087787
-0.098228
-0.096041
-0.082642
-0.058374
-0.024531
0.014083
0.048515
0.071420
0.081087
0.079345
0.069522
0.053593
0.034188
0.015898
0.002965
-0.003122
-0.003101
0.000985
0.007014
0.013059
0.017328
0.017298
0.010930
-0.002907
-0.023429
-0.047420
-0.069129
-0.083480
-0.087932
-0.082171
-0.066886
-0.042218
-0.009909
0.024012
0.052701
0.072126
0.081550
0.082925
0.078177
0.068530
0.054490
0.037442
0.020091
0.005503
-0.004868
-0.011868
-0.017530
-0.023535
-0.029671
-0.034449
-0.036104
-0.033976
-0.028874
-0.022307
-0.015820
-0.010957
-0.008549
-0.008399
-0.009655
-0.010955
-0.009933
-0.005175
0.002417
0.011213
0.019763
0.026076
0.028879
0.028926
0.027705
0.026090
0.023320
0.017809
0.007470
-0.008173
-0.026917
-0.043969
-0.054947
-0.058254
-0.055658
-0.050907
-0.047588
-0.047594
-0.050620
-0.055011
-0.058875
-0.060868
-0.060332
-0.056799
-0.050260
-0.041305
-0.031207
-0.021451
-0.012257
-0.002819
0.007647
0.018951
0.029665
0.037096
0.039082
0.035098
0.026425
0.015353
0.004688
-0.002991
-0.005689
-0.002589
0.006178
0.018918
0.032428
0.043360
0.049723
0.050999
0.047505
0.039826
0.027546
0.010732
-0.008475
-0.026224
-0.038592
-0.043489
-0.041199
-0.031200
-0.013288
0.011000
0.037138
0.059157
0.071920
0.073820
0.066357
0.052332
0.034921
0.017652
0.003314
-0.006831
-0.012801
-0.015385
-0.015610
-0.014437
-0.012070
-0.008676
-0.004883
-0.001287
0.001926
0.004912
0.008134
0.012347
0.018201
0.025839
0.034950
0.044728
0.053735
0.059979
0.061704
0.058499
0.051718
0.043748
0.036212
0.029256
0.022304
0.014943
0.007217
-0.000162
-0.005900
-0.008479
-0.006869
0.000112
0.012387
0.027943
0.043730
0.056760
0.064003
0.063854
0.056533
0.044248
0.030618
0.019237
0.012228
0.010209
0.012575
0.018132
0.026627
0.038026
0.051262
0.064322
0.074763
0.079375
0.075712
0.062741
0.041387
0.013818
-0.015930
-0.042733
-0.062530
-0.074060
-0.077975
-0.074902
-0.064826
-0.046613
-0.019672
0.015991
0.056468
0.093451
0.118700
0.128896
0.125111
0.111088
0.091102
0.069554
0.050295
0.035115
0.023666
0.014613
0.007031
0.000566
-0.004952
-0.009928
-0.014975
-0.020500
-0.026386
-0.032094
-0.036990
-0.040318
-0.041062
-0.038064
-0.030837
-0.020382
-0.009393
-0.000726
0.003844
0.004240
0.001976
-0.000586
-0.001572
-0.000400
0.002011
0.003855
0.003428
-0.000123
-0.006982
-0.016300
-0.026246
-0.035065
-0.041693
-0.045379
-0.046134
-0.044938
-0.042949
-0.040870
-0.038364
-0.035409
-0.033272
-0.033343
-0.035788
-0.039188
-0.041788
-0.042639
-0.041239
-0.037402
-0.031693
-0.025462
-0.020498
-0.017975
-0.017803
-0.018817
-0.019642
-0.019723
-0.019397
-0.019433
-0.020237
-0.021541
-0.022245
-0.021082
-0.016939
-0.009181
0.002094
0.016465
0.032675
0.048135
0.060135
0.067171
0.069331
0.067782
0.063196
0.055264
0.043377
0.027999
0.011135
-0.003948
-0.014525
-0.019642
-0.020494
-0.019701
-0.019777
-0.021812
-0.025131
-0.028212
-0.029796
-0.029805
-0.028894
-0.027606
-0.026145
-0.024516
-0.022193
-0.018810
-0.014903
-0.011877
-0.011157
-0.012957
-0.016335
-0.020656
-0.025374
-0.029506
-0.031698
-0.030994
-0.026976
-0.020130
-0.011629
-0.002958
0.004323
0.008002
0.006720
0.000870
-0.007844
-0.017050
-0.023709
-0.025540
-0.021671
-0.012203
0.002313
0.020711
0.040726
0.058515
0.070930
0.076883
0.076228
0.069402
0.056387
0.038065
0.016841
-0.004377
-0.023307
-0.038345
-0.049302
-0.057309
-0.063296
-0.067398
-0.070002
-0.071816
-0.072877
-0.072865
-0.071571
-0.068589
-0.063585
-0.056352
-0.046903
-0.035461
-0.023362
-0.012680
-0.005100
-0.001290
-0.001445
-0.005355
-0.012131
-0.020232
-0.027932
-0.033671
-0.036419
-0.035898
-0.032447
-0.026919
-0.020132
-0.012715
-0.005026
0.003195
0.012288
0.021584
0.030047
0.037014
0.041854
0.043856
0.041746
0.034808
0.023460
0.009489
-0.004343
-0.015013
-0.020775
-0.021616
-0.018867
-0.014324
-0.008620
-0.001610
0.006602
0.015070
0.022355
0.027589
0.030795
0.031630
0.030065
0.026966
0.023396
0.020170
0.018297
0.018607
0.021545
0.027052
0.034481
0.042668
0.050452
0.057084
0.061938
0.064242
0.062978
0.057648
0.048204
0.035680
0.022135
0.009330
-0.001959
-0.011503
-0.019598
-0.026930
-0.033901
-0.040489
-0.046590
-0.051953
-0.055801
-0.057470
-0.056668
-0.052254
-0.042757
-0.026619
-0.004800
0.018317
0.037031
0.047765
0.050339
0.047296
0.042142
0.037341
0.034034
0.032976
0.034386
0.037591
0.041682
0.045717
0.048571
0.049476
0.048505
0.045829
0.041221
0.033409
0.021567
0.006429
-0.009713
-0.023920
-0.033460
-0.037193
-0.035422
-0.029339
-0.020221
-0.009644
0.000584
0.008802
0.014184
0.016637
0.016351
0.013711
0.009223
0.003383
-0.003740
-0.012212
-0.021696
-0.030975
-0.038964
-0.046069
-0.052881
-0.058981
-0.063479
-0.065785
-0.065134
-0.061419
-0.055523
-0.048461
-0.041070
-0.034586
-0.030152
-0.028335
-0.028734
-0.030088
-0.030841
-0.030021
-0.027520
-0.023440
-0.017627
-0.009600
0.000407
0.010437
0.018831
0.025548
0.030457
0.033057
0.033285
0.031584
0.028284
0.023223
0.016038
0.006257
-0.005956
-0.019379
-0.031741
-0.040580
-0.044273
-0.042798
-0.036966
-0.027602
-0.015206
0.000361
0.018661
0.037326
0.053307
0.064282
0.068752
0.066553
0.058035
0.044553
0.028484
0.012596
-0.000879
-0.010851
-0.017358
-0.020632
-0.020680
-0.017568
-0.011571
-0.003649
0.004420
0.010890
0.014656
0.014874
0.011380
0.004720
-0.004215
-0.014666
-0.026029
-0.037748
-0.049407
-0.060237
-0.068674
-0.073317
-0.073989
-0.071605
-0.066862
-0.058414
-0.044091
-0.023258
0.001135
0.024058
0.040556
0.048300
0.048167
0.042581
0.034159
0.024312
0.013961
0.004348
-0.003265
-0.008138
-0.009361
-0.006701
-0.000982
0.006420
0.014050
0.020351
0.023866
0.022944
0.016937
0.006859
-0.005598
-0.018555
-0.029757
-0.037112
-0.039201
-0.035356
-0.025840
-0.010328
0.010054
0.031421
0.049140
0.060308
0.064148
0.061845
0.055336
0.046162
0.035385
0.023694
0.011713
0.000145
-0.009984
-0.017543
-0.021560
-0.021956
-0.019411
-0.015095
-0.010426
-0.007283
-0.006966
-0.008832
-0.011277
-0.013228
-0.014710
-0.016421
-0.019086
-0.022876
-0.027191
-0.030499
-0.030607
-0.024370
-0.010646
0.007462
0.024615
0.036256
0.040888
0.040130
0.036811
0.032843
0.028620
0.024002
0.019231
0.015158
0.012653
0.012126
0.013649
0.016807
0.020586
0.023567
0.024322
0.022675
0.019931
0.017394
0.015690
0.014960
0.015455
0.017658
0.022238
0.029531
0.039924
0.052791
0.066162
0.077866
0.086532
0.090824
0.090232
0.085237
0.076513
0.064779
0.050936
0.036811
0.025732
0.020116
0.019712
0.021847
0.023237
0.021290
0.014550
0.002740
-0.012825
-0.030014
-0.047661
-0.064890
-0.080096
-0.091573
-0.098402
-0.099588
-0.094853
-0.084836
-0.070427
-0.052607
-0.031933
-0.009475
0.012358
0.030679
0.043426
0.049443
0.049133
0.043711
0.034280
0.021422
0.005746
-0.011526
-0.028183
-0.041555
-0.049152
-0.050346
-0.047033
-0.042816
-0.040653
-0.041323
-0.043150
-0.043280
-0.039200
-0.030188
-0.017220
-0.002268
0.012385
0.024499
0.033059
0.038907
0.043097
0.045660
0.046083
0.044336
0.041120
0.037391
0.033828
0.030824
0.028331
0.025242
0.020334
0.013222
0.004826
-0.003044
-0.008413
-0.010627
-0.010964
-0.010988
-0.011369
-0.012223
-0.013467
-0.014860
-0.016056
-0.016668
-0.016418
-0.015258
-0.013160
-0.010025
-0.005621
0.000170
0.006873
0.012720
0.015600
0.013946
0.008014
0.000090
-0.006443
-0.009352
-0.008820
-0.006322
-0.003471
-0.001962
-0.002910
-0.006189
-0.010961
-0.016550
-0.023412
-0.032280
-0.042734
-0.053504
-0.063337
-0.071065
-0.075963
-0.077991
-0.077928
-0.076910
-0.075441
-0.073293
-0.070242
-0.066034
-0.059491
-0.049565
-0.036523
-0.022532
-0.010300
-0.001535
0.003807
0.007104
0.009807
0.012890
0.017001
0.021906
0.026067
0.027685
0.025826
0.020720
0.013609
0.006273
0.000143
-0.004300
-0.007996
-0.011927
-0.015330
-0.016796
-0.015679
-0.012063
-0.006576
0.000096
0.007221
0.014111
0.020679
0.027219
0.033381
0.038433
0.041614
0.041814
0.038054
0.030125
0.019022
0.006588
-0.005222
-0.014821
-0.020901
-0.023079
-0.022003
-0.018663
-0.013917
-0.008595
-0.003176
0.003340
0.011914
0.022142
0.032559
0.041556
0.047642
0.050651
0.052080
0.053372
0.054922
0.056197
0.056454
0.055162
0.052931
0.051387
0.051941
0.054726
0.058404
0.060853
0.059832
0.053064
0.039688
0.021132
0.001085
-0.015551
-0.025307
-0.027605
-0.023307
-0.014053
-0.001641
0.012271
0.026072
0.038023
0.046777
0.051453
0.052139
0.049925
0.045795
0.040600
0.035503
0.031316
0.027839
0.023885
0.018106
0.009472
-0.002404
-0.017104
-0.032303
-0.044489
-0.050504
-0.048845
-0.038993
-0.021025
0.003346
0.029351
0.051460
0.065979
0.071846
0.070207
0.062671
0.051267
0.038354
0.026275
0.016807
0.011215
0.009822
0.012944
0.020435
0.031547
0.044222
0.055493
0.061857
0.061282
0.053402
0.038432
0.017530
-0.004891
-0.023532
-0.035188
-0.039185
-0.036407
-0.028018
-0.015441
0.000040
0.017244
0.034749
0.049863
0.059596
0.061261
0.053780
0.037916
0.017489
-0.002018
-0.017861
-0.030425
-0.041159
-0.050727
-0.058717
-0.063328
-0.062480
-0.053303
-0.034182
-0.006633
0.022853
0.046532
0.059569
0.061814
0.055953
0.043687
0.025866
0.004702
-0.015798
-0.030797
-0.037688
-0.037220
-0.030740
-0.019852
-0.006860
0.005389
0.014288
0.018495
0.018332
0.014841
0.009172
0.002328
-0.005271
-0.013566
-0.022719
-0.032531
-0.042387
-0.051988
-0.061211
-0.068451
-0.072165
-0.072184
-0.068789
-0.062144
-0.052290
-0.039691
-0.025240
-0.009739
0.006304
0.022606
0.038624
0.052930
0.064074
0.071179
0.072909
0.068378
0.057538
0.041675
0.023138
0.005314
-0.008607
-0.016844
-0.019827
-0.019482
-0.017847
-0.016049
-0.013319
-0.008385
-0.000951
0.008356
0.018637
0.029404
0.040269
0.050153
0.057729
0.061889
0.061187
0.054442
0.040034
0.018924
-0.003989
-0.022993
-0.034808
-0.039176
-0.038277
-0.035242
-0.032934
-0.033213
-0.036464
-0.041807
-0.047741
-0.052449
-0.054226
-0.052267
-0.047021
-0.039462
-0.030936
-0.022966
-0.016439
-0.011521
-0.008842
-0.009016
-0.012017
-0.016690
-0.020965
-0.022089
-0.018138
-0.008719
0.004133
0.016568
0.024863
0.027310
0.024065
0.016227
0.005336
-0.006485
-0.017076
-0.024880
-0.028846
-0.028059
-0.021760
-0.010439
0.003684
0.017640
0.028769
0.034916
0.035320
0.031437
0.025976
0.021175
0.017961
0.016108
0.015099
0.014414
0.013517
0.012286
0.011237
0.011222
0.012519
0.013827
0.013513
0.010905
0.006717
0.002452
-0.000426
-0.001552
-0.002022
-0.003743
-0.008156
-0.015045
-0.022664
-0.028475
-0.030789
-0.029511
-0.025457
-0.019544
-0.011895
-0.002242
0.009515
0.023553
0.039257
0.053528
0.062782
0.064800
0.058646
0.044842
0.024180
-0.000845
-0.025287
-0.044565
-0.056756
-0.061952
-0.061823
-0.058563
-0.053831
-0.048529
-0.043434
-0.039183
-0.036041
-0.033660
-0.030989
-0.025868
-0.016314
-0.001444
0.016709
0.033168
0.043455
0.045858
0.039730
0.025910
0.006895
-0.013551
-0.031255
-0.042265
-0.044845
-0.039809
-0.029496
-0.016901
-0.005217
0.002883
0.005205
0.001271
-0.007127
-0.017117
-0.026102
-0.032662
-0.036026
-0.035218
-0.029197
-0.018157
-0.004130
0.009474
0.018619
0.019943
0.012107
-0.004687
-0.027608
-0.050843
-0.069045
-0.079789
-0.082462
-0.077912
-0.067099
-0.050547
-0.028434
-0.002076
0.025798
0.051814
0.073168
0.087888
0.095563
0.097408
0.094245
0.086478
0.074333
0.058700
0.041422
0.024555
0.009398
-0.003918
-0.016040
-0.027692
-0.038584
-0.047666
-0.053162
-0.053454
-0.047677
-0.036681
-0.023249
-0.011851
-0.005720
-0.005102
-0.007828
-0.010990
-0.012988
-0.013607
-0.013000
-0.010986
-0.007031
0.000031
0.010934
0.025426
0.041546
0.055945
0.065159
0.067345
0.061780
0.049153
0.031467
0.011680
-0.007112
-0.022662
-0.034615
-0.044567
-0.054634
-0.065971
-0.077052
-0.085204
-0.088001
-0.083936
-0.072818
-0.056160
-0.037234
-0.020876
-0.010189
-0.004881
-0.002756
-0.001180
0.002603
0.009476
0.017536
0.023679
0.025702
0.023214
0.017746
0.012074
0.008523
0.007763
0.008122
0.007541
0.005599
0.003254
0.001622
0.001092
0.001127
0.000487
-0.001899
-0.006270
-0.011822
-0.017270
-0.021622
-0.024445
-0.025657
-0.025221
-0.023254
-0.019935
-0.015541
-0.010420
-0.005628
-0.002730
-0.003174
-0.007007
-0.012551
-0.017826
-0.021545
-0.022550
-0.020324
-0.015544
-0.009944
-0.005555
-0.003379
-0.003159
-0.004488
-0.007181
-0.011337
-0.017410
-0.025640
-0.035446
-0.045165
-0.052059
-0.053663
-0.049120
-0.039286
-0.026600
-0.014533
-0.005435
0.000300
0.002736
0.002378
0.000892
-0.000120
-0.000154
0.000623
0.002056
0.004775
0.009383
0.015727
0.023115
0.030683
0.037633
0.043102
0.045801
0.044855
0.040653
0.034760
0.029086
0.025039
0.023169
0.023312
0.025448
0.029369
0.034194
0.038937
0.042946
0.044721
0.042708
0.036508
0.026578
0.013253
-0.001640
-0.014677
-0.021800
-0.020649
-0.010934
0.005212
0.023655
0.039394
0.048934
0.051013
0.046217
0.036044
0.021437
0.003480
-0.015459
-0.032454
-0.045002
-0.051072
-0.050139
-0.043377
-0.033301
-0.022748
-0.013842
-0.007384
-0.002770
0.001009
0.004124
0.005891
0.005437
0.002091
-0.004037
-0.012078
-0.020649
-0.028318
-0.034365
-0.038801
-0.041392
-0.041885
-0.040358
-0.037158
-0.032864
-0.028042
-0.022758
-0.016344
-0.008591
-0.000313
0.007138
0.012959
0.017441
0.021383
0.025298
0.028582
0.030218
0.029577
0.027116
0.024137
0.021660
0.020074
0.019984
0.021615
0.024187
0.025800
0.024521
0.019410
0.011113
0.001496
-0.007166
-0.012838
-0.013381
-0.008130
0.001273
0.012356
0.022991
0.031053
0.035092
0.034689
0.030527
0.023942
0.016033
0.007484
-0.001346
-0.010143
-0.018512
-0.026064
-0.032903
-0.040481
-0.050561
-0.063961
-0.079054
-0.092115
-0.098741
-0.096702
-0.086764
-0.072296
-0.057947
-0.047561
-0.042331
-0.040107
-0.037191
-0.030319
-0.018612
-0.003604
0.012014
0.025906
0.036655
0.044327
0.049975
0.054044
0.056267
0.056029
0.052672
0.046091
0.037171
0.027530
0.018891
0.012464
0.008568
0.006552
0.005255
0.003857
0.002121
0.000275
-0.001216
-0.001761
-0.000170
0.004485
0.012220
0.022144
0.032648
0.041586
0.047306
0.049231
0.048118
0.045686
0.043269
0.041194
0.038644
0.034911
0.030135
0.025182
0.020986
0.018358
0.017377
0.017271
0.016790
0.014967
0.011544
0.007105
0.002776
-0.000358
-0.001877
-0.002463
-0.003363
-0.005675
-0.009603
-0.014438
-0.019346
-0.023710
-0.026855
-0.027988
-0.026432
-0.022011
-0.015379
-0.007698
-0.000227
0.005869
0.009318
0.009398
0.006507
0.001802
-0.003704
-0.009450
-0.015222
-0.021006
-0.026841
-0.032688
-0.038326
-0.043291
-0.046722
-0.047869
-0.046195
-0.041430
-0.033536
-0.022556
-0.009165
0.004896
0.017814
0.028440
0.035514
0.038033
0.035672
0.029563
0.022141
0.016029
0.012959
0.013448
0.016531
0.020096
0.022740
0.024626
0.026755
0.029404
0.030646
0.028493
0.022648
0.013727
0.002712
-0.009257
-0.021044
-0.031615
-0.040136
-0.046203
-0.049517
-0.050061
-0.047945
-0.043393
-0.036979
-0.029773
-0.022988
-0.017671
-0.014508
-0.013697
-0.014910
-0.017379
-0.020256
-0.022733
-0.024101
-0.024059
-0.022807
-0.020616
-0.017784
-0.014665
-0.011510
-0.008417
-0.005395
-0.002631
-0.000751
-0.000425
-0.002152
-0.007066
-0.015485
-0.025381
-0.033992
-0.039302
-0.039351
-0.033286
-0.022219
-0.008467
0.005555
0.017647
0.026266
0.030394
0.030057
0.026280
0.020507
0.014157
0.007982
0.002212
-0.003019
-0.007359
-0.010426
-0.012049
-0.012603
-0.012956
-0.013796
-0.015227
-0.017199
-0.019491
-0.021322
-0.022084
-0.021872
-0.020766
-0.018780
-0.016424
-0.014690
-0.014616
-0.016244
-0.018492
-0.020114
-0.020451
-0.019477
-0.017286
-0.014005
-0.010154
-0.006616
-0.004248
-0.003000
-0.001797
-0.000025
0.002112
0.004114
0.005463
0.005662
0.004929
0.004029
0.003566
0.003841
0.005187
0.007595
0.010408
0.012003
0.011199
0.008404
0.005167
0.003036
0.002472
0.003296
0.006177
0.011404
0.017981
0.024909
0.031623
0.037173
0.040739
0.042017
0.040508
0.035667
0.027003
0.015091
0.001836
-0.010701
-0.021332
-0.029941
-0.036637
-0.040489
-0.040873
-0.038415
-0.033762
-0.027407
-0.020003
-0.012221
-0.004598
0.002043
0.006842
0.009006
0.008501
0.006047
0.002044
-0.003541
-0.010736
-0.019170
-0.028086
-0.036338
-0.042843
-0.047241
-0.049691
-0.049914
-0.047924
-0.044558
-0.040789
-0.037287
-0.034472
-0.032529
-0.031446
-0.031214
-0.031671
-0.032207
-0.031890
-0.029769
-0.025523
-0.019597
-0.012339
-0.004253
0.003646
0.010814
0.017450
0.023259
0.027661
0.030410
0.031557
0.031038
0.028019
0.021873
0.013318
0.004054
-0.004056
-0.009510
-0.011721
-0.010999
-0.008354
-0.005012
-0.001550
0.002100
0.006139
0.010545
0.015167
0.019992
0.024992
0.029135
0.031323
0.031677
0.031452
0.032019
0.033428
0.034582
0.034103
0.030998
0.024986
0.017347
0.010197
0.004639
0.000783
-0.001452
-0.002750
-0.004209
-0.005873
-0.007117
-0.007656
-0.008028
-0.009134
-0.011359
-0.014269
-0.016969
-0.018721
-0.019174
-0.017690
-0.013455
-0.005137
0.007304
0.021777
0.035508
0.046411
0.052771
0.053799
0.049478
0.040118
0.026667
0.010971
-0.004917
-0.019578
-0.031760
-0.040323
-0.044787
-0.045610
-0.043112
-0.037501
-0.029229
-0.019374
-0.009411
-0.000785
0.005475
0.008845
0.009761
0.009482
0.009084
0.008914
0.008581
0.007680
0.006260
0.004885
0.004079
0.003872
0.003795
0.003217
0.001672
-0.000846
-0.003929
-0.007104
-0.010034
-0.012239
-0.013222
-0.012509
-0.010168
-0.006990
-0.004155
-0.002672
-0.003125
-0.005339
-0.008429
-0.011385
-0.013461
-0.014119
-0.013123
-0.010385
-0.005893
0.000181
0.007357
0.014811
0.021417
0.026305
0.029202
0.030149
0.029286
0.026017
0.019992
0.011845
0.002863
-0.005628
-0.012583
-0.017573
-0.020674
-0.022426
-0.023526
-0.023985
-0.023412
-0.021537
-0.018404
-0.014177
-0.008543
-0.001193
0.007431
0.015959
0.022475
0.025465
0.024538
0.019751
0.011798
0.002099
-0.007329
-0.014558
-0.018488
-0.019222
-0.017589
-0.014462
-0.010577
-0.006612
-0.003048
-0.000001
0.002079
0.002283
0.000168
-0.003676
-0.007883
-0.010984
-0.011942
-0.010624
-0.007786
-0.004427
-0.001348
0.001012
0.002678
0.004084
0.005826
0.008052
0.009977
0.010746
0.009982
0.007332
0.002579
-0.004159
-0.011895
-0.018881
-0.023984
-0.027211
-0.029108
-0.030043
-0.029840
-0.027609
-0.022526
-0.014129
-0.002846
0.009978
0.021797
0.029749
0.031779
0.027669
0.018429
0.006048
-0.006960
-0.018649
-0.027975
-0.033997
-0.036288
-0.035333
-0.032089
-0.027547
-0.021889
-0.014964
-0.006837
0.001895
0.010320
0.017414
0.022587
0.025726
0.026965
0.026527
0.024424
0.020724
0.015723
0.010067
0.004629
0.000073
-0.003459
-0.006343
-0.009061
-0.011897
-0.014870
-0.017691
-0.019274
-0.018671
-0.015764
-0.011253
-0.006197
-0.001317
0.003205
0.007541
0.011907
0.016440
0.021349
0.026573
0.031392
0.035383
0.038850
0.041834
0.043866
0.043943
0.041145
0.035167
0.026922
0.018318
0.011756
0.008580
0.008547
0.010968
0.015141
0.020077
0.024755
0.028466
0.030446
0.030037
0.027237
0.022751
0.017297
0.011396
0.005420
-0.000238
-0.005110
-0.008277
-0.008948
-0.006824
-0.001881
0.005507
0.014645
0.024338
0.032865
0.038654
0.040991
0.039880
0.036154
0.031212
0.026171
0.021522
0.017441
0.013996
0.011347
0.009946
0.010332
0.012427
0.015330
0.017649
0.018715
0.019020
0.018957
0.018414
0.017294
0.015747
0.013986
0.012002
0.009602
0.006756
0.003635
0.000519
-0.002091
-0.003552
-0.003301
-0.001332
0.001690
0.004988
0.007884
0.009111
0.007536
0.003215
-0.002651
-0.008450
-0.013121
-0.016446
-0.018639
-0.019874
-0.020062
-0.019405
-0.018406
-0.016727
-0.014071
-0.011379
-0.009543
-0.008406
-0.007379
-0.006063
-0.004364
-0.001978
0.001643
0.006178
0.010506
0.013626
0.014957
0.014264
0.012105
0.009577
0.007157
0.004846
0.002728
0.000907
-0.000636
-0.001728
-0.002040
-0.001085
0.001205
0.004215
0.006799
0.008114
0.008282
0.008264
0.009249
0.011869
0.015771
0.019564
0.022000
0.022687
0.021516
0.018602
0.014771
0.011251
0.009089
0.008669
0.009543
0.010735
0.011588
0.012536
0.014065
0.015853
0.016694
0.015482
0.011805
0.006340
0.000623
-0.003658
-0.005454
-0.004319
-0.000873
0.003277
0.006692
0.008779
0.009594
0.009368
0.008100
0.006027
0.003801
0.001901
0.000573
0.000196
0.000738
0.001619
0.002756
0.004437
0.006467
0.008403
0.009959
0.010731
0.010330
0.008610
0.005855
0.002644
-0.000561
-0.003527
-0.006022
-0.007937
-0.009384
-0.010252
-0.009955
-0.007129
-0.001068
0.007042
0.014964
0.020752
0.023632
0.023942
0.022029
0.018365
0.013761
0.008697
0.003380
-0.001597
-0.005927
-0.010211
-0.014718
-0.018928
-0.022116
-0.023879
-0.024029
-0.022837
-0.020987
-0.019083
-0.017382
-0.015843
-0.014313
-0.012782
-0.011739
-0.011603
-0.011745
-0.011423
-0.010632
-0.009366
-0.007328
-0.004253
-0.000460
0.002980
0.005151
0.005902
0.005769
0.005539
0.005915
0.007087
0.008732
0.010414
0.011734
0.012088
0.011233
0.009576
0.007702
0.006171
0.005978
0.007636
0.010557
0.013621
0.015843
0.016489
0.015280
0.012296
0.007829
0.002369
-0.003567
-0.009480
-0.014849
-0.019153
-0.021986
-0.023041
-0.022524
-0.021338
-0.020081
-0.018593
-0.017201
-0.016698
-0.017325
-0.018558
-0.019508
-0.019501
-0.018361
-0.016189
-0.013289
-0.010119
-0.007186
-0.004807
-0.002694
-0.000326
0.002502
0.005643
0.008791
0.011517
0.013560
0.014998
0.015848
0.015856
0.015174
0.014384
0.013906
0.013777
0.013806
0.013800
0.013685
0.013493
0.013296
0.013137
0.013018
0.012961
0.013222
0.014116
0.015875
0.018414
0.021349
0.024304
0.026742
0.027117
0.024378
0.019043
0.012442
0.005973
0.001081
-0.001537
-0.002236
-0.001531
0.000241
0.002745
0.005489
0.007877
0.009445
0.010049
0.009675
0.008335
0.005781
0.001995
-0.002509
-0.006919
-0.010650
-0.013672
-0.016189
-0.018265
-0.019947
-0.021261
-0.021764
-0.021233
-0.020230
-0.019424
-0.019068
-0.019022
-0.019030
-0.018870
-0.018164
-0.016408
-0.013322
-0.008946
-0.003280
0.003197
0.009352
0.014269
0.017619
0.018975
0.018080
0.015198
0.011213
0.007243
0.003838
0.000931
-0.001831
-0.004710
-0.007654
-0.009998
-0.011169
-0.011266
-0.010668
-0.009612
-0.008255
-0.006742
-0.005205
-0.003849
-0.003004
-0.002978
-0.003756
-0.004733
-0.005300
-0.005343
-0.005094
-0.004899
-0.005183
-0.006028
-0.006906
-0.007136
-0.006443
-0.005292
-0.004192
-0.002834
-0.000745
0.002061
0.005231
0.008244
0.010275
0.010643
0.009156
0.006051
0.001908
-0.002631
-0.007000
-0.010651
-0.012669
-0.012318
-0.009884
-0.006318
-0.002322
0.001636
0.005108
0.007491
0.008422
0.008001
0.006859
0.005863
0.005463
0.005701
0.006803
0.008592
0.010128
0.010537
0.009470
0.006499
0.001745
-0.003622
-0.007966
-0.010082
-0.009608
-0.007241
-0.004426
-0.002211
-0.000797
-0.000055
0.000030
-0.000850
-0.002515
-0.004047
-0.004782
-0.004618
-0.003329
-0.000603
0.003533
0.007854
0.010455
0.009568
0.004507
-0.004336
-0.015713
-0.027755
-0.038202
-0.045411
-0.048700
-0.047906
-0.043359
-0.035905
-0.026502
-0.015194
-0.002727
0.008799
0.017839
0.024284
0.028291
0.029951
0.029319
0.026651
0.022412
0.016455
0.008691
-0.000214
-0.009044
-0.016510
-0.021282
-0.022686
-0.020822
-0.016271
-0.009891
-0.002563
0.004732
0.010684
0.014219
0.015033
0.013566
0.010653
0.006583
0.001461
-0.004249
-0.009444
-0.013071
-0.014989
-0.015319
-0.013318
-0.008135
0.000113
0.010017
0.019428
0.025966
0.028380
0.027008
0.022662
0.016376
0.009503
0.003174
-0.002114
-0.006323
-0.009602
-0.011689
-0.012202
-0.011051
-0.009011
-0.007438
-0.007512
-0.009238
-0.011229
-0.012075
-0.011278
-0.009052
-0.005791
-0.001571
0.003236
0.007600
0.010212
0.010246
0.007396
0.002201
-0.004001
-0.009697
-0.013722
-0.014981
-0.013347
-0.009985
-0.006028
-0.002030
0.001672
0.004691
0.006550
0.006977
0.006185
0.004703
0.003265
0.002771
0.003755
0.005968
0.008326
0.009649
0.009393
0.007551
0.004379
0.000517
-0.002976
-0.004513
-0.003454
-0.000891
0.001940
0.004556
0.007036
0.009256
0.010388
0.009554
0.006570
0.001819
-0.003858
-0.009417
-0.014087
-0.017604
-0.019787
-0.020676
-0.020664
-0.020161
-0.019280
-0.018262
-0.017404
-0.016528
-0.015038
-0.012272
-0.007939
-0.002302
0.004292
0.011481
0.018801
0.025253
0.029506
0.030333
0.027423
0.021157
0.012434
0.002473
-0.007340
-0.015897
-0.022451
-0.026292
-0.026472
-0.022519
-0.015271
-0.006910
0.000502
0.005984
0.008720
0.008088
0.004631
-0.000299
-0.005617
-0.010207
-0.012850
-0.012870
-0.010301
-0.005003
0.002896
0.012554
0.022740
0.032103
0.038777
0.041578
0.040663
0.036684
0.030451
0.022656
0.014070
0.005634
-0.001565
-0.006708
-0.009441
-0.009988
-0.008756
-0.006479
-0.004122
-0.002233
-0.000787
0.000535
0.002140
0.004274
0.006454
0.007885
0.008311
0.007932
0.006973
0.005630
0.004234
0.003541
0.004294
0.006825
0.010830
0.015398
0.019286
0.021556
0.021791
0.019834
0.015876
0.010982
0.006680
0.004181
0.004076
0.006418
0.011010
0.017472
0.025883
0.035489
0.044007
0.049358
0.050829
0.047878
0.040738
0.030911
0.020647
0.012094
0.006802
0.005076
0.006164
0.008824
0.011865
0.014695
0.017203
0.019283
0.020750
0.021363
0.020521
0.017785
0.013509
0.008545
0.003650
-0.000690
-0.004195
-0.006474
-0.007419
-0.007507
-0.007525
-0.008124
-0.009413
-0.011167
-0.013338
-0.016093
-0.019528
-0.023293
-0.026827
-0.029767
-0.031320
-0.029948
-0.024595
-0.015811
-0.005819
0.003052
0.009480
0.012731
0.012682
0.010231
0.006711
0.002826
-0.001442
-0.006330
-0.011599
-0.016644
-0.020782
-0.023214
-0.023123
-0.020204
-0.014963
-0.008265
-0.001198
0.005089
0.010176
0.014283
0.017078
0.017888
0.016284
0.012774
0.008726
0.005403
0.003270
0.001962
0.001040
0.000414
0.000377
0.001291
0.003614
0.007349
0.011903
0.016602
0.020946
0.024251
0.025967
0.025872
0.023933
0.020238
0.014496
0.006711
-0.002251
-0.010868
-0.017725
-0.022377
-0.025305
-0.027178
-0.028195
-0.028083
-0.026317
-0.022727
-0.017607
-0.011735
-0.006186
-0.002154
-0.000307
-0.000555
-0.002666
-0.006863
-0.013046
-0.020305
-0.027086
-0.031701
-0.032502
-0.029010
-0.022257
-0.013466
-0.003682
0.006044
0.014653
0.021215
0.024826
0.025050
0.021685
0.015342
0.007464
-0.000881
-0.009098
-0.015889
-0.019884
-0.020284
-0.016614
-0.009126
0.000863
0.011227
0.019587
0.024327
0.025220
0.022989
0.018992
0.014792
0.011458
0.009190
0.007350
0.005043
0.001752
-0.002019
-0.004969
-0.006803
-0.008198
-0.008984
-0.008264
-0.005237
0.000189
0.007308
0.015363
0.023384
0.029759
0.032999
0.032465
0.027794
0.019718
0.010688
0.003017
-0.002373
-0.004894
-0.004368
-0.001389
0.002935
0.007496
0.011313
0.013868
0.015396
0.016649
0.018401
0.020919
0.023966
0.027405
0.031208
0.035127
0.038071
0.038462
0.035251
0.028628
0.019565
0.009707
0.001088
-0.004584
-0.006681
-0.005432
-0.002099
0.001279
0.003274
0.003633
0.002778
0.001434
0.000421
0.000082
0.000219
0.000431
0.000369
-0.000310
-0.001831
-0.004094
-0.006298
-0.007601
-0.007861
-0.007370
-0.006380
-0.005077
-0.003835
-0.003657
-0.004916
-0.006691
-0.008368
-0.010062
-0.011518
-0.012312
-0.012462
-0.012271
-0.012059
-0.011961
-0.011958
-0.012017
-0.012447
-0.013685
-0.015330
-0.016350
-0.015763
-0.013412
-0.010085
-0.006881
-0.004648
-0.003973
-0.004826
-0.006493
-0.008260
-0.009713
-0.010569
-0.010542
-0.009310
-0.006891
-0.003797
-0.000573
0.002377
0.004694
0.005971
0.005894
0.004394
0.001809
-0.001281
-0.004237
-0.006552
-0.007933
-0.008381
-0.007931
-0.006767
-0.005237
-0.003649
-0.002188
-0.001157
-0.000835
-0.001367
-0.002615
-0.004161
-0.005410
-0.006093
-0.006585
-0.007228
-0.007825
-0.007878
-0.007012
-0.005070
-0.002103
0.001688
0.006003
0.010375
0.013909
0.015570
0.014496
0.010635
0.004877
-0.001876
-0.008807
-0.014935
-0.019281
-0.021349
-0.021292
-0.019516
-0.015689
-0.009679
-0.002355
0.004546
0.009504
0.011871
0.012005
0.010782
0.008837
0.006432
0.003658
0.000366
-0.003763
-0.008038
-0.011018
-0.012082
-0.011345
-0.008580
-0.003825
0.002178
0.008798
0.015562
0.021631
0.025880
0.027336
0.025497
0.020825
0.014590
0.008201
0.002657
-0.001461
-0.004106
-0.005767
-0.007116
-0.008558
-0.010168
-0.011864
-0.013790
-0.015919
-0.017591
-0.018107
-0.017254
-0.014920
-0.011159
-0.006272
-0.001336
0.002059
0.003284
0.002777
0.000410
-0.003656
-0.008124
-0.011454
-0.012863
-0.012422
-0.010597
-0.007633
-0.003749
0.000555
0.004311
0.006442
0.005849
0.002127
-0.004010
-0.010845
-0.016634
-0.020276
-0.021279
-0.019510
-0.015347
-0.009769
-0.004093
0.000452
0.002944
0.003033
0.001072
-0.002318
-0.006365
-0.010205
-0.013227
-0.015249
-0.016293
-0.016477
-0.015898
-0.014879
-0.014032
-0.013926
-0.014650
-0.015570
-0.015896
-0.015215
-0.013688
-0.011816
-0.010032
-0.008613
-0.007871
-0.008427
-0.010788
-0.014669
-0.019031
-0.022500
-0.024113
-0.023603
-0.020832
-0.016026
-0.010086
-0.004414
-0.000466
0.000760
-0.000847
-0.004781
-0.009893
-0.014596
-0.017880
-0.019605
-0.019817
-0.018647
-0.016381
-0.013201
-0.009281
-0.004881
-0.000537
0.002905
0.004691
0.004613
0.002915
0.000202
-0.002833
-0.005423
-0.006932
-0.007307
-0.006777
-0.004663
-0.000596
0.004517
0.009133
0.012097
0.012832
0.011296
0.007649
0.002592
-0.002639
-0.006746
-0.009095
-0.009912
-0.010059
-0.010511
-0.011662
-0.013299
-0.014981
-0.016276
-0.016894
-0.016888
-0.016379
-0.014716
-0.011266
-0.006218
-0.000693
0.003916
0.006576
0.007138
0.006171
0.004290
0.001933
-0.000377
-0.001937
-0.001866
0.000075
0.003227
0.006957
0.010879
0.014501
0.017083
0.017957
0.017388
0.016393
0.015742
0.015601
0.015716
0.015786
0.015672
0.015420
0.015141
0.014951
0.015061
0.015696
0.016826
0.018110
0.019005
0.019237
0.019026
0.018972
0.019552
0.020708
0.021788
0.021878
0.020456
0.017529
0.012803
0.006122
-0.001984
-0.010148
-0.016871
-0.021478
-0.023814
-0.023346
-0.019751
-0.013599
-0.006060
0.001344
0.006752
0.008766
0.007088
0.002270
-0.004361
-0.010881
-0.015473
-0.017088
-0.015857
-0.012923
-0.009530
-0.006540
-0.004415
-0.003687
-0.004758
-0.007607
-0.011563
-0.015518
-0.018408
-0.019484
-0.017693
-0.012829
-0.006541
-0.001023
0.002384
0.003358
0.002403
0.000252
-0.002304
-0.004473
-0.005527
-0.005124
-0.003330
-0.000725
0.001701
0.002784
0.001726
-0.001710
-0.006893
-0.012337
-0.015904
-0.015763
-0.011509
-0.004001
0.006065
0.017571
0.028517
0.036628
0.040674
0.040605
0.036898
0.029961
0.020762
0.010999
0.002662
-0.003079
-0.006260
-0.007596
-0.007982
-0.008086
-0.008332
-0.008997
-0.009956
-0.010624
-0.010170
-0.008029
-0.004006
0.001529
0.007608
0.012808
0.015847
0.015692
0.012448
0.007515
0.002330
-0.002426
-0.007059
-0.011876
-0.016449
-0.020283
-0.023286
-0.025210
-0.025836
-0.025217
-0.023725
-0.021894
-0.020097
-0.018537
-0.017404
-0.016454
-0.015063
-0.013562
-0.012921
-0.013492
-0.014612
-0.015053
-0.013970
-0.011357
-0.007601
-0.003330
0.000595
0.003185
0.003707
0.001863
-0.002207
-0.008342
-0.015625
-0.022266
-0.026562
-0.027883
-0.026567
-0.023596
-0.020122
-0.016824
-0.013884
-0.011434
-0.009634
-0.008540
-0.007833
-0.006900
-0.005165
-0.002386
0.001360
0.005752
0.010203
0.013579
0.014813
0.013311
0.009283
0.003760
-0.001734
-0.006055
-0.009116
-0.011232
-0.012493
-0.012982
-0.012996
-0.012836
-0.012690
-0.012594
-0.012514
-0.012408
-0.012256
-0.011957
-0.011210
-0.009696
-0.007322
-0.004332
-0.001221
0.001401
0.003106
0.003843
0.003915
0.003767
0.003686
0.003735
0.003835
0.003892
0.003990
0.004744
0.006367
0.008081
0.009299
0.010235
0.011588
0.013908
0.017254
0.020760
0.023057
0.023383
0.021943
0.019356
0.016244
0.013159
0.010768
0.009590
0.009766
0.011105
0.013287
0.015972
0.018654
0.020260
0.020351
0.019753
0.018543
0.015700
0.010531
0.003431
-0.004487
-0.011928
-0.017895
-0.021870
-0.023970
-0.024629
-0.023965
-0.021746
-0.018277
-0.014285
-0.009834
-0.004970
-0.000391
0.003153
0.005302
0.005555
0.003958
0.001540
-0.000668
-0.002240
-0.003059
-0.002929
-0.001268
0.002114
0.006559
0.010997
0.014507
0.016467
0.016916
0.016648
0.016856
0.018238
0.020051
0.021207
0.021300
0.020233
0.018148
0.015976
0.014526
0.013614
0.012648
0.011291
0.009586
0.007760
0.006040
0.004669
0.003867
0.003602
0.003622
0.003651
0.003408
0.002674
0.001678
0.000973
0.001084
0.001975
0.002937
0.003188
0.002350
0.000406
-0.002227
-0.004738
-0.006431
-0.007097
-0.007042
-0.006767
-0.006607
-0.006625
-0.006713
-0.006757
-0.006712
-0.006610
-0.006500
-0.006496
-0.007075
-0.008539
-0.009852
-0.009739
-0.007779
-0.004081
0.000931
0.006331
0.010849
0.013084
0.012524
0.009915
0.006477
0.003238
0.000787
-0.000872
-0.002074
-0.002713
-0.002310
-0.000327
0.002948
0.006268
0.008694
0.010065
0.010280
0.009528
0.008528
0.007669
0.006792
0.005615
0.003875
0.001143
-0.002500
-0.006312
-0.009423
-0.011302
-0.011636
-0.010608
-0.008927
-0.007471
-0.006905
-0.007744
-0.009829
-0.012211
-0.013902
-0.014330
-0.012852
-0.009244
-0.003969
0.002384
0.009086
0.014353
0.016398
0.014336
0.008151
-0.001350
-0.012542
-0.023405
-0.031842
-0.036248
-0.035974
-0.031543
-0.024585
-0.017123
-0.010721
-0.006146
-0.003770
-0.003426
-0.004100
-0.004540
-0.003954
-0.001952
0.001442
0.005765
0.010272
0.014208
0.016957
0.018119
0.017192
0.013868
0.007972
0.000081
-0.008325
-0.015463
-0.020213
-0.022298
-0.021983
-0.019560
-0.015350
-0.009965
-0.004359
0.000503
0.003882
0.005395
0.005125
0.003419
0.000910
-0.001475
-0.002682
-0.001741
0.002457
0.010039
0.019208
0.027642
0.033867
0.037332
0.038066
0.035585
0.030042
0.022891
0.015228
0.007391
0.000152
-0.005653
-0.009844
-0.012694
-0.014517
-0.014917
-0.013433
-0.010171
-0.005941
-0.001767
0.002030
0.005546
0.008163
0.009208
0.008523
0.005732
0.000684
-0.005409
-0.010803
-0.014236
-0.014897
-0.012678
-0.008452
-0.003508
0.001185
0.004813
0.006689
0.006419
0.004097
0.000030
-0.004943
-0.009517
-0.012779
-0.014530
-0.014700
-0.013097
-0.009551
-0.004569
0.000720
0.005239
0.008364
0.009915
0.010226
0.009892
0.008886
0.007069
0.004856
0.002795
0.001044
-0.000750
-0.002833
-0.004677
-0.005867
-0.006698
-0.007645
-0.008765
-0.009360
-0.008844
-0.007340
-0.005160
-0.002532
0.000300
0.002643
0.003295
0.001961
-0.000474
-0.003483
-0.006928
-0.010364
-0.012889
-0.013575
-0.011909
-0.008128
-0.002937
0.002581
0.007161
0.009679
0.009614
0.006789
0.001700
-0.004373
-0.009758
-0.013209
-0.014519
-0.014276
-0.013165
-0.011477
-0.009287
-0.006940
-0.005075
-0.004401
-0.005097
-0.006682
-0.008757
-0.010993
-0.012689
-0.013375
-0.013146
-0.011774
-0.008986
-0.005288
-0.001392
0.002506
0.006307
0.009713
0.012050
0.012867
0.012261
0.010753
0.009028
0.007746
0.007205
0.007174
0.007087
0.006416
0.005071
0.003438
0.002152
0.001424
0.000769
-0.000512
-0.002571
-0.004240
-0.004401
-0.003035
-0.000461
0.002972
0.006351
0.008850
0.010405
0.011283
0.011646
0.011390
0.010437
0.008998
0.007550
0.006592
0.006248
0.006123
0.005308
0.003403
0.001060
-0.000523
-0.000501
0.001264
0.004359
0.008218
0.012204
0.015710
0.018318
0.019915
0.020544
0.020084
0.018387
0.015667
0.012633
0.010399
0.009863
0.011094
0.012785
0.013257
0.011711
0.008240
0.003418
-0.001459
-0.005031
-0.007002
-0.007762
-0.007526
-0.006266
-0.004121
-0.001681
0.000320
0.001367
0.001113
-0.000532
-0.003231
-0.006462
-0.009990
-0.013310
-0.015479
-0.015904
-0.014821
-0.012961
-0.010879
-0.008673
-0.006670
-0.005260
-0.003968
-0.002299
-0.000628
0.000885
0.002625
0.004637
0.006601
0.008280
0.009493
0.010017
0.009401
0.007437
0.004524
0.001450
-0.001066
-0.002831
-0.004072
-0.004870
-0.005236
-0.005304
-0.005246
-0.005180
-0.005143
-0.005121
-0.005090
-0.005039
-0.004975
-0.004909
-0.004851
-0.004772
-0.004485
-0.003718
-0.002425
-0.000730
0.001366
0.003574
0.005057
0.004729
0.002170
-0.001691
-0.005422
-0.008085
-0.009651
-0.010585
-0.010832
-0.009930
-0.007489
-0.003816
0.000097
0.003266
0.005229
0.006040
0.006095
0.005920
0.005821
0.005689
0.004901
0.003641
0.003199
0.004000
0.005343
0.007013
0.009185
0.011767
0.014117
0.015399
0.014903
0.012633
0.009349
0.005888
0.002750
0.000234
-0.001425
-0.001880
-0.001106
0.000452
0.002492
0.004849
0.007108
0.008781
0.009531
0.009016
0.007130
0.004263
0.001025
-0.002075
-0.004477
-0.005754
-0.006018
-0.005666
-0.004879
-0.003710
-0.002333
-0.001163
-0.000539
-0.000444
-0.000787
-0.001588
-0.002808
-0.004349
-0.006296
-0.008428
-0.010105
-0.011380
-0.012720
-0.013345
-0.012530
-0.010991
-0.009783
-0.009281
-0.008982
-0.008237
-0.006893
-0.005378
-0.004298
-0.003885
-0.003936
-0.004054
-0.003668
-0.002286
-0.000370
0.001247
0.002647
0.003840
0.003979
0.002947
0.001543
-0.000028
-0.001800
-0.003260
-0.003971
-0.004127
-0.004654
-0.006107
-0.007809
-0.008873
-0.009074
-0.008738
-0.008140
-0.006981
-0.005254
-0.003604
-0.002115
-0.000268
0.002197
0.004849
0.006712
0.006879
0.005207
0.002589
-0.000116
-0.002989
-0.006239
-0.009595
-0.012480
-0.014560
-0.015909
-0.016358
-0.015414
-0.013043
-0.009819
-0.006409
-0.003190
-0.000280
0.001976
0.003218
0.003554
0.003434
0.003202
0.002593
0.001184
-0.000484
-0.001322
-0.000471
0.002248
0.006265
0.010516
0.014059
0.016454
0.017716
0.017995
0.016904
0.014165
0.010404
0.006411
0.002523
-0.000649
-0.002322
-0.001927
0.000337
0.003559
0.006883
0.009793
0.011730
0.012335
0.011671
0.009966
0.007510
0.004619
0.001688
-0.000796
-0.002454
-0.003120
-0.002533
-0.000708
0.001652
0.003774
0.005280
0.005631
0.004319
0.001315
-0.002598
-0.006048
-0.008061
-0.008598
-0.008275
-0.007584
-0.006309
-0.004156
-0.001373
0.001098
0.002446
0.002640
0.001890
0.000210
-0.002268
-0.004964
-0.006588
-0.006220
-0.003969
-0.000425
0.003724
0.007709
0.011080
0.013876
0.016005
0.017215
0.017546
0.017373
0.017112
0.017168
0.017810
0.018987
0.020320
0.021196
0.020989
0.019348
0.016503
0.013038
0.009247
0.005458
0.002270
-0.000238
-0.002465
-0.004241
-0.005203
-0.005427
-0.005268
-0.005074
-0.004999
-0.005027
-0.005011
-0.004515
-0.003002
-0.000440
0.002531
0.004787
0.005701
0.005587
0.005131
0.004776
0.004331
0.003449
0.002125
0.000787
-0.000071
-0.000330
-0.000220
-0.000048
0.000014
-0.000040
-0.000131
-0.000186
-0.000214
-0.000421
-0.001108
-0.002329
-0.003784
-0.004904
-0.005355
-0.005282
-0.005027
-0.004853
-0.004807
-0.004677
-0.004087
-0.002893
-0.001297
0.000398
0.001996
0.003434
0.004579
0.005241
0.005428
0.005347
0.005164
0.004626
0.003289
0.001521
0.000011
-0.001425
-0.003037
-0.004402
-0.005110
-0.005081
-0.004044
-0.002156
-0.000385
0.000521
0.000582
0.000269
0.000019
-0.000002
0.000134
0.000276
0.000348
0.000553
0.001486
0.003162
0.004735
0.005530
0.005391
0.004161
0.002172
0.000519
0.000342
0.001916
0.004048
0.005403
0.005567
0.004562
0.002500
-0.000257
-0.003033
-0.004939
-0.005621
-0.005374
-0.004264
-0.002123
0.001107
0.005037
0.008872
0.011900
0.013752
0.014130
0.012984
0.010648
0.007641
0.004470
0.001375
-0.001751
-0.005177
-0.008443
-0.010611
-0.011336
-0.010864
-0.009362
-0.007373
-0.005780
-0.004788
-0.004128
-0.003994
-0.004646
-0.005933
-0.007500
-0.008977
-0.009926
-0.010036
-0.009214
-0.007474
-0.004964
-0.002010
0.000933
0.003354
0.004893
0.005519
0.005540
0.005370
0.005270
0.005287
0.005346
0.005363
0.005316
0.005228
0.005139
0.005072
0.005027
0.004989
0.004929
0.004695
0.003974
0.002447
0.000116
-0.002423
-0.004423
-0.005356
-0.004701
-0.002208
0.001490
0.005644
0.010491
0.016122
0.021723
0.026104
0.028455
0.028296
0.025936
0.022457
0.018860
0.015738
0.013656
0.012789
0.012609
0.012098
0.010467
0.007998
0.005388
0.002809
-0.000083
-0.003605
-0.007455
-0.010774
-0.012390
-0.011739
-0.009284
-0.005976
-0.002733
-0.000169
0.001772
0.003574
0.004763
0.004482
0.003192
0.002011
0.001508
0.001598
0.001879
0.002026
0.001834
0.001076
-0.000453
-0.002772
-0.005642
-0.008604
-0.011087
-0.012676
-0.013316
-0.013287
-0.012788
-0.011227
-0.008421
-0.005256
-0.002412
0.000038
0.001744
0.002180
0.001103
-0.000826
-0.002516
-0.003914
-0.005421
-0.006801
-0.007822
-0.008730
-0.009816
-0.011055
-0.012039
-0.012456
-0.012390
-0.012123
-0.012051
-0.012788
-0.014061
-0.014424
-0.013160
-0.010874
-0.008515
-0.006612
-0.005157
-0.003861
-0.002530
-0.001400
-0.001000
-0.001886
-0.003936
-0.006310
-0.008323
-0.009909
-0.011609
-0.013883
-0.016631
-0.019044
-0.020338
-0.020445
-0.019601
-0.017822
-0.015197
-0.012190
-0.009751
-0.008263
-0.006993
-0.005499
-0.004048
-0.002499
-0.000631
0.001087
0.002476
0.004081
0.006346
0.009036
0.011176
0.011928
0.011164
0.009174
0.006423
0.003394
0.000539
-0.001816
-0.003848
-0.005951
-0.007783
-0.008807
-0.008981
-0.008469
-0.007411
-0.006001
-0.004555
-0.003513
-0.003080
-0.002980
-0.002394
-0.000819
0.001058
0.002465
0.003355
0.003661
0.003237
0.002479
0.001936
0.001721
0.001252
-0.000093
-0.001828
-0.003047
-0.003429
-0.003231
-0.002899
-0.002719
-0.002731
-0.002822
-0.002879
-0.002766
-0.001994
-0.000218
0.002099
0.004263
0.005926
0.006959
0.007252
0.006378
0.004043
0.000451
-0.003682
-0.007471
-0.010277
-0.011922
-0.012577
-0.012605
-0.012333
-0.011449
-0.009540
-0.006759
-0.003930
-0.002037
-0.001388
-0.001620
-0.002406
-0.003559
-0.004859
-0.005945
-0.006514
-0.006587
-0.006410
-0.006225
-0.006136
-0.006120
-0.006110
-0.006058
-0.005966
-0.005856
-0.005756
-0.005666
-0.005485
-0.004878
-0.003497
-0.001278
0.001301
0.003515
0.004805
0.005131
0.004934
0.004686
0.004619
0.004708
0.004825
0.004869
0.004830
0.004751
0.004682
0.004647
0.004578
0.004073
0.002591
0.000066
-0.003066
-0.006242
-0.008842
-0.010227
-0.009899
-0.007890
-0.004838
-0.001504
0.001619
0.004237
0.006249
0.007800
0.009037
0.009832
0.009900
0.009221
0.008560
0.008643
0.009270
0.009859
0.009977
0.009137
0.007263
0.005293
0.004154
0.003873
0.003510
0.002218
0.000471
-0.000780
-0.001263
-0.001677
-0.002861
-0.004475
-0.005655
-0.005984
-0.005255
-0.003474
-0.001449
0.000070
0.001408
0.002887
0.004155
0.004840
0.004972
0.004803
0.004437
0.003717
0.002552
0.001133
-0.000020
-0.000549
-0.000553
-0.000348
-0.000198
-0.000185
-0.000252
-0.000372
-0.000906
-0.002278
-0.003984
-0.004938
-0.004263
-0.002089
0.000584
0.003132
0.005494
0.007565
0.009106
0.009903
0.009791
0.008827
0.007342
0.005852
0.004867
0.004537
0.004610
0.004732
0.004468
0.003297
0.001435
-0.000166
-0.000885
-0.000617
0.000710
0.002667
0.004351
0.005702
0.007200
0.008625
0.009475
0.009684
0.009509
0.009272
0.009137
0.009116
0.009056
0.008460
0.006906
0.005011
0.003710
0.003300
0.003473
0.003659
0.003039
0.001320
-0.000660
-0.002274
-0.003746
-0.004846
-0.005027
-0.004496
-0.003885
-0.003575
-0.003582
-0.003653
-0.003320
-0.002435
-0.001462
-0.000870
-0.000639
0.000020
0.001803
0.004626
0.007926
0.011174
0.014130
0.016486
0.017175
0.015451
0.011678
0.006857
0.002083
-0.001595
-0.003823
-0.005010
-0.005190
-0.004166
-0.002632
-0.001559
-0.001214
-0.001120
-0.000698
-0.000263
-0.000376
-0.000857
-0.000876
0.000355
0.002889
0.006136
0.009445
0.012486
0.015279
0.017995
0.020701
0.023091
0.024759
0.025501
0.026899
0.026518
0.026118
0.025711
0.024964
0.023661
0.021971
0.020455
0.019556
0.019301
0.019748
0.021034
0.022599
0.023586
0.023717
0.023281
0.022814
0.023073
0.024438
0.026089
0.027008
0.026965
0.026351
0.025630
0.024765
0.023406
0.021232
0.018270
0.014887
0.011476
0.008335
0.005807
0.004315
0.004057
0.004325
0.004153
0.003453
0.002698
0.002166
0.001421
-0.000066
-0.001795
-0.002950
-0.003245
-0.002535
-0.000847
0.000980
0.002035
0.002173
0.001806
0.001375
0.000845
-0.000041
-0.001269
-0.002166
-0.001826
-0.000469
0.000924
0.001971
0.002877
0.003867
0.004809
0.005396
0.005528
0.005355
0.005098
0.004897
0.004775
0.004686
0.004580
0.004438
0.004273
0.004152
0.004351
0.005093
0.006312
0.007919
0.009816
0.011247
0.011285
0.009637
0.006893
0.004091
0.001677
-0.000598
-0.003063
-0.005565
-0.007503
-0.008879
-0.010303
-0.011718
-0.012542
-0.012316
-0.010927
-0.008648
-0.006159
-0.004007
-0.002092
-0.000337
0.000906
0.001412
0.001224
0.000149
-0.001641
-0.003278
-0.004125
-0.004226
-0.004007
-0.003850
-0.003894
-0.004069
-0.004245
-0.004344
-0.004370
-0.004370
-0.004385
-0.004471
-0.004853
-0.005642
-0.006467
-0.006781
-0.006320
-0.005425
-0.004708
-0.004430
-0.004227
-0.003404
-0.002007
-0.000783
-0.000237
-0.000315
-0.000687
-0.001216
-0.002009
-0.003138
-0.004606
-0.006466
-0.008406
-0.009821
-0.010650
-0.011340
-0.012234
-0.013257
-0.013989
-0.013993
-0.013269
-0.012614
-0.012660
-0.013179
-0.013648
-0.013684
-0.012841
-0.011152
-0.009454
-0.008311
-0.007541
-0.006730
-0.005745
-0.004871
-0.004401
-0.004326
-0.004453
-0.004584
-0.004650
-0.004796
-0.005272
-0.005979
-0.006558
-0.006793
-0.006622
-0.006023
-0.005233
-0.004648
-0.004445
-0.004519
-0.004642
-0.004518
-0.003879
-0.002549
-0.000662
0.001271
0.002961
0.004516
0.005788
0.006402
0.006106
0.005015
0.003540
0.002052
0.000674
-0.000850
-0.002670
-0.004524
-0.006112
-0.007332
-0.008081
-0.008260
-0.007847
-0.007100
-0.006440
-0.005906
-0.005259
-0.004383
-0.003454
-0.002805
-0.002585
-0.002671
-0.002863
-0.003126
-0.003657
-0.004725
-0.006412
-0.008524
-0.010755
-0.012894
-0.014889
-0.016713
-0.018009
-0.018336
-0.017434
-0.015482
-0.013033
-0.010580
-0.008341
-0.006280
-0.004272
-0.002296
-0.000690
0.000127
-0.000006
-0.000782
-0.001574
-0.001974
-0.002028
-0.002170
-0.002750
-0.003722
-0.004709
-0.005320
-0.005454
-0.005156
-0.004324
-0.003151
-0.002202
-0.001803
-0.001801
-0.001724
-0.001345
-0.000875
-0.000588
-0.000563
-0.000692
-0.000745
-0.000492
-0.000014
0.000380
0.000495
0.000289
-0.000244
-0.000927
-0.001458
-0.001707
-0.001878
-0.002423
-0.003291
-0.003861
-0.003861
-0.003547
-0.003264
-0.003177
-0.003275
-0.003579
-0.004097
-0.004604
-0.004876
-0.004900
-0.004800
-0.004704
-0.004676
-0.004769
-0.005098
-0.005702
-0.006421
-0.006818
-0.006567
-0.005785
-0.004889
-0.004320
-0.004324
-0.004773
-0.005099
-0.004944
-0.004493
-0.004096
-0.003926
-0.003930
-0.003835
-0.003293
-0.002403
-0.001641
-0.001310
-0.001419
-0.001865
-0.002421
-0.002809
-0.002929
-0.002870
-0.002766
-0.002619
-0.002333
-0.001968
-0.001663
-0.001373
-0.001117
-0.001145
-0.001697
-0.002742
-0.003921
-0.004881
-0.005544
-0.006029
-0.006466
-0.006796
-0.006818
-0.006317
-0.005439
-0.004629
-0.004071
-0.003675
-0.003396
-0.003231
-0.003149
-0.003105
-0.003067
-0.003016
-0.002894
-0.002630
-0.002379
-0.002381
-0.002589
-0.002792
-0.002853
-0.002699
-0.002334
-0.001939
-0.001742
-0.001879
-0.002312
-0.002858
-0.003273
-0.003420
-0.003350
-0.003201
-0.003081
-0.003020
-0.002990
-0.002955
-0.002897
-0.002819
-0.002736
-0.002660
-0.002593
-0.002531
-0.002459
-0.002313
-0.002036
-0.001719
-0.001528
-0.001577
-0.001803
-0.002012
-0.002077
-0.002007
-0.001883
-0.001775
-0.001699
-0.001574
-0.001337
-0.001069
-0.000924
-0.000997
-0.001264
-0.001601
-0.001835
-0.001846
-0.001623
-0.001288
-0.001015
-0.000880
-0.000851
-0.000848
-0.000818
-0.000744
-0.000592
-0.000356
-0.000130
-0.000028
-0.000099
-0.000259
-0.000373
-0.000379
-0.000304
-0.000220
-0.000248
-0.000458
-0.000720
-0.000835
-0.000717
-0.000447
-0.000181
0.000030
0.000227
0.000453
0.000714
0.000971
0.001086
0.000986
0.000835
0.000781
0.000795
0.000808
0.000804
0.000756
0.000652
0.000517
0.000412
0.000385
0.000435
0.000523
0.000618
0.000747
0.000959
0.001235
0.001495
0.001667
0.001755
0.001814
0.001825
0.001744
0.001627
0.001542
0.001488
0.001437
0.001374
0.001329
0.001329
0.001377
0.001483
0.001654
0.001834
0.001973
0.002094
0.002217
0.002311
0.002338
0.002291
0.002202
0.002119
0.002080
0.002088
0.002121
0.002155
0.002178
0.002193
0.002221
0.002273
0.002334
0.002391
0.002462
0.002552
0.002640
0.002697
0.002705
0.002666
0.002589
0.002488
0.002379
0.002278
0.002203
0.002164
0.002159
0.002177
0.002205
0.002241
0.002282
0.002320
0.002351
0.002383
0.002412
0.002430
0.002438
0.002433
0.002417
0.002392
0.002368
0.002354
0.002354
0.002362
0.002366
0.002361
0.002360
0.002372
0.002396
0.002424
0.002447
0.002458
0.002456
0.002447
0.002435
0.002424
0.002407
0.002379
0.002348
0.002322
0.002307
0.002300
0.002298
0.002297
0.002296
0.002296
0.002294
0.002290
0.002286
0.002280
0.002265
0.002241
0.002211
0.002182
0.002158
0.002137
0.002114
0.002088
0.002059
0.002032
0.002008
0.001987
0.001965
0.001942
0.001918
0.001892
0.001867
0.001840
0.001814
0.001787
0.001760
0.001733
0.001706
0.001678
0.001648
0.001618
0.001587
0.001556
0.001523
0.001489
0.001454
0.001418
0.001382
0.001346
0.001311
0.001276
0.001241
0.001204
0.001167
0.001129
0.001091
0.001053
0.001014
0.000976
0.000936
0.000897
0.000857
0.000817
0.000777
0.000737
0.000697
0.000656
0.000615
0.000573
0.000532
0.000490
0.000448
0.000405
0.000363
0.000320
0.000277
0.000234
0.000190
0.000146
0.000103
0.000059
0.000015
-0.000030
-0.000074
-0.000119
-0.000164
-0.000208
-0.000253
-0.000298
-0.000344
-0.000389
