0.000741
-0.000790
0.000758
-0.000785
0.000772
-0.000757
0.000814
-0.000694
0.000889
-0.000627
0.000958
-0.000583
0.001025
-0.000533
0.001147
-0.000458
0.001162
-0.000672
0.000608
-0.001139
0.000462
-0.001243
0.000430
-0.001336
0.000389
-0.000951
0.000623
-0.000887
0.000790
-0.000986
0.000717
-0.001345
0.000583
-0.001476
0.000354
-0.001392
0.000303
-0.001684
-0.000650
-0.004866
-0.004043
-0.005967
-0.004071
-0.006378
-0.004117
-0.005191
-0.001810
-0.002648
0.001041
-0.000328
0.000937
0.000723
0.000205
-0.002224
-0.005584
-0.007797
-0.004862
-0.008944
-0.006071
-0.007968
-0.005562
-0.005997
-0.002364
-0.002507
0.002774
0.002238
0.002721
0.009952
0.014856
0.015335
0.016861
0.016206
0.015487
0.011659
0.003202
-0.000279
0.006336
0.004345
0.009504
0.019691
0.022573
0.024137
0.027456
0.025771
0.028117
0.022190
0.022400
0.011624
-0.010697
-0.022087
0.002372
-0.010353
0.000341
-0.002000
0.007848
0.001715
0.006373
-0.000798
-0.017740
-0.050238
-0.019246
-0.031154
-0.026715
-0.018833
-0.006601
-0.001104
-0.000645
-0.000110
0.011306
0.010637
0.012790
0.012519
0.013909
0.012266
0.014712
0.005744
0.003841
-0.000878
0.003390
-0.001984
0.011058
0.003712
0.020184
0.021792
0.037673
0.042168
0.038636
0.037808
0.039163
0.026683
0.013246
-0.075471
0.018718
-0.026041
-0.015304
-0.004474
-0.002050
0.003482
0.001997
0.016749
0.016453
0.032053
0.030075
0.033960
0.021925
0.003890
-0.073036
0.010073
-0.036847
-0.028724
-0.028641
-0.035274
-0.022217
-0.016660
-0.000653
-0.010667
0.003905
0.000993
0.007318
0.005747
0.009191
0.004988
-0.000868
-0.000231
0.000217
0.000462
0.008274
0.009579
0.010477
0.014378
-0.001301
-0.011192
-0.036121
-0.022218
-0.025068
-0.015311
-0.001245
0.037164
0.047080
0.068692
0.096889
0.099345
0.082551
0.072662
0.041032
0.035058
0.037735
0.023338
0.028321
0.015461
0.018287
0.008642
0.020565
0.011179
0.031003
0.029373
0.048284
0.052612
0.125241
0.123945
0.146503
0.111831
0.150972
-0.000629
0.008400
-0.055728
-0.061875
-0.041257
-0.065778
-0.059556
-0.046859
-0.032250
-0.037238
-0.035173
-0.024842
-0.035907
-0.018071
-0.028432
-0.012334
-0.006680
0.019167
0.007733
0.015959
-0.020859
0.007873
-0.158289
-0.037562
-0.082619
-0.068853
-0.067942
-0.047010
-0.031383
0.004292
0.018849
0.045713
0.067345
0.096831
0.096277
0.102020
0.101799
0.103735
0.111371
0.110462
0.113398
0.103436
0.096994
0.038722
-0.026471
-0.068367
-0.007098
-0.047383
-0.041178
-0.033521
-0.027507
0.042232
0.056094
0.089252
0.125988
0.126205
0.106695
0.112065
0.053085
0.004871
0.011259
-0.078054
-0.114537
-0.113774
-0.136612
-0.127270
-0.140008
-0.129780
-0.132423
-0.102295
-0.073229
-0.054329
-0.038784
-0.004079
-0.005740
-0.000292
-0.012200
0.004341
-0.009782
0.007803
0.005473
0.031971
0.007725
0.032269
-0.138448
-0.031528
-0.052809
-0.026801
-0.038107
-0.007215
-0.027312
0.029242
-0.001331
0.046816
-0.037567
0.107819
-0.423841
0.052990
-0.134330
-0.077943
-0.029144
-0.025323
0.026839
-0.014766
0.005384
0.002604
0.005193
0.005186
0.019612
0.039781
0.052021
0.098595
0.131877
0.164091
0.190993
0.221126
0.153355
0.232933
-0.083087
-0.095392
-0.218369
-0.213376
-0.129116
-0.200986
-0.173246
-0.170739
-0.159869
-0.145483
-0.120299
-0.079038
-0.058715
-0.032361
-0.001267
0.022597
0.061451
0.031972
0.040571
-0.011094
-0.165779
-0.063856
-0.111888
-0.144955
-0.145955
-0.144196
-0.129645
-0.106709
-0.071871
-0.061735
-0.031631
-0.005578
0.014895
0.052231
0.020570
0.031774
-0.036771
-0.063375
-0.008035
-0.040278
-0.068823
-0.152401
-0.170570
-0.133655
-0.122059
-0.056435
-0.075655
-0.106772
-0.135009
-0.177811
-0.123731
-0.110896
-0.041514
-0.036448
0.001533
0.043972
0.074170
0.117754
0.149849
0.148861
0.107461
0.166546
-0.151302
-0.131224
-0.085138
-0.058974
-0.088198
-0.018247
-0.030403
-0.031072
-0.028840
-0.009054
0.003611
0.115218
0.103615
0.166522
0.192660
0.254274
0.163147
0.121371
-0.100789
-0.085630
-0.264305
-0.032193
-0.178903
-0.150732
-0.148395
-0.083779
-0.068099
-0.045357
-0.004918
0.014718
0.061695
0.040760
0.057490
0.053146
0.060379
0.053051
0.057042
0.055108
0.056869
0.053519
-0.069406
-0.170895
0.016912
-0.088083
-0.022742
0.019408
0.038864
0.072114
0.117103
0.119184
0.168457
0.220867
0.251915
0.281733
0.340512
0.301265
0.320664
0.136837
0.126218
0.066039
-0.037914
0.031662
0.018693
-0.006057
-0.009481
-0.079673
-0.121297
-0.044768
-0.076926
0.037587
0.025193
0.072358
0.115226
0.150102
0.200280
0.202803
0.192668
0.017244
-0.069495
-0.125936
-0.248100
-0.238691
-0.158674
-0.171216
-0.142900
-0.119626
-0.078652
-0.075794
-0.076799
-0.064217
-0.054230
-0.044351
-0.000128
0.026647
0.048388
0.074710
0.109122
0.112504
0.107328
0.093143
0.092279
-0.084191
-0.021167
0.019468
-0.039010
-0.037262
-0.050300
-0.137656
-0.132672
-0.183332
-0.150129
-0.136116
-0.147569
-0.055660
-0.062073
-0.015537
0.013334
0.053695
0.085038
0.094256
0.042841
0.083918
-0.102891
-0.074763
-0.037220
-0.078122
-0.074607
-0.061498
-0.036357
-0.026764
-0.018555
-0.010165
0.001990
0.010223
0.021077
0.090027
0.088233
0.127988
0.123990
0.113097
0.129843
-0.015460
-0.156777
-0.178987
-0.302279
-0.074261
-0.110648
-0.088472
-0.040471
0.008630
0.049284
0.110052
0.082897
0.091111
-0.071326
-0.068811
0.033398
-0.045732
-0.018588
-0.025746
0.021168
0.032483
0.055698
0.076752
0.077978
0.052587
0.052654
-0.129972
-0.021060
-0.019295
-0.031243
-0.048087
-0.038346
-0.106118
-0.181062
-0.199548
-0.250183
-0.290980
-0.162992
-0.133810
-0.117341
-0.064587
-0.018288
0.035717
0.033299
0.001617
0.009047
-0.029275
0.037345
0.035470
0.077793
0.079966
0.121090
0.081328
0.033171
-0.151119
-0.131460
-0.291155
-0.079953
-0.092993
-0.094251
-0.043987
-0.010653
0.034747
0.066807
0.054067
0.043410
0.042831
-0.010787
0.001230
-0.016577
-0.026293
-0.082217
-0.102867
-0.146776
-0.106661
-0.126290
-0.109017
-0.067049
-0.026036
-0.012962
0.029273
-0.021362
0.007295
0.001212
0.002385
0.011937
0.035353
0.128462
0.136552
0.176584
0.230128
0.263389
0.292351
0.255147
0.058846
-0.238171
0.198621
-0.016001
0.033403
0.053966
0.071086
0.066158
0.049621
0.025494
-0.129139
-0.061006
-0.024722
-0.072622
0.039635
0.016383
0.071534
0.087258
0.153141
0.078842
0.100219
-0.061918
0.016578
0.021375
0.004219
0.021938
0.068964
0.054301
0.088050
0.099349
0.134812
0.109712
0.112242
0.098257
0.060942
0.044442
0.062051
0.051536
0.066669
0.065458
0.070910
0.054822
0.046043
-0.058067
0.023962
0.011517
0.038789
0.066396
0.077515
0.109887
0.124427
0.139851
0.095258
0.149862
-0.249824
-0.238352
-0.164118
-0.162028
-0.080427
-0.077165
-0.016260
0.025324
0.093779
0.125558
0.209201
0.094944
0.118070
0.017581
0.022440
-0.056313
-0.005820
-0.034248
-0.035218
-0.021028
-0.006364
0.015168
0.012279
0.011606
0.017573
0.008090
0.014682
0.000824
0.032314
0.054983
0.090335
0.097734
0.136826
0.139438
0.136966
-0.016439
-0.151786
-0.274016
-0.018740
-0.155007
-0.088525
-0.085273
-0.078797
-0.058649
-0.039996
0.017102
0.013313
0.026861
0.004320
0.023562
-0.125569
0.001212
-0.042691
0.027276
0.051283
0.071204
0.113066
0.145897
0.144077
0.123305
0.141770
-0.019748
-0.006495
-0.009694
0.018939
-0.019798
0.002175
0.009213
0.023542
0.013965
0.039844
0.023521
0.057907
0.047495
0.056767
0.043516
0.021560
0.015642
-0.125230
-0.138664
-0.179887
-0.284998
-0.177667
-0.232844
-0.181761
-0.112466
-0.078798
-0.058298
0.028877
0.022073
0.146927
0.021761
0.185658
-0.421370
0.182168
-0.060964
0.073600
0.057568
0.114481
0.143211
0.200990
0.181597
0.190357
-0.007309
-0.054176
-0.142800
0.042960
-0.058207
0.005885
0.024838
0.052545
0.085961
0.117716
0.148605
0.180876
0.212218
0.214548
0.190899
0.143535
-0.141334
0.061905
0.058522
0.031020
0.038298
0.064591
0.039659
-0.085002
-0.236742
0.006533
-0.102570
0.032664
0.020304
0.077101
0.123965
0.172087
0.215117
0.274724
0.244329
0.224814
0.125911
0.102258
0.051129
-0.002994
-0.073778
-0.039311
-0.031755
-0.055625
-0.048562
-0.052624
-0.059715
-0.095195
-0.133617
-0.081647
-0.079777
-0.021315
-0.020157
0.014193
0.040791
0.072076
0.033185
0.050521
0.052431
0.050972
0.061080
0.071931
0.078472
0.073419
0.060991
0.049879
0.022139
-0.001549
0.028537
0.028064
0.073830
0.107123
0.118149
0.163103
0.111432
0.161375
-0.004859
-0.050925
-0.137871
0.031207
-0.057801
-0.004328
-0.008417
-0.012004
0.035108
0.009164
0.010698
-0.002753
-0.011587
-0.010107
-0.014565
-0.005170
-0.000855
0.013494
0.014861
0.016479
-0.001591
-0.053340
-0.187017
-0.093365
-0.105674
-0.022413
-0.036146
0.025574
0.026793
0.123337
0.019161
0.160348
-0.377447
0.143844
-0.061218
0.031433
0.031355
0.057438
0.095933
0.118390
0.092194
0.086970
0.079552
-0.028539
-0.057724
-0.119536
-0.162727
-0.213636
-0.126546
-0.142149
-0.086163
-0.086167
-0.035063
-0.019789
0.032477
0.020205
0.015680
-0.021550
0.001841
-0.036422
0.017221
0.004035
0.037573
-0.041190
0.062196
-0.253870
0.032861
-0.062273
0.015180
0.002932
0.057193
0.020777
0.026640
-0.158954
-0.079980
-0.027529
-0.021119
0.013752
0.034020
0.071213
0.093027
0.060358
0.076168
-0.023071
-0.092039
0.017198
-0.023086
0.002180
0.044373
0.052084
0.092154
0.059514
0.072182
0.040634
-0.118835
-0.102434
-0.206173
-0.155174
-0.168469
-0.179895
-0.143407
-0.039053
-0.035992
0.024351
0.072204
0.125388
0.157876
-0.004026
-0.210451
0.013121
-0.020666
0.021623
0.025507
0.064360
0.063879
0.046501
0.060709
0.002668
-0.001740
-0.027434
-0.118210
-0.133925
-0.194641
-0.168645
-0.147894
-0.163452
-0.057506
-0.066704
-0.013465
0.019868
0.066328
0.098302
0.148697
0.147792
0.142584
0.137235
0.152427
-0.067343
-0.054406
-0.057597
-0.021328
0.013013
0.031623
0.058903
0.095317
0.128572
0.171318
0.146709
0.131752
0.156374
-0.012377
0.048024
0.072496
0.016811
0.052749
-0.179418
-0.145499
-0.240968
-0.209353
-0.091422
-0.124848
-0.070457
-0.146366
-0.164574
-0.349746
-0.161232
-0.236689
-0.073988
-0.101040
-0.034417
0.017405
0.071282
0.122449
0.174081
0.101735
0.039466
-0.103301
-0.183459
-0.019192
-0.102511
-0.005402
-0.016824
0.024758
0.065029
0.092921
0.140620
0.080394
0.119936
0.115017
0.126152
0.123355
0.121183
0.103721
0.070519
-0.018994
-0.031593
-0.050937
-0.053055
-0.093332
-0.075720
-0.090220
-0.058398
-0.076748
0.020674
0.010761
0.062157
0.075854
0.144679
0.067630
0.125393
-0.211781
-0.189339
-0.159677
-0.111213
-0.099165
-0.076318
-0.044915
-0.001150
-0.003980
-0.004555
0.036654
0.027890
0.020955
0.001115
-0.025277
0.000308
-0.008552
0.021834
0.064688
0.064745
0.066782
0.087815
0.069984
0.061897
-0.124086
-0.090221
-0.215107
-0.097317
-0.148606
-0.045200
-0.059701
-0.009082
0.019838
0.081820
0.006136
0.044809
0.029226
0.019390
-0.037597
-0.027841
-0.033729
-0.077350
-0.111838
-0.104008
-0.097640
-0.093349
-0.013669
-0.023073
0.018430
0.046218
0.079561
0.102951
0.051832
0.035405
-0.001254
0.007032
0.010148
-0.007888
-0.051809
-0.126118
-0.138001
-0.182653
-0.223661
-0.106770
-0.062275
-0.052142
0.003024
0.051441
0.094656
0.159067
0.119692
0.137875
-0.065932
-0.083983
0.108235
0.047661
0.070291
0.091759
0.126059
0.148224
0.167081
0.137187
0.144227
0.114567
0.096765
0.064467
0.001980
-0.046547
0.021677
-0.044271
-0.035937
-0.070916
-0.085357
-0.083190
-0.080915
-0.063206
-0.022865
0.010717
-0.020650
-0.006884
-0.017002
-0.032484
-0.031877
-0.005237
0.028005
0.040748
0.068842
0.073958
0.068634
-0.017235
-0.060039
-0.115056
-0.036530
-0.090189
-0.068904
-0.070181
-0.044632
-0.043165
-0.018316
0.016929
0.036432
0.058189
0.086996
0.108024
0.128025
0.100051
0.097954
0.041417
0.050130
0.061558
0.057154
0.065672
0.061163
0.053799
0.038024
-0.006444
0.025114
0.015348
0.044673
0.025368
0.047831
0.017106
0.018816
0.002965
0.009711
0.006787
0.018868
0.022722
0.025108
0.024161
0.021272
0.020821
0.010193
-0.003462
-0.015654
-0.028111
-0.021685
-0.016008
-0.005746
0.008939
0.006929
0.001314
0.012258
0.003738
0.019727
0.030431
0.042035
0.030500
0.019433
-0.015059
-0.060517
-0.018166
-0.041696
-0.060103
-0.094694
-0.129768
-0.100091
-0.097903
-0.078922
-0.039179
-0.029885
-0.002941
0.025579
0.032238
0.039387
0.039883
0.025962
0.025790
-0.082114
-0.088387
-0.110094
-0.082959
-0.105609
-0.094791
-0.089969
-0.080725
-0.076412
-0.075250
-0.076068
-0.067054
-0.063373
-0.068944
-0.054029
-0.062516
-0.045699
-0.033271
-0.014920
-0.024463
-0.015191
-0.035438
-0.022359
-0.048955
-0.028915
-0.037401
-0.028675
-0.033520
-0.025963
-0.028374
-0.034670
-0.039618
-0.095486
-0.070494
-0.071623
-0.065711
-0.032232
-0.018161
0.000654
0.019871
0.040879
0.043801
0.063672
0.054024
0.062966
0.055450
0.055484
0.054166
0.056116
0.054234
0.065840
0.046059
0.049667
-0.033710
-0.101694
-0.018191
-0.062289
-0.069795
-0.064679
-0.070607
-0.053536
-0.038895
-0.011124
-0.011772
-0.007394
-0.005833
-0.005335
-0.014167
-0.007352
-0.013114
-0.007090
-0.011261
-0.015856
-0.027959
-0.046032
-0.058027
-0.051804
-0.061640
-0.056757
-0.060363
-0.050551
-0.055227
-0.046041
-0.054698
-0.051044
-0.046383
-0.035248
-0.018256
-0.004263
-0.015059
-0.022745
-0.026274
-0.036724
-0.025123
-0.009257
0.003469
0.013112
0.014414
0.008440
-0.017497
-0.137318
-0.036234
-0.062482
-0.065556
-0.003611
-0.038341
-0.002713
-0.009466
0.005418
0.001208
0.021843
0.017528
0.029194
0.026546
0.030958
0.022978
0.012450
-0.004304
-0.002228
-0.006602
0.013216
0.014876
0.026837
0.014564
0.021533
0.020710
0.014385
0.029005
0.049460
0.084442
0.096169
0.125993
0.097829
0.100743
0.053820
-0.080136
0.038468
-0.024833
0.005657
0.003520
0.017879
0.010402
0.091473
0.059330
0.083342
0.069442
0.083987
-0.018689
-0.040508
-0.086425
-0.002950
-0.043869
-0.019662
-0.006376
-0.016369
-0.024817
-0.016217
-0.028508
-0.021139
-0.014776
-0.002360
-0.002919
0.015099
-0.012748
-0.008349
-0.087940
-0.027567
-0.039617
-0.026605
-0.010256
0.016306
0.001866
0.023462
0.054159
0.057542
0.059723
0.055132
0.041456
-0.004470
-0.032718
0.007508
-0.014585
0.003254
-0.006627
0.016199
0.012777
0.046193
0.049744
0.057333
0.047786
0.034289
0.008547
-0.007279
0.009999
0.005686
-0.003059
-0.010584
-0.049932
-0.087939
-0.078885
-0.072215
-0.078671
-0.068383
-0.055329
-0.033080
-0.021868
-0.003817
0.002284
0.009195
0.024356
0.052832
0.064443
0.078650
0.093886
0.102838
0.124080
0.114755
0.116165
0.105342
0.094470
0.019709
-0.023054
-0.052448
-0.096976
-0.055202
-0.085670
-0.075955
-0.064095
-0.035565
-0.029762
-0.040453
-0.034091
-0.029410
-0.038297
-0.027706
-0.032654
-0.022119
-0.019415
0.007882
-0.006567
0.006007
0.009234
0.009033
0.018483
0.020008
0.025684
0.025322
0.022691
0.002225
-0.003475
-0.060474
-0.039958
-0.059003
-0.062340
-0.053146
-0.044503
-0.010478
0.003868
0.023622
0.044994
0.068059
0.080576
0.073441
0.075935
0.065828
0.051052
0.020103
-0.026976
-0.068240
-0.041269
-0.048589
-0.045877
-0.020230
0.018771
0.033618
0.056261
0.094958
0.081329
0.092912
0.076607
0.078272
-0.026445
-0.046142
-0.090527
-0.018586
-0.055709
-0.026752
-0.007097
0.006426
-0.004814
0.020684
0.013171
0.012500
0.004984
-0.001490
-0.003159
-0.010398
-0.011369
-0.012658
-0.001923
-0.008166
0.008906
0.016878
0.043500
0.066570
0.053511
0.062237
0.049223
0.043435
0.042482
0.044144
0.047959
0.044967
0.044510
0.046985
0.028158
0.029672
0.014754
0.026410
0.020133
0.027525
0.022515
0.019129
0.007914
-0.018984
-0.022127
-0.022622
-0.011637
-0.014545
-0.016707
-0.013768
-0.015137
-0.025109
-0.031866
-0.039289
-0.067973
-0.063586
-0.105436
-0.078663
-0.107144
-0.099580
-0.099413
-0.083742
-0.064650
-0.042062
-0.038191
-0.030809
-0.035014
-0.027946
-0.027970
-0.026530
-0.023548
-0.018253
-0.016441
-0.009494
0.003052
0.009612
0.001852
0.015236
0.006343
0.004340
0.008070
0.003595
0.008205
0.015368
0.025642
0.026114
0.040708
0.033322
0.033470
0.029852
0.004510
0.013370
0.011490
0.002384
0.006990
-0.006196
-0.001787
-0.009625
0.002491
0.002186
0.028580
0.016710
0.072643
0.051204
0.067740
0.056719
0.063600
0.047429
0.033011
0.016734
-0.009612
-0.053044
-0.039769
-0.079005
-0.064824
-0.077113
-0.073922
-0.070298
-0.053254
-0.048684
-0.034715
-0.021911
-0.018373
0.006245
-0.005749
0.003181
0.005278
-0.002311
-0.002454
-0.002684
-0.004103
-0.000608
-0.002421
-0.004330
-0.014271
-0.015646
-0.028768
-0.025826
-0.021023
-0.024281
-0.020817
-0.022967
-0.025525
-0.014215
-0.015257
-0.001665
0.034524
0.029427
0.019069
0.067698
0.057793
0.061642
0.055360
0.054711
0.053210
0.046856
0.042260
0.041339
0.035977
0.037880
0.032684
0.025543
0.005896
0.016021
-0.007245
0.016635
0.010607
0.022361
0.032063
0.032222
0.042109
0.035135
0.035204
0.032852
0.029599
0.028063
0.025710
0.038409
0.040241
0.051042
0.056416
0.060295
0.063605
0.073855
0.075465
0.085204
0.085169
0.082658
0.078459
0.072336
0.070346
0.060841
0.066612
0.060482
0.057315
0.052286
0.049522
0.043030
0.037026
0.031506
0.023724
0.024327
0.011925
0.015097
0.008784
0.008831
-0.006873
-0.003762
-0.012140
-0.014206
-0.012538
-0.005445
-0.002439
0.007267
0.015416
0.019739
0.018881
0.027636
0.024702
0.028575
0.024528
0.034846
0.025088
0.029820
0.032544
0.038302
0.036962
0.040257
0.037514
0.031414
0.020078
-0.000440
-0.003142
-0.012259
-0.008566
-0.010787
-0.013639
0.005534
0.005636
0.041277
0.052712
0.048509
0.054762
0.051297
0.048900
0.040420
0.031162
0.019162
-0.000631
-0.015275
-0.051468
-0.067593
-0.064463
-0.070606
-0.074905
-0.072294
-0.069202
-0.059371
-0.047916
-0.046812
-0.017876
-0.013010
-0.007245
-0.011278
-0.002532
-0.015223
-0.016624
-0.021727
-0.033145
-0.027361
-0.030281
-0.021200
-0.027715
-0.022726
-0.025554
-0.028024
-0.026170
-0.033206
-0.031072
-0.032723
-0.025657
-0.024310
-0.017552
-0.006859
-0.004684
0.008566
0.015853
0.028253
0.028343
0.022489
0.026426
0.023298
0.019580
0.024391
0.020999
0.022246
0.017811
0.005262
-0.018522
-0.027376
-0.062561
-0.049166
-0.076506
-0.074109
-0.080872
-0.068995
-0.078422
-0.063711
-0.059497
-0.046048
-0.028196
-0.016480
-0.008045
-0.008876
-0.006642
0.002481
-0.006320
-0.016092
-0.016836
-0.025432
-0.031625
-0.034778
-0.037131
-0.037648
-0.038161
-0.033365
-0.038606
-0.028037
-0.026377
-0.019770
-0.011789
-0.009715
0.006526
-0.000725
0.015848
0.014051
0.019445
0.021946
0.015403
0.008018
-0.001091
-0.002265
-0.024752
-0.023554
-0.035199
-0.040774
-0.042544
-0.037333
-0.041341
-0.031870
-0.021373
-0.009178
0.004759
0.004466
0.012770
0.020004
0.022056
0.030489
0.025988
0.041799
0.033246
0.041475
0.040972
0.050029
0.039146
0.031654
0.025000
0.009504
0.006317
0.004341
0.003403
-0.001326
0.004136
0.002849
0.007287
0.009384
0.011883
0.020328
0.025690
0.037750
0.034447
0.035742
0.035472
0.036052
0.020731
0.017741
0.010957
0.007375
0.009703
0.009977
0.014729
0.010763
0.017243
0.019695
0.015742
0.017840
0.013017
0.014733
0.009792
0.009760
0.007279
0.010849
0.005032
0.015305
0.013658
0.022363
0.033457
0.034466
0.032798
0.033535
0.029365
0.018560
-0.011539
-0.014188
-0.027897
-0.025755
-0.028391
-0.028663
-0.021132
-0.021317
-0.015846
-0.020422
-0.014550
-0.017559
-0.016606
-0.017765
-0.015438
-0.016418
-0.016040
-0.023169
-0.025133
-0.024537
-0.024187
-0.012787
-0.008084
0.006388
0.004768
0.023648
0.041529
0.057407
0.049428
0.053604
0.051869
0.041717
0.036165
0.018892
0.017885
0.019386
0.019243
0.018922
0.022775
0.024933
0.026214
0.028011
0.026519
0.022250
0.026352
0.024709
0.028562
0.023574
0.024913
0.024640
0.013694
0.012346
0.002980
-0.013693
-0.007012
-0.012550
-0.016217
-0.015654
-0.015778
-0.010411
-0.005695
-0.000266
-0.002022
0.004900
0.003677
0.001289
0.008097
0.003503
0.009646
0.005344
0.011887
0.016418
0.030947
0.038861
0.046160
0.045543
0.043818
0.042391
0.024824
0.022162
0.001174
0.008900
-0.000710
0.012309
0.007358
0.019430
0.024479
0.028973
0.018173
0.019587
0.006378
0.005906
-0.001061
-0.004090
-0.000665
-0.002895
-0.002220
-0.000993
0.003753
0.000895
0.007658
0.009889
0.012930
0.015535
0.010494
0.017315
0.012133
0.010414
0.010197
0.008166
0.006850
0.004898
0.002996
-0.001322
0.003109
-0.000359
0.007759
0.007034
0.009629
0.012658
0.011014
0.004103
0.000912
-0.014718
-0.027621
-0.025544
-0.023198
-0.034231
-0.021984
-0.026131
-0.021916
-0.025065
-0.023645
-0.026016
-0.026449
-0.019456
-0.027204
-0.016265
-0.023941
-0.016659
-0.022700
-0.025435
-0.023898
-0.034937
-0.035087
-0.034198
-0.030908
-0.023848
-0.026794
-0.012492
-0.011454
-0.014184
-0.012242
-0.005677
-0.005809
-0.000269
-0.004025
-0.002764
-0.005264
-0.002485
-0.025335
-0.019355
-0.018224
-0.025202
-0.025226
-0.015411
-0.011437
-0.002840
-0.005335
0.009067
0.014332
0.013542
0.024236
0.023412
0.033687
0.037839
0.044489
0.042120
0.040035
0.032961
0.026114
0.008275
-0.003829
-0.023614
-0.023820
-0.019945
-0.038243
-0.041028
-0.034555
-0.048480
-0.040351
-0.036877
-0.033921
-0.026867
-0.020115
-0.008490
-0.011769
-0.011027
-0.025755
-0.031619
-0.042198
-0.058648
-0.032516
-0.045371
-0.032346
-0.023332
-0.020754
-0.012555
0.001565
-0.001212
0.009448
0.004180
0.009344
0.001138
-0.004683
-0.012022
-0.018896
-0.012912
-0.021281
-0.022054
-0.021819
-0.017174
-0.024417
-0.022835
-0.029074
-0.028687
-0.037688
-0.028578
-0.039577
-0.027773
-0.030113
-0.020006
-0.018703
-0.020480
-0.007096
-0.021105
-0.020067
-0.030204
-0.028419
-0.036126
-0.024686
-0.035092
-0.019106
-0.023300
-0.005993
-0.021579
0.003973
-0.004808
-0.004080
-0.004235
-0.013924
-0.008530
-0.021557
-0.020566
-0.015262
-0.016031
-0.011034
-0.011256
-0.008299
0.000926
-0.005083
-0.000622
-0.007252
-0.009475
-0.009219
-0.031359
-0.019477
-0.019907
-0.024526
-0.026243
-0.022387
-0.024490
-0.023586
-0.026866
-0.021569
-0.028180
-0.019327
-0.024421
-0.021402
-0.027040
-0.021315
-0.022031
-0.026625
-0.022320
-0.023721
-0.023277
-0.023992
-0.022326
-0.022575
-0.023533
-0.023818
-0.021688
-0.022321
-0.022155
-0.019910
-0.020169
-0.014522
-0.018286
-0.017031
-0.009740
-0.015202
-0.009199
-0.008911
-0.007478
-0.005085
-0.005746
-0.006949
-0.013122
-0.007425
-0.019750
-0.010736
-0.019119
-0.020117
-0.023869
-0.020024
-0.025134
-0.013599
-0.017372
0.006482
-0.003480
0.006448
0.005238
0.011093
0.011525
0.008654
0.011021
0.006638
0.008969
0.012300
0.011715
0.017009
0.014121
0.016410
0.009187
0.009458
-0.001348
-0.006151
-0.006616
-0.004586
0.000967
0.003552
0.010636
0.004847
0.019380
0.013158
0.016877
0.014419
0.016198
0.018166
0.017413
0.015793
0.021192
0.020278
0.021640
0.021896
0.013948
0.014393
0.011764
0.012875
0.010668
0.013903
0.005353
0.019810
0.004747
0.014821
0.003547
0.012351
0.001192
0.008441
0.004546
0.004586
0.012250
0.011356
0.016017
0.012106
0.012101
0.010640
0.010661
0.004340
0.008291
0.003682
0.005965
0.005983
0.001128
0.005664
0.003552
0.006386
0.006984
0.015674
0.023004
0.020145
0.033898
0.034274
0.038491
0.037640
0.038980
0.036372
0.040749
0.029240
0.035473
0.021640
0.025648
0.012685
0.006824
0.004280
0.008227
-0.000560
-0.005058
0.008300
-0.001982
0.005620
0.008488
0.018172
0.020194
0.032666
0.034887
0.028572
0.032612
0.024705
0.024616
0.022049
0.018646
0.015560
0.014064
0.016624
0.013885
0.018152
0.013193
0.015621
0.014390
0.013794
-0.001243
0.006708
-0.000409
0.000631
-0.008396
0.008331
0.000550
0.010444
0.012771
0.013045
0.014965
0.011251
0.013936
0.002758
0.006907
-0.000612
0.008375
-0.004978
0.008940
0.003270
0.006874
0.006167
0.013474
0.014878
0.016147
0.018625
0.021631
0.021235
0.016045
0.018545
0.011486
0.001886
0.012572
-0.003565
0.008997
0.004137
0.005195
0.003727
0.004288
0.004885
0.003127
0.009328
0.004763
0.015294
0.016438
0.032447
0.039607
0.041155
0.043265
0.046616
0.041400
0.038095
0.038017
0.028981
0.028227
0.015821
-0.010212
-0.017213
-0.014170
-0.017974
-0.003625
-0.012777
0.013348
0.010674
0.019018
0.022930
0.018740
0.018985
0.010503
0.009103
0.011049
0.007165
0.010215
0.009995
0.009979
0.007065
0.009428
0.001734
-0.001970
0.002648
-0.000651
0.004342
0.013076
0.018807
0.030311
0.024938
0.028791
0.026884
0.025292
0.020428
0.015383
0.014240
0.011410
0.009991
0.012290
0.010106
0.014001
0.011191
0.011135
0.008899
0.003581
0.006143
0.001766
0.007280
-0.002073
0.008752
-0.005687
0.001674
-0.005002
-0.004460
-0.002245
-0.004813
-0.001532
-0.000785
0.001639
-0.000473
-0.002505
-0.011715
-0.010826
-0.015296
-0.013089
-0.017517
-0.013829
-0.015036
-0.010138
-0.014288
-0.008320
-0.012427
-0.010684
-0.010377
-0.010935
-0.009293
-0.014892
-0.005903
-0.012531
-0.012614
-0.011815
-0.012859
-0.011210
-0.012794
-0.009980
-0.007809
-0.008426
-0.011999
-0.008471
-0.009464
-0.008572
-0.003572
-0.004331
0.001778
0.007261
0.000674
0.010591
0.003988
0.008521
-0.001867
0.008029
0.000570
0.002239
0.003613
0.002307
0.005944
0.001306
-0.002298
0.001156
-0.009821
-0.013247
-0.015315
-0.012545
-0.019802
-0.016912
-0.011332
-0.010602
-0.008006
-0.009401
-0.007150
-0.008755
-0.009000
-0.015572
-0.011514
-0.021506
-0.022335
-0.027906
-0.019141
-0.028562
-0.019660
-0.023285
-0.015001
-0.017964
-0.015381
-0.013616
-0.012029
-0.018334
-0.014643
-0.020010
-0.018643
-0.020606
-0.023881
-0.018500
-0.021503
-0.021184
-0.016771
-0.017710
-0.017169
-0.019619
-0.021893
-0.022662
-0.030883
-0.026734
-0.033427
-0.030814
-0.037174
-0.034127
-0.036981
-0.033705
-0.032487
-0.026049
-0.029180
-0.025585
-0.024495
-0.025783
-0.024371
-0.023817
-0.021611
-0.015514
-0.014200
-0.007353
-0.009749
-0.000781
-0.006432
0.003715
-0.008534
-0.006021
-0.013677
-0.014614
-0.019876
-0.019010
-0.019113
-0.016151
-0.010600
-0.017610
-0.010665
-0.014506
-0.017118
-0.020978
-0.023709
-0.019622
-0.028703
-0.020087
-0.023130
-0.019557
-0.016660
-0.013436
-0.011155
-0.007984
-0.004708
-0.005417
-0.007208
-0.002908
-0.012890
-0.011112
-0.012031
-0.006733
-0.008563
-0.000001
0.002098
-0.000834
0.010538
0.003226
0.005732
0.003081
-0.001164
-0.001657
-0.004881
-0.004454
0.001785
-0.005635
0.005461
0.001101
0.006614
0.004099
0.012457
0.004693
0.009514
0.013560
0.009334
0.015183
0.010914
0.012692
0.011582
0.010171
0.010315
0.007389
0.006414
0.008963
0.007952
0.006016
0.011865
0.002381
0.016914
0.005685
0.010261
0.009287
0.010004
0.006443
0.005868
0.005298
0.006272
0.001419
0.004611
0.003334
0.007157
0.004609
0.011659
0.014236
0.007465
0.019638
0.010107
0.017204
0.014384
0.009060
0.014154
0.008589
0.012837
0.009176
0.009207
0.005621
0.004001
0.008538
-0.001563
-0.000512
-0.002889
-0.011043
-0.010279
-0.008756
-0.009231
-0.008278
-0.008079
-0.009744
-0.004420
-0.008550
-0.010219
-0.005471
-0.009190
-0.003093
-0.005492
0.008424
-0.005374
0.002834
0.002527
0.005733
0.002134
0.003418
0.005871
0.006150
0.012719
0.004268
0.016442
0.012538
0.014555
0.017667
0.015078
0.018885
0.019592
0.016374
0.017541
0.012365
0.019269
0.006345
0.019971
0.008483
0.014854
0.008938
0.012079
0.011399
0.009763
0.009925
0.013057
0.006105
0.011229
0.005955
0.013237
0.012243
0.011621
0.018984
0.014223
0.021860
0.015363
0.022207
0.021499
0.019910
0.019921
0.021160
0.016898
0.013253
0.009848
0.016413
0.008320
0.012440
0.012878
0.011156
0.015614
0.007355
0.012526
0.004640
0.006959
0.007761
0.005664
0.010829
0.008969
0.011015
0.003362
0.005660
0.003607
0.006757
0.008383
0.007488
0.014417
0.018057
0.021020
0.016555
0.020154
0.024453
0.011474
0.021982
0.013400
0.015855
0.014339
0.013184
0.015469
0.005872
0.006849
0.005472
-0.003157
0.005458
-0.002771
0.002285
0.003073
0.004372
0.002991
0.016135
0.014384
0.016171
0.019864
0.016836
0.017253
0.010613
0.014045
0.011970
0.006102
0.011100
0.000270
0.016708
0.004378
0.007330
0.012310
0.009408
0.009143
0.009097
0.012672
0.005327
0.012209
0.001777
0.005916
0.002977
0.009541
0.008278
0.013202
0.014768
0.029546
0.010241
0.019598
0.011035
0.006880
0.004858
-0.000591
-0.000113
-0.003168
0.003532
-0.003249
0.003300
-0.001020
0.007317
0.001803
0.002257
0.004976
-0.005083
0.000393
-0.001900
-0.000569
-0.002350
0.001703
0.001658
-0.002071
0.005431
0.002141
0.002179
-0.001277
-0.000712
0.002267
-0.003714
0.000629
-0.005918
0.002595
-0.004100
0.003263
-0.002607
-0.000211
-0.000401
-0.001308
-0.003789
-0.008639
-0.009247
-0.003504
-0.015922
-0.007191
-0.012654
-0.010186
-0.010632
-0.011454
-0.010098
-0.011605
-0.009418
-0.012795
-0.002310
-0.011676
-0.004958
-0.009782
-0.015579
-0.011595
-0.016782
-0.016345
-0.005044
-0.006726
-0.004511
-0.004629
0.001107
0.003084
-0.002613
0.001267
-0.010986
-0.005705
-0.006349
-0.014177
-0.008109
-0.005068
-0.002054
-0.005465
0.002532
-0.000610
-0.000260
-0.001361
-0.002698
0.000086
-0.005379
-0.005034
-0.005330
-0.002031
-0.001778
0.001937
0.008780
0.011698
0.011075
0.012914
0.013434
0.004055
0.014001
0.005566
0.007434
0.011854
0.004435
0.001481
-0.013138
-0.020696
-0.019008
-0.023981
-0.021227
-0.010519
-0.015513
0.002363
-0.008124
0.005179
0.004166
-0.000700
0.006291
-0.001998
0.001767
-0.005818
-0.001963
-0.005982
-0.005407
-0.004527
-0.005604
-0.005346
-0.005364
0.001026
-0.005930
-0.003029
-0.002812
-0.003598
-0.002625
-0.003905
-0.001131
0.000114
-0.000936
-0.003288
0.007643
-0.002818
0.001986
0.001186
-0.001203
-0.002685
-0.003248
-0.004406
-0.003050
0.000431
-0.003982
-0.001056
0.001935
0.000863
0.008343
0.003295
0.010626
0.010536
0.008380
0.005008
0.005576
-0.004309
-0.012008
-0.012496
-0.007154
-0.020364
-0.005872
-0.015154
-0.001832
-0.009498
-0.002836
-0.003308
-0.001483
-0.000228
0.002787
0.003020
0.000084
0.003214
-0.001892
-0.001447
-0.006057
-0.003630
-0.009196
-0.009812
-0.006045
-0.012837
-0.014215
-0.011832
-0.018078
-0.013911
-0.013815
-0.019464
-0.013925
-0.017304
-0.018244
-0.013633
-0.013087
-0.012673
-0.006862
-0.002841
-0.008001
0.000771
-0.004227
0.001702
-0.006330
-0.000906
-0.004592
-0.002975
-0.001380
-0.010977
-0.002416
-0.006437
-0.007748
-0.007871
-0.006940
-0.011738
-0.003196
-0.010223
-0.003070
-0.009157
-0.003056
-0.008251
-0.005924
-0.006223
-0.005755
-0.006839
-0.004717
-0.011594
-0.006770
-0.011520
-0.007683
-0.009919
-0.012471
-0.005607
-0.002894
-0.004242
-0.006220
-0.004178
-0.007440
-0.003801
-0.005534
-0.005024
-0.005881
-0.001325
-0.005600
-0.007325
-0.003142
-0.006918
-0.010505
-0.012814
-0.014148
-0.017622
-0.019129
-0.022951
-0.022346
-0.024278
-0.024274
-0.028649
-0.018690
-0.025691
-0.016088
-0.020649
-0.014139
-0.011823
-0.011518
-0.014512
-0.003513
-0.004896
-0.002886
-0.002799
0.000463
-0.002086
-0.000903
-0.000527
-0.001613
-0.004448
-0.002644
-0.003615
-0.009296
0.005326
-0.007001
0.002897
0.001281
0.002265
0.008438
0.008412
0.012393
0.009961
0.009926
0.010718
0.011188
0.008328
0.004775
-0.000886
-0.002843
0.000164
-0.004721
-0.010547
-0.004012
-0.013527
-0.006885
-0.009356
-0.009383
-0.008079
-0.004204
-0.000238
-0.005864
-0.000098
0.000455
-0.001768
-0.001937
-0.001501
-0.005933
-0.004541
-0.013712
-0.011060
-0.016157
-0.021826
-0.012279
-0.017702
-0.017388
-0.013447
-0.013207
-0.012146
-0.011980
-0.007884
-0.008453
-0.001781
-0.002610
0.006274
-0.000700
0.001604
0.000656
0.001174
-0.002634
-0.006572
-0.003718
-0.007074
-0.011383
-0.007444
-0.008567
-0.007965
-0.012907
-0.007781
-0.013074
-0.009284
-0.008816
-0.006195
-0.009171
-0.004941
0.000080
-0.003681
0.000943
-0.001095
-0.000469
-0.000173
0.000174
0.003629
0.003844
0.004637
0.007171
0.004528
0.005542
0.008954
0.001622
0.004498
0.006221
0.002937
0.009224
0.003239
0.005970
0.007936
0.009884
0.005056
0.009540
0.002769
0.008062
-0.000108
0.005852
-0.001197
0.003888
-0.001950
-0.001597
-0.002304
-0.001763
-0.005786
-0.003851
0.000529
-0.004660
0.001335
0.001214
0.000345
0.002572
0.003202
-0.006088
0.003229
0.000172
-0.001169
0.003281
0.001528
0.010116
-0.000131
0.009813
0.001706
0.005651
0.001259
0.006426
-0.005239
0.005396
0.000534
0.007535
0.003569
0.006398
0.005520
0.001550
0.002178
-0.006630
-0.025199
-0.027336
-0.024234
-0.025785
-0.021706
-0.020315
0.000451
-0.006762
0.001161
0.003082
-0.002252
-0.000979
-0.005977
-0.004662
-0.009392
-0.000056
-0.008240
0.003168
0.001908
0.007901
0.004655
0.009141
0.005412
0.011533
0.007221
0.008259
0.012088
0.006005
0.005750
0.008452
0.004627
0.004876
0.006893
0.009909
0.004711
0.007870
0.004940
0.006037
0.003207
0.005472
0.005011
0.003520
0.009151
0.002360
0.003542
0.006155
0.000240
0.005207
0.002781
0.004940
0.010425
0.007416
0.010207
0.016087
0.012318
0.014376
0.016978
0.017645
0.013858
0.010563
0.017643
0.007176
0.010620
0.004214
0.005488
0.003314
0.002642
0.004335
-0.002279
0.007758
0.000208
0.003141
0.002433
0.002678
0.002604
0.003268
0.008528
0.002340
0.004912
0.005319
0.004062
0.008870
0.003837
0.006492
0.005282
0.006704
0.001579
0.003268
0.001994
-0.001485
0.006505
-0.000612
0.009760
0.002321
0.005960
0.007245
-0.005400
0.004285
-0.009932
-0.001859
-0.008541
-0.001742
-0.000234
0.002435
0.002964
0.002013
-0.000321
0.002040
-0.005692
0.002669
-0.005365
-0.000323
-0.000947
0.001593
0.004561
0.007765
0.005974
0.016222
0.011354
0.010568
0.003747
0.009222
-0.006658
0.003021
-0.007441
-0.005699
-0.008760
-0.000295
-0.006361
-0.000554
-0.003880
0.004673
-0.003120
0.000691
0.000071
0.000640
-0.000485
0.004390
0.000227
0.003902
0.005906
0.002519
0.004079
0.000000
0.004579
0.003189
0.007020
0.003675
0.006899
0.012646
0.014829
0.013821
0.016019
0.022049
0.013924
0.025967
0.017902
0.020242
0.021412
0.018099
0.015954
0.015799
0.009868
0.014755
0.001250
0.013230
-0.000802
0.009507
0.001147
0.001551
0.004429
0.001968
0.002828
0.002946
0.006725
0.005622
0.008793
0.004675
0.008651
0.011342
0.009364
0.009121
0.013609
0.009107
0.010712
0.012518
0.011705
0.011625
0.007293
0.011418
0.006198
0.003603
0.005400
0.006715
0.000470
0.006107
0.005348
0.007382
0.009672
0.008596
0.011686
0.007659
0.010739
0.008650
0.011020
0.004466
0.011166
0.009532
0.009000
0.006421
0.017574
0.006436
0.014528
0.006400
0.013562
0.002701
0.010289
0.007173
0.004400
0.007289
0.006005
0.005405
0.006326
0.000995
0.003673
0.003488
0.003668
0.001408
0.007442
-0.002019
0.005412
0.000482
0.007973
-0.003298
0.012403
0.003625
0.004540
0.007864
0.009733
0.005420
0.007948
0.006641
0.008704
-0.000372
0.007526
0.000598
0.000397
-0.000083
-0.003621
0.000854
-0.006289
-0.003991
-0.003517
-0.003605
-0.005299
-0.002335
-0.012811
-0.001710
-0.011667
-0.008387
-0.008541
-0.004616
-0.009598
-0.004699
-0.001002
-0.006653
-0.000382
-0.000792
-0.002818
-0.001675
-0.001127
-0.002288
-0.000668
-0.009172
-0.000478
-0.004389
-0.006089
-0.008577
-0.003880
-0.007946
-0.007993
-0.007253
-0.005398
-0.015904
-0.005906
-0.014170
-0.012610
-0.016954
-0.020104
-0.017143
-0.018661
-0.023006
-0.017918
-0.020098
-0.019825
-0.019618
-0.022708
-0.016335
-0.021084
-0.023703
-0.018033
-0.022955
-0.023658
-0.025879
-0.022306
-0.028313
-0.018345
-0.022609
-0.014463
-0.016159
-0.010761
-0.012653
-0.005809
-0.007996
-0.006917
-0.007578
-0.005785
-0.010802
-0.008169
-0.011436
-0.010996
-0.012213
-0.014564
-0.010200
-0.007398
-0.006402
-0.007572
0.000235
-0.006346
-0.002916
-0.004360
-0.006969
-0.002727
-0.011777
-0.005310
-0.008647
-0.009707
-0.011877
-0.008721
-0.011703
-0.006798
-0.014681
-0.005700
-0.006635
-0.006809
-0.007696
-0.004453
-0.001545
-0.006661
0.002729
-0.001399
0.004033
0.003707
0.005032
0.007576
0.005222
0.012066
0.007291
0.008369
0.009708
0.011536
0.005605
0.009895
0.004815
0.005359
0.006311
0.000848
0.005276
0.003172
0.003749
0.002956
0.003687
0.002905
0.003639
0.002840
0.003605
0.002762
0.003588
0.002663
0.003604
0.002510
0.003716
0.002164
0.004268
-0.001757
0.004975
-0.003684
0.000235
0.000004
-0.000095
-0.001591
0.004191
0.001627
0.000768
0.002429
0.004023
0.006289
0.004131
0.011853
0.004837
0.009726
0.011055
0.002771
0.010347
-0.001259
0.005107
-0.000474
0.002572
0.000339
0.005516
0.000512
0.006913
0.003726
0.003347
0.008104
0.007490
0.004937
0.007084
0.005959
0.007161
0.001614
0.004648
0.002476
0.000089
-0.000746
-0.002064
-0.003606
-0.005247
-0.003414
-0.003853
-0.008290
-0.000993
-0.005474
-0.000545
-0.000922
0.001720
-0.000679
0.003848
0.000537
0.001810
0.002396
-0.000953
0.001161
0.001006
-0.007084
-0.000360
-0.006620
-0.011884
-0.002889
-0.013082
-0.005720
-0.008712
-0.004649
-0.004029
0.000351
-0.004513
0.001370
-0.001976
-0.000974
0.000067
-0.001895
0.003981
-0.001247
0.003805
0.002443
0.003216
0.002156
0.003190
0.002812
0.001295
-0.002091
0.003006
-0.005109
-0.003780
-0.001022
-0.003083
-0.002964
-0.002665
-0.003045
-0.002133
-0.005916
-0.009934
-0.011807
-0.009046
-0.012423
-0.010812
-0.006729
-0.008670
-0.001917
-0.007980
-0.001461
-0.009212
-0.007816
-0.007228
-0.015471
-0.005705
-0.012479
-0.011425
-0.010494
-0.010439
-0.010773
-0.005374
-0.009936
-0.004165
-0.008509
-0.005497
-0.008860
-0.006292
-0.011324
-0.002439
-0.005043
-0.008731
0.002615
-0.009667
-0.002912
-0.006732
-0.004484
-0.003279
-0.013069
-0.003913
-0.003557
-0.004641
0.000257
0.003043
0.001503
0.002461
0.003536
-0.004621
0.003724
0.000429
0.001828
0.005108
0.003703
0.010866
0.006069
0.008265
0.010032
0.004375
0.009010
0.007084
0.003986
0.010791
0.005609
0.011154
0.011175
0.015161
0.011128
0.010783
0.000540
0.002068
0.002729
-0.002719
0.009332
-0.001922
0.011421
0.005270
0.009367
0.014522
0.011984
0.007098
0.011130
-0.001170
0.009082
0.001663
0.003292
0.002857
0.001377
0.004548
0.000923
0.007470
-0.002241
0.001667
0.001526
0.005752
0.004626
0.011579
0.007509
0.017972
0.015604
0.016653
0.015081
0.015961
0.008149
-0.000190
-0.001888
0.000199
-0.004580
0.001821
0.000328
0.001777
0.005221
-0.001853
0.011580
0.000668
0.014352
0.009447
0.013703
0.003232
0.008631
-0.004103
0.001625
-0.004019
-0.003422
-0.005218
-0.005128
-0.005426
-0.009766
-0.000309
-0.012470
0.002722
-0.012650
-0.006494
-0.010929
-0.006062
-0.009552
-0.005528
-0.009829
-0.007834
-0.007927
-0.007295
-0.008481
-0.005775
-0.014712
-0.006866
-0.009351
-0.009559
-0.008414
-0.010763
-0.000543
-0.010026
-0.005062
-0.002370
0.000062
0.001025
0.000493
0.012033
0.006288
0.008070
0.004281
0.005366
0.002738
0.004314
0.001146
0.006103
0.001039
0.011680
0.003175
0.011204
0.007795
0.009252
0.008306
0.009249
0.008429
0.009574
0.005347
0.008520
0.007406
0.006797
0.002876
0.005692
0.005322
0.004744
0.004683
0.004724
0.004791
0.002566
-0.000432
0.007729
0.000764
0.007160
0.008325
0.005381
0.006661
0.006106
0.008830
0.007638
0.007926
0.005965
0.015978
0.005483
0.011280
0.007422
0.017948
0.008064
0.010403
0.006586
0.009503
0.004096
0.008583
0.005877
0.007197
0.004234
0.014504
-0.001771
0.009122
0.006398
0.003223
0.005472
0.003660
0.009377
0.003039
0.006616
0.004643
0.006734
0.001228
0.002932
0.002668
0.001266
0.002053
0.002402
0.000720
0.003052
-0.001478
0.002111
-0.004069
0.002946
-0.013355
-0.000965
-0.005522
-0.004269
-0.006607
-0.000027
-0.003477
-0.002455
-0.004847
0.006103
-0.004376
0.005124
0.001209
0.002282
0.000559
0.007619
-0.003099
0.004152
-0.004630
-0.002521
-0.004318
-0.005460
-0.006990
-0.004805
-0.013462
-0.006967
-0.009010
-0.008413
-0.009678
-0.007454
-0.011056
0.000651
-0.010544
-0.000354
-0.005152
-0.000288
-0.006783
-0.001830
-0.003464
-0.002969
-0.003312
-0.002763
-0.003379
-0.002325
-0.003862
-0.000762
-0.010349
0.001708
-0.009235
-0.003355
-0.001596
-0.001470
-0.003817
-0.002127
-0.002074
-0.003221
-0.005981
-0.005751
-0.008117
-0.004661
-0.006515
-0.006507
-0.005914
-0.006520
-0.005487
-0.009083
-0.002439
-0.007193
-0.005400
-0.005329
-0.005649
-0.004605
-0.007605
-0.005729
-0.006652
-0.001694
-0.009848
-0.005623
-0.007500
-0.006011
-0.006444
-0.006917
-0.004571
-0.005064
-0.002446
-0.004772
-0.003553
-0.007746
-0.005400
-0.004654
-0.005675
-0.005260
-0.004963
-0.000852
-0.003453
-0.001481
0.005308
0.000872
0.002414
0.002623
0.001020
0.003124
0.002246
0.002079
0.003592
-0.002550
-0.000079
0.002237
-0.004088
0.002532
-0.007525
0.006669
-0.002221
0.003692
0.007295
0.004892
0.008098
0.007489
0.002555
0.008078
-0.002202
-0.000853
-0.004661
-0.004037
-0.005850
-0.007538
-0.004661
-0.006781
-0.005820
-0.006352
-0.005570
-0.006139
-0.005233
-0.006022
-0.004737
-0.006239
-0.000348
-0.003473
-0.002567
-0.004583
0.006201
-0.004066
0.000929
-0.000408
0.000820
-0.000945
0.004740
-0.000262
0.004849
0.002584
0.007643
0.002772
0.008958
0.005402
0.008539
0.007244
0.003458
0.008275
0.001671
0.003154
0.000328
0.002736
-0.001111
-0.002242
0.000243
-0.003605
-0.000774
-0.001632
-0.002506
0.002646
0.000795
-0.000307
0.000896
0.001031
0.000650
0.002154
0.001382
0.003836
0.004122
0.002397
0.003575
0.007634
0.005440
0.006604
0.010639
0.005550
0.012700
0.009603
0.011771
0.010575
0.014596
0.010715
0.008180
0.009900
0.010793
0.008834
0.013091
0.012837
0.013999
0.015413
0.016544
0.017761
0.019186
0.015464
0.015540
0.015558
0.012432
0.011311
0.014022
0.012186
0.011803
0.012224
0.011422
0.012042
0.011070
0.011900
0.010624
0.011978
0.009562
0.015527
0.010677
0.017995
0.010844
0.014703
0.012888
0.013930
0.006241
0.013371
0.003390
0.006726
0.000160
0.002374
0.002359
0.001345
0.003240
0.000377
0.009815
0.005002
0.011084
0.009090
0.011688
0.013163
0.013754
0.015622
0.009213
0.009581
0.005504
0.007637
0.000542
0.006791
0.006065
0.003645
0.011866
0.003886
0.011864
0.011938
0.010040
0.011414
0.013786
0.011667
0.004481
0.013935
0.004161
0.007285
0.008054
0.006585
0.012984
0.007555
0.010430
0.009577
0.005961
0.006062
0.005256
0.006976
0.005256
0.005539
0.005214
0.005296
0.005018
0.005095
0.004809
0.004906
0.004598
0.004724
0.004383
0.004554
0.004155
0.004416
0.003861
0.004514
0.001940
0.002398
0.003624
-0.000756
-0.001257
0.001835
-0.007707
-0.000350
-0.011379
0.001542
-0.006974
-0.002433
0.003767
-0.000120
0.003944
0.000151
0.005001
-0.000592
0.001450
-0.002141
-0.001976
-0.004062
-0.000318
-0.007674
-0.004957
-0.004105
-0.005266
-0.005103
-0.005270
-0.003302
-0.000584
-0.004624
-0.003269
-0.008720
-0.002402
-0.004939
-0.008008
-0.008694
-0.005847
-0.013135
-0.012102
-0.016080
-0.012961
-0.005634
-0.014345
-0.008039
-0.012125
-0.005851
-0.010164
-0.008853
-0.007454
-0.013314
-0.012131
-0.014859
-0.006229
-0.011458
-0.006888
-0.008640
-0.001728
-0.007857
-0.004950
-0.001915
-0.005878
-0.003062
-0.004799
-0.003082
-0.008175
-0.002165
-0.007113
-0.002626
-0.030234
0.000703
-0.004443
-0.015023
-0.008022
-0.006166
-0.005088
-0.001888
0.001181
0.000108
0.002096
0.000425
0.001497
-0.002462
-0.001980
-0.003674
-0.005360
-0.002832
0.002601
-0.005301
0.000325
0.002437
-0.001358
0.000648
-0.000637
-0.003536
-0.001690
-0.000255
-0.006611
0.002347
-0.003779
-0.001998
-0.001467
-0.003067
0.002162
-0.005322
0.004108
-0.000754
-0.000209
0.000420
0.000769
0.002912
0.001802
0.005493
0.004786
0.010868
0.011441
0.006947
0.005847
-0.010402
-0.010170
-0.015036
-0.018901
-0.012518
-0.008678
-0.009398
-0.002692
0.005954
0.007884
0.013826
0.014090
0.014541
0.012342
0.011295
0.001446
0.004568
-0.004170
0.001766
0.000222
-0.001881
0.001951
-0.001189
0.003260
0.006376
0.001339
0.009250
0.011576
0.009127
0.012289
0.008984
0.012052
0.005262
0.006409
0.005136
0.006016
0.003487
0.002086
0.004355
-0.001532
0.003056
-0.009304
-0.000300
-0.001809
-0.008101
0.001200
-0.005229
-0.002352
0.001584
-0.003458
0.003216
-0.002183
0.000743
-0.000576
0.000919
-0.003733
-0.003120
-0.008578
-0.005302
-0.011203
-0.012068
-0.005040
-0.006725
-0.001863
-0.001493
-0.002839
0.006223
-0.002664
0.000628
-0.005408
-0.004371
-0.007674
-0.002679
-0.010789
-0.007902
-0.014426
-0.008671
-0.018693
-0.010132
-0.012621
-0.006854
-0.008304
0.001237
-0.004558
-0.000571
-0.000074
-0.008187
-0.003919
-0.010709
-0.007461
-0.010307
-0.008354
-0.007355
-0.005802
-0.004430
-0.007675
-0.004001
-0.003672
-0.005074
-0.004956
-0.000069
-0.001983
-0.002286
-0.007169
-0.003483
-0.003058
-0.005108
-0.003030
-0.006362
0.003564
-0.005438
0.002499
-0.001967
0.002594
-0.002070
0.005626
-0.004269
0.000762
-0.004712
-0.000392
-0.000529
-0.010163
-0.004453
-0.008330
-0.010892
-0.013067
-0.007939
-0.015215
-0.003287
-0.006896
-0.004678
0.000019
-0.001687
-0.002731
-0.001402
-0.000838
-0.002049
0.000261
-0.009238
-0.000465
-0.002611
-0.010379
-0.000446
-0.005886
-0.003967
-0.001871
-0.004849
-0.003109
-0.003318
-0.007048
-0.006398
-0.003484
-0.007526
0.000096
-0.010936
-0.002740
-0.006299
-0.004527
-0.006654
-0.000528
-0.006797
-0.001074
-0.007185
-0.005406
-0.004066
-0.005468
-0.006860
-0.002876
-0.003283
-0.004000
-0.004080
-0.000225
-0.003184
-0.007071
-0.004313
-0.003299
-0.004987
-0.000618
-0.006365
0.001789
-0.008612
0.003022
-0.008620
-0.003690
-0.003528
-0.004283
-0.004534
-0.000107
-0.001892
-0.001451
0.003064
-0.001860
0.004687
0.003212
0.000925
0.006085
0.002868
0.003844
-0.001312
-0.000977
0.002924
-0.003693
0.000254
0.006394
0.002280
0.003434
0.002603
0.003878
0.000026
0.002227
0.000276
0.001669
0.001115
-0.002589
0.000978
0.000412
-0.004102
0.000176
-0.002551
-0.003213
-0.005080
0.000807
-0.007747
-0.001290
-0.000846
0.003130
-0.000746
0.003576
0.004068
0.002197
0.002185
0.007396
-0.001095
0.005102
0.001472
-0.000256
-0.002493
0.002603
-0.008998
0.000185
-0.007707
-0.004822
-0.003758
-0.009578
-0.003832
-0.002630
-0.000953
0.004784
-0.003512
0.008290
-0.000135
0.003284
0.003365
0.002378
0.006607
0.003804
0.004779
-0.004931
-0.010840
0.001942
-0.012072
-0.006711
-0.003462
-0.008127
-0.005647
-0.003394
0.000634
-0.003354
0.001037
0.001486
-0.003690
0.001117
-0.002260
-0.005485
-0.000247
-0.009944
-0.001721
-0.005075
-0.008225
-0.004863
-0.002955
-0.009761
-0.001155
-0.005941
-0.004277
-0.008924
-0.006530
-0.005428
-0.009440
-0.010573
-0.006209
-0.006277
-0.008851
-0.004672
-0.003102
-0.005789
0.000903
-0.002752
-0.000931
-0.001688
-0.001132
-0.000882
-0.001588
0.000158
-0.006068
0.003758
-0.003137
0.000622
0.001666
-0.005152
0.001573
-0.006024
-0.002354
-0.003122
-0.001983
-0.007846
-0.001735
-0.005767
0.001269
-0.002663
-0.002729
-0.001130
-0.003799
-0.002034
-0.008937
-0.002443
-0.008817
-0.007769
-0.006727
-0.013332
-0.002309
-0.014019
-0.004183
-0.006912
-0.009609
-0.004438
-0.003520
-0.006280
-0.000465
-0.003236
-0.003770
0.001542
0.000347
-0.001318
-0.000114
0.000739
-0.003977
0.000451
-0.000841
-0.002126
0.002899
-0.001927
0.004606
0.002174
0.003095
0.006870
0.003319
0.004518
0.004934
0.004357
0.005000
0.004043
0.005055
0.000377
0.006315
-0.003344
0.005155
0.005338
0.001459
0.008292
0.003168
0.011916
0.005265
0.007529
0.011477
0.003602
0.010060
-0.001246
0.009287
0.001210
0.001301
0.001249
0.001010
0.005003
-0.001574
0.004686
0.001628
-0.001138
-0.000946
0.000761
0.000978
-0.004570
0.004433
-0.005969
0.001471
0.002096
0.002946
0.001329
0.001683
0.002766
0.004468
0.004875
0.000861
0.007254
-0.004620
-0.002668
0.001185
-0.005870
-0.002259
-0.003010
-0.003247
-0.003340
-0.003095
-0.003250
-0.002958
-0.003181
-0.002747
-0.003824
-0.006494
-0.005586
-0.000215
-0.006535
0.004732
0.001082
-0.001178
0.000818
0.004196
0.001632
-0.005219
0.003456
-0.002139
-0.004348
-0.000760
-0.002523
-0.001170
-0.000434
0.000732
-0.000987
0.003978
-0.000662
0.002668
0.003411
0.003355
0.006890
0.003022
0.004412
0.000931
0.001967
0.004942
-0.005652
0.003365
-0.000328
-0.000060
0.001620
0.004390
0.000253
0.005962
0.006070
0.004908
0.007516
0.006027
0.006568
0.006417
0.009743
0.005667
0.007937
0.006657
0.007805
0.003169
0.007614
0.005492
0.003721
0.001133
0.005327
0.002802
0.002257
-0.000949
-0.000156
-0.003247
0.000956
-0.002554
0.002513
0.001163
-0.000160
0.000628
0.001026
-0.003408
-0.001763
-0.005264
-0.001238
-0.004504
0.004327
-0.005821
0.004854
-0.001298
0.008033
-0.000148
0.002251
-0.005650
0.000259
-0.004580
-0.001926
-0.003179
0.000863
0.001846
-0.000878
0.004260
0.001564
-0.001052
-0.000930
-0.000751
-0.002957
-0.002574
0.003437
-0.006885
0.003854
-0.000121
0.001441
-0.002118
-0.000866
-0.002069
-0.004186
-0.000699
-0.002984
-0.002377
-0.000508
-0.000650
-0.005755
0.002901
-0.002756
-0.002459
-0.002181
-0.001921
0.001287
-0.002074
-0.001204
0.000246
-0.003879
0.000536
-0.008582
-0.000108
-0.003914
-0.003200
-0.003127
-0.003226
-0.002748
-0.003101
-0.000435
-0.004248
0.000256
-0.002410
-0.001795
0.001516
0.000797
-0.002275
0.003265
-0.002718
0.000524
-0.000083
0.000056
-0.000416
0.000630
-0.001472
0.006128
-0.001354
0.008223
-0.001614
0.004368
0.000344
-0.003023
0.008507
-0.001448
0.003894
0.004993
0.005569
0.005242
0.004919
0.004915
0.005059
0.000965
0.008047
0.000105
0.006825
0.003066
0.004324
0.006144
0.003601
0.006278
0.005977
0.001847
0.005962
0.004315
0.002239
0.001547
0.003831
0.002524
0.000101
0.000022
0.002402
-0.000310
0.003847
-0.001842
0.002099
0.000388
0.001423
0.000027
0.003366
0.000213
0.005084
-0.001831
0.002879
-0.000694
0.002602
-0.003361
0.000464
-0.000070
-0.002674
0.001809
-0.001547
-0.000094
-0.000525
0.000047
-0.002749
-0.001933
0.000377
-0.000803
0.000323
0.002148
-0.000432
0.004988
0.000672
0.000995
0.001661
0.001943
-0.000348
-0.002854
-0.000481
-0.003534
-0.000192
-0.000364
0.000901
-0.001382
0.002285
-0.000759
0.001883
-0.003435
0.001305
-0.002721
-0.001839
-0.000849
-0.001609
-0.001338
-0.001335
-0.001138
-0.001221
-0.000316
0.000169
-0.000703
-0.000150
0.000010
0.000042
0.001331
-0.001539
0.002147
0.000629
0.000535
0.001110
-0.001180
0.000034
0.000312
0.000177
-0.000372
0.002185
0.000294
0.004339
0.005029
0.001902
0.003918
0.001549
0.003944
-0.000745
0.002679
-0.000575
0.000719
0.000614
0.002140
0.000514
0.000913
0.001690
0.000282
0.004800
0.000670
0.002683
0.001869
0.003505
0.001597
0.002409
0.002333
0.002361
0.001020
0.002098
0.000153
0.001597
0.001172
0.001239
0.000894
0.000383
0.001266
0.001008
0.000905
0.001207
0.001320
0.003272
0.000935
0.002310
0.001812
0.002367
0.000700
0.002490
0.001030
0.001396
0.001653
0.001518
0.001536
0.001520
0.002405
0.003284
0.002819
0.002955
0.001627
0.003092
0.001652
0.002771
0.002037
0.002598
0.001099
0.002570
0.001758
0.002553
0.002236
0.002216
0.002050
0.003272
0.001535
0.001690
0.001332
0.001503
0.001816
0.000667
0.000727
0.001282
0.000876
0.001372
0.001188
0.001123
0.001959
0.001147
0.001894
0.001817
0.001524
0.001916
0.000974
0.001291
0.001058
0.001631
0.000444
0.002031
0.000933
0.001879
0.001364
0.002145
0.001823
0.002880
0.001693
0.002223
0.002144
0.002005
0.002409
0.002031
0.002028
0.002054
0.001826
0.001524
0.001588
0.001890
0.000559
0.002100
0.001100
0.001359
0.001286
0.001246
0.001228
0.001181
0.001086
0.000921
0.000914
0.000853
0.000902
0.000795
0.000815
0.000711
0.001011
0.000922
0.000500
0.000801
0.000683
0.000407
0.000852
0.000669
0.000518
0.000567
0.000527
0.000468
0.000465
0.000340
0.000645
0.000349
0.000332
0.000486
0.000255
0.000210
0.000162
0.000170
0.000074
0.000057
-0.000018
-0.000018
-0.000140
0.000082
-0.000184
-0.000156
-0.000204
-0.000247
-0.000254
-0.000230
-0.000369
-0.000372
-0.000409
-0.000338
-0.000531
-0.000499
-0.000573
-0.000541
-0.000594
-0.000685
-0.000673
-0.000709
-0.000829
-0.000808
-0.000861
-0.000905
-0.000927
-0.001022
-0.001028
-0.001042
-0.001090
-0.001107
-0.001148
-0.001122
-0.001191
-0.001201
-0.001249
-0.001237
-0.001272
-0.001281
-0.001280
-0.001317
-0.001325
-0.001341
-0.001336
-0.001371
-0.001370
-0.001396
-0.001395
-0.001405
-0.001415
-0.001416
-0.001416
-0.001423
-0.001440
-0.001420
-0.001437
-0.001432
-0.001432
-0.001433
-0.001423
-0.001431
-0.001420
-0.001417
-0.001411
-0.001402
-0.001393
-0.001386
-0.001380
-0.001366
-0.001356
-0.001343
-0.001333
-0.001318
-0.001304
-0.001289
-0.001273
-0.001258
-0.001240
-0.001223
-0.001204
-0.001185
-0.001166
-0.001145
-0.001124
-0.001103
-0.001081
-0.001058
-0.001035
-0.001011
-0.000986
-0.000962
-0.000936
-0.000910
-0.000884
-0.000858
-0.000831
-0.000803
-0.000775
-0.000747
-0.000718
-0.000689
-0.000659
-0.000630
-0.000600
-0.000569
-0.000539
-0.000508
-0.000476
