0.000011
-0.000005
0.000016
-0.000033
-0.000055
-0.000103
-0.000035
-0.000143
-0.000158
0.000066
0.000393
0.000476
0.000154
-0.000351
-0.000536
-0.000771
-0.001003
-0.001159
-0.000854
-0.000665
-0.000215
0.000776
0.000840
-0.000312
-0.001263
-0.001675
-0.000752
0.000615
0.001960
0.002540
0.001724
0.001989
0.003514
0.001340
0.000357
0.001453
0.000408
-0.002567
-0.004901
-0.006204
-0.003505
0.000574
0.005197
0.007167
0.003477
-0.001305
-0.003942
-0.003305
-0.002990
-0.000547
0.005889
0.012368
0.012251
0.006337
-0.004235
-0.007715
-0.007688
-0.010587
-0.013403
-0.009944
0.002500
0.011141
0.014400
0.015655
0.012810
0.004401
-0.005722
-0.006959
0.001862
0.001981
-0.007627
-0.011647
-0.007681
-0.004653
-0.007960
-0.010475
-0.001922
0.007683
0.014301
0.008598
0.001292
0.001080
-0.005921
-0.012423
-0.012855
-0.006507
-0.007439
-0.008321
0.003236
0.011004
0.006196
-0.000580
0.000789
0.007486
0.010322
0.000294
0.000025
0.012206
0.021685
0.013299
-0.008572
-0.019006
-0.022091
-0.025512
-0.026980
-0.023679
-0.005670
0.024942
0.033919
0.015194
0.001054
0.008674
0.003981
-0.015654
-0.031959
-0.027650
0.001032
0.023470
0.021585
0.005254
0.018125
0.038618
0.027254
-0.008329
-0.011320
-0.016238
-0.029062
-0.030974
-0.017913
-0.004535
0.007595
0.008059
-0.001187
-0.009454
0.007372
0.038666
0.048364
0.030674
0.008928
0.004073
0.007808
-0.003124
-0.000532
0.017323
0.013725
-0.015931
-0.034594
-0.021567
-0.012686
-0.026164
-0.032635
-0.014071
0.011496
0.010892
-0.001442
0.011953
0.019901
-0.002405
-0.025502
-0.038465
-0.041126
-0.008192
0.030297
0.039973
0.034497
0.027907
0.009912
0.005132
0.013667
0.004698
-0.019416
-0.018621
-0.001989
-0.012703
-0.019575
0.010784
0.030626
0.013831
-0.033392
-0.054198
-0.020603
0.012152
0.021300
0.014162
-0.001676
-0.013971
-0.024619
-0.017841
-0.002834
-0.003972
-0.002770
0.010108
0.008515
-0.001820
-0.011443
-0.012043
0.000001
0.012559
0.011390
0.006211
0.008003
0.030271
0.050737
0.041148
0.019820
0.006911
0.002429
-0.000681
-0.012279
-0.031862
-0.038697
-0.022051
-0.010935
-0.014439
-0.003366
-0.006299
-0.012221
0.003204
0.015805
0.002531
-0.015998
-0.028114
-0.014548
0.021540
0.049060
0.069139
0.083903
0.075377
0.041551
-0.011560
-0.040681
-0.005009
0.031731
0.026708
-0.006947
-0.034846
-0.024561
-0.004572
-0.008517
-0.023033
-0.027735
-0.026975
-0.037976
-0.060579
-0.060041
-0.015969
0.011889
0.016737
-0.002355
-0.006887
0.006855
0.008085
-0.021930
-0.058238
-0.073759
-0.047770
-0.010330
0.014776
0.032913
0.036999
0.015322
-0.010554
-0.010999
0.013536
0.020139
0.003201
-0.011836
-0.014851
-0.008357
0.011395
0.031427
0.037332
0.016187
-0.006073
-0.006385
0.019198
0.038526
0.054556
0.037327
-0.000273
-0.014303
0.014234
0.015104
-0.013335
-0.015812
0.008392
0.027531
0.024492
0.010925
0.006111
0.021645
0.031004
0.011627
-0.012053
-0.019275
-0.023144
-0.031140
-0.026937
-0.008421
-0.000029
-0.000084
-0.003019
-0.010518
-0.019732
-0.029035
-0.036121
-0.031108
0.001027
0.014667
-0.012653
-0.033910
-0.000646
0.023995
-0.006795
-0.035120
-0.021868
0.014140
0.013932
0.007600
0.023066
0.038704
0.042083
0.033347
0.021344
0.014769
0.003635
-0.018178
-0.027930
-0.031809
-0.041834
-0.061691
-0.077010
-0.044145
0.002572
0.013812
0.005454
0.021633
0.042174
0.035481
0.003405
-0.015432
-0.006336
0.025521
0.061401
0.083373
0.095579
0.088518
0.063737
0.049629
0.042140
0.034173
0.012031
-0.017537
-0.023124
-0.018145
-0.027529
-0.050226
-0.062910
-0.055570
-0.048900
-0.058163
-0.075521
-0.073571
-0.026317
0.004411
-0.010440
-0.023533
-0.018208
0.014942
0.011709
0.015891
0.027946
0.013069
-0.005876
0.014793
0.043301
0.038472
0.006805
-0.022013
-0.029097
-0.005183
0.008444
0.014444
0.031914
0.030883
0.000890
-0.026926
-0.042076
-0.052468
-0.035231
-0.011029
-0.008622
-0.013733
0.002366
0.029992
0.051914
0.040017
0.004157
0.001448
0.014320
-0.005549
-0.029244
-0.026872
-0.010466
-0.015624
-0.039628
-0.065287
-0.085567
-0.078342
-0.045877
-0.009231
0.014022
0.015147
0.005842
-0.000552
-0.000171
0.027333
0.069070
0.099886
0.090516
0.060916
0.030333
0.011491
0.006144
0.002876
-0.003451
-0.013484
-0.023422
-0.023197
-0.004550
0.008077
0.006540
0.027543
0.041602
0.027575
0.002874
-0.020890
-0.041020
-0.048716
-0.044420
-0.033936
-0.020909
0.000607
0.029038
0.042325
0.034863
0.023058
0.013821
0.008935
0.032828
0.059537
0.058839
0.046842
0.048698
0.056131
0.051426
0.035801
0.038905
0.044267
0.012798
-0.019795
-0.002502
0.027815
0.030937
0.008385
-0.030364
-0.037728
-0.016830
-0.004921
-0.028974
-0.064373
-0.071116
-0.026199
-0.005278
-0.035429
-0.064757
-0.052814
-0.011866
0.017056
0.005150
-0.025734
-0.038488
-0.027408
-0.013486
-0.021909
-0.035515
-0.043680
-0.046290
-0.042764
-0.028865
-0.010730
-0.005893
-0.012058
-0.012858
-0.009022
-0.003920
-0.007038
-0.013560
-0.020106
-0.016508
0.011796
0.042621
0.032658
-0.000510
-0.002077
0.020812
0.007436
-0.024501
-0.033843
-0.009823
0.000950
0.002396
0.022878
0.051429
0.082942
0.115995
0.118992
0.089286
0.049616
0.016794
-0.009004
-0.027582
-0.035597
-0.035839
-0.032110
-0.021836
-0.001981
0.019298
0.025292
0.018006
0.023539
0.042211
0.063054
0.041868
-0.011812
-0.058308
-0.094063
-0.135885
-0.173990
-0.153397
-0.060691
0.018288
0.008092
-0.027898
-0.008636
0.040342
0.096504
0.096446
0.075698
0.075196
0.039657
-0.014776
-0.046035
-0.062851
-0.057799
-0.035238
-0.019393
-0.021691
-0.029978
-0.023323
-0.016949
-0.023788
-0.034882
-0.045101
-0.048730
-0.050562
-0.052179
-0.060917
-0.077881
-0.080896
-0.045599
-0.028369
-0.027425
0.013041
0.055504
0.072602
0.080410
0.086011
0.084313
0.072810
0.054151
0.034130
0.019362
0.025062
0.049998
0.089668
0.117687
0.114181
0.107578
0.113253
0.117670
0.102957
0.066880
0.036615
0.022056
0.012749
-0.005658
-0.052822
-0.113290
-0.119210
-0.091751
-0.075973
-0.065872
-0.052916
-0.026403
0.013426
0.035410
0.013681
-0.018435
-0.021889
-0.010071
-0.017553
-0.016615
0.000049
-0.008667
-0.025757
-0.019191
0.016557
0.054025
0.083679
0.112989
0.118680
0.105263
0.084133
0.054202
0.020467
-0.013166
-0.048781
-0.074988
-0.090090
-0.096595
-0.086037
-0.058072
-0.032460
-0.030820
-0.036106
-0.039141
-0.042098
-0.044146
-0.040909
-0.030095
-0.014332
0.002388
0.012731
0.009726
0.003784
0.001408
0.008566
0.024296
0.028961
0.013546
-0.010477
-0.030605
-0.042678
-0.049313
-0.053961
-0.056362
-0.052762
-0.036861
-0.018148
-0.016863
-0.025609
-0.015845
-0.015654
-0.033450
-0.049385
-0.051155
-0.038622
-0.022751
-0.011498
-0.010854
-0.011801
-0.006210
0.017035
0.046210
0.063283
0.056834
0.043924
0.036145
0.039254
0.042297
0.032889
0.034346
0.034897
0.023237
0.040108
0.068952
0.086263
0.078870
0.060970
0.049188
0.063011
0.091688
0.093586
0.068935
0.053969
0.037261
0.009494
-0.012673
-0.009856
-0.004968
-0.023792
-0.045537
-0.056421
-0.063667
-0.052850
-0.039205
-0.044565
-0.049601
-0.040483
-0.022060
-0.032249
-0.055307
-0.054288
-0.033118
-0.028301
-0.030818
-0.028884
-0.018901
-0.008778
-0.008978
-0.011327
-0.011827
-0.008089
0.005296
0.013288
0.002846
-0.014580
-0.015570
0.005376
0.018859
0.005931
-0.015479
-0.023858
-0.003794
0.021012
0.040455
0.040175
0.019690
0.004329
0.013431
0.033879
0.052786
0.059782
0.030819
-0.004634
-0.015153
-0.005084
0.008962
0.007107
0.001564
-0.003065
-0.005221
0.001506
0.029322
0.048899
0.051480
0.047907
0.053178
0.054398
0.038864
0.016386
0.004605
-0.014136
-0.039177
-0.059454
-0.048627
-0.045402
-0.065937
-0.085222
-0.092278
-0.093807
-0.090934
-0.082670
-0.070533
-0.057022
-0.034657
-0.009375
0.011705
0.024079
0.028484
0.023424
0.014553
0.008343
0.023334
0.033958
0.026065
0.019313
0.009151
0.003160
0.013606
0.027856
0.034076
0.035276
0.028966
0.018773
0.001443
-0.021081
-0.043806
-0.063479
-0.075345
-0.073377
-0.059845
-0.024756
0.005322
0.037359
0.068982
0.090593
0.092847
0.088713
0.086299
0.081680
0.068144
0.048181
0.026239
0.004690
-0.014841
-0.030275
-0.041145
-0.033189
-0.009590
0.006093
-0.002141
-0.016787
-0.017123
-0.009716
-0.019179
-0.030187
-0.029444
-0.011746
0.012865
0.027736
0.032428
0.027175
0.013965
0.004607
-0.015923
-0.036976
-0.045221
-0.047325
-0.044036
-0.042249
-0.041722
-0.032719
-0.025882
-0.029276
-0.025063
-0.004282
0.020983
0.051713
0.072443
0.083825
0.069907
0.036478
0.002560
-0.018698
-0.024619
-0.031635
-0.040644
-0.048677
-0.042741
-0.025778
-0.009973
-0.003248
-0.003503
-0.000467
0.019147
0.020303
0.000267
-0.020270
-0.037049
-0.046969
-0.052221
-0.052760
-0.047271
-0.037266
-0.023917
0.004193
0.030167
0.038045
0.039619
0.041158
0.042531
0.042819
0.045203
0.048794
0.053958
0.058528
0.064297
0.070952
0.072440
0.072263
0.065938
0.051853
0.032891
0.026948
0.028465
0.011151
-0.009843
-0.010119
0.002433
0.006065
-0.004676
-0.023079
-0.037302
-0.038764
-0.041003
-0.046532
-0.047832
-0.041260
-0.033327
-0.029478
-0.028910
-0.030612
-0.035387
-0.038238
-0.043538
-0.051222
-0.054026
-0.054815
-0.061330
-0.069009
-0.065832
-0.041806
-0.005102
0.025886
0.048312
0.054648
0.048117
0.045508
0.052846
0.048345
0.035132
0.023810
0.013086
0.004904
0.017035
0.035196
0.047343
0.056450
0.061355
0.065579
0.073353
0.078094
0.077449
0.063682
0.034304
0.006326
-0.013460
-0.025443
-0.035437
-0.042080
-0.041892
-0.036670
-0.030144
-0.032808
-0.040979
-0.046561
-0.038899
-0.029271
-0.032338
-0.038177
-0.040159
-0.039393
-0.042009
-0.047362
-0.047568
-0.038423
-0.029637
-0.021267
-0.016681
-0.017313
-0.020210
-0.024011
-0.028162
-0.025156
-0.017208
-0.009942
-0.001540
0.010684
0.026017
0.034582
0.029993
0.016015
-0.001981
-0.013893
-0.014143
-0.008494
-0.004953
-0.005535
-0.008499
-0.012188
-0.010749
-0.003589
0.006907
0.019479
0.021933
0.012946
0.001682
-0.011169
-0.020057
-0.015356
-0.000910
0.009850
0.016727
0.018655
0.016391
0.014657
0.025319
0.042584
0.050209
0.041360
0.021441
0.001547
-0.011062
-0.019609
-0.023966
-0.017541
-0.003666
-0.006709
-0.012739
-0.014782
-0.015430
-0.012475
-0.002806
0.009058
0.019504
0.024023
0.020222
0.016122
0.017005
0.024934
0.038921
0.045906
0.046195
0.041522
0.037078
0.026672
0.012082
0.000874
-0.004222
0.001071
0.010244
0.012976
0.013352
0.009789
0.003528
-0.003996
-0.005915
-0.007605
-0.011384
-0.012331
-0.010420
-0.007974
-0.007408
-0.008971
-0.006596
-0.002326
-0.000859
-0.003401
-0.006913
-0.007418
-0.005741
-0.004707
-0.004512
-0.002308
0.000545
0.001328
-0.003030
-0.008169
-0.009950
-0.009977
-0.010834
-0.009992
-0.006169
-0.003912
-0.002995
-0.003078
-0.001840
0.001913
0.003494
0.003241
0.001205
0.001389
0.001896
0.001873
0.000727
-0.002044
-0.005817
-0.007139
-0.007561
-0.005858
-0.005631
-0.008577
-0.013030
-0.012993
-0.011249
-0.006711
-0.002875
-0.002707
-0.008608
-0.014347
-0.023644
-0.034293
-0.038820
-0.030218
-0.015600
-0.001535
0.000904
-0.001994
-0.000549
0.002759
0.003709
0.002175
-0.000077
-0.005000
-0.008599
-0.010638
-0.010922
-0.009232
-0.005112
0.003192
0.015821
0.030245
0.040676
0.039036
0.032366
0.026064
0.017567
0.008735
0.007015
0.007935
0.005928
0.002878
-0.000684
-0.000289
0.004249
0.010631
0.015935
0.020222
0.018237
0.009516
-0.000837
-0.010889
-0.016463
-0.014022
-0.008043
-0.003353
-0.000194
0.003133
0.008187
0.012389
0.011178
0.008116
0.004567
0.001092
-0.001780
-0.004002
-0.005109
-0.002984
0.000181
0.003518
0.005338
0.005033
0.002741
-0.000393
-0.004249
-0.008261
-0.011364
-0.008105
-0.002027
0.002420
0.006985
0.011536
0.014325
0.013531
0.010480
0.006108
0.001163
-0.000108
0.002371
-0.003540
-0.016307
-0.026294
-0.030048
-0.028597
-0.021712
-0.012015
0.001036
0.009216
0.008621
0.006158
0.006631
0.011866
0.017216
0.020924
0.022152
0.021266
0.017466
0.012333
0.006645
0.004156
0.002963
0.001289
-0.001183
-0.005056
-0.010913
-0.016017
-0.016763
-0.011363
-0.005149
-0.003734
-0.005927
-0.008767
-0.011387
-0.011272
-0.007756
-0.001971
0.005635
0.011990
0.014142
0.011801
0.010066
0.010730
0.012613
0.014363
0.011137
0.004286
-0.003857
-0.012293
-0.021103
-0.027125
-0.029997
-0.027647
-0.023190
-0.023197
-0.023939
-0.021215
-0.018131
-0.016996
-0.018527
-0.021779
-0.023627
-0.020570
-0.014301
-0.008145
-0.004348
-0.003379
-0.003711
-0.004726
-0.004769
-0.000801
0.004302
0.009970
0.015119
0.016548
0.012413
0.006512
0.002431
0.003908
0.005502
0.004708
0.002012
0.000154
0.001215
0.005846
0.009397
0.007748
0.004894
0.004903
0.007270
0.011368
0.015296
0.021438
0.026742
0.027148
0.021278
0.015202
0.009943
0.008919
0.010696
0.014508
0.016169
0.015056
0.011621
0.008407
0.006364
0.001625
-0.005689
-0.008341
-0.008388
-0.007664
-0.008332
-0.008469
-0.009524
-0.011971
-0.016295
-0.021495
-0.025307
-0.027273
-0.028012
-0.024477
-0.018813
-0.012139
-0.008805
-0.006074
-0.006648
-0.005191
-0.003914
-0.008228
-0.012234
-0.010834
-0.004956
0.000415
0.005792
0.013131
0.017126
0.011895
0.006561
0.002541
-0.003214
-0.007855
-0.007455
-0.004094
-0.003749
-0.004133
-0.001603
0.002281
0.006190
0.012073
0.016183
0.018754
0.020809
0.018361
0.013084
0.008092
0.003414
-0.000712
-0.003835
-0.005035
-0.002087
0.003564
0.008185
0.010416
0.012145
0.015777
0.014648
0.011717
0.008411
0.005490
0.004420
0.007173
0.011916
0.013239
0.013302
0.014772
0.015134
0.012878
0.009567
0.007347
0.005272
0.002828
0.002307
0.003486
0.004336
0.003320
0.001720
-0.000407
-0.001689
-0.002573
-0.002910
-0.002167
0.001561
0.004917
0.006306
0.007649
0.006968
0.004432
0.000577
-0.003101
-0.003284
-0.001510
-0.001260
0.001027
0.000972
-0.002235
-0.004037
-0.004153
-0.006739
-0.005837
-0.003101
-0.000895
-0.000222
0.000565
0.001989
0.001908
0.000992
-0.002741
-0.008618
-0.010053
-0.008378
-0.005796
-0.004647
-0.004717
-0.003988
-0.003987
-0.006721
-0.008924
-0.009432
-0.009594
-0.009949
-0.009133
-0.008623
-0.009033
-0.008893
-0.008370
-0.008293
-0.008297
-0.010643
-0.010524
-0.011766
-0.012848
-0.013574
-0.012889
-0.012738
-0.012126
-0.011402
-0.010493
-0.009332
-0.008163
-0.005581
-0.002724
0.001677
0.004774
0.004617
0.004408
0.004223
0.004189
0.001998
-0.000706
-0.003535
-0.008556
-0.011113
-0.008044
-0.005818
-0.007831
-0.006904
-0.002317
0.000900
0.001476
0.000308
0.001337
0.004387
0.005764
0.006242
0.005365
0.003330
0.002762
0.001052
-0.002259
-0.004992
-0.005082
-0.002668
0.001862
0.007803
0.013618
0.019551
0.023152
0.025604
0.025908
0.023448
0.019467
0.015744
0.012668
0.011474
0.011209
0.011803
0.013303
0.014400
0.011787
0.007658
0.005916
0.006275
0.005250
-0.000437
-0.006600
-0.008691
-0.009487
-0.011473
-0.014743
-0.014141
-0.012202
-0.013406
-0.014141
-0.012680
-0.011914
-0.009332
-0.006318
-0.002514
-0.001362
-0.000670
-0.000881
-0.001849
-0.001343
0.000710
0.002606
0.000801
-0.001184
-0.003293
-0.005364
-0.007408
-0.008017
-0.008158
-0.006572
-0.005375
-0.005733
-0.005088
-0.005826
-0.005971
-0.006340
-0.006019
-0.005612
-0.005062
-0.003305
-0.001626
-0.000683
0.000348
0.002288
0.001482
0.003876
0.007331
0.009017
0.008679
0.007114
0.003134
-0.000576
-0.002015
-0.003200
-0.003306
-0.000264
0.003436
0.005364
0.005516
0.005795
0.007556
0.010161
0.012705
0.013078
0.011931
0.010705
0.007990
0.007995
0.008942
0.007606
0.008202
0.008391
0.006932
0.003069
0.001370
0.001944
0.002582
0.000737
-0.000535
-0.000041
-0.003211
-0.005341
-0.006533
-0.006662
-0.006095
-0.004080
-0.004955
-0.008026
-0.010329
-0.012758
-0.014638
-0.016430
-0.015550
-0.013347
-0.012419
-0.008575
-0.004316
-0.000169
0.000235
0.002504
0.005296
0.007332
0.008020
0.008671
0.009773
0.008858
0.006711
0.005720
0.005488
0.003352
0.002159
0.000787
0.000349
-0.001176
-0.001331
-0.002515
-0.000846
-0.001851
-0.003258
-0.004641
-0.006272
-0.005575
-0.003341
-0.000275
0.001324
0.003934
0.004106
0.004540
0.006100
0.007282
0.008369
0.009261
0.009505
0.007438
0.005280
0.005428
0.004819
0.004756
0.005958
0.006160
0.005961
0.005185
0.003573
0.000493
-0.000636
-0.001110
-0.001665
-0.001706
0.001326
0.005799
0.008997
0.010615
0.007297
0.004876
0.001747
-0.001627
-0.002807
-0.004570
-0.003833
-0.003427
-0.002557
-0.003005
-0.004050
-0.003218
-0.003148
-0.003765
-0.005094
-0.005977
-0.006026
-0.003785
-0.001546
-0.002003
-0.003049
-0.003706
-0.003770
-0.001663
0.001440
0.002293
0.001601
0.001252
-0.000542
-0.001626
-0.000602
-0.000501
0.000982
-0.001667
-0.004421
-0.005470
-0.005216
-0.001885
0.001172
0.002991
0.001817
-0.000767
-0.004551
-0.006739
-0.007741
-0.010571
-0.011992
-0.012687
-0.013319
-0.016024
-0.016041
-0.014048
-0.012755
-0.010937
-0.010400
-0.009720
-0.008844
-0.008575
-0.008469
-0.006460
-0.005189
-0.005474
-0.001572
0.000026
0.002699
0.008001
0.010647
0.012272
0.011985
0.011112
0.008390
0.005341
0.004034
0.003934
0.004331
0.004699
0.005468
0.005770
0.004771
0.004539
0.004329
0.003614
0.002974
0.002919
0.003271
0.002602
0.001476
0.001851
0.003586
0.004654
0.005618
0.006633
0.007188
0.006431
0.006093
0.004610
0.002555
-0.000846
-0.002029
-0.001638
-0.002321
-0.001356
0.000441
0.003203
0.005017
0.005567
0.004748
0.002079
0.001667
0.000426
-0.001144
-0.002480
-0.003162
-0.002747
-0.004135
-0.004374
-0.003167
-0.000367
0.002786
0.005089
0.004477
0.004904
0.003639
0.000577
-0.000867
-0.002166
-0.003218
-0.003071
-0.001485
-0.000297
-0.000087
0.001147
0.000645
-0.000497
-0.000646
-0.002130
-0.005749
-0.007656
-0.008703
-0.007859
-0.007640
-0.006019
-0.002500
-0.000015
0.002417
0.003016
0.002844
0.002900
0.001692
-0.000311
-0.000024
0.001486
0.001128
0.002856
0.005253
0.007217
0.007253
0.005020
0.004688
0.004252
0.002235
0.000437
-0.004942
-0.007982
-0.008406
-0.009999
-0.009922
-0.008297
-0.005421
-0.001889
0.003460
0.009047
0.009841
0.009910
0.009983
0.008075
0.004618
0.001807
0.000534
0.001022
0.002402
0.003445
0.003899
0.003876
0.002529
0.001101
-0.000470
-0.002191
-0.004423
-0.005887
-0.005115
-0.004803
-0.004043
-0.002268
-0.000389
-0.000145
0.000193
-0.000344
0.000373
0.001450
0.002017
0.002653
0.002472
0.002231
0.003043
0.003317
0.003133
0.003824
0.002662
0.001270
-0.000145
-0.000895
-0.000834
-0.000649
-0.000366
0.000215
0.000850
0.001188
-0.000065
-0.000506
-0.001120
-0.001127
-0.000882
-0.001109
-0.002197
-0.002039
-0.001857
-0.002410
-0.001859
-0.001563
-0.001175
-0.001075
-0.000668
0.000323
0.000723
0.001957
0.005796
0.006857
0.005942
0.004380
0.004595
0.004958
0.004641
0.004943
0.003074
0.001660
0.000423
-0.002383
-0.003389
-0.003171
-0.003478
-0.002930
-0.002748
-0.001921
-0.001363
-0.001534
-0.002386
-0.002474
-0.002504
-0.000924
-0.001147
-0.001850
-0.001043
-0.002540
-0.003533
-0.003336
-0.001861
0.000284
0.002288
0.003189
0.002620
0.000170
-0.000742
-0.000759
0.000379
0.001742
0.001848
0.000975
0.000437
-0.000265
-0.000647
-0.000756
-0.001658
-0.003815
-0.004065
-0.005868
-0.005886
-0.006243
-0.006167
-0.004483
-0.005086
-0.006053
-0.006795
-0.006222
-0.004598
-0.004531
-0.003495
-0.002916
-0.002960
-0.004164
-0.005436
-0.006558
-0.008207
-0.010039
-0.010256
-0.009436
-0.008717
-0.008102
-0.006878
-0.005815
-0.005365
-0.004923
-0.003516
-0.002006
-0.001618
-0.001169
-0.000730
-0.000899
-0.002419
-0.002486
-0.001177
-0.000702
-0.000031
0.002577
0.005520
0.006786
0.007126
0.008641
0.008374
0.007806
0.005917
0.004445
0.003070
0.003875
0.005011
0.005994
0.006262
0.006200
0.006035
0.005559
0.005227
0.003372
0.002218
0.002264
0.002865
0.002576
0.002405
0.000728
0.001711
0.001707
0.000975
0.001608
0.003356
0.005008
0.004900
0.004608
0.003045
0.001004
-0.000123
-0.000819
-0.000360
-0.000590
-0.002552
-0.002498
-0.001957
-0.002025
-0.001650
-0.001008
-0.001274
-0.000285
0.000403
0.001210
0.004039
0.005402
0.006655
0.007295
0.006665
0.005596
0.004286
0.003883
0.003838
0.003228
0.001864
0.002573
0.002660
0.002711
0.003413
0.003383
0.003197
0.002545
0.000972
0.000959
0.001013
0.001062
0.000887
0.000310
-0.000808
-0.000650
-0.000714
0.000850
0.000639
0.001096
0.000138
-0.000237
0.000884
0.001786
0.003191
0.004345
0.003265
0.002693
0.000254
-0.000441
-0.000618
-0.000936
-0.000459
0.000012
0.000397
0.000182
0.000007
-0.000200
0.000959
-0.000168
-0.000762
0.000175
0.001806
-0.000203
-0.000282
-0.000426
-0.001060
-0.000505
-0.000296
-0.001085
-0.000423
0.001215
0.001820
0.001897
0.002085
0.002163
0.002068
0.001583
0.001437
0.001623
0.000575
-0.000520
-0.001016
-0.002380
-0.001989
-0.001446
0.000137
0.001762
0.002465
0.000605
0.000032
-0.001539
-0.003447
-0.003220
-0.002725
-0.003259
-0.001909
-0.002380
-0.001721
-0.001364
-0.000737
0.000443
-0.000346
-0.000423
-0.001836
-0.003596
-0.006270
-0.006442
-0.007306
-0.006457
-0.005741
-0.005193
-0.004688
-0.004873
-0.003977
-0.003981
-0.004424
-0.004324
-0.004020
-0.004406
-0.005188
-0.005041
-0.004202
-0.004545
-0.003630
-0.002428
-0.002315
-0.002413
-0.001829
-0.001047
0.000194
0.000987
0.002334
0.004027
0.004784
0.002799
0.000542
-0.000105
-0.000044
-0.000502
-0.000470
-0.001451
-0.001142
-0.000762
-0.001589
-0.002796
-0.002579
-0.002101
-0.002510
-0.002586
-0.001867
-0.003535
-0.004509
-0.005574
-0.005509
-0.004471
-0.003221
-0.000190
0.002231
0.002047
0.003230
0.003235
0.001436
0.000205
-0.002451
-0.004664
-0.005697
-0.006256
-0.005774
-0.004000
-0.003204
-0.002734
-0.001209
0.000535
0.000912
0.000408
0.001525
0.002025
0.002819
0.003265
0.003989
0.003680
0.004889
0.004757
0.004849
0.004251
0.002793
0.001647
0.001441
0.001730
0.000956
0.002323
0.001714
0.002545
0.004012
0.003481
0.002752
0.002840
0.001832
0.000684
0.000923
0.001307
0.001342
0.002166
0.002910
0.003380
0.003922
0.004124
0.005048
0.006108
0.007269
0.007725
0.006398
0.004970
0.004261
0.002825
0.001263
0.001387
0.002014
0.003578
0.003660
0.003559
0.002310
0.001791
0.002596
0.002925
0.002449
0.002392
0.001462
0.001824
0.001969
0.001803
0.001571
0.002084
0.001424
0.000696
0.001462
0.001942
0.002110
0.002085
0.002618
0.003662
0.001388
-0.000680
-0.001473
-0.001927
-0.001523
0.000012
0.001652
0.002274
0.003724
0.004412
0.003336
0.002794
0.002611
0.000342
-0.002051
-0.002721
-0.003686
-0.004870
-0.005289
-0.005063
-0.005153
-0.004861
-0.005909
-0.006447
-0.006117
-0.006454
-0.006203
-0.005813
-0.005530
-0.005151
-0.005057
-0.004113
-0.003856
-0.004349
-0.004008
-0.003990
-0.004401
-0.003719
-0.004819
-0.006239
-0.006727
-0.007015
-0.005211
-0.004975
-0.004895
-0.003766
-0.002901
-0.001248
-0.000658
0.000172
0.000609
0.000620
0.000830
0.000886
0.001093
0.001026
0.000596
0.000805
0.001116
0.000653
0.000161
0.000727
0.001466
0.001664
0.001392
0.000328
0.000368
0.000161
-0.000323
-0.000946
-0.000057
-0.000575
-0.000308
-0.000065
0.000426
0.000328
0.001385
0.001471
0.003482
0.003846
0.004089
0.003306
0.004436
0.003935
0.002726
0.002962
0.002917
0.002190
0.001279
0.002777
0.002837
0.002751
0.005328
0.006945
0.005810
0.007141
0.006211
0.006296
0.005279
0.002560
0.001126
-0.000345
-0.000839
-0.000191
0.000164
-0.000632
-0.001738
-0.002855
-0.002938
-0.002660
-0.002230
-0.002324
-0.001976
-0.000645
-0.000871
-0.000191
-0.000544
-0.000889
-0.000030
-0.000095
-0.000121
-0.000109
-0.000050
-0.001579
-0.002405
-0.001326
-0.000117
-0.000414
-0.000456
0.000235
0.000851
0.001465
0.002794
0.003591
0.003805
0.003518
0.002985
0.002675
0.002124
0.001749
0.001380
0.000587
-0.001226
-0.001416
-0.001457
-0.001842
-0.003648
-0.003890
-0.003391
-0.003413
-0.003199
-0.004260
-0.005311
-0.004651
-0.005490
-0.005283
-0.004487
-0.003460
-0.003023
-0.004378
-0.003707
-0.003263
-0.002396
-0.001089
-0.000464
0.001344
0.001563
0.001425
0.001341
0.001419
0.000049
-0.001296
-0.001337
-0.001846
-0.002300
-0.000973
-0.001384
-0.001180
-0.001023
-0.001336
-0.000558
0.000436
0.001370
0.001575
0.001329
0.000605
-0.000185
-0.000483
-0.001317
-0.001346
-0.001922
-0.001982
-0.000904
0.000325
0.002386
0.002219
0.001885
0.001181
-0.000087
-0.000113
0.000398
0.000389
0.001603
0.002168
0.002554
0.001558
0.002633
0.002727
0.002449
0.003055
0.003020
0.002730
0.003801
0.004673
0.004368
0.004090
0.004096
0.004817
0.004996
0.004178
0.004155
0.002991
0.002054
0.001256
0.000352
0.000550
-0.001053
-0.001657
-0.001886
-0.001801
-0.001275
0.000952
0.003135
0.002962
0.001155
0.000696
0.000126
-0.001664
-0.002507
-0.002233
-0.002186
-0.002098
-0.001667
-0.000510
0.000057
0.001034
0.000607
0.000582
-0.000860
-0.001366
-0.002257
-0.001391
0.000308
-0.000531
-0.000764
-0.000617
0.000050
0.000538
-0.000834
-0.001527
-0.001255
-0.002007
-0.002305
-0.003308
-0.003217
-0.002759
-0.001098
0.000162
0.000944
0.001327
0.000959
0.000924
0.000100
-0.000341
-0.001070
-0.000159
0.000321
-0.000605
-0.001404
-0.002982
-0.003733
-0.002823
-0.001956
-0.003846
-0.002419
-0.002598
-0.001816
-0.001711
-0.002318
-0.003099
-0.002722
-0.002648
-0.001744
-0.001751
-0.001153
-0.000637
0.000071
0.000595
0.000498
0.000500
0.001901
0.002776
0.002180
0.002229
0.001796
0.002359
0.001971
0.001516
0.000654
-0.000454
-0.000474
0.000544
0.001045
0.001458
0.001419
0.000553
0.000610
-0.000236
-0.000174
0.000489
0.000180
0.000307
0.000100
-0.000020
-0.001970
-0.001569
-0.001067
-0.000718
-0.000935
-0.001389
-0.001662
-0.001449
-0.001339
-0.001317
-0.002350
-0.001221
-0.000079
0.000484
0.002481
0.002142
0.002824
0.001618
0.000723
-0.000113
-0.000142
0.001199
0.001019
0.001174
0.000572
0.000429
0.001213
0.000329
-0.000691
-0.000537
0.000783
0.001234
-0.000444
-0.001383
-0.000993
-0.001587
-0.002570
-0.000696
0.000452
0.001384
0.002749
0.004594
0.005898
0.005284
0.002615
0.000749
0.000282
-0.001719
-0.001196
-0.002539
-0.003312
-0.002739
-0.002147
-0.000492
-0.000762
0.000657
0.000996
0.000732
-0.000257
-0.001160
-0.001938
-0.001904
-0.001797
-0.000264
0.000827
-0.000000
-0.000336
0.001121
0.000258
0.000083
0.000976
0.001944
0.000495
0.000851
0.002459
0.003655
0.004407
0.005002
0.005396
0.004569
0.003110
0.002125
0.000423
-0.000701
-0.000638
0.000765
0.001761
0.001405
0.002022
0.001326
0.000935
0.000909
0.000647
0.000023
-0.000666
-0.000907
-0.000840
0.000472
0.000400
0.001742
0.002299
0.002410
0.003571
0.003488
0.001405
0.000409
-0.000230
-0.000727
-0.001766
-0.002655
-0.002110
-0.003430
-0.003725
-0.004606
-0.004849
-0.004287
-0.004614
-0.003364
-0.002455
-0.002613
-0.000884
0.000422
0.000598
-0.000448
-0.000860
-0.000088
-0.000858
-0.002549
-0.002041
-0.002557
-0.001981
-0.001969
-0.002675
-0.002667
-0.001056
-0.001920
-0.001693
-0.001425
-0.001424
-0.001320
-0.000713
0.000510
0.000732
0.000132
0.000465
0.000464
0.000768
0.001277
-0.000020
-0.000327
-0.000596
0.000893
0.001507
0.001473
0.003094
0.003587
0.002726
0.002488
0.002005
0.001017
0.000486
-0.000132
0.000280
-0.000278
-0.000478
-0.000977
-0.001598
-0.001317
-0.001183
-0.000913
-0.000812
-0.000551
-0.001183
-0.001542
-0.000812
0.000005
0.000954
0.002321
0.003111
0.002271
0.001945
0.002762
0.003735
0.003244
0.001167
0.001064
0.000560
-0.000509
-0.000626
0.000865
0.000607
-0.001079
-0.001554
-0.002274
-0.002581
-0.002692
-0.003554
-0.003716
-0.003328
-0.002237
-0.000798
-0.001405
-0.000536
-0.000138
0.000577
0.000905
0.001241
0.002305
0.002417
0.002244
0.002481
0.003148
0.003766
0.003824
0.002811
0.001416
0.002064
0.002410
0.000992
0.000011
-0.001735
-0.000762
0.000691
0.000646
-0.000586
-0.001810
-0.001078
-0.000774
0.000049
0.000991
0.001468
0.002390
0.002554
0.002291
0.001963
0.001986
0.000910
-0.001116
-0.002945
-0.003153
-0.002726
-0.001761
-0.001905
-0.000994
0.000340
-0.000288
-0.000693
0.000137
0.000115
0.000023
-0.000053
0.000012
-0.000442
-0.000751
-0.001595
-0.001686
-0.001123
-0.000532
0.000080
-0.000045
-0.000065
-0.000076
-0.000049
-0.000160
-0.000180
-0.000234
-0.000506
-0.001474
-0.001619
-0.001471
-0.000936
-0.000662
-0.001541
-0.002756
-0.003021
-0.003149
-0.003212
-0.002917
-0.002474
-0.002294
-0.001834
-0.001795
-0.000633
0.000988
0.003228
0.003340
0.004065
0.003023
0.001892
0.002025
0.001725
0.001578
0.001336
0.001285
0.001051
0.000989
0.000819
0.000405
-0.001273
-0.001366
-0.001251
-0.000472
0.000952
0.000962
0.000265
-0.000653
-0.000660
-0.000611
-0.001414
-0.002571
-0.001527
-0.000795
-0.000550
-0.000179
-0.000963
0.000559
0.001943
0.001094
-0.000379
-0.000055
-0.000734
-0.001256
-0.001410
-0.001579
-0.000679
-0.000207
0.000263
0.000838
0.000869
0.002181
0.002052
0.001240
0.000836
0.000696
0.000767
0.000745
0.000653
-0.000151
-0.000313
-0.000883
-0.001383
-0.000535
0.000490
0.000206
0.000702
0.000250
-0.000122
-0.000376
-0.000755
-0.000487
-0.000481
-0.000249
-0.000314
0.000350
0.000190
0.000070
0.000195
0.000240
0.000222
0.000309
0.000331
0.000399
0.000403
0.000465
0.000467
0.000483
0.000718
0.001309
0.001106
0.001218
0.001091
0.000585
0.000250
0.000310
0.000285
0.000280
0.000264
0.000288
0.000258
0.000277
0.000241
0.000285
-0.000008
-0.000817
-0.001411
-0.001408
-0.001426
-0.001179
-0.001001
-0.000770
-0.000632
-0.000417
-0.000322
-0.000120
-0.000076
0.000279
0.000651
0.001425
0.001504
0.001528
0.001115
0.000785
0.000595
0.000574
0.000247
0.000370
0.000240
0.000135
0.000619
0.000836
0.000621
0.000780
0.000772
0.000694
0.000384
0.000525
0.000265
0.000155
0.000093
0.000225
0.000329
0.000187
-0.000005
0.000042
-0.000194
-0.000231
-0.000283
-0.000009
0.000008
0.000065
-0.000175
-0.000291
-0.000463
-0.000572
-0.000527
-0.000532
-0.000537
-0.000517
-0.000540
-0.000393
-0.000576
-0.000570
-0.000459
-0.000500
-0.000464
-0.000475
-0.000438
-0.000442
-0.000387
-0.000483
-0.000574
-0.000629
-0.000556
-0.000522
-0.000458
-0.000436
-0.000313
-0.000258
-0.000209
-0.000216
-0.000225
-0.000177
-0.000117
-0.000077
-0.000076
-0.000026
-0.000037
0.000012
0.000046
0.000011
0.000025
0.000026
0.000010
-0.000006
-0.000007
-0.000017
-0.000045
-0.000105
-0.000100
-0.000109
-0.000125
-0.000111
-0.000090
-0.000036
-0.000009
0.000012
0.000030
0.000035
0.000044
0.000047
0.000061
0.000078
0.000089
0.000097
0.000101
0.000099
0.000092
0.000078
0.000082
0.000076
0.000071
0.000069
0.000079
0.000084
0.000088
0.000090
0.000094
0.000099
0.000100
0.000097
0.000098
0.000097
0.000097
0.000094
0.000094
0.000091
0.000088
0.000086
0.000084
0.000081
0.000077
0.000074
0.000070
0.000066
0.000063
0.000058
0.000054
0.000050
0.000046
0.000041
0.000037
0.000032
0.000028
0.000023
0.000018
0.000013
0.000009
0.000004
-0.000000
-0.000005
-0.000009
-0.000013
-0.000017
