-0.000056
-0.000962
-0.000850
-0.000311
0.000205
0.000608
0.001231
0.001415
0.001059
0.000395
-0.000177
0.000355
-0.000266
-0.001195
-0.000516
0.000430
-0.000217
0.000961
0.001141
-0.000894
0.000342
0.000565
-0.000678
0.001024
-0.000541
-0.001297
0.002607
0.001565
0.000266
0.002041
-0.000158
-0.001660
-0.000402
-0.001988
-0.002113
-0.001525
-0.002748
-0.000510
0.000093
0.001425
0.000800
-0.000597
0.000359
0.000525
0.001163
0.000287
0.000929
0.000876
-0.002549
-0.003741
-0.000084
0.001651
0.002550
0.000226
-0.000898
0.001261
-0.001339
-0.002416
-0.004272
-0.005728
-0.000181
0.003836
0.005208
0.002034
0.000434
0.000019
0.000001
-0.001080
-0.002277
-0.002594
-0.004325
0.000555
0.003032
0.001555
0.001472
0.001730
0.001056
-0.000327
-0.001750
0.002798
0.002662
-0.001583
-0.001400
-0.001008
-0.000872
0.000452
0.002301
0.002302
-0.000328
-0.003235
-0.001875
0.000107
-0.001103
-0.002338
-0.001587
0.000294
0.001686
0.002762
0.004319
-0.000062
-0.000380
0.001497
0.000080
0.000072
-0.002454
-0.004405
-0.001279
-0.002142
-0.000660
0.001589
0.004849
0.004795
0.001528
0.001594
-0.001641
-0.001286
-0.003660
-0.003865
-0.000388
0.001333
0.001303
0.001471
0.002224
0.000562
-0.002014
-0.001339
0.002473
-0.001327
-0.004523
-0.003378
-0.001269
0.001897
0.004207
0.004262
-0.001993
-0.001824
-0.002495
-0.002609
-0.000944
-0.006054
-0.002572
0.004335
0.001998
0.002764
0.003034
0.001023
0.001237
-0.001288
0.002020
0.004925
0.002310
-0.002657
-0.001852
0.000342
-0.001234
-0.001831
-0.000693
-0.001624
-0.001014
0.001588
0.003239
0.004737
0.004083
0.000615
-0.003650
-0.001983
0.000563
0.004559
0.000301
-0.003243
-0.001709
0.003223
0.010119
0.002157
-0.000603
-0.002034
-0.001760
-0.001792
-0.001933
0.001561
-0.002734
-0.007148
-0.002720
0.005689
0.001503
-0.002233
-0.003638
-0.002069
-0.002746
-0.003663
-0.000737
0.001989
0.005993
0.000396
0.002792
0.001476
-0.000259
0.000915
-0.002784
-0.001703
-0.003863
-0.000357
0.003284
0.004923
0.004579
0.002482
0.001442
-0.003318
-0.002158
-0.004576
-0.003963
-0.000487
-0.002570
0.004153
0.004446
-0.001975
-0.005507
-0.004487
-0.001620
0.000591
-0.001914
-0.003049
-0.001437
0.000971
0.003693
0.000524
0.006738
0.004531
0.001723
0.006478
0.003092
0.000375
0.004211
0.012684
0.002024
-0.007684
-0.003710
-0.005352
-0.004567
-0.004065
-0.001727
-0.000964
0.002394
0.006414
0.006215
-0.002255
-0.007908
-0.002722
0.003578
0.004566
-0.001001
-0.004045
-0.007337
-0.002921
-0.001240
-0.000124
0.002405
-0.000481
0.004271
0.004861
-0.002976
-0.005410
-0.001396
0.002508
0.000565
-0.001634
0.001008
0.005319
0.001806
0.002034
0.004476
-0.001579
-0.002451
-0.004396
-0.002335
0.000587
0.007676
0.002249
-0.002029
0.004680
0.001253
-0.002139
-0.005159
-0.001962
-0.003447
-0.001018
-0.000914
-0.007024
-0.005021
0.001144
0.000319
-0.000867
0.002042
-0.003288
-0.005736
-0.002582
-0.000743
-0.000233
-0.001422
-0.001628
0.000510
0.007968
0.011670
0.002999
-0.001467
0.000153
0.003819
0.004459
-0.002333
-0.004222
-0.001936
0.001990
0.008929
0.002628
-0.002546
0.001450
0.003130
0.001095
-0.002367
-0.005982
-0.006594
0.001900
0.003462
0.001603
-0.005227
-0.007670
0.002022
0.005585
-0.004551
-0.004882
-0.000062
-0.002108
0.005331
0.002355
-0.000361
0.006438
0.005415
0.002189
-0.000688
-0.002804
-0.000362
-0.005110
-0.004308
-0.003979
-0.007071
-0.003612
-0.001637
0.003155
0.000458
0.002430
0.001971
-0.003525
-0.001031
0.003074
0.003490
0.002270
0.002506
0.001710
0.001361
0.000762
0.001219
-0.003580
-0.002551
-0.002318
-0.003428
0.002914
0.007363
0.005759
0.001383
-0.007052
-0.008261
-0.001948
0.000172
0.001323
0.001024
0.001597
-0.002190
-0.000684
-0.001211
-0.003491
0.002554
0.000870
0.002515
0.003939
-0.006121
-0.007746
0.001817
0.009410
0.001727
-0.005684
-0.000411
-0.003458
-0.003851
0.006199
-0.001515
-0.001047
0.003957
0.000932
0.002172
0.005540
0.001672
-0.002073
-0.000098
0.001433
0.001119
-0.003841
-0.002392
0.003888
0.005392
-0.002771
0.001704
0.002659
0.000428
-0.003352
-0.007766
-0.006278
-0.001790
0.003086
-0.000061
0.000873
-0.003761
0.001629
0.002823
0.005632
0.000283
-0.007489
0.000536
0.002797
0.004500
-0.000014
-0.002311
-0.002624
-0.004316
-0.001009
0.001762
0.000719
-0.000720
0.001208
0.003730
0.006137
0.009273
0.002164
-0.006336
-0.002959
0.001135
0.001958
-0.002982
-0.004642
-0.001501
-0.005960
-0.006050
-0.001935
-0.001055
0.002894
0.003941
-0.000069
0.000145
-0.001229
0.002739
0.007154
0.003051
-0.001434
-0.003890
-0.002907
0.001088
0.001042
0.002737
0.005728
0.005710
0.004054
-0.000810
-0.001706
-0.001365
0.001561
0.001194
-0.004570
-0.000828
0.001021
0.000938
0.001699
-0.003629
-0.003976
0.001226
-0.004078
-0.009259
-0.004201
-0.003499
-0.002896
0.007306
0.006188
-0.001580
-0.002085
0.000662
0.004895
0.000853
-0.001723
-0.000690
0.003467
-0.000380
0.001864
0.005663
-0.003110
-0.001585
0.001184
0.006609
0.006093
-0.000878
-0.001771
0.001221
-0.000207
-0.001563
-0.002139
-0.006878
-0.000139
0.006303
0.004405
0.002631
0.005184
-0.002832
-0.006808
-0.004760
-0.005068
-0.002962
-0.001661
0.000083
0.004356
0.012616
-0.000712
-0.007117
-0.003321
-0.001228
0.004314
-0.000649
-0.003950
-0.000078
-0.002832
-0.008653
-0.002969
-0.000779
0.006118
0.011719
0.011289
0.004629
-0.001696
0.002458
-0.001166
-0.002463
-0.001623
-0.003264
-0.005980
-0.006764
-0.000434
0.001434
0.000920
-0.003560
-0.007899
0.002764
0.011336
0.007200
-0.001357
-0.009714
-0.004976
0.001712
0.002786
0.001366
0.000268
0.000626
-0.000676
0.001781
-0.001486
-0.004821
-0.001605
-0.000626
0.010479
0.008391
-0.000831
0.001303
0.004674
0.004083
-0.001582
-0.001534
-0.008668
-0.004468
-0.000013
-0.005618
-0.003456
0.001567
0.003154
0.001479
-0.001604
-0.005258
-0.001685
0.001073
-0.002442
-0.001172
-0.002219
-0.000740
0.004804
0.002791
0.002474
0.004214
0.001945
0.003192
0.006281
-0.000829
-0.006637
-0.002074
0.000229
0.003545
0.006325
0.001519
-0.003384
-0.000639
-0.005808
-0.009234
-0.003928
-0.003549
-0.001511
0.002384
0.003956
-0.000338
-0.002901
-0.003086
-0.003712
0.005207
0.007154
-0.001574
-0.008345
0.003699
0.013570
0.000338
0.001284
0.008684
0.000310
-0.002754
-0.000872
-0.009044
-0.007695
-0.000260
-0.000083
0.001576
-0.000533
0.001028
0.007610
0.002363
-0.001588
-0.001841
-0.002278
0.000196
-0.000596
-0.006750
-0.003973
-0.001569
-0.001214
0.004637
-0.001240
-0.000312
0.007642
0.003484
0.005320
0.006228
-0.000864
0.000198
-0.002078
-0.013489
-0.010397
-0.000855
0.001714
-0.004258
0.006523
0.017535
0.007292
0.002242
-0.000749
-0.002327
0.000907
0.003993
0.005370
0.002903
-0.010184
-0.011238
-0.006275
-0.001238
0.005167
0.000368
-0.004034
-0.004567
0.004423
0.002217
-0.005544
-0.003359
0.000019
0.000295
0.001803
0.009340
0.003063
0.002201
0.000375
-0.001808
0.002548
-0.001389
-0.000937
0.004632
-0.000455
-0.007759
0.002632
0.007640
0.000826
-0.001998
-0.007625
-0.006051
-0.004122
-0.002379
0.003815
-0.000454
0.000435
0.002838
-0.002992
-0.001930
0.005423
0.004035
-0.000635
0.000147
0.002211
-0.001091
-0.004433
0.000598
0.000309
-0.002363
-0.000562
-0.001528
-0.004059
-0.001532
0.002486
0.010964
0.008307
-0.006704
-0.009620
-0.003796
0.000318
0.002370
0.003946
-0.003571
-0.000470
0.002734
0.001368
0.003051
-0.004340
-0.010505
-0.002332
0.005618
-0.000951
0.000564
0.008586
0.002989
-0.004545
-0.003580
0.003767
-0.001536
-0.000071
0.004583
0.001622
0.004187
-0.002933
-0.006148
0.004828
0.013005
0.002079
-0.009023
-0.006800
0.002969
0.000149
-0.006034
-0.005992
-0.000399
0.011275
0.008208
-0.002900
-0.002121
-0.005816
-0.003643
0.002675
-0.007414
-0.001601
-0.000438
0.001568
0.006583
0.001105
-0.002715
-0.006776
-0.007357
0.002989
0.011392
0.005725
-0.002997
-0.001811
0.004423
0.003825
0.005336
0.003913
-0.003815
-0.002798
-0.000769
-0.002481
-0.001003
-0.001731
0.000803
-0.003752
-0.004781
-0.001305
0.003316
0.004113
0.002797
-0.005295
-0.011952
-0.001448
0.000430
0.000525
0.001663
0.006221
-0.000865
-0.002728
0.006126
0.000516
0.001486
0.002306
-0.007378
-0.006451
0.006363
0.006005
0.001889
-0.003090
-0.003075
0.003159
-0.003257
0.000527
-0.001764
-0.007332
0.003642
0.000945
0.001673
-0.003163
-0.004105
0.004229
0.001072
0.002399
-0.002388
-0.000608
0.003931
-0.000245
0.000078
-0.000066
0.006114
0.001005
-0.001330
-0.000451
0.003901
0.005574
0.002646
0.006564
-0.003598
-0.007748
-0.003938
0.002536
0.004759
-0.003811
-0.000917
0.003142
-0.005867
-0.002580
-0.005998
-0.007937
0.000096
0.005898
0.009348
0.007445
0.002706
0.000602
-0.009657
-0.010565
-0.000451
0.003080
0.002477
0.003458
0.007094
0.003090
-0.003460
-0.005892
-0.001845
-0.006354
-0.004131
0.009564
0.012775
0.001580
-0.002143
-0.001101
-0.007821
-0.002268
0.004184
0.000626
-0.003624
0.001268
0.003744
0.008667
0.006833
-0.002845
-0.002823
-0.004519
-0.003476
-0.003500
-0.009000
-0.000468
0.003960
-0.001220
-0.000926
0.001508
0.003793
-0.000074
-0.000931
0.001177
-0.000962
0.001364
-0.001873
-0.005105
-0.000288
-0.000279
-0.001073
-0.005699
0.002653
0.008153
0.002695
0.007116
-0.000845
-0.000223
-0.005810
-0.009460
-0.002877
0.001337
-0.002418
-0.005659
0.003476
0.003184
0.005546
0.005934
0.005895
0.002755
0.000545
0.003240
0.004728
0.002164
0.005406
0.001881
-0.013257
-0.008593
0.008088
0.013461
0.006729
-0.004245
0.000447
-0.004491
-0.006045
0.001999
-0.000579
0.000982
-0.005808
-0.007755
-0.005389
-0.002095
-0.007543
-0.004419
0.002123
-0.004575
0.003351
0.003827
0.005171
0.001278
-0.003003
-0.002561
-0.000567
0.003586
0.002104
-0.002911
-0.007872
-0.001363
-0.001207
-0.004089
-0.003758
-0.001196
-0.004337
-0.003840
0.000984
0.001087
0.005712
0.005323
0.005116
0.011075
0.012094
0.007203
-0.004301
-0.004995
-0.000122
0.005265
0.008735
0.003388
0.000488
-0.004578
-0.007038
-0.005104
-0.002147
-0.006410
-0.007714
-0.004752
-0.006318
-0.004504
0.008680
0.009475
0.000979
0.003373
0.004562
0.001372
-0.005052
-0.004804
-0.004902
-0.000619
0.003775
0.001642
-0.003157
-0.005657
0.003962
0.007753
0.008818
-0.000346
-0.004284
-0.004446
-0.002134
-0.005793
-0.011542
-0.003845
0.000823
0.004044
0.001857
0.004379
-0.004736
-0.011314
-0.005216
0.001458
0.003264
0.001217
0.007702
0.008130
0.001274
0.003103
0.002936
-0.005008
0.000900
0.009884
0.004013
0.000610
-0.002186
-0.003793
0.001254
0.005121
0.004695
0.005891
0.008258
0.001977
0.000116
0.001101
-0.003928
-0.003170
0.004642
0.007997
0.007537
0.005115
0.002671
-0.001617
-0.005114
-0.006780
-0.017276
-0.010760
-0.011438
-0.010565
0.001088
0.002978
0.008617
0.003967
0.002753
0.006556
0.007596
0.003342
0.001877
-0.001121
-0.006244
-0.007322
-0.003864
0.004395
0.007121
-0.002846
-0.011091
-0.012082
-0.003651
0.003666
0.004692
0.011904
0.010598
0.004835
0.000080
-0.000014
0.003275
-0.001432
-0.000219
0.008728
0.003832
-0.006331
-0.007314
-0.003548
-0.000365
-0.010896
-0.008450
-0.005827
-0.003205
0.015325
0.010419
0.006746
-0.001277
-0.008850
0.002569
0.005750
0.005558
0.004354
-0.000987
0.000740
0.007087
0.003684
-0.008858
-0.012929
-0.013392
-0.012866
-0.006050
-0.001294
0.000211
-0.002160
0.000419
-0.005358
-0.013518
-0.004082
0.001134
-0.004155
-0.001224
0.013408
0.002523
-0.005373
0.003257
-0.001906
-0.008901
0.000760
0.011812
0.003236
-0.002530
0.003928
0.011226
0.012304
0.011121
0.003811
-0.002619
-0.004254
-0.005318
-0.000704
-0.001224
-0.005811
-0.005626
-0.005411
0.002237
0.000036
-0.003243
0.000036
-0.009554
0.001271
0.012812
0.004808
0.001604
-0.000119
-0.003076
-0.011923
-0.003470
0.008155
0.007550
0.006387
-0.001929
-0.003223
-0.000661
-0.004002
0.002981
0.005971
-0.000625
0.006457
0.001311
-0.001182
-0.002475
-0.001877
-0.000461
-0.003660
0.001290
0.005345
0.002773
-0.006046
0.000015
-0.004364
-0.002025
0.010060
-0.000140
-0.005986
0.005280
0.008615
0.007130
0.004466
-0.003258
-0.008460
-0.007479
0.001206
0.004515
0.003078
-0.000283
-0.003726
-0.006768
-0.005352
0.004097
0.002211
-0.005714
-0.002155
-0.000696
-0.003196
-0.001792
0.001087
0.004046
-0.004023
-0.001766
0.013329
0.012320
-0.002450
-0.006541
-0.006057
-0.012949
-0.015061
-0.008899
0.006527
0.004594
0.004778
0.011002
0.005677
0.008160
0.011298
0.001848
-0.005101
-0.000952
0.003718
0.008148
0.003641
0.001298
-0.007110
-0.013090
0.000348
0.005247
0.001528
-0.000219
0.004260
-0.000794
-0.007527
-0.001277
-0.000496
-0.003044
-0.002003
0.003257
-0.001404
0.001607
0.007991
0.005706
-0.001373
-0.009544
-0.012335
-0.005687
0.007895
0.017363
0.008587
0.002992
-0.003399
-0.018195
-0.006207
-0.000741
-0.004034
-0.009177
-0.011006
-0.011691
-0.005292
0.000259
-0.005766
0.003149
0.013770
0.009312
-0.002068
-0.000520
-0.001967
-0.006062
-0.002324
-0.000540
0.001293
0.001521
0.004610
0.008381
0.004195
-0.001568
0.001085
0.004914
0.004143
-0.002550
-0.004691
0.004726
0.012304
0.007756
0.004961
0.013366
0.006340
0.003518
-0.000900
-0.002726
-0.003882
-0.011087
-0.003884
-0.001869
-0.008494
-0.008628
-0.000054
0.006058
0.002362
-0.001608
-0.000798
-0.000059
-0.005834
-0.004849
0.001072
0.000189
0.002800
-0.000858
-0.003362
0.005316
0.014301
0.007912
0.001666
0.008027
0.008138
0.001743
0.008576
0.002663
-0.005256
0.004613
-0.000890
-0.005669
-0.015461
-0.013643
-0.007161
-0.009459
0.003148
-0.003745
-0.007396
0.003530
0.005834
0.002138
0.000129
-0.002426
-0.010276
-0.010519
-0.000826
0.002633
0.011754
0.015657
0.003235
0.005811
0.001380
-0.008606
-0.004598
-0.001825
0.003893
-0.000668
-0.006689
-0.009917
-0.008642
-0.009039
-0.002455
0.000312
-0.005025
0.005527
0.008134
0.003674
-0.000064
0.003188
-0.000281
-0.002175
0.005742
0.015071
0.019199
0.008387
0.007672
0.011397
0.004587
0.005421
0.009299
0.005977
-0.004190
0.007296
0.001004
-0.013396
-0.014037
-0.008286
-0.005304
-0.009260
0.002774
-0.002019
-0.008041
-0.007082
-0.005576
-0.003077
-0.004652
-0.011730
-0.013249
-0.011772
-0.009719
0.008826
0.018606
0.013891
0.001839
0.001406
0.003835
-0.006161
-0.009827
0.000262
0.002093
0.000145
-0.000988
-0.003578
0.005261
0.004068
0.005374
0.011695
0.016077
0.001387
-0.001624
0.001956
-0.002804
-0.006015
-0.003221
0.007264
0.007849
0.011649
0.007654
-0.007999
-0.011559
-0.010105
-0.012700
-0.009088
-0.007321
-0.005071
-0.000563
0.003516
0.004384
-0.003895
-0.017003
-0.023085
-0.015588
-0.010278
0.006577
0.015667
0.006344
0.012353
0.004868
-0.006246
-0.004671
0.009299
0.013668
0.001365
-0.001790
-0.004586
-0.003337
-0.000707
0.002971
0.005131
0.005989
0.006206
0.012523
0.014197
0.006197
-0.000867
-0.006462
-0.002794
-0.010879
-0.011091
-0.000525
-0.001842
-0.006092
-0.003476
-0.000132
0.003040
0.011619
0.013258
0.007769
-0.005827
-0.012997
-0.014034
-0.010505
0.006035
0.013095
0.010381
0.004717
0.004297
0.002680
0.000230
0.007827
0.015618
0.014085
0.006080
-0.002794
-0.006605
-0.004899
-0.008318
-0.006397
-0.007725
-0.006377
0.000665
0.000180
0.001835
-0.004575
-0.003139
0.004274
0.004981
0.003510
-0.001015
-0.010954
-0.018582
-0.008985
-0.007876
-0.008955
-0.011171
-0.005566
0.001208
0.003106
0.004331
0.011146
0.018910
0.014425
0.009827
-0.012093
-0.020288
-0.011319
-0.007892
0.000369
-0.000099
-0.008617
-0.010205
-0.006866
0.003164
0.014798
0.013676
0.012348
0.000121
-0.014644
-0.022706
-0.014247
0.002064
0.002098
0.009145
0.002382
-0.007409
-0.004465
0.003174
-0.000937
-0.007099
-0.003156
0.004910
0.014039
0.015092
0.014548
0.001558
-0.003876
-0.008533
-0.005144
0.006587
0.009125
0.004051
-0.002089
-0.000078
-0.005093
-0.004938
0.000761
0.008592
0.005935
0.002618
0.009320
0.015459
0.007639
0.003348
0.000427
-0.001705
0.000881
0.001334
0.004457
-0.000629
0.009932
0.011647
-0.000043
-0.006666
-0.007084
-0.001191
-0.000484
-0.001402
-0.000851
0.005328
0.003577
-0.005570
-0.009043
-0.017272
-0.021973
-0.011975
-0.008238
-0.005710
0.004111
0.013195
0.010450
0.006575
0.004072
0.005999
0.009842
0.002905
0.009094
0.008767
0.003067
0.005853
0.004691
0.002950
-0.000763
-0.003130
-0.007979
-0.015099
-0.010830
-0.005272
0.001196
0.007753
0.006625
0.006872
0.004467
-0.001964
-0.008170
-0.004126
-0.002188
-0.004709
-0.007572
-0.002282
0.004733
-0.001078
-0.007040
-0.005534
-0.004053
-0.000555
-0.005753
-0.007725
0.006963
0.014628
0.013479
-0.003388
-0.009069
-0.004532
0.003441
0.011153
0.002792
-0.000246
-0.009068
-0.005107
-0.009103
-0.005543
0.011927
0.011657
0.000505
-0.002739
-0.005805
-0.007975
0.000977
0.001272
-0.004616
-0.013318
-0.007293
0.005726
0.015294
0.006467
-0.002702
-0.008578
-0.005477
0.001545
-0.000320
0.000667
0.002277
0.005006
0.012149
0.009231
0.001786
0.000368
-0.003030
-0.005576
-0.001826
0.004151
0.004430
0.005965
0.008976
0.008236
0.006680
0.001583
-0.004138
-0.005322
0.002013
0.008362
0.004028
0.001532
-0.005899
-0.003734
0.002539
0.004567
0.004423
0.004654
0.001285
0.000099
-0.001392
-0.008309
-0.010655
-0.009194
-0.004581
-0.001586
-0.000154
0.003670
0.013047
0.003662
-0.006119
-0.003404
-0.000998
-0.003885
-0.000515
0.008137
-0.000257
-0.009704
-0.010016
-0.003068
0.008065
0.013910
0.013562
0.010868
0.008105
-0.004127
-0.017788
-0.015297
-0.011001
-0.003193
0.002462
0.000498
-0.001811
-0.011240
-0.016569
-0.014534
-0.009882
-0.001940
0.013474
0.014310
0.001570
-0.002580
0.000444
0.000447
0.000179
0.005265
0.004856
0.000192
0.002161
-0.004237
-0.010784
-0.002017
0.004106
0.002758
0.001886
0.002885
-0.000232
-0.001960
-0.004228
0.007386
0.010856
0.010929
0.004411
-0.008684
-0.008066
-0.008283
0.000027
-0.003301
-0.012970
-0.003067
0.001665
0.002374
0.001293
0.005784
0.011471
0.004361
-0.003111
-0.001610
0.004753
0.011568
0.009032
-0.003282
-0.002156
-0.001233
-0.001327
-0.003883
-0.001282
0.006191
0.003498
0.004833
0.005525
0.004945
0.002568
-0.001309
-0.004733
-0.002540
0.013405
0.005120
-0.011377
-0.016254
-0.010179
-0.006035
-0.000145
0.014327
0.007947
-0.002569
-0.004990
0.001337
-0.003488
-0.006600
-0.005965
-0.007685
-0.005328
-0.007551
-0.003037
0.003997
0.001684
0.002363
-0.003465
-0.002175
0.005181
-0.001497
-0.003555
-0.005376
-0.003233
0.001188
-0.000375
0.008563
0.004948
-0.003687
-0.002657
-0.000094
0.005839
0.000365
-0.000093
-0.001356
-0.002423
-0.008909
-0.007334
0.004308
0.007870
0.008037
0.003716
0.003900
-0.003378
-0.011796
-0.000597
0.003316
-0.000780
0.002668
0.003674
0.002094
0.004808
0.003954
0.001740
0.002833
0.001109
0.000036
-0.004160
-0.006789
-0.011099
-0.004111
0.006791
0.006206
0.003776
0.001768
-0.000696
-0.002248
-0.006562
-0.012360
-0.005763
0.002594
0.007475
0.007532
0.003432
0.001137
0.007434
0.005644
-0.000528
-0.001515
-0.007301
-0.004960
0.006712
0.013900
0.016851
0.011246
0.002113
-0.006123
-0.019305
-0.009373
0.001697
0.006419
0.011966
0.005170
-0.001625
-0.003969
-0.002049
-0.005873
-0.009479
-0.004691
-0.005299
-0.002722
0.001787
0.004143
0.004266
0.007346
0.007308
0.003224
-0.002914
-0.008074
0.000962
0.003094
-0.000005
0.000497
-0.002563
-0.007545
-0.004026
0.000546
-0.009044
-0.010877
-0.007547
-0.001699
-0.004656
-0.004645
0.006586
0.004391
0.006564
0.005700
-0.004138
-0.005499
-0.002985
-0.010440
-0.005568
0.001062
-0.000427
0.003311
-0.002857
-0.005195
-0.006831
-0.009223
0.000393
0.012424
0.011871
0.004374
-0.000177
0.001939
0.000139
-0.007711
0.001227
0.003004
0.003387
0.006620
0.003595
-0.000629
0.006181
0.010893
0.008176
-0.002585
-0.004672
0.000750
-0.004637
-0.005840
-0.004081
-0.002275
-0.001404
0.005546
0.002680
0.001754
-0.004837
0.001762
0.000572
-0.010280
-0.005209
-0.002834
-0.004205
-0.005192
-0.000762
0.001365
-0.003465
-0.002210
0.007609
0.006924
0.002502
0.000634
0.001071
-0.001058
-0.001236
-0.005603
0.002146
0.006076
0.001938
0.002720
0.002120
0.002853
0.003442
0.009494
0.009778
-0.000466
0.001701
0.004815
-0.004406
-0.010340
-0.006503
-0.002858
-0.000898
0.006592
0.005855
0.008048
0.004853
0.002040
0.000723
0.000066
0.001593
-0.000218
0.001457
0.002950
0.007267
0.002210
-0.002790
-0.002690
0.002463
0.008377
0.002553
0.003099
0.003666
-0.002458
-0.003887
-0.006163
-0.003294
-0.003410
-0.008797
-0.004489
0.000147
0.002784
0.003729
0.002926
0.001305
0.001662
-0.003034
-0.007739
-0.000314
0.002454
0.000894
0.001296
0.001473
-0.003749
-0.007293
-0.006021
-0.008644
-0.003160
0.005351
0.006044
0.006528
-0.001314
-0.007085
-0.004084
-0.004152
0.000318
0.004746
0.004425
0.003099
0.004524
-0.000748
-0.004170
-0.002187
0.002112
0.002831
0.000542
0.007085
0.004912
-0.000457
-0.006182
-0.006351
-0.003845
-0.003403
0.000514
-0.003639
-0.009850
-0.008188
-0.003274
0.000192
0.004185
0.006162
0.004280
0.002157
0.000498
-0.000099
-0.000207
0.001967
-0.002816
-0.001479
0.002283
0.000604
-0.004681
-0.002932
0.002537
0.003144
0.004373
0.002461
0.004699
-0.000592
-0.002650
-0.002374
-0.002230
0.003079
0.005492
0.009509
0.009393
0.002905
0.002256
-0.001446
0.002628
0.007609
0.000755
-0.003643
-0.004075
-0.002996
-0.005279
-0.000005
0.000891
-0.001624
-0.002142
-0.002104
0.002424
0.001628
0.000342
-0.005092
-0.009937
-0.004246
0.002855
0.003275
0.002306
-0.002472
0.000239
0.002819
0.001484
0.001399
-0.005784
-0.007094
-0.001139
0.002499
0.001875
0.002309
-0.000829
0.000556
0.003615
-0.002164
-0.009249
-0.011284
-0.001685
0.004215
0.002727
0.003802
-0.001519
-0.002623
-0.001491
-0.004187
0.001301
0.006111
0.002287
0.001575
-0.000416
0.002796
0.000981
-0.002662
-0.000488
-0.001072
0.001653
0.000933
0.000992
-0.001146
-0.003530
-0.001880
-0.000113
-0.000720
-0.000890
-0.003519
-0.002820
-0.003721
-0.003870
0.003467
0.000133
-0.000153
-0.000489
-0.003462
-0.001350
0.000275
0.004922
0.005248
0.001529
-0.003386
-0.003423
-0.006234
-0.000932
0.004040
0.007756
0.008951
0.000582
-0.000950
-0.008005
-0.006609
0.001098
0.005627
0.006565
0.002341
0.003085
-0.000475
-0.004686
-0.000659
0.001141
0.002953
0.002422
0.001589
0.000050
-0.001611
0.000554
0.000866
0.002916
0.002895
0.000185
-0.000781
-0.002805
-0.000338
0.001463
0.000922
-0.001962
-0.000879
-0.000516
-0.000765
0.001903
-0.001582
-0.001767
0.000424
-0.002181
0.000082
0.003254
0.001939
0.000675
-0.000469
-0.000170
0.002817
0.002134
-0.001927
-0.002011
-0.004479
-0.004927
-0.000297
0.003036
0.000227
0.000234
0.001036
-0.003293
-0.005996
-0.003935
-0.001081
0.002766
0.002489
0.003618
0.006312
0.001745
0.001420
0.004145
0.000832
-0.001784
-0.000618
-0.002573
-0.000738
0.002287
0.001822
0.001827
-0.001341
-0.002503
-0.001710
0.000917
0.001485
0.000144
-0.002293
-0.004813
-0.004424
-0.002709
0.000015
0.001113
0.004622
0.004983
0.001738
-0.000580
-0.000073
0.000221
-0.000871
0.000256
0.002323
0.000840
0.002923
0.000910
-0.001162
0.000290
-0.002587
-0.001775
0.001820
0.002726
-0.000890
-0.000593
0.002412
0.000541
0.000064
0.001163
0.000461
0.002904
0.000830
-0.001034
-0.002415
-0.004924
-0.001800
-0.001328
0.000061
-0.001939
-0.001974
-0.000352
-0.004246
-0.005653
-0.003417
-0.001877
-0.001750
0.001074
0.000743
-0.000623
-0.001721
-0.001544
0.000088
0.001473
-0.000046
-0.001015
-0.004085
-0.005385
-0.001065
0.001672
0.003685
0.003806
0.003411
0.001757
-0.000581
-0.002471
-0.004274
-0.005039
-0.002090
0.001115
-0.000518
-0.000429
0.000135
0.001228
0.001505
0.000590
0.000365
-0.001526
-0.000325
0.002139
0.002262
0.003993
0.003985
0.003179
0.001123
-0.002474
-0.001825
0.001569
0.004742
0.004209
0.003451
-0.000364
0.000169
-0.001269
-0.001200
0.001958
0.002087
0.004417
0.001087
-0.001586
-0.000847
0.000551
0.001183
0.000220
0.002435
0.004028
0.002652
-0.000451
-0.000859
0.000312
0.001045
-0.000307
-0.006942
-0.006107
-0.004123
-0.001254
0.000631
-0.000547
-0.002555
-0.004650
0.000271
0.002416
0.000927
0.000348
-0.001933
-0.001007
-0.000842
-0.003777
-0.003027
-0.001101
-0.000952
0.002791
0.002114
-0.000714
0.003991
0.002513
-0.001479
0.000259
0.001363
0.003200
0.003367
0.001025
0.001545
0.000351
-0.000629
-0.000666
0.001827
0.003472
0.004361
0.002706
0.001944
0.005203
0.004394
0.004775
0.002962
0.002685
0.002838
-0.000356
0.000622
0.001429
0.001288
0.000535
-0.003072
-0.001119
0.000293
-0.000121
0.000466
0.000307
-0.000368
-0.001849
-0.000862
-0.000657
-0.000460
0.000330
0.000984
0.003199
0.001749
-0.002087
-0.002803
-0.003570
-0.003941
-0.003704
-0.003280
-0.002123
-0.000780
-0.003113
-0.002159
-0.000517
-0.000076
-0.002146
-0.004575
-0.001536
-0.000677
-0.000139
-0.000603
-0.000512
-0.000062
-0.001718
-0.001208
0.001182
0.000646
-0.001420
0.000571
0.003371
0.002628
-0.000447
-0.002039
0.000375
0.001240
-0.000414
0.000749
0.004321
0.003275
0.002456
0.003067
-0.000158
-0.001700
0.000270
0.001957
0.002324
0.000327
-0.002355
-0.002012
-0.001338
-0.000601
-0.000617
0.001776
0.001059
-0.001507
-0.001562
-0.001680
-0.003324
-0.002774
-0.000994
0.000781
0.000983
-0.002202
-0.001569
-0.001943
0.000072
0.001629
-0.000095
-0.000612
-0.000796
0.000891
0.001859
0.001029
-0.000094
0.000460
0.001246
0.000246
0.000993
0.001372
-0.000629
-0.000811
-0.000089
-0.001047
-0.003114
-0.001222
0.000507
-0.001209
0.000800
-0.000261
-0.003007
-0.002241
-0.001274
-0.000729
-0.002366
-0.004217
-0.004511
-0.002669
-0.003445
-0.003670
-0.000775
-0.000774
-0.004009
-0.003224
-0.001189
-0.000016
0.002225
0.001561
-0.000531
-0.001535
-0.000062
-0.000095
0.001209
0.000630
0.000646
0.002287
0.000424
-0.002573
-0.002800
-0.001314
0.000055
0.002190
0.001569
-0.000400
0.000020
0.002279
0.000743
-0.001858
-0.001281
-0.000141
0.001316
0.002237
0.001073
0.000465
0.000068
0.000109
-0.000142
0.001454
0.000857
-0.000171
0.000199
0.001869
0.002709
0.001013
-0.000405
-0.002940
-0.001058
-0.001197
-0.001008
0.001402
0.002228
0.002918
0.001489
0.000842
0.001752
0.003935
0.003663
0.001403
0.001751
0.002624
0.000349
0.000096
0.001570
0.000689
0.001962
0.000065
-0.000697
-0.000766
-0.000988
-0.000539
0.000109
0.001402
0.000268
0.001698
-0.000255
-0.001650
-0.001036
-0.000227
0.000568
0.001621
0.001732
-0.002702
-0.000832
0.001372
0.000107
-0.000586
-0.000568
-0.001210
-0.001332
-0.003090
-0.003513
-0.002392
-0.002570
-0.000659
0.000513
0.002002
0.002499
0.003297
0.000814
-0.000705
-0.001355
-0.004487
-0.003078
-0.000554
0.002247
0.003751
0.003454
0.001889
-0.000434
-0.000723
-0.001690
-0.000784
0.000989
-0.000150
0.000883
0.000148
0.000205
0.000879
-0.000342
-0.001283
-0.000856
0.002501
0.001761
-0.000968
0.000391
0.001714
0.001593
0.000488
0.001139
0.000516
0.000133
0.003287
0.001954
0.001395
0.001845
0.000988
0.000577
0.001844
0.000675
-0.000934
-0.001537
-0.000915
0.000811
0.000482
-0.001115
-0.000627
-0.000611
-0.000426
0.000679
0.000082
0.002126
0.000356
0.000150
-0.001098
-0.003861
-0.002630
-0.000771
0.000521
0.000286
0.000416
0.000900
0.001560
0.000617
0.000243
-0.000738
0.000132
0.000234
-0.000618
-0.000611
-0.000462
0.000892
-0.000081
0.000909
0.001380
0.000149
0.000734
0.001038
0.000202
0.001051
0.000364
-0.001412
-0.000881
-0.001174
-0.001668
-0.001423
-0.000460
-0.001369
-0.000801
0.000464
0.000397
-0.000369
-0.001853
-0.002567
-0.001818
0.000130
0.000994
0.001381
-0.000947
-0.002190
-0.000890
0.001310
0.002343
0.002334
0.002149
0.001310
0.001267
-0.000344
-0.000482
0.000400
0.000496
0.001400
0.001330
0.000761
0.000772
0.001690
0.000215
-0.001607
-0.001491
0.000207
0.001919
0.001289
0.001907
0.000156
-0.000950
-0.001466
0.000284
0.000644
-0.000634
0.000517
0.000290
-0.000143
-0.000806
-0.000434
-0.000800
0.000695
0.001961
0.000741
0.000237
0.000494
-0.000419
-0.001876
-0.001954
-0.001192
0.000457
0.000197
0.001817
0.003364
0.001565
0.000678
-0.002043
-0.002481
-0.001491
-0.001568
0.000215
-0.000369
0.000616
0.000926
0.000249
0.002164
0.001598
-0.000452
-0.000458
-0.002101
-0.002993
-0.000689
-0.000908
-0.003249
-0.003417
-0.002409
-0.000889
-0.000735
-0.001480
-0.000439
0.000592
0.000629
-0.001388
-0.001502
0.000616
0.001591
0.001087
0.002190
0.001020
0.000271
0.000097
-0.002120
-0.001613
-0.001556
-0.001538
0.000179
-0.000411
-0.001778
-0.003240
-0.002879
-0.000687
0.000606
0.001278
0.001444
0.000510
-0.000823
-0.001691
-0.000760
0.000427
0.000464
0.001430
0.000669
0.001130
0.000632
-0.000446
-0.000114
-0.000643
-0.000526
-0.000775
0.000241
0.001508
0.002308
0.000341
0.000156
0.001300
-0.000185
0.000216
-0.000722
-0.000470
-0.001380
-0.000946
-0.001166
-0.001587
-0.000457
-0.001300
-0.001686
-0.000946
-0.000555
-0.000523
0.000875
0.000367
0.000338
0.000890
0.001670
0.001605
0.001296
0.001192
-0.000262
-0.000796
0.000112
0.000294
0.001042
0.001173
0.000485
0.000839
-0.000602
-0.000967
0.001135
-0.000718
-0.002510
-0.000533
-0.000283
0.000365
0.001561
0.000350
-0.000436
0.000265
0.001060
0.000627
-0.000849
0.000008
-0.000896
-0.000915
-0.000743
-0.001625
-0.001617
-0.001535
-0.001734
-0.000819
-0.001421
-0.002519
-0.001441
0.000160
0.001434
0.001260
0.001247
-0.000463
-0.001790
-0.001184
0.000409
0.002191
0.002658
0.000319
-0.000614
-0.000716
0.000136
0.001946
0.000559
-0.000821
-0.000433
-0.001460
-0.000667
0.001449
0.001360
0.002432
0.002001
0.001418
0.000499
-0.000687
0.001292
0.001575
0.000223
0.001879
0.002410
0.001229
0.001249
-0.000397
-0.000062
0.000333
-0.000821
-0.000317
0.000084
-0.000143
-0.000626
-0.000597
-0.000737
0.000167
0.001431
0.001215
0.001414
0.000607
0.000530
0.002617
0.002472
0.000478
-0.000941
-0.000994
-0.000412
0.000463
0.001410
0.000955
-0.000820
-0.001677
-0.001005
0.000123
0.002120
0.001613
0.001739
0.001178
0.000353
-0.000424
-0.001779
-0.000983
0.000170
0.001463
0.000636
-0.000296
-0.000821
0.000206
0.001387
0.001256
0.001335
0.001176
0.000071
0.000002
-0.000169
-0.000831
-0.000501
-0.000784
-0.000383
0.000295
-0.000246
-0.003267
-0.003911
-0.001761
-0.001683
-0.001368
-0.001244
-0.001858
-0.002497
-0.001326
-0.000806
0.000282
0.000679
0.000859
0.000989
0.001067
-0.000399
-0.002236
-0.001167
-0.001413
-0.000639
-0.000105
0.000975
0.000072
-0.000431
0.000258
0.000985
0.001326
0.001364
0.000501
-0.000767
-0.000164
-0.000560
-0.000782
0.000210
0.001233
0.000132
-0.001248
-0.001772
-0.000845
0.000658
0.000632
0.000250
0.000470
0.001413
0.000474
-0.000748
-0.000617
-0.000115
0.000955
0.000221
0.000586
0.001198
0.001471
-0.000052
-0.000600
0.000275
-0.000807
0.000152
0.002005
0.002219
0.000582
0.000322
-0.000282
-0.000756
-0.000588
-0.000689
-0.000622
-0.000664
-0.000645
-0.000640
-0.000673
-0.000603
-0.000736
0.000018
0.000363
0.000347
0.000145
-0.000663
-0.000662
-0.000526
0.000553
0.000727
0.000038
-0.000608
-0.000692
-0.000512
0.000961
0.001382
0.001243
0.001335
0.001152
0.000109
-0.000624
-0.000739
0.000155
0.001309
-0.000007
0.000011
0.000408
0.000126
-0.000143
0.001128
0.001191
0.002058
0.001391
-0.001298
-0.000590
-0.000715
-0.000573
-0.000755
-0.000290
0.001369
0.000673
0.000206
0.000414
0.000228
0.000355
-0.001636
-0.001844
-0.000403
0.000392
-0.000362
-0.000508
-0.000230
-0.000775
-0.000692
-0.002102
0.000100
0.000128
-0.000461
0.000193
-0.000729
0.000070
0.002128
0.001516
-0.000364
-0.000889
-0.001468
-0.000176
-0.000468
0.000508
0.001316
0.001296
0.001189
-0.000325
-0.000754
-0.000422
-0.000140
0.000825
0.001949
0.001168
0.002057
0.001531
0.000173
0.000422
0.000245
0.000420
-0.000300
-0.001308
-0.001640
0.000300
0.000619
-0.000889
0.000148
-0.000301
-0.000178
0.001129
0.000827
0.001307
0.000686
0.000243
0.000344
0.000484
0.000803
-0.000451
-0.000612
-0.000821
-0.001539
0.000068
0.000321
0.000546
0.000706
0.000227
0.000382
0.000309
0.000330
0.000376
-0.000288
-0.000732
-0.000587
-0.000667
-0.000625
-0.000542
0.001021
0.000823
-0.000451
-0.000609
-0.000711
-0.000424
0.000425
0.001497
0.000396
-0.000600
-0.001323
-0.001472
-0.000641
-0.000539
-0.001361
-0.000983
-0.000742
-0.001490
-0.001020
-0.000735
-0.000569
-0.000769
-0.002261
-0.002536
-0.000909
-0.000587
-0.000533
0.000573
0.001217
-0.000890
-0.001849
-0.000885
-0.000045
0.000630
0.001284
0.000793
-0.000007
0.000014
0.000574
0.001298
0.001369
0.000689
0.000148
-0.000749
0.000656
0.001449
0.001313
0.000680
0.000849
0.001466
0.001351
0.002452
0.001601
0.000713
0.000168
0.000965
0.000095
-0.000397
0.000259
0.001051
0.001182
0.000364
-0.000274
-0.000687
-0.000738
-0.001656
-0.001560
-0.001507
-0.000369
0.000302
0.000021
-0.000470
0.000174
0.000874
0.000003
-0.000523
-0.001222
-0.002321
-0.002028
-0.000890
-0.000063
-0.001224
-0.001546
-0.000498
-0.000740
0.000093
-0.000288
-0.001916
-0.000555
-0.000440
-0.001676
-0.001461
-0.000344
0.000117
0.000019
0.000324
-0.000891
-0.000992
0.000070
0.000895
-0.000196
-0.000763
-0.000503
-0.000712
-0.000498
-0.000850
-0.001547
-0.001632
-0.001831
-0.001100
-0.000682
-0.000430
0.000503
0.001444
0.001055
0.001018
0.001375
0.001365
0.001140
0.000381
0.000292
0.001018
0.001387
0.001353
0.000743
-0.000198
0.000369
0.000332
0.000843
0.000394
0.000396
0.000180
-0.000598
-0.000654
-0.000485
-0.001363
-0.000795
0.000310
-0.000131
0.000723
0.000721
-0.000346
-0.000511
0.000562
0.001394
0.001254
0.001491
0.000564
0.001037
0.001185
0.000542
0.001196
0.000354
0.000343
0.000459
-0.000327
-0.000452
-0.000185
-0.000739
-0.000504
-0.000677
-0.000519
-0.000692
-0.000368
0.000343
0.000426
0.000290
0.000619
0.000742
0.000236
0.001034
0.001443
0.001153
0.000349
0.000408
0.000322
0.000475
-0.000323
-0.000468
0.000376
0.000978
0.001040
0.000639
0.000175
-0.000603
-0.000608
-0.000459
0.000576
0.001360
0.001368
0.000776
0.000120
-0.000726
-0.001088
0.000205
0.000780
0.000542
0.000100
-0.000411
0.000439
-0.000256
-0.000244
-0.000362
0.000559
0.000902
0.001359
0.000592
-0.000720
-0.000553
-0.000443
0.000284
-0.000670
-0.000528
-0.000651
-0.000403
0.000312
-0.000883
-0.001324
-0.000669
0.000083
0.000417
0.000409
0.000301
0.000652
0.000599
-0.000871
-0.001549
-0.001432
-0.000508
-0.000676
-0.000366
0.000362
0.000422
0.000328
0.000467
-0.000176
0.000604
0.000618
-0.000790
0.000152
-0.000165
-0.000763
0.000110
0.000437
-0.000082
0.000350
-0.000179
-0.000636
0.000756
0.001060
0.000603
0.001355
0.000819
-0.000268
0.000632
0.001162
0.000390
0.000370
0.000398
0.000796
0.000525
-0.000293
-0.000641
-0.000567
-0.000165
-0.000471
-0.000705
0.000105
0.000396
0.000562
0.001254
0.000175
-0.000604
-0.000550
-0.000668
0.000512
0.000513
0.000458
0.001469
0.001253
0.001483
0.000665
0.000363
0.000256
-0.000687
0.000101
-0.000138
-0.000752
-0.000461
-0.000709
-0.000345
0.000377
-0.000156
-0.000794
-0.000260
0.000145
-0.000545
-0.000631
-0.000540
-0.000619
-0.000986
-0.000704
-0.000494
-0.000671
-0.000481
-0.001238
-0.002078
-0.001480
-0.000330
0.000228
-0.000644
-0.000496
-0.000844
-0.001325
-0.001222
-0.001067
0.000032
-0.000601
-0.001120
-0.001772
-0.001233
-0.000737
-0.000147
0.001192
0.000376
-0.000146
-0.001368
-0.001394
-0.000602
0.000014
0.000503
0.000302
0.000472
-0.000249
-0.000716
0.000080
0.000447
0.000362
0.000387
0.000394
0.000356
0.000447
-0.000250
-0.000677
-0.000528
-0.000658
0.000040
0.000500
0.000181
-0.000629
0.000016
0.000503
0.000299
0.000458
0.000305
0.000477
0.000156
-0.000561
-0.000639
-0.000410
0.000418
0.000326
0.000591
0.000804
-0.000340
-0.000663
0.000026
0.000504
0.000268
0.001055
0.001310
-0.000320
-0.000620
-0.000621
0.000017
0.000497
0.000299
0.000459
0.000289
0.000515
-0.000357
-0.000001
0.000461
0.000381
-0.000207
-0.000735
0.000055
0.000518
-0.000331
-0.000045
0.000942
0.000415
0.000210
-0.000612
-0.000619
0.000012
0.000485
0.000327
-0.000035
0.000385
0.001655
0.002126
0.000797
0.000047
-0.000376
0.000374
0.000357
0.000970
0.001380
0.000025
-0.000014
-0.000690
-0.000314
0.000241
0.000712
0.000592
0.000614
0.000553
-0.000681
-0.000609
0.000019
0.000457
0.000358
0.000336
0.000994
0.001449
0.001179
0.000184
-0.000606
-0.000606
-0.000576
-0.000638
-0.000432
0.000848
0.000422
0.000368
0.000244
-0.000692
0.000043
0.000481
0.000173
-0.000723
-0.001699
-0.000860
-0.000629
0.000058
0.000384
0.000574
0.000746
0.000272
0.000407
0.000379
0.000210
-0.000626
-0.000609
-0.000466
0.000551
0.001409
0.000703
0.000304
-0.000154
-0.000836
0.000192
0.000147
-0.000385
-0.000238
-0.000699
-0.000560
-0.000618
-0.000615
-0.000140
-0.000570
-0.000150
-0.000675
-0.001696
-0.000916
-0.000518
-0.000685
-0.000380
0.000220
-0.000662
-0.000530
-0.001247
-0.001571
0.000156
-0.000221
-0.000708
-0.000561
-0.000192
-0.000604
-0.002332
-0.002420
-0.001419
-0.000415
0.000384
0.000343
0.000409
-0.000243
-0.000746
-0.000372
0.000326
0.000936
0.001650
0.001654
0.001271
0.001246
0.000125
-0.000590
-0.000632
-0.000581
-0.000654
-0.000436
0.000396
0.000329
0.000399
0.000301
0.000552
0.001341
0.001332
0.001327
0.001339
0.001315
0.001362
0.001172
0.000296
0.000539
0.001374
0.000744
0.000175
0.001102
0.000764
0.000115
-0.000654
-0.000406
0.000210
-0.000648
-0.000610
-0.000486
0.000454
0.000123
-0.000457
0.000400
0.000316
0.000412
0.000172
-0.000639
-0.000592
-0.000642
-0.000572
-0.000690
0.000034
0.000424
0.000331
0.000355
0.000383
0.000188
-0.000650
-0.000588
-0.000658
-0.000446
0.000390
0.000328
-0.000032
-0.000339
-0.000704
-0.000006
0.000599
0.001340
0.000766
-0.000371
-0.000663
-0.000584
-0.000672
-0.000423
0.000346
0.000405
-0.000277
-0.000699
-0.000602
-0.000485
0.000413
0.000306
0.000403
0.000192
-0.000704
0.000040
0.000396
0.000393
-0.000305
-0.000106
0.000513
0.000255
-0.000005
0.000179
0.000619
0.001265
0.001404
0.000681
0.000257
0.000422
0.000258
0.000597
0.001140
0.000356
0.000207
-0.000696
-0.000411
0.000231
-0.000734
0.000071
0.000257
-0.000699
-0.000552
-0.000709
0.000024
0.000457
-0.000282
-0.000730
-0.000531
-0.000725
-0.000380
0.000303
0.000430
0.000128
-0.000588
-0.000691
-0.000395
0.000193
-0.000659
-0.000587
-0.000669
-0.000444
0.000377
0.000330
0.000368
0.000332
0.000368
0.000327
0.000378
0.000306
0.000429
-0.000312
-0.000240
-0.000531
-0.000639
-0.000770
-0.001506
-0.000511
-0.000737
-0.000367
0.000187
-0.000688
0.000011
0.000437
0.000307
0.000367
0.000371
-0.000245
-0.000745
-0.000538
-0.000277
0.000108
0.000406
-0.000241
-0.000781
-0.000355
-0.000133
0.000312
0.000365
0.000340
-0.000043
-0.000354
-0.000245
-0.000384
0.000378
0.000269
0.000634
0.000097
-0.000823
-0.000508
-0.000686
-0.000605
-0.000050
0.000485
0.000289
-0.000165
-0.000838
-0.000307
0.000237
0.000610
0.001149
0.000309
0.000428
-0.000324
-0.000098
0.000513
0.000244
0.000438
0.000275
0.000423
0.000277
0.000444
0.000126
-0.000585
-0.001112
-0.000518
0.000430
0.000287
0.000422
0.000268
0.000475
-0.000362
-0.000492
0.000382
0.000365
0.000193
-0.000558
0.000649
0.000671
0.000294
0.000361
0.000390
-0.000260
-0.000722
-0.000554
-0.000667
-0.000566
-0.001098
-0.000661
-0.000599
-0.000626
-0.000202
0.000052
0.000455
0.000149
-0.000208
-0.000057
-0.000666
0.000031
0.000408
0.000372
0.000175
-0.000614
-0.000669
-0.000402
-0.000117
0.000357
-0.000258
-0.000705
-0.000580
-0.000629
-0.000612
-0.000626
-0.000070
0.000679
0.001227
0.001043
0.000387
-0.000632
-0.000631
-0.000612
-0.000065
0.000547
0.000168
0.000693
0.001039
0.000596
0.001152
0.000333
0.000373
0.000331
0.000396
0.000279
0.001007
0.001393
0.000893
0.001084
0.000383
0.000314
0.000411
0.000287
0.000442
0.000661
0.000754
0.000559
0.000560
0.001151
0.000357
0.000328
0.000417
-0.000263
-0.000748
0.000055
0.000416
0.000342
0.000343
0.000415
-0.000286
-0.000673
-0.000633
-0.000002
0.000449
0.000325
0.000339
0.000542
0.000795
-0.000382
-0.000649
-0.000596
-0.000633
-0.000589
-0.000642
-0.000579
-0.000653
-0.000569
-0.000665
-0.000553
-0.000699
-0.000393
0.000331
0.000410
0.000171
-0.000635
-0.000591
-0.001073
-0.000671
-0.000605
-0.000074
0.001100
0.001363
0.001192
0.000267
0.000472
-0.000332
-0.000638
-0.000651
-0.000429
0.000365
0.000360
0.000357
0.000244
-0.000742
-0.000331
0.000120
-0.000438
0.000368
0.000361
0.000333
0.000485
0.001552
0.001736
0.001039
0.000398
0.000318
0.000383
0.000332
0.000368
0.000362
0.000220
-0.000703
-0.000408
0.000352
0.000365
0.000341
0.000373
0.000323
0.000415
-0.000274
-0.000714
-0.000552
-0.000687
-0.000422
0.000367
0.000342
0.000380
0.000200
-0.000677
-0.000552
-0.000717
0.000055
0.000397
0.000356
0.000325
-0.000010
0.000015
0.000072
0.000359
0.000432
-0.000349
-0.000466
-0.000215
-0.000745
-0.000548
-0.000668
-0.000586
-0.000642
-0.000606
-0.000626
-0.000622
-0.000609
-0.000643
-0.000582
-0.000684
-0.000507
-0.001345
-0.001012
-0.000532
-0.000641
-0.000648
-0.000539
-0.000892
-0.000928
-0.001033
-0.000664
-0.000674
-0.000375
0.000116
-0.000406
-0.000264
-0.000705
-0.000616
-0.000477
0.000390
0.000313
0.000389
0.000173
-0.000655
-0.000626
-0.000072
0.000552
-0.000411
-0.000477
0.000372
-0.000100
0.000256
0.000409
0.000278
0.000414
0.000255
0.000470
-0.000376
-0.000499
0.000371
0.000339
0.000326
0.000374
0.000266
0.001002
0.001244
0.000237
0.000434
0.000218
0.001029
0.001337
0.001343
0.001128
0.000327
0.000320
0.000481
0.001396
0.000661
0.000266
-0.000063
0.000224
0.000418
0.000258
0.000434
-0.000323
-0.000708
-0.000588
-0.000698
-0.000017
0.000469
-0.000327
-0.000715
-0.000582
-0.000703
-0.000443
0.000345
0.000328
0.000338
0.000323
0.000347
0.000305
0.000388
0.000126
-0.000190
-0.000608
-0.000074
0.000483
0.000207
0.000476
-0.000402
-0.000079
0.000480
-0.000331
-0.000744
-0.000431
0.000317
0.000375
-0.000287
-0.000754
-0.000565
-0.000728
-0.000432
0.000322
0.000340
0.000308
0.000363
-0.000246
-0.001367
-0.001649
-0.001617
-0.001591
-0.001684
-0.000959
-0.000710
-0.001732
-0.001393
-0.000666
-0.000508
0.000424
0.000079
-0.000564
-0.000915
-0.000964
-0.000630
-0.000043
0.000408
0.000318
0.000144
-0.000098
0.000485
0.000179
0.000583
0.001230
0.001390
0.000621
0.000282
0.000197
-0.000746
-0.000004
0.000404
0.000266
0.000369
0.000260
0.000412
-0.000358
-0.000571
0.000409
0.000241
0.000401
0.000219
0.000455
0.000007
-0.000368
-0.000370
-0.000534
0.000349
0.000323
0.000284
0.000388
0.000098
-0.000618
-0.000736
0.000004
0.000376
0.000299
0.000321
0.000314
0.000325
-0.000130
0.000245
0.000352
0.000300
0.000312
0.000345
0.000238
0.000582
0.000603
0.000893
0.000811
0.000133
0.000418
0.000680
0.000447
0.000237
-0.000063
0.000183
0.000415
0.000209
0.000966
0.001397
0.000637
0.000232
0.000360
0.000281
0.000340
0.000294
0.000331
0.000300
0.000327
0.000303
0.000323
0.000307
0.000316
0.000328
0.000174
-0.000739
-0.000453
0.000322
-0.000117
0.000214
0.000409
0.000091
-0.000627
-0.001132
-0.000693
-0.000668
-0.000504
0.000365
0.000267
0.000380
0.000117
-0.000660
-0.000663
-0.000643
-0.000675
-0.000626
-0.000709
-0.000463
-0.000099
-0.000219
0.000302
0.000302
0.000357
0.000135
-0.000670
-0.000660
-0.000631
-0.000714
-0.000439
-0.000151
0.000312
-0.000285
-0.000762
-0.000497
0.000546
0.000705
-0.000348
-0.000826
0.000235
0.000755
0.000182
0.000394
0.000268
0.000351
0.000296
0.000332
0.000309
0.000323
0.000316
0.000319
0.000318
0.000321
0.000315
0.000327
0.000305
0.000346
-0.000145
0.000265
0.000346
0.000302
0.000346
-0.000142
0.000270
0.000316
0.000488
0.000781
-0.000027
-0.000418
0.000308
0.000325
0.000763
0.000395
0.000294
-0.000099
0.000233
0.000379
0.000283
0.000355
0.000309
0.000220
-0.000783
0.000066
0.000296
0.000989
0.000786
0.000041
-0.000653
-0.000465
-0.000130
0.000445
0.000776
0.000151
0.000456
0.000210
0.000462
-0.000367
-0.000671
-0.000668
-0.000464
0.000236
-0.000778
-0.000343
-0.000353
-0.000537
0.000386
0.000304
0.000340
0.000339
0.000304
0.000394
0.000119
-0.000597
-0.001164
-0.000052
0.000427
0.000303
0.000325
0.000389
0.000104
-0.000033
0.000436
0.000279
0.000371
0.000310
0.000354
0.000319
0.000357
-0.000116
0.000265
0.000380
0.000312
0.000245
-0.000779
-0.000325
-0.000343
-0.000647
-0.000693
-0.000383
-0.000292
-0.000690
-0.000652
-0.000423
-0.000247
-0.000740
-0.000578
-0.000222
-0.000528
-0.000689
-0.000584
-0.000661
-0.000602
-0.000646
-0.000613
-0.000634
-0.000630
-0.000186
-0.000545
-0.000678
-0.000582
-0.000663
-0.000599
-0.000534
0.000500
-0.000389
-0.000477
0.000362
-0.000048
0.000050
0.000020
0.000416
0.000755
0.000453
0.000275
0.000421
-0.000157
0.000340
0.000319
0.000424
0.000108
-0.000411
-0.000249
-0.000603
0.000506
0.000205
0.000530
-0.000415
-0.000425
0.000199
-0.000655
-0.000159
-0.000551
-0.000646
-0.001031
-0.000310
0.000131
0.000379
0.000343
0.000381
-0.000116
0.000324
0.000323
0.000561
0.001180
0.000324
0.000363
0.000375
0.000296
0.001004
0.001705
0.000341
0.000381
0.000330
0.000392
0.000314
0.000433
0.000129
-0.000447
0.000383
0.000356
0.000348
0.000401
0.000181
-0.000625
-0.000612
-0.000592
-0.000655
-0.000009
0.000607
0.001357
0.000744
0.000216
0.000503
-0.000338
-0.000625
-0.000652
-0.000413
0.000353
0.000419
-0.000267
-0.000695
-0.000561
-0.000637
-0.000583
-0.000624
-0.000591
-0.000620
-0.000593
-0.000618
-0.000593
-0.000618
-0.000592
-0.000619
-0.000590
-0.000619
-0.000596
-0.000184
-0.000492
-0.000716
-0.000356
-0.000120
0.000361
0.000208
-0.000636
-0.000587
-0.000615
-0.000598
-0.000606
-0.000608
-0.000589
-0.000646
0.000003
0.000489
0.000270
0.000479
0.000100
0.000016
0.000477
0.000255
0.001063
0.000805
0.000209
0.000477
0.000270
0.000052
-0.000002
0.000120
-0.000184
-0.000775
0.000092
0.000405
0.000369
0.000341
0.000429
0.000142
-0.000435
-0.000046
0.000270
0.000444
0.000183
-0.000655
-0.000411
0.000254
-0.000710
-0.000368
0.000321
0.000460
-0.000319
-0.000503
0.000422
0.000343
0.000364
0.000410
-0.000257
-0.000689
-0.000587
-0.000048
0.000553
0.000063
0.000043
0.000445
0.000317
0.000412
0.000309
0.000454
0.000113
0.000014
0.000457
0.000316
0.000397
0.000343
0.000380
0.000353
0.000374
0.000352
0.000391
0.000211
-0.000664
-0.000546
-0.000689
-0.000386
0.000339
0.000411
0.000283
0.000601
0.001165
0.000342
0.000372
0.000354
0.000384
0.000217
-0.000686
-0.000413
0.000391
0.000209
-0.000663
-0.000560
-0.000673
-0.000420
0.000385
0.000331
0.000832
0.000401
0.000364
0.000310
0.000580
0.000738
0.000247
-0.000001
0.000202
0.000513
-0.000357
-0.000612
-0.000683
0.000047
0.000399
0.000401
-0.000300
-0.000103
0.000528
0.000237
0.000466
0.000229
0.000637
0.000686
0.000277
0.000397
0.000325
0.000383
0.000324
0.000403
0.000179
-0.000645
-0.000591
-0.000643
-0.000584
-0.000656
-0.000564
-0.000702
-0.000369
-0.000259
-0.000722
-0.000549
-0.000682
-0.000541
-0.000736
0.000099
-0.000216
-0.000726
-0.000591
-0.000070
0.000541
0.000049
0.000014
0.000472
-0.000319
-0.000570
0.000506
-0.000385
-0.000052
0.000469
0.000274
0.000407
0.000295
0.000399
0.000295
0.000403
0.000281
0.000442
-0.000315
-0.000687
-0.000597
-0.000639
-0.000624
-0.000513
0.000485
-0.000397
-0.000009
-0.000156
-0.000799
-0.000506
-0.000747
-0.000368
-0.000253
-0.000790
-0.000326
-0.000337
-0.000529
0.000403
0.000309
0.000361
0.000332
0.000343
0.000347
0.000323
0.000387
-0.000269
-0.000751
-0.000533
-0.000750
0.000058
0.000367
-0.000044
-0.000410
-0.000061
0.000460
0.000264
0.000399
0.000274
0.000833
0.000362
0.000344
0.000314
-0.000035
0.000007
0.000488
0.000332
-0.000774
-0.000513
-0.000777
-0.000338
0.000100
-0.000572
-0.000761
0.000108
-0.000291
-0.000118
0.000481
0.000254
0.000380
0.000326
0.000194
-0.000269
-0.000057
-0.000680
-0.000449
0.000346
0.000330
0.000336
0.000331
0.000335
0.000330
0.000336
0.000325
0.000343
0.000311
0.000373
-0.000175
0.000477
0.000769
0.000146
0.000507
-0.000415
-0.000495
0.000357
0.000320
0.000338
0.000320
0.000350
-0.000124
0.000264
0.000366
0.000302
0.000359
-0.000124
-0.000172
0.000280
0.000366
0.000286
0.000811
0.000363
0.000333
0.000301
0.000395
-0.000311
-0.000721
-0.000603
-0.000667
-0.000616
-0.000690
-0.000025
0.000013
0.000142
0.000516
-0.000437
-0.000459
0.000193
-0.000720
-0.000010
0.000421
0.000280
-0.000067
0.000202
0.000442
0.000096
-0.000618
-0.000674
-0.000607
-0.000686
-0.000174
-0.000472
0.000422
0.000086
-0.000574
-0.000773
-0.000313
-0.000440
0.000157
0.000802
0.000183
0.000390
0.000336
-0.000275
-0.000734
-0.000631
-0.000063
0.000461
0.000241
0.000403
0.000253
0.000424
0.000095
-0.000594
-0.000735
0.000035
0.000355
0.000384
0.000088
-0.000012
-0.000032
0.000220
0.000387
0.000296
0.000349
0.000322
0.000317
0.000465
0.001400
0.000639
0.000276
0.000330
0.000387
-0.000332
-0.000126
0.000498
0.000219
0.000421
0.000248
0.000423
0.000116
-0.000636
-0.000637
-0.000664
-0.000477
0.000366
0.000321
-0.000099
0.000249
0.000381
0.000301
0.000354
0.000321
0.000336
0.000342
0.000311
0.000378
-0.000159
0.000321
0.000297
0.000411
0.000199
0.000676
0.000431
-0.000527
0.000354
0.000383
0.000110
-0.000457
0.000325
0.000402
-0.000316
-0.000689
-0.000638
-0.000171
-0.000591
-0.000634
-0.000248
-0.000323
-0.000321
-0.000680
-0.000663
0.000003
-0.000135
-0.000872
-0.000280
-0.000362
-0.000648
-0.000670
-0.000451
0.000361
0.000321
0.000380
-0.000257
-0.000781
-0.000381
0.000302
0.000391
0.000277
0.000444
-0.000348
-0.000531
0.000410
0.000290
0.000405
0.000155
-0.000650
-0.000606
-0.000660
-0.000157
-0.000580
-0.000640
-0.000219
-0.000346
-0.000269
-0.000752
-0.000410
0.000350
0.000332
0.000389
-0.000264
-0.000742
-0.000539
-0.000706
-0.000530
-0.000753
0.000083
0.000348
0.000417
0.000112
-0.000545
-0.000885
-0.000948
-0.000581
-0.000483
0.000395
0.000322
0.000368
0.000334
0.000364
0.000333
0.000371
0.000320
0.000393
0.000287
0.000460
-0.000358
-0.000488
0.000364
0.000400
0.000125
-0.000419
-0.000232
-0.000731
-0.000576
-0.000084
0.000564
0.000026
0.000055
0.000413
-0.000104
0.000280
0.000405
0.000311
0.000391
0.000747
0.000510
-0.000328
-0.001105
-0.000672
-0.000602
-0.000059
0.000534
0.000190
0.000666
0.000682
-0.000267
-0.000797
0.000239
0.001431
0.001141
0.000326
0.000402
0.000193
-0.000677
-0.000001
0.000592
0.001371
0.001123
0.000527
0.000792
0.000170
0.000638
0.001270
0.001410
0.001130
0.000350
0.000370
0.000343
0.000392
0.000310
0.000454
-0.000314
-0.000634
-0.000666
0.000049
0.000385
0.000546
0.001191
0.000346
0.000225
-0.000659
-0.000571
-0.000647
-0.000451
0.000431
0.000278
0.000503
-0.000391
0.000034
-0.000179
-0.000607
0.000537
-0.000337
-0.000647
-0.000176
0.000042
0.000509
-0.000339
-0.000503
0.000451
-0.000251
-0.000755
0.000086
0.000402
0.000372
0.000338
0.000428
-0.000258
-0.000729
0.000043
0.000471
0.000173
-0.001060
-0.000672
-0.000568
-0.000625
-0.000591
-0.000603
-0.000629
-0.000438
0.000393
0.000382
-0.000217
-0.000742
-0.000500
-0.000699
-0.000500
-0.000733
-0.000319
0.000150
-0.000573
-0.000653
-0.000531
-0.000713
-0.000322
-0.000288
-0.000636
-0.000755
-0.001087
0.000229
-0.000297
-0.000051
-0.000053
-0.000898
0.000238
-0.000301
-0.000618
-0.000657
-0.000394
0.000347
0.000413
0.000298
0.000480
0.000082
0.000063
0.000396
0.000418
0.000133
0.000011
0.000458
0.000326
0.000387
0.000361
0.000363
0.000380
0.000345
0.000408
0.000200
-0.000667
0.000014
0.000481
0.000283
0.000450
0.000270
0.000504
-0.000369
-0.000024
0.000472
0.000303
0.000844
0.000422
0.000331
0.000398
0.000331
0.000406
0.000315
0.000439
0.000159
-0.000602
-0.000611
-0.000619
-0.000039
0.000556
-0.000359
-0.000617
-0.000628
-0.000575
-0.000227
-0.000327
0.000309
0.000438
0.000160
-0.000608
-0.000612
-0.000601
-0.000609
-0.000609
-0.000595
-0.000641
-0.000439
0.000395
0.000340
0.000384
0.000336
0.000413
-0.000250
-0.000729
-0.000513
-0.000726
0.000074
0.000397
0.000381
0.000199
-0.000650
-0.000577
-0.000649
-0.000558
-0.000697
0.000051
0.000407
0.000376
0.000190
-0.000630
-0.000619
-0.000582
-0.000683
0.000038
0.000416
0.000362
0.000207
-0.000677
-0.000018
0.000536
-0.000390
-0.000029
0.000458
0.000303
0.000396
-0.000104
-0.000142
0.000291
0.000849
0.000265
-0.000724
-0.000394
0.000339
0.000376
0.000329
0.000381
0.000321
0.000391
0.000304
0.000425
0.000143
-0.000606
-0.000646
-0.000581
-0.000670
-0.000550
-0.000727
0.000065
0.000375
0.000391
0.000154
-0.000609
-0.000676
-0.000001
0.000880
0.000382
0.000323
0.000388
0.000184
-0.000688
-0.000006
0.000462
0.000256
0.000447
0.000203
0.001093
0.000713
0.000295
-0.000223
-0.000776
-0.000402
0.000359
0.000293
0.000566
0.000718
0.000237
0.000385
0.000449
0.001404
0.001233
0.001406
0.001096
0.000345
0.000764
0.000444
0.000262
0.000419
0.000254
0.000453
0.000079
-0.000456
0.000486
0.001384
0.001236
0.000982
0.000544
-0.000048
-0.000407
-0.000098
0.001077
0.000897
0.001244
0.000797
-0.000425
-0.000648
-0.000627
-0.000670
-0.000025
0.000444
0.000275
0.000369
0.000342
-0.000251
-0.000339
-0.000443
-0.000801
-0.000455
-0.000883
0.000364
0.000525
-0.000726
-0.000626
-0.000602
-0.000734
0.000072
-0.000234
-0.000742
-0.000608
-0.000523
0.000435
-0.000321
-0.000718
-0.000591
-0.000680
-0.000597
-0.000696
-0.000457
0.000360
0.000295
0.000397
-0.000306
-0.000727
-0.000588
-0.000702
-0.000026
0.000452
0.000226
0.000456
0.000044
-0.000410
0.000167
-0.000698
-0.000034
0.000449
0.000254
-0.000137
-0.001069
-0.000844
-0.000726
0.000071
0.000176
-0.000525
0.000410
-0.000290
-0.000791
0.000046
0.000357
0.000364
-0.000290
-0.000741
-0.000592
-0.000670
-0.000651
-0.000070
0.000492
0.000074
-0.000616
-0.000240
-0.000522
-0.000756
-0.000410
0.000299
0.000363
0.000282
0.000395
-0.000300
-0.000768
0.000002
0.000444
-0.000323
-0.000733
-0.000581
-0.000718
-0.000442
0.000329
0.000331
0.000322
0.000328
0.000329
0.000316
0.000348
0.000282
0.000416
-0.000367
-0.000101
0.000462
0.000247
0.000381
0.000288
0.000351
0.000315
0.000319
0.000377
-0.000320
-0.000160
0.000539
0.000143
0.000543
-0.000496
0.000056
0.000149
-0.000459
0.000179
-0.000673
-0.000216
-0.000511
-0.000809
0.000140
-0.000347
-0.000049
-0.000161
-0.000838
0.000049
0.000400
0.000263
0.000423
0.000087
-0.000580
-0.000756
0.000060
0.000328
0.000409
0.000070
-0.000429
0.000284
0.000435
0.000037
0.000060
0.000171
-0.000055
0.000322
-0.000812
-0.000341
0.000111
-0.000610
-0.000699
-0.000442
0.000331
0.000350
0.000298
0.000387
0.000234
0.000617
0.000520
-0.000362
0.000121
0.000346
0.000337
0.000329
0.000336
0.000335
0.000327
0.000352
-0.000120
0.000269
0.000373
0.000306
0.000365
0.000299
0.000396
-0.000281
-0.000769
0.000028
0.000413
0.000289
0.000381
0.000289
0.000396
0.000260
0.000461
-0.000388
-0.000057
0.000444
-0.000119
-0.000313
-0.000717
-0.000593
-0.000538
0.000476
0.000058
-0.000411
0.000296
0.000441
-0.000367
-0.000067
0.000452
0.000294
0.000352
0.000378
0.000134
-0.000047
0.000472
0.000258
0.000414
0.000274
0.000428
0.000130
-0.000617
-0.000639
-0.000630
-0.000075
0.000558
-0.000002
0.000088
0.000333
0.000433
0.000085
-0.000417
0.000320
0.000399
0.000277
0.000437
0.000234
0.000503
0.000021
-0.000330
0.000089
-0.000413
0.000322
0.000401
0.000278
0.000452
0.000103
-0.000560
-0.000726
0.000073
0.000258
-0.000716
-0.000404
0.000330
0.000419
-0.000309
-0.000125
0.000581
-0.000420
-0.000014
0.000334
-0.000806
0.000161
-0.000296
-0.000073
0.000361
-0.000786
-0.000452
-0.000822
0.000204
-0.000350
-0.000412
-0.000311
-0.000038
-0.000124
-0.000790
-0.000522
-0.000557
0.000515
-0.000352
-0.000634
-0.000645
-0.000443
0.000387
0.000337
0.000373
0.000344
0.000365
0.000355
0.000353
0.000374
0.000321
0.000439
-0.000319
-0.000510
-0.000021
0.000243
0.000430
0.000307
0.000397
0.000331
0.000375
0.000360
-0.000084
0.000288
0.000394
0.000342
0.000363
0.000370
0.000329
0.000426
0.000124
-0.000006
0.000464
0.000301
0.000399
0.000331
0.000380
0.000347
0.000359
0.000387
-0.000227
-0.000776
-0.000324
-0.000278
-0.000696
-0.000560
-0.000652
-0.000569
-0.000656
-0.000555
-0.000692
-0.000388
0.000324
0.000440
0.000109
0.000003
0.000438
0.000310
0.000371
0.000334
0.000371
0.000204
-0.000289
0.000132
0.000322
0.000427
0.000081
0.000006
0.000409
0.000311
0.000338
0.000340
0.000310
0.000367
0.000163
-0.000700
-0.000022
0.000427
0.000245
0.000381
0.000242
0.000401
0.000071
-0.000486
0.000356
0.000130
-0.000674
-0.000621
-0.000662
-0.000617
-0.000657
-0.000612
-0.000654
-0.000602
-0.000654
-0.000586
-0.000659
-0.000560
-0.000690
-0.000393
0.000272
0.000388
0.000064
-0.000019
0.000377
0.000263
0.000311
0.000283
0.000288
0.000288
0.000273
0.000287
0.000261
0.000281
0.000252
0.000274
0.000245
0.000262
0.000243
0.000239
0.000630
0.000298
0.000187
0.000249
0.000196
0.000228
0.000195
0.000211
0.000188
0.000557
0.000636
0.000180
0.000186
0.000131
0.000204
0.000086
0.000253
-0.000457
-0.000516
0.000030
-0.000676
-0.000627
-0.000633
-0.000643
-0.000503
0.000215
-0.000356
-0.000681
-0.000554
-0.000650
-0.000432
0.000151
0.000181
-0.000308
-0.000680
-0.000404
0.000157
-0.000181
0.000107
-0.000168
0.000105
-0.000263
-0.000655
-0.000476
-0.000580
-0.000496
-0.000235
-0.000440
-0.000545
-0.000461
-0.000506
-0.000456
-0.000477
-0.000443
-0.000454
-0.000424
-0.000437
-0.000394
-0.000449
0.000273
0.000326
0.000043
-0.000377
-0.000397
-0.000364
-0.000366
-0.000360
-0.000260
0.000277
0.000103
-0.000323
-0.000341
-0.000037
-0.000306
0.000041
0.000285
0.000223
0.000147
-0.000077
-0.000231
-0.000292
-0.000265
0.000052
0.000297
0.000206
0.000242
0.000237
-0.000069
-0.000287
-0.000204
-0.000026
-0.000165
-0.000228
-0.000170
-0.000194
-0.000156
-0.000169
-0.000138
-0.000149
-0.000114
-0.000142
0.000145
0.000335
0.000194
-0.000103
-0.000092
-0.000086
-0.000067
-0.000078
0.000009
0.000314
0.000292
0.000298
0.000284
0.000285
0.000276
0.000273
0.000267
0.000260
0.000259
0.000246
0.000253
0.000231
0.000249
0.000210
0.000258
0.000018
-0.000010
0.000109
0.000203
0.000224
0.000213
0.000200
0.000218
0.000142
-0.000002
0.000202
0.000192
0.000155
-0.000057
0.000115
0.000202
0.000076
0.000166
0.000179
0.000161
0.000170
0.000147
0.000168
0.000104
0.000003
0.000149
0.000140
0.000136
0.000133
0.000126
0.000124
0.000116
0.000116
0.000107
0.000106
0.000099
0.000097
0.000091
0.000089
0.000083
0.000080
0.000075
0.000073
0.000067
0.000065
0.000060
0.000057
0.000053
0.000050
0.000046
0.000044
0.000039
0.000037
0.000033
0.000031
0.000027
0.000026
0.000012
-0.000047
-0.000033
-0.000039
-0.000015
0.000024
0.000030
0.000007
0.000005
0.000020
0.000016
0.000011
0.000014
-0.000001
-0.000021
0.000007
0.000005
0.000002
-0.000012
-0.000003
-0.000000
-0.000006
-0.000004
-0.000011
-0.000004
-0.000007
-0.000015
-0.000015
-0.000017
-0.000018
-0.000019
-0.000020
-0.000021
-0.000022
-0.000023
-0.000024
-0.000024
-0.000025
-0.000025
-0.000026
-0.000026
-0.000027
-0.000026
-0.000025
-0.000026
-0.000026
-0.000025
-0.000025
-0.000024
-0.000024
-0.000024
-0.000024
