0.000815
-0.000181
-0.000219
0.000493
0.000662
-0.000127
-0.000308
0.000520
0.000582
0.000293
0.000137
0.000559
0.000453
0.000048
0.000338
0.000517
-0.000162
-0.000269
0.000225
0.000362
0.000525
-0.000304
-0.000394
0.000169
0.000077
-0.000126
-0.000574
0.000511
0.000161
-0.000419
0.000409
0.000295
0.000491
-0.000371
-0.000027
0.000353
0.000427
-0.000387
-0.000033
0.000165
-0.000031
-0.000201
-0.000652
0.000420
-0.000174
0.000150
-0.000723
-0.000023
0.000346
0.000351
-0.000333
-0.000184
0.000447
0.000071
-0.000287
-0.000376
-0.000011
0.000020
-0.000297
-0.000605
0.000293
0.000338
0.000040
-0.000062
0.000272
0.000332
-0.000434
-0.000166
0.000294
0.000282
-0.000410
-0.000627
0.000212
0.000316
-0.000442
-0.000199
0.000301
0.000234
-0.000383
-0.000699
0.000275
0.000194
-0.000285
-0.000966
0.000015
0.000018
-0.000072
-0.000308
-0.000302
0.000447
-0.000040
-0.000662
-0.000662
0.000353
0.000002
-0.000518
-0.000169
-0.000002
-0.000229
-0.000667
-0.000161
0.000422
0.000043
-0.000658
-0.000309
-0.000144
-0.000223
-0.000586
-0.000189
0.000542
-0.000446
-0.000477
0.000238
0.000802
0.000194
-0.000712
-0.000533
0.000344
0.000114
-0.000527
0.000335
0.000224
0.000402
-0.000413
-0.000128
0.000339
0.000307
-0.000353
-0.000607
0.000277
0.000331
-0.000360
-0.000597
0.000278
0.000335
-0.000349
-0.000610
0.000328
0.000147
-0.000734
-0.000463
0.000237
0.000398
0.000048
-0.000448
0.000211
0.000410
-0.000398
-0.000140
0.000401
0.000110
-0.000706
-0.000502
0.000284
-0.000064
0.000001
-0.000426
-0.000139
-0.000272
-0.000806
0.000102
-0.000218
-0.000654
-0.000616
0.000039
-0.000057
-0.000753
-0.000264
0.000315
0.000567
-0.000282
0.000033
-0.000028
-0.000727
-0.000252
0.000365
0.000523
0.000360
0.000504
0.000314
0.000536
-0.000296
-0.000416
0.000255
-0.000548
-0.000540
-0.000508
-0.000516
-0.000457
-0.000494
-0.000402
-0.000492
-0.000223
0.000515
0.000588
0.000480
0.000606
-0.000105
-0.000505
-0.000413
-0.000400
-0.000900
-0.002018
-0.002112
-0.001045
-0.000141
-0.000737
-0.001198
-0.000869
-0.000049
-0.000110
0.001075
0.002158
0.000482
-0.002375
-0.004678
-0.003855
-0.000834
0.002402
0.001095
-0.001720
-0.002489
-0.002622
-0.001647
-0.000229
0.001052
0.002304
0.004002
0.003575
-0.002524
-0.007566
-0.006423
-0.001805
0.001107
-0.001437
-0.005164
-0.006445
-0.002750
0.002007
0.005916
0.008602
0.005543
0.001616
0.000316
-0.000145
0.000745
0.002471
0.001120
-0.004055
-0.007396
-0.006164
-0.000307
0.006119
0.010443
0.011669
0.009602
0.004537
-0.004281
-0.013412
-0.013618
0.001866
0.016456
0.017476
0.012475
0.002333
-0.007969
-0.010400
-0.007516
-0.007161
-0.005253
-0.000334
0.003473
0.004893
0.003184
0.004960
0.008146
0.003391
-0.001358
-0.000577
-0.002321
-0.000004
0.010831
0.024354
0.031510
0.022341
-0.004537
-0.025145
-0.022539
-0.013076
-0.013715
-0.014688
-0.003162
0.005618
0.012728
0.021291
0.015933
0.001528
-0.006024
-0.010668
-0.016122
-0.010926
0.006237
0.023206
0.021692
0.004341
-0.009717
-0.020147
-0.026943
-0.016675
-0.006064
-0.006476
0.005979
0.022119
0.025283
0.017048
0.004447
0.007991
0.016173
0.010550
-0.005020
-0.016133
-0.004012
0.016621
0.014627
0.001394
-0.006013
-0.003712
-0.000565
-0.014221
-0.025446
-0.010492
0.007834
0.003652
-0.001894
0.004586
0.011269
0.014461
0.006687
-0.014470
-0.019507
-0.003600
0.012429
0.013635
0.003427
0.003918
0.003569
-0.010069
-0.022382
-0.024710
-0.016916
-0.005798
-0.009540
-0.017739
0.001169
0.026794
0.020809
-0.002573
-0.010218
-0.004687
-0.003259
-0.002170
-0.000432
-0.001161
-0.007193
-0.006871
-0.004860
-0.014884
-0.017012
-0.001503
0.008510
-0.002837
-0.012757
-0.011427
-0.010637
-0.003494
0.006038
0.007525
0.012409
0.017254
0.016855
0.007918
-0.007775
-0.017008
-0.015244
-0.007827
0.003264
0.011634
0.013674
0.009883
-0.005148
-0.019080
-0.011923
0.006920
0.014649
0.010308
0.003333
0.013830
0.035422
0.034622
0.002208
-0.027744
-0.019128
0.007284
0.011308
-0.006192
-0.015842
0.001539
0.022516
0.017260
-0.004931
-0.016880
-0.017148
-0.013537
0.004317
0.021374
0.015495
0.000658
-0.001688
0.000824
-0.001799
-0.002666
0.000018
-0.000385
-0.001677
-0.008280
-0.017531
-0.014505
-0.006994
-0.005848
-0.012603
-0.018591
-0.013877
-0.001592
0.011936
0.018877
0.005700
-0.013381
-0.017910
-0.000783
0.025627
0.038095
0.037840
0.035607
0.038428
0.033532
0.021343
0.017608
0.011440
-0.000427
-0.005171
-0.010733
-0.008727
0.004543
0.007598
0.002562
-0.007972
-0.021984
-0.011975
0.000814
-0.018430
-0.034094
-0.019848
-0.003837
-0.001767
-0.001790
-0.006873
-0.016864
-0.020332
-0.014491
0.013717
0.026346
-0.007491
-0.035161
-0.029870
-0.009762
-0.004199
-0.022317
-0.043549
-0.041691
-0.006163
0.016047
-0.008991
-0.035743
-0.020971
0.020792
0.034761
0.018364
0.008853
0.021611
0.043627
0.033786
-0.006474
-0.008152
0.030346
0.039199
0.004370
-0.028862
-0.016736
0.016747
0.023533
0.013210
0.008839
0.019293
0.020821
-0.017039
-0.050132
-0.040865
-0.012708
0.002467
-0.010166
-0.026178
-0.011571
0.017643
0.011548
-0.017144
-0.020475
-0.003810
0.017284
0.031151
0.022740
-0.001901
-0.011334
-0.006947
-0.016859
-0.024549
-0.024675
-0.023451
-0.003889
0.016823
0.022830
0.034183
0.044178
0.027910
-0.000658
-0.008495
-0.000263
0.000889
-0.005583
-0.006298
-0.001731
0.001246
0.001845
-0.002215
-0.004121
-0.003398
-0.003451
-0.003682
-0.010431
-0.007196
0.007737
0.011229
0.005530
-0.001746
-0.004758
-0.008771
-0.013571
-0.001418
0.014894
0.012570
0.003744
0.012174
0.028277
0.033481
0.021360
-0.002141
-0.012838
-0.011073
-0.016607
-0.021157
-0.011863
0.002924
0.012393
-0.002465
-0.026912
-0.022635
-0.004814
-0.007380
-0.016897
-0.008502
0.010035
0.018610
0.012049
0.002338
0.007560
0.025094
0.028431
0.013937
0.008084
0.025184
0.036363
0.013900
-0.010383
-0.005781
-0.001214
-0.022219
-0.042163
-0.030812
-0.006282
-0.003487
-0.021274
-0.028625
-0.015361
0.012381
0.025913
0.003485
-0.025583
-0.033558
-0.020961
0.003750
0.019657
0.003676
-0.012276
0.008658
0.026291
0.023197
0.029434
0.030936
0.004986
-0.020727
-0.021754
-0.013713
-0.003123
-0.001102
-0.007535
-0.001486
0.011397
0.010419
-0.000578
-0.003923
0.000021
-0.001762
-0.011150
-0.012164
-0.006519
-0.005361
0.000889
0.007105
-0.000572
-0.007760
-0.004754
0.001376
0.010271
0.015960
0.005838
-0.020719
-0.027328
-0.004363
0.018009
0.022980
0.009187
0.002597
0.011483
0.007594
-0.006278
-0.001474
0.024152
0.047520
0.044176
0.020987
0.007461
0.008005
0.008171
0.009226
0.009162
0.008633
0.015223
0.015445
0.000275
-0.021173
-0.040636
-0.040762
-0.014791
0.006215
0.004337
-0.006737
-0.013051
-0.005808
-0.002167
-0.016774
-0.025047
-0.024816
-0.033152
-0.038173
-0.035410
-0.018395
0.005202
0.000904
-0.025697
-0.032376
-0.006092
0.024454
0.027252
0.015377
0.021558
0.037345
0.042841
0.031791
0.012357
0.002004
0.004660
0.003985
0.001369
0.000248
-0.014501
-0.025794
-0.013155
-0.000669
0.002314
0.001935
-0.007980
-0.008482
0.009779
0.021774
0.020871
0.009928
-0.010762
-0.018273
-0.010436
-0.010837
-0.018812
-0.010903
0.001177
-0.001280
-0.013314
-0.017265
-0.006122
0.002437
0.003914
-0.009043
-0.028825
-0.023140
0.002280
0.011255
0.012020
0.007803
-0.004730
-0.001995
0.007237
0.003568
-0.004636
-0.016262
-0.017000
0.001477
0.008420
-0.003440
-0.016753
-0.012350
0.009078
0.013357
0.000117
0.010924
0.029203
0.020224
0.000542
-0.008075
0.003591
0.023687
0.026123
0.006765
-0.009646
-0.000244
0.020078
0.011605
-0.017685
-0.021536
-0.001079
0.009147
0.000601
-0.010595
-0.016061
-0.015918
-0.017809
-0.025743
-0.030510
-0.024841
-0.008841
0.009221
0.005165
-0.017098
-0.019366
0.006598
0.035578
0.037619
0.008664
-0.011748
-0.003080
0.015669
0.024346
0.013456
-0.005800
-0.009231
0.004244
0.003511
-0.005057
0.003798
0.012915
0.005962
-0.001775
0.004744
0.015090
0.028872
0.038069
0.022099
-0.000396
-0.005353
0.006087
0.016047
0.012369
0.010015
0.013188
0.006099
-0.011352
-0.010604
0.008845
0.004365
-0.014838
-0.012810
-0.007246
-0.015319
-0.020887
-0.016214
-0.001484
0.013559
0.016747
0.009576
0.004548
0.009236
0.008264
-0.003679
-0.001993
0.019063
0.026537
0.006084
-0.010746
-0.004866
0.010887
0.009058
-0.010396
-0.020613
-0.008636
0.004559
-0.000761
-0.004138
-0.003328
-0.000331
0.015118
0.025125
0.004749
-0.010800
0.008203
0.021573
0.016642
0.004156
-0.018818
-0.021952
0.005568
0.016158
-0.002008
-0.017135
-0.017027
-0.008686
-0.001322
-0.002654
-0.003263
0.004468
0.012831
0.007352
-0.011473
-0.020620
-0.020440
-0.025584
-0.026041
-0.009372
-0.004330
-0.010898
-0.001964
0.005526
0.002118
0.007027
0.024701
0.024661
0.004708
0.000256
0.012146
0.017813
0.013739
0.007302
0.008007
0.011549
0.003607
-0.011085
-0.021944
-0.018093
0.000285
0.013771
0.015996
0.004018
-0.015982
-0.024760
-0.022254
-0.015677
-0.001354
0.009426
0.006765
0.000106
-0.009929
-0.024752
-0.034101
-0.030925
-0.018298
0.001595
0.010932
0.003060
0.003771
0.014366
0.019936
0.023105
0.027342
0.027921
0.024581
0.018974
0.007696
0.001047
-0.000792
-0.003167
-0.000496
-0.004626
-0.023369
-0.029357
-0.016888
-0.006405
-0.003655
-0.010612
-0.004741
0.013309
0.012188
-0.011059
-0.032377
-0.033993
-0.021038
-0.016459
-0.027010
-0.033335
-0.021404
-0.005208
-0.003554
-0.011484
-0.011998
-0.000765
0.012955
0.005161
-0.017375
-0.017327
-0.002333
0.011449
0.012109
-0.006167
-0.016452
-0.008216
-0.008448
-0.007904
0.002794
-0.005077
-0.015885
-0.002578
0.011653
0.013274
0.009367
0.000973
0.000287
0.010509
0.015024
0.008371
0.002163
-0.007095
-0.013496
-0.009750
-0.009291
-0.016058
-0.018625
-0.010173
-0.005506
-0.010202
-0.005400
0.012549
0.019941
0.014817
0.011055
0.006609
0.004896
0.002130
-0.000517
0.008409
0.017844
0.013229
0.001962
-0.009912
-0.018309
-0.009313
0.006948
0.003993
-0.001205
0.008941
0.013616
0.005457
0.005344
0.017080
0.026778
0.029765
0.024903
0.017612
0.010030
0.007092
0.007503
0.004529
-0.000836
-0.000253
0.001547
0.000962
0.008816
0.010742
0.000798
-0.005558
-0.008418
-0.016779
-0.022007
-0.017364
-0.006516
0.005224
0.005094
-0.005790
-0.011060
-0.000818
0.015225
0.011935
-0.003409
-0.003504
0.009977
0.016101
0.014060
0.016387
0.017279
0.011359
-0.006193
-0.023676
-0.020828
-0.007560
-0.005419
-0.010890
-0.009692
-0.004138
-0.007701
-0.013475
-0.011895
-0.003654
0.015928
0.030900
0.021635
0.012101
0.019354
0.023207
0.017949
0.013961
0.012929
0.015512
0.012627
0.002451
0.001918
0.005014
0.003519
0.001395
-0.005705
-0.019021
-0.022826
-0.017840
-0.011820
-0.007320
-0.002312
0.001307
-0.004295
-0.009231
-0.009843
-0.005786
-0.001463
-0.000313
0.000544
0.006445
0.011069
0.008512
0.005638
0.006790
0.008366
0.009320
0.005813
-0.005935
-0.007134
0.009637
0.014813
-0.004244
-0.016720
-0.007855
0.007718
0.019205
0.018223
0.009611
0.015384
0.030128
0.033258
0.027390
0.029160
0.034382
0.027410
0.021683
0.026759
0.027230
0.017691
0.009587
0.011704
0.012375
0.007043
-0.003011
-0.007291
0.002601
0.012190
0.016017
0.014133
0.006154
0.004332
0.009821
0.006608
-0.000906
-0.005006
-0.010270
-0.012683
-0.005503
0.003211
0.000031
-0.002057
0.001482
-0.007234
-0.022221
-0.026735
-0.024985
-0.022793
-0.020578
-0.028345
-0.035201
-0.028216
-0.020570
-0.015517
-0.009922
-0.009182
-0.014263
-0.017502
-0.008853
0.000105
-0.003314
-0.014090
-0.024994
-0.026055
-0.012067
0.005438
0.011666
0.007457
0.001873
0.001828
0.008414
0.006696
-0.005784
-0.014966
-0.017743
-0.020625
-0.027399
-0.030395
-0.031140
-0.029211
-0.017292
-0.004757
-0.005470
-0.014059
-0.017217
-0.008390
0.005641
0.012366
0.007449
-0.002518
-0.005994
0.002579
0.011249
0.004611
-0.009647
-0.005188
0.015470
0.022059
0.016996
0.010130
0.004197
0.003466
0.007450
0.007099
0.002439
0.002601
0.012481
0.020432
0.012449
-0.001849
-0.011261
-0.010847
-0.006183
-0.006710
-0.012193
-0.015891
-0.017369
-0.006588
0.008187
0.012608
0.016986
0.027607
0.033595
0.024544
0.011424
0.003707
0.006865
0.016007
0.018048
0.011323
0.007742
0.008534
0.001650
-0.006565
-0.007432
-0.009043
-0.012355
-0.008582
-0.004020
0.002181
0.009278
0.003260
-0.007000
-0.006883
0.002730
0.005304
-0.006499
-0.015694
-0.013606
-0.004097
0.010518
0.020306
0.013304
-0.003598
-0.015000
-0.017509
-0.012564
-0.006916
-0.004693
-0.005316
-0.010077
-0.018444
-0.022158
-0.017129
-0.007377
0.004568
0.013587
0.012958
0.010576
0.013490
0.019440
0.021113
0.015735
0.007837
-0.000414
-0.002800
-0.002599
-0.006614
-0.009781
-0.004518
0.001066
0.000660
0.004341
0.008930
0.005451
0.001718
-0.004085
-0.008517
-0.001900
0.004396
-0.003056
-0.015986
-0.023096
-0.021285
-0.011141
-0.008978
-0.019907
-0.026405
-0.020503
-0.011854
-0.013433
-0.024012
-0.033856
-0.031893
-0.021208
-0.015712
-0.017911
-0.025596
-0.034188
-0.040419
-0.039786
-0.033443
-0.027120
-0.021076
-0.017033
-0.015851
-0.017210
-0.015721
-0.009095
-0.007388
-0.009983
-0.005990
0.002198
0.000004
-0.007624
-0.007007
0.002752
0.012103
0.010260
0.004744
0.008783
0.017762
0.017873
0.007396
0.000673
0.008094
0.021769
0.032424
0.036583
0.035380
0.038067
0.046229
0.040625
0.023694
0.018559
0.025925
0.029980
0.025591
0.020486
0.019641
0.019065
0.017180
0.014994
0.007268
-0.000375
0.004344
0.016074
0.022330
0.020513
0.013984
0.013572
0.016813
0.013649
0.012138
0.019968
0.026779
0.021687
0.010447
0.006000
0.009015
0.010254
0.009267
0.011057
0.015009
0.015459
0.012832
0.005428
-0.006371
-0.016251
-0.016691
-0.012094
-0.012805
-0.017534
-0.017459
-0.012783
-0.007808
-0.005460
-0.013645
-0.027813
-0.028493
-0.013450
0.000259
0.003492
-0.002817
-0.008956
-0.003758
0.009596
0.012736
0.005296
-0.004191
-0.010912
-0.010458
-0.001674
0.007009
0.005811
-0.001316
-0.005290
-0.003006
-0.004179
-0.010926
-0.011912
-0.008663
-0.011049
-0.017460
-0.021647
-0.019599
-0.014036
-0.011221
-0.009353
-0.007686
-0.007507
-0.003282
0.001927
0.002286
0.003846
0.010677
0.013447
0.005067
-0.002236
-0.003972
-0.006742
-0.011265
-0.013963
-0.014825
-0.013484
-0.015685
-0.020464
-0.020490
-0.017375
-0.015286
-0.017270
-0.016289
-0.015118
-0.013003
-0.007927
-0.001035
0.001500
-0.006233
-0.014625
-0.017748
-0.014944
-0.009779
-0.005394
-0.003957
-0.005572
-0.005410
-0.005913
-0.008285
-0.007322
-0.001350
0.000396
-0.000406
0.003145
0.006363
0.006697
0.011283
0.020428
0.021214
0.011942
0.006648
0.011353
0.017914
0.023135
0.028397
0.028272
0.024478
0.028715
0.033890
0.028862
0.017966
0.010054
0.007282
0.011094
0.013553
0.008015
0.003818
0.006177
0.012054
0.017775
0.016008
0.010087
0.008613
0.007596
0.008082
0.009503
0.007230
0.006265
0.007699
0.006744
0.002241
-0.003565
-0.004809
0.000802
0.008020
0.007469
0.001153
-0.001232
0.003146
0.008051
0.007542
0.004293
0.003188
0.006202
0.008641
0.004903
-0.002531
-0.010390
-0.014440
-0.013512
-0.017196
-0.026557
-0.030397
-0.024766
-0.015187
-0.012232
-0.015984
-0.015209
-0.006745
0.003920
0.007766
0.003603
-0.002270
-0.003910
-0.002133
-0.001087
0.002907
0.009396
0.011538
0.011837
0.011957
0.013802
0.016575
0.012217
0.005814
0.004272
0.004097
0.004148
0.002476
-0.003110
-0.006398
-0.006555
-0.010240
-0.019544
-0.026015
-0.021706
-0.014501
-0.014630
-0.016980
-0.013762
-0.006898
-0.002142
-0.003370
-0.008046
-0.010521
-0.009410
-0.008696
-0.009037
-0.008620
-0.005466
0.002364
0.008889
0.009420
0.008865
0.009971
0.011034
0.011608
0.010787
0.009840
0.009596
0.011561
0.013192
0.011166
0.009556
0.008303
0.005786
0.005459
0.007741
0.007865
0.007704
0.004273
-0.006395
-0.012425
-0.007870
-0.003447
-0.002236
-0.000807
-0.003872
-0.011083
-0.014232
-0.010112
-0.002088
0.003133
0.003294
-0.002097
-0.008041
-0.008156
-0.006879
-0.006671
-0.006118
-0.004555
-0.003113
-0.002172
-0.000490
0.004271
0.009543
0.014701
0.018802
0.016522
0.009307
0.008190
0.014924
0.020812
0.020970
0.015340
0.009381
0.009606
0.013422
0.012124
0.009281
0.010823
0.012338
0.008884
0.008190
0.011021
0.007369
0.002060
0.000580
0.004083
0.009325
0.008805
0.001641
-0.002516
0.002559
0.010402
0.013181
0.014937
0.013965
0.010343
0.011290
0.012173
0.011426
0.011717
0.009761
0.007316
0.009153
0.010637
0.006667
0.002194
0.003808
0.008371
0.010731
0.008748
0.003640
-0.000256
-0.002748
-0.007019
-0.012952
-0.016240
-0.016426
-0.016450
-0.014507
-0.013688
-0.011979
-0.009140
-0.009366
-0.013879
-0.011056
-0.000554
0.004469
0.001668
-0.005722
-0.012355
-0.013761
-0.008800
-0.008705
-0.015113
-0.014934
-0.009159
-0.003446
0.002508
0.007305
0.007908
0.004765
0.004680
0.006918
0.006910
0.006079
0.004917
0.004409
0.003308
-0.000399
-0.004350
-0.004163
-0.001825
-0.005749
-0.013640
-0.017115
-0.010254
-0.001667
-0.001423
-0.008502
-0.015160
-0.012978
-0.007993
-0.009838
-0.013757
-0.014057
-0.013575
-0.012678
-0.007224
-0.002459
-0.005654
-0.009918
-0.008928
-0.006071
-0.005107
-0.008135
-0.013599
-0.013525
-0.009212
-0.006678
-0.006112
-0.006167
-0.004598
-0.004758
-0.007859
-0.008759
-0.001479
0.007074
0.004888
-0.001969
-0.000274
0.005338
0.004375
-0.004389
-0.012811
-0.009448
-0.000264
0.000135
-0.005818
-0.007659
-0.004187
0.000805
0.001671
0.001040
0.001268
0.000452
-0.002017
-0.002200
0.000352
0.000518
-0.000800
-0.001979
-0.001502
0.000732
0.003996
0.008999
0.010861
0.007893
0.006190
0.005413
0.002587
0.000209
0.000591
0.002606
0.002003
-0.001645
-0.005205
-0.004144
-0.000477
0.001891
0.003043
0.004379
0.003972
0.000016
-0.002392
-0.001572
-0.001253
-0.002702
-0.003171
-0.001612
0.002654
0.005877
0.003563
-0.001528
-0.003274
0.000861
0.005992
0.007010
0.003773
0.000608
-0.001192
0.000547
0.003524
0.001396
-0.004219
-0.005671
-0.003680
-0.003807
-0.005013
-0.005311
-0.001212
0.002424
0.001739
-0.002505
-0.007760
-0.008009
-0.004300
0.000336
0.005144
0.009339
0.011792
0.010282
0.005566
0.002426
0.003464
0.006544
0.008793
0.007802
0.004294
0.002729
0.003809
0.004054
0.004465
0.006313
0.006210
0.006862
0.009248
0.007363
0.003847
0.003212
0.001394
-0.002015
-0.002528
-0.001953
-0.002207
-0.002536
-0.005630
-0.005796
-0.002641
-0.001806
-0.003001
-0.006168
-0.007034
-0.005400
-0.004708
-0.004627
-0.004135
-0.001705
0.000524
0.000838
0.000465
0.000223
0.001154
0.002148
0.003401
0.002250
0.001037
0.000816
0.002043
0.002166
-0.000299
-0.001778
-0.001395
-0.000308
-0.000746
-0.001258
-0.000545
0.001633
0.003501
0.003224
0.002877
0.004268
0.008450
0.015202
0.018023
0.014911
0.008410
0.002387
-0.000077
0.000719
0.003909
0.006641
0.005376
0.000294
-0.003820
-0.005623
-0.004396
-0.004122
-0.007557
-0.009082
-0.006864
-0.004822
-0.005387
-0.007596
-0.009897
-0.010279
-0.009200
-0.008702
-0.008380
-0.006833
-0.006024
-0.004733
-0.003342
-0.001100
0.000514
0.000038
-0.001190
-0.002520
-0.002141
-0.001994
-0.003030
-0.003407
-0.005433
-0.007820
-0.009776
-0.011055
-0.009767
-0.007282
-0.005026
-0.004733
-0.003875
-0.001399
0.000238
0.001332
0.001019
0.000703
0.001953
0.004604
0.003282
-0.001872
-0.001903
0.002860
0.006139
0.006096
0.005890
0.003314
-0.000073
-0.000063
-0.000146
-0.003735
-0.006770
-0.006873
-0.008769
-0.009835
-0.009024
-0.008691
-0.008948
-0.010418
-0.012582
-0.013058
-0.011357
-0.009171
-0.006367
-0.003537
-0.003755
-0.007127
-0.007002
-0.005576
-0.004994
-0.005322
-0.004606
-0.002828
-0.000505
0.001569
-0.000816
-0.004112
-0.005964
-0.004413
-0.003310
-0.003431
-0.004729
-0.005854
-0.005411
-0.005303
-0.007139
-0.008658
-0.005556
-0.000549
0.001981
0.000118
-0.002890
-0.003736
-0.002462
-0.000479
0.001640
0.001341
-0.001184
-0.003445
-0.004316
-0.003492
-0.002050
-0.000118
-0.001771
-0.005761
-0.008350
-0.006993
-0.000122
0.005000
0.004809
0.003285
0.004198
0.005252
0.005252
0.006627
0.006399
0.004792
0.004844
0.005786
0.005611
0.008081
0.011272
0.010576
0.008881
0.009672
0.011721
0.011681
0.010701
0.010504
0.010488
0.008760
0.006474
0.004782
0.003596
0.005523
0.007637
0.006915
0.006801
0.007107
0.008686
0.007631
0.006072
0.005644
0.003760
0.002833
0.004317
0.006751
0.009285
0.008513
0.006029
0.004664
0.003850
0.003013
0.002034
0.002140
0.001518
0.000847
0.000803
0.001282
0.000628
0.000137
0.001064
0.002973
0.004863
0.004395
0.002332
0.002127
0.003072
0.002206
0.000978
0.003321
0.007612
0.008593
0.005749
0.000752
-0.001586
-0.001353
-0.001822
-0.003499
-0.005217
-0.005501
-0.005572
-0.004321
-0.001295
0.001676
0.002775
0.003699
0.004454
0.004004
0.003314
0.004715
0.007483
0.008047
0.005411
0.003750
0.004872
0.005409
0.005402
0.005145
0.005529
0.004925
0.002598
0.000165
0.001876
0.005837
0.006688
0.005536
0.005275
0.005919
0.005197
0.002153
-0.000834
0.000951
0.003502
0.002662
-0.000720
-0.003068
-0.000675
0.005661
0.008388
0.007090
0.005158
0.004451
0.004647
0.005143
0.005392
0.003751
0.002837
0.001939
0.000795
-0.000088
0.000476
0.000054
-0.001749
-0.002570
-0.001617
0.000182
0.001099
0.001929
0.000731
-0.001533
-0.002564
-0.002515
-0.000721
-0.000267
-0.001835
-0.002433
-0.002496
-0.002423
-0.001860
-0.000719
-0.000458
-0.002159
-0.003419
-0.004778
-0.004443
-0.002154
-0.000936
-0.001704
-0.003606
-0.005405
-0.005472
-0.006041
-0.005517
-0.003460
-0.002789
-0.002105
-0.001253
-0.001099
-0.001271
-0.000833
-0.000799
-0.001949
-0.003402
-0.004214
-0.006114
-0.007762
-0.008984
-0.009387
-0.010811
-0.012107
-0.012984
-0.013498
-0.012170
-0.011867
-0.012382
-0.010984
-0.007756
-0.003896
-0.000604
-0.000411
-0.003292
-0.003334
-0.000836
0.000196
-0.000873
-0.002374
-0.002275
-0.001429
0.000262
0.000773
-0.000293
-0.002043
-0.002602
-0.002265
0.000054
0.004210
0.005475
0.003860
0.001795
0.002320
0.003624
0.003473
0.003586
0.005486
0.007104
0.008083
0.007112
0.005628
0.006329
0.008134
0.007443
0.004295
0.003206
0.004715
0.006419
0.005152
0.005009
0.006827
0.008909
0.008151
0.004442
0.002159
0.003542
0.006183
0.006292
0.004453
0.002589
0.001487
0.003334
0.004685
0.003851
0.002559
0.001686
0.001497
0.000488
-0.000395
0.000302
0.002867
0.005130
0.004539
0.001311
-0.001886
-0.001703
0.000789
0.001445
-0.000208
-0.002244
-0.001699
-0.001656
-0.003135
-0.003281
-0.002277
-0.002269
-0.002104
-0.002264
-0.002940
-0.002900
-0.002755
-0.002169
0.000897
0.003273
0.004101
0.002564
0.000224
-0.000171
0.000575
0.000938
0.002777
0.006246
0.007932
0.007835
0.006356
0.006308
0.006991
0.006803
0.005972
0.006527
0.007909
0.007226
0.005049
0.004519
0.005555
0.005230
0.003176
0.001506
0.002671
0.003783
0.002657
0.001299
-0.000074
-0.001067
-0.000191
0.002898
0.004333
0.003444
0.000863
-0.001528
-0.004684
-0.005390
-0.005142
-0.003735
-0.001327
-0.000774
-0.000269
-0.000665
0.000714
0.002652
0.004218
0.004369
0.002396
0.000992
0.001499
0.001799
-0.000773
-0.004691
-0.006319
-0.004890
-0.003321
-0.003634
-0.004199
-0.003336
-0.000788
0.000465
-0.001905
-0.003659
-0.003893
-0.002652
-0.001886
-0.002133
-0.003194
-0.004652
-0.004953
-0.005095
-0.005269
-0.005845
-0.006568
-0.008267
-0.008530
-0.007685
-0.006007
-0.004548
-0.004280
-0.005766
-0.007309
-0.008111
-0.006738
-0.004606
-0.004213
-0.004177
-0.003979
-0.002515
-0.001459
-0.000509
-0.000179
-0.002084
-0.004655
-0.005541
-0.005958
-0.007154
-0.009213
-0.009798
-0.008846
-0.007840
-0.007943
-0.009162
-0.008587
-0.008732
-0.008552
-0.007443
-0.007640
-0.007484
-0.006633
-0.003590
-0.000227
0.002000
0.000220
-0.002127
-0.000331
0.001508
0.001833
0.001778
0.001685
0.004086
0.005998
0.004264
0.003095
0.001365
-0.000589
-0.002454
-0.002588
-0.001014
0.001671
0.003815
0.004563
0.004944
0.004017
0.003469
0.003982
0.004407
0.003425
0.003114
0.003948
0.005242
0.005507
0.005211
0.005038
0.004896
0.004010
0.001793
0.000467
0.001296
0.004616
0.006657
0.004434
0.000749
0.000430
0.002311
0.003448
0.000785
-0.002333
-0.002586
-0.000819
-0.000313
-0.002485
-0.004137
-0.004479
-0.002608
-0.001474
-0.003201
-0.005912
-0.005483
-0.004824
-0.005278
-0.004772
-0.004391
-0.003517
-0.002996
-0.003219
-0.003364
-0.002508
-0.000324
0.001810
0.000778
-0.000387
-0.000551
-0.001329
-0.001896
-0.002475
-0.003372
-0.005099
-0.004507
-0.002860
-0.002707
-0.002678
-0.002545
-0.002652
-0.003410
-0.003138
-0.002226
-0.002272
-0.003605
-0.003944
-0.001506
0.000353
-0.000702
-0.002169
-0.002357
-0.002660
-0.001822
0.000122
-0.001205
-0.002818
-0.002280
-0.000881
-0.001552
-0.003202
-0.002160
-0.000650
-0.000099
-0.000772
-0.000830
-0.000653
-0.000900
-0.001408
-0.000508
0.001060
0.000864
-0.002035
-0.004490
-0.003183
-0.000437
0.001597
0.001178
-0.000879
-0.002066
-0.001246
-0.000759
-0.001285
-0.002351
-0.002347
-0.001929
-0.002938
-0.003229
-0.003860
-0.001972
-0.000765
-0.000038
0.000261
-0.000034
0.000698
0.002012
0.004220
0.005289
0.006616
0.006960
0.005955
0.004441
0.004871
0.006289
0.007854
0.008840
0.008406
0.007295
0.007124
0.005518
0.004272
0.006035
0.007339
0.005783
0.004209
0.004399
0.003748
0.003748
0.003639
0.002799
0.001226
0.000493
0.001017
0.002781
0.003936
0.004607
0.003078
0.001902
0.002679
0.002510
0.000794
-0.001007
-0.001615
0.000001
0.001620
0.000890
-0.000402
-0.001411
-0.000500
-0.000549
-0.000606
-0.001698
-0.001833
-0.000834
0.000318
0.001448
-0.000341
-0.001566
-0.001314
-0.000390
0.000623
0.001389
0.000766
-0.002045
-0.003535
-0.003343
-0.003229
-0.003747
-0.003727
-0.003205
-0.002816
-0.002819
-0.002127
-0.001053
-0.000034
0.000275
-0.001374
-0.003254
-0.005113
-0.005821
-0.005057
-0.003793
-0.004209
-0.004780
-0.005141
-0.005755
-0.005452
-0.005572
-0.004965
-0.003484
-0.002110
-0.002864
-0.003490
-0.001904
-0.000788
-0.000654
-0.000621
0.001698
0.003459
0.002970
0.001789
0.000348
-0.000648
-0.000144
0.001589
0.001290
0.000450
0.000259
0.000090
0.000729
0.002014
0.002592
0.002312
0.002483
0.002240
0.002479
0.001487
0.000360
0.000348
0.000702
0.002501
0.003180
0.002111
0.000822
0.000078
0.001277
0.002144
0.003211
0.004674
0.004883
0.004849
0.004866
0.005629
0.006987
0.006959
0.004317
0.002718
0.002560
0.002921
0.002627
0.001127
-0.001044
-0.001962
-0.000996
-0.001141
-0.001911
-0.001255
-0.000674
-0.000848
-0.000496
0.000308
0.002108
0.004732
0.004889
0.003119
0.001233
0.000206
0.000241
-0.000436
-0.001943
-0.003299
-0.004532
-0.003724
-0.002466
-0.002118
-0.002028
-0.002703
-0.001264
-0.001181
-0.001841
-0.001959
-0.002680
-0.002418
-0.001359
-0.000385
-0.000986
-0.000858
0.000598
0.002113
0.001783
0.001159
0.002081
0.003330
0.002828
0.000717
-0.000503
-0.000139
0.000539
0.001203
0.000017
-0.001843
-0.002228
-0.001128
0.001710
0.003020
0.002130
0.002468
0.004379
0.004517
0.002877
0.002530
0.003930
0.004879
0.005151
0.004774
0.003746
0.002715
0.003257
0.001949
0.000627
-0.000356
-0.002053
-0.002036
-0.002107
-0.001387
-0.000155
0.001208
0.002378
0.001964
0.002787
0.003513
0.003662
0.002944
0.002314
0.000851
0.000689
0.001980
0.002316
0.003304
0.003053
0.003043
0.003442
0.003929
0.003462
0.001991
0.000248
-0.000077
0.000327
-0.000664
-0.001734
-0.003941
-0.003431
-0.000735
0.001864
0.004114
0.004089
0.003367
0.001836
0.000547
-0.000388
-0.001441
-0.001592
-0.001453
-0.001488
-0.001300
0.000216
0.002276
0.003404
0.002532
0.000499
0.000800
0.002944
0.003310
0.000500
-0.001722
-0.002036
-0.001390
-0.000261
-0.000444
-0.001654
-0.001850
-0.001867
-0.001677
-0.002366
-0.002538
-0.001561
-0.001681
-0.002611
-0.003320
-0.003368
-0.004244
-0.004625
-0.005685
-0.004946
-0.002748
-0.002477
-0.001750
-0.000729
-0.000062
0.000541
0.001187
-0.000029
-0.001440
-0.000603
-0.000189
-0.000291
0.000351
0.000863
0.000606
0.001355
0.001653
0.001725
0.002591
0.003972
0.004181
0.003019
0.003764
0.004935
0.004437
0.003654
0.002817
0.002300
0.002313
0.002139
0.002665
0.003006
0.001001
-0.001651
-0.001936
-0.000778
0.000355
0.000026
-0.001311
-0.001675
-0.001024
0.001367
0.002899
0.000465
-0.001506
-0.001333
0.000553
0.001987
0.002381
0.001995
0.001541
0.001712
0.001521
0.000393
-0.000820
-0.002360
-0.001701
-0.000918
-0.000479
-0.000377
-0.002404
-0.001906
-0.000401
0.000765
0.001560
0.001851
0.001058
-0.000317
-0.001913
-0.003575
-0.004672
-0.002794
-0.001708
-0.002244
-0.003488
-0.004250
-0.002684
-0.001583
-0.001190
-0.000802
-0.001142
-0.000585
0.001447
0.001606
0.001590
0.001423
0.001577
0.002276
0.002205
0.001992
0.000965
0.001628
0.001760
0.001213
0.000884
0.000123
-0.001069
-0.002326
-0.002075
-0.002795
-0.002983
-0.001892
-0.000532
0.000170
0.000373
0.000182
-0.000316
-0.000120
-0.000472
-0.001147
-0.001322
-0.000576
-0.000344
-0.001263
-0.001687
-0.002924
-0.002870
-0.002143
-0.001342
-0.001521
-0.002470
-0.001984
-0.001276
-0.000797
-0.000922
-0.000846
-0.000880
-0.000859
-0.000844
-0.000888
-0.000302
0.000368
0.000074
-0.001237
-0.002118
-0.002195
-0.001508
-0.000851
-0.000677
-0.001335
-0.002288
-0.002810
-0.003446
-0.002906
-0.001616
-0.001479
-0.002260
-0.002193
-0.002172
-0.001637
-0.001986
-0.001477
-0.000327
0.000092
-0.000754
-0.002002
-0.001819
-0.001736
-0.000616
0.000141
0.000201
0.000060
-0.001361
-0.001800
-0.001605
-0.001642
-0.001515
-0.001526
-0.001504
-0.002970
-0.003241
-0.003131
-0.002820
-0.002062
-0.002962
-0.003554
-0.002413
-0.001088
0.000362
0.001364
0.001572
0.002246
0.002738
0.001730
0.000486
0.000605
0.000337
0.000525
0.000940
0.001153
0.001163
0.000980
-0.000389
-0.001449
-0.001795
-0.001052
-0.000052
0.001023
0.001195
-0.000171
-0.001487
-0.002331
-0.001895
-0.000908
-0.000087
0.000671
0.002149
0.003044
0.002250
0.002098
0.003386
0.002984
0.001634
0.000880
-0.000303
-0.001015
-0.000323
0.000675
0.001139
0.001546
0.001387
0.001568
0.001902
0.002596
0.004607
0.005583
0.005305
0.003570
0.001619
0.000599
0.000216
0.001558
0.002432
0.001800
0.000873
-0.000053
0.000015
-0.000188
-0.000729
-0.001406
-0.001900
-0.000904
-0.000613
-0.001153
-0.001622
-0.002408
-0.002130
-0.000922
-0.000568
-0.000611
-0.000480
0.001077
0.002911
0.003644
0.002565
0.001789
0.002581
0.002814
0.002582
0.001474
0.000548
-0.000565
-0.001261
-0.001372
-0.001083
-0.000231
0.000881
0.001499
0.001662
0.000708
-0.000948
-0.000481
0.001231
0.002926
0.003374
0.002297
0.001049
0.000542
-0.000700
-0.000857
-0.002130
-0.005046
-0.006038
-0.005374
-0.005232
-0.004330
-0.002366
-0.001296
-0.001402
-0.002135
-0.002686
-0.002559
-0.001696
-0.002312
-0.003214
-0.003830
-0.003078
-0.001564
-0.000918
-0.001393
-0.002777
-0.001153
0.000348
0.001068
0.000572
-0.000567
-0.000860
-0.000735
-0.000811
-0.000449
-0.000841
-0.001810
-0.000922
-0.001527
-0.000656
0.000768
0.001501
0.001498
0.001484
0.001402
0.001965
0.002468
0.001732
0.002646
0.002175
0.002668
0.003046
0.002918
0.002227
0.001844
0.002726
0.003016
0.002524
0.001308
0.000379
-0.000376
0.000537
0.000730
-0.000489
-0.001569
-0.000657
0.001155
0.001663
0.002402
0.002126
0.001846
0.001930
0.001259
0.000097
0.000456
0.001541
0.000721
0.000224
-0.000646
-0.000786
0.000173
0.001118
0.000251
-0.001430
-0.000495
0.000953
0.001435
0.000191
-0.001223
-0.001801
-0.002001
-0.001083
-0.001406
-0.001594
-0.001271
-0.001700
-0.002054
-0.002743
-0.003175
-0.001598
-0.000252
-0.001539
-0.001806
-0.002308
-0.003116
-0.002708
-0.002888
-0.001838
-0.000613
-0.000575
-0.000734
-0.000947
-0.000210
0.000421
0.000599
0.000308
-0.000272
0.000636
0.002066
0.002530
0.002164
0.000980
0.001138
0.002365
0.002336
0.002093
0.001618
0.000341
0.000652
0.001692
0.002188
0.002847
0.002817
0.002694
0.002670
0.002022
0.000864
0.000516
0.000434
-0.000601
-0.001360
-0.001332
-0.001317
-0.000699
-0.000118
-0.000396
0.000524
0.001853
0.002555
0.002959
0.004238
0.004586
0.003934
0.003864
0.002204
0.001598
0.000741
0.000369
0.000358
0.000383
0.000555
-0.000401
0.000234
0.000686
0.000886
0.000751
-0.000342
-0.001450
-0.001419
-0.001357
-0.001375
-0.001269
-0.001432
-0.002313
-0.003146
-0.002464
-0.001243
0.000224
0.000706
-0.000015
-0.000121
-0.000020
-0.000174
0.000522
0.001010
0.001826
0.001470
0.000926
0.001383
0.001078
0.000561
0.000697
0.000869
0.000318
0.000628
0.000802
0.000040
0.000030
0.000233
-0.000735
-0.000453
-0.000282
-0.000780
-0.000563
-0.000850
-0.001556
-0.001590
-0.001412
-0.000349
-0.000135
-0.001136
-0.002134
-0.001877
-0.001226
-0.001417
-0.001249
-0.000809
0.000452
0.000524
-0.000379
0.000372
0.001297
0.001183
0.000559
-0.000774
-0.001109
-0.001097
-0.001367
-0.001463
-0.002257
-0.001750
-0.002034
-0.002109
-0.001972
-0.001957
-0.001879
-0.001698
-0.000776
-0.000817
-0.000706
-0.000769
-0.000648
-0.000347
0.000071
0.000274
0.000388
-0.000347
-0.000647
-0.001216
-0.001498
-0.000476
-0.000569
-0.000430
-0.000544
0.000146
0.000609
0.000424
0.001072
0.002035
0.002472
0.001498
0.000221
0.000350
0.000117
-0.000686
-0.000599
-0.001220
-0.001615
-0.001483
-0.000994
-0.001852
-0.002378
-0.000806
0.000047
-0.000294
-0.000195
-0.000234
-0.000157
-0.000224
0.000011
0.000793
0.000808
0.000775
0.000417
-0.000410
-0.001867
-0.001984
-0.002012
-0.001726
-0.002506
-0.001946
-0.000626
-0.000063
0.000326
-0.000241
-0.000399
-0.000619
-0.000533
-0.001511
-0.001597
-0.002090
-0.001882
-0.001774
-0.001453
-0.000423
-0.000832
-0.000898
-0.000612
0.000191
0.000274
0.000217
0.000848
0.001399
0.000572
0.000795
0.001372
0.001628
0.003083
0.003847
0.002986
0.002868
0.002852
0.002220
0.001451
0.001003
0.001097
0.000630
0.000789
0.000634
0.000919
0.001181
0.001689
0.002620
0.002404
0.002658
0.002713
0.002206
0.002245
0.002655
0.003240
0.002633
0.002588
0.002768
0.002878
0.003411
0.002492
0.002453
0.002179
0.001315
0.000864
0.000594
-0.000384
-0.000789
-0.000664
-0.000709
-0.000653
-0.000660
-0.000636
-0.000617
-0.000241
0.000082
0.000370
0.000342
0.000280
0.000372
-0.000319
-0.000733
-0.000634
-0.000643
-0.000634
-0.000587
-0.000638
-0.000416
0.000366
0.000460
0.001620
0.002648
0.001817
0.001270
0.000256
-0.000835
0.000316
0.000322
-0.001157
-0.001753
-0.001867
-0.001648
-0.001920
-0.002398
-0.002002
-0.001643
-0.000456
-0.000249
-0.001169
-0.001404
-0.001313
-0.000093
-0.000093
0.000100
-0.000487
-0.000729
-0.000253
-0.000314
-0.000452
-0.001225
-0.001241
-0.001115
-0.001213
-0.000957
-0.001359
-0.001610
-0.002246
-0.002204
-0.000659
-0.000377
0.001012
0.000536
0.000130
0.000184
0.000184
0.000165
0.000196
0.000539
0.000853
0.001525
0.001312
0.001909
0.002095
0.002811
0.002719
0.002681
0.002397
0.001545
0.001426
0.001582
0.002274
0.002311
0.001536
0.001509
0.001167
0.001125
0.001977
0.001727
0.000788
0.001015
0.001104
0.000631
0.000674
0.000734
0.001587
0.000906
0.000321
0.001082
0.000873
-0.000369
-0.000659
-0.000264
0.000004
0.000448
0.001226
0.001069
0.001316
0.001352
0.001006
0.001916
0.001587
0.000649
-0.000478
-0.000698
-0.000153
-0.000985
-0.001309
-0.001311
-0.001102
-0.000327
-0.000292
0.000000
0.000378
-0.000004
-0.000516
-0.000428
-0.000065
-0.000377
-0.000666
-0.001619
-0.002372
-0.002939
-0.003266
-0.001979
-0.001820
-0.002770
-0.003130
-0.002903
-0.002973
-0.002621
-0.002246
-0.001839
-0.001240
-0.001597
-0.001674
-0.001558
-0.001711
-0.002103
-0.002109
-0.002065
-0.001936
-0.002140
-0.002248
-0.002100
-0.002086
-0.002000
-0.001937
-0.001916
-0.001680
-0.000729
0.000365
0.000528
0.000045
0.000211
-0.000421
-0.001081
-0.001213
-0.002206
-0.002699
-0.002434
-0.002448
-0.002325
-0.001738
-0.000948
-0.000366
-0.000163
-0.000421
-0.001123
-0.001134
-0.001044
-0.001028
-0.000953
-0.000912
-0.000977
-0.001828
-0.001503
-0.000719
-0.000558
-0.000758
-0.001440
-0.001450
-0.001282
-0.001342
-0.001066
-0.001801
-0.001825
-0.001424
-0.000362
0.000251
0.000125
0.000199
0.000764
0.001229
-0.000064
0.000024
0.000251
0.001356
0.001403
0.001243
0.001198
0.001861
0.002053
0.001218
0.000990
0.000340
-0.000390
-0.000085
0.000375
0.000550
0.000713
0.000479
0.001318
0.001484
0.002144
0.003164
0.003139
0.003395
0.003910
0.003414
0.002670
0.002515
0.002475
0.002393
0.002300
0.002298
0.001628
0.001150
0.001219
0.001245
0.002077
0.001759
0.001064
0.000431
-0.000055
0.000637
0.001000
0.000862
0.000918
0.000779
0.001006
0.001127
0.000624
0.000904
0.001493
0.001537
0.001273
0.000517
0.000585
0.001362
0.001088
0.000317
-0.001063
-0.001344
-0.001230
-0.000046
0.000622
-0.000485
-0.000352
-0.000441
-0.000239
0.000121
0.000181
0.000159
0.000439
0.000827
0.001320
0.000841
0.000932
0.001420
0.000368
-0.000313
-0.001252
-0.001426
-0.001414
-0.000864
-0.000396
-0.001018
-0.000945
-0.001106
-0.000901
-0.000885
-0.000405
-0.000251
-0.000357
-0.000231
-0.000346
-0.000183
-0.000450
-0.000587
-0.000967
-0.000469
-0.000107
-0.000172
-0.000153
-0.000042
0.000599
0.000523
0.000877
0.000517
0.000873
0.001135
0.000282
0.000478
-0.000171
-0.000325
-0.000494
-0.000954
-0.001047
-0.000754
-0.000326
0.000341
0.001129
0.001067
0.000909
0.000276
0.000915
0.001411
0.001423
0.001431
0.000894
0.000552
0.000604
0.000398
-0.000099
-0.000530
-0.000800
-0.001047
-0.001487
-0.001818
-0.001473
-0.000999
-0.001175
-0.000849
-0.000485
-0.000224
0.000140
0.000279
-0.000224
-0.000319
0.000193
-0.000071
0.000107
0.000191
0.000120
0.000139
0.000344
0.000142
0.000347
0.000685
0.000454
0.000656
0.000654
0.000088
-0.000150
-0.000367
-0.000785
-0.001023
-0.001105
-0.000936
-0.001031
-0.000553
-0.000472
-0.000777
-0.000337
-0.000345
-0.000038
0.000218
0.000045
-0.000349
-0.000851
-0.000953
-0.001057
-0.001144
-0.001036
-0.001036
-0.000594
-0.000349
-0.000379
-0.000328
-0.000083
0.000244
0.000486
0.000552
0.000223
0.000255
0.000823
0.001004
0.000487
0.000349
0.000331
0.000332
0.000277
0.000514
0.000653
0.000569
0.000707
0.000557
0.000244
0.000082
0.000100
0.000082
0.000071
0.000074
-0.000091
0.000022
0.000202
0.000060
0.000012
0.000027
0.000004
0.000008
0.000122
0.000030
-0.000080
-0.000336
-0.000597
-0.000525
-0.000542
-0.000420
-0.000208
-0.000116
0.000089
0.000105
0.000074
0.000093
0.000055
0.000084
0.000030
0.000114
0.000147
0.000301
0.000337
0.000092
0.000187
0.000188
0.000155
0.000068
-0.000030
-0.000077
-0.000217
-0.000290
-0.000377
-0.000474
-0.000368
-0.000205
-0.000176
-0.000174
-0.000156
-0.000148
-0.000138
-0.000119
-0.000216
-0.000290
-0.000212
-0.000063
-0.000144
-0.000219
-0.000160
-0.000177
-0.000042
0.000026
0.000013
0.000107
0.000179
0.000136
0.000175
0.000252
0.000323
0.000411
0.000319
0.000283
0.000257
0.000236
0.000202
0.000211
0.000203
0.000135
0.000065
0.000031
0.000075
0.000076
0.000070
0.000032
-0.000052
-0.000047
0.000028
0.000003
0.000021
0.000016
-0.000028
-0.000031
-0.000040
-0.000049
-0.000050
-0.000102
-0.000131
-0.000158
-0.000192
-0.000158
-0.000204
-0.000191
-0.000168
-0.000177
-0.000160
-0.000116
-0.000083
-0.000081
-0.000079
-0.000093
-0.000086
-0.000075
-0.000083
-0.000062
-0.000026
-0.000019
-0.000017
-0.000008
0.000034
0.000016
-0.000013
-0.000005
-0.000006
0.000012
-0.000001
-0.000017
-0.000010
-0.000012
0.000001
0.000019
0.000032
0.000034
0.000027
0.000033
0.000035
0.000028
0.000037
0.000029
0.000022
0.000020
0.000019
0.000028
0.000031
0.000034
0.000038
0.000042
0.000040
0.000039
0.000035
0.000035
0.000034
0.000032
0.000030
0.000028
0.000026
0.000024
0.000022
0.000020
0.000018
0.000016
0.000014
0.000012
0.000010
0.000008
0.000006
