-0.000408
-0.000436
-0.000435
-0.000431
-0.000425
-0.000418
-0.000408
-0.000400
-0.000393
-0.000393
-0.000398
-0.000407
-0.000417
-0.000423
-0.000424
-0.000423
-0.000418
-0.000411
-0.000401
-0.000379
-0.000338
-0.000273
-0.000186
-0.000082
0.000031
0.000153
0.000280
0.000413
0.000500
0.000437
0.000133
-0.000449
-0.001303
-0.002419
-0.003787
-0.005376
-0.007131
-0.008680
-0.009508
-0.009341
-0.008188
-0.006272
-0.003946
-0.001590
0.000539
0.002378
0.004012
0.005605
0.007316
0.009255
0.011455
0.013853
0.015955
0.016837
0.015758
0.012556
0.007572
0.001437
-0.005155
-0.010832
-0.014074
-0.014276
-0.011745
-0.007431
-0.002375
0.002589
0.006789
0.009618
0.010859
0.010740
0.009876
0.009064
0.008968
0.009831
0.011490
0.012962
0.012851
0.010229
0.004898
-0.002689
-0.010878
-0.017087
-0.019338
-0.017126
-0.011218
-0.003015
0.006114
0.015185
0.023682
0.030765
0.035085
0.035777
0.033171
0.028532
0.023300
0.018313
0.013519
0.008348
0.002268
-0.005163
-0.014056
-0.024019
-0.032456
-0.035908
-0.032753
-0.023539
-0.010362
0.004498
0.019195
0.032646
0.042762
0.047294
0.045706
0.039101
0.029634
0.019477
0.010097
0.002036
-0.004902
-0.011214
-0.017404
-0.023815
-0.030231
-0.035129
-0.036653
-0.034058
-0.027740
-0.018895
-0.008855
0.001239
0.010374
0.016777
0.018822
0.016227
0.009943
0.001847
-0.005694
-0.010853
-0.013028
-0.012718
-0.011254
-0.010276
-0.010963
-0.013668
-0.017968
-0.022432
-0.024948
-0.024015
-0.019355
-0.011811
-0.002730
0.006588
0.015212
0.021858
0.024811
0.023095
0.017077
0.008224
-0.001391
-0.010040
-0.017029
-0.023018
-0.029278
-0.036806
-0.045902
-0.055704
-0.063086
-0.064578
-0.058816
-0.046641
-0.030674
-0.014204
0.000237
0.011568
0.019887
0.024579
0.024252
0.018422
0.007842
-0.005832
-0.020306
-0.033408
-0.044131
-0.052490
-0.059113
-0.063313
-0.063675
-0.059713
-0.051993
-0.041759
-0.030369
-0.018962
-0.008203
0.001752
0.011119
0.020220
0.029054
0.036539
0.041295
0.042797
0.041409
0.038084
0.033853
0.029402
0.024927
0.020401
0.015762
0.011560
0.008968
0.008894
0.011451
0.016084
0.021887
0.027770
0.032157
0.033694
0.032066
0.027865
0.022190
0.016370
0.011822
0.009465
0.009367
0.010887
0.012607
0.012671
0.009832
0.003915
-0.004361
-0.013814
-0.022559
-0.028310
-0.029669
-0.026715
-0.020768
-0.013621
-0.006742
-0.000974
0.003219
0.004865
0.003037
-0.002240
-0.010074
-0.018421
-0.025037
-0.028764
-0.029654
-0.028992
-0.028550
-0.029662
-0.032787
-0.037523
-0.041908
-0.043480
-0.040989
-0.034558
-0.025319
-0.014633
-0.003635
0.007001
0.016975
0.025784
0.032173
0.035053
0.034353
0.030994
0.026678
0.023090
0.021159
0.020977
0.022013
0.023209
0.023384
0.021875
0.018652
0.014183
0.009159
0.004579
0.001589
0.000862
0.002327
0.005370
0.009183
0.013065
0.016557
0.019207
0.020475
0.020119
0.018321
0.015563
0.012381
0.009195
0.006228
0.003520
0.001032
-0.001288
-0.003506
-0.005690
-0.007885
-0.010106
-0.012348
-0.014545
-0.016283
-0.016926
-0.016136
-0.013982
-0.010856
-0.007220
-0.003360
0.000812
0.005503
0.010763
0.015915
0.019614
0.020820
0.019331
0.015683
0.010769
0.005481
0.000617
-0.002850
-0.004145
-0.003222
-0.000590
0.003017
0.007026
0.011085
0.015062
0.018943
0.022698
0.025961
0.028296
0.029545
0.029861
0.029564
0.029001
0.028423
0.027844
0.026811
0.024754
0.021428
0.016956
0.011759
0.006734
0.003132
0.001791
0.002779
0.005543
0.009268
0.013188
0.016714
0.019279
0.020520
0.020506
0.019601
0.018274
0.016849
0.015383
0.013766
0.011901
0.009732
0.007261
0.004272
0.000329
-0.004882
-0.011296
-0.018483
-0.024878
-0.028323
-0.027605
-0.022836
-0.015133
-0.005917
0.003579
0.012610
0.020857
0.027827
0.032259
0.033062
0.030164
0.024382
0.016954
0.009227
0.002282
-0.003424
-0.008224
-0.012899
-0.018104
-0.024173
-0.031065
-0.038417
-0.044892
-0.048322
-0.047196
-0.041437
-0.032141
-0.021024
-0.009725
0.000724
0.009981
0.018160
0.024707
0.028165
0.027466
0.022705
0.015124
0.006718
-0.000716
-0.006270
-0.009935
-0.012271
-0.013757
-0.014286
-0.013538
-0.011434
-0.008172
-0.004122
0.000323
0.004796
0.008515
0.010476
0.010187
0.007820
0.004015
-0.000474
-0.005010
-0.009196
-0.012522
-0.014305
-0.014162
-0.012249
-0.009093
-0.005341
-0.001554
0.001627
0.003496
0.003684
0.002329
-0.000114
-0.003152
-0.006417
-0.009678
-0.012849
-0.015913
-0.018675
-0.020548
-0.020987
-0.019878
-0.017505
-0.014327
-0.010775
-0.007151
-0.003616
-0.000202
0.003097
0.006006
0.007700
0.007419
0.004987
0.000721
-0.004846
-0.011128
-0.017568
-0.023158
-0.026689
-0.027594
-0.026091
-0.022951
-0.019071
-0.015207
-0.011966
-0.009945
-0.009458
-0.010369
-0.012225
-0.014495
-0.016753
-0.018771
-0.020494
-0.021884
-0.022579
-0.022148
-0.020478
-0.017773
-0.014415
-0.010795
-0.007196
-0.003760
-0.000530
0.002277
0.004363
0.005646
0.006248
0.006420
0.006422
0.006509
0.006863
0.007548
0.008505
0.009616
0.010761
0.011853
0.012851
0.013758
0.014610
0.015446
0.016309
0.017287
0.018547
0.020235
0.022363
0.024836
0.027508
0.030233
0.032874
0.034979
0.035916
0.035363
0.033427
0.030524
0.027152
0.023720
0.020411
0.017206
0.014008
0.010718
0.007292
0.003872
0.001049
-0.000498
-0.000527
0.000783
0.002970
0.005538
0.008081
0.010346
0.011812
0.011908
0.010500
0.007848
0.004439
0.000760
-0.002840
-0.006227
-0.009453
-0.012651
-0.015945
-0.019356
-0.022441
-0.024307
-0.024284
-0.022289
-0.018744
-0.014302
-0.009613
-0.005321
-0.002026
0.000002
0.000890
0.001031
0.000871
0.000765
0.000888
0.001267
0.001829
0.002618
0.003851
0.005700
0.008171
0.011130
0.014374
0.017720
0.021035
0.024237
0.027034
0.029070
0.030229
0.030635
0.030559
0.030297
0.030086
0.030058
0.030227
0.030527
0.030851
0.030962
0.030513
0.029287
0.027297
0.024747
0.021911
0.019082
0.016513
0.014333
0.012512
0.010931
0.009438
0.007899
0.006107
0.003787
0.000776
-0.002885
-0.007009
-0.011347
-0.015566
-0.019053
-0.021230
-0.021951
-0.021477
-0.020280
-0.018837
-0.017489
-0.016392
-0.015536
-0.014810
-0.014080
-0.013236
-0.012238
-0.011100
-0.009878
-0.008632
-0.007410
-0.006236
-0.005114
-0.004040
-0.003116
-0.002560
-0.002523
-0.003011
-0.003902
-0.005020
-0.006203
-0.007342
-0.008399
-0.009390
-0.010413
-0.011635
-0.013165
-0.015019
-0.017122
-0.019365
-0.021627
-0.023697
-0.025023
-0.025029
-0.023561
-0.020860
-0.017422
-0.013982
-0.011523
-0.010778
-0.011864
-0.014386
-0.017707
-0.021219
-0.024521
-0.027453
-0.030065
-0.032506
-0.034906
-0.036963
-0.038064
-0.037825
-0.036257
-0.033686
-0.030559
-0.027284
-0.024120
-0.021174
-0.018407
-0.015738
-0.013104
-0.010874
-0.009610
-0.009566
-0.010643
-0.012500
-0.014732
-0.017005
-0.019130
-0.021053
-0.022805
-0.024272
-0.025029
-0.024669
-0.023108
-0.020568
-0.017429
-0.014066
-0.010748
-0.007625
-0.004895
-0.002976
-0.002214
-0.002627
-0.003946
-0.005784
-0.007776
-0.009684
-0.011411
-0.012981
-0.014470
-0.015922
-0.016967
-0.016948
-0.015479
-0.012599
-0.008678
-0.004200
0.000398
0.004799
0.008485
0.010695
0.010967
0.009394
0.006488
0.002905
-0.000764
-0.003874
-0.005748
-0.006051
-0.004921
-0.002822
-0.000293
0.002226
0.004502
0.006510
0.008403
0.010389
0.012615
0.015123
0.017866
0.020747
0.023665
0.026542
0.029300
0.031543
0.032681
0.032411
0.030825
0.028312
0.025340
0.022308
0.019446
0.016827
0.014470
0.012553
0.011289
0.010718
0.010708
0.011045
0.011513
0.011963
0.012320
0.012522
0.012524
0.012341
0.012030
0.011659
0.011288
0.010954
0.010763
0.010882
0.011425
0.012380
0.013642
0.015066
0.016526
0.017932
0.019149
0.019794
0.019458
0.018035
0.015705
0.012816
0.009713
0.006655
0.003763
0.001070
-0.001234
-0.002836
-0.003586
-0.003560
-0.002997
-0.002174
-0.001336
-0.000617
-0.000055
0.000396
0.000833
0.001421
0.002301
0.003516
0.005007
0.006662
0.008345
0.009766
0.010562
0.010560
0.009818
0.008569
0.007082
0.005596
0.004323
0.003635
0.003865
0.005062
0.007027
0.009435
0.011968
0.014326
0.016089
0.016905
0.016732
0.015781
0.014398
0.012898
0.011496
0.010275
0.009210
0.008216
0.007163
0.005925
0.004444
0.002741
0.000892
-0.001014
-0.002873
-0.004361
-0.005079
-0.004895
-0.003918
-0.002446
-0.000886
0.000109
-0.000043
-0.001500
-0.004040
-0.007231
-0.010633
-0.013916
-0.016813
-0.018864
-0.019650
-0.019137
-0.017600
-0.015485
-0.013219
-0.011258
-0.009983
-0.009523
-0.009748
-0.010386
-0.011151
-0.011836
-0.012352
-0.012705
-0.012951
-0.013032
-0.012793
-0.012143
-0.011099
-0.009766
-0.008275
-0.006739
-0.005215
-0.003599
-0.001698
0.000581
0.003228
0.006135
0.009143
0.011808
0.013452
0.013609
0.012279
0.009826
0.006760
0.003504
0.000206
-0.003205
-0.006812
-0.010620
-0.014081
-0.016313
-0.016775
-0.015489
-0.012900
-0.009604
-0.006120
-0.002774
0.000315
0.003186
0.005923
0.008329
0.009975
0.010608
0.010257
0.009178
0.007701
0.006126
0.004656
0.003550
0.003037
0.003147
0.003750
0.004618
0.005466
0.006003
0.006064
0.005665
0.004939
0.004068
0.003217
0.002605
0.002457
0.002853
0.003724
0.004894
0.006190
0.007544
0.009069
0.010919
0.013167
0.015772
0.018631
0.021608
0.024539
0.026785
0.027554
0.026550
0.023977
0.020375
0.016333
0.012314
0.008561
0.005118
0.001915
-0.000898
-0.002988
-0.004167
-0.004491
-0.004212
-0.003715
-0.003614
-0.004464
-0.006436
-0.009361
-0.012866
-0.016565
-0.020177
-0.023550
-0.026522
-0.028554
-0.029059
-0.027908
-0.025390
-0.022040
-0.018425
-0.015006
-0.011994
-0.009385
-0.007049
-0.004967
-0.003397
-0.002638
-0.002757
-0.003618
-0.004948
-0.006446
-0.007592
-0.007869
-0.007092
-0.005404
-0.003142
-0.000669
0.001722
0.003821
0.005538
0.006921
0.008100
0.009221
0.010390
0.011659
0.013013
0.014345
0.015345
0.015685
0.015259
0.014171
0.012661
0.010982
0.009329
0.007798
0.006404
0.005126
0.004154
0.003775
0.004098
0.005042
0.006403
0.007951
0.009511
0.010977
0.012286
0.013048
0.012741
0.011182
0.008529
0.005162
0.001487
-0.002174
-0.005665
-0.008946
-0.012036
-0.014484
-0.015644
-0.015263
-0.013515
-0.010850
-0.007770
-0.004674
-0.001773
0.000887
0.003384
0.005818
0.008156
0.009924
0.010539
0.009784
0.007821
0.005053
0.001927
-0.001183
-0.003896
-0.005709
-0.006266
-0.005593
-0.004010
-0.001948
0.000208
0.002220
0.003988
0.005357
0.006053
0.005909
0.004983
0.003496
0.001721
-0.000110
-0.001864
-0.003499
-0.005029
-0.006380
-0.007274
-0.007441
-0.006831
-0.005582
-0.003945
-0.002184
-0.000664
0.000178
0.000086
-0.000899
-0.002528
-0.004460
-0.006355
-0.007795
-0.008459
-0.008303
-0.007509
-0.006369
-0.005154
-0.004045
-0.003121
-0.002494
-0.002278
-0.002466
-0.002963
-0.003625
-0.004332
-0.004996
-0.005571
-0.005846
-0.005564
-0.004635
-0.003152
-0.001309
0.000677
0.002621
0.004182
0.004866
0.004364
0.002717
0.000232
-0.002693
-0.005763
-0.008847
-0.011927
-0.015011
-0.017959
-0.020104
-0.020681
-0.019430
-0.016616
-0.012962
-0.009321
-0.006295
-0.004093
-0.002641
-0.001822
-0.001527
-0.001591
-0.001847
-0.002159
-0.002455
-0.002712
-0.002935
-0.003002
-0.002705
-0.001919
-0.000670
0.000922
0.002693
0.004503
0.006264
0.007926
0.009286
0.010046
0.010058
0.009380
0.008223
0.006832
0.005411
0.004079
0.002852
0.001674
0.000465
-0.000832
-0.002239
-0.003738
-0.005291
-0.006861
-0.008417
-0.009931
-0.011290
-0.012217
-0.012474
-0.012022
-0.011000
-0.009643
-0.008188
-0.006919
-0.006104
-0.005845
-0.006071
-0.006607
-0.007256
-0.007873
-0.008385
-0.008787
-0.009103
-0.009354
-0.009562
-0.009749
-0.009930
-0.010115
-0.010304
-0.010507
-0.010849
-0.011493
-0.012509
-0.013849
-0.015319
-0.016483
-0.016895
-0.016393
-0.015089
-0.013277
-0.011289
-0.009607
-0.008723
-0.008858
-0.009907
-0.011565
-0.013469
-0.015325
-0.016792
-0.017498
-0.017256
-0.016155
-0.014471
-0.012524
-0.010576
-0.008765
-0.007111
-0.005529
-0.003900
-0.002142
-0.000227
0.001816
0.003916
0.005824
0.007205
0.007874
0.007867
0.007373
0.006639
0.005871
0.005198
0.004671
0.004412
0.004592
0.005282
0.006418
0.007855
0.009423
0.011000
0.012512
0.013925
0.015043
0.015603
0.015518
0.014875
0.013870
0.012714
0.011589
0.010761
0.010595
0.011304
0.012845
0.014986
0.017425
0.019910
0.022271
0.024325
0.025577
0.025514
0.024025
0.021363
0.018023
0.014588
0.011532
0.009043
0.007076
0.005447
0.004147
0.003330
0.003100
0.003425
0.004166
0.005143
0.006204
0.007244
0.008216
0.009035
0.009612
0.009934
0.010049
0.010063
0.010234
0.010859
0.012054
0.013766
0.015814
0.018004
0.020173
0.022197
0.023663
0.024065
0.023239
0.021357
0.018800
0.015969
0.013163
0.010523
0.008061
0.005704
0.003364
0.000994
-0.001110
-0.002438
-0.002676
-0.001842
-0.000205
0.001862
0.004008
0.005821
0.006912
0.007139
0.006616
0.005624
0.004455
0.003337
0.002377
0.001586
0.000915
0.000289
-0.000363
-0.001075
-0.001857
-0.002686
-0.003524
-0.004219
-0.004534
-0.004302
-0.003523
-0.002332
-0.000915
0.000566
0.002011
0.003388
0.004708
0.006010
0.007326
0.008683
0.010069
0.011375
0.012181
0.012033
0.010778
0.008574
0.005759
0.002685
-0.000441
-0.003589
-0.006803
-0.010134
-0.013581
-0.016916
-0.019684
-0.021545
-0.022450
-0.022596
-0.022318
-0.021976
-0.021840
-0.022021
-0.022483
-0.023109
-0.023767
-0.024345
-0.024731
-0.024859
-0.024744
-0.024457
-0.024094
-0.023730
-0.023412
-0.023148
-0.022925
-0.022723
-0.022530
-0.022337
-0.022143
-0.021943
-0.021734
-0.021433
-0.020731
-0.019279
-0.016973
-0.013931
-0.010424
-0.006724
-0.003065
0.000319
0.002906
0.004192
0.004066
0.002793
0.000830
-0.001372
-0.003493
-0.005387
-0.007034
-0.008280
-0.008852
-0.008621
-0.007669
-0.006220
-0.004530
-0.002806
-0.001181
0.000173
0.001017
0.001211
0.000799
-0.000041
-0.001095
-0.002179
-0.003182
-0.004011
-0.004607
-0.004987
-0.005215
-0.005370
-0.005448
-0.005357
-0.005007
-0.004382
-0.003528
-0.002530
-0.001474
-0.000432
0.000466
0.001035
0.001162
0.000857
0.000241
-0.000540
-0.001363
-0.002167
-0.002953
-0.003736
-0.004543
-0.005385
-0.006242
-0.006866
-0.006918
-0.006254
-0.004939
-0.003180
-0.001228
0.000628
0.002100
0.003038
0.003470
0.003554
0.003486
0.003421
0.003455
0.003601
0.003832
0.004127
0.004504
0.004978
0.005548
0.006192
0.006881
0.007592
0.008304
0.009012
0.009712
0.010404
0.011030
0.011450
0.011529
0.011243
0.010658
0.009892
0.009063
0.008251
0.007482
0.006642
0.005533
0.004026
0.002121
-0.000086
-0.002462
-0.004873
-0.007209
-0.009156
-0.010341
-0.010642
-0.010182
-0.009238
-0.008098
-0.006975
-0.005908
-0.004769
-0.003404
-0.001738
0.000217
0.002377
0.004605
0.006736
0.008665
0.010368
0.011895
0.013324
0.014736
0.016177
0.017643
0.018890
0.019579
0.019561
0.018889
0.017771
0.016440
0.015094
0.013835
0.012675
0.011578
0.010490
0.009363
0.008199
0.007176
0.006649
0.006886
0.007913
0.009559
0.011551
0.013537
0.015104
0.015958
0.016066
0.015604
0.014840
0.014017
0.013295
0.012719
0.012158
0.011407
0.010339
0.008937
0.007276
0.005464
0.003605
0.001772
-0.000004
-0.001723
-0.003389
-0.004842
-0.005855
-0.006338
-0.006346
-0.006037
-0.005583
-0.005123
-0.004730
-0.004407
-0.004096
-0.003725
-0.003253
-0.002675
-0.002015
-0.001312
-0.000601
0.000098
0.000812
0.001586
0.002453
0.003411
0.004438
0.005502
0.006577
0.007633
0.008611
0.009288
0.009429
0.008965
0.007990
0.006693
0.005270
0.003865
0.002550
0.001323
0.000109
-0.001172
-0.002575
-0.004105
-0.005722
-0.007305
-0.008520
-0.009017
-0.008686
-0.007647
-0.006164
-0.004534
-0.003022
-0.001764
-0.000776
0.000027
0.000750
0.001443
0.001974
0.002146
0.001873
0.001190
0.000218
-0.000898
-0.002042
-0.003155
-0.004234
-0.005299
-0.006376
-0.007485
-0.008627
-0.009762
-0.010786
-0.011607
-0.012199
-0.012598
-0.012877
-0.013109
-0.013349
-0.013595
-0.013815
-0.013978
-0.014076
-0.014114
-0.014113
-0.014091
-0.014054
-0.013886
-0.013421
-0.012588
-0.011422
-0.010031
-0.008551
-0.007216
-0.006416
-0.006460
-0.007393
-0.009022
-0.011051
-0.013193
-0.015239
-0.016946
-0.018075
-0.018552
-0.018485
-0.018080
-0.017552
-0.017059
-0.016661
-0.016273
-0.015711
-0.014844
-0.013643
-0.012173
-0.010541
-0.008857
-0.007201
-0.005614
-0.004094
-0.002616
-0.001152
0.000329
0.001837
0.003369
0.004884
0.006256
0.007345
0.008104
0.008581
0.008874
0.009093
0.009321
0.009600
0.009929
0.010289
0.010649
0.010989
0.011298
0.011579
0.011832
0.012003
0.011995
0.011756
0.011295
0.010677
0.009978
0.009264
0.008576
0.007924
0.007316
0.006749
0.006216
0.005705
0.005203
0.004698
0.004180
0.003622
0.002994
0.002290
0.001525
0.000733
0.000036
-0.000396
-0.000476
-0.000219
0.000278
0.000894
0.001527
0.002113
0.002637
0.003113
0.003569
0.004036
0.004529
0.005054
0.005597
0.006120
0.006549
0.006839
0.006982
0.007015
0.006985
0.006942
0.006957
0.007183
0.007776
0.008773
0.010105
0.011642
0.013241
0.014729
0.015756
0.015985
0.015341
0.013976
0.012177
0.010227
0.008335
0.006619
0.005347
0.004873
0.005354
0.006684
0.008588
0.010752
0.012928
0.014980
0.016866
0.018472
0.019481
0.019600
0.018797
0.017260
0.015291
0.013194
0.011328
0.009998
0.009281
0.009070
0.009147
0.009302
0.009382
0.009331
0.009177
0.009120
0.009423
0.010207
0.011448
0.013009
0.014723
0.016429
0.017917
0.018843
0.018943
0.018202
0.016816
0.015073
0.013234
0.011476
0.009859
0.008334
0.006793
0.005152
0.003372
0.001479
-0.000359
-0.001774
-0.002440
-0.002279
-0.001434
-0.000182
0.001158
0.002183
0.002575
0.002266
0.001393
0.000197
-0.001076
-0.002254
-0.003175
-0.003674
-0.003687
-0.003279
-0.002599
-0.001808
-0.001032
-0.000330
0.000292
0.000866
0.001434
0.002022
0.002590
0.002921
0.002757
0.002009
0.000747
-0.000855
-0.002602
-0.004341
-0.005948
-0.007343
-0.008524
-0.009543
-0.010484
-0.011417
-0.012376
-0.013282
-0.013978
-0.014363
-0.014429
-0.014249
-0.013931
-0.013577
-0.013258
-0.013008
-0.012821
-0.012675
-0.012536
-0.012381
-0.012197
-0.011968
-0.011635
-0.011133
-0.010450
-0.009617
-0.008692
-0.007739
-0.006836
-0.006147
-0.005830
-0.005923
-0.006355
-0.006990
-0.007688
-0.008265
-0.008547
-0.008463
-0.008053
-0.007435
-0.006735
-0.006056
-0.005464
-0.005134
-0.005307
-0.006090
-0.007426
-0.009136
-0.010989
-0.012778
-0.014387
-0.015804
-0.017083
-0.018282
-0.019271
-0.019708
-0.019328
-0.018101
-0.016213
-0.013958
-0.011644
-0.009476
-0.007539
-0.005862
-0.004577
-0.003833
-0.003637
-0.003884
-0.004440
-0.005209
-0.006102
-0.007056
-0.008030
-0.009015
-0.010003
-0.010980
-0.011752
-0.012047
-0.011754
-0.010930
-0.009765
-0.008616
-0.007894
-0.007824
-0.008399
-0.009434
-0.010693
-0.011972
-0.013177
-0.014305
-0.015400
-0.016513
-0.017688
-0.018931
-0.020205
-0.021207
-0.021481
-0.020764
-0.019095
-0.016729
-0.013962
-0.010979
-0.007871
-0.004673
-0.001405
0.001894
0.004891
0.007145
0.008466
0.008937
0.008836
0.008478
0.008168
0.008178
0.008649
0.009562
0.010775
0.012116
0.013436
0.014640
0.015538
0.015922
0.015749
0.015121
0.014216
0.013194
0.012007
0.010462
0.008460
0.006016
0.003250
0.000330
-0.002360
-0.004269
-0.005028
-0.004635
-0.003375
-0.001647
0.000195
0.001926
0.003467
0.004850
0.006160
0.007451
0.008461
0.008769
0.008178
0.006756
0.004772
0.002581
0.000509
-0.001283
-0.002776
-0.004062
-0.005241
-0.006224
-0.006559
-0.005810
-0.003860
-0.000937
0.002542
0.006153
0.009621
0.012821
0.015741
0.018072
0.019370
0.019498
0.018617
0.017086
0.015276
0.013469
0.011796
0.010271
0.008829
0.007392
0.005916
0.004620
0.003888
0.003959
0.004829
0.006300
0.008100
0.009980
0.011765
0.013242
0.014134
0.014297
0.013787
0.012808
0.011606
0.010394
0.009326
0.008482
0.007836
0.007318
0.006833
0.006320
0.005789
0.005344
0.005103
0.005113
0.005349
0.005741
0.006203
0.006664
0.007027
0.007194
0.007128
0.006862
0.006466
0.006016
0.005578
0.005198
0.004949
0.004890
0.005024
0.005307
0.005673
0.006059
0.006427
0.006763
0.007068
0.007359
0.007651
0.007955
0.008278
0.008613
0.008951
0.009263
0.009523
0.009720
0.009865
0.009975
0.010070
0.010162
0.010195
0.010023
0.009507
0.008617
0.007417
0.006029
0.004574
0.003148
0.001789
0.000505
-0.000708
-0.001647
-0.002013
-0.001694
-0.000762
0.000579
0.002110
0.003643
0.005058
0.006099
0.006482
0.006131
0.005170
0.003833
0.002340
0.000827
-0.000665
-0.002140
-0.003631
-0.005164
-0.006738
-0.008194
-0.009224
-0.009595
-0.009283
-0.008431
-0.007271
-0.006018
-0.004813
-0.003711
-0.002677
-0.001648
-0.000567
0.000595
0.001837
0.003135
0.004458
0.005779
0.007082
0.008356
0.009586
0.010559
0.010986
0.010759
0.009947
0.008747
0.007370
0.005997
0.004721
0.003565
0.002494
0.001457
0.000421
-0.000468
-0.000977
-0.000999
-0.000564
0.000190
0.001103
0.002039
0.002914
0.003698
0.004298
0.004546
0.004335
0.003678
0.002695
0.001537
0.000337
-0.000820
-0.001887
-0.002726
-0.003125
-0.002987
-0.002361
-0.001398
-0.000274
0.000857
0.001822
0.002381
0.002358
0.001756
0.000719
-0.000551
-0.001875
-0.003132
-0.004278
-0.005232
-0.005805
-0.005837
-0.005316
-0.004367
-0.003169
-0.001898
-0.000688
0.000396
0.001353
0.002231
0.003084
0.003963
0.004889
0.005862
0.006858
0.007826
0.008612
0.009061
0.009126
0.008868
0.008409
0.007900
0.007501
0.007315
0.007358
0.007574
0.007876
0.008188
0.008458
0.008662
0.008779
0.008799
0.008733
0.008615
0.008475
0.008335
0.008211
0.008101
0.008000
0.007896
0.007767
0.007585
0.007335
0.007025
0.006672
0.006300
0.005927
0.005558
0.005144
0.004589
0.003815
0.002816
0.001642
0.000369
-0.000915
-0.002138
-0.003265
-0.004301
-0.005279
-0.006220
-0.007011
-0.007399
-0.007195
-0.006381
-0.005092
-0.003524
-0.001815
0.000006
0.001953
0.004040
0.006252
0.008563
0.010913
0.013091
0.014623
0.015093
0.014417
0.012818
0.010655
0.008257
0.005780
0.003249
0.000639
-0.002072
-0.004862
-0.007374
-0.009115
-0.009867
-0.009703
-0.008909
-0.007817
-0.006704
-0.005723
-0.004913
-0.004223
-0.003570
-0.002883
-0.002115
-0.001263
-0.000358
0.000486
0.000948
0.000682
-0.000418
-0.002227
-0.004473
-0.006862
-0.009173
-0.011284
-0.012989
-0.013965
-0.014013
-0.013192
-0.011744
-0.009981
-0.008179
-0.006647
-0.005734
-0.005615
-0.006229
-0.007344
-0.008689
-0.010033
-0.011205
-0.012093
-0.012678
-0.013029
-0.013256
-0.013465
-0.013722
-0.014049
-0.014429
-0.014808
-0.015105
-0.015268
-0.015289
-0.015200
-0.015049
-0.014884
-0.014738
-0.014628
-0.014560
-0.014525
-0.014504
-0.014487
-0.014460
-0.014422
-0.014372
-0.014327
-0.014342
-0.014625
-0.015406
-0.016753
-0.018582
-0.020717
-0.022973
-0.025183
-0.027047
-0.028118
-0.028117
-0.027078
-0.025283
-0.023094
-0.020831
-0.018693
-0.016751
-0.014974
-0.013276
-0.011567
-0.009792
-0.007968
-0.006257
-0.004852
-0.003841
-0.003192
-0.002792
-0.002500
-0.002187
-0.001784
-0.001276
-0.000690
-0.000072
0.000540
0.001117
0.001653
0.002146
0.002558
0.002852
0.003017
0.003079
0.003078
0.003054
0.003043
0.003062
0.003114
0.003189
0.003271
0.003354
0.003452
0.003632
0.003947
0.004418
0.005016
0.005694
0.006404
0.007110
0.007797
0.008484
0.009195
0.009952
0.010756
0.011590
0.012377
0.013004
0.013407
0.013592
0.013619
0.013563
0.013494
0.013454
0.013471
0.013553
0.013690
0.013859
0.014036
0.014203
0.014356
0.014492
0.014600
0.014644
0.014588
0.014427
0.014181
0.013884
0.013569
0.013259
0.012961
0.012655
0.012302
0.011875
0.011374
0.010813
0.010219
0.009630
0.009101
0.008683
0.008391
0.008201
0.008072
0.007964
0.007844
0.007699
0.007477
0.007075
0.006398
0.005435
0.004246
0.002926
0.001584
0.000473
-0.000027
0.000334
0.001544
0.003390
0.005571
0.007826
0.009983
0.011961
0.013550
0.014456
0.014547
0.013910
0.012782
0.011428
0.010057
0.008777
0.007550
0.006246
0.004744
0.003004
0.001053
-0.001028
-0.003110
-0.004933
-0.006246
-0.006972
-0.007207
-0.007135
-0.006953
-0.006807
-0.006801
-0.007019
-0.007501
-0.008205
-0.009055
-0.009959
-0.010850
-0.011696
-0.012484
-0.013128
-0.013487
-0.013488
-0.013157
-0.012595
-0.011917
-0.011219
-0.010549
-0.009876
-0.009139
-0.008296
-0.007337
-0.006288
-0.005183
-0.004061
-0.002953
-0.001929
-0.001195
-0.000975
-0.001331
-0.002172
-0.003305
-0.004480
-0.005445
-0.006077
-0.006382
-0.006464
-0.006451
-0.006454
-0.006544
-0.006832
-0.007423
-0.008334
-0.009498
-0.010805
-0.012154
-0.013475
-0.014736
-0.015909
-0.016948
-0.017831
-0.018564
-0.019075
-0.019196
-0.018815
-0.017945
-0.016708
-0.015269
-0.013773
-0.012323
-0.010957
-0.009669
-0.008422
-0.007182
-0.005969
-0.004954
-0.004346
-0.004222
-0.004527
-0.005113
-0.005819
-0.006456
-0.006859
-0.006963
-0.006806
-0.006480
-0.006098
-0.005738
-0.005442
-0.005212
-0.005032
-0.004906
-0.004843
-0.004843
-0.004895
-0.004977
-0.005074
-0.005169
-0.005259
-0.005310
-0.005285
-0.005170
-0.004977
-0.004733
-0.004468
-0.004205
-0.003953
-0.003717
-0.003496
-0.003328
-0.003279
-0.003385
-0.003638
-0.003996
-0.004410
-0.004834
-0.005237
-0.005577
-0.005813
-0.005939
-0.005976
-0.005963
-0.005934
-0.005907
-0.005868
-0.005787
-0.005649
-0.005451
-0.005211
-0.004945
-0.004671
-0.004400
-0.004114
-0.003771
-0.003339
-0.002812
-0.002207
-0.001557
-0.000888
-0.000196
0.000573
0.001477
0.002532
0.003719
0.004989
0.006293
0.007596
0.008874
0.010095
0.011191
0.012109
0.012846
0.013440
0.013952
0.014406
0.014731
0.014823
0.014639
0.014210
0.013615
0.012941
0.012259
0.011601
0.010975
0.010370
0.009766
0.009150
0.008523
0.007967
0.007593
0.007456
0.007535
0.007767
0.008069
0.008377
0.008649
0.008842
0.008876
0.008695
0.008300
0.007742
0.007099
0.006438
0.005862
0.005494
0.005406
0.005584
0.005951
0.006411
0.006883
0.007316
0.007687
0.007922
0.007917
0.007654
0.007170
0.006548
0.005874
0.005207
0.004578
0.003989
0.003430
0.002949
0.002641
0.002553
0.002677
0.002955
0.003308
0.003637
0.003806
0.003718
0.003362
0.002801
0.002128
0.001428
0.000761
0.000147
-0.000393
-0.000822
-0.001109
-0.001259
-0.001309
-0.001303
-0.001281
-0.001271
-0.001280
-0.001304
-0.001334
-0.001359
-0.001381
-0.001454
-0.001715
-0.002293
-0.003213
-0.004416
-0.005790
-0.007226
-0.008643
-0.009994
-0.011230
-0.012328
-0.013297
-0.014180
-0.015022
-0.015857
-0.016651
-0.017273
-0.017597
-0.017585
-0.017292
-0.016821
-0.016280
-0.015747
-0.015267
-0.014839
-0.014445
-0.014070
-0.013699
-0.013326
-0.012950
-0.012573
-0.012196
-0.011822
-0.011455
-0.011092
-0.010734
-0.010380
-0.010034
-0.009699
-0.009375
-0.009058
-0.008747
-0.008438
-0.008127
-0.007817
-0.007504
-0.007194
-0.006909
-0.006686
-0.006544
-0.006478
-0.006468
-0.006478
-0.006436
-0.006223
-0.005771
-0.005075
-0.004198
-0.003222
-0.002230
-0.001277
-0.000519
-0.000150
-0.000262
-0.000814
-0.001665
-0.002657
-0.003659
-0.004591
-0.005412
-0.006026
-0.006343
-0.006361
-0.006145
-0.005795
-0.005404
-0.005034
-0.004708
-0.004423
-0.004155
-0.003889
-0.003666
-0.003566
-0.003644
-0.003900
-0.004290
-0.004754
-0.005241
-0.005711
-0.006148
-0.006499
-0.006580
-0.006181
-0.005243
-0.003850
-0.002172
-0.000377
0.001399
0.003078
0.004482
0.005330
0.005435
0.004828
0.003697
0.002290
0.000831
-0.000493
-0.001509
-0.002124
-0.002369
-0.002365
-0.002254
-0.002148
-0.002110
-0.002146
-0.002228
-0.002275
-0.002148
-0.001738
-0.001024
-0.000067
0.001028
0.002165
0.003270
0.004266
0.004983
0.005250
0.005035
0.004429
0.003586
0.002665
0.001771
0.000958
0.000251
-0.000270
-0.000518
-0.000488
-0.000232
0.000156
0.000589
0.001009
0.001386
0.001673
0.001775
0.001604
0.001155
0.000490
-0.000299
-0.001128
-0.001939
-0.002707
-0.003441
-0.004153
-0.004852
-0.005415
-0.005631
-0.005380
-0.004676
-0.003639
-0.002426
-0.001178
0.000024
0.001139
0.002107
0.002782
0.003035
0.002856
0.002341
0.001630
0.000856
0.000111
-0.000571
-0.001185
-0.001690
-0.001941
-0.001801
-0.001250
-0.000364
0.000723
0.001885
0.003031
0.004115
0.005121
0.005877
0.006154
0.005872
0.005102
0.004009
0.002778
0.001549
0.000395
-0.000672
-0.001684
-0.002680
-0.003684
-0.004560
-0.005074
-0.005080
-0.004586
-0.003721
-0.002655
-0.001542
-0.000477
0.000503
0.001410
0.002286
0.003163
0.004042
0.004825
0.005385
0.005670
0.005707
0.005573
0.005359
0.005137
0.004949
0.004807
0.004697
0.004598
0.004493
0.004368
0.004219
0.004057
0.003887
0.003723
0.003589
0.003529
0.003569
0.003706
0.003917
0.004165
0.004422
0.004669
0.004897
0.005111
0.005317
0.005518
0.005697
0.005832
0.005915
0.005950
0.005952
0.005938
0.005922
0.005914
0.005911
0.005908
0.005851
0.005634
0.005190
0.004515
0.003664
0.002713
0.001739
0.000786
-0.000114
-0.000851
-0.001259
-0.001258
-0.000884
-0.000248
0.000514
0.001289
0.002016
0.002672
0.003260
0.003776
0.004223
0.004618
0.004984
0.005340
0.005698
0.006064
0.006434
0.006803
0.007164
0.007468
0.007649
0.007670
0.007543
0.007309
0.007025
0.006735
0.006464
0.006219
0.006001
0.005841
0.005809
0.005957
0.006286
0.006752
0.007298
0.007863
0.008409
0.008852
0.009070
0.008986
0.008613
0.008027
0.007332
0.006615
0.005932
0.005302
0.004751
0.004341
0.004125
0.004104
0.004234
0.004448
0.004689
0.004917
0.005117
0.005293
0.005459
0.005628
0.005813
0.006014
0.006230
0.006453
0.006679
0.006897
0.007113
0.007321
0.007521
0.007693
0.007820
0.007890
0.007918
0.007917
0.007905
0.007895
0.007892
0.007898
0.007907
0.007915
0.007913
0.007880
0.007795
0.007651
0.007458
0.007235
0.007001
0.006769
0.006547
0.006336
0.006129
0.005926
0.005740
0.005590
0.005493
0.005444
0.005433
0.005441
0.005453
0.005461
0.005459
0.005450
0.005439
0.005428
0.005422
0.005423
0.005435
0.005460
0.005496
0.005541
0.005589
0.005639
0.005688
0.005735
0.005783
0.005825
0.005869
0.005913
0.005956
0.005999
0.006043
0.006086
0.006129
0.006167
0.006189
0.006191
0.006172
0.006136
0.006093
0.006050
0.006009
0.005972
0.005940
0.005915
0.005910
0.005942
0.006015
0.006124
0.006255
0.006395
0.006532
0.006663
0.006786
0.006893
0.006976
0.007029
0.007055
0.007064
0.007063
0.007062
0.007064
0.007068
0.007071
0.007042
0.006944
0.006759
0.006500
0.006191
0.005860
0.005530
0.005211
0.004905
0.004582
0.004194
0.003701
0.003100
0.002414
0.001680
0.000932
0.000193
-0.000519
-0.001157
-0.001647
-0.001951
-0.002088
-0.002108
-0.002072
-0.002029
-0.002008
-0.002015
-0.002044
-0.002078
-0.002106
-0.002119
-0.002120
-0.002110
-0.002093
-0.002067
-0.002025
-0.001968
-0.001892
-0.001808
-0.001718
-0.001626
-0.001536
-0.001449
-0.001362
-0.001276
-0.001190
-0.001099
-0.000997
-0.000868
-0.000703
-0.000504
-0.000283
-0.000049
0.000187
0.000419
0.000646
0.000867
0.001086
0.001287
0.001418
0.001414
0.001256
0.000965
0.000587
0.000175
-0.000236
-0.000625
-0.000989
-0.001335
-0.001678
-0.002026
-0.002385
-0.002756
-0.003134
-0.003517
-0.003893
-0.004229
-0.004478
-0.004626
-0.004685
-0.004685
-0.004660
-0.004636
-0.004628
-0.004637
-0.004657
-0.004678
-0.004695
-0.004702
-0.004702
-0.004694
-0.004685
-0.004676
-0.004672
-0.004670
-0.004671
-0.004674
-0.004676
-0.004678
-0.004679
-0.004679
-0.004678
-0.004678
-0.004676
-0.004674
-0.004660
-0.004548
-0.004219
-0.003625
-0.002796
-0.001807
-0.000749
0.000311
0.001325
0.002227
0.002886
0.003192
0.003140
0.002809
0.002320
0.001784
0.001276
0.000825
0.000426
0.000050
-0.000329
-0.000719
-0.001082
-0.001371
-0.001556
-0.001642
-0.001658
-0.001636
-0.001606
-0.001588
-0.001584
-0.001596
-0.001614
-0.001628
-0.001638
-0.001642
-0.001638
-0.001631
-0.001624
-0.001619
-0.001616
-0.001616
-0.001617
-0.001618
-0.001619
-0.001618
-0.001617
-0.001613
-0.001611
-0.001608
-0.001607
-0.001608
-0.001610
-0.001613
-0.001617
-0.001620
-0.001623
-0.001624
-0.001625
-0.001624
-0.001622
-0.001622
-0.001618
-0.001614
-0.001608
-0.001602
-0.001591
-0.001579
-0.001565
-0.001549
-0.001533
-0.001524
-0.001521
-0.001526
-0.001535
-0.001549
-0.001563
-0.001577
-0.001595
-0.001636
-0.001724
-0.001863
-0.002048
-0.002263
-0.002490
-0.002714
-0.002921
-0.003104
-0.003269
-0.003420
-0.003561
-0.003665
-0.003671
-0.003539
-0.003271
-0.002898
-0.002467
-0.002021
-0.001586
-0.001172
-0.000770
-0.000369
0.000042
0.000467
0.000902
0.001321
0.001654
0.001820
0.001798
0.001627
0.001364
0.001079
0.000812
0.000576
0.000358
0.000135
-0.000105
-0.000343
-0.000549
-0.000705
-0.000811
-0.000880
-0.000921
-0.000942
-0.000941
-0.000925
-0.000901
-0.000876
-0.000853
-0.000851
-0.000904
-0.001027
-0.001217
-0.001451
-0.001708
-0.001986
-0.002290
-0.002627
-0.002993
-0.003372
-0.003723
-0.004006
-0.004203
-0.004312
-0.004341
-0.004310
-0.004248
-0.004176
-0.004114
-0.004064
-0.004023
-0.003985
-0.003947
-0.003904
-0.003863
-0.003835
-0.003843
-0.003903
-0.004014
-0.004163
-0.004333
-0.004506
-0.004676
-0.004832
-0.004967
-0.005071
-0.005143
-0.005194
-0.005236
-0.005284
-0.005350
-0.005432
-0.005518
-0.005589
-0.005628
-0.005634
-0.005612
-0.005575
-0.005537
-0.005519
-0.005532
-0.005574
-0.005638
-0.005716
-0.005812
-0.005931
-0.006070
-0.006210
-0.006335
-0.006439
-0.006525
-0.006602
-0.006671
-0.006700
-0.006645
-0.006484
-0.006228
-0.005906
-0.005559
-0.005233
-0.004964
-0.004762
-0.004624
-0.004550
-0.004533
-0.004559
-0.004608
-0.004663
-0.004703
-0.004706
-0.004663
-0.004583
-0.004480
-0.004374
-0.004283
-0.004213
-0.004161
-0.004123
-0.004102
-0.004105
-0.004135
-0.004188
-0.004256
-0.004330
-0.004404
-0.004472
-0.004538
-0.004598
-0.004660
-0.004719
-0.004769
-0.004800
-0.004808
-0.004799
-0.004777
-0.004761
-0.004774
-0.004837
-0.004954
-0.005111
-0.005299
-0.005508
-0.005729
-0.005962
-0.006197
-0.006435
-0.006672
-0.006899
-0.007112
-0.007308
-0.007488
-0.007646
-0.007769
-0.007851
-0.007893
-0.007911
-0.007916
-0.007915
-0.007907
-0.007885
-0.007853
-0.007806
-0.007751
-0.007699
-0.007660
-0.007624
-0.007556
-0.007418
-0.007200
-0.006915
-0.006586
-0.006238
-0.005882
-0.005519
-0.005145
-0.004761
-0.004373
-0.003988
-0.003608
-0.003224
-0.002823
-0.002395
-0.001939
-0.001463
-0.000976
-0.000497
-0.000043
0.000380
0.000775
0.001138
0.001431
0.001610
0.001660
0.001602
0.001480
0.001343
0.001233
0.001166
0.001139
0.001128
0.001115
0.001086
0.001034
0.000963
0.000879
0.000774
0.000633
0.000453
0.000247
0.000104
0.000152
0.000463
0.001023
0.001760
0.002583
0.003417
0.004215
0.004941
0.005539
0.005951
0.006175
0.006256
0.006258
0.006238
0.006234
0.006258
0.006315
0.006420
0.006609
0.006891
0.007251
0.007660
0.008092
0.008521
0.008939
0.009340
0.009722
0.010048
0.010244
0.010260
0.010097
0.009797
0.009418
0.009013
0.008618
0.008252
0.007920
0.007618
0.007333
0.007050
0.006762
0.006462
0.006154
0.005840
0.005522
0.005201
0.004881
0.004561
0.004241
0.003920
0.003596
0.003271
0.002946
0.002623
0.002309
0.002001
0.001697
0.001392
0.001083
0.000768
0.000449
0.000131
-0.000180
-0.000481
-0.000777
-0.001064
-0.001354
-0.001655
-0.001972
-0.002304
-0.002646
-0.002977
-0.003263
-0.003486
-0.003645
-0.003752
-0.003832
-0.003901
-0.003975
-0.004058
-0.004150
-0.004244
-0.004335
-0.004421
-0.004500
-0.004572
-0.004636
-0.004691
-0.004739
-0.004780
-0.004815
-0.004849
-0.004887
-0.004934
-0.004986
-0.005043
-0.005102
-0.005161
-0.005218
-0.005269
-0.005303
-0.005310
-0.005291
-0.005251
-0.005200
-0.005147
-0.005101
-0.005062
-0.005033
-0.005009
-0.005006
-0.005041
-0.005120
-0.005239
-0.005391
-0.005576
-0.005791
-0.006029
-0.006283
-0.006541
-0.006800
-0.007054
-0.007304
-0.007551
-0.007789
-0.008007
-0.008195
-0.008357
-0.008499
-0.008636
-0.008781
-0.008939
-0.009108
-0.009276
-0.009402
-0.009452
-0.009411
-0.009298
-0.009138
-0.008963
-0.008790
-0.008634
-0.008487
-0.008338
-0.008177
-0.007997
-0.007801
-0.007595
-0.007386
-0.007186
-0.007004
-0.006841
-0.006698
-0.006572
-0.006454
-0.006338
-0.006220
-0.006094
-0.005960
-0.005813
-0.005658
-0.005495
-0.005319
-0.005116
-0.004873
-0.004591
-0.004279
-0.003951
-0.003625
-0.003311
-0.003014
-0.002732
-0.002457
-0.002184
-0.001908
-0.001628
-0.001345
-0.001063
-0.000793
-0.000548
-0.000324
-0.000115
0.000084
0.000283
0.000489
0.000699
0.000910
0.001111
0.001295
0.001462
0.001615
0.001761
0.001913
0.002086
0.002293
0.002535
0.002806
0.003092
0.003384
0.003674
0.003959
0.004238
0.004513
0.004780
0.005042
0.005296
0.005545
0.005798
0.006077
0.006410
0.006808
0.007259
0.007747
0.008254
0.008764
0.009271
0.009773
0.010268
0.010762
0.011258
0.011755
0.012247
0.012662
0.012900
0.012920
0.012745
0.012437
0.012071
0.011702
0.011364
0.011062
0.010784
0.010511
0.010228
0.009926
0.009607
0.009274
0.008940
0.008628
0.008399
0.008320
0.008404
0.008627
0.008934
0.009271
0.009600
0.009903
0.010180
0.010440
0.010700
0.010968
0.011244
0.011524
0.011802
0.012074
0.012332
0.012559
0.012738
0.012863
0.012949
0.013016
0.013083
0.013161
0.013252
0.013354
0.013460
0.013563
0.013664
0.013759
0.013850
0.013940
0.014026
0.014106
0.014171
0.014207
0.014190
0.014109
0.013971
0.013797
0.013607
0.013421
0.013250
0.013094
0.012946
0.012803
0.012657
0.012506
0.012347
0.012185
0.012015
0.011830
0.011613
0.011356
0.011065
0.010746
0.010415
0.010082
0.009755
0.009439
0.009132
0.008833
0.008535
0.008237
0.007935
0.007630
0.007329
0.007048
0.006798
0.006588
0.006412
0.006258
0.006117
0.005977
0.005833
0.005684
0.005528
0.005370
0.005211
0.005053
0.004898
0.004745
0.004594
0.004447
0.004308
0.004177
0.004055
0.003940
0.003828
0.003714
0.003590
0.003456
0.003312
0.003165
0.003016
0.002867
0.002715
0.002549
0.002365
0.002160
0.001940
0.001713
0.001482
0.001253
0.001026
0.000803
0.000581
0.000361
0.000139
-0.000082
-0.000301
-0.000503
-0.000652
-0.000703
-0.000641
-0.000487
-0.000274
-0.000037
0.000196
0.000411
0.000609
0.000795
0.000981
0.001174
0.001376
0.001590
0.001809
0.002025
0.002230
0.002402
0.002514
0.002562
0.002556
0.002522
0.002486
0.002462
0.002455
0.002465
0.002480
0.002497
0.002507
0.002511
0.002508
0.002502
0.002493
0.002478
0.002456
0.002427
0.002393
0.002359
0.002329
0.002304
0.002286
0.002272
0.002260
0.002248
0.002239
0.002231
0.002204
0.002058
0.001687
0.001058
0.000205
-0.000792
-0.001842
-0.002826
-0.003585
-0.004000
-0.004064
-0.003862
-0.003518
-0.003140
-0.002801
-0.002530
-0.002312
-0.002122
-0.001925
-0.001728
-0.001575
-0.001513
-0.001558
-0.001695
-0.001893
-0.002119
-0.002343
-0.002555
-0.002749
-0.002917
-0.003048
-0.003138
-0.003193
-0.003226
-0.003248
-0.003271
-0.003297
-0.003323
-0.003343
-0.003349
-0.003340
-0.003318
-0.003290
-0.003261
-0.003235
-0.003220
-0.003219
-0.003227
-0.003254
-0.003311
-0.003415
-0.003563
-0.003751
-0.003961
-0.004180
-0.004396
-0.004605
-0.004806
-0.005002
-0.005196
-0.005391
-0.005591
-0.005793
-0.005991
-0.006187
-0.006375
-0.006558
-0.006737
-0.006913
-0.007088
-0.007262
-0.007435
-0.007595
-0.007711
-0.007755
-0.007719
-0.007619
-0.007477
-0.007325
-0.007175
-0.007040
-0.006916
-0.006799
-0.006683
-0.006564
-0.006440
-0.006309
-0.006176
-0.006042
-0.005910
-0.005783
-0.005662
-0.005553
-0.005462
-0.005386
-0.005323
-0.005261
-0.005198
-0.005126
-0.005046
-0.004960
-0.004873
-0.004787
-0.004706
-0.004630
-0.004570
-0.004529
-0.004510
-0.004509
-0.004518
-0.004530
-0.004540
-0.004543
-0.004543
-0.004540
-0.004536
-0.004536
-0.004539
-0.004545
-0.004556
-0.004567
-0.004579
-0.004588
-0.004595
-0.004594
-0.004590
-0.004582
-0.004574
-0.004566
-0.004558
-0.004555
-0.004556
-0.004564
-0.004577
-0.004591
-0.004605
-0.004618
-0.004628
-0.004629
-0.004625
-0.004616
-0.004606
-0.004596
-0.004587
-0.004582
-0.004577
-0.004573
-0.004567
-0.004541
-0.004477
-0.004362
-0.004198
-0.003998
-0.003783
-0.003567
-0.003361
-0.003170
-0.002990
-0.002815
-0.002639
-0.002454
-0.002258
-0.002049
-0.001834
-0.001614
-0.001400
-0.001216
-0.001084
-0.001014
-0.001000
-0.001026
-0.001069
-0.001114
-0.001149
-0.001173
-0.001186
-0.001191
-0.001196
-0.001200
-0.001210
-0.001221
-0.001232
-0.001245
-0.001255
-0.001266
-0.001278
-0.001293
-0.001310
-0.001331
-0.001353
-0.001378
-0.001403
-0.001432
-0.001464
-0.001507
-0.001569
-0.001655
-0.001760
-0.001873
-0.001985
-0.002086
-0.002173
-0.002248
-0.002314
-0.002378
-0.002444
-0.002512
-0.002581
-0.002652
-0.002727
-0.002811
-0.002909
-0.003031
-0.003187
-0.003380
-0.003603
-0.003845
-0.004091
-0.004337
-0.004575
-0.004804
-0.005025
-0.005237
-0.005445
-0.005653
-0.005863
-0.006076
-0.006290
-0.006503
-0.006687
-0.006788
-0.006771
-0.006630
-0.006396
-0.006106
-0.005799
-0.005500
-0.005219
-0.004955
-0.004700
-0.004451
-0.004213
-0.003989
-0.003784
-0.003594
-0.003412
-0.003238
-0.003066
-0.002898
-0.002730
-0.002565
-0.002398
-0.002233
-0.002065
-0.001894
-0.001712
-0.001519
-0.001317
-0.001108
-0.000897
-0.000684
-0.000473
-0.000264
-0.000054
0.000150
0.000351
0.000544
0.000730
0.000914
0.001096
0.001282
0.001476
0.001676
0.001882
0.002077
0.002236
0.002348
0.002412
0.002441
0.002446
0.002435
0.002419
0.002401
0.002383
0.002366
0.002349
0.002332
0.002314
0.002294
0.002275
0.002261
0.002254
0.002254
0.002262
0.002273
0.002276
0.002258
0.002207
0.002128
0.002029
0.001918
0.001804
0.001695
0.001592
0.001494
0.001400
0.001307
0.001212
0.001115
0.001009
0.000880
0.000710
0.000493
0.000241
-0.000032
-0.000311
-0.000587
-0.000855
-0.001118
-0.001377
-0.001635
-0.001897
-0.002164
-0.002438
-0.002716
-0.002980
-0.003196
-0.003338
-0.003408
-0.003419
-0.003398
-0.003366
-0.003333
-0.003304
-0.003281
-0.003260
-0.003238
-0.003209
-0.003176
-0.003136
-0.003096
-0.003058
-0.003031
-0.003017
-0.003014
-0.003018
-0.003023
-0.003027
-0.003029
-0.003031
-0.003038
-0.003051
-0.003069
-0.003089
-0.003103
-0.003107
-0.003105
-0.003095
-0.003084
-0.003072
-0.003063
-0.003061
-0.003067
-0.003081
-0.003102
-0.003125
-0.003149
-0.003171
-0.003192
-0.003211
-0.003225
-0.003234
-0.003238
-0.003237
-0.003222
-0.003156
-0.002998
-0.002735
-0.002380
-0.001970
-0.001540
-0.001117
-0.000715
-0.000334
0.000035
0.000400
0.000770
0.001135
0.001470
0.001752
0.001976
0.002149
0.002294
0.002424
0.002553
0.002687
0.002826
0.002969
0.003111
0.003251
0.003386
0.003519
0.003651
0.003785
0.003921
0.004053
0.004165
0.004243
0.004282
0.004287
0.004269
0.004237
0.004204
0.004175
0.004150
0.004130
0.004114
0.004102
0.004095
0.004094
0.004097
0.004103
0.004110
0.004118
0.004127
0.004139
0.004148
0.004153
0.004146
0.004125
0.004096
0.004071
0.004063
0.004080
0.004120
0.004175
0.004241
0.004310
0.004379
0.004446
0.004511
0.004575
0.004640
0.004705
0.004770
0.004834
0.004892
0.004947
0.004999
0.005049
0.005099
0.005150
0.005202
0.005256
0.005308
0.005352
0.005381
0.005398
0.005402
0.005400
0.005397
0.005395
0.005396
0.005399
0.005404
0.005408
0.005412
0.005413
0.005413
0.005413
0.005412
0.005414
0.005413
0.005408
0.005398
0.005385
0.005369
0.005351
0.005335
0.005323
0.005314
0.005310
0.005308
0.005307
0.005304
0.005302
0.005298
0.005293
0.005288
0.005283
0.005281
0.005278
0.005276
0.005275
0.005273
0.005272
0.005272
0.005275
0.005278
0.005283
0.005285
0.005282
0.005274
0.005260
0.005244
0.005228
0.005213
0.005205
0.005204
0.005211
0.005220
0.005230
0.005232
0.005200
0.005105
0.004939
0.004712
0.004445
0.004165
0.003885
0.003617
0.003360
0.003109
0.002859
0.002604
0.002343
0.002076
0.001804
0.001534
0.001267
0.001008
0.000762
0.000548
0.000387
0.000285
0.000231
0.000206
0.000193
0.000175
0.000144
0.000101
0.000051
-0.000001
-0.000052
-0.000096
-0.000136
-0.000173
-0.000204
-0.000233
-0.000259
-0.000286
-0.000313
-0.000342
-0.000373
-0.000407
-0.000446
-0.000490
-0.000537
-0.000586
-0.000633
-0.000674
-0.000703
-0.000714
-0.000707
-0.000683
-0.000649
-0.000612
-0.000576
-0.000545
-0.000520
-0.000498
-0.000479
-0.000461
-0.000447
-0.000436
-0.000429
-0.000424
-0.000421
-0.000419
-0.000417
-0.000414
-0.000411
-0.000405
-0.000397
-0.000387
-0.000376
-0.000366
-0.000359
-0.000356
-0.000356
-0.000358
-0.000362
-0.000366
-0.000372
-0.000376
-0.000375
-0.000368
-0.000355
-0.000338
-0.000319
-0.000301
-0.000283
-0.000267
-0.000251
-0.000235
-0.000219
-0.000203
-0.000193
-0.000191
-0.000196
-0.000206
-0.000219
-0.000234
-0.000246
-0.000253
-0.000255
-0.000251
-0.000245
-0.000234
-0.000208
-0.000160
-0.000088
0.000003
0.000107
0.000215
0.000322
0.000426
0.000526
0.000623
0.000718
0.000812
0.000904
0.000994
0.001081
0.001166
0.001250
0.001334
0.001418
0.001503
0.001588
0.001672
0.001747
0.001803
0.001839
0.001860
0.001875
0.001892
0.001915
0.001944
0.001979
0.002015
0.002051
0.002086
0.002121
0.002155
0.002187
0.002215
0.002238
0.002255
0.002268
0.002280
0.002292
0.002305
0.002321
0.002338
0.002355
0.002373
0.002390
0.002404
0.002417
0.002429
0.002438
0.002448
0.002457
0.002465
0.002472
0.002469
0.002451
0.002417
0.002370
0.002315
0.002257
0.002201
0.002147
0.002092
0.002034
0.001970
0.001900
0.001825
0.001747
0.001669
0.001592
0.001521
0.001460
0.001409
0.001365
0.001327
0.001290
0.001251
0.001213
0.001177
0.001151
0.001135
0.001124
0.001119
0.001114
0.001107
0.001099
0.001088
0.001077
0.001069
0.001065
0.001067
0.001073
0.001080
0.001090
0.001098
0.001105
0.001110
0.001114
0.001115
0.001118
0.001120
0.001121
0.001120
0.001116
0.001112
0.001105
0.001099
0.001092
0.001087
0.001081
0.001071
0.001047
0.001007
0.000952
0.000888
0.000819
0.000751
0.000685
0.000622
0.000562
0.000503
0.000442
0.000375
0.000302
0.000223
0.000142
0.000059
-0.000022
-0.000102
-0.000176
-0.000247
-0.000315
-0.000382
-0.000451
-0.000519
-0.000589
-0.000659
-0.000729
-0.000800
-0.000871
-0.000940
-0.001002
-0.001058
-0.001104
-0.001146
-0.001185
-0.001224
-0.001265
-0.001305
-0.001346
-0.001384
-0.001419
-0.001452
-0.001484
-0.001515
-0.001546
-0.001578
-0.001610
-0.001639
-0.001668
-0.001692
-0.001715
-0.001735
-0.001757
-0.001778
-0.001802
-0.001831
-0.001866
-0.001906
-0.001950
-0.001995
-0.002040
-0.002085
-0.002129
-0.002173
-0.002213
-0.002244
-0.002268
-0.002285
-0.002297
-0.002308
-0.002317
-0.002327
-0.002337
-0.002349
-0.002360
-0.002370
-0.002378
-0.002381
-0.002378
-0.002372
-0.002362
-0.002352
-0.002341
-0.002333
-0.002324
-0.002317
-0.002309
-0.002301
-0.002291
-0.002284
-0.002279
-0.002280
-0.002286
-0.002296
-0.002308
-0.002320
-0.002329
-0.002333
-0.002333
-0.002328
-0.002322
-0.002315
-0.002309
-0.002304
-0.002299
-0.002292
-0.002285
-0.002274
-0.002262
-0.002249
-0.002237
-0.002239
-0.002269
-0.002333
-0.002429
-0.002547
-0.002676
-0.002810
-0.002942
-0.003071
-0.003197
-0.003320
-0.003445
-0.003572
-0.003702
-0.003834
-0.003968
-0.004102
-0.004236
-0.004370
-0.004502
-0.004633
-0.004764
-0.004886
-0.004976
-0.005016
-0.005001
-0.004941
-0.004855
-0.004758
-0.004664
-0.004577
-0.004494
-0.004413
-0.004328
-0.004238
-0.004143
-0.004043
-0.003943
-0.003842
-0.003742
-0.003642
-0.003544
-0.003446
-0.003348
-0.003250
-0.003155
-0.003062
-0.002972
-0.002884
-0.002794
-0.002702
-0.002608
-0.002511
-0.002414
-0.002316
-0.002218
-0.002120
-0.002021
-0.001919
-0.001814
-0.001706
-0.001595
-0.001484
-0.001373
-0.001262
-0.001152
-0.001043
-0.000944
-0.000859
-0.000792
-0.000739
-0.000698
-0.000660
-0.000625
-0.000588
-0.000549
-0.000508
-0.000468
-0.000427
-0.000389
-0.000352
-0.000317
-0.000282
-0.000248
-0.000213
-0.000177
-0.000142
-0.000109
-0.000079
-0.000051
-0.000025
0.000001
0.000028
0.000059
0.000095
0.000137
0.000184
0.000234
0.000284
0.000334
0.000380
0.000424
0.000462
0.000497
0.000530
0.000562
0.000594
0.000628
0.000661
0.000692
0.000722
0.000752
0.000778
0.000803
0.000825
0.000843
0.000853
0.000854
0.000848
0.000837
0.000825
0.000813
0.000803
0.000794
0.000786
0.000781
0.000777
0.000776
0.000773
0.000772
0.000769
0.000768
0.000765
0.000763
0.000760
0.000759
0.000757
0.000755
0.000754
0.000753
0.000753
0.000755
0.000758
0.000762
0.000768
0.000773
0.000777
0.000782
0.000787
0.000790
0.000794
0.000797
0.000801
0.000805
0.000809
0.000812
0.000817
0.000822
0.000827
0.000832
0.000838
0.000840
0.000841
0.000839
0.000836
0.000832
0.000828
0.000824
0.000821
0.000818
0.000815
0.000812
0.000809
0.000806
0.000802
0.000799
0.000797
0.000795
0.000794
0.000795
0.000795
0.000795
0.000796
0.000794
0.000790
0.000784
0.000774
0.000765
0.000754
0.000744
0.000738
0.000737
0.000742
0.000752
0.000764
0.000778
0.000791
0.000803
0.000811
0.000814
0.000811
0.000801
0.000785
0.000762
0.000730
0.000691
0.000647
0.000603
0.000562
0.000529
0.000502
0.000483
0.000466
0.000449
0.000430
0.000407
0.000379
0.000348
0.000314
0.000280
0.000248
0.000216
0.000185
0.000154
0.000120
0.000082
0.000041
-0.000002
-0.000045
-0.000089
-0.000131
-0.000169
-0.000201
-0.000228
-0.000250
-0.000270
-0.000290
-0.000310
-0.000332
-0.000354
-0.000376
-0.000396
-0.000408
-0.000401
-0.000366
-0.000307
-0.000233
-0.000152
-0.000072
0.000002
0.000072
0.000140
0.000211
0.000286
0.000367
0.000452
0.000539
0.000627
0.000714
0.000797
0.000876
0.000951
0.001024
0.001096
0.001168
0.001242
0.001316
0.001390
0.001465
0.001540
0.001615
0.001691
0.001770
0.001854
0.001940
0.002022
0.002075
0.002073
0.002009
0.001890
0.001736
0.001567
0.001399
0.001240
0.001092
0.000949
0.000807
0.000659
0.000504
0.000343
0.000178
0.000011
-0.000155
-0.000319
-0.000480
-0.000640
-0.000799
-0.000959
-0.001119
-0.001280
-0.001442
-0.001606
-0.001771
-0.001937
-0.002101
-0.002250
-0.002360
-0.002417
-0.002425
-0.002396
-0.002346
-0.002294
-0.002245
-0.002208
-0.002178
-0.002154
-0.002130
-0.002104
-0.002075
-0.002042
-0.002006
-0.001969
-0.001930
-0.001887
-0.001844
-0.001797
-0.001751
-0.001704
-0.001659
-0.001613
-0.001569
-0.001525
-0.001483
-0.001444
-0.001412
-0.001385
-0.001363
-0.001343
-0.001323
-0.001302
-0.001279
-0.001255
-0.001228
-0.001197
-0.001162
-0.001125
-0.001086
-0.001045
-0.001003
-0.000962
-0.000920
-0.000878
-0.000835
-0.000793
-0.000751
-0.000710
-0.000672
-0.000635
-0.000600
-0.000565
-0.000526
-0.000484
-0.000437
-0.000388
-0.000337
-0.000286
-0.000235
-0.000185
-0.000135
-0.000085
-0.000034
0.000017
0.000068
0.000117
0.000161
0.000199
0.000229
0.000256
0.000280
0.000302
0.000324
0.000345
0.000366
0.000386
0.000409
0.000437
0.000471
0.000512
0.000555
0.000601
0.000645
0.000687
0.000726
0.000756
0.000768
0.000756
0.000722
0.000670
0.000612
0.000553
0.000501
0.000455
0.000415
0.000377
0.000340
0.000304
0.000269
0.000235
0.000203
0.000171
0.000138
0.000100
0.000055
0.000003
-0.000056
-0.000116
-0.000178
-0.000239
-0.000299
-0.000355
-0.000404
-0.000440
-0.000462
-0.000469
-0.000463
-0.000449
-0.000433
-0.000418
-0.000405
-0.000396
-0.000388
-0.000382
-0.000375
-0.000368
-0.000365
-0.000370
-0.000383
-0.000403
-0.000426
-0.000450
-0.000474
-0.000495
-0.000515
-0.000529
-0.000524
-0.000485
-0.000403
-0.000284
-0.000138
0.000018
0.000177
0.000330
0.000477
0.000619
0.000760
0.000900
0.001038
0.001174
0.001307
0.001437
0.001566
0.001693
0.001819
0.001947
0.002079
0.002214
0.002339
0.002438
0.002502
0.002533
0.002541
0.002538
0.002533
0.002533
0.002538
0.002548
0.002559
0.002568
0.002573
0.002573
0.002570
0.002565
0.002559
0.002555
0.002552
0.002552
0.002554
0.002557
0.002560
0.002564
0.002567
0.002569
0.002571
0.002570
0.002562
0.002531
0.002465
0.002362
0.002230
0.002078
0.001921
0.001766
0.001617
0.001473
0.001333
0.001193
0.001051
0.000906
0.000758
0.000609
0.000460
0.000311
0.000159
0.000003
-0.000159
-0.000326
-0.000494
-0.000662
-0.000827
-0.000991
-0.001153
-0.001315
-0.001478
-0.001640
-0.001804
-0.001971
-0.002141
-0.002316
-0.002495
-0.002661
-0.002794
-0.002883
-0.002929
-0.002941
-0.002934
-0.002919
-0.002905
-0.002898
-0.002894
-0.002893
-0.002891
-0.002886
-0.002877
-0.002865
-0.002851
-0.002838
-0.002829
-0.002826
-0.002829
-0.002836
-0.002845
-0.002854
-0.002863
-0.002869
-0.002876
-0.002883
-0.002889
-0.002897
-0.002905
-0.002914
-0.002918
-0.002905
-0.002860
-0.002776
-0.002661
-0.002523
-0.002373
-0.002220
-0.002068
-0.001921
-0.001776
-0.001632
-0.001486
-0.001339
-0.001189
-0.001038
-0.000885
-0.000735
-0.000588
-0.000445
-0.000306
-0.000170
-0.000035
0.000101
0.000237
0.000374
0.000508
0.000628
0.000716
0.000769
0.000792
0.000795
0.000789
0.000785
0.000786
0.000791
0.000797
0.000800
0.000798
0.000791
0.000780
0.000767
0.000755
0.000745
0.000741
0.000742
0.000747
0.000752
0.000759
0.000765
0.000769
0.000772
0.000772
0.000768
0.000761
0.000751
0.000740
0.000735
0.000749
0.000787
0.000852
0.000935
0.001030
0.001128
0.001223
0.001313
0.001400
0.001485
0.001572
0.001663
0.001758
0.001857
0.001959
0.002061
0.002161
0.002260
0.002356
0.002451
0.002545
0.002639
0.002734
0.002829
0.002925
0.003022
0.003120
0.003216
0.003303
0.003365
0.003388
0.003374
0.003330
0.003271
0.003208
0.003148
0.003095
0.003048
0.003004
0.002960
0.002913
0.002863
0.002811
0.002757
0.002704
0.002638
0.002540
0.002404
0.002231
0.002035
0.001825
0.001616
0.001410
0.001212
0.001017
0.000821
0.000619
0.000410
0.000195
-0.000022
-0.000220
-0.000372
-0.000468
-0.000513
-0.000525
-0.000521
-0.000518
-0.000521
-0.000530
-0.000538
-0.000542
-0.000536
-0.000523
-0.000503
-0.000480
-0.000455
-0.000430
-0.000405
-0.000382
-0.000362
-0.000348
-0.000341
-0.000341
-0.000342
-0.000346
-0.000349
-0.000353
-0.000362
-0.000392
-0.000452
-0.000542
-0.000657
-0.000785
-0.000916
-0.001045
-0.001166
-0.001276
-0.001380
-0.001479
-0.001576
-0.001677
-0.001779
-0.001884
-0.001992
-0.002101
-0.002209
-0.002316
-0.002423
-0.002528
-0.002632
-0.002736
-0.002836
-0.002932
-0.003023
-0.003112
-0.003198
-0.003284
-0.003371
-0.003460
-0.003550
-0.003643
-0.003735
-0.003829
-0.003922
-0.004015
-0.004107
-0.004200
-0.004292
-0.004386
-0.004481
-0.004577
-0.004672
-0.004767
-0.004853
-0.004917
-0.004952
-0.004960
-0.004948
-0.004927
-0.004903
-0.004884
-0.004869
-0.004858
-0.004848
-0.004835
-0.004817
-0.004793
-0.004763
-0.004731
-0.004698
-0.004666
-0.004638
-0.004616
-0.004601
-0.004594
-0.004592
-0.004591
-0.004590
-0.004589
-0.004586
-0.004582
-0.004578
-0.004573
-0.004570
-0.004569
-0.004570
-0.004575
-0.004583
-0.004593
-0.004604
-0.004616
-0.004626
-0.004636
-0.004647
-0.004657
-0.004668
-0.004679
-0.004691
-0.004702
-0.004713
-0.004724
-0.004734
-0.004743
-0.004751
-0.004759
-0.004766
-0.004774
-0.004781
-0.004790
-0.004798
-0.004807
-0.004815
-0.004822
-0.004818
-0.004789
-0.004729
-0.004640
-0.004534
-0.004420
-0.004305
-0.004194
-0.004089
-0.003988
-0.003888
-0.003787
-0.003684
-0.003578
-0.003469
-0.003359
-0.003246
-0.003133
-0.003021
-0.002910
-0.002799
-0.002688
-0.002578
-0.002468
-0.002357
-0.002248
-0.002137
-0.002026
-0.001916
-0.001810
-0.001713
-0.001630
-0.001562
-0.001504
-0.001452
-0.001401
-0.001349
-0.001295
-0.001239
-0.001181
-0.001124
-0.001066
-0.001009
-0.000953
-0.000898
-0.000843
-0.000789
-0.000736
-0.000682
-0.000628
-0.000576
-0.000521
-0.000469
-0.000414
-0.000360
-0.000303
-0.000244
-0.000184
-0.000123
-0.000066
-0.000019
0.000010
0.000019
0.000013
-0.000003
-0.000022
-0.000041
-0.000057
-0.000070
-0.000079
-0.000083
-0.000082
-0.000079
-0.000072
-0.000065
-0.000058
-0.000051
-0.000045
-0.000037
-0.000028
-0.000017
-0.000004
0.000008
0.000021
0.000031
0.000039
0.000042
0.000042
0.000040
0.000037
0.000035
0.000034
0.000035
0.000037
0.000041
0.000045
0.000049
0.000054
0.000059
0.000070
0.000090
0.000126
0.000174
0.000232
0.000293
0.000355
0.000415
0.000472
0.000527
0.000581
0.000634
0.000689
0.000743
0.000798
0.000855
0.000910
0.000966
0.001024
0.001085
0.001149
0.001217
0.001286
0.001357
0.001424
0.001491
0.001555
0.001618
0.001679
0.001743
0.001805
0.001869
0.001936
0.002006
0.002080
0.002160
0.002245
0.002334
0.002423
0.002513
0.002601
0.002688
0.002773
0.002856
0.002936
0.003014
0.003088
0.003160
0.003232
0.003303
0.003374
0.003446
0.003518
0.003590
0.003663
0.003736
0.003809
0.003886
0.003967
0.004050
0.004135
0.004221
0.004306
0.004389
0.004465
0.004531
0.004584
0.004627
0.004662
0.004696
0.004729
0.004765
0.004803
0.004843
0.004883
0.004923
0.004964
0.005002
0.005041
0.005078
0.005116
0.005154
0.005191
0.005228
0.005265
0.005302
0.005339
0.005375
0.005412
0.005448
0.005485
0.005524
0.005563
0.005603
0.005644
0.005685
0.005726
0.005764
0.005796
0.005817
0.005827
0.005829
0.005827
0.005824
0.005822
0.005821
0.005821
0.005822
0.005822
0.005821
0.005819
0.005817
0.005814
0.005811
0.005808
0.005804
0.005800
0.005797
0.005792
0.005787
0.005781
0.005771
0.005742
0.005684
0.005597
0.005486
0.005361
0.005231
0.005103
0.004979
0.004862
0.004747
0.004634
0.004521
0.004406
0.004289
0.004170
0.004055
0.003941
0.003829
0.003721
0.003629
0.003566
0.003540
0.003546
0.003575
0.003613
0.003652
0.003685
0.003712
0.003733
0.003751
0.003770
0.003790
0.003812
0.003838
0.003863
0.003890
0.003916
0.003944
0.003971
0.003999
0.004028
0.004057
0.004085
0.004114
0.004139
0.004163
0.004187
0.004208
0.004231
0.004253
0.004276
0.004299
0.004325
0.004352
0.004381
0.004408
0.004429
0.004445
0.004453
0.004457
0.004460
0.004461
0.004463
0.004465
0.004465
0.004465
0.004464
0.004463
0.004463
0.004463
0.004466
0.004470
0.004474
0.004480
0.004484
0.004490
0.004493
0.004497
0.004500
0.004502
0.004502
0.004502
0.004503
0.004504
0.004504
0.004505
0.004506
0.004506
0.004508
0.004508
0.004512
0.004516
0.004523
0.004532
0.004542
0.004553
0.004562
0.004572
0.004582
0.004590
0.004596
0.004603
0.004610
0.004616
0.004622
0.004627
0.004629
0.004621
0.004587
0.004510
0.004391
0.004236
0.004061
0.003879
0.003699
0.003527
0.003361
0.003199
0.003037
0.002873
0.002705
0.002534
0.002361
0.002188
0.002015
0.001847
0.001689
0.001543
0.001411
0.001288
0.001170
0.001053
0.000933
0.000813
0.000691
0.000567
0.000444
0.000322
0.000203
0.000085
-0.000029
-0.000143
-0.000254
-0.000366
-0.000480
-0.000596
-0.000713
-0.000831
-0.000949
-0.001066
-0.001183
-0.001296
-0.001406
-0.001512
-0.001605
-0.001671
-0.001709
-0.001720
-0.001714
-0.001702
-0.001692
-0.001687
-0.001689
-0.001696
-0.001704
-0.001710
-0.001715
-0.001715
-0.001713
-0.001704
-0.001686
-0.001659
-0.001624
-0.001583
-0.001541
-0.001499
-0.001457
-0.001418
-0.001379
-0.001343
-0.001315
-0.001297
-0.001294
-0.001299
-0.001311
-0.001323
-0.001337
-0.001347
-0.001355
-0.001357
-0.001355
-0.001348
-0.001340
-0.001329
-0.001319
-0.001310
-0.001303
-0.001297
-0.001279
-0.001232
-0.001154
-0.001098
-0.001146
-0.001358
-0.001702
-0.002070
-0.002356
-0.002503
-0.002511
-0.002425
-0.002304
-0.002201
-0.002143
-0.002104
-0.002034
-0.001907
-0.001747
-0.001592
-0.001491
-0.001485
-0.001599
-0.001801
-0.002029
-0.002214
-0.002325
-0.002359
-0.002318
-0.002216
-0.002113
-0.002071
-0.002159
-0.002395
-0.002707
-0.003027
-0.003319
-0.003577
-0.003800
-0.003992
-0.004146
-0.004235
-0.004247
-0.004201
-0.004138
-0.004049
-0.003894
-0.003654
-0.003384
-0.003170
-0.003068
-0.003087
-0.003207
-0.003396
-0.003615
-0.003831
-0.004017
-0.004141
-0.004178
-0.004135
-0.004065
-0.004044
-0.004115
-0.004287
-0.004529
-0.004755
-0.004858
-0.004781
-0.004592
-0.004432
-0.004404
-0.004543
-0.004815
-0.005149
-0.005495
-0.005841
-0.006166
-0.006442
-0.006654
-0.006794
-0.006858
-0.006852
-0.006793
-0.006700
-0.006586
-0.006457
-0.006356
-0.006337
-0.006424
-0.006592
-0.006769
-0.006888
-0.006940
-0.006980
-0.007066
-0.007187
-0.007291
-0.007343
-0.007338
-0.007301
-0.007268
-0.007277
-0.007342
-0.007416
-0.007396
-0.007196
-0.006810
-0.006341
-0.005915
-0.005588
-0.005306
-0.004993
-0.004677
-0.004448
-0.004364
-0.004435
-0.004629
-0.004903
-0.005219
-0.005554
-0.005898
-0.006256
-0.006631
-0.007011
-0.007358
-0.007618
-0.007776
-0.007840
-0.007839
-0.007780
-0.007649
-0.007437
-0.007152
-0.006813
-0.006447
-0.006077
-0.005721
-0.005384
-0.005064
-0.004765
-0.004532
-0.004428
-0.004513
-0.004748
-0.005008
-0.005186
-0.005233
-0.005155
-0.004992
-0.004792
-0.004588
-0.004398
-0.004218
-0.004002
-0.003659
-0.003148
-0.002517
-0.001863
-0.001270
-0.000791
-0.000447
-0.000272
-0.000290
-0.000482
-0.000788
-0.001124
-0.001418
-0.001581
-0.001532
-0.001267
-0.000861
-0.000410
0.000037
0.000494
0.000973
0.001433
0.001817
0.002094
0.002252
0.002289
0.002217
0.002063
0.001861
0.001646
0.001461
0.001355
0.001349
0.001425
0.001532
0.001606
0.001615
0.001561
0.001478
0.001403
0.001351
0.001313
0.001272
0.001221
0.001185
0.001193
0.001259
0.001372
0.001506
0.001639
0.001758
0.001851
0.001900
0.001886
0.001827
0.001769
0.001754
0.001766
0.001754
0.001682
0.001574
0.001504
0.001522
0.001617
0.001709
0.001714
0.001597
0.001401
0.001220
0.001148
0.001251
0.001535
0.001899
0.002197
0.002331
0.002279
0.002077
0.001788
0.001478
0.001187
0.000935
0.000697
0.000413
0.000039
-0.000426
-0.000909
-0.001307
-0.001567
-0.001683
-0.001689
-0.001600
-0.001421
-0.001165
-0.000881
-0.000634
-0.000463
-0.000353
-0.000259
-0.000143
-0.000006
0.000089
0.000076
-0.000078
-0.000389
-0.000860
-0.001415
-0.001907
-0.002213
-0.002288
-0.002163
-0.001892
-0.001529
-0.001142
-0.000785
-0.000483
-0.000209
0.000092
0.000458
0.000892
0.001310
0.001587
0.001659
0.001527
0.001246
0.000883
0.000481
0.000049
-0.000408
-0.000876
-0.001301
-0.001610
-0.001754
-0.001719
-0.001536
-0.001268
-0.001005
-0.000842
-0.000838
-0.001027
-0.001404
-0.001897
-0.002402
-0.002834
-0.003055
-0.002976
-0.002650
-0.002198
-0.001757
-0.001432
-0.001267
-0.001244
-0.001307
-0.001397
-0.001467
-0.001496
-0.001496
-0.001519
-0.001626
-0.001844
-0.002130
-0.002401
-0.002601
-0.002704
-0.002716
-0.002651
-0.002529
-0.002381
-0.002250
-0.002173
-0.002181
-0.002289
-0.002506
-0.002821
-0.003194
-0.003566
-0.003875
-0.004056
-0.004063
-0.003903
-0.003622
-0.003272
-0.002900
-0.002532
-0.002186
-0.001874
-0.001602
-0.001351
-0.001093
-0.000822
-0.000551
-0.000304
-0.000093
0.000067
0.000173
0.000230
0.000236
0.000176
0.000036
-0.000173
-0.000431
-0.000710
-0.000977
-0.001197
-0.001354
-0.001452
-0.001484
-0.001414
-0.001206
-0.000858
-0.000402
0.000120
0.000657
0.001168
0.001587
0.001850
0.001944
0.001899
0.001775
0.001636
0.001525
0.001460
0.001439
0.001464
0.001591
0.001889
0.002355
0.002929
0.003549
0.004143
0.004626
0.004939
0.005077
0.005084
0.005020
0.004929
0.004833
0.004747
0.004701
0.004714
0.004789
0.004909
0.005041
0.005162
0.005284
0.005432
0.005614
0.005805
0.005970
0.006057
0.006007
0.005817
0.005533
0.005216
0.004912
0.004642
0.004408
0.004215
0.004083
0.004034
0.004067
0.004165
0.004302
0.004453
0.004588
0.004682
0.004729
0.004732
0.004693
0.004626
0.004542
0.004454
0.004379
0.004341
0.004364
0.004446
0.004572
0.004698
0.004758
0.004712
0.004570
0.004386
0.004220
0.004109
0.004065
0.004079
0.004145
0.004253
0.004376
0.004478
0.004542
0.004563
0.004553
0.004516
0.004447
0.004346
0.004210
0.004039
0.003841
0.003653
0.003558
0.003629
0.003881
0.004282
0.004769
0.005280
0.005768
0.006160
0.006385
0.006428
0.006325
0.006137
0.005925
0.005730
0.005568
0.005422
0.005260
0.005051
0.004754
0.004339
0.003806
0.003201
0.002595
0.002043
0.001564
0.001182
0.000923
0.000794
0.000775
0.000829
0.000920
0.001016
0.001101
0.001161
0.001183
0.001171
0.001102
0.000951
0.000713
0.000410
0.000103
-0.000145
-0.000301
-0.000369
-0.000371
-0.000319
-0.000216
-0.000074
0.000080
0.000189
0.000206
0.000118
-0.000056
-0.000259
-0.000416
-0.000477
-0.000433
-0.000323
-0.000199
-0.000103
-0.000053
-0.000057
-0.000110
-0.000200
-0.000316
-0.000509
-0.000858
-0.001332
-0.001823
-0.002219
-0.002431
-0.002419
-0.002212
-0.001887
-0.001542
-0.001255
-0.001062
-0.000958
-0.000936
-0.001013
-0.001206
-0.001487
-0.001790
-0.002057
-0.002241
-0.002320
-0.002291
-0.002163
-0.001945
-0.001653
-0.001326
-0.001041
-0.000865
-0.000817
-0.000859
-0.000919
-0.000931
-0.000899
-0.000872
-0.000905
-0.001040
-0.001281
-0.001583
-0.001843
-0.001968
-0.001914
-0.001694
-0.001352
-0.000947
-0.000553
-0.000228
0.000003
0.000139
0.000186
0.000152
0.000053
-0.000092
-0.000269
-0.000478
-0.000726
-0.001012
-0.001320
-0.001619
-0.001884
-0.002097
-0.002261
-0.002384
-0.002490
-0.002597
-0.002710
-0.002706
-0.002419
-0.001787
-0.000953
-0.000199
0.000257
0.000334
0.000085
-0.000374
-0.000909
-0.001378
-0.001670
-0.001747
-0.001649
-0.001465
-0.001285
-0.001177
-0.001178
-0.001285
-0.001445
-0.001597
-0.001697
-0.001729
-0.001694
-0.001587
-0.001411
-0.001196
-0.000993
-0.000845
-0.000769
-0.000753
-0.000760
-0.000723
-0.000573
-0.000300
0.000048
0.000396
0.000682
0.000865
0.000944
0.000941
0.000862
0.000696
0.000448
0.000136
-0.000204
-0.000527
-0.000794
-0.000990
-0.001110
-0.001167
-0.001180
-0.001174
-0.001156
-0.001112
-0.001014
-0.000851
-0.000654
-0.000472
-0.000331
-0.000222
-0.000131
-0.000052
0.000007
0.000013
-0.000078
-0.000287
-0.000602
-0.000981
-0.001370
-0.001725
-0.002020
-0.002213
-0.002242
-0.002086
-0.001762
-0.001351
-0.000954
-0.000642
-0.000452
-0.000412
-0.000524
-0.000758
-0.001075
-0.001455
-0.001894
-0.002367
-0.002811
-0.003165
-0.003406
-0.003540
-0.003528
-0.003313
-0.002884
-0.002281
-0.001573
-0.000879
-0.000336
-0.000031
0.000021
-0.000124
-0.000382
-0.000667
-0.000923
-0.001125
-0.001278
-0.001399
-0.001491
-0.001558
-0.001603
-0.001632
-0.001656
-0.001695
-0.001769
-0.001846
-0.001871
-0.001810
-0.001664
-0.001468
-0.001261
-0.001072
-0.000907
-0.000762
-0.000622
-0.000479
-0.000330
-0.000190
-0.000083
-0.000052
-0.000145
-0.000378
-0.000732
-0.001162
-0.001565
-0.001831
-0.001911
-0.001819
-0.001598
-0.001300
-0.000967
-0.000637
-0.000380
-0.000272
-0.000338
-0.000562
-0.000905
-0.001315
-0.001724
-0.002069
-0.002324
-0.002473
-0.002510
-0.002450
-0.002302
-0.002063
-0.001734
-0.001340
-0.000943
-0.000608
-0.000370
-0.000228
-0.000189
-0.000268
-0.000443
-0.000649
-0.000807
-0.000873
-0.000843
-0.000744
-0.000616
-0.000499
-0.000422
-0.000392
-0.000391
-0.000379
-0.000311
-0.000168
0.000045
0.000306
0.000585
0.000840
0.001029
0.001132
0.001155
0.001115
0.001005
0.000810
0.000531
0.000187
-0.000163
-0.000451
-0.000632
-0.000687
-0.000628
-0.000484
-0.000299
-0.000108
0.000063
0.000208
0.000345
0.000500
0.000689
0.000914
0.001140
0.001303
0.001355
0.001286
0.001122
0.000912
0.000709
0.000545
0.000431
0.000389
0.000443
0.000591
0.000814
0.001080
0.001370
0.001677
0.001997
0.002323
0.002617
0.002840
0.002979
0.003045
0.003061
0.003056
0.003048
0.003048
0.003059
0.003080
0.003106
0.003134
0.003161
0.003182
0.003201
0.003217
0.003232
0.003250
0.003287
0.003365
0.003491
0.003658
0.003845
0.004016
0.004139
0.004206
0.004224
0.004211
0.004188
0.004166
0.004143
0.004110
0.004061
0.003989
0.003892
0.003798
0.003781
0.003906
0.004169
0.004507
0.004847
0.005139
0.005364
0.005516
0.005591
0.005595
0.005544
0.005463
0.005350
0.005194
0.004998
0.004796
0.004631
0.004527
0.004483
0.004482
0.004500
0.004511
0.004490
0.004432
0.004338
0.004208
0.004031
0.003804
0.003528
0.003213
0.002875
0.002540
0.002241
0.001997
0.001803
0.001648
0.001513
0.001411
0.001373
0.001411
0.001518
0.001661
0.001792
0.001864
0.001861
0.001790
0.001664
0.001490
0.001282
0.001053
0.000817
0.000584
0.000364
0.000166
0.000013
-0.000058
-0.000029
0.000088
0.000268
0.000470
0.000615
0.000635
0.000571
0.000512
0.000535
0.000669
0.000908
0.001219
0.001537
0.001781
0.001898
0.001860
0.001657
0.001297
0.000845
0.000418
0.000122
0.000002
0.000048
0.000237
0.000543
0.000928
0.001346
0.001751
0.002113
0.002422
0.002685
0.002893
0.003039
0.003121
0.003155
0.003156
0.003110
0.002985
0.002768
0.002474
0.002149
0.001874
0.001702
0.001649
0.001692
0.001792
0.001917
0.002051
0.002191
0.002332
0.002466
0.002562
0.002564
0.002445
0.002212
0.001887
0.001504
0.001092
0.000673
0.000257
-0.000145
-0.000477
-0.000662
-0.000674
-0.000530
-0.000285
0.000003
0.000285
0.000535
0.000742
0.000916
0.001070
0.001212
0.001312
0.001335
0.001260
0.001086
0.000811
0.000478
0.000159
-0.000095
-0.000263
-0.000329
-0.000290
-0.000169
-0.000009
0.000151
0.000287
0.000391
0.000463
0.000497
0.000495
0.000464
0.000415
0.000359
0.000305
0.000271
0.000282
0.000354
0.000469
0.000586
0.000676
0.000725
0.000732
0.000702
0.000649
0.000582
0.000509
0.000396
0.000197
-0.000096
-0.000459
-0.000837
-0.001172
-0.001430
-0.001602
-0.001696
-0.001738
-0.001760
-0.001783
-0.001819
-0.001864
-0.001900
-0.001903
-0.001861
-0.001780
-0.001686
-0.001605
-0.001560
-0.001572
-0.001646
-0.001757
-0.001865
-0.001943
-0.001981
-0.001983
-0.001964
-0.001940
-0.001930
-0.001955
-0.002025
-0.002115
-0.002187
-0.002208
-0.002167
-0.002062
-0.001902
-0.001717
-0.001553
-0.001441
-0.001390
-0.001406
-0.001491
-0.001613
-0.001725
-0.001797
-0.001817
-0.001792
-0.001710
-0.001554
-0.001333
-0.001095
-0.000892
-0.000756
-0.000713
-0.000773
-0.000923
-0.001136
-0.001387
-0.001654
-0.001925
-0.002195
-0.002463
-0.002729
-0.002959
-0.003073
-0.002991
-0.002697
-0.002201
-0.001588
-0.000996
-0.000536
-0.000255
-0.000164
-0.000270
-0.000553
-0.000957
-0.001407
-0.001837
-0.002210
-0.002525
-0.002798
-0.003017
-0.003158
-0.003211
-0.003188
-0.003114
-0.003012
-0.002902
-0.002798
-0.002739
-0.002765
-0.002882
-0.003063
-0.003273
-0.003482
-0.003675
-0.003886
-0.004175
-0.004576
-0.005064
-0.005583
-0.006081
-0.006529
-0.006904
-0.007171
-0.007304
-0.007312
-0.007211
-0.007012
-0.006727
-0.006371
-0.005963
-0.005528
-0.005088
-0.004736
-0.004580
-0.004660
-0.004949
-0.005329
-0.005652
-0.005778
-0.005644
-0.005297
-0.004840
-0.004380
-0.003986
-0.003704
-0.003582
-0.003638
-0.003835
-0.004097
-0.004357
-0.004577
-0.004754
-0.004900
-0.005038
-0.005151
-0.005203
-0.005169
-0.005090
-0.005086
-0.005258
-0.005633
-0.006148
-0.006683
-0.007129
-0.007418
-0.007513
-0.007422
-0.007188
-0.006874
-0.006533
-0.006195
-0.005862
-0.005508
-0.005121
-0.004728
-0.004379
-0.004121
-0.004027
-0.004161
-0.004580
-0.005301
-0.006262
-0.007334
-0.008310
-0.008974
-0.009114
-0.008617
-0.007599
-0.006340
-0.005137
-0.004187
-0.003568
-0.003290
-0.003318
-0.003564
-0.003929
-0.004359
-0.004837
-0.005312
-0.005709
-0.005975
-0.006094
-0.006086
-0.005988
-0.005780
-0.005374
-0.004706
-0.003832
-0.002921
-0.002141
-0.001585
-0.001274
-0.001171
-0.001217
-0.001371
-0.001642
-0.002062
-0.002583
-0.003104
-0.003544
-0.003863
-0.004073
-0.004206
-0.004264
-0.004182
-0.003902
-0.003440
-0.002869
-0.002255
-0.001635
-0.001028
-0.000473
-0.000060
0.000134
0.000095
-0.000134
-0.000477
-0.000856
-0.001199
-0.001460
-0.001630
-0.001712
-0.001712
-0.001648
-0.001546
-0.001409
-0.001213
-0.000942
-0.000614
-0.000279
0.000020
0.000248
0.000389
0.000423
0.000344
0.000165
-0.000091
-0.000399
-0.000737
-0.001083
-0.001425
-0.001751
-0.002006
-0.002106
-0.002020
-0.001754
-0.001367
-0.000941
-0.000545
-0.000215
0.000050
0.000265
0.000449
0.000609
0.000740
0.000833
0.000818
0.000809
0.000729
0.000574
0.000339
0.000039
-0.000295
-0.000624
-0.000918
-0.001165
-0.001349
-0.001442
-0.001434
-0.001295
-0.000984
-0.000498
0.000089
0.000664
0.001146
0.001500
0.001726
0.001859
0.001935
0.001967
0.001947
0.001838
0.001563
0.001113
0.000579
0.000056
-0.000410
-0.000816
-0.001173
-0.001495
-0.001783
-0.001987
-0.002014
-0.001810
-0.001392
-0.000829
-0.000205
0.000421
0.000990
0.001451
0.001791
0.002020
0.002117
0.002021
0.001716
0.001246
0.000700
0.000208
-0.000108
-0.000182
-0.000041
0.000244
0.000621
0.001076
0.001556
0.001987
0.002326
0.002568
0.002676
0.002604
0.002351
0.001940
0.001403
0.000816
0.000322
0.000048
0.000041
0.000293
0.000708
0.001148
0.001507
0.001734
0.001831
0.001831
0.001782
0.001725
0.001653
0.001531
0.001344
0.001101
0.000811
0.000482
0.000139
-0.000153
-0.000324
-0.000336
-0.000187
0.000086
0.000439
0.000857
0.001330
0.001783
0.002134
0.002344
0.002408
0.002346
0.002213
0.002092
0.002052
0.002122
0.002285
0.002494
0.002686
0.002817
0.002880
0.002915
0.002992
0.003158
0.003420
0.003725
0.003991
0.004150
0.004199
0.004196
0.004216
0.004241
0.004185
0.004000
0.003701
0.003350
0.003024
0.002790
0.002671
0.002675
0.002812
0.003071
0.003410
0.003767
0.004092
0.004361
0.004572
0.004716
0.004769
0.004714
0.004561
0.004337
0.004076
0.003804
0.003541
0.003329
0.003215
0.003220
0.003345
0.003574
0.003869
0.004180
0.004453
0.004661
0.004810
0.004938
0.005075
0.005210
0.005293
0.005283
0.005168
0.004963
0.004699
0.004450
0.004299
0.004285
0.004394
0.004573
0.004750
0.004874
0.004908
0.004828
0.004627
0.004339
0.004029
0.003764
0.003575
0.003464
0.003418
0.003429
0.003492
0.003649
0.003943
0.004347
0.004789
0.005196
0.005516
0.005738
0.005879
0.005976
0.006061
0.006149
0.006216
0.006194
0.006041
0.005770
0.005431
0.005079
0.004756
0.004501
0.004338
0.004262
0.004281
0.004399
0.004596
0.004832
0.005072
0.005294
0.005488
0.005649
0.005764
0.005828
0.005855
0.005873
0.005903
0.005958
0.006041
0.006161
0.006340
0.006577
0.006834
0.007057
0.007202
0.007256
0.007234
0.007164
0.007075
0.006988
0.006897
0.006760
0.006543
0.006264
0.005975
0.005720
0.005529
0.005420
0.005389
0.005414
0.005449
0.005437
0.005346
0.005176
0.004942
0.004669
0.004387
0.004129
0.003916
0.003755
0.003644
0.003573
0.003530
0.003492
0.003440
0.003365
0.003270
0.003187
0.003161
0.003220
0.003357
0.003544
0.003747
0.003941
0.004113
0.004258
0.004377
0.004459
0.004486
0.004446
0.004348
0.004208
0.004043
0.003856
0.003645
0.003409
0.003165
0.002938
0.002744
0.002591
0.002483
0.002414
0.002370
0.002324
0.002246
0.002117
0.001931
0.001684
0.001385
0.001061
0.000742
0.000454
0.000223
0.000070
-0.000008
-0.000011
0.000072
0.000241
0.000452
0.000639
0.000762
0.000823
0.000844
0.000843
0.000825
0.000781
0.000704
0.000580
0.000406
0.000199
-0.000020
-0.000230
-0.000421
-0.000585
-0.000720
-0.000811
-0.000837
-0.000798
-0.000731
-0.000712
-0.000800
-0.001002
-0.001275
-0.001560
-0.001814
-0.002007
-0.002142
-0.002256
-0.002397
-0.002574
-0.002786
-0.003045
-0.003341
-0.003645
-0.003922
-0.004141
-0.004291
-0.004376
-0.004413
-0.004415
-0.004401
-0.004381
-0.004364
-0.004351
-0.004340
-0.004319
-0.004266
-0.004164
-0.004011
-0.003823
-0.003622
-0.003432
-0.003283
-0.003187
-0.003142
-0.003136
-0.003165
-0.003228
-0.003321
-0.003435
-0.003549
-0.003632
-0.003664
-0.003647
-0.003607
-0.003573
-0.003568
-0.003603
-0.003673
-0.003761
-0.003839
-0.003890
-0.003906
-0.003882
-0.003810
-0.003703
-0.003578
-0.003453
-0.003338
-0.003236
-0.003146
-0.003073
-0.003031
-0.003031
-0.003072
-0.003143
-0.003235
-0.003341
-0.003454
-0.003566
-0.003668
-0.003757
-0.003833
-0.003888
-0.003910
-0.003887
-0.003819
-0.003705
-0.003553
-0.003365
-0.003134
-0.002875
-0.002615
-0.002377
-0.002169
-0.001989
-0.001835
-0.001706
-0.001603
-0.001534
-0.001515
-0.001551
-0.001639
-0.001766
-0.001915
-0.002065
-0.002193
-0.002294
-0.002366
-0.002417
-0.002441
-0.002427
-0.002376
-0.002295
-0.002196
-0.002095
-0.002003
-0.001923
-0.001854
-0.001786
-0.001717
-0.001654
-0.001612
-0.001599
-0.001615
-0.001656
-0.001714
-0.001782
-0.001854
-0.001926
-0.001999
-0.002071
-0.002141
-0.002202
-0.002249
-0.002277
-0.002278
-0.002246
-0.002182
-0.002094
-0.001995
-0.001893
-0.001797
-0.001717
-0.001667
-0.001654
-0.001677
-0.001719
-0.001762
-0.001786
-0.001781
-0.001747
-0.001691
-0.001621
-0.001540
-0.001446
-0.001338
-0.001215
-0.001097
-0.001011
-0.000974
-0.000986
-0.001035
-0.001111
-0.001204
-0.001295
-0.001366
-0.001407
-0.001421
-0.001415
-0.001400
-0.001369
-0.001305
-0.001196
-0.001047
-0.000883
-0.000735
-0.000624
-0.000553
-0.000521
-0.000534
-0.000593
-0.000689
-0.000799
-0.000897
-0.000964
-0.000997
-0.000999
-0.000980
-0.000939
-0.000875
-0.000788
-0.000687
-0.000588
-0.000506
-0.000448
-0.000413
-0.000395
-0.000393
-0.000408
-0.000440
-0.000484
-0.000536
-0.000590
-0.000640
-0.000676
-0.000694
-0.000696
-0.000685
-0.000667
-0.000640
-0.000603
-0.000554
-0.000495
-0.000433
-0.000376
-0.000332
-0.000301
-0.000283
-0.000276
-0.000281
-0.000299
-0.000327
-0.000360
-0.000394
-0.000424
-0.000445
-0.000452
-0.000442
-0.000418
-0.000386
-0.000351
-0.000318
-0.000288
-0.000264
-0.000242
-0.000222
-0.000204
-0.000191
-0.000183
-0.000182
-0.000184
-0.000189
-0.000193
-0.000196
-0.000196
-0.000194
-0.000184
-0.000164
-0.000132
-0.000091
-0.000045
0.000000
0.000038
0.000067
0.000089
0.000105
0.000117
0.000123
0.000123
0.000115
0.000103
0.000092
0.000087
0.000089
0.000099
0.000114
0.000134
0.000154
0.000174
0.000193
0.000210
0.000226
0.000243
0.000261
0.000281
0.000302
0.000323
0.000345
0.000367
0.000386
0.000398
0.000402
0.000398
0.000388
0.000376
0.000365
0.000359
0.000358
0.000360
0.000364
0.000367
0.000369
0.000368
0.000365
0.000361
0.000355
0.000349
0.000342
0.000334
0.000328
0.000325
0.000326
0.000329
0.000333
0.000336
0.000337
0.000336
0.000332
0.000325
0.000314
0.000303
0.000292
0.000284
0.000279
0.000278
0.000280
0.000288
0.000301
0.000316
0.000331
0.000343
0.000352
0.000358
0.000360
0.000359
0.000355
0.000350
0.000345
0.000342
0.000341
0.000342
0.000346
0.000350
0.000353
0.000355
0.000356
0.000355
0.000354
0.000353
0.000354
0.000356
0.000360
0.000365
0.000370
0.000374
0.000376
0.000376
0.000372
0.000366
0.000357
0.000346
0.000336
0.000326
0.000317
0.000309
0.000304
0.000301
0.000297
0.000294
0.000288
0.000282
0.000273
0.000264
0.000254
0.000245
0.000236
0.000227
0.000220
0.000212
0.000205
0.000199
0.000193
0.000186
0.000180
0.000173
0.000166
0.000160
0.000156
0.000152
0.000150
0.000148
0.000147
0.000146
0.000145
0.000143
0.000140
0.000137
0.000134
0.000132
0.000130
0.000129
0.000128
0.000128
0.000126
0.000125
0.000123
0.000121
0.000120
0.000118
0.000116
0.000115
0.000113
0.000111
0.000109
0.000107
0.000105
0.000102
0.000100
0.000098
0.000096
0.000093
0.000091
0.000089
0.000087
0.000085
0.000083
0.000081
0.000079
0.000077
0.000075
0.000074
0.000072
0.000071
0.000070
0.000069
0.000069
0.000068
0.000067
0.000066
0.000065
0.000064
0.000063
0.000062
0.000060
0.000059
0.000058
0.000057
0.000056
0.000055
0.000054
0.000053
0.000052
0.000051
0.000051
0.000050
0.000049
0.000049
0.000048
0.000047
0.000046
0.000045
0.000045
0.000044
0.000043
0.000043
0.000042
0.000041
0.000041
0.000040
0.000040
0.000039
0.000039
0.000038
0.000038
0.000037
0.000037
0.000037
0.000036
0.000036
0.000035
0.000035
0.000035
0.000034
0.000034
0.000034
0.000034
0.000033
0.000033
0.000033
0.000033
0.000032
0.000032
0.000032
0.000032
0.000032
0.000032
0.000032
0.000032
0.000032
0.000032
0.000032
0.000032
