0.000115
0.000135
0.000083
-0.000021
-0.000021
-0.000021
-0.000020
-0.000019
-0.000018
-0.000016
-0.000014
-0.000012
-0.000010
-0.000009
-0.000009
-0.000011
-0.000012
-0.000012
-0.000009
-0.000004
0.000004
0.000018
0.000031
0.000025
-0.000011
-0.000074
-0.000150
-0.000236
-0.000337
-0.000442
-0.000512
-0.000524
-0.000507
-0.000502
-0.000525
-0.000581
-0.000667
-0.000775
-0.000889
-0.000980
-0.001024
-0.001011
-0.000933
-0.000759
-0.000451
-0.000028
0.000421
0.000815
0.001135
0.001428
0.001745
0.002084
0.002442
0.002788
0.003011
0.003038
0.002935
0.002795
0.002674
0.002597
0.002473
0.002171
0.001731
0.001276
0.000845
0.000455
0.000145
-0.000077
-0.000276
-0.000536
-0.000878
-0.001207
-0.001391
-0.001394
-0.001304
-0.001199
-0.001019
-0.000669
-0.000190
0.000331
0.000833
0.001216
0.001390
0.001380
0.001239
0.000953
0.000524
0.000009
-0.000519
-0.000996
-0.001332
-0.001418
-0.001199
-0.000783
-0.000439
-0.000337
-0.000425
-0.000600
-0.000800
-0.000963
-0.001037
-0.001079
-0.001282
-0.001772
-0.002461
-0.003139
-0.003701
-0.004212
-0.004738
-0.005282
-0.005864
-0.006507
-0.007107
-0.007351
-0.006981
-0.006182
-0.005393
-0.004853
-0.004547
-0.004406
-0.004392
-0.004308
-0.003795
-0.002841
-0.001877
-0.001207
-0.000728
-0.000174
0.000560
0.001384
0.002226
0.003098
0.003985
0.004739
0.005143
0.005133
0.004882
0.004705
0.004645
0.004350
0.003679
0.002925
0.002424
0.002387
0.002880
0.003625
0.004190
0.004394
0.004428
0.004596
0.004871
0.004916
0.004487
0.003426
0.001612
-0.000677
-0.002861
-0.004537
-0.005551
-0.005898
-0.005774
-0.005357
-0.004632
-0.003624
-0.002520
-0.001508
-0.000680
-0.000061
0.000445
0.001065
0.001937
0.002965
0.003930
0.004591
0.004761
0.004393
0.003553
0.002378
0.000935
-0.000804
-0.002673
-0.004307
-0.005457
-0.006104
-0.006263
-0.005780
-0.004698
-0.003582
-0.002787
-0.002105
-0.001546
-0.001396
-0.001594
-0.001925
-0.002411
-0.003041
-0.003683
-0.004350
-0.005221
-0.006274
-0.006897
-0.006404
-0.004777
-0.002570
-0.000360
0.001697
0.003750
0.005772
0.007524
0.008851
0.009788
0.010446
0.010731
0.010341
0.009074
0.006878
0.003814
0.000310
-0.002749
-0.004499
-0.004751
-0.004054
-0.003101
-0.002405
-0.002435
-0.003521
-0.005551
-0.007980
-0.010135
-0.011465
-0.011684
-0.010948
-0.009587
-0.007626
-0.004933
-0.001587
0.002153
0.006015
0.009344
0.011213
0.011556
0.011162
0.010695
0.010510
0.010894
0.011890
0.013222
0.014690
0.016146
0.017070
0.016736
0.014829
0.011453
0.007049
0.002774
-0.000334
-0.002406
-0.003920
-0.004884
-0.005226
-0.005042
-0.004424
-0.003382
-0.001931
-0.000286
0.001236
0.002484
0.003438
0.004064
0.004402
0.004638
0.004908
0.005176
0.005374
0.005468
0.005413
0.005307
0.005457
0.006044
0.006869
0.007478
0.007541
0.007019
0.005923
0.004163
0.001780
-0.000866
-0.003285
-0.005196
-0.006607
-0.007592
-0.008095
-0.008014
-0.007397
-0.006448
-0.005264
-0.003797
-0.002282
-0.001178
-0.000650
-0.000508
-0.000485
-0.000360
0.000019
0.000654
0.001383
0.001999
0.002429
0.002796
0.003261
0.003832
0.004387
0.004809
0.005051
0.005254
0.005657
0.006199
0.006548
0.006450
0.005736
0.004255
0.002099
-0.000357
-0.002798
-0.005239
-0.007691
-0.009618
-0.010166
-0.008806
-0.005480
-0.000771
0.004124
0.008324
0.011625
0.013982
0.015285
0.015453
0.014512
0.012659
0.010281
0.007897
0.005935
0.004368
0.002647
0.000187
-0.003112
-0.006597
-0.009518
-0.012072
-0.014667
-0.017023
-0.018831
-0.019795
-0.019235
-0.016813
-0.013175
-0.009926
-0.008622
-0.009612
-0.012072
-0.014659
-0.016396
-0.017122
-0.017109
-0.016276
-0.014111
-0.011085
-0.008815
-0.008175
-0.008661
-0.009293
-0.009376
-0.008708
-0.007561
-0.006177
-0.004062
-0.000986
0.001801
0.003248
0.004035
0.005072
0.006189
0.006809
0.006648
0.005697
0.004139
0.002237
0.000337
-0.001008
-0.001281
-0.000343
0.001791
0.005051
0.008664
0.011382
0.012570
0.012374
0.011383
0.010367
0.009845
0.009738
0.009559
0.008901
0.007679
0.005873
0.003189
-0.000437
-0.004274
-0.007419
-0.009894
-0.012537
-0.015464
-0.017674
-0.018443
-0.018087
-0.016901
-0.014679
-0.012051
-0.010124
-0.008967
-0.007904
-0.006415
-0.004297
-0.001514
0.001836
0.005337
0.008273
0.010186
0.011168
0.011479
0.011257
0.010624
0.009789
0.008921
0.008035
0.007160
0.006446
0.005918
0.005454
0.005096
0.005062
0.005442
0.005956
0.005968
0.004808
0.002400
-0.000499
-0.002751
-0.003483
-0.002656
-0.001011
0.000635
0.001899
0.002763
0.003304
0.003446
0.002894
0.001593
-0.000006
-0.001475
-0.002755
-0.003777
-0.004124
-0.003389
-0.001792
-0.000094
0.001076
0.001618
0.001710
0.001432
0.000624
-0.000908
-0.002931
-0.004839
-0.006161
-0.006267
-0.004402
-0.001047
0.002193
0.003997
0.003906
0.002267
-0.000164
-0.002767
-0.005318
-0.007412
-0.008357
-0.008202
-0.007298
-0.005319
-0.002261
0.000823
0.002588
0.002231
0.000060
-0.002743
-0.005073
-0.006583
-0.007186
-0.006395
-0.003633
0.000527
0.004006
0.005398
0.005142
0.004141
0.002699
0.000709
-0.001776
-0.004187
-0.005728
-0.005995
-0.005068
-0.003068
-0.000321
0.002094
0.003159
0.003056
0.002636
0.002348
0.001968
0.001252
0.000556
0.000523
0.001356
0.002481
0.003000
0.002351
0.000562
-0.001794
-0.003872
-0.005153
-0.005806
-0.006253
-0.006591
-0.006620
-0.006296
-0.005595
-0.003795
0.000022
0.005753
0.011525
0.014852
0.015094
0.013245
0.010480
0.007651
0.005066
0.002762
0.001121
0.000771
0.001563
0.002566
0.003273
0.003822
0.003900
0.002669
0.000267
-0.002230
-0.004226
-0.005298
-0.004463
-0.001392
0.002732
0.006242
0.008179
0.008545
0.007884
0.006916
0.006191
0.005857
0.005739
0.005644
0.005656
0.005941
0.006456
0.006973
0.007206
0.006907
0.006109
0.005064
0.003685
0.001812
-0.000094
-0.001385
-0.001679
-0.000919
0.000390
0.001601
0.002309
0.001840
-0.000549
-0.004408
-0.007982
-0.009873
-0.010225
-0.010102
-0.010302
-0.010846
-0.011230
-0.010891
-0.009414
-0.006681
-0.003138
0.000503
0.003894
0.007184
0.010601
0.013722
0.015514
0.015525
0.014306
0.012538
0.010794
0.009755
0.009701
0.010248
0.010791
0.010772
0.009794
0.007951
0.005765
0.003719
0.002052
0.000675
-0.000833
-0.002743
-0.004688
-0.005979
-0.006311
-0.006029
-0.005685
-0.005491
-0.005268
-0.004822
-0.004279
-0.004007
-0.004311
-0.005216
-0.006292
-0.006792
-0.006344
-0.005292
-0.004286
-0.003658
-0.003288
-0.002931
-0.002447
-0.001710
-0.000573
0.000852
0.002268
0.003525
0.004460
0.004448
0.002802
-0.000120
-0.003174
-0.005717
-0.007795
-0.009449
-0.010505
-0.010955
-0.011047
-0.011022
-0.010995
-0.010932
-0.010615
-0.009807
-0.008457
-0.006758
-0.004842
-0.002388
0.000824
0.004357
0.007679
0.010038
0.009878
0.006490
0.001321
-0.003569
-0.006897
-0.008408
-0.008693
-0.008527
-0.008349
-0.008295
-0.008476
-0.009087
-0.010259
-0.011650
-0.012510
-0.012353
-0.011456
-0.010542
-0.009639
-0.007860
-0.004597
-0.000237
0.004173
0.007578
0.009469
0.009912
0.009089
0.007079
0.003998
0.000195
-0.003560
-0.006359
-0.007825
-0.008431
-0.008889
-0.009322
-0.009452
-0.009269
-0.009138
-0.009629
-0.011388
-0.014382
-0.017411
-0.019298
-0.019581
-0.018043
-0.014774
-0.010242
-0.005102
0.000063
0.004853
0.008845
0.011507
0.012892
0.014013
0.015977
0.018873
0.021397
0.022092
0.020681
0.017659
0.013648
0.009455
0.005438
0.001146
-0.003628
-0.008230
-0.011763
-0.013897
-0.014555
-0.013438
-0.010696
-0.007334
-0.004692
-0.003607
-0.003732
-0.003876
-0.003169
-0.001767
-0.000389
0.000466
0.000782
0.000784
0.000440
-0.000572
-0.002370
-0.004573
-0.006495
-0.007543
-0.007637
-0.007176
-0.006220
-0.004304
-0.001258
0.002523
0.006465
0.009871
0.011907
0.012426
0.012174
0.011773
0.011347
0.010940
0.010825
0.011364
0.012578
0.014124
0.015533
0.016285
0.015988
0.014606
0.012425
0.009841
0.007126
0.004523
0.002372
0.000679
-0.000983
-0.002904
-0.004812
-0.006187
-0.006971
-0.007511
-0.008055
-0.008508
-0.008536
-0.007859
-0.006523
-0.004964
-0.003537
-0.002193
-0.000746
0.000927
0.002893
0.004969
0.006485
0.006811
0.006305
0.006041
0.006550
0.007460
0.008004
0.007538
0.006008
0.004088
0.002800
0.002772
0.003676
0.004807
0.005851
0.006798
0.007507
0.007673
0.007383
0.007130
0.007138
0.007093
0.006671
0.006222
0.006398
0.007337
0.008548
0.009358
0.009448
0.008944
0.008114
0.007023
0.005504
0.003301
0.000257
-0.003479
-0.007501
-0.011135
-0.013507
-0.014136
-0.013060
-0.010519
-0.007740
-0.006531
-0.007225
-0.008692
-0.009689
-0.009076
-0.006106
-0.001489
0.002907
0.005385
0.005381
0.003753
0.001731
-0.000103
-0.001594
-0.002700
-0.003490
-0.003924
-0.003889
-0.003559
-0.003407
-0.003922
-0.005320
-0.007266
-0.008907
-0.009357
-0.008378
-0.006757
-0.005543
-0.005182
-0.005510
-0.006110
-0.006612
-0.006499
-0.005220
-0.003153
-0.001509
-0.001057
-0.001679
-0.002756
-0.003298
-0.002204
0.000725
0.004630
0.008511
0.011463
0.012871
0.012862
0.011649
0.009020
0.004863
-0.000437
-0.005803
-0.009567
-0.010644
-0.009604
-0.007850
-0.006205
-0.004781
-0.003131
-0.000230
0.004256
0.009086
0.012383
0.013266
0.012689
0.012117
0.012054
0.012143
0.011791
0.010484
0.008174
0.005512
0.003156
0.001422
0.000451
0.000284
0.000746
0.001325
0.002055
0.003881
0.007179
0.010876
0.013231
0.013235
0.011489
0.009531
0.008527
0.008559
0.009009
0.009254
0.008718
0.006973
0.004256
0.001440
-0.000591
-0.001357
-0.001041
-0.000181
0.001028
0.002631
0.004158
0.004794
0.004145
0.002344
0.000076
-0.001563
-0.002032
-0.001659
-0.000963
-0.000355
-0.000266
-0.000953
-0.002292
-0.003955
-0.005592
-0.007143
-0.008773
-0.010406
-0.011582
-0.011949
-0.011701
-0.011136
-0.010070
-0.007889
-0.004459
-0.000562
0.002959
0.005753
0.007802
0.009321
0.010720
0.012325
0.014089
0.015608
0.016506
0.016683
0.015961
0.014009
0.010898
0.007387
0.004356
0.001803
-0.000679
-0.002912
-0.004612
-0.005705
-0.006157
-0.006162
-0.006124
-0.006346
-0.006952
-0.007972
-0.009375
-0.011095
-0.012859
-0.014365
-0.015473
-0.016056
-0.015768
-0.014178
-0.011163
-0.006452
-0.000043
0.006536
0.011260
0.013364
0.013341
0.012231
0.010971
0.009974
0.009164
0.008365
0.007653
0.007221
0.007183
0.007535
0.008210
0.009014
0.009548
0.009618
0.009352
0.008868
0.008348
0.008020
0.007713
0.006747
0.004417
0.000530
-0.004200
-0.008310
-0.010820
-0.011861
-0.012005
-0.011409
-0.009841
-0.007369
-0.004703
-0.002952
-0.002563
-0.002821
-0.002941
-0.002699
-0.001770
0.000607
0.004990
0.010728
0.015967
0.018913
0.019261
0.018302
0.017377
0.016866
0.016306
0.014929
0.012154
0.007860
0.002407
-0.003590
-0.009305
-0.014240
-0.018556
-0.022211
-0.024714
-0.025864
-0.025860
-0.025023
-0.023851
-0.022689
-0.021419
-0.019607
-0.016850
-0.013328
-0.009648
-0.005906
-0.001812
0.002268
0.005746
0.008692
0.011184
0.012754
0.013126
0.012670
0.011968
0.011211
0.010301
0.009535
0.009524
0.010579
0.012730
0.015462
0.017158
0.016217
0.012437
0.007063
0.002336
0.000006
-0.000015
0.001424
0.003695
0.006026
0.007654
0.008119
0.007196
0.005217
0.003088
0.001468
0.000735
0.001552
0.003863
0.005951
0.006132
0.004140
0.000735
-0.003032
-0.006442
-0.009279
-0.011451
-0.012739
-0.013114
-0.012925
-0.012581
-0.012183
-0.011553
-0.010563
-0.009420
-0.008580
-0.008293
-0.008459
-0.009108
-0.010372
-0.011906
-0.012719
-0.011732
-0.008561
-0.003809
0.001244
0.005370
0.007884
0.008991
0.009681
0.011011
0.013070
0.014618
0.014478
0.012706
0.010429
0.008866
0.008243
0.007680
0.006184
0.003644
0.000720
-0.002027
-0.004626
-0.007633
-0.011571
-0.016227
-0.020462
-0.022954
-0.023616
-0.023222
-0.021841
-0.019141
-0.015548
-0.012059
-0.009332
-0.007641
-0.006693
-0.005327
-0.002559
0.001581
0.006232
0.010075
0.011622
0.010049
0.006140
0.001649
-0.001793
-0.003431
-0.003917
-0.004419
-0.005527
-0.007168
-0.008807
-0.009899
-0.009984
-0.008594
-0.005939
-0.002939
-0.000318
0.001780
0.003598
0.005159
0.006344
0.007707
0.009959
0.012767
0.014872
0.014860
0.012034
0.007145
0.002194
-0.001042
-0.002139
-0.001324
0.001167
0.004950
0.009238
0.013063
0.015449
0.015147
0.011305
0.004602
-0.002418
-0.007262
-0.009683
-0.010988
-0.012183
-0.013226
-0.013710
-0.013649
-0.013193
-0.011964
-0.009517
-0.006620
-0.004915
-0.005248
-0.007230
-0.009720
-0.011551
-0.012317
-0.012116
-0.010924
-0.008585
-0.005406
-0.002564
-0.001337
-0.002065
-0.004284
-0.007457
-0.010884
-0.013500
-0.014710
-0.014785
-0.014165
-0.012989
-0.011242
-0.009240
-0.007408
-0.005466
-0.003305
-0.001670
-0.001332
-0.002451
-0.004389
-0.006224
-0.007173
-0.006742
-0.004962
-0.002408
0.000506
0.004054
0.008420
0.013155
0.017519
0.020876
0.022735
0.022931
0.021923
0.020395
0.018694
0.016770
0.014216
0.010522
0.005719
0.000372
-0.005003
-0.010175
-0.014875
-0.018450
-0.020373
-0.020673
-0.019525
-0.017155
-0.014209
-0.011797
-0.010845
-0.011168
-0.011906
-0.012308
-0.011420
-0.008171
-0.002434
0.004673
0.011280
0.015897
0.018278
0.018631
0.017152
0.014070
0.009616
0.004676
0.000607
-0.001807
-0.002715
-0.002752
-0.002401
-0.001875
-0.001356
-0.001049
-0.000958
-0.000763
0.000070
0.001860
0.004176
0.005966
0.006354
0.005379
0.003826
0.002500
0.001703
0.001290
0.001059
0.000943
0.000769
0.000082
-0.001116
-0.002224
-0.003055
-0.003948
-0.004968
-0.005488
-0.004507
-0.001616
0.002601
0.007189
0.011313
0.013989
0.014384
0.012698
0.009714
0.005781
0.000667
-0.005327
-0.010621
-0.013896
-0.014975
-0.013802
-0.010356
-0.005462
-0.001061
0.001040
0.000605
-0.001555
-0.004417
-0.007438
-0.010631
-0.013512
-0.015394
-0.016152
-0.015611
-0.013300
-0.009407
-0.004952
-0.000943
0.002269
0.004997
0.007304
0.008705
0.008726
0.007161
0.004472
0.001651
-0.000224
0.000024
0.003016
0.008128
0.013928
0.018454
0.020320
0.020028
0.018846
0.017392
0.015618
0.013366
0.010868
0.008493
0.006178
0.003652
0.000803
-0.002085
-0.004320
-0.005289
-0.005005
-0.004010
-0.002791
-0.001617
-0.000456
0.000883
0.002421
0.003865
0.004706
0.004658
0.003760
0.002165
0.000167
-0.001689
-0.002869
-0.003243
-0.003075
-0.002445
-0.000978
0.001615
0.005126
0.009143
0.013204
0.016608
0.018821
0.020090
0.021006
0.021774
0.022037
0.021182
0.018895
0.015255
0.010670
0.005863
0.001535
-0.002252
-0.005864
-0.009193
-0.011460
-0.012019
-0.010918
-0.008525
-0.005148
-0.001137
0.002792
0.005950
0.008185
0.009551
0.010126
0.010180
0.010164
0.010515
0.011297
0.012105
0.012646
0.012881
0.012317
0.010496
0.007919
0.005415
0.003211
0.001118
-0.000986
-0.003530
-0.007068
-0.011459
-0.015900
-0.019582
-0.022144
-0.023733
-0.024693
-0.025356
-0.025917
-0.026011
-0.025134
-0.023256
-0.020763
-0.018209
-0.016166
-0.014961
-0.013706
-0.010890
-0.006118
-0.000389
0.004750
0.008273
0.009666
0.008840
0.006540
0.003929
0.001664
-0.000268
-0.001655
-0.002017
-0.001641
-0.001435
-0.001877
-0.002754
-0.003584
-0.003949
-0.003746
-0.003205
-0.002326
-0.000684
0.001536
0.003199
0.003394
0.002260
0.000490
-0.001448
-0.003338
-0.005091
-0.006580
-0.007404
-0.007026
-0.005503
-0.004019
-0.003873
-0.005129
-0.006721
-0.007572
-0.007502
-0.006826
-0.005329
-0.002719
0.000405
0.002747
0.003197
0.001716
-0.000610
-0.002316
-0.002665
-0.001978
-0.001123
-0.000931
-0.001581
-0.002735
-0.003978
-0.004829
-0.005022
-0.004738
-0.004302
-0.003968
-0.003711
-0.003496
-0.003651
-0.004348
-0.005260
-0.006015
-0.006509
-0.006721
-0.006582
-0.006044
-0.005007
-0.003229
-0.000572
0.002397
0.004268
0.004044
0.002035
-0.000686
-0.002894
-0.003670
-0.002937
-0.001566
-0.000866
-0.001350
-0.002069
-0.002121
-0.001661
-0.001105
-0.000785
-0.001152
-0.002492
-0.004704
-0.007612
-0.011112
-0.015037
-0.018943
-0.022197
-0.024224
-0.024288
-0.021661
-0.016580
-0.010347
-0.004410
0.000190
0.002905
0.003926
0.004174
0.004757
0.006415
0.009580
0.014525
0.020214
0.024073
0.024566
0.022479
0.019238
0.015635
0.011919
0.008096
0.003895
-0.001267
-0.007292
-0.012755
-0.016283
-0.017764
-0.018047
-0.018028
-0.018010
-0.017748
-0.016259
-0.012508
-0.006843
-0.000301
0.006141
0.011544
0.015927
0.019662
0.022301
0.023058
0.021717
0.018926
0.015518
0.012088
0.009379
0.008281
0.008958
0.010490
0.011863
0.012537
0.012393
0.011865
0.011461
0.011098
0.010123
0.007942
0.004799
0.001549
-0.001164
-0.002967
-0.003602
-0.003205
-0.002522
-0.002580
-0.003905
-0.006657
-0.010853
-0.015660
-0.019595
-0.021707
-0.022146
-0.021545
-0.019919
-0.016724
-0.012030
-0.006919
-0.002526
0.000670
0.002629
0.003702
0.004540
0.005478
0.006140
0.005733
0.003959
0.001388
-0.001172
-0.002941
-0.003455
-0.003023
-0.002284
-0.001695
-0.001322
-0.001023
-0.000776
-0.000569
-0.000289
0.000081
0.000573
0.001825
0.004404
0.007680
0.010768
0.013593
0.016530
0.019548
0.021875
0.022662
0.021629
0.019474
0.017545
0.016732
0.016838
0.016912
0.015933
0.013358
0.009655
0.006123
0.003801
0.002768
0.002331
0.001539
0.000058
-0.001565
-0.002592
-0.002817
-0.002714
-0.002780
-0.003059
-0.003273
-0.003140
-0.002607
-0.001834
-0.001043
-0.000511
-0.000446
-0.000797
-0.001177
-0.000908
0.000578
0.003211
0.006135
0.008284
0.008900
0.007825
0.005734
0.003657
0.002328
0.002027
0.002447
0.002940
0.003131
0.003059
0.002709
0.001770
0.000024
-0.002518
-0.005484
-0.008209
-0.010045
-0.010397
-0.009011
-0.006656
-0.004935
-0.004700
-0.005535
-0.006556
-0.007098
-0.007171
-0.007157
-0.007104
-0.006723
-0.005729
-0.003902
-0.001385
0.001469
0.004568
0.008084
0.012256
0.016767
0.020674
0.022962
0.022994
0.020979
0.017742
0.013871
0.009852
0.006233
0.003200
0.000823
-0.001037
-0.002642
-0.004144
-0.005973
-0.008662
-0.012421
-0.016446
-0.019187
-0.019684
-0.018004
-0.014954
-0.011430
-0.007824
-0.003955
0.000441
0.005077
0.009461
0.012830
0.014205
0.013608
0.012009
0.010368
0.009156
0.008213
0.007105
0.005640
0.003883
0.002246
0.001333
0.001165
0.001154
0.000415
-0.001759
-0.005496
-0.010035
-0.013822
-0.015912
-0.016646
-0.016738
-0.016626
-0.016428
-0.015941
-0.015156
-0.014533
-0.014067
-0.012929
-0.010260
-0.005991
-0.001109
0.003316
0.006900
0.009500
0.010974
0.011521
0.011606
0.011479
0.011262
0.010957
0.010655
0.010722
0.010934
0.010793
0.010188
0.009023
0.007389
0.005789
0.004361
0.002426
-0.000883
-0.005360
-0.009291
-0.011282
-0.011494
-0.010420
-0.008090
-0.004959
-0.001907
0.000858
0.003655
0.006639
0.009642
0.012210
0.013905
0.014608
0.014533
0.013827
0.012226
0.009439
0.005818
0.002563
0.000485
-0.001124
-0.003166
-0.005566
-0.007695
-0.008990
-0.009301
-0.008740
-0.007742
-0.006859
-0.006027
-0.004455
-0.001785
0.001352
0.004336
0.007234
0.010219
0.012659
0.013633
0.012690
0.009908
0.005927
0.001787
-0.001432
-0.003362
-0.004328
-0.005129
-0.006508
-0.008371
-0.010196
-0.011329
-0.011278
-0.010012
-0.008030
-0.006022
-0.004422
-0.003003
-0.000763
0.002821
0.007033
0.010653
0.012853
0.013717
0.014143
0.014977
0.016141
0.016860
0.016678
0.015761
0.014669
0.013984
0.014054
0.015008
0.016415
0.017425
0.017387
0.016366
0.015068
0.013736
0.011878
0.009095
0.005308
0.000820
-0.003484
-0.006706
-0.008451
-0.008496
-0.006794
-0.003662
0.000242
0.004073
0.007515
0.010737
0.013473
0.015212
0.015747
0.015063
0.013363
0.010940
0.008285
0.005780
0.003627
0.001980
0.000663
-0.000552
-0.002087
-0.004141
-0.006493
-0.009161
-0.012153
-0.014991
-0.017120
-0.018236
-0.017854
-0.015418
-0.011021
-0.005980
-0.002114
-0.000184
0.000374
0.000533
0.001116
0.002546
0.004921
0.007611
0.009160
0.008864
0.007330
0.005593
0.004369
0.003801
0.003629
0.003400
0.002643
0.001044
-0.001364
-0.003797
-0.005246
-0.005493
-0.004591
-0.002608
-0.000314
0.001368
0.002422
0.003427
0.004607
0.005599
0.005995
0.005903
0.005815
0.006012
0.006507
0.007331
0.008605
0.010058
0.011041
0.011181
0.010255
0.008202
0.005321
0.002297
-0.000552
-0.003595
-0.006946
-0.010220
-0.012929
-0.014705
-0.015193
-0.014225
-0.012250
-0.010373
-0.009636
-0.010151
-0.011083
-0.011342
-0.010556
-0.009015
-0.006966
-0.004661
-0.002705
-0.001814
-0.002130
-0.003009
-0.003653
-0.003796
-0.003293
-0.001858
0.000467
0.003082
0.005015
0.005706
0.005298
0.004228
0.002772
0.000780
-0.002065
-0.005871
-0.010181
-0.013737
-0.015400
-0.015625
-0.015313
-0.014073
-0.011553
-0.008540
-0.005960
-0.004043
-0.002350
-0.000359
0.002172
0.004848
0.006702
0.007304
0.007073
0.006640
0.006183
0.005526
0.004560
0.003216
0.001631
0.000188
-0.000707
-0.001003
-0.001022
-0.000942
-0.000291
0.001687
0.004948
0.008446
0.010951
0.012072
0.012189
0.011753
0.010816
0.009029
0.006083
0.002065
-0.002550
-0.007044
-0.010753
-0.013701
-0.016221
-0.018256
-0.019542
-0.020049
-0.020075
-0.019794
-0.019257
-0.018469
-0.017408
-0.016272
-0.015300
-0.014558
-0.014076
-0.013900
-0.014076
-0.014511
-0.014759
-0.014265
-0.012696
-0.010180
-0.007667
-0.006420
-0.006715
-0.007652
-0.008380
-0.008939
-0.009806
-0.011006
-0.011989
-0.012417
-0.012094
-0.010687
-0.008375
-0.005655
-0.002801
0.000107
0.002952
0.005552
0.007667
0.009040
0.009601
0.009440
0.008629
0.007115
0.004909
0.001780
-0.002453
-0.007168
-0.011340
-0.013921
-0.014363
-0.013230
-0.011535
-0.009685
-0.007913
-0.006519
-0.005065
-0.002746
0.000536
0.004035
0.006984
0.009182
0.010744
0.011536
0.011295
0.010415
0.009738
0.009677
0.010083
0.010603
0.011089
0.011740
0.012621
0.013421
0.013873
0.014108
0.014428
0.014897
0.015365
0.015475
0.014833
0.013343
0.011264
0.009065
0.007062
0.005238
0.003491
0.001668
-0.000472
-0.002788
-0.004922
-0.006817
-0.008389
-0.009442
-0.009898
-0.009735
-0.009091
-0.008198
-0.007283
-0.006546
-0.005946
-0.005456
-0.005267
-0.005334
-0.005586
-0.006177
-0.006948
-0.007560
-0.008074
-0.008591
-0.009042
-0.009505
-0.010014
-0.010253
-0.009492
-0.007252
-0.003897
-0.000326
0.002733
0.005191
0.007182
0.008614
0.009658
0.010880
0.012579
0.014417
0.015772
0.016252
0.015827
0.014658
0.012886
0.010705
0.008582
0.007144
0.006639
0.006573
0.006088
0.004925
0.003464
0.002014
0.000722
-0.000240
-0.000630
-0.000293
0.000507
0.001303
0.002121
0.003219
0.004522
0.005617
0.006155
0.006021
0.005212
0.004095
0.003263
0.003089
0.003659
0.005085
0.007048
0.008476
0.008761
0.008302
0.007916
0.007995
0.008350
0.008851
0.009618
0.010689
0.011600
0.011754
0.011081
0.009814
0.008218
0.006478
0.004701
0.003150
0.002047
0.001173
0.000067
-0.001446
-0.003180
-0.004834
-0.006134
-0.006492
-0.005203
-0.002776
-0.000938
-0.000812
-0.002024
-0.003636
-0.005031
-0.005778
-0.005745
-0.005278
-0.004687
-0.003999
-0.003169
-0.002417
-0.002090
-0.002161
-0.002299
-0.002240
-0.002028
-0.001618
-0.000727
0.000505
0.001493
0.001983
0.002006
0.001373
0.000126
-0.001109
-0.001800
-0.001876
-0.001614
-0.001522
-0.001942
-0.002714
-0.003388
-0.003762
-0.003683
-0.002979
-0.002061
-0.001377
-0.001035
-0.001042
-0.001360
-0.002001
-0.002864
-0.003750
-0.004521
-0.005225
-0.005839
-0.006251
-0.006475
-0.006273
-0.005568
-0.004897
-0.004467
-0.004110
-0.003872
-0.003929
-0.004362
-0.004831
-0.005071
-0.005266
-0.005708
-0.006501
-0.007207
-0.007542
-0.008056
-0.009065
-0.010095
-0.010785
-0.011291
-0.011827
-0.012249
-0.012282
-0.011955
-0.011562
-0.011108
-0.010236
-0.008929
-0.007747
-0.007286
-0.007582
-0.008391
-0.009458
-0.010431
-0.011041
-0.011103
-0.010404
-0.008932
-0.007215
-0.005879
-0.005208
-0.005207
-0.005528
-0.005769
-0.005861
-0.006036
-0.006432
-0.006860
-0.007116
-0.007273
-0.007621
-0.008281
-0.008915
-0.009273
-0.009505
-0.009947
-0.011043
-0.012904
-0.014984
-0.016424
-0.016894
-0.016720
-0.016176
-0.015435
-0.014751
-0.014102
-0.013111
-0.011441
-0.009178
-0.006752
-0.004463
-0.002269
-0.000030
0.002352
0.004969
0.008052
0.011837
0.015613
0.017963
0.018618
0.018549
0.018384
0.018016
0.017395
0.016693
0.015970
0.015121
0.014001
0.012799
0.011514
0.009901
0.008077
0.006143
0.004027
0.001701
-0.000539
-0.002412
-0.003787
-0.004500
-0.004661
-0.004372
-0.003630
-0.002438
-0.001071
0.000005
0.000602
0.000810
0.001095
0.001761
0.002517
0.003260
0.004275
0.005760
0.007861
0.010407
0.012970
0.015007
0.015777
0.015077
0.013492
0.011775
0.010283
0.008908
0.007371
0.005459
0.003125
0.000392
-0.002528
-0.005315
-0.007842
-0.010300
-0.012979
-0.015707
-0.018025
-0.019769
-0.021024
-0.021755
-0.021922
-0.021818
-0.021443
-0.020286
-0.018091
-0.015197
-0.012104
-0.009028
-0.006190
-0.003936
-0.002547
-0.001860
-0.001283
-0.000533
0.000235
0.000652
0.000534
-0.000022
-0.000938
-0.002258
-0.004007
-0.006005
-0.007993
-0.009762
-0.010991
-0.011392
-0.011220
-0.010654
-0.009265
-0.006995
-0.004542
-0.002433
-0.000417
0.002009
0.004585
0.006321
0.006881
0.006736
0.006359
0.006046
0.005894
0.006003
0.006608
0.007988
0.009893
0.011367
0.011921
0.011917
0.011684
0.011224
0.010314
0.008785
0.006877
0.004785
0.002466
0.000064
-0.002177
-0.004103
-0.005586
-0.006603
-0.007205
-0.007703
-0.008381
-0.009145
-0.009974
-0.010728
-0.011078
-0.010850
-0.009960
-0.008249
-0.005559
-0.002160
0.001234
0.004074
0.006134
0.007268
0.007755
0.008287
0.009394
0.011035
0.012808
0.014411
0.015834
0.017077
0.017875
0.017964
0.017202
0.015669
0.013628
0.011391
0.009168
0.006962
0.004657
0.001893
-0.001334
-0.004298
-0.006632
-0.008478
-0.009808
-0.010641
-0.011187
-0.011585
-0.011708
-0.011498
-0.011187
-0.010775
-0.009850
-0.008280
-0.006807
-0.006002
-0.005381
-0.004523
-0.003416
-0.001739
0.000712
0.003485
0.006081
0.008350
0.010127
0.011175
0.011740
0.012478
0.013458
0.014305
0.015107
0.015976
0.016678
0.017059
0.017046
0.016608
0.015918
0.015150
0.014373
0.013678
0.013125
0.012583
0.011793
0.010782
0.009635
0.008343
0.007093
0.006062
0.005212
0.004547
0.004148
0.003848
0.003596
0.003589
0.003782
0.003939
0.004106
0.004246
0.004241
0.004357
0.004745
0.005337
0.005977
0.006461
0.006894
0.007484
0.008149
0.008635
0.008894
0.009057
0.009072
0.008842
0.008302
0.007240
0.005856
0.004653
0.003695
0.002885
0.002422
0.002641
0.003408
0.004177
0.004761
0.005336
0.005870
0.005787
0.004531
0.002511
0.000776
-0.000086
-0.000156
0.000197
0.000616
0.001038
0.001513
0.002052
0.002514
0.002718
0.002706
0.002497
0.002173
0.001700
0.001000
0.000327
-0.000106
-0.000493
-0.000924
-0.001360
-0.001953
-0.002655
-0.003405
-0.004299
-0.005535
-0.007124
-0.008923
-0.010569
-0.011559
-0.011879
-0.011678
-0.010786
-0.009001
-0.006855
-0.005086
-0.003563
-0.002014
-0.000626
0.000511
0.001538
0.002570
0.003615
0.004654
0.005641
0.006455
0.006714
0.005967
0.004536
0.003163
0.002010
0.000869
-0.000155
-0.000769
-0.000974
-0.000980
-0.001111
-0.001551
-0.002187
-0.002991
-0.003990
-0.005055
-0.005915
-0.006447
-0.006770
-0.006758
-0.006038
-0.004402
-0.002500
-0.001615
-0.002170
-0.003592
-0.005381
-0.007318
-0.008913
-0.009784
-0.009883
-0.009403
-0.008792
-0.007916
-0.006314
-0.004291
-0.002784
-0.002192
-0.002044
-0.001821
-0.001498
-0.001167
-0.000422
0.000898
0.002144
0.002882
0.003343
0.003874
0.004521
0.005117
0.005409
0.005154
0.004640
0.004313
0.004079
0.003936
0.004155
0.004738
0.005380
0.005578
0.005207
0.004576
0.003863
0.003084
0.002163
0.001096
-0.000033
-0.001342
-0.002762
-0.004081
-0.005268
-0.006113
-0.006504
-0.006385
-0.005668
-0.004474
-0.003312
-0.002924
-0.003391
-0.004061
-0.004557
-0.004606
-0.003671
-0.001715
0.000631
0.002386
0.003204
0.003552
0.003758
0.003889
0.003844
0.003798
0.004184
0.004989
0.005948
0.006893
0.007531
0.007633
0.007194
0.006397
0.005657
0.005113
0.004470
0.003505
0.002395
0.001398
0.000727
0.000428
0.000172
-0.000280
-0.000756
-0.000980
-0.001116
-0.001438
-0.001895
-0.002394
-0.002804
-0.003001
-0.003090
-0.003075
-0.002924
-0.002764
-0.002385
-0.001688
-0.000996
-0.000395
0.000132
0.000646
0.001235
0.001705
0.001570
0.000479
-0.001096
-0.002244
-0.002661
-0.002662
-0.002623
-0.002771
-0.003082
-0.003549
-0.004218
-0.004965
-0.005517
-0.005618
-0.005215
-0.004465
-0.003507
-0.002275
-0.000823
0.000443
0.001168
0.001378
0.001503
0.001819
0.002145
0.002416
0.003027
0.004392
0.006492
0.008857
0.010867
0.012324
0.013371
0.014158
0.014668
0.014612
0.013852
0.012682
0.011335
0.009721
0.007750
0.005585
0.003486
0.001699
0.000319
-0.000745
-0.001459
-0.001898
-0.002169
-0.002360
-0.002620
-0.002845
-0.002898
-0.002540
-0.001684
-0.000785
-0.000222
0.000129
0.000874
0.002261
0.003878
0.005226
0.005801
0.005583
0.005109
0.004847
0.004801
0.004569
0.004137
0.003932
0.003988
0.004045
0.004069
0.003997
0.003694
0.003202
0.002566
0.001831
0.001144
0.000727
0.000684
0.000863
0.001078
0.001358
0.001759
0.002282
0.003068
0.004323
0.005960
0.007450
0.008287
0.008483
0.008531
0.008717
0.008688
0.008031
0.006778
0.005388
0.004361
0.003765
0.003322
0.002933
0.002758
0.002765
0.002903
0.003227
0.003632
0.003799
0.003274
0.001979
0.000196
-0.001731
-0.003550
-0.005224
-0.006894
-0.008543
-0.009772
-0.010427
-0.010903
-0.011442
-0.011882
-0.012041
-0.011950
-0.011823
-0.011815
-0.011954
-0.011989
-0.011692
-0.011130
-0.010326
-0.009355
-0.008297
-0.007253
-0.006267
-0.005182
-0.003929
-0.002809
-0.002131
-0.001619
-0.000943
-0.000140
0.000793
0.001929
0.003162
0.004256
0.005065
0.005623
0.006147
0.006776
0.007274
0.007466
0.007471
0.007454
0.007635
0.008047
0.008506
0.008806
0.008802
0.008516
0.008212
0.008077
0.007809
0.007246
0.006640
0.006190
0.005895
0.005698
0.005583
0.005464
0.005197
0.004530
0.003518
0.002404
0.001136
-0.000357
-0.001940
-0.003374
-0.004382
-0.004798
-0.004796
-0.004519
-0.004014
-0.003362
-0.002642
-0.001990
-0.001521
-0.001261
-0.001129
-0.001103
-0.001329
-0.001815
-0.002354
-0.002547
-0.002189
-0.001633
-0.001325
-0.001588
-0.002102
-0.002156
-0.001703
-0.001115
-0.000523
-0.000024
0.000248
0.000246
0.000026
-0.000283
-0.000671
-0.001156
-0.001661
-0.002105
-0.002451
-0.002574
-0.002299
-0.001675
-0.000898
-0.000151
0.000400
0.000748
0.000956
0.000996
0.000952
0.000878
0.000723
0.000493
0.000120
-0.000437
-0.001112
-0.001857
-0.002713
-0.003603
-0.004447
-0.005242
-0.005941
-0.006579
-0.007157
-0.007735
-0.008404
-0.009062
-0.009525
-0.009819
-0.010043
-0.010063
-0.009875
-0.009621
-0.009253
-0.008931
-0.008818
-0.008878
-0.009137
-0.009500
-0.009894
-0.010348
-0.010785
-0.011057
-0.011156
-0.011034
-0.010542
-0.009853
-0.009310
-0.008886
-0.008359
-0.007830
-0.007438
-0.007035
-0.006559
-0.006237
-0.006168
-0.006154
-0.006074
-0.005958
-0.005857
-0.005761
-0.005697
-0.005653
-0.005554
-0.005533
-0.005640
-0.005751
-0.005674
-0.005293
-0.004861
-0.004654
-0.004786
-0.005208
-0.005575
-0.005583
-0.005370
-0.005260
-0.005281
-0.005134
-0.004688
-0.004228
-0.003977
-0.003773
-0.003324
-0.002589
-0.001707
-0.000905
-0.000469
-0.000408
-0.000533
-0.000732
-0.000983
-0.001237
-0.001358
-0.001422
-0.001559
-0.001739
-0.002031
-0.002426
-0.002909
-0.003455
-0.003745
-0.003549
-0.003009
-0.002332
-0.001623
-0.000882
-0.000192
0.000138
0.000175
0.000208
0.000448
0.000934
0.001343
0.001617
0.001856
0.002038
0.002029
0.001695
0.001127
0.000567
0.000245
0.000209
0.000340
0.000560
0.000896
0.001349
0.001772
0.001928
0.001795
0.001569
0.001352
0.001221
0.001255
0.001215
0.000886
0.000499
0.000371
0.000411
0.000369
0.000138
-0.000181
-0.000282
-0.000096
0.000192
0.000309
0.000121
-0.000130
-0.000155
-0.000003
0.000044
-0.000060
-0.000279
-0.000491
-0.000523
-0.000447
-0.000463
-0.000684
-0.001002
-0.001287
-0.001482
-0.001643
-0.001904
-0.002285
-0.002574
-0.002645
-0.002681
-0.002586
-0.002363
-0.002329
-0.002451
-0.002629
-0.002856
-0.003281
-0.004096
-0.005277
-0.006562
-0.007552
-0.008121
-0.008331
-0.008136
-0.007580
-0.006763
-0.005853
-0.005224
-0.005014
-0.005027
-0.004905
-0.004454
-0.003733
-0.002863
-0.002037
-0.001237
-0.000220
0.000891
0.001525
0.001540
0.001378
0.001209
0.000851
0.000286
-0.000362
-0.000913
-0.001297
-0.001718
-0.002394
-0.002996
-0.003066
-0.002576
-0.001671
-0.000663
0.000116
0.000632
0.001155
0.001884
0.002802
0.003914
0.005059
0.005967
0.006635
0.007256
0.007816
0.008082
0.008146
0.008219
0.008322
0.008458
0.008501
0.008318
0.008067
0.007924
0.007860
0.007851
0.007872
0.008012
0.008249
0.008355
0.008307
0.008174
0.008117
0.008269
0.008572
0.008858
0.009091
0.009375
0.009614
0.009776
0.009785
0.009553
0.009069
0.008304
0.007381
0.006323
0.005182
0.004162
0.003384
0.002829
0.002391
0.002045
0.001914
0.002001
0.002202
0.002407
0.002543
0.002725
0.003066
0.003503
0.003782
0.003733
0.003562
0.003602
0.003794
0.003871
0.003775
0.003573
0.003269
0.002930
0.002715
0.002634
0.002527
0.002261
0.001927
0.001666
0.001527
0.001362
0.000895
0.000355
0.000183
0.000332
0.000432
0.000298
0.000118
0.000145
0.000469
0.000994
0.001559
0.002063
0.002463
0.002727
0.002885
0.002983
0.002994
0.002921
0.002677
0.002226
0.001836
0.001724
0.001900
0.002263
0.002697
0.003053
0.003098
0.002672
0.001797
0.000815
0.000063
-0.000559
-0.001205
-0.001715
-0.001878
-0.001706
-0.001453
-0.001349
-0.001305
-0.001257
-0.001254
-0.001096
-0.000663
-0.000151
0.000259
0.000455
0.000487
0.000541
0.000678
0.000930
0.001187
0.001197
0.000845
0.000123
-0.000842
-0.001904
-0.003031
-0.004087
-0.004518
-0.004843
-0.004936
-0.005144
-0.005419
-0.005466
-0.005236
-0.004832
-0.004134
-0.003198
-0.002256
-0.001274
-0.000304
0.000394
0.000846
0.001220
0.001338
0.001048
0.000472
-0.000085
-0.000346
-0.000382
-0.000266
0.000068
0.000554
0.001039
0.001381
0.001577
0.001731
0.001958
0.002287
0.002675
0.003036
0.003288
0.003382
0.003318
0.003209
0.003107
0.002928
0.002594
0.002178
0.001823
0.001637
0.001626
0.001705
0.001893
0.002288
0.002759
0.003022
0.003003
0.002802
0.002502
0.002189
0.001924
0.001660
0.001383
0.001161
0.000975
0.000814
0.000725
0.000672
0.000518
0.000265
0.000180
0.000202
-0.000073
-0.000572
-0.000897
-0.000915
-0.000965
-0.001359
-0.001884
-0.002225
-0.002382
-0.002488
-0.002570
-0.002550
-0.002413
-0.002291
-0.002185
-0.002024
-0.001788
-0.001411
-0.000876
-0.000250
0.000254
0.000580
0.000810
0.000948
0.000935
0.000565
-0.000129
-0.000796
-0.001228
-0.001423
-0.001349
-0.000952
-0.000215
0.000636
0.001321
0.001842
0.002253
0.002521
0.002559
0.002302
0.001803
0.001188
0.000579
0.000063
-0.000357
-0.000678
-0.000878
-0.001020
-0.001208
-0.001472
-0.001698
-0.001757
-0.001725
-0.001709
-0.001688
-0.001659
-0.001599
-0.001516
-0.001514
-0.001571
-0.001532
-0.001327
-0.000954
-0.000499
-0.000171
-0.000021
0.000078
0.000161
0.000174
0.000089
0.000002
0.000080
0.000266
0.000323
0.000204
0.000027
-0.000131
-0.000255
-0.000388
-0.000474
-0.000423
-0.000365
-0.000326
-0.000181
-0.000005
0.000073
0.000102
0.000158
0.000218
0.000343
0.000616
0.000910
0.001041
0.001012
0.000921
0.000807
0.000636
0.000378
0.000005
-0.000460
-0.000859
-0.001122
-0.001311
-0.001427
-0.001430
-0.001409
-0.001435
-0.001389
-0.001280
-0.001302
-0.001499
-0.001723
-0.001884
-0.002021
-0.002130
-0.002088
-0.001851
-0.001576
-0.001424
-0.001371
-0.001347
-0.001394
-0.001496
-0.001565
-0.001596
-0.001594
-0.001532
-0.001396
-0.001176
-0.000884
-0.000562
-0.000290
-0.000082
0.000123
0.000309
0.000403
0.000365
0.000190
-0.000056
-0.000270
-0.000397
-0.000454
-0.000601
-0.001000
-0.001580
-0.002104
-0.002397
-0.002438
-0.002309
-0.002117
-0.001906
-0.001663
-0.001403
-0.001154
-0.000930
-0.000724
-0.000513
-0.000262
0.000022
0.000310
0.000617
0.000937
0.001223
0.001402
0.001427
0.001328
0.001214
0.001169
0.001141
0.001074
0.000946
0.000791
0.000683
0.000625
0.000590
0.000551
0.000517
0.000514
0.000508
0.000461
0.000372
0.000277
0.000175
0.000042
-0.000092
-0.000183
-0.000235
-0.000269
-0.000289
-0.000280
-0.000235
-0.000171
-0.000136
-0.000151
-0.000167
-0.000156
-0.000137
-0.000124
-0.000124
-0.000136
-0.000153
-0.000148
-0.000123
-0.000106
-0.000101
-0.000100
-0.000093
-0.000086
-0.000094
-0.000106
-0.000119
-0.000141
-0.000177
-0.000213
-0.000240
-0.000256
-0.000251
-0.000223
-0.000181
-0.000137
-0.000115
-0.000120
-0.000130
-0.000134
-0.000137
-0.000140
-0.000140
-0.000126
-0.000099
-0.000062
-0.000035
-0.000026
-0.000028
-0.000032
-0.000036
-0.000042
-0.000050
-0.000055
-0.000056
-0.000055
-0.000056
-0.000060
-0.000066
-0.000066
-0.000061
-0.000058
-0.000054
-0.000046
-0.000029
-0.000006
0.000013
0.000025
0.000037
0.000050
0.000063
0.000072
0.000079
0.000086
0.000095
0.000104
0.000112
0.000119
0.000124
0.000130
0.000134
0.000137
0.000139
0.000139
0.000139
0.000140
0.000140
0.000139
0.000139
0.000138
0.000138
0.000137
0.000134
0.000130
0.000125
0.000120
0.000115
0.000110
0.000104
0.000099
0.000093
0.000088
0.000083
0.000078
0.000073
0.000069
0.000064
0.000059
0.000055
0.000050
0.000046
0.000042
0.000038
0.000034
0.000031
0.000027
0.000024
0.000022
0.000019
0.000017
0.000015
0.000013
0.000012
0.000010
0.000009
