0.000002
0.000002
0.000001
0.000000
-0.000002
-0.000003
-0.000002
0.000001
0.000008
0.000018
0.000034
0.000057
0.000086
0.000122
0.000163
0.000210
0.000265
0.000330
0.000405
0.000487
0.000569
0.000649
0.000722
0.000792
0.000851
0.000887
0.000890
0.000874
0.000847
0.000808
0.000756
0.000694
0.000612
0.000512
0.000403
0.000292
0.000171
0.000028
-0.000126
-0.000266
-0.000374
-0.000441
-0.000459
-0.000437
-0.000408
-0.000379
-0.000338
-0.000267
-0.000158
-0.000000
0.000195
0.000395
0.000561
0.000672
0.000724
0.000731
0.000713
0.000688
0.000701
0.000816
0.001039
0.001316
0.001577
0.001768
0.001870
0.001896
0.001871
0.001824
0.001779
0.001746
0.001728
0.001727
0.001733
0.001740
0.001738
0.001729
0.001709
0.001656
0.001464
0.001099
0.000651
0.000227
-0.000096
-0.000299
-0.000468
-0.000730
-0.001100
-0.001506
-0.001871
-0.002137
-0.002283
-0.002322
-0.002286
-0.002216
-0.002118
-0.001950
-0.001742
-0.001615
-0.001622
-0.001737
-0.001905
-0.002068
-0.002235
-0.002452
-0.002707
-0.003002
-0.003358
-0.003791
-0.004297
-0.004870
-0.005484
-0.006114
-0.006735
-0.007254
-0.007609
-0.007770
-0.007765
-0.007546
-0.007124
-0.006519
-0.005794
-0.005003
-0.004198
-0.003504
-0.002894
-0.002338
-0.001869
-0.001522
-0.001296
-0.001147
-0.000957
-0.000668
-0.000310
0.000141
0.000672
0.001274
0.001896
0.002425
0.002797
0.003075
0.003441
0.003949
0.004538
0.005251
0.006162
0.007173
0.008073
0.008704
0.008943
0.008757
0.008196
0.007327
0.006267
0.005223
0.004301
0.003533
0.002947
0.002557
0.002337
0.002394
0.002715
0.003100
0.003397
0.003379
0.002922
0.002166
0.001144
-0.000045
-0.001244
-0.002321
-0.003219
-0.004038
-0.004875
-0.005722
-0.006469
-0.007113
-0.007636
-0.007995
-0.008163
-0.008141
-0.007861
-0.007269
-0.006455
-0.005536
-0.004509
-0.003421
-0.002348
-0.001397
-0.000673
-0.000215
0.000084
0.000449
0.000968
0.001556
0.002156
0.002742
0.003259
0.003635
0.003845
0.003840
0.003599
0.003191
0.002748
0.002296
0.001906
0.001536
0.001069
0.000543
0.000044
-0.000343
-0.000573
-0.000554
-0.000185
0.000473
0.001218
0.001863
0.002289
0.002473
0.002451
0.002304
0.002117
0.001969
0.001912
0.002033
0.002352
0.002850
0.003445
0.003990
0.004459
0.004963
0.005529
0.006059
0.006504
0.006885
0.007213
0.007443
0.007617
0.007741
0.007806
0.007739
0.007417
0.006862
0.006207
0.005477
0.004625
0.003727
0.002844
0.002014
0.001242
0.000439
-0.000473
-0.001546
-0.002760
-0.004004
-0.005074
-0.006025
-0.006911
-0.007736
-0.008485
-0.009156
-0.009752
-0.010185
-0.010419
-0.010412
-0.010038
-0.009288
-0.008331
-0.007199
-0.005978
-0.004777
-0.003686
-0.002712
-0.001783
-0.000885
-0.000018
0.000806
0.001619
0.002461
0.003259
0.003903
0.004321
0.004508
0.004505
0.004385
0.004219
0.004061
0.003940
0.003859
0.003808
0.003770
0.003807
0.003970
0.004206
0.004362
0.004302
0.003973
0.003390
0.002636
0.001800
0.001050
0.000298
-0.000420
-0.001037
-0.001569
-0.001873
-0.001885
-0.001682
-0.001377
-0.001083
-0.000870
-0.000757
-0.000710
-0.000611
-0.000394
-0.000107
0.000182
0.000410
0.000550
0.000638
0.000778
0.001001
0.001302
0.001697
0.002144
0.002545
0.002833
0.003025
0.003269
0.003609
0.003984
0.004362
0.004703
0.004948
0.005070
0.005068
0.004974
0.004819
0.004642
0.004464
0.004307
0.004015
0.003464
0.002661
0.001700
0.000613
-0.000661
-0.002001
-0.003271
-0.004458
-0.005587
-0.006694
-0.007719
-0.008637
-0.009612
-0.010758
-0.012070
-0.013485
-0.014874
-0.016026
-0.016669
-0.016704
-0.016172
-0.015215
-0.013930
-0.012487
-0.011083
-0.009740
-0.008517
-0.007473
-0.006578
-0.005746
-0.004841
-0.003816
-0.002672
-0.001454
-0.000257
0.000839
0.001783
0.002572
0.003184
0.003596
0.003761
0.003655
0.003349
0.002973
0.002638
0.002493
0.002618
0.003017
0.003697
0.004547
0.005376
0.006013
0.006376
0.006468
0.006361
0.006148
0.005917
0.005721
0.005584
0.005405
0.005119
0.004763
0.004382
0.003967
0.003613
0.003422
0.003383
0.003486
0.003658
0.003693
0.003482
0.003098
0.002653
0.002259
0.001927
0.001543
0.001020
0.000418
-0.000212
-0.000901
-0.001658
-0.002382
-0.002961
-0.003254
-0.003199
-0.002883
-0.002465
-0.002076
-0.001804
-0.001571
-0.001399
-0.001370
-0.001451
-0.001588
-0.001812
-0.002148
-0.002509
-0.002819
-0.003022
-0.003115
-0.003108
-0.003044
-0.002960
-0.002903
-0.002968
-0.003153
-0.003293
-0.003295
-0.003120
-0.002753
-0.002218
-0.001566
-0.000886
-0.000314
0.000076
0.000263
0.000292
0.000217
0.000113
0.000024
-0.000020
-0.000032
-0.000010
0.000021
0.000210
0.000576
0.001052
0.001484
0.001822
0.002107
0.002316
0.002350
0.002156
0.001733
0.001131
0.000517
0.000010
-0.000314
-0.000432
-0.000267
0.000224
0.000928
0.001641
0.002211
0.002557
0.002679
0.002635
0.002500
0.002311
0.002034
0.001688
0.001283
0.000815
0.000284
-0.000302
-0.000929
-0.001582
-0.002301
-0.003139
-0.004002
-0.004732
-0.005281
-0.005748
-0.006283
-0.006930
-0.007597
-0.008147
-0.008480
-0.008487
-0.008143
-0.007493
-0.006565
-0.005476
-0.004434
-0.003610
-0.003069
-0.002634
-0.002105
-0.001481
-0.000772
-0.000013
0.000790
0.001785
0.003060
0.004451
0.005688
0.006574
0.007039
0.007134
0.006974
0.006699
0.006325
0.005868
0.005412
0.004913
0.004265
0.003514
0.002811
0.002362
0.002264
0.002526
0.003068
0.003801
0.004693
0.005694
0.006742
0.008029
0.009663
0.011389
0.012956
0.014154
0.014932
0.015486
0.016016
0.016609
0.017377
0.018316
0.019319
0.020286
0.021010
0.021268
0.020939
0.019999
0.018544
0.016730
0.014749
0.012765
0.010885
0.009205
0.007719
0.006288
0.004755
0.003016
0.001111
-0.000838
-0.002705
-0.004471
-0.006177
-0.007772
-0.009100
-0.010029
-0.010600
-0.010938
-0.011109
-0.011241
-0.011431
-0.011732
-0.012135
-0.012458
-0.012533
-0.012341
-0.011883
-0.011207
-0.010382
-0.009409
-0.008361
-0.007227
-0.006014
-0.004793
-0.003574
-0.002346
-0.001168
-0.000023
0.001120
0.002142
0.002927
0.003407
0.003749
0.004062
0.004218
0.004130
0.003841
0.003454
0.003149
0.002984
0.002723
0.002252
0.001647
0.000969
0.000321
-0.000260
-0.000729
-0.000943
-0.000816
-0.000436
0.000031
0.000368
0.000421
0.000249
-0.000023
-0.000410
-0.000876
-0.001332
-0.001871
-0.002557
-0.003298
-0.003955
-0.004368
-0.004499
-0.004468
-0.004510
-0.004650
-0.004772
-0.004800
-0.004680
-0.004430
-0.004129
-0.003905
-0.003781
-0.003639
-0.003493
-0.003433
-0.003504
-0.003616
-0.003712
-0.003853
-0.004057
-0.004352
-0.004884
-0.005664
-0.006500
-0.007286
-0.008013
-0.008696
-0.009423
-0.010219
-0.011068
-0.011943
-0.012726
-0.013243
-0.013310
-0.012856
-0.011988
-0.010872
-0.009640
-0.008302
-0.006888
-0.005559
-0.004442
-0.003479
-0.002472
-0.001313
-0.000078
0.001147
0.002334
0.003401
0.004316
0.005080
0.005745
0.006439
0.007212
0.007909
0.008354
0.008531
0.008556
0.008551
0.008514
0.008347
0.007908
0.007200
0.006193
0.004968
0.003655
0.002316
0.001000
-0.000238
-0.001511
-0.002782
-0.003921
-0.004934
-0.005710
-0.006315
-0.006798
-0.007271
-0.007819
-0.008346
-0.008769
-0.009012
-0.009051
-0.008816
-0.008327
-0.007648
-0.006962
-0.006386
-0.005992
-0.005726
-0.005397
-0.004943
-0.004379
-0.003629
-0.002705
-0.001770
-0.000887
-0.000103
0.000573
0.001028
0.001136
0.001096
0.001130
0.001315
0.001699
0.002212
0.002724
0.003117
0.003292
0.003134
0.002611
0.001821
0.000864
-0.000133
-0.000978
-0.001681
-0.002412
-0.003230
-0.004145
-0.005176
-0.006317
-0.007577
-0.008945
-0.010304
-0.011501
-0.012406
-0.012921
-0.013015
-0.012649
-0.011863
-0.010842
-0.009753
-0.008609
-0.007409
-0.006124
-0.004829
-0.003654
-0.002641
-0.001860
-0.001424
-0.001287
-0.001250
-0.001167
-0.001004
-0.000816
-0.000687
-0.000584
-0.000457
-0.000347
-0.000311
-0.000289
-0.000213
-0.000082
0.000081
0.000217
0.000259
0.000229
0.000122
-0.000056
-0.000243
-0.000385
-0.000450
-0.000434
-0.000296
0.000007
0.000424
0.000914
0.001403
0.001754
0.001909
0.001961
0.002109
0.002476
0.003014
0.003651
0.004385
0.005194
0.005957
0.006630
0.007273
0.007983
0.008676
0.009252
0.009701
0.010142
0.010622
0.011002
0.011216
0.011236
0.011105
0.010873
0.010804
0.011043
0.011481
0.012134
0.013154
0.014325
0.015368
0.016154
0.016574
0.016735
0.016655
0.016237
0.015523
0.014672
0.013780
0.012998
0.012368
0.011844
0.011397
0.010920
0.010387
0.009916
0.009514
0.009129
0.008766
0.008438
0.008162
0.007934
0.007743
0.007493
0.007014
0.006291
0.005475
0.004644
0.003757
0.002844
0.002083
0.001601
0.001407
0.001400
0.001550
0.001781
0.002069
0.002521
0.003119
0.003780
0.004443
0.005071
0.005650
0.006124
0.006493
0.006747
0.006822
0.006706
0.006451
0.006132
0.005816
0.005542
0.005175
0.004583
0.003835
0.003071
0.002425
0.001884
0.001309
0.000651
-0.000001
-0.000474
-0.000643
-0.000670
-0.000614
-0.000580
-0.000677
-0.000889
-0.001162
-0.001428
-0.001678
-0.002069
-0.002677
-0.003468
-0.004354
-0.005243
-0.006086
-0.006851
-0.007576
-0.008343
-0.009181
-0.010114
-0.011208
-0.012436
-0.013741
-0.014942
-0.015839
-0.016265
-0.016159
-0.015579
-0.014613
-0.013405
-0.012124
-0.010906
-0.009891
-0.008999
-0.008111
-0.007251
-0.006421
-0.005536
-0.004607
-0.003744
-0.003051
-0.002484
-0.002082
-0.001921
-0.001935
-0.002043
-0.002159
-0.002312
-0.002444
-0.002487
-0.002515
-0.002504
-0.002398
-0.002224
-0.002026
-0.001824
-0.001591
-0.001389
-0.001289
-0.001276
-0.001318
-0.001373
-0.001415
-0.001428
-0.001412
-0.001375
-0.001325
-0.001268
-0.001211
-0.001163
-0.001127
-0.001101
-0.001083
-0.001063
-0.001030
-0.000908
-0.000566
-0.000072
0.000454
0.000964
0.001380
0.001660
0.001789
0.001803
0.001745
0.001673
0.001513
0.001326
0.001130
0.000861
0.000495
0.000109
-0.000246
-0.000586
-0.000832
-0.000865
-0.000564
0.000000
0.000690
0.001408
0.002098
0.002733
0.003279
0.003674
0.003896
0.003897
0.003599
0.003058
0.002439
0.001829
0.001254
0.000694
0.000120
-0.000496
-0.001073
-0.001612
-0.002046
-0.002349
-0.002500
-0.002379
-0.001972
-0.001402
-0.000735
0.000039
0.000852
0.001660
0.002422
0.003112
0.003739
0.004235
0.004598
0.004600
0.004205
0.003558
0.002854
0.002136
0.001399
0.000793
0.000462
0.000403
0.000431
0.000417
0.000374
0.000453
0.000753
0.001152
0.001449
0.001550
0.001525
0.001457
0.001407
0.001439
0.001400
0.001114
0.000627
-0.000016
-0.000735
-0.001485
-0.002211
-0.002920
-0.003493
-0.003791
-0.003736
-0.003444
-0.003047
-0.002490
-0.001736
-0.000817
0.000250
0.001396
0.002421
0.003280
0.003937
0.004341
0.004359
0.003941
0.003187
0.002252
0.001237
0.000167
-0.000925
-0.001956
-0.002901
-0.003786
-0.004706
-0.005654
-0.006646
-0.007682
-0.008807
-0.009988
-0.011140
-0.012149
-0.012963
-0.013497
-0.013738
-0.013786
-0.013636
-0.013370
-0.013122
-0.012919
-0.012860
-0.012959
-0.013122
-0.013144
-0.013003
-0.012884
-0.012870
-0.012828
-0.012727
-0.012611
-0.012394
-0.012100
-0.011703
-0.011094
-0.010311
-0.009480
-0.008617
-0.007680
-0.006730
-0.005877
-0.005173
-0.004606
-0.004222
-0.004032
-0.003972
-0.004007
-0.004115
-0.004180
-0.004147
-0.004108
-0.004059
-0.003855
-0.003409
-0.002669
-0.001579
-0.000234
0.001170
0.002522
0.003738
0.004857
0.006013
0.007263
0.008599
0.010052
0.011563
0.012983
0.014333
0.015600
0.016721
0.017634
0.018254
0.018638
0.018775
0.018608
0.018221
0.017616
0.016849
0.015857
0.014559
0.013107
0.011746
0.010476
0.009266
0.008235
0.007447
0.006904
0.006495
0.006213
0.006075
0.006034
0.006031
0.006020
0.005975
0.005934
0.006020
0.006331
0.006804
0.007292
0.007662
0.007846
0.007836
0.007715
0.007634
0.007722
0.008015
0.008425
0.008812
0.009066
0.009135
0.009029
0.008737
0.008197
0.007359
0.006291
0.005107
0.003865
0.002670
0.001599
0.000679
-0.000108
-0.000886
-0.001685
-0.002505
-0.003386
-0.004295
-0.005096
-0.005679
-0.005983
-0.006050
-0.005854
-0.005426
-0.004806
-0.004081
-0.003212
-0.002203
-0.001220
-0.000303
0.000598
0.001531
0.002409
0.003021
0.003256
0.003153
0.002746
0.002144
0.001491
0.000763
-0.000188
-0.001371
-0.002642
-0.003889
-0.005052
-0.006066
-0.006913
-0.007605
-0.008181
-0.008594
-0.008793
-0.008855
-0.008788
-0.008508
-0.008084
-0.007761
-0.007641
-0.007699
-0.007833
-0.007954
-0.007843
-0.007440
-0.006829
-0.006099
-0.005392
-0.004818
-0.004273
-0.003555
-0.002572
-0.001409
-0.000282
0.000617
0.001192
0.001543
0.001898
0.002344
0.002829
0.003263
0.003672
0.003983
0.004086
0.004100
0.004143
0.004219
0.004313
0.004413
0.004565
0.004712
0.004819
0.004853
0.004845
0.004896
0.005068
0.005366
0.005727
0.006142
0.006514
0.006714
0.006687
0.006350
0.005691
0.004765
0.003654
0.002428
0.001078
-0.000317
-0.001631
-0.002883
-0.004070
-0.005091
-0.005898
-0.006529
-0.007120
-0.007728
-0.008288
-0.008718
-0.008957
-0.009006
-0.008824
-0.008598
-0.008346
-0.007941
-0.007367
-0.006633
-0.005902
-0.005274
-0.004909
-0.004778
-0.004832
-0.004945
-0.005041
-0.005030
-0.004847
-0.004508
-0.004011
-0.003383
-0.002657
-0.001840
-0.000935
-0.000007
0.000926
0.001827
0.002573
0.003210
0.003857
0.004576
0.005343
0.006134
0.006896
0.007604
0.008237
0.008726
0.009097
0.009326
0.009341
0.009171
0.008979
0.008990
0.009144
0.009172
0.008840
0.008151
0.007403
0.006943
0.006871
0.007104
0.007548
0.008056
0.008362
0.008357
0.008170
0.007912
0.007521
0.006894
0.006013
0.005016
0.004041
0.003150
0.002337
0.001583
0.000803
-0.000099
-0.001122
-0.002240
-0.003310
-0.004195
-0.004943
-0.005438
-0.005604
-0.005566
-0.005366
-0.005034
-0.004652
-0.004304
-0.003949
-0.003548
-0.003157
-0.002737
-0.002168
-0.001471
-0.000780
-0.000189
0.000362
0.000737
0.000692
0.000262
-0.000414
-0.001200
-0.001998
-0.002782
-0.003578
-0.004369
-0.005143
-0.005875
-0.006496
-0.006934
-0.007349
-0.008060
-0.009168
-0.010350
-0.011169
-0.011381
-0.010962
-0.010061
-0.009011
-0.007873
-0.006813
-0.005949
-0.005233
-0.004482
-0.003509
-0.002309
-0.001076
-0.000135
0.000461
0.000813
0.001017
0.001185
0.001246
0.001154
0.000942
0.000578
0.000036
-0.000650
-0.001415
-0.002112
-0.002724
-0.003397
-0.004246
-0.005038
-0.005766
-0.006467
-0.007246
-0.007941
-0.008370
-0.008489
-0.008257
-0.007817
-0.007301
-0.006844
-0.006499
-0.006287
-0.006169
-0.006111
-0.006020
-0.005790
-0.005397
-0.004925
-0.004405
-0.003845
-0.003361
-0.003019
-0.002752
-0.002532
-0.002256
-0.001867
-0.001298
-0.000490
0.000566
0.001717
0.002739
0.003394
0.003668
0.003703
0.003589
0.003344
0.002998
0.002619
0.002234
0.001993
0.002005
0.002173
0.002356
0.002544
0.002779
0.003170
0.003811
0.004688
0.005753
0.006870
0.007838
0.008586
0.009141
0.009586
0.010087
0.010461
0.010600
0.010503
0.010170
0.009793
0.009400
0.008910
0.008319
0.007684
0.007004
0.006290
0.005512
0.004685
0.003916
0.003205
0.002502
0.001854
0.001266
0.000568
-0.000278
-0.001148
-0.001968
-0.002534
-0.002740
-0.002610
-0.002295
-0.001831
-0.001479
-0.001268
-0.001062
-0.000954
-0.000986
-0.001137
-0.001426
-0.001830
-0.002324
-0.002977
-0.003697
-0.004199
-0.004332
-0.004139
-0.003703
-0.003160
-0.002538
-0.001861
-0.001197
-0.000653
-0.000439
-0.000459
-0.000469
-0.000362
-0.000152
0.000105
0.000350
0.000537
0.000656
0.000801
0.001022
0.001283
0.001527
0.001751
0.001969
0.002118
0.002173
0.002292
0.002538
0.002927
0.003369
0.003654
0.003730
0.003789
0.003882
0.003953
0.003968
0.004009
0.004050
0.004113
0.004243
0.004398
0.004439
0.004329
0.004002
0.003401
0.002620
0.001859
0.001315
0.000894
0.000462
-0.000019
-0.000485
-0.000932
-0.001387
-0.001834
-0.002206
-0.002463
-0.002587
-0.002604
-0.002546
-0.002456
-0.002360
-0.002126
-0.001632
-0.000983
-0.000325
0.000198
0.000620
0.000991
0.001390
0.001854
0.002304
0.002663
0.002907
0.003125
0.003387
0.003706
0.004025
0.004279
0.004385
0.004298
0.004072
0.003745
0.003315
0.002822
0.002362
0.001997
0.001704
0.001345
0.000841
0.000245
-0.000248
-0.000558
-0.000746
-0.000852
-0.000907
-0.000856
-0.000657
-0.000461
-0.000404
-0.000389
-0.000313
-0.000183
-0.000121
-0.000205
-0.000318
-0.000453
-0.000650
-0.000966
-0.001391
-0.001828
-0.002193
-0.002399
-0.002432
-0.002396
-0.002302
-0.002191
-0.002144
-0.002215
-0.002452
-0.002744
-0.002980
-0.003101
-0.003113
-0.003178
-0.003414
-0.003703
-0.003958
-0.004189
-0.004372
-0.004412
-0.004315
-0.004205
-0.004128
-0.004099
-0.003999
-0.003757
-0.003418
-0.003059
-0.002651
-0.002179
-0.001700
-0.001194
-0.000672
-0.000188
0.000282
0.000748
0.001153
0.001449
0.001620
0.001683
0.001671
0.001618
0.001556
0.001505
0.001470
0.001451
0.001440
0.001432
0.001501
0.001786
0.002229
0.002632
0.002889
0.002898
0.002705
0.002477
0.002303
0.002125
0.001782
0.001278
0.000715
0.000210
-0.000250
-0.000689
-0.001158
-0.001774
-0.002501
-0.003193
-0.003741
-0.004169
-0.004518
-0.004785
-0.005026
-0.005190
-0.005225
-0.005231
-0.005275
-0.005344
-0.005407
-0.005434
-0.005409
-0.005329
-0.005203
-0.005045
-0.004881
-0.004726
-0.004590
-0.004471
-0.004308
-0.004020
-0.003627
-0.003143
-0.002576
-0.001920
-0.001200
-0.000438
0.000323
0.000983
0.001468
0.001754
0.001948
0.002174
0.002512
0.002985
0.003495
0.003946
0.004261
0.004512
0.004662
0.004631
0.004463
0.004233
0.004012
0.003719
0.003218
0.002553
0.001860
0.001239
0.000603
0.000005
-0.000394
-0.000487
-0.000277
0.000091
0.000475
0.000765
0.000923
0.001032
0.001252
0.001551
0.001818
0.002000
0.002083
0.002078
0.002012
0.001924
0.001900
0.002028
0.002283
0.002576
0.002819
0.002966
0.003001
0.002953
0.002854
0.002820
0.002930
0.003239
0.003722
0.004250
0.004591
0.004707
0.004607
0.004288
0.003767
0.003094
0.002436
0.001909
0.001580
0.001328
0.001057
0.000747
0.000352
-0.000129
-0.000604
-0.000994
-0.001263
-0.001494
-0.001738
-0.001976
-0.002183
-0.002371
-0.002561
-0.002724
-0.002884
-0.003064
-0.003184
-0.003131
-0.002833
-0.002310
-0.001682
-0.001105
-0.000673
-0.000365
-0.000030
0.000431
0.000978
0.001505
0.001922
0.002333
0.002787
0.003239
0.003693
0.004077
0.004349
0.004380
0.004140
0.003729
0.003279
0.002796
0.002190
0.001482
0.000801
0.000254
-0.000099
-0.000267
-0.000312
-0.000368
-0.000451
-0.000609
-0.000957
-0.001469
-0.002013
-0.002459
-0.002736
-0.002875
-0.002994
-0.003122
-0.003194
-0.003203
-0.003115
-0.002919
-0.002670
-0.002426
-0.002288
-0.002401
-0.002751
-0.003149
-0.003496
-0.003797
-0.003972
-0.004010
-0.004009
-0.003925
-0.003702
-0.003307
-0.002759
-0.002171
-0.001651
-0.001277
-0.001077
-0.001027
-0.001070
-0.001141
-0.001185
-0.001078
-0.000769
-0.000264
0.000386
0.001022
0.001527
0.001819
0.001890
0.001708
0.001308
0.000734
0.000078
-0.000514
-0.000934
-0.001145
-0.001178
-0.001104
-0.000994
-0.000900
-0.000843
-0.000827
-0.000834
-0.000849
-0.000853
-0.000843
-0.000816
-0.000860
-0.001041
-0.001397
-0.001911
-0.002465
-0.002936
-0.003239
-0.003355
-0.003316
-0.003183
-0.003022
-0.002886
-0.002792
-0.002736
-0.002602
-0.002306
-0.001825
-0.001210
-0.000588
0.000027
0.000617
0.001200
0.001757
0.002221
0.002549
0.002806
0.003166
0.003674
0.004213
0.004660
0.004936
0.005030
0.004969
0.004812
0.004617
0.004440
0.004303
0.004217
0.004156
0.004102
0.003958
0.003663
0.003182
0.002543
0.001770
0.000938
0.000110
-0.000668
-0.001280
-0.001683
-0.001875
-0.001992
-0.002076
-0.002178
-0.002352
-0.002554
-0.002715
-0.002701
-0.002432
-0.001909
-0.001237
-0.000546
0.000109
0.000675
0.001130
0.001586
0.002139
0.002748
0.003305
0.003719
0.003890
0.003760
0.003403
0.002959
0.002547
0.002171
0.001790
0.001440
0.001157
0.000971
0.000870
0.000937
0.001189
0.001535
0.001866
0.002206
0.002572
0.003097
0.003837
0.004615
0.005271
0.005689
0.005854
0.005805
0.005705
0.005693
0.005711
0.005646
0.005478
0.005232
0.004888
0.004499
0.004201
0.003878
0.003395
0.002791
0.002180
0.001608
0.001066
0.000520
-0.000057
-0.000626
-0.001113
-0.001581
-0.002155
-0.002812
-0.003433
-0.003917
-0.004269
-0.004561
-0.004758
-0.004775
-0.004611
-0.004303
-0.003859
-0.003300
-0.002657
-0.002005
-0.001415
-0.000869
-0.000342
0.000197
0.000721
0.001162
0.001470
0.001630
0.001690
0.001752
0.001788
0.001737
0.001618
0.001464
0.001294
0.001020
0.000541
-0.000100
-0.000755
-0.001315
-0.001789
-0.002204
-0.002544
-0.002863
-0.003099
-0.003176
-0.003114
-0.002966
-0.002791
-0.002639
-0.002529
-0.002464
-0.002334
-0.002064
-0.001705
-0.001340
-0.001033
-0.000828
-0.000731
-0.000709
-0.000536
-0.000073
0.000563
0.001213
0.001805
0.002414
0.002971
0.003330
0.003451
0.003377
0.003190
0.002974
0.002787
0.002659
0.002588
0.002554
0.002474
0.002258
0.001914
0.001515
0.001107
0.000676
0.000235
-0.000155
-0.000446
-0.000530
-0.000373
-0.000073
0.000253
0.000503
0.000630
0.000634
0.000554
0.000436
0.000316
0.000219
0.000156
0.000118
0.000093
0.000073
0.000143
0.000348
0.000617
0.000869
0.001041
0.001111
0.001083
0.000991
0.000873
0.000795
0.000821
0.000881
0.000883
0.000817
0.000688
0.000435
0.000037
-0.000326
-0.000585
-0.000785
-0.000947
-0.001070
-0.001157
-0.001211
-0.001240
-0.001253
-0.001282
-0.001442
-0.001840
-0.002332
-0.002822
-0.003276
-0.003622
-0.003837
-0.003983
-0.004105
-0.004199
-0.004319
-0.004468
-0.004581
-0.004601
-0.004649
-0.004722
-0.004741
-0.004691
-0.004582
-0.004364
-0.003994
-0.003545
-0.003045
-0.002565
-0.002233
-0.002102
-0.002091
-0.002050
-0.001904
-0.001671
-0.001385
-0.001020
-0.000583
-0.000260
-0.000175
-0.000299
-0.000611
-0.001064
-0.001487
-0.001705
-0.001672
-0.001460
-0.001173
-0.000911
-0.000729
-0.000630
-0.000505
-0.000285
0.000097
0.000734
0.001549
0.002350
0.002976
0.003343
0.003455
0.003378
0.003201
0.003010
0.002860
0.002718
0.002508
0.002216
0.001899
0.001616
0.001390
0.001160
0.000951
0.000752
0.000513
0.000268
-0.000049
-0.000457
-0.000880
-0.001237
-0.001478
-0.001595
-0.001687
-0.001857
-0.002097
-0.002413
-0.002757
-0.003061
-0.003326
-0.003546
-0.003661
-0.003620
-0.003506
-0.003382
-0.003193
-0.002944
-0.002751
-0.002613
-0.002463
-0.002306
-0.002060
-0.001689
-0.001271
-0.000897
-0.000626
-0.000479
-0.000435
-0.000460
-0.000514
-0.000572
-0.000612
-0.000628
-0.000620
-0.000598
-0.000572
-0.000558
-0.000583
-0.000704
-0.000842
-0.000877
-0.000717
-0.000359
0.000083
0.000493
0.000789
0.001042
0.001399
0.001893
0.002435
0.002914
0.003326
0.003705
0.004025
0.004313
0.004617
0.004876
0.004961
0.004838
0.004568
0.004245
0.003944
0.003716
0.003569
0.003468
0.003298
0.003000
0.002627
0.002157
0.001602
0.001066
0.000633
0.000352
0.000221
0.000211
0.000259
0.000312
0.000335
0.000402
0.000581
0.000851
0.001138
0.001453
0.001816
0.002173
0.002459
0.002630
0.002606
0.002343
0.001854
0.001200
0.000608
0.000108
-0.000393
-0.000879
-0.001377
-0.001902
-0.002390
-0.002773
-0.003020
-0.003127
-0.003043
-0.002743
-0.002327
-0.001916
-0.001602
-0.001335
-0.001044
-0.000734
-0.000460
-0.000258
-0.000144
-0.000011
0.000119
0.000151
0.000094
-0.000023
-0.000145
-0.000245
-0.000315
-0.000450
-0.000712
-0.001040
-0.001457
-0.001948
-0.002423
-0.002795
-0.003013
-0.003081
-0.003044
-0.002962
-0.002964
-0.003128
-0.003392
-0.003769
-0.004230
-0.004666
-0.004986
-0.005147
-0.005156
-0.005055
-0.004901
-0.004738
-0.004588
-0.004365
-0.004014
-0.003604
-0.003210
-0.002897
-0.002686
-0.002574
-0.002507
-0.002345
-0.001938
-0.001301
-0.000492
0.000368
0.001114
0.001634
0.001899
0.001947
0.001859
0.001722
0.001580
0.001378
0.001096
0.000769
0.000368
-0.000094
-0.000531
-0.000873
-0.001079
-0.001150
-0.001115
-0.001024
-0.000923
-0.000844
-0.000797
-0.000781
-0.000741
-0.000588
-0.000307
0.000029
0.000380
0.000765
0.001167
0.001518
0.001771
0.001907
0.001999
0.002089
0.002126
0.002138
0.002215
0.002370
0.002621
0.002979
0.003378
0.003721
0.003944
0.004028
0.003991
0.003876
0.003654
0.003374
0.003092
0.002772
0.002447
0.002053
0.001578
0.001096
0.000686
0.000384
0.000201
0.000011
-0.000265
-0.000687
-0.001245
-0.001811
-0.002275
-0.002576
-0.002706
-0.002681
-0.002486
-0.002236
-0.002041
-0.001848
-0.001591
-0.001209
-0.000773
-0.000426
-0.000214
-0.000141
-0.000129
-0.000137
-0.000232
-0.000416
-0.000694
-0.001020
-0.001261
-0.001292
-0.001114
-0.000875
-0.000693
-0.000613
-0.000627
-0.000701
-0.000790
-0.000863
-0.000898
-0.000973
-0.001082
-0.001209
-0.001387
-0.001581
-0.001755
-0.001872
-0.001924
-0.001915
-0.001867
-0.001799
-0.001726
-0.001651
-0.001587
-0.001552
-0.001609
-0.001690
-0.001695
-0.001619
-0.001485
-0.001335
-0.001198
-0.001091
-0.001014
-0.000966
-0.000936
-0.000916
-0.000894
-0.000860
-0.000812
-0.000757
-0.000702
-0.000612
-0.000445
-0.000274
-0.000174
-0.000114
0.000004
0.000256
0.000682
0.001209
0.001639
0.001932
0.002132
0.002249
0.002310
0.002333
0.002336
0.002327
0.002313
0.002302
0.002296
0.002289
0.002278
0.002257
0.002236
0.002216
0.002198
0.002177
0.002154
0.002133
0.002118
0.002105
0.002097
0.002093
0.002087
0.002072
0.002049
0.002016
0.001979
0.001960
0.002038
0.002174
0.002351
0.002581
0.002803
0.002996
0.003213
0.003488
0.003781
0.004127
0.004512
0.004861
0.005103
0.005204
0.005168
0.005037
0.004859
0.004680
0.004526
0.004412
0.004309
0.004110
0.003767
0.003349
0.002841
0.002259
0.001702
0.001157
0.000613
0.000135
-0.000327
-0.000803
-0.001240
-0.001680
-0.002150
-0.002580
-0.003011
-0.003453
-0.003754
-0.003797
-0.003723
-0.003573
-0.003431
-0.003313
-0.003149
-0.002966
-0.002876
-0.002870
-0.002827
-0.002743
-0.002615
-0.002480
-0.002353
-0.002258
-0.002190
-0.002154
-0.002129
-0.002114
-0.002092
-0.002067
-0.002030
-0.001993
-0.001949
-0.001911
-0.001871
-0.001842
-0.001849
-0.001984
-0.002232
-0.002531
-0.002805
-0.003085
-0.003282
-0.003419
-0.003473
-0.003476
-0.003524
-0.003609
-0.003706
-0.003862
-0.004053
-0.004211
-0.004307
-0.004328
-0.004340
-0.004335
-0.004236
-0.004020
-0.003741
-0.003439
-0.003072
-0.002634
-0.002199
-0.001839
-0.001597
-0.001469
-0.001426
-0.001430
-0.001373
-0.001164
-0.000774
-0.000273
0.000206
0.000566
0.000708
0.000670
0.000573
0.000445
0.000253
-0.000031
-0.000284
-0.000316
-0.000186
-0.000026
0.000193
0.000495
0.000815
0.001091
0.001282
0.001462
0.001783
0.002284
0.002864
0.003395
0.003780
0.003981
0.003971
0.003727
0.003306
0.002841
0.002420
0.002024
0.001629
0.001285
0.001020
0.000853
0.000767
0.000662
0.000376
-0.000040
-0.000489
-0.000926
-0.001288
-0.001531
-0.001703
-0.001942
-0.002334
-0.002830
-0.003311
-0.003674
-0.003867
-0.003909
-0.003947
-0.004157
-0.004550
-0.005002
-0.005380
-0.005592
-0.005615
-0.005482
-0.005257
-0.005001
-0.004758
-0.004555
-0.004396
-0.004194
-0.003806
-0.003251
-0.002639
-0.002029
-0.001485
-0.001067
-0.000789
-0.000581
-0.000329
-0.000004
0.000349
0.000670
0.000955
0.001270
0.001631
0.002008
0.002434
0.002900
0.003306
0.003521
0.003570
0.003571
0.003468
0.003332
0.003280
0.003321
0.003423
0.003538
0.003629
0.003672
0.003665
0.003620
0.003486
0.003267
0.003018
0.002739
0.002450
0.002137
0.001764
0.001362
0.001001
0.000735
0.000583
0.000527
0.000535
0.000542
0.000438
0.000178
-0.000254
-0.000802
-0.001323
-0.001696
-0.001779
-0.001648
-0.001479
-0.001344
-0.001279
-0.001173
-0.001030
-0.000870
-0.000649
-0.000390
-0.000053
0.000373
0.000826
0.001222
0.001510
0.001669
0.001722
0.001646
0.001476
0.001330
0.001247
0.001146
0.000990
0.000845
0.000795
0.000827
0.000959
0.001193
0.001464
0.001707
0.001881
0.001971
0.001992
0.001962
0.001908
0.001853
0.001819
0.001809
0.001915
0.002078
0.002159
0.002145
0.002052
0.001923
0.001790
0.001690
0.001634
0.001623
0.001640
0.001665
0.001678
0.001678
0.001666
0.001650
0.001627
0.001603
0.001581
0.001568
0.001561
0.001554
0.001543
0.001528
0.001507
0.001482
0.001456
0.001432
0.001415
0.001404
0.001397
0.001393
0.001393
0.001399
0.001463
0.001650
0.001938
0.002310
0.002764
0.003295
0.003876
0.004422
0.004784
0.004902
0.004877
0.004812
0.004831
0.005005
0.005289
0.005596
0.005841
0.005967
0.005967
0.005867
0.005713
0.005552
0.005416
0.005313
0.005235
0.005175
0.005123
0.004964
0.004639
0.004220
0.003695
0.003093
0.002525
0.002077
0.001793
0.001653
0.001626
0.001562
0.001344
0.000920
0.000336
-0.000261
-0.000746
-0.001046
-0.001160
-0.001129
-0.001021
-0.000895
-0.000796
-0.000741
-0.000726
-0.000735
-0.000751
-0.000757
-0.000751
-0.000737
-0.000722
-0.000707
-0.000693
-0.000718
-0.000824
-0.000939
-0.001024
-0.001147
-0.001283
-0.001316
-0.001206
-0.000998
-0.000760
-0.000560
-0.000432
-0.000382
-0.000308
-0.000122
0.000157
0.000466
0.000831
0.001263
0.001671
0.001982
0.002158
0.002212
0.002195
0.002242
0.002410
0.002669
0.003036
0.003479
0.003889
0.004179
0.004309
0.004295
0.004177
0.004005
0.003767
0.003430
0.003083
0.002802
0.002484
0.002138
0.001795
0.001435
0.001091
0.000803
0.000600
0.000484
0.000438
0.000436
0.000451
0.000455
0.000436
0.000398
0.000355
0.000292
0.000130
-0.000150
-0.000514
-0.000970
-0.001429
-0.001717
-0.001757
-0.001599
-0.001340
-0.001023
-0.000695
-0.000405
-0.000136
0.000094
0.000275
0.000391
0.000547
0.000706
0.000767
0.000732
0.000725
0.000846
0.001056
0.001292
0.001490
0.001641
0.001824
0.002078
0.002348
0.002580
0.002768
0.002980
0.003230
0.003473
0.003713
0.003995
0.004291
0.004546
0.004715
0.004781
0.004749
0.004646
0.004508
0.004372
0.004251
0.004150
0.004067
0.003999
0.003930
0.003853
0.003760
0.003657
0.003550
0.003451
0.003355
0.003242
0.003018
0.002658
0.002237
0.001813
0.001360
0.000926
0.000658
0.000609
0.000758
0.001092
0.001527
0.001932
0.002217
0.002344
0.002323
0.002197
0.002022
0.001852
0.001717
0.001619
0.001545
0.001427
0.001185
0.000830
0.000368
-0.000190
-0.000768
-0.001190
-0.001409
-0.001518
-0.001581
-0.001635
-0.001695
-0.001688
-0.001621
-0.001604
-0.001664
-0.001792
-0.001940
-0.002080
-0.002178
-0.002235
-0.002156
-0.002002
-0.001815
-0.001579
-0.001456
-0.001536
-0.001768
-0.002063
-0.002340
-0.002541
-0.002648
-0.002671
-0.002643
-0.002598
-0.002571
-0.002599
-0.002722
-0.002871
-0.002960
-0.002977
-0.002939
-0.002882
-0.002828
-0.002796
-0.002830
-0.002972
-0.003134
-0.003223
-0.003223
-0.003156
-0.003063
-0.003044
-0.003190
-0.003480
-0.003830
-0.004207
-0.004562
-0.004778
-0.004812
-0.004705
-0.004531
-0.004287
-0.003959
-0.003680
-0.003507
-0.003385
-0.003287
-0.003201
-0.003136
-0.003093
-0.003070
-0.003061
-0.003057
-0.003062
-0.003074
-0.003089
-0.003106
-0.003122
-0.003053
-0.002832
-0.002515
-0.002191
-0.001942
-0.001801
-0.001763
-0.001737
-0.001616
-0.001387
-0.001111
-0.000856
-0.000618
-0.000394
-0.000273
-0.000296
-0.000431
-0.000614
-0.000791
-0.000924
-0.001001
-0.001030
-0.001030
-0.001021
-0.001021
-0.001033
-0.001064
-0.001123
-0.001298
-0.001604
-0.002063
-0.002546
-0.002962
-0.003332
-0.003512
-0.003541
-0.003540
-0.003559
-0.003608
-0.003669
-0.003728
-0.003774
-0.003798
-0.003798
-0.003777
-0.003807
-0.003969
-0.004237
-0.004532
-0.004780
-0.004935
-0.004987
-0.005015
-0.005076
-0.005108
-0.005064
-0.004960
-0.004831
-0.004709
-0.004577
-0.004362
-0.004033
-0.003564
-0.002994
-0.002449
-0.002024
-0.001745
-0.001513
-0.001268
-0.001032
-0.000835
-0.000602
-0.000286
-0.000043
0.000001
-0.000040
-0.000036
0.000031
0.000140
0.000175
0.000045
-0.000218
-0.000457
-0.000529
-0.000506
-0.000515
-0.000658
-0.000987
-0.001442
-0.001906
-0.002279
-0.002506
-0.002586
-0.002556
-0.002466
-0.002364
-0.002281
-0.002225
-0.002190
-0.002129
-0.001953
-0.001647
-0.001306
-0.001092
-0.001096
-0.001266
-0.001517
-0.001772
-0.002052
-0.002268
-0.002313
-0.002307
-0.002359
-0.002469
-0.002705
-0.003073
-0.003471
-0.003875
-0.004281
-0.004634
-0.004882
-0.005003
-0.005009
-0.004928
-0.004794
-0.004645
-0.004507
-0.004393
-0.004305
-0.004231
-0.004156
-0.004070
-0.003975
-0.003876
-0.003777
-0.003687
-0.003637
-0.003689
-0.003763
-0.003752
-0.003647
-0.003467
-0.003256
-0.003052
-0.002889
-0.002773
-0.002701
-0.002655
-0.002619
-0.002578
-0.002527
-0.002456
-0.002367
-0.002269
-0.002174
-0.002088
-0.002018
-0.001960
-0.001989
-0.002159
-0.002360
-0.002442
-0.002353
-0.002132
-0.001853
-0.001587
-0.001383
-0.001257
-0.001201
-0.001186
-0.001186
-0.001177
-0.001150
-0.001101
-0.001038
-0.000949
-0.000785
-0.000600
-0.000476
-0.000332
-0.000127
0.000117
0.000350
0.000630
0.000982
0.001346
0.001566
0.001642
0.001680
0.001710
0.001752
0.001800
0.001849
0.001887
0.001911
0.001918
0.001912
0.001896
0.001879
0.001862
0.001849
0.001835
0.001813
0.001786
0.001759
0.001735
0.001716
0.001705
0.001698
0.001694
0.001691
0.001688
0.001681
0.001591
0.001281
0.000740
0.000098
-0.000485
-0.000899
-0.001104
-0.001126
-0.001025
-0.000877
-0.000734
-0.000634
-0.000578
-0.000562
-0.000560
-0.000655
-0.000784
-0.000826
-0.000767
-0.000722
-0.000689
-0.000685
-0.000686
-0.000591
-0.000429
-0.000227
-0.000041
0.000109
0.000202
0.000253
0.000270
0.000278
0.000285
0.000305
0.000334
0.000375
0.000418
0.000461
0.000505
0.000556
0.000608
0.000661
0.000800
0.000989
0.001103
0.001234
0.001432
0.001677
0.001911
0.002200
0.002562
0.002936
0.003152
0.003213
0.003228
0.003217
0.003130
0.003025
0.002996
0.003040
0.003131
0.003226
0.003296
0.003324
0.003312
0.003247
0.003061
0.002738
0.002344
0.001874
0.001367
0.000911
0.000578
0.000414
0.000469
0.000641
0.000781
0.000862
0.000965
0.001135
0.001264
0.001366
0.001494
0.001637
0.001775
0.001925
0.002154
0.002465
0.002789
0.003057
0.003222
0.003281
0.003252
0.003172
0.003074
0.002992
0.002940
0.002983
0.003123
0.003320
0.003489
0.003522
0.003494
0.003512
0.003600
0.003648
0.003556
0.003337
0.003152
0.003128
0.003143
0.003084
0.002942
0.002752
0.002559
0.002400
0.002291
0.002234
0.002216
0.002218
0.002222
0.002219
0.002202
0.002175
0.002140
0.002105
0.002072
0.002045
0.002021
0.002002
0.001983
0.001964
0.001943
0.001921
0.001897
0.001874
0.001850
0.001827
0.001805
0.001784
0.001763
0.001743
0.001721
0.001701
0.001680
0.001660
0.001638
0.001619
0.001597
0.001578
0.001557
0.001536
0.001414
0.001144
0.000794
0.000433
0.000043
-0.000373
-0.000746
-0.001023
-0.001202
-0.001403
-0.001770
-0.002289
-0.002792
-0.003112
-0.003253
-0.003288
-0.003256
-0.003193
-0.003081
-0.002904
-0.002677
-0.002396
-0.002077
-0.001773
-0.001464
-0.001101
-0.000703
-0.000331
-0.000038
0.000153
0.000246
0.000270
0.000255
0.000232
0.000221
0.000229
0.000253
0.000287
0.000323
0.000353
0.000375
0.000396
0.000417
0.000435
0.000554
0.000832
0.001191
0.001543
0.001810
0.001968
0.002107
0.002227
0.002231
0.002251
0.002267
0.002311
0.002345
0.002377
0.002383
0.002277
0.002097
0.001864
0.001572
0.001304
0.001177
0.001179
0.001256
0.001252
0.001100
0.000858
0.000678
0.000567
0.000470
0.000384
0.000312
0.000261
0.000232
0.000223
0.000227
0.000240
0.000255
0.000271
0.000282
0.000251
0.000098
-0.000218
-0.000695
-0.001258
-0.001777
-0.002154
-0.002351
-0.002388
-0.002311
-0.002181
-0.002047
-0.001940
-0.001868
-0.001824
-0.001733
-0.001514
-0.001178
-0.000804
-0.000469
-0.000228
-0.000038
0.000194
0.000483
0.000778
0.001024
0.001187
0.001264
0.001273
0.001246
0.001263
0.001344
0.001408
0.001490
0.001653
0.001956
0.002405
0.002901
0.003332
0.003624
0.003755
0.003749
0.003656
0.003529
0.003412
0.003330
0.003293
0.003280
0.003269
0.003244
0.003205
0.003160
0.003114
0.003068
0.003024
0.002980
0.002936
0.002892
0.002847
0.002800
0.002752
0.002704
0.002656
0.002609
0.002562
0.002516
0.002471
0.002427
0.002382
0.002338
0.002295
0.002251
0.002208
0.002165
0.002130
0.002099
0.002065
0.002030
0.001999
0.001969
0.001854
0.001527
0.001030
0.000545
0.000207
-0.000003
-0.000176
-0.000356
-0.000534
-0.000693
-0.000820
-0.000909
-0.000957
-0.000970
-0.000959
-0.000943
-0.000934
-0.000933
-0.000938
-0.000949
-0.000967
-0.000981
-0.000989
-0.000993
-0.000996
-0.000899
-0.000657
-0.000421
-0.000340
-0.000437
-0.000647
-0.000816
-0.000891
-0.000940
-0.000984
-0.001035
-0.001030
-0.000952
-0.000835
-0.000698
-0.000590
-0.000488
-0.000352
-0.000204
-0.000068
0.000025
0.000070
0.000070
0.000047
0.000027
0.000116
0.000347
0.000749
0.001193
0.001490
0.001599
0.001539
0.001381
0.001123
0.000770
0.000467
0.000358
0.000374
0.000380
0.000381
0.000453
0.000604
0.000794
0.000978
0.001158
0.001397
0.001699
0.002007
0.002264
0.002428
0.002489
0.002444
0.002257
0.002027
0.001891
0.001861
0.001921
0.001922
0.001769
0.001503
0.001280
0.001233
0.001294
0.001328
0.001274
0.001140
0.000965
0.000791
0.000656
0.000576
0.000552
0.000596
0.000747
0.000906
0.000963
0.000915
0.000796
0.000657
0.000630
0.000790
0.001070
0.001456
0.001920
0.002368
0.002708
0.002895
0.002933
0.002858
0.002725
0.002579
0.002452
0.002358
0.002292
0.002243
0.002198
0.002145
0.002081
0.002005
0.001925
0.001841
0.001759
0.001582
0.001262
0.000871
0.000586
0.000450
0.000358
0.000271
0.000169
0.000063
-0.000043
-0.000133
-0.000206
-0.000258
-0.000300
-0.000335
-0.000371
-0.000405
-0.000439
-0.000467
-0.000498
-0.000528
-0.000555
-0.000577
-0.000598
-0.000618
-0.000649
-0.000684
-0.000718
-0.000745
-0.000768
-0.000788
-0.000808
-0.000828
-0.000852
-0.000875
-0.000903
-0.000980
-0.001183
-0.001495
-0.001803
-0.001983
-0.002028
-0.001923
-0.001691
-0.001415
-0.001175
-0.001018
-0.000959
-0.000976
-0.001040
-0.001114
-0.001178
-0.001214
-0.001208
-0.001099
-0.000960
-0.000876
-0.000777
-0.000612
-0.000417
-0.000235
-0.000107
-0.000044
-0.000047
-0.000090
-0.000138
-0.000098
-0.000024
-0.000008
-0.000066
-0.000178
-0.000314
-0.000461
-0.000671
-0.000871
-0.001060
-0.001302
-0.001557
-0.001789
-0.001960
-0.002065
-0.002106
-0.002107
-0.002085
-0.002064
-0.002049
-0.002051
-0.002063
-0.002181
-0.002446
-0.002787
-0.003115
-0.003456
-0.003837
-0.004190
-0.004463
-0.004621
-0.004673
-0.004640
-0.004562
-0.004468
-0.004386
-0.004321
-0.004277
-0.004242
-0.004215
-0.004254
-0.004416
-0.004583
-0.004698
-0.004794
-0.004875
-0.004931
-0.005032
-0.005234
-0.005420
-0.005456
-0.005405
-0.005379
-0.005411
-0.005479
-0.005549
-0.005587
-0.005580
-0.005524
-0.005433
-0.005314
-0.005183
-0.005050
-0.004930
-0.004824
-0.004735
-0.004654
-0.004579
-0.004502
-0.004427
-0.004406
-0.004513
-0.004668
-0.004840
-0.005053
-0.005230
-0.005301
-0.005313
-0.005361
-0.005471
-0.005597
-0.005696
-0.005731
-0.005697
-0.005599
-0.005464
-0.005310
-0.005155
-0.005002
-0.004862
-0.004730
-0.004613
-0.004493
-0.004371
-0.004243
-0.004214
-0.004238
-0.004201
-0.004085
-0.003984
-0.003917
-0.003881
-0.003822
-0.003666
-0.003460
-0.003308
-0.003201
-0.003060
-0.002886
-0.002683
-0.002487
-0.002312
-0.002173
-0.002066
-0.001988
-0.001921
-0.001860
-0.001793
-0.001722
-0.001640
-0.001548
-0.001447
-0.001346
-0.001250
-0.001165
-0.001089
-0.001023
-0.000960
-0.000899
-0.000837
-0.000774
-0.000709
-0.000645
-0.000580
-0.000518
-0.000456
-0.000397
-0.000338
-0.000275
-0.000203
-0.000124
-0.000045
0.000034
0.000109
0.000177
0.000246
0.000311
0.000374
0.000431
0.000483
0.000531
0.000583
0.000644
0.000710
0.000775
0.000834
0.000885
0.000930
0.000978
0.001054
0.001242
0.001564
0.001943
0.002300
0.002574
0.002739
0.002802
0.002793
0.002753
0.002759
0.002911
0.003209
0.003570
0.003905
0.004149
0.004276
0.004297
0.004304
0.004409
0.004624
0.004898
0.005154
0.005410
0.005626
0.005784
0.005937
0.006081
0.006197
0.006262
0.006272
0.006231
0.006155
0.006060
0.005960
0.005865
0.005779
0.005701
0.005628
0.005558
0.005506
0.005540
0.005597
0.005578
0.005476
0.005311
0.005128
0.004955
0.004818
0.004717
0.004649
0.004598
0.004555
0.004565
0.004695
0.004922
0.005169
0.005365
0.005522
0.005700
0.005827
0.005800
0.005701
0.005650
0.005674
0.005745
0.005818
0.005855
0.005836
0.005762
0.005652
0.005531
0.005413
0.005305
0.005205
0.005112
0.005019
0.004925
0.004825
0.004722
0.004616
0.004492
0.004299
0.004095
0.003961
0.003903
0.003856
0.003706
0.003422
0.003120
0.002890
0.002700
0.002523
0.002358
0.002217
0.002109
0.002035
0.002060
0.002236
0.002504
0.002781
0.002995
0.003113
0.003135
0.003080
0.002978
0.002860
0.002747
0.002650
0.002577
0.002525
0.002461
0.002286
0.001972
0.001593
0.001230
0.000946
0.000762
0.000672
0.000642
0.000606
0.000496
0.000376
0.000312
0.000307
0.000290
0.000159
-0.000100
-0.000362
-0.000540
-0.000669
-0.000781
-0.000875
-0.000952
-0.001012
-0.001056
-0.001083
-0.001092
-0.001013
-0.000799
-0.000580
-0.000492
-0.000458
-0.000380
-0.000268
-0.000145
-0.000040
0.000031
0.000055
0.000033
-0.000028
-0.000008
0.000169
0.000445
0.000732
0.000946
0.001054
0.001059
0.000989
0.000879
0.000763
0.000623
0.000428
0.000212
-0.000034
-0.000358
-0.000796
-0.001307
-0.001783
-0.002145
-0.002358
-0.002437
-0.002421
-0.002362
-0.002360
-0.002511
-0.002800
-0.003142
-0.003518
-0.003927
-0.004311
-0.004616
-0.004800
-0.004858
-0.004814
-0.004619
-0.004259
-0.003936
-0.003797
-0.003841
-0.004000
-0.004187
-0.004333
-0.004401
-0.004387
-0.004313
-0.004210
-0.004108
-0.004023
-0.003964
-0.003925
-0.003898
-0.003872
-0.003841
-0.003802
-0.003754
-0.003702
-0.003649
-0.003598
-0.003552
-0.003558
-0.003635
-0.003701
-0.003695
-0.003611
-0.003481
-0.003397
-0.003460
-0.003662
-0.003926
-0.004164
-0.004320
-0.004372
-0.004413
-0.004534
-0.004724
-0.004928
-0.005090
-0.005174
-0.005172
-0.005100
-0.004984
-0.004854
-0.004730
-0.004623
-0.004536
-0.004462
-0.004394
-0.004324
-0.004249
-0.004168
-0.004083
-0.003996
-0.003910
-0.003826
-0.003746
-0.003669
-0.003594
-0.003519
-0.003445
-0.003370
-0.003297
-0.003245
-0.003303
-0.003497
-0.003752
-0.003985
-0.004133
-0.004174
-0.004117
-0.003998
-0.003893
-0.003909
-0.004028
-0.004147
-0.004252
-0.004350
-0.004424
-0.004511
-0.004666
-0.004873
-0.005069
-0.005201
-0.005238
-0.005182
-0.005056
-0.004891
-0.004717
-0.004555
-0.004413
-0.004291
-0.004181
-0.004075
-0.003967
-0.003852
-0.003732
-0.003608
-0.003484
-0.003362
-0.003245
-0.003131
-0.003020
-0.002912
-0.002805
-0.002698
-0.002591
-0.002485
-0.002380
-0.002276
-0.002172
-0.002042
-0.001795
-0.001415
-0.000965
-0.000440
0.000128
0.000653
0.001060
0.001315
0.001440
0.001478
0.001475
0.001467
0.001476
0.001507
0.001557
0.001655
0.001869
0.002194
0.002551
0.002862
0.003077
0.003183
0.003201
0.003166
0.003169
0.003300
0.003553
0.003852
0.004118
0.004300
0.004379
0.004371
0.004310
0.004307
0.004453
0.004714
0.005107
0.005601
0.006076
0.006435
0.006627
0.006659
0.006572
0.006426
0.006268
0.006136
0.006062
0.006129
0.006348
0.006630
0.006883
0.007043
0.007094
0.007043
0.006927
0.006818
0.006790
0.006781
0.006722
0.006641
0.006633
0.006684
0.006671
0.006540
0.006315
0.006051
0.005858
0.005780
0.005742
0.005677
0.005565
0.005420
0.005266
0.005125
0.005007
0.004991
0.005137
0.005391
0.005565
0.005520
0.005384
0.005289
0.005266
0.005201
0.004998
0.004799
0.004724
0.004765
0.004868
0.004969
0.005031
0.005034
0.004984
0.004893
0.004779
0.004664
0.004558
0.004466
0.004390
0.004326
0.004263
0.004191
0.004060
0.003803
0.003433
0.003027
0.002662
0.002331
0.002037
0.001860
0.001763
0.001633
0.001430
0.001182
0.000936
0.000736
0.000608
0.000550
0.000539
0.000550
0.000559
0.000551
0.000525
0.000482
0.000432
0.000390
0.000361
0.000336
0.000307
0.000270
0.000233
0.000198
0.000165
0.000129
0.000092
0.000053
0.000017
-0.000018
-0.000052
-0.000164
-0.000411
-0.000671
-0.000807
-0.000887
-0.001000
-0.001149
-0.001310
-0.001550
-0.001903
-0.002287
-0.002623
-0.002844
-0.002936
-0.002920
-0.002880
-0.002895
-0.002918
-0.002885
-0.002850
-0.002908
-0.003075
-0.003283
-0.003518
-0.003746
-0.003933
-0.004102
-0.004244
-0.004337
-0.004366
-0.004332
-0.004252
-0.004145
-0.004025
-0.003907
-0.003815
-0.003846
-0.004019
-0.004235
-0.004339
-0.004327
-0.004287
-0.004236
-0.004184
-0.004118
-0.004044
-0.003959
-0.003923
-0.003952
-0.004019
-0.004082
-0.004052
-0.003974
-0.003951
-0.003998
-0.004085
-0.004162
-0.004200
-0.004183
-0.004111
-0.004002
-0.003882
-0.003770
-0.003668
-0.003580
-0.003502
-0.003430
-0.003360
-0.003288
-0.003214
-0.003138
-0.003060
-0.002983
-0.002907
-0.002835
-0.002764
-0.002695
-0.002626
-0.002560
-0.002491
-0.002416
-0.002238
-0.001910
-0.001505
-0.001118
-0.000715
-0.000367
-0.000197
-0.000164
-0.000127
-0.000008
0.000084
0.000116
0.000139
0.000167
0.000241
0.000397
0.000534
0.000599
0.000641
0.000705
0.000787
0.000876
0.000952
0.001009
0.001038
0.001041
0.001024
0.001008
0.000990
0.000979
0.000977
0.000980
0.000983
0.000986
0.000986
0.000984
0.000983
0.000986
0.000983
0.000973
0.000958
0.000943
0.000930
0.000923
0.000916
0.000909
0.000903
0.000907
0.000972
0.001169
0.001393
0.001581
0.001763
0.001928
0.002061
0.002145
0.002181
0.002178
0.002149
0.002110
0.002071
0.002037
0.002011
0.001990
0.001971
0.001954
0.001942
0.001937
0.001932
0.001925
0.001906
0.001877
0.001843
0.001807
0.001766
0.001722
0.001679
0.001649
0.001634
0.001630
0.001623
0.001601
0.001566
0.001524
0.001480
0.001442
0.001411
0.001387
0.001367
0.001350
0.001334
0.001357
0.001492
0.001678
0.001768
0.001715
0.001607
0.001576
0.001583
0.001612
0.001709
0.001851
0.001992
0.002090
0.002127
0.002015
0.001810
0.001653
0.001470
0.001217
0.000924
0.000750
0.000788
0.000964
0.001107
0.001170
0.001117
0.000939
0.000755
0.000581
0.000400
0.000238
0.000112
0.000035
0.000001
-0.000008
-0.000012
-0.000017
-0.000029
-0.000043
-0.000057
0.000006
0.000204
0.000491
0.000712
0.000743
0.000590
0.000417
0.000374
0.000362
0.000289
0.000156
0.000092
0.000180
0.000373
0.000601
0.000796
0.000926
0.000976
0.000956
0.000891
0.000805
0.000760
0.000851
0.001083
0.001371
0.001626
0.001795
0.001916
0.002077
0.002287
0.002501
0.002663
0.002746
0.002746
0.002685
0.002586
0.002475
0.002365
0.002280
0.002218
0.002271
0.002373
0.002390
0.002308
0.002147
0.001958
0.001777
0.001638
0.001566
0.001643
0.001879
0.002182
0.002458
0.002677
0.002891
0.003074
0.003115
0.003018
0.002920
0.002900
0.002949
0.003035
0.003121
0.003174
0.003173
0.003117
0.003019
0.002899
0.002774
0.002658
0.002556
0.002466
0.002386
0.002313
0.002250
0.002188
0.002124
0.002053
0.001975
0.001897
0.001828
0.001760
0.001598
0.001282
0.000989
0.000768
0.000560
0.000373
0.000220
0.000126
0.000150
0.000226
0.000239
0.000182
0.000069
-0.000062
-0.000180
-0.000262
-0.000313
-0.000379
-0.000552
-0.000840
-0.001175
-0.001480
-0.001707
-0.001835
-0.001910
-0.002032
-0.002242
-0.002497
-0.002744
-0.002933
-0.003047
-0.003088
-0.003131
-0.003266
-0.003497
-0.003763
-0.003999
-0.004153
-0.004208
-0.004181
-0.004187
-0.004322
-0.004557
-0.004819
-0.005037
-0.005166
-0.005198
-0.005151
-0.005056
-0.004946
-0.004847
-0.004769
-0.004715
-0.004678
-0.004745
-0.004938
-0.005113
-0.005245
-0.005366
-0.005457
-0.005502
-0.005511
-0.005570
-0.005637
-0.005657
-0.005712
-0.005834
-0.005985
-0.006115
-0.006186
-0.006184
-0.006117
-0.006005
-0.005874
-0.005744
-0.005627
-0.005527
-0.005502
-0.005612
-0.005829
-0.006069
-0.006257
-0.006413
-0.006594
-0.006790
-0.006952
-0.007042
-0.007044
-0.006968
-0.006837
-0.006756
-0.006811
-0.006966
-0.007147
-0.007275
-0.007311
-0.007245
-0.007197
-0.007252
-0.007372
-0.007497
-0.007567
-0.007553
-0.007451
-0.007283
-0.007077
-0.006864
-0.006662
-0.006475
-0.006304
-0.006152
-0.006011
-0.005872
-0.005722
-0.005566
-0.005408
-0.005233
-0.004972
-0.004682
-0.004460
-0.004277
-0.004042
-0.003752
-0.003497
-0.003255
-0.002996
-0.002735
-0.002499
-0.002306
-0.002157
-0.002039
-0.001938
-0.001785
-0.001504
-0.001112
-0.000692
-0.000320
-0.000045
0.000182
0.000449
0.000770
0.001098
0.001386
0.001605
0.001831
0.002133
0.002478
0.002802
0.003059
0.003227
0.003385
0.003615
0.003898
0.004185
0.004417
0.004561
0.004609
0.004593
0.004541
0.004571
0.004754
0.005030
0.005315
0.005533
0.005655
0.005683
0.005639
0.005554
0.005458
0.005371
0.005303
0.005253
0.005214
0.005177
0.005138
0.005117
0.005202
0.005413
0.005678
0.005918
0.006074
0.006125
0.006083
0.005980
0.005892
0.005927
0.006104
0.006347
0.006572
0.006718
0.006767
0.006726
0.006682
0.006735
0.006892
0.007089
0.007256
0.007342
0.007333
0.007238
0.007096
0.006937
0.006866
0.006958
0.007167
0.007399
0.007570
0.007638
0.007603
0.007483
0.007314
0.007139
0.007089
0.007228
0.007471
0.007713
0.007868
0.007905
0.007827
0.007666
0.007462
0.007252
0.007068
0.006922
0.006814
0.006769
0.006842
0.007018
0.007177
0.007202
0.007130
0.007039
0.006951
0.006873
0.006797
0.006716
0.006622
0.006507
0.006368
0.006212
0.006043
0.005870
0.005705
0.005556
0.005419
0.005289
0.005158
0.005020
0.004881
0.004739
0.004590
0.004437
0.004282
0.004130
0.003982
0.003838
0.003696
0.003467
0.003099
0.002662
0.002232
0.001857
0.001495
0.001197
0.001032
0.000960
0.000845
0.000607
0.000288
-0.000005
-0.000168
-0.000256
-0.000345
-0.000456
-0.000584
-0.000716
-0.000838
-0.000941
-0.001021
-0.001082
-0.001130
-0.001173
-0.001214
-0.001260
-0.001309
-0.001362
-0.001417
-0.001552
-0.001823
-0.002184
-0.002559
-0.002950
-0.003373
-0.003777
-0.004104
-0.004321
-0.004426
-0.004443
-0.004411
-0.004458
-0.004663
-0.004965
-0.005375
-0.005867
-0.006323
-0.006660
-0.006840
-0.006876
-0.006806
-0.006684
-0.006556
-0.006546
-0.006733
-0.007129
-0.007672
-0.008191
-0.008567
-0.008736
-0.008719
-0.008586
-0.008502
-0.008552
-0.008701
-0.008916
-0.009204
-0.009525
-0.009794
-0.009946
-0.009963
-0.009860
-0.009679
-0.009466
-0.009297
-0.009271
-0.009396
-0.009635
-0.009972
-0.010330
-0.010604
-0.010726
-0.010694
-0.010596
-0.010557
-0.010658
-0.010929
-0.011281
-0.011595
-0.011770
-0.011771
-0.011610
-0.011343
-0.011026
-0.010794
-0.010740
-0.010906
-0.011253
-0.011651
-0.011954
-0.012077
-0.011999
-0.011760
-0.011424
-0.011161
-0.011070
-0.011202
-0.011520
-0.011867
-0.012108
-0.012160
-0.012017
-0.011721
-0.011342
-0.010952
-0.010596
-0.010282
-0.010010
-0.009761
-0.009520
-0.009273
-0.009014
-0.008744
-0.008467
-0.008191
-0.007921
-0.007659
-0.007406
-0.007159
-0.006917
-0.006676
-0.006429
-0.006172
-0.005914
-0.005665
-0.005428
-0.005196
-0.004968
-0.004741
-0.004419
-0.003949
-0.003400
-0.002850
-0.002377
-0.001917
-0.001421
-0.000930
-0.000492
-0.000143
0.000119
0.000311
0.000457
0.000581
0.000803
0.001191
0.001669
0.002217
0.002809
0.003368
0.003822
0.004142
0.004325
0.004484
0.004726
0.005048
0.005393
0.005775
0.006214
0.006649
0.007018
0.007279
0.007420
0.007457
0.007491
0.007631
0.007883
0.008178
0.008443
0.008624
0.008763
0.008944
0.009183
0.009432
0.009697
0.010010
0.010340
0.010621
0.010804
0.010924
0.011073
0.011307
0.011624
0.011899
0.012019
0.012011
0.011994
0.012031
0.012105
0.012177
0.012208
0.012179
0.012129
0.012149
0.012263
0.012453
0.012733
0.013055
0.013328
0.013481
0.013490
0.013392
0.013302
0.013232
0.013219
0.013383
0.013694
0.014034
0.014289
0.014396
0.014334
0.014129
0.013832
0.013527
0.013350
0.013363
0.013484
0.013714
0.014014
0.014277
0.014417
0.014493
0.014570
0.014620
0.014613
0.014524
0.014360
0.014137
0.013879
0.013604
0.013402
0.013266
0.013091
0.012924
0.012770
0.012606
0.012417
0.012198
0.011953
0.011690
0.011482
0.011351
0.011220
0.010963
0.010556
0.010098
0.009748
0.009535
0.009343
0.009089
0.008771
0.008415
0.008058
0.007706
0.007290
0.006781
0.006247
0.005751
0.005326
0.004893
0.004416
0.003935
0.003500
0.003050
0.002541
0.002035
0.001588
0.001242
0.000907
0.000506
0.000076
-0.000329
-0.000656
-0.000967
-0.001324
-0.001707
-0.002064
-0.002428
-0.002840
-0.003257
-0.003619
-0.003888
-0.004117
-0.004387
-0.004705
-0.005076
-0.005519
-0.005975
-0.006355
-0.006603
-0.006710
-0.006709
-0.006686
-0.006760
-0.006962
-0.007269
-0.007678
-0.008129
-0.008517
-0.008762
-0.008840
-0.008777
-0.008628
-0.008469
-0.008432
-0.008587
-0.008948
-0.009447
-0.009931
-0.010280
-0.010433
-0.010394
-0.010208
-0.009952
-0.009689
-0.009466
-0.009296
-0.009174
-0.009077
-0.008987
-0.008885
-0.008766
-0.008631
-0.008480
-0.008315
-0.008151
-0.007994
-0.007851
-0.007722
-0.007603
-0.007489
-0.007377
-0.007264
-0.007148
-0.007031
-0.006909
-0.006872
-0.006885
-0.006826
-0.006692
-0.006499
-0.006302
-0.006112
-0.006044
-0.006060
-0.006042
-0.005959
-0.005807
-0.005609
-0.005401
-0.005210
-0.005064
-0.004964
-0.004900
-0.004850
-0.004800
-0.004734
-0.004654
-0.004550
-0.004433
-0.004312
-0.004201
-0.004002
-0.003676
-0.003282
-0.003002
-0.002846
-0.002724
-0.002608
-0.002489
-0.002269
-0.001992
-0.001704
-0.001372
-0.001057
-0.000802
-0.000639
-0.000553
-0.000433
-0.000193
0.000118
0.000432
0.000690
0.000869
0.001048
0.001295
0.001567
0.001820
0.002099
0.002449
0.002791
0.003075
0.003248
0.003413
0.003630
0.003874
0.004087
0.004330
0.004631
0.004931
0.005164
0.005389
0.005649
0.005898
0.006077
0.006253
0.006482
0.006713
0.006889
0.006969
0.006947
0.006935
0.007017
0.007152
0.007276
0.007333
0.007301
0.007177
0.006999
0.006896
0.006951
0.007122
0.007414
0.007773
0.008085
0.008264
0.008278
0.008145
0.007911
0.007630
0.007356
0.007121
0.006930
0.006769
0.006622
0.006469
0.006304
0.006121
0.005927
0.005666
0.005281
0.004793
0.004288
0.003782
0.003311
0.002970
0.002795
0.002687
0.002570
0.002399
0.002207
0.002002
0.001738
0.001445
0.001159
0.000917
0.000732
0.000603
0.000511
0.000438
0.000268
-0.000060
-0.000480
-0.000997
-0.001589
-0.002147
-0.002589
-0.002863
-0.002986
-0.002998
-0.002959
-0.002943
-0.003065
-0.003359
-0.003759
-0.004224
-0.004611
-0.004816
-0.004939
-0.005060
-0.005189
-0.005352
-0.005612
-0.005998
-0.006509
-0.007070
-0.007559
-0.007893
-0.008038
-0.008015
-0.007878
-0.007694
-0.007517
-0.007379
-0.007288
-0.007292
-0.007443
-0.007700
-0.008026
-0.008399
-0.008751
-0.009007
-0.009129
-0.009119
-0.009006
-0.008829
-0.008713
-0.008752
-0.008987
-0.009391
-0.009836
-0.010188
-0.010360
-0.010337
-0.010153
-0.009883
-0.009594
-0.009339
-0.009136
-0.008979
-0.008865
-0.008865
-0.008983
-0.009145
-0.009288
-0.009432
-0.009502
-0.009413
-0.009186
-0.008873
-0.008579
-0.008394
-0.008269
-0.008122
-0.007965
-0.007878
-0.007848
-0.007745
-0.007517
-0.007197
-0.006847
-0.006522
-0.006255
-0.006047
-0.005889
-0.005762
-0.005644
-0.005520
-0.005387
-0.005240
-0.005088
-0.004864
-0.004506
-0.004158
-0.003859
-0.003558
-0.003279
-0.003035
-0.002844
-0.002699
-0.002596
-0.002514
-0.002444
-0.002370
-0.002273
-0.002080
-0.001860
-0.001711
-0.001626
-0.001492
-0.001247
-0.000939
-0.000628
-0.000327
0.000024
0.000422
0.000799
0.001099
0.001297
0.001394
0.001413
0.001388
0.001351
0.001334
0.001406
0.001632
0.001909
0.002135
0.002323
0.002493
0.002636
0.002819
0.003100
0.003436
0.003754
0.003992
0.004127
0.004170
0.004143
0.004081
0.004009
0.004041
0.004145
0.004287
0.004512
0.004754
0.005059
0.005331
0.005472
0.005565
0.005663
0.005685
0.005663
0.005671
0.005706
0.005756
0.005797
0.005808
0.005778
0.005712
0.005617
0.005509
0.005399
0.005298
0.005213
0.005139
0.005073
0.005012
0.004949
0.004879
0.004800
0.004676
0.004470
0.004261
0.004133
0.004086
0.004098
0.004125
0.004140
0.004120
0.004065
0.003981
0.003883
0.003782
0.003691
0.003605
0.003524
0.003387
0.003179
0.002932
0.002699
0.002575
0.002529
0.002445
0.002277
0.002039
0.001708
0.001274
0.000889
0.000618
0.000414
0.000262
0.000159
0.000098
0.000066
0.000051
0.000043
0.000036
0.000028
0.000023
0.000028
0.000041
0.000056
0.000068
0.000075
0.000075
0.000076
0.000081
-0.000006
-0.000247
-0.000568
-0.000981
-0.001455
-0.001897
-0.002132
-0.002170
-0.002136
-0.002079
-0.002039
-0.002020
-0.002023
-0.002031
-0.002035
-0.002022
-0.001994
-0.001951
-0.001898
-0.001837
-0.001770
-0.001714
-0.001694
-0.001790
-0.002018
-0.002306
-0.002596
-0.002897
-0.003145
-0.003330
-0.003500
-0.003634
-0.003723
-0.003750
-0.003728
-0.003662
-0.003577
-0.003521
-0.003558
-0.003649
-0.003755
-0.003824
-0.003878
-0.003948
-0.004015
-0.004098
-0.004260
-0.004465
-0.004565
-0.004520
-0.004447
-0.004426
-0.004457
-0.004513
-0.004558
-0.004555
-0.004496
-0.004391
-0.004263
-0.004126
-0.003993
-0.003869
-0.003754
-0.003647
-0.003542
-0.003435
-0.003327
-0.003215
-0.003102
-0.002988
-0.002877
-0.002768
-0.002661
-0.002557
-0.002455
-0.002359
-0.002272
-0.002189
-0.002100
-0.002000
-0.001893
-0.001783
-0.001676
-0.001573
-0.001477
-0.001386
-0.001300
-0.001211
-0.001117
-0.001020
-0.000920
-0.000817
-0.000718
-0.000623
-0.000535
-0.000454
-0.000379
-0.000305
-0.000234
-0.000162
-0.000090
-0.000013
0.000072
0.000164
0.000256
0.000344
0.000422
0.000493
0.000555
0.000614
0.000674
0.000812
0.001089
0.001379
0.001538
0.001538
0.001429
0.001357
0.001447
0.001612
0.001795
0.002018
0.002252
0.002457
0.002597
0.002676
0.002711
0.002725
0.002725
0.002721
0.002718
0.002723
0.002733
0.002753
0.002774
0.002870
0.003021
0.003215
0.003374
0.003481
0.003617
0.003662
0.003554
0.003336
0.003187
0.003217
0.003393
0.003639
0.003873
0.004041
0.004122
0.004123
0.004065
0.003978
0.003894
0.003833
0.003801
0.003794
0.003801
0.003810
0.003814
0.003812
0.003849
0.004005
0.004212
0.004321
0.004275
0.004169
0.004142
0.004235
0.004404
0.004597
0.004762
0.004868
0.004905
0.004960
0.005039
0.005133
0.005213
0.005262
0.005349
0.005460
0.005576
0.005663
0.005717
0.005721
0.005690
0.005626
0.005629
0.005690
0.005817
0.006028
0.006262
0.006460
0.006578
0.006607
0.006557
0.006491
0.006486
0.006531
0.006637
0.006802
0.006966
0.007082
0.007167
0.007245
0.007253
0.007217
0.007230
0.007310
0.007423
0.007517
0.007552
0.007508
0.007402
0.007262
0.007183
0.007244
0.007412
0.007606
0.007748
0.007790
0.007720
0.007564
0.007454
0.007477
0.007591
0.007724
0.007807
0.007806
0.007739
0.007711
0.007771
0.007871
0.007954
0.007970
0.007898
0.007743
0.007528
0.007321
0.007232
0.007235
0.007245
0.007201
0.007085
0.006959
0.006855
0.006845
0.006974
0.007179
0.007368
0.007460
0.007427
0.007282
0.007063
0.006810
0.006557
0.006318
0.006097
0.005895
0.005706
0.005525
0.005346
0.005169
0.004998
0.004835
0.004676
0.004520
0.004420
0.004447
0.004577
0.004731
0.004834
0.004841
0.004752
0.004593
0.004391
0.004177
0.003970
0.003780
0.003608
0.003449
0.003300
0.003120
0.002884
0.002596
0.002374
0.002179
0.001918
0.001567
0.001171
0.000788
0.000459
0.000205
0.000020
-0.000114
-0.000225
-0.000324
-0.000426
-0.000538
-0.000759
-0.001066
-0.001411
-0.001788
-0.002062
-0.002255
-0.002437
-0.002666
-0.003019
-0.003484
-0.003964
-0.004381
-0.004677
-0.004851
-0.004924
-0.005014
-0.005222
-0.005616
-0.006184
-0.006807
-0.007351
-0.007730
-0.007919
-0.007951
-0.007881
-0.007779
-0.007731
-0.007937
-0.008449
-0.009107
-0.009727
-0.010168
-0.010374
-0.010370
-0.010227
-0.010019
-0.009814
-0.009658
-0.009573
-0.009698
-0.010117
-0.010702
-0.011276
-0.011683
-0.011857
-0.011814
-0.011628
-0.011387
-0.011162
-0.010988
-0.010881
-0.010914
-0.011115
-0.011474
-0.011919
-0.012314
-0.012564
-0.012627
-0.012524
-0.012307
-0.012041
-0.011776
-0.011543
-0.011355
-0.011208
-0.011156
-0.011228
-0.011368
-0.011496
-0.011645
-0.011839
-0.012005
-0.012009
-0.011761
-0.011412
-0.011046
-0.010764
-0.010631
-0.010603
-0.010613
-0.010599
-0.010518
-0.010358
-0.010132
-0.009870
-0.009600
-0.009345
-0.009114
-0.008903
-0.008698
-0.008494
-0.008285
-0.008076
-0.007865
-0.007659
-0.007453
-0.007335
-0.007356
-0.007451
-0.007546
-0.007592
-0.007638
-0.007706
-0.007743
-0.007652
-0.007465
-0.007268
-0.007076
-0.006897
-0.006719
-0.006532
-0.006325
-0.006097
-0.005854
-0.005611
-0.005375
-0.005154
-0.004949
-0.004756
-0.004566
-0.004375
-0.004182
-0.003983
-0.003783
-0.003588
-0.003398
-0.003218
-0.003045
-0.002877
-0.002706
-0.002537
-0.002373
-0.002215
-0.002059
-0.001899
-0.001733
-0.001566
-0.001404
-0.001258
-0.001125
-0.001002
-0.000882
-0.000759
-0.000631
-0.000500
-0.000366
-0.000232
-0.000101
0.000022
0.000133
0.000235
0.000334
0.000435
0.000536
0.000633
0.000729
0.000824
0.000921
0.000938
0.000833
0.000668
0.000511
0.000418
0.000420
0.000575
0.000806
0.001001
0.001140
0.001285
0.001423
0.001503
0.001540
0.001550
0.001588
0.001732
0.001968
0.002170
0.002269
0.002273
0.002228
0.002179
0.002164
0.002196
0.002322
0.002530
0.002733
0.002869
0.002979
0.003137
0.003359
0.003606
0.003838
0.004025
0.004162
0.004247
0.004298
0.004326
0.004420
0.004554
0.004640
0.004668
0.004720
0.004862
0.005071
0.005307
0.005506
0.005642
0.005719
0.005818
0.005981
0.006177
0.006357
0.006485
0.006540
0.006530
0.006494
0.006516
0.006634
0.006801
0.006955
0.007053
0.007080
0.007045
0.006995
0.007005
0.007092
0.007258
0.007510
0.007791
0.008021
0.008145
0.008153
0.008063
0.007912
0.007737
0.007570
0.007478
0.007554
0.007752
0.007986
0.008210
0.008315
0.008277
0.008162
0.008019
0.007880
0.007751
0.007632
0.007517
0.007402
0.007282
0.007219
0.007241
0.007301
0.007411
0.007567
0.007641
0.007552
0.007381
0.007223
0.007102
0.007009
0.006925
0.006830
0.006710
0.006563
0.006393
0.006207
0.006014
0.005820
0.005636
0.005477
0.005390
0.005377
0.005338
0.005204
0.004985
0.004717
0.004441
0.004191
0.004000
0.003870
0.003725
0.003530
0.003274
0.002984
0.002731
0.002513
0.002313
0.002130
0.001965
0.001819
0.001687
0.001567
0.001456
0.001355
0.001259
0.001166
0.001071
0.000974
0.000875
0.000775
0.000677
0.000587
0.000502
0.000421
0.000341
0.000259
0.000176
0.000131
0.000159
0.000233
0.000312
0.000359
0.000357
0.000303
0.000248
0.000239
0.000230
0.000211
0.000203
0.000194
0.000172
0.000128
0.000061
-0.000031
-0.000134
-0.000239
-0.000340
-0.000435
-0.000522
-0.000564
-0.000533
-0.000503
-0.000493
-0.000528
-0.000601
-0.000674
-0.000742
-0.000798
-0.000852
-0.000911
-0.000983
-0.001061
-0.001136
-0.001173
-0.001199
-0.001257
-0.001347
-0.001446
-0.001516
-0.001564
-0.001583
-0.001573
-0.001555
-0.001547
-0.001564
-0.001623
-0.001730
-0.001849
-0.001947
-0.002038
-0.002149
-0.002286
-0.002408
-0.002514
-0.002625
-0.002726
-0.002800
-0.002872
-0.002967
-0.003082
-0.003196
-0.003291
-0.003356
-0.003390
-0.003399
-0.003394
-0.003383
-0.003374
-0.003370
-0.003370
-0.003374
-0.003407
-0.003481
-0.003574
-0.003686
-0.003811
-0.003893
-0.003925
-0.003932
-0.003921
-0.003900
-0.003872
-0.003840
-0.003810
-0.003805
-0.003832
-0.003870
-0.003903
-0.003937
-0.003975
-0.003999
-0.004000
-0.003971
-0.003917
-0.003845
-0.003773
-0.003727
-0.003710
-0.003715
-0.003739
-0.003768
-0.003781
-0.003762
-0.003708
-0.003625
-0.003526
-0.003422
-0.003320
-0.003236
-0.003196
-0.003206
-0.003240
-0.003265
-0.003256
-0.003203
-0.003112
-0.002997
-0.002873
-0.002753
-0.002644
-0.002546
-0.002472
-0.002425
-0.002403
-0.002399
-0.002392
-0.002366
-0.002312
-0.002231
-0.002129
-0.002018
-0.001909
-0.001807
-0.001723
-0.001656
-0.001610
-0.001579
-0.001551
-0.001520
-0.001475
-0.001415
-0.001337
-0.001249
-0.001155
-0.001061
-0.000970
-0.000886
-0.000806
-0.000731
-0.000656
-0.000583
-0.000510
-0.000439
-0.000369
-0.000302
-0.000237
-0.000175
-0.000115
-0.000064
-0.000027
-0.000004
0.000008
0.000018
0.000044
0.000094
0.000155
0.000213
0.000264
0.000313
0.000367
0.000416
0.000457
0.000490
0.000520
0.000556
0.000595
0.000633
0.000675
0.000720
0.000764
0.000804
0.000839
0.000869
0.000897
0.000921
0.000942
0.000965
0.000989
0.001014
0.001035
0.001052
0.001064
0.001072
0.001077
0.001081
0.001085
0.001089
0.001092
0.001095
0.001098
0.001099
0.001100
0.001100
0.001099
0.001097
0.001094
0.001091
0.001088
0.001085
0.001083
0.001081
0.001077
0.001074
0.001072
0.001068
0.001063
0.001059
0.001055
0.001051
0.001045
0.001037
0.001026
0.001012
0.000998
0.000983
0.000968
0.000953
0.000939
0.000925
0.000911
0.000898
0.000885
0.000871
0.000857
0.000844
0.000830
0.000817
0.000804
0.000791
0.000778
0.000765
0.000750
0.000734
0.000717
0.000700
0.000683
0.000667
0.000650
0.000634
0.000618
0.000603
0.000588
0.000572
0.000557
0.000542
0.000527
0.000512
0.000498
0.000483
0.000469
0.000455
0.000441
0.000428
0.000415
0.000402
0.000390
0.000377
0.000364
0.000352
0.000340
0.000328
0.000316
0.000304
0.000291
0.000279
0.000268
0.000256
0.000245
0.000234
0.000223
0.000213
0.000202
0.000192
0.000182
0.000172
0.000163
0.000153
0.000144
0.000135
0.000127
0.000118
0.000110
0.000101
0.000093
0.000085
0.000078
0.000070
0.000063
0.000056
0.000049
0.000042
0.000035
0.000029
0.000023
0.000016
0.000011
0.000005
-0.000001
-0.000006
-0.000011
-0.000017
-0.000021
-0.000026
-0.000031
-0.000035
-0.000040
-0.000044
-0.000048
-0.000052
-0.000055
-0.000059
-0.000062
-0.000066
-0.000069
-0.000072
-0.000075
-0.000078
-0.000080
-0.000083
-0.000085
-0.000087
