0.000016
0.000013
0.000020
0.000023
0.000039
0.000052
0.000075
0.000080
0.000054
-0.000001
-0.000043
-0.000075
-0.000077
-0.000076
-0.000070
-0.000091
-0.000153
-0.000305
-0.000490
-0.000668
-0.000717
-0.000510
-0.000092
0.000325
0.000587
0.000548
0.000214
-0.000156
-0.000199
0.000125
0.000746
0.001325
0.001642
0.001617
0.001239
0.000527
-0.000221
-0.000754
-0.000954
-0.001062
-0.001236
-0.001322
-0.001093
-0.000530
0.000300
0.000771
0.000498
-0.000353
-0.001070
-0.000934
0.000259
0.001893
0.002624
0.001564
-0.001057
-0.003776
-0.005161
-0.004710
-0.002805
-0.000046
0.002588
0.004156
0.004264
0.003453
0.002850
0.003167
0.004220
0.005142
0.005000
0.003020
0.000137
-0.002322
-0.003631
-0.004200
-0.005084
-0.006926
-0.009260
-0.010274
-0.009102
-0.005313
0.000506
0.005977
0.008266
0.007269
0.005841
0.006462
0.009509
0.013405
0.015033
0.013354
0.009396
0.003822
-0.001979
-0.006149
-0.009504
-0.012230
-0.014011
-0.014676
-0.014075
-0.011109
-0.006011
-0.000539
0.005324
0.011301
0.015443
0.015399
0.010824
0.004195
0.000141
-0.000782
0.000023
0.000870
0.000750
-0.000377
-0.002869
-0.005372
-0.005875
-0.004497
-0.001636
0.002742
0.005240
0.003214
-0.001576
-0.004023
-0.001146
0.005875
0.011774
0.011102
0.004325
-0.005034
-0.013440
-0.017524
-0.017200
-0.015598
-0.015036
-0.014622
-0.011805
-0.006564
-0.001540
0.000117
-0.003368
-0.010126
-0.013381
-0.007409
0.009731
0.032265
0.043372
0.039391
0.025224
0.008722
-0.001547
-0.004809
-0.004810
-0.004282
-0.003640
-0.004614
-0.011105
-0.022470
-0.029605
-0.027677
-0.017994
-0.005703
0.007065
0.018602
0.028224
0.029892
0.017997
-0.003854
-0.015648
-0.009274
0.007599
0.021099
0.022565
0.015663
0.008952
0.003503
-0.004518
-0.013847
-0.017956
-0.017165
-0.018369
-0.023917
-0.027864
-0.021413
-0.001864
0.016557
0.018470
0.006169
-0.004866
-0.004733
0.008312
0.027490
0.040813
0.039132
0.022183
-0.005557
-0.033330
-0.047317
-0.042374
-0.028903
-0.017427
-0.014153
-0.017542
-0.019593
-0.014568
0.001160
0.023517
0.043426
0.049611
0.044047
0.034482
0.019182
-0.009433
-0.038370
-0.051727
-0.046491
-0.027082
-0.006998
0.007027
0.026795
0.048509
0.053805
0.037401
0.006916
-0.021152
-0.042373
-0.051968
-0.048909
-0.037991
-0.015024
0.007359
0.012243
0.001639
-0.013280
-0.017980
-0.009876
0.003512
0.015431
0.019810
0.018219
0.016383
0.017027
0.019290
0.020583
0.019397
0.017277
0.019618
0.026103
0.033805
0.039797
0.040772
0.028590
0.005863
-0.028220
-0.061053
-0.079176
-0.082931
-0.071433
-0.046122
-0.015000
0.010067
0.022129
0.026097
0.029224
0.026537
0.014668
-0.004298
-0.014611
-0.007679
0.010891
0.029454
0.034701
0.025294
0.009059
-0.005315
-0.018783
-0.030105
-0.030540
-0.016931
0.002627
0.014737
0.011738
-0.000062
-0.010137
-0.015543
-0.016729
-0.012022
0.005982
0.026818
0.031157
0.010572
-0.019948
-0.035221
-0.030471
-0.011740
0.011079
0.039633
0.062834
0.064273
0.038660
-0.008678
-0.046409
-0.063566
-0.069315
-0.061371
-0.030303
0.009507
0.025871
0.013083
-0.012603
-0.028618
-0.021523
0.003732
0.031123
0.044005
0.034247
0.005768
-0.022226
-0.024704
0.000788
0.037203
0.067927
0.071021
0.046890
0.008123
-0.024135
-0.033196
-0.023764
-0.008149
-0.000325
-0.005741
-0.020942
-0.036569
-0.040695
-0.028208
-0.008605
0.008429
0.012453
0.006090
0.001290
0.005702
0.017218
0.026327
0.025277
0.013829
0.000748
-0.000585
0.013335
0.034973
0.045219
0.037336
0.017056
-0.007618
-0.034591
-0.048975
-0.053227
-0.039464
-0.010658
0.012144
0.026081
0.031688
0.033319
0.034722
0.034271
0.028954
0.020055
0.011542
0.005483
0.001344
-0.006499
-0.021737
-0.039426
-0.046265
-0.039504
-0.029127
-0.025677
-0.029874
-0.031871
-0.022160
-0.001214
0.017095
0.020236
0.010242
0.003082
0.009939
0.027527
0.054764
0.080503
0.087442
0.063912
0.021233
-0.023928
-0.046686
-0.043336
-0.031314
-0.019430
-0.014788
-0.020928
-0.035401
-0.047402
-0.046162
-0.030048
0.000614
0.033616
0.050006
0.043414
0.025543
0.011708
0.008870
0.013244
0.014651
0.006998
-0.005656
-0.015679
-0.017526
-0.012597
-0.006137
-0.002539
-0.004589
-0.013343
-0.029748
-0.044040
-0.043696
-0.025272
0.008225
0.037036
0.054928
0.061385
0.059504
0.056024
0.048519
0.035377
0.021070
0.009757
-0.000082
-0.008676
-0.017693
-0.028090
-0.038255
-0.044126
-0.043968
-0.036827
-0.020678
-0.001570
0.011110
0.010461
-0.000710
-0.009448
-0.007336
0.002838
0.014250
0.023754
0.032816
0.041046
0.044246
0.042431
0.037695
0.030255
0.018495
0.001211
-0.023441
-0.049156
-0.068829
-0.072530
-0.060635
-0.039147
-0.012028
0.008823
0.015584
0.010082
-0.001379
-0.011900
-0.014627
-0.010891
-0.006722
-0.002562
0.005431
0.017821
0.027954
0.031039
0.028408
0.022593
0.016250
0.012369
0.012921
0.014786
0.010216
-0.004784
-0.025404
-0.044448
-0.050580
-0.041874
-0.024147
-0.007552
0.001807
0.002764
0.000329
0.001388
0.007526
0.015783
0.019165
0.014288
0.005703
-0.000305
0.000837
0.009580
0.021587
0.026825
0.019935
0.005459
-0.009799
-0.021080
-0.026722
-0.027342
-0.026534
-0.025813
-0.023757
-0.017877
-0.010329
-0.005709
-0.005256
-0.004849
0.000090
0.010721
0.025450
0.038269
0.041923
0.031309
0.008009
-0.014840
-0.027491
-0.030916
-0.028916
-0.024984
-0.020219
-0.013928
-0.006866
-0.002619
-0.003640
-0.007455
-0.007891
-0.000478
0.015772
0.033435
0.042398
0.040050
0.029912
0.016111
0.000360
-0.014688
-0.024487
-0.025275
-0.020310
-0.012741
-0.001449
0.009902
0.013951
0.008816
-0.003709
-0.016426
-0.019474
-0.008172
0.011944
0.027051
0.023585
0.000201
-0.033666
-0.054707
-0.050387
-0.026267
0.007294
0.034080
0.035358
0.014826
-0.012137
-0.028210
-0.023458
-0.004934
0.018950
0.036661
0.043334
0.038521
0.023656
0.005134
-0.007599
-0.011570
-0.010792
-0.011654
-0.015503
-0.020297
-0.023997
-0.025423
-0.024959
-0.022759
-0.016970
-0.006049
0.006976
0.017356
0.020862
0.016938
0.008551
0.002404
0.003552
0.011333
0.020990
0.025266
0.019842
0.005840
-0.008160
-0.013924
-0.012585
-0.012334
-0.018054
-0.026162
-0.028382
-0.020479
-0.005681
0.008432
0.014676
0.012471
0.005757
0.000338
0.000815
0.006617
0.012532
0.013514
0.004762
-0.013773
-0.034656
-0.045283
-0.042533
-0.031208
-0.016618
-0.005841
-0.005167
-0.010293
-0.011668
-0.004934
0.007858
0.021035
0.029753
0.032003
0.029495
0.025711
0.024549
0.027890
0.032627
0.032321
0.021162
0.003520
-0.012218
-0.020601
-0.022911
-0.026087
-0.032926
-0.039832
-0.044684
-0.046812
-0.045245
-0.040621
-0.034077
-0.025762
-0.017211
-0.004458
0.014804
0.038161
0.058561
0.066598
0.060994
0.047853
0.036521
0.031166
0.028062
0.021203
0.007521
-0.010653
-0.028263
-0.038491
-0.039186
-0.033092
-0.025457
-0.020926
-0.019552
-0.017123
-0.009768
0.001042
0.012793
0.020116
0.021992
0.021094
0.019910
0.020861
0.024046
0.026867
0.026368
0.020352
0.008618
-0.003183
-0.016447
-0.026628
-0.029384
-0.026971
-0.022565
-0.017081
-0.009114
0.000716
0.010426
0.016739
0.018421
0.018840
0.021922
0.027811
0.031064
0.025145
0.009986
-0.006176
-0.015779
-0.014958
-0.006907
0.001426
0.005143
0.002758
-0.005021
-0.013572
-0.015699
-0.009961
-0.001123
0.006164
0.009738
0.009693
0.007480
0.008366
0.013603
0.019765
0.021240
0.016801
0.009885
0.003417
0.000978
0.000379
-0.001568
-0.004147
-0.006757
-0.011618
-0.020738
-0.028554
-0.029235
-0.021527
-0.007720
0.005858
0.013187
0.015079
0.013707
0.008567
-0.000966
-0.010086
-0.012918
-0.009120
-0.003875
-0.001086
0.001610
0.007599
0.014169
0.017143
0.015194
0.011337
0.009291
0.010986
0.014153
0.015838
0.012989
0.004444
-0.008470
-0.018950
-0.023659
-0.022407
-0.017562
-0.007308
0.008392
0.028679
0.039292
0.029226
0.001591
-0.027029
-0.046823
-0.051204
-0.043597
-0.020502
0.011319
0.040866
0.048154
0.024976
-0.008476
-0.026381
-0.020169
-0.002678
0.011799
0.014400
0.007184
-0.005143
-0.018196
-0.026700
-0.026142
-0.016992
-0.001745
0.012207
0.019241
0.017530
0.011650
0.005384
0.000877
-0.002429
-0.005533
-0.008394
-0.010155
-0.008972
-0.003724
0.006029
0.013371
0.013120
0.006954
-0.001846
-0.008356
-0.009793
-0.005563
0.001407
0.006796
0.005647
-0.001676
-0.008474
-0.008287
0.000917
0.014296
0.025820
0.028735
0.024077
0.014486
0.001360
-0.010333
-0.017635
-0.019349
-0.017799
-0.015523
-0.012427
-0.009232
-0.008276
-0.011568
-0.018329
-0.022775
-0.020302
-0.014131
-0.003162
0.010870
0.020232
0.019617
0.010318
-0.001338
-0.006247
-0.002235
0.003234
0.004144
0.000998
-0.002137
-0.002655
-0.000672
0.003049
0.008694
0.014165
0.014558
0.007533
-0.001680
-0.005329
-0.002735
-0.000023
-0.002495
-0.009201
-0.016697
-0.021705
-0.021814
-0.017584
-0.010097
-0.000048
0.007702
0.009002
0.004065
-0.003577
-0.007281
-0.004593
0.003755
0.012905
0.016545
0.013158
0.005732
-0.002096
-0.007275
-0.008370
-0.005743
-0.001891
-0.000331
-0.002555
-0.005795
-0.006603
-0.005150
-0.002697
-0.000767
-0.001338
-0.002103
0.001525
0.011622
0.020944
0.021611
0.012978
-0.000692
-0.013531
-0.019702
-0.016136
-0.006009
0.007774
0.018337
0.019107
0.012526
0.005134
-0.000061
-0.004223
-0.006737
-0.005709
-0.001703
0.001491
0.000149
-0.004678
-0.008630
-0.008973
-0.006312
-0.001827
0.004315
0.008915
0.008346
0.001297
-0.011024
-0.022108
-0.024284
-0.016869
-0.003975
0.008023
0.013250
0.011912
0.006094
-0.003017
-0.012160
-0.014829
-0.008865
0.002774
0.013732
0.020460
0.021773
0.019727
0.016624
0.010920
0.002910
-0.004233
-0.009112
-0.010747
-0.008918
-0.004987
-0.002163
-0.004943
-0.013118
-0.021529
-0.023905
-0.018776
-0.010622
-0.004428
-0.003156
-0.005818
-0.006748
-0.001350
0.011011
0.024434
0.028554
0.019364
-0.000867
-0.021342
-0.031706
-0.027476
-0.009623
0.015393
0.032343
0.032183
0.020624
0.008527
0.002635
0.004309
0.009126
0.012410
0.013532
0.013787
0.013577
0.011628
0.006463
-0.002573
-0.013534
-0.021014
-0.020079
-0.014098
-0.007801
-0.003140
-0.000777
-0.001080
-0.002735
-0.003347
-0.001437
0.002199
0.005899
0.008194
0.008224
0.005092
-0.000652
-0.005870
-0.006569
-0.001586
0.008371
0.019876
0.027428
0.025050
0.014472
0.000639
-0.005350
-0.000123
0.007391
0.008798
0.001688
-0.013097
-0.027447
-0.031124
-0.022173
-0.003683
0.015260
0.023323
0.019497
0.011582
0.007738
0.010748
0.018590
0.027046
0.031704
0.029469
0.019772
0.005533
-0.005096
-0.006938
-0.002181
0.003343
0.004895
0.001431
-0.004059
-0.009284
-0.011706
-0.012585
-0.014029
-0.015864
-0.016292
-0.013620
-0.007562
0.000404
0.006356
0.007764
0.004009
-0.004663
-0.014304
-0.018233
-0.013000
0.001591
0.021158
0.033785
0.034558
0.029162
0.022613
0.014514
0.004926
-0.002690
-0.004970
-0.005390
-0.007179
-0.010634
-0.015175
-0.021425
-0.026441
-0.025906
-0.020058
-0.011294
-0.003390
0.001046
0.001609
0.001684
0.004621
0.011216
0.018330
0.021490
0.020134
0.017229
0.014244
0.011117
0.007606
0.004938
0.004932
0.006723
0.006707
0.002449
-0.005472
-0.012703
-0.017104
-0.018499
-0.017400
-0.013550
-0.006646
0.001196
0.006309
0.005812
0.001933
-0.002384
-0.003337
0.001181
0.009787
0.016111
0.014514
0.004960
-0.007394
-0.012889
-0.006308
0.010871
0.031648
0.044471
0.045881
0.038894
0.021979
0.000498
-0.015869
-0.024300
-0.027110
-0.029275
-0.034879
-0.044365
-0.053314
-0.054475
-0.047325
-0.033839
-0.015034
0.007826
0.022742
0.022769
0.012484
0.001411
-0.002437
0.002349
0.013749
0.025442
0.028703
0.017358
-0.001313
-0.017380
-0.025652
-0.024080
-0.014110
-0.001445
0.004110
0.000991
-0.005469
-0.011496
-0.014208
-0.011501
-0.006129
-0.003031
-0.002791
-0.001990
0.002504
0.009058
0.014704
0.017456
0.015887
0.009695
0.000083
-0.007901
-0.007687
-0.001593
0.002073
0.000062
-0.004426
-0.007293
-0.007135
-0.005358
-0.001562
0.004184
0.009366
0.010166
0.007180
0.002903
-0.000631
-0.003003
-0.006131
-0.010703
-0.014047
-0.015292
-0.014577
-0.010397
-0.001488
0.011271
0.022029
0.025031
0.022899
0.019316
0.013024
0.004505
-0.003373
-0.008213
-0.008972
-0.006900
-0.005084
-0.006532
-0.012196
-0.019782
-0.025321
-0.028780
-0.026900
-0.013960
0.004404
0.011033
0.006152
0.003589
0.006231
0.006468
-0.002985
-0.013868
-0.011250
0.010395
0.028969
0.029440
0.020027
0.010772
0.004371
0.000251
0.000264
0.003903
0.008449
0.010715
0.010151
0.009244
0.009532
0.010161
0.009147
0.005946
0.001343
-0.004520
-0.010520
-0.018407
-0.027883
-0.033874
-0.031982
-0.024673
-0.017734
-0.013218
-0.008292
0.000875
0.009950
0.012611
0.010322
0.008492
0.012331
0.023536
0.037235
0.042556
0.036268
0.024064
0.014320
0.009728
0.005494
-0.000109
-0.005352
-0.009609
-0.014517
-0.020140
-0.021891
-0.017700
-0.009512
-0.001224
0.001798
-0.000553
-0.003929
-0.003780
-0.000181
0.003136
0.003689
0.001822
-0.000660
-0.002493
-0.002639
-0.001352
-0.000809
-0.001098
-0.000951
0.000375
0.004272
0.011249
0.017925
0.019526
0.015290
0.007608
0.000107
-0.005306
-0.007095
-0.005588
-0.001735
0.004553
0.010727
0.012234
0.008023
0.001440
-0.002033
0.000491
0.005727
0.008712
0.005486
-0.002064
-0.011392
-0.022735
-0.033479
-0.037865
-0.032223
-0.015999
0.002435
0.016433
0.017999
0.010353
0.002671
0.000727
0.005074
0.012996
0.022493
0.029173
0.028232
0.017396
-0.000517
-0.016981
-0.028558
-0.030196
-0.021933
-0.007407
0.006333
0.010908
0.006887
-0.000076
-0.004733
-0.005007
-0.002508
0.000778
0.006189
0.014339
0.021218
0.020212
0.009977
-0.003537
-0.011883
-0.012674
-0.008276
-0.001228
0.005895
0.011110
0.013461
0.012144
0.007240
-0.001260
-0.010946
-0.017669
-0.017727
-0.012925
-0.005798
0.002020
0.008104
0.009290
0.003406
-0.008585
-0.021890
-0.031750
-0.032253
-0.023219
-0.008621
0.005655
0.015197
0.018567
0.019095
0.021639
0.026280
0.028187
0.024572
0.015397
0.002753
-0.006744
-0.007696
-0.002557
0.004098
0.008268
0.007342
0.000529
-0.011617
-0.023814
-0.029642
-0.026778
-0.018899
-0.009008
0.000241
0.006241
0.008625
0.009797
0.010962
0.011510
0.010805
0.010951
0.014930
0.022417
0.028896
0.030298
0.025620
0.016224
0.003230
-0.006002
-0.006629
-0.000490
0.009864
0.019745
0.021227
0.012754
-0.002237
-0.016620
-0.021866
-0.017439
-0.009720
-0.004560
-0.004090
-0.006679
-0.009829
-0.011588
-0.010536
-0.005718
-0.000032
0.003845
0.004504
0.002104
-0.000638
-0.001210
0.000206
0.001649
0.001755
0.000710
-0.001510
-0.005958
-0.012803
-0.020195
-0.025488
-0.028935
-0.030123
-0.028223
-0.022239
-0.012209
-0.002235
0.002367
0.000331
-0.005932
-0.012345
-0.016431
-0.017066
-0.016193
-0.013675
-0.010082
-0.006979
-0.005707
-0.006424
-0.007701
-0.008687
-0.007466
-0.004075
-0.002394
-0.005403
-0.011588
-0.018047
-0.022390
-0.022423
-0.017908
-0.011164
-0.008056
-0.014455
-0.032059
-0.052008
-0.059824
-0.052935
-0.039716
-0.028044
-0.021753
-0.019818
-0.018194
-0.014010
-0.005990
0.006634
0.021902
0.034119
0.037418
0.032136
0.022937
0.013800
0.007680
0.001205
-0.005972
-0.011470
-0.010602
-0.002086
0.009330
0.016588
0.016074
0.008472
-0.002332
-0.013224
-0.021254
-0.021645
-0.014274
-0.002892
0.007419
0.011791
0.011677
0.010947
0.009808
0.004429
-0.006327
-0.015850
-0.020417
-0.021965
-0.022902
-0.024773
-0.026634
-0.026601
-0.021523
-0.009515
0.007495
0.019380
0.020036
0.012197
-0.001515
-0.015033
-0.020375
-0.017492
-0.011029
-0.003276
0.004512
0.009874
0.012448
0.014551
0.019002
0.024898
0.029583
0.030712
0.028491
0.024010
0.019050
0.014306
0.009547
0.004513
0.000951
0.000360
0.001049
0.001032
-0.000235
-0.002067
-0.003222
-0.002929
-0.002109
-0.002135
-0.002360
-0.000242
0.005668
0.014777
0.024038
0.031222
0.032997
0.030707
0.026357
0.021000
0.015508
0.012432
0.012360
0.012999
0.012112
0.009148
0.004380
-0.000387
-0.003353
-0.004151
-0.002974
0.000708
0.008289
0.016864
0.022861
0.026854
0.029116
0.028397
0.023130
0.014837
0.009289
0.009327
0.012544
0.015102
0.014172
0.009362
0.003167
0.001052
0.004112
0.009464
0.014489
0.016429
0.013625
0.007059
0.000368
-0.002251
0.000086
0.009200
0.020886
0.025918
0.021496
0.010396
-0.002825
-0.011783
-0.013857
-0.011370
-0.008044
-0.007445
-0.011223
-0.018548
-0.027590
-0.033479
-0.033510
-0.029156
-0.021709
-0.008966
0.007831
0.022329
0.026913
0.023340
0.019596
0.019208
0.019018
0.012427
0.001847
-0.004246
-0.003636
-0.002500
-0.006742
-0.013102
-0.013843
-0.006761
0.003524
0.010041
0.010084
0.005587
-0.000258
-0.004700
-0.005482
-0.002366
0.002570
0.005978
0.004884
0.000365
-0.003447
-0.003489
-0.001447
-0.002713
-0.012049
-0.026648
-0.038576
-0.041228
-0.035064
-0.024664
-0.012694
-0.002575
0.002861
0.006165
0.011078
0.018099
0.026563
0.035079
0.041182
0.042842
0.038874
0.027388
0.009886
-0.009098
-0.022169
-0.027130
-0.030400
-0.036273
-0.043814
-0.049675
-0.050970
-0.047443
-0.038292
-0.023033
-0.004398
0.014013
0.027561
0.036624
0.043728
0.048429
0.049522
0.044144
0.030447
0.010471
-0.008385
-0.018802
-0.017345
-0.007593
0.003638
0.010245
0.008384
-0.000879
-0.012480
-0.019406
-0.019342
-0.015541
-0.011064
-0.005894
-0.001141
0.002291
0.003123
0.000770
-0.004187
-0.007492
-0.005545
0.001012
0.009614
0.016421
0.019238
0.019306
0.018176
0.018035
0.021358
0.028199
0.035860
0.043084
0.046968
0.046066
0.040956
0.032265
0.020876
0.007805
-0.004467
-0.013859
-0.018420
-0.019227
-0.018979
-0.019132
-0.018711
-0.016136
-0.011751
-0.008191
-0.006457
-0.004989
-0.001379
0.006250
0.019458
0.033596
0.038742
0.036263
0.033718
0.031573
0.025169
0.010749
-0.008287
-0.024758
-0.035429
-0.041115
-0.043414
-0.041747
-0.035287
-0.026083
-0.019094
-0.016213
-0.015555
-0.015372
-0.014445
-0.012927
-0.011161
-0.009138
-0.005342
0.002015
0.016176
0.031493
0.037068
0.030169
0.015373
0.001529
-0.008493
-0.010632
-0.005649
-0.001166
-0.001904
-0.005312
-0.007728
-0.008059
-0.007245
-0.006572
-0.006574
-0.007154
-0.008091
-0.010097
-0.013761
-0.018936
-0.024813
-0.030668
-0.035453
-0.037296
-0.035507
-0.031200
-0.024748
-0.016134
-0.005811
0.002519
0.005554
0.004830
0.004538
0.005763
0.006576
0.004920
0.000201
-0.006523
-0.011992
-0.014984
-0.015207
-0.012073
-0.007134
-0.004217
-0.006626
-0.015666
-0.029743
-0.038276
-0.034078
-0.022227
-0.010354
-0.004144
-0.002277
-0.000874
0.001338
0.005386
0.010497
0.015317
0.018036
0.016680
0.011207
0.004054
-0.001625
-0.004607
-0.007100
-0.011813
-0.018081
-0.021145
-0.018845
-0.013663
-0.007944
-0.003244
-0.002204
-0.005770
-0.009980
-0.010116
-0.005700
0.001757
0.012677
0.022635
0.025894
0.024031
0.020408
0.017907
0.017224
0.016289
0.014316
0.012879
0.013250
0.014143
0.014387
0.014339
0.015508
0.016824
0.014946
0.009919
0.003294
-0.001583
-0.003543
-0.003734
-0.003193
-0.002818
-0.002620
-0.002584
-0.002011
0.001154
0.008845
0.018487
0.023880
0.022263
0.018569
0.019461
0.025981
0.032494
0.033221
0.027764
0.016177
0.005670
0.001087
0.002300
0.006397
0.010468
0.013200
0.013939
0.013189
0.011337
0.010561
0.011563
0.012388
0.010505
0.006178
0.002520
0.002407
0.005661
0.011484
0.016809
0.018506
0.015745
0.008206
-0.002905
-0.012271
-0.017815
-0.017754
-0.012880
-0.005028
0.004420
0.013131
0.018742
0.020686
0.020463
0.019354
0.016302
0.010828
0.006332
0.003783
0.001490
-0.003129
-0.010474
-0.019225
-0.023799
-0.023217
-0.021067
-0.018892
-0.015287
-0.010879
-0.007430
-0.006028
-0.004719
-0.002257
0.000074
0.001146
0.000381
-0.002378
-0.006733
-0.013530
-0.023051
-0.029593
-0.029093
-0.024863
-0.021078
-0.017568
-0.013567
-0.009388
-0.005122
-0.002664
-0.002638
-0.005337
-0.009710
-0.015419
-0.019291
-0.019044
-0.016225
-0.011800
-0.003811
0.003777
0.007304
0.006609
0.003822
-0.000461
-0.007606
-0.015187
-0.018975
-0.017501
-0.012763
-0.008692
-0.005881
-0.004155
-0.003456
-0.002749
-0.001991
-0.001505
-0.002740
-0.005769
-0.009537
-0.011939
-0.011676
-0.008939
-0.005310
-0.001253
0.001900
0.003621
0.005056
0.007128
0.009592
0.011357
0.011636
0.009642
0.005412
-0.000611
-0.007628
-0.013196
-0.015289
-0.014400
-0.011742
-0.007821
-0.002655
0.004364
0.011309
0.014421
0.011668
0.004671
-0.004503
-0.010850
-0.012694
-0.011557
-0.009124
-0.004212
0.004006
0.010540
0.011014
0.007698
0.003693
0.001117
0.000650
0.000412
-0.001187
-0.004248
-0.007901
-0.010746
-0.011060
-0.009530
-0.007772
-0.006514
-0.005615
-0.005360
-0.006458
-0.008981
-0.010994
-0.009261
-0.002342
0.008240
0.019490
0.027684
0.030897
0.030138
0.026988
0.022576
0.017238
0.014036
0.014853
0.016044
0.012916
0.004252
-0.006982
-0.017417
-0.024964
-0.028800
-0.028932
-0.027154
-0.023984
-0.019418
-0.013921
-0.010004
-0.008227
-0.006272
-0.002538
0.004193
0.013813
0.022546
0.025152
0.020490
0.011655
0.003508
-0.001143
-0.003440
-0.005424
-0.007734
-0.010412
-0.014405
-0.020298
-0.024407
-0.023623
-0.018255
-0.010059
0.000230
0.007548
0.010137
0.010978
0.012251
0.015576
0.019199
0.020329
0.017968
0.013284
0.006669
-0.000598
-0.007691
-0.013487
-0.016371
-0.016780
-0.017661
-0.020698
-0.023300
-0.022891
-0.019081
-0.012523
-0.005361
0.000903
0.005905
0.008896
0.010697
0.012111
0.014121
0.016788
0.019196
0.019395
0.016561
0.011924
0.007686
0.004425
0.001998
0.000433
-0.001296
-0.002890
-0.003865
-0.004108
-0.003859
-0.003199
-0.001882
-0.000047
0.002722
0.007923
0.014915
0.020306
0.021003
0.017207
0.013837
0.014643
0.020119
0.027657
0.031789
0.029282
0.020524
0.008737
0.000568
-0.000780
0.001296
0.001959
-0.001067
-0.006858
-0.011940
-0.014210
-0.012256
-0.005608
0.003823
0.010628
0.011768
0.008110
0.002491
-0.001656
-0.001887
0.001101
0.006036
0.010147
0.010293
0.006546
0.000490
-0.004626
-0.007190
-0.006087
-0.003263
-0.002167
-0.003612
-0.006860
-0.010183
-0.011014
-0.008287
-0.003789
0.000505
0.002489
0.002133
0.000868
-0.000691
-0.003263
-0.006454
-0.008857
-0.013644
-0.019300
-0.022020
-0.020641
-0.016960
-0.014543
-0.014802
-0.017213
-0.019921
-0.020381
-0.017651
-0.012845
-0.004916
0.005999
0.016308
0.019874
0.015638
0.007964
0.001453
-0.000882
0.000644
0.003000
0.002646
-0.001730
-0.008082
-0.011851
-0.011134
-0.006147
0.001571
0.008754
0.011891
0.010729
0.007597
0.004100
0.000838
-0.000033
0.001508
0.003920
0.004690
0.003687
0.003197
0.004129
0.005637
0.006264
0.006172
0.007554
0.012655
0.019170
0.023101
0.022280
0.017662
0.010429
0.001891
-0.003549
-0.001477
0.005665
0.011224
0.012697
0.011338
0.008460
0.004699
0.002193
0.002677
0.004052
0.003871
0.001977
-0.000444
-0.000823
0.002805
0.009464
0.016241
0.019066
0.017461
0.012613
0.006619
0.002290
0.002098
0.004017
0.004469
0.003136
0.000104
-0.002846
-0.004609
-0.004068
-0.000352
0.005240
0.009404
0.010696
0.009507
0.006164
0.001397
-0.002269
-0.002823
-0.000364
0.005717
0.012427
0.016157
0.015914
0.011092
0.004360
0.000290
0.000454
0.002895
0.005457
0.007245
0.007485
0.005582
0.001866
-0.001726
-0.002455
0.001071
0.007819
0.014861
0.019018
0.019393
0.018231
0.017574
0.017269
0.017166
0.016808
0.016244
0.015293
0.011749
0.004645
-0.002643
-0.007673
-0.009542
-0.009032
-0.008605
-0.009790
-0.011654
-0.012069
-0.010242
-0.006761
-0.001423
0.004683
0.008687
0.011575
0.014297
0.016597
0.017232
0.015076
0.010129
0.003930
-0.000608
-0.003390
-0.004705
-0.005850
-0.008398
-0.012283
-0.016850
-0.022168
-0.027510
-0.029827
-0.028047
-0.023881
-0.018672
-0.013457
-0.009262
-0.007148
-0.005826
-0.004460
-0.003413
-0.002595
-0.001446
0.000102
0.000591
-0.000482
-0.002331
-0.005251
-0.009818
-0.015125
-0.019676
-0.022016
-0.021369
-0.018216
-0.013717
-0.008012
-0.003673
-0.001667
-0.000653
0.000097
0.000816
0.001578
0.002477
0.003891
0.005943
0.007573
0.006897
0.002585
-0.003384
-0.006809
-0.006720
-0.005732
-0.005873
-0.007373
-0.009472
-0.011942
-0.013634
-0.013336
-0.010943
-0.005916
0.002081
0.008681
0.011168
0.010299
0.008338
0.006311
0.004848
0.004727
0.005780
0.006427
0.006131
0.004740
0.001952
-0.002290
-0.007501
-0.012832
-0.016906
-0.019857
-0.022066
-0.022662
-0.021268
-0.018469
-0.013623
-0.007439
-0.001008
0.005319
0.012198
0.018735
0.022638
0.023561
0.020997
0.014639
0.006420
-0.002444
-0.007568
-0.007798
-0.006083
-0.004717
-0.004934
-0.006744
-0.009118
-0.009571
-0.007022
-0.001773
0.004758
0.010393
0.011338
0.007670
0.003258
0.001216
0.002401
0.005112
0.007311
0.007341
0.004847
-0.000070
-0.006438
-0.010160
-0.009124
-0.004613
0.002135
0.005419
0.003700
-0.000065
-0.003447
-0.003847
-0.001072
0.003241
0.007105
0.009795
0.010956
0.009783
0.007646
0.006266
0.006276
0.006168
0.004363
0.002156
0.001994
0.004534
0.008876
0.013393
0.015981
0.015557
0.013553
0.011833
0.010880
0.010277
0.009955
0.009145
0.007312
0.004277
0.001087
-0.001208
-0.001414
0.000597
0.004433
0.008700
0.013331
0.017324
0.019317
0.018871
0.017031
0.015143
0.014106
0.012826
0.009439
0.005828
0.005196
0.007015
0.009006
0.009362
0.007459
0.002877
0.000091
-0.001066
0.000773
0.005852
0.011420
0.013612
0.011266
0.007400
0.005673
0.006964
0.009767
0.012768
0.014244
0.012935
0.008555
0.001563
-0.005780
-0.011086
-0.013719
-0.015193
-0.016315
-0.016115
-0.014605
-0.012424
-0.009627
-0.006243
-0.002604
0.000107
0.000765
0.000334
0.000598
0.002020
0.003688
0.004180
0.002392
-0.001417
-0.004871
-0.006083
-0.005686
-0.005730
-0.007806
-0.012248
-0.016652
-0.019470
-0.017150
-0.011394
-0.005458
-0.002070
-0.002777
-0.005203
-0.007751
-0.009687
-0.009668
-0.008789
-0.008867
-0.011561
-0.017915
-0.027412
-0.035449
-0.038762
-0.037118
-0.031352
-0.022832
-0.014155
-0.008022
-0.006330
-0.007918
-0.009897
-0.010081
-0.007812
-0.003834
0.001421
0.005688
0.006548
0.003574
-0.002773
-0.011123
-0.017144
-0.017723
-0.014954
-0.011442
-0.007890
-0.004969
-0.002868
-0.001294
-0.001014
-0.001754
-0.001442
0.000597
0.003188
0.004981
0.005926
0.005757
0.003767
0.000744
-0.000687
0.000513
0.003571
0.007122
0.008915
0.008161
0.005718
0.002250
-0.000976
-0.002031
-0.000755
0.000913
0.000824
-0.001402
-0.004152
-0.005033
-0.003559
-0.001566
-0.001495
-0.003381
-0.005628
-0.006706
-0.005670
-0.002865
0.001195
0.005347
0.008179
0.008563
0.007494
0.006203
0.005643
0.005493
0.003803
0.001779
-0.000425
-0.002481
-0.004868
-0.007432
-0.008601
-0.007644
-0.004962
-0.001585
0.000636
0.001864
0.003753
0.007080
0.010871
0.013896
0.016352
0.017269
0.017038
0.016822
0.016646
0.015781
0.013058
0.006821
-0.003130
-0.012802
-0.019981
-0.023158
-0.022773
-0.020393
-0.017371
-0.014332
-0.011652
-0.009900
-0.008038
-0.004488
0.001591
0.007316
0.008767
0.005386
-0.000765
-0.005492
-0.006715
-0.006754
-0.008547
-0.012915
-0.017674
-0.021102
-0.020469
-0.016046
-0.010458
-0.005241
-0.002229
-0.002506
-0.006231
-0.011295
-0.014519
-0.013942
-0.009910
-0.004625
0.000614
0.003530
0.003335
0.001931
0.000248
-0.002279
-0.006081
-0.010718
-0.014408
-0.016057
-0.015976
-0.014687
-0.013205
-0.011708
-0.009143
-0.004012
0.002483
0.007441
0.010803
0.012996
0.013608
0.011239
0.006581
0.001486
-0.001823
-0.003634
-0.004656
-0.005362
-0.006734
-0.008608
-0.010901
-0.013180
-0.013653
-0.011897
-0.008472
-0.004735
-0.002537
-0.002374
-0.003417
-0.004262
-0.002947
-0.000034
0.002532
0.003438
0.003043
0.001973
-0.000490
-0.004711
-0.008460
-0.009844
-0.009409
-0.008775
-0.008325
-0.007443
-0.005868
-0.003961
-0.002428
-0.000943
0.001142
0.004745
0.008832
0.012551
0.014299
0.013528
0.011083
0.007886
0.005269
0.004312
0.005780
0.009396
0.013040
0.013873
0.009610
0.001099
-0.006863
-0.010846
-0.010077
-0.006819
-0.001985
0.002951
0.006961
0.010781
0.013559
0.014538
0.014618
0.014945
0.014642
0.012658
0.009229
0.005329
0.001621
-0.001786
-0.003899
-0.005523
-0.006592
-0.005808
-0.002431
0.001018
0.002728
0.002442
0.001247
0.001214
0.003387
0.007031
0.010465
0.012668
0.013490
0.012278
0.009525
0.006397
0.004399
0.003056
0.000803
-0.002936
-0.008373
-0.015089
-0.020601
-0.021804
-0.018815
-0.014117
-0.010007
-0.007019
-0.006748
-0.008806
-0.009779
-0.007474
-0.001487
0.005841
0.011422
0.012723
0.009328
0.002700
-0.006387
-0.013243
-0.014530
-0.011905
-0.009006
-0.007485
-0.007171
-0.007330
-0.006955
-0.005233
-0.002171
0.001024
0.002540
0.001729
-0.001326
-0.004864
-0.006542
-0.006276
-0.004754
-0.001613
0.001912
0.003704
0.003421
0.002461
0.001784
0.001827
0.002899
0.004454
0.005111
0.004417
0.004157
0.004582
0.004147
0.002544
0.000711
-0.000952
-0.002043
-0.001499
0.000579
0.003190
0.005435
0.005396
0.003118
0.000251
-0.001214
-0.001705
-0.001797
-0.000929
-0.000080
0.000344
0.000498
0.000699
0.002271
0.004967
0.007494
0.008544
0.008611
0.008520
0.008453
0.008551
0.008056
0.006396
0.003655
-0.000477
-0.002447
-0.001036
0.001559
0.004054
0.006673
0.009221
0.010179
0.008903
0.006523
0.005493
0.006504
0.008531
0.009555
0.008940
0.007988
0.007579
0.007781
0.008293
0.008722
0.008888
0.009226
0.010049
0.011245
0.012408
0.011723
0.009684
0.007363
0.004634
0.001302
-0.002223
-0.003756
-0.002853
-0.001094
-0.000466
-0.001654
-0.004206
-0.006285
-0.005913
-0.003327
0.000274
0.003127
0.003641
0.002002
-0.000736
-0.004770
-0.008739
-0.010830
-0.011928
-0.012386
-0.012066
-0.011328
-0.010515
-0.009891
-0.009287
-0.008525
-0.007691
-0.006935
-0.006995
-0.008434
-0.010367
-0.010681
-0.008680
-0.004497
-0.000691
0.001887
0.003193
0.003361
0.002564
0.000635
-0.001953
-0.003277
-0.002543
-0.001141
-0.000706
-0.001785
-0.003821
-0.006470
-0.009606
-0.011749
-0.011274
-0.009191
-0.007568
-0.007602
-0.007679
-0.008161
-0.009937
-0.011422
-0.010814
-0.010109
-0.011075
-0.012924
-0.015186
-0.017278
-0.018569
-0.018818
-0.018138
-0.016217
-0.013177
-0.010591
-0.008790
-0.006970
-0.005361
-0.003924
-0.002807
-0.002796
-0.004146
-0.005686
-0.007477
-0.008677
-0.008668
-0.008418
-0.008649
-0.008992
-0.008869
-0.008542
-0.008073
-0.007770
-0.007045
-0.006296
-0.004985
-0.002862
-0.000285
0.001602
0.003178
0.004720
0.005413
0.006021
0.006783
0.007670
0.008152
0.007767
0.006829
0.005724
0.004697
0.003480
0.002034
0.000472
-0.001160
-0.004038
-0.006535
-0.007829
-0.008239
-0.007560
-0.005527
-0.001832
0.003770
0.010260
0.013735
0.013835
0.013252
0.013762
0.015146
0.016473
0.017690
0.019007
0.021546
0.024025
0.025249
0.025970
0.026513
0.025864
0.023561
0.020710
0.018573
0.017265
0.016522
0.016038
0.015578
0.015318
0.015337
0.015511
0.016098
0.017334
0.018835
0.019950
0.019989
0.018177
0.015765
0.013950
0.013568
0.014168
0.015343
0.017347
0.019910
0.022901
0.025084
0.025510
0.024423
0.022418
0.020160
0.019541
0.020787
0.022189
0.021119
0.015894
0.007650
0.002802
0.004157
0.008552
0.012144
0.014342
0.016100
0.016716
0.013836
0.008033
0.005882
0.009460
0.013315
0.013553
0.011230
0.009208
0.007820
0.005985
0.003927
0.002516
0.001237
-0.000605
-0.003252
-0.006251
-0.008377
-0.008655
-0.007141
-0.004310
-0.001559
0.000639
0.000994
-0.000270
-0.002736
-0.005397
-0.007552
-0.007563
-0.006075
-0.005586
-0.006629
-0.008799
-0.011614
-0.013808
-0.014436
-0.013827
-0.013003
-0.012431
-0.011838
-0.010763
-0.009326
-0.008317
-0.008310
-0.009325
-0.010375
-0.010977
-0.010976
-0.009794
-0.007667
-0.006121
-0.006018
-0.007048
-0.009022
-0.011150
-0.012704
-0.013069
-0.012379
-0.011816
-0.011990
-0.012590
-0.013286
-0.013936
-0.014009
-0.012914
-0.010745
-0.007957
-0.005762
-0.004982
-0.005334
-0.005827
-0.005967
-0.005556
-0.004755
-0.003728
-0.003085
-0.003506
-0.004368
-0.004724
-0.004648
-0.003992
-0.002762
-0.001324
-0.000476
-0.000694
-0.002318
-0.004391
-0.005002
-0.004085
-0.002303
-0.000267
0.001881
0.004034
0.005937
0.006760
0.006290
0.005458
0.005031
0.004813
0.005085
0.005794
0.006192
0.005761
0.004582
0.003214
0.001477
-0.000559
-0.001823
-0.001998
-0.001550
-0.001530
-0.001800
-0.001340
0.000043
0.002413
0.005447
0.008288
0.010064
0.010138
0.008938
0.007093
0.005249
0.004806
0.005773
0.007526
0.009049
0.009189
0.007591
0.004886
0.002563
0.001105
0.000626
0.000826
0.001394
0.002075
0.002347
0.001925
0.001395
0.001514
0.001860
0.002038
0.002165
0.001992
0.001451
0.000436
-0.001090
-0.003036
-0.004686
-0.005354
-0.004435
-0.002682
-0.000661
0.000937
0.001372
0.000535
-0.000986
-0.002328
-0.003043
-0.002355
0.000116
0.002417
0.003935
0.004714
0.004765
0.004500
0.004119
0.004238
0.004642
0.004501
0.003393
0.001910
0.000693
0.000154
0.000539
0.001252
0.001798
0.001841
0.000706
-0.001606
-0.003710
-0.004770
-0.004541
-0.003178
-0.001210
0.000277
0.000395
-0.001027
-0.002341
-0.003061
-0.003312
-0.002848
-0.001861
-0.000887
-0.000669
-0.000805
-0.000672
0.000133
0.001130
0.001583
0.001302
0.000383
-0.001054
-0.001715
-0.000925
0.001264
0.003297
0.004179
0.003816
0.003241
0.002495
0.002097
0.002437
0.003385
0.004621
0.005120
0.004541
0.002994
0.000064
-0.003207
-0.004705
-0.004067
-0.002997
-0.002581
-0.002840
-0.003541
-0.004685
-0.006272
-0.006624
-0.005133
-0.002614
-0.000002
0.002333
0.003466
0.003315
0.003139
0.003438
0.003411
0.003199
0.002720
0.001356
-0.000563
-0.002365
-0.003149
-0.003112
-0.002758
-0.002930
-0.005483
-0.008988
-0.010076
-0.008612
-0.006571
-0.004940
-0.003750
-0.002990
-0.002719
-0.002250
-0.001310
-0.000384
0.000135
-0.000327
-0.001095
-0.001656
-0.002617
-0.004356
-0.007251
-0.009515
-0.010633
-0.011309
-0.010684
-0.008775
-0.006547
-0.004675
-0.003893
-0.004004
-0.003723
-0.002864
-0.002209
-0.002175
-0.002740
-0.004312
-0.006987
-0.009579
-0.010693
-0.009412
-0.006537
-0.004315
-0.003146
-0.002444
-0.003419
-0.005625
-0.007083
-0.007142
-0.006386
-0.005702
-0.005370
-0.005070
-0.005305
-0.006164
-0.006223
-0.004868
-0.002268
0.000863
0.004288
0.007169
0.007785
0.006352
0.005181
0.004144
0.003323
0.003756
0.005208
0.006110
0.005674
0.003794
0.001618
0.000371
0.000883
0.002532
0.004318
0.004476
0.002941
0.001618
0.000558
0.000176
0.000577
0.001195
0.001429
0.002054
0.003187
0.004756
0.006250
0.006801
0.006134
0.005288
0.005494
0.007197
0.009129
0.010259
0.010688
0.010340
0.009402
0.008424
0.008686
0.010141
0.010812
0.010295
0.008495
0.005426
0.002576
0.001264
0.001316
0.001996
0.002402
0.002309
0.002229
0.003091
0.004802
0.006617
0.008240
0.009481
0.010057
0.008750
0.006507
0.005094
0.003750
0.002320
-0.000597
-0.004829
-0.006849
-0.005024
-0.001351
0.001626
0.002097
0.001646
0.001857
0.002611
0.003440
0.004269
0.004684
0.005089
0.004893
0.003412
0.002960
0.004251
0.005788
0.005911
0.004843
0.004045
0.004255
0.004368
0.003712
0.003053
0.002416
0.001296
-0.000330
-0.002180
-0.003280
-0.004534
-0.006492
-0.008069
-0.008130
-0.006738
-0.005425
-0.004909
-0.004784
-0.005254
-0.006160
-0.006956
-0.007078
-0.006847
-0.006356
-0.005581
-0.005164
-0.005333
-0.005559
-0.005877
-0.006563
-0.007218
-0.007458
-0.007316
-0.007199
-0.007149
-0.006825
-0.006232
-0.005770
-0.005460
-0.005153
-0.004978
-0.005295
-0.006061
-0.006596
-0.006226
-0.005910
-0.006241
-0.006384
-0.005634
-0.004943
-0.005131
-0.005801
-0.006592
-0.007386
-0.007547
-0.006978
-0.006102
-0.004914
-0.003760
-0.003441
-0.003891
-0.004347
-0.004181
-0.004198
-0.004861
-0.005681
-0.005670
-0.005034
-0.003515
-0.000771
0.001885
0.002520
0.001015
-0.001635
-0.004246
-0.005812
-0.005632
-0.004078
-0.002506
-0.001792
-0.002227
-0.004014
-0.005055
-0.004239
-0.002835
-0.002616
-0.004158
-0.006413
-0.008601
-0.010448
-0.010944
-0.009738
-0.007356
-0.004688
-0.002753
-0.001638
-0.000776
0.000712
0.002095
0.002847
0.003166
0.003071
0.002299
0.001515
0.001652
0.002852
0.004553
0.005739
0.006505
0.006972
0.007013
0.006376
0.004553
0.003167
0.002717
0.001924
0.000933
0.000135
-0.000232
0.000528
0.001954
0.003840
0.005737
0.006233
0.005725
0.005436
0.005996
0.007434
0.009855
0.012067
0.013461
0.013315
0.011228
0.008983
0.007918
0.007501
0.007473
0.008222
0.009096
0.008904
0.007799
0.007409
0.008709
0.011346
0.012850
0.012583
0.011843
0.012230
0.013546
0.013894
0.013399
0.012511
0.011363
0.009292
0.007643
0.004161
0.000620
0.000823
0.003290
0.005188
0.006047
0.006477
0.006945
0.007816
0.010025
0.012886
0.015219
0.015907
0.015236
0.014332
0.013607
0.012909
0.011301
0.008071
0.004215
0.001584
0.000254
-0.000416
-0.000168
0.000609
0.000436
-0.000345
-0.000773
-0.000335
0.001005
0.002575
0.004339
0.005848
0.005739
0.004206
0.002286
0.000133
-0.000966
-0.001077
-0.000883
-0.000712
-0.000830
-0.001639
-0.002874
-0.003420
-0.003308
-0.002614
-0.001810
-0.001062
-0.000233
0.000736
0.001053
0.000865
-0.000741
-0.003052
-0.004819
-0.005770
-0.005310
-0.003542
-0.001703
-0.000241
0.000394
-0.000104
-0.001038
-0.001798
-0.002351
-0.002842
-0.003249
-0.003764
-0.003923
-0.004098
-0.004952
-0.005085
-0.004538
-0.004286
-0.004800
-0.005371
-0.005244
-0.004729
-0.004360
-0.004986
-0.006044
-0.007319
-0.008142
-0.008075
-0.007437
-0.006528
-0.004784
-0.003138
-0.002894
-0.005058
-0.007857
-0.009658
-0.011176
-0.012857
-0.013228
-0.012158
-0.010531
-0.008743
-0.007396
-0.006811
-0.006489
-0.005829
-0.005245
-0.004877
-0.004810
-0.005019
-0.005500
-0.005990
-0.006509
-0.007105
-0.008382
-0.009505
-0.009294
-0.008275
-0.007517
-0.007748
-0.008632
-0.010165
-0.011814
-0.012353
-0.011588
-0.009695
-0.007505
-0.006888
-0.008445
-0.010429
-0.010957
-0.009652
-0.007807
-0.007014
-0.006588
-0.005456
-0.003670
-0.002213
-0.002775
-0.004633
-0.005636
-0.005010
-0.003161
-0.001315
-0.000514
-0.000732
-0.002150
-0.003831
-0.003227
-0.000333
0.002010
0.003138
0.003712
0.003998
0.003504
0.001726
0.000276
0.000646
0.001615
0.001744
0.001147
0.000322
-0.000379
-0.000609
-0.000650
-0.000104
0.000674
0.001316
0.001824
0.002140
0.001471
-0.000273
-0.002043
-0.003351
-0.004052
-0.003701
-0.003054
-0.003350
-0.003794
-0.003310
-0.001840
-0.000526
0.000095
0.000513
0.000213
-0.000631
-0.001311
-0.001309
-0.000711
-0.000182
-0.000099
0.000366
0.001238
0.002490
0.004065
0.006099
0.007711
0.008390
0.008239
0.007859
0.007241
0.005377
0.002386
0.000039
-0.000838
-0.000621
-0.000162
0.000595
0.001402
0.002649
0.004144
0.005129
0.005355
0.005415
0.006128
0.006462
0.006194
0.005743
0.005463
0.005804
0.006509
0.007261
0.007716
0.007630
0.007113
0.006712
0.006988
0.007252
0.006915
0.006689
0.006788
0.006849
0.006837
0.007033
0.007320
0.007615
0.007490
0.007400
0.007678
0.007958
0.008264
0.008301
0.007966
0.007219
0.006399
0.005986
0.005391
0.004851
0.004905
0.005543
0.005956
0.005362
0.004605
0.004346
0.003778
0.002549
0.001381
0.001180
0.001552
0.001937
0.002139
0.002102
0.002305
0.002567
0.003062
0.003119
0.002132
0.000662
-0.000142
-0.000413
-0.000478
-0.000519
-0.000193
0.000193
-0.000189
-0.001697
-0.003900
-0.004535
-0.003743
-0.003019
-0.002740
-0.002885
-0.003519
-0.004612
-0.005792
-0.007390
-0.008519
-0.008465
-0.008195
-0.008252
-0.009037
-0.009605
-0.009343
-0.008884
-0.009125
-0.009516
-0.010066
-0.010661
-0.011118
-0.011489
-0.011324
-0.010732
-0.010050
-0.009536
-0.009415
-0.009656
-0.010801
-0.012245
-0.012762
-0.012515
-0.012339
-0.012459
-0.012315
-0.011546
-0.010961
-0.010683
-0.010472
-0.010226
-0.009837
-0.008876
-0.007786
-0.006618
-0.005520
-0.004518
-0.004032
-0.004496
-0.005846
-0.007030
-0.007517
-0.006969
-0.005176
-0.003285
-0.001962
-0.002184
-0.002987
-0.004082
-0.005675
-0.005916
-0.004762
-0.003800
-0.003330
-0.002989
-0.002616
-0.002326
-0.001837
-0.001144
-0.000281
0.000444
0.001429
0.001883
0.001449
0.000906
0.000089
-0.000795
-0.002270
-0.003262
-0.003191
-0.003025
-0.003049
-0.002737
-0.001595
-0.000298
0.000042
-0.000549
-0.000537
0.000525
0.002206
0.004068
0.005112
0.004966
0.003924
0.002748
0.002125
0.001248
-0.000230
-0.001570
-0.002191
-0.002476
-0.002263
-0.001189
0.000332
0.001929
0.003228
0.003759
0.003609
0.003975
0.005138
0.006141
0.006405
0.006408
0.006379
0.006203
0.006018
0.006150
0.006648
0.006705
0.006009
0.004924
0.004235
0.004582
0.005707
0.006231
0.006193
0.006410
0.007383
0.008395
0.008820
0.009068
0.009204
0.008434
0.006066
0.004130
0.003946
0.004483
0.004489
0.003471
0.001409
-0.000695
-0.001683
-0.001460
-0.001522
-0.000707
0.002311
0.005926
0.008125
0.007943
0.006668
0.005646
0.005062
0.005426
0.006533
0.007128
0.006993
0.006612
0.005460
0.004251
0.004724
0.006569
0.008430
0.009829
0.010355
0.009530
0.007933
0.006465
0.005543
0.005556
0.006474
0.007756
0.008417
0.008500
0.008760
0.009153
0.009886
0.010557
0.010499
0.009814
0.008839
0.008213
0.008393
0.009110
0.009753
0.009187
0.007234
0.004799
0.002733
0.002094
0.002610
0.003390
0.004515
0.005305
0.005351
0.005080
0.004664
0.004676
0.004397
0.003741
0.002355
0.000689
-0.000561
-0.000762
-0.000787
-0.001139
-0.001521
-0.002212
-0.003149
-0.003744
-0.003381
-0.002231
-0.000508
0.001000
0.002007
0.001864
0.001209
0.000913
0.001127
0.001938
0.002712
0.003046
0.002503
0.001470
0.000568
-0.000551
-0.001429
-0.002153
-0.002883
-0.002947
-0.002806
-0.002643
-0.002493
-0.002508
-0.002160
-0.001699
-0.001495
-0.001719
-0.002399
-0.002968
-0.002971
-0.002295
-0.001239
-0.000348
0.000441
0.000498
-0.000058
-0.000022
0.000665
0.001412
0.002144
0.003020
0.003729
0.003866
0.003152
0.001793
0.000423
-0.000661
-0.001404
-0.002548
-0.003456
-0.003391
-0.003399
-0.003938
-0.004564
-0.004311
-0.003176
-0.001774
-0.000627
0.000164
0.000599
0.000562
0.000051
-0.000274
-0.000073
0.000099
0.000032
-0.000581
-0.001423
-0.002584
-0.003430
-0.003248
-0.002491
-0.001619
-0.000548
0.000879
0.001589
0.001222
0.000127
-0.000909
-0.002258
-0.002917
-0.002623
-0.002296
-0.002124
-0.002196
-0.002533
-0.003060
-0.003725
-0.004288
-0.004720
-0.004252
-0.003757
-0.003495
-0.003056
-0.002349
-0.001556
-0.001165
-0.001350
-0.002134
-0.002599
-0.002503
-0.002381
-0.002529
-0.002960
-0.003773
-0.004592
-0.005154
-0.005045
-0.004586
-0.003926
-0.003100
-0.001944
-0.000489
0.000501
0.000814
0.001125
0.001520
0.002126
0.001934
0.000798
-0.000385
-0.001592
-0.002422
-0.002724
-0.002979
-0.003839
-0.004792
-0.005265
-0.005074
-0.004980
-0.005316
-0.005347
-0.004789
-0.003908
-0.002800
-0.001728
-0.000677
0.000244
0.000750
0.000826
-0.000440
-0.002360
-0.003690
-0.004529
-0.004647
-0.004539
-0.004669
-0.004810
-0.004160
-0.002812
-0.001394
-0.000499
0.000432
0.002049
0.003490
0.004379
0.004937
0.005096
0.004841
0.004668
0.004894
0.005178
0.005844
0.006706
0.006991
0.006332
0.005048
0.003819
0.002715
0.001821
0.001610
0.001709
0.002168
0.002252
0.001529
0.000359
-0.000732
-0.000872
-0.000463
-0.000358
-0.000576
-0.000717
-0.000634
0.000046
0.002014
0.002708
0.002244
0.002626
0.003551
0.004412
0.005134
0.005261
0.005127
0.005216
0.005168
0.004882
0.004159
0.002975
0.001975
0.001474
0.000931
0.000146
-0.001126
-0.002723
-0.004215
-0.004622
-0.004590
-0.004467
-0.003540
-0.001371
0.001583
0.004162
0.006058
0.007229
0.007320
0.006876
0.006948
0.007283
0.007503
0.007140
0.006351
0.004794
0.003015
0.001699
0.000720
-0.000398
-0.002213
-0.004121
-0.006120
-0.007828
-0.008452
-0.007778
-0.006485
-0.005043
-0.003853
-0.002804
-0.002432
-0.003139
-0.004522
-0.005266
-0.004587
-0.002736
-0.000665
0.000218
-0.000379
-0.001438
-0.002587
-0.003258
-0.003076
-0.002615
-0.002746
-0.003654
-0.005118
-0.007051
-0.008979
-0.008777
-0.007224
-0.006017
-0.005653
-0.006436
-0.007385
-0.007906
-0.007706
-0.006374
-0.004770
-0.004006
-0.004133
-0.004386
-0.004481
-0.004467
-0.004216
-0.003858
-0.003602
-0.003896
-0.004895
-0.005417
-0.005318
-0.005004
-0.003977
-0.003388
-0.003555
-0.003469
-0.002732
-0.002126
-0.002523
-0.003340
-0.005244
-0.007552
-0.009533
-0.010403
-0.009744
-0.008589
-0.007434
-0.006125
-0.005428
-0.005116
-0.004669
-0.004164
-0.003980
-0.003858
-0.003669
-0.003995
-0.004066
-0.004742
-0.005749
-0.005969
-0.005926
-0.006170
-0.006791
-0.006755
-0.006814
-0.006900
-0.006743
-0.006690
-0.006840
-0.006927
-0.007119
-0.007656
-0.008467
-0.008994
-0.008183
-0.006141
-0.004478
-0.003347
-0.001656
-0.000485
-0.000124
-0.000228
-0.001045
-0.001859
-0.002263
-0.003095
-0.004284
-0.005330
-0.005875
-0.007677
-0.009629
-0.010018
-0.009390
-0.008604
-0.007768
-0.006719
-0.005682
-0.005032
-0.004877
-0.004765
-0.003994
-0.002893
-0.002593
-0.002180
-0.000527
0.000525
-0.000116
-0.001508
-0.003340
-0.004296
-0.003867
-0.002612
-0.001830
-0.001747
-0.002872
-0.004086
-0.004349
-0.003682
-0.002804
-0.001172
0.000842
0.002648
0.003025
0.002516
0.001683
0.000677
0.000229
0.000330
0.000976
0.001445
0.001113
0.000102
-0.001119
-0.001556
-0.000643
0.001173
0.002830
0.003891
0.004354
0.004138
0.003532
0.002990
0.002699
0.003245
0.004353
0.005313
0.005633
0.005081
0.003807
0.002325
0.001078
-0.000085
-0.000499
0.000175
0.000989
0.001067
0.000665
0.000827
0.001614
0.002267
0.002407
0.002591
0.002879
0.003170
0.003906
0.005236
0.007152
0.009005
0.009670
0.009410
0.008142
0.006918
0.007058
0.008441
0.009735
0.009890
0.008601
0.006037
0.002558
-0.000344
-0.001128
-0.000144
0.001661
0.003285
0.004619
0.005775
0.006336
0.006093
0.005447
0.005387
0.006191
0.006690
0.006461
0.005836
0.004819
0.003594
0.003041
0.002836
0.002702
0.002635
0.002495
0.001860
0.001690
0.002241
0.002987
0.003219
0.002808
0.002309
0.001357
0.000568
0.000341
0.000821
0.001932
0.003088
0.003432
0.002781
0.002295
0.002480
0.002462
0.002169
0.001244
-0.000040
-0.001087
-0.001780
-0.001929
-0.001555
-0.000936
0.000464
0.001648
0.001533
0.001392
0.001811
0.002964
0.004138
0.004781
0.004919
0.004467
0.003701
0.003060
0.003156
0.003599
0.004345
0.005705
0.006721
0.006280
0.004645
0.003259
0.002711
0.002510
0.002574
0.002499
0.002001
0.001440
0.001237
0.001227
0.001456
0.001838
0.002082
0.002226
0.002438
0.002788
0.003806
0.004967
0.005486
0.005302
0.005461
0.006165
0.006866
0.007304
0.007376
0.007161
0.006770
0.006536
0.005881
0.004017
0.001981
0.000956
0.000707
0.000713
0.001129
0.002392
0.003283
0.003088
0.002106
0.000774
-0.000030
-0.000277
-0.000331
-0.000372
-0.000422
-0.000114
-0.000033
-0.000357
-0.000328
0.000282
0.000761
0.000591
-0.000163
-0.000816
-0.001357
-0.002073
-0.003329
-0.004466
-0.004707
-0.004133
-0.003098
-0.001698
-0.000049
0.000802
0.000521
-0.000327
-0.000752
-0.000280
0.000755
0.001385
0.000887
-0.000363
-0.002213
-0.003985
-0.004286
-0.003108
-0.002576
-0.003082
-0.003742
-0.004128
-0.003890
-0.003434
-0.002859
-0.002311
-0.001867
-0.001307
-0.000666
0.000114
0.000764
0.001212
0.001541
0.001900
0.002278
0.002160
0.001462
0.000831
0.000425
0.000358
0.000672
0.001168
0.001446
0.001763
0.001996
0.001719
0.001281
0.001044
0.000852
0.001704
0.002893
0.003293
0.003076
0.003309
0.004361
0.005407
0.006179
0.006504
0.006342
0.004533
0.001830
-0.000295
-0.000905
0.000100
0.001958
0.003591
0.003847
0.002914
0.002134
0.001919
0.002012
0.002753
0.003452
0.003903
0.004081
0.004025
0.004020
0.004100
0.004518
0.005101
0.005265
0.004277
0.002741
0.001902
0.002205
0.003424
0.004552
0.005218
0.005753
0.006282
0.006460
0.006467
0.006267
0.006235
0.006683
0.007190
0.007183
0.006289
0.005073
0.003973
0.003261
0.002553
0.001741
0.000952
-0.000204
-0.001090
-0.000816
0.000560
0.001659
0.001936
0.001992
0.002039
0.001526
0.001221
0.001869
0.002989
0.003850
0.003659
0.002983
0.002421
0.002007
0.001581
0.001045
0.000932
0.001076
0.000410
-0.000926
-0.001794
-0.002033
-0.002086
-0.001903
-0.001564
-0.001141
-0.000568
-0.000370
-0.000323
0.000066
0.000609
0.001060
0.001064
0.001070
0.001087
0.000789
0.000601
0.000022
-0.000913
-0.002001
-0.002573
-0.002727
-0.002575
-0.001977
-0.001322
-0.000574
0.000152
0.000399
-0.000047
-0.000821
-0.001465
-0.001507
-0.001345
-0.001557
-0.001892
-0.001794
-0.001124
-0.000225
0.000058
-0.000109
-0.000492
-0.000806
-0.001478
-0.002099
-0.001751
-0.000730
0.000505
0.001166
0.001156
0.000985
0.001061
0.000825
0.000309
0.000030
0.000213
0.000313
-0.000030
-0.001006
-0.002599
-0.005332
-0.007543
-0.007925
-0.007265
-0.006224
-0.004661
-0.002961
-0.001907
-0.001661
-0.002025
-0.002353
-0.002145
-0.001385
-0.000040
0.001086
0.000682
-0.000368
-0.000904
-0.001100
-0.001138
-0.001058
-0.000769
-0.000345
-0.000492
-0.000928
-0.001463
-0.001876
-0.001672
-0.001537
-0.001649
-0.001758
-0.001670
-0.000971
0.000194
0.001092
0.000988
-0.000154
-0.001375
-0.002488
-0.004124
-0.005465
-0.006162
-0.006259
-0.006193
-0.006362
-0.006861
-0.007309
-0.007057
-0.006034
-0.004451
-0.003089
-0.002071
-0.001210
-0.000831
-0.001148
-0.002047
-0.003036
-0.003404
-0.003221
-0.002779
-0.002650
-0.003012
-0.003477
-0.004262
-0.005188
-0.005941
-0.006482
-0.006287
-0.005363
-0.004610
-0.004156
-0.004062
-0.003985
-0.003855
-0.003762
-0.003578
-0.003366
-0.002812
-0.001940
-0.001480
-0.001528
-0.001787
-0.002016
-0.002431
-0.002673
-0.002078
-0.001597
-0.001667
-0.001447
-0.001002
-0.001052
-0.001495
-0.001771
-0.001312
-0.001472
-0.002238
-0.003035
-0.002873
-0.001767
-0.001076
-0.001038
-0.001501
-0.001786
-0.001962
-0.002010
-0.001940
-0.001803
-0.001117
-0.000247
0.000147
-0.000303
-0.001440
-0.002899
-0.003744
-0.003549
-0.002689
-0.001827
-0.000831
0.000032
-0.000032
-0.000737
-0.001092
-0.000843
-0.000067
0.001099
0.001868
0.001828
0.001652
0.001301
0.000145
-0.000769
-0.000891
-0.000574
-0.000330
-0.000210
0.000028
0.000417
0.000868
0.001556
0.001734
0.001166
0.000509
0.000493
0.000989
0.001431
0.001666
0.001394
0.000755
-0.000097
-0.000514
-0.000128
0.000963
0.002139
0.003217
0.003528
0.003197
0.002520
0.002319
0.003238
0.003506
0.002942
0.002001
0.000735
-0.000330
-0.000561
0.000051
0.000357
-0.000195
-0.000782
-0.000987
-0.001066
-0.000727
-0.000548
-0.000658
-0.000558
-0.000942
-0.001739
-0.001782
-0.000953
0.000223
0.000930
0.001091
0.001107
0.000928
0.001217
0.001351
0.000412
-0.001075
-0.002106
-0.001853
-0.001271
-0.000731
-0.000617
-0.000891
-0.001085
-0.001049
-0.000333
0.001202
0.002390
0.002492
0.002057
0.001919
0.002289
0.002543
0.002377
0.002067
0.001937
0.002042
0.002139
0.001909
0.001094
0.000209
-0.000188
-0.000272
-0.000060
0.000264
0.000338
0.000259
0.000100
0.000150
0.000513
0.001265
0.002443
0.003459
0.003741
0.003646
0.003448
0.003263
0.003063
0.003032
0.002783
0.002114
0.000767
-0.000248
-0.000543
-0.000040
0.000673
0.001864
0.003499
0.004997
0.005527
0.004956
0.003609
0.002561
0.002662
0.003471
0.004490
0.004637
0.003750
0.002453
0.001447
0.000958
0.000562
0.000118
0.000040
0.000525
0.000912
0.000159
-0.001453
-0.002251
-0.001726
-0.000672
0.000546
0.001565
0.001635
0.001659
0.002301
0.002783
0.002976
0.002692
0.002058
0.001546
0.001326
0.001418
0.001626
0.001744
0.001528
0.001471
0.001157
0.000395
-0.000064
0.000052
0.000257
0.000809
0.001620
0.002078
0.002100
0.002021
0.001902
0.001823
0.001893
0.002381
0.002606
0.002585
0.001417
0.000749
0.000384
-0.000142
-0.000610
-0.000693
0.000211
0.001590
0.002819
0.003807
0.004326
0.004140
0.003556
0.003776
0.004472
0.004741
0.004485
0.003804
0.003394
0.002891
0.001892
0.000934
0.000511
0.000838
0.001550
0.002014
0.002105
0.001948
0.001844
0.002325
0.002820
0.003456
0.004176
0.004365
0.004402
0.004327
0.004264
0.004274
0.004129
0.004143
0.004086
0.003970
0.003549
0.003117
0.003182
0.003378
0.003237
0.003026
0.003143
0.003658
0.004528
0.005204
0.005540
0.005371
0.004935
0.004413
0.003650
0.002785
0.002371
0.001980
0.001732
0.001757
0.001850
0.002180
0.001965
0.000682
-0.000198
0.000390
0.001403
0.001870
0.001847
0.001427
0.001120
0.001330
0.001789
0.002034
0.001417
0.000438
-0.000380
-0.001639
-0.002874
-0.003944
-0.004618
-0.004282
-0.003822
-0.003796
-0.003982
-0.004013
-0.003409
-0.002697
-0.002478
-0.002499
-0.002824
-0.003124
-0.003374
-0.004010
-0.005017
-0.005994
-0.006461
-0.006408
-0.006009
-0.005810
-0.007060
-0.008521
-0.008384
-0.007129
-0.006455
-0.006649
-0.006946
-0.007146
-0.007773
-0.007808
-0.007264
-0.006857
-0.006596
-0.006489
-0.006736
-0.007130
-0.007073
-0.007119
-0.007408
-0.007702
-0.008036
-0.008366
-0.008282
-0.007512
-0.006521
-0.005742
-0.005537
-0.005205
-0.004826
-0.004792
-0.004535
-0.003746
-0.002532
-0.001601
-0.001228
-0.001162
-0.001349
-0.001498
-0.001508
-0.001790
-0.002497
-0.003091
-0.003503
-0.004221
-0.005035
-0.005434
-0.005174
-0.004822
-0.004121
-0.002963
-0.001815
-0.001352
-0.001652
-0.002305
-0.003190
-0.003425
-0.002983
-0.002164
-0.001301
-0.000744
-0.000624
-0.001236
-0.001952
-0.002389
-0.002482
-0.002402
-0.002403
-0.003130
-0.004491
-0.005567
-0.005816
-0.005149
-0.004239
-0.003276
-0.002947
-0.003652
-0.004058
-0.003882
-0.003419
-0.002625
-0.001630
-0.001414
-0.002264
-0.003077
-0.003370
-0.003216
-0.002843
-0.002200
-0.001452
-0.001374
-0.001723
-0.002347
-0.002741
-0.002748
-0.002595
-0.002877
-0.003746
-0.004740
-0.004880
-0.004696
-0.004122
-0.003350
-0.002879
-0.002779
-0.002749
-0.002487
-0.002045
-0.001072
0.000227
0.001248
0.002117
0.002353
0.002120
0.001773
0.001779
0.002074
0.002565
0.002540
0.002492
0.002211
0.001158
-0.000383
-0.001635
-0.001951
-0.001839
-0.001525
-0.001463
-0.001189
-0.000682
-0.000323
0.000417
0.001289
0.001567
0.001395
0.000850
-0.000032
-0.000594
-0.000845
-0.000644
0.000357
0.001650
0.001681
0.001050
0.000852
0.000943
0.000821
0.000792
0.000943
0.000981
0.001110
0.001139
0.000482
-0.000146
0.000098
0.000617
0.001507
0.003017
0.004472
0.005199
0.004662
0.003477
0.001844
0.000835
0.000932
0.001125
0.000856
0.000342
-0.000023
-0.001086
-0.002342
-0.002528
-0.002299
-0.001810
-0.001144
-0.001121
-0.001061
-0.000963
-0.001075
-0.001080
-0.000995
-0.000561
0.000485
0.001501
0.001963
0.001832
0.001837
0.002090
0.002304
0.002175
0.001883
0.001650
0.001011
0.000069
-0.000672
-0.000661
-0.000137
0.000273
0.000374
0.000373
0.000391
0.000422
0.000518
0.000924
0.001388
0.001634
0.001806
0.001767
0.001552
0.001681
0.001997
0.002440
0.002570
0.002489
0.002549
0.002309
0.001915
0.001697
0.001670
0.002109
0.002774
0.002926
0.002310
0.001819
0.001831
0.001966
0.002097
0.002497
0.002732
0.002634
0.002046
0.001255
0.000583
0.000646
0.001515
0.002244
0.002078
0.001462
0.001174
0.000782
-0.000142
-0.001011
-0.001264
-0.000770
0.000175
0.001081
0.001554
0.001553
0.001117
0.000240
-0.000781
-0.001080
-0.000926
0.000198
0.001729
0.002122
0.001127
0.000535
0.001519
0.002564
0.002372
0.001820
0.001628
0.001639
0.001844
0.002122
0.002358
0.002036
0.001158
0.000418
-0.000076
-0.000903
-0.001484
-0.001098
-0.000250
0.000356
0.000395
0.000462
0.000941
0.001579
0.001949
0.001979
0.001706
0.001658
0.001590
0.000595
-0.000427
-0.000623
-0.000018
0.000760
0.001181
0.001274
0.001084
0.000791
0.000891
0.001411
0.001883
0.002379
0.002480
0.001907
0.000773
-0.000418
-0.001174
-0.000872
0.000473
0.001775
0.002320
0.002309
0.002015
0.002252
0.002748
0.003246
0.003469
0.003039
0.002360
0.001178
-0.000034
-0.000638
-0.000695
-0.000330
0.000264
0.000841
0.001482
0.002093
0.002086
0.001058
0.000668
0.001507
0.002650
0.003156
0.003204
0.003193
0.003192
0.003314
0.003249
0.002749
0.002154
0.001644
0.001264
0.001263
0.001494
0.001729
0.001999
0.001941
0.001537
0.001177
0.001052
0.001173
0.001422
0.002038
0.003140
0.004104
0.004176
0.003726
0.003322
0.002854
0.002398
0.002182
0.002297
0.002654
0.003144
0.003639
0.003803
0.003571
0.002890
0.002230
0.002356
0.002792
0.002882
0.002824
0.002647
0.002610
0.002440
0.001949
0.001918
0.002717
0.003670
0.003938
0.003695
0.003414
0.003216
0.002992
0.002838
0.002667
0.002101
0.001152
0.000361
0.000200
0.000680
0.000753
0.000141
-0.000215
-0.000358
-0.000632
-0.001028
-0.001365
-0.001266
-0.001005
-0.000823
-0.000710
-0.000832
-0.001056
-0.000995
-0.000705
-0.000386
-0.000202
-0.000154
-0.000320
-0.000612
-0.000788
-0.000955
-0.000962
-0.000771
-0.000687
-0.000585
-0.000654
-0.001070
-0.001330
-0.001469
-0.001476
-0.001505
-0.001800
-0.001842
-0.001345
-0.000714
-0.000384
-0.000385
-0.000519
-0.000434
-0.000529
-0.000682
-0.000643
-0.000652
-0.000690
-0.001137
-0.001936
-0.002439
-0.002575
-0.002634
-0.002670
-0.002557
-0.002221
-0.001891
-0.001776
-0.001884
-0.001967
-0.001903
-0.001649
-0.001401
-0.001231
-0.001028
-0.000853
-0.000695
-0.000474
-0.000329
-0.000529
-0.001075
-0.001742
-0.002332
-0.002833
-0.003036
-0.002996
-0.002865
-0.002780
-0.002988
-0.003172
-0.002911
-0.002670
-0.002535
-0.002367
-0.002205
-0.002053
-0.001857
-0.001736
-0.001428
-0.000895
-0.000551
-0.000541
-0.000851
-0.001274
-0.001441
-0.001306
-0.000823
-0.000572
-0.000805
-0.001254
-0.001471
-0.001434
-0.001298
-0.001053
-0.000837
-0.000699
-0.000661
-0.000618
-0.000646
-0.000660
-0.000494
-0.000285
-0.000220
-0.000251
-0.000264
-0.000249
-0.000267
-0.000315
-0.000213
-0.000022
0.000068
0.000067
0.000045
0.000044
0.000102
0.000191
0.000260
0.000269
0.000189
0.000147
0.000169
0.000238
0.000262
0.000235
0.000153
0.000029
-0.000146
-0.000255
-0.000196
-0.000061
-0.000006
0.000073
0.000149
0.000162
0.000091
-0.000023
0.000003
0.000081
0.000072
0.000041
0.000061
0.000063
-0.000018
-0.000092
-0.000079
-0.000118
-0.000249
-0.000423
-0.000578
-0.000616
-0.000590
-0.000598
-0.000646
-0.000654
-0.000573
-0.000448
-0.000296
-0.000125
-0.000035
0.000046
0.000097
0.000004
-0.000104
-0.000103
-0.000062
-0.000077
-0.000174
-0.000236
-0.000266
-0.000310
-0.000426
-0.000584
-0.000631
-0.000587
-0.000550
-0.000508
-0.000467
-0.000422
-0.000370
-0.000350
-0.000367
-0.000371
-0.000323
-0.000277
-0.000258
-0.000276
-0.000318
-0.000402
-0.000492
-0.000501
-0.000457
-0.000422
-0.000388
-0.000357
-0.000378
-0.000405
-0.000426
-0.000437
-0.000393
-0.000317
-0.000255
-0.000212
-0.000191
-0.000184
-0.000178
-0.000168
-0.000152
-0.000128
-0.000107
-0.000088
-0.000084
-0.000097
-0.000102
-0.000097
-0.000103
-0.000119
-0.000147
-0.000166
-0.000168
-0.000172
-0.000170
-0.000169
-0.000165
-0.000156
-0.000142
-0.000106
-0.000056
-0.000009
0.000028
0.000061
0.000089
0.000107
0.000121
0.000135
0.000145
0.000154
0.000164
0.000167
0.000158
0.000146
0.000141
0.000140
0.000146
0.000160
0.000177
0.000194
0.000205
0.000206
0.000204
0.000202
0.000206
0.000209
0.000211
0.000212
0.000210
0.000208
0.000209
0.000209
0.000206
0.000205
0.000208
0.000210
0.000209
0.000209
0.000209
0.000209
0.000209
0.000208
0.000206
0.000202
0.000200
0.000202
0.000206
0.000209
0.000211
0.000209
0.000206
0.000201
0.000197
0.000193
0.000190
0.000188
0.000186
0.000184
0.000181
0.000176
0.000172
0.000169
0.000166
0.000163
0.000160
0.000157
0.000154
0.000151
0.000148
0.000144
0.000141
0.000138
0.000135
0.000132
0.000129
0.000125
0.000122
0.000119
0.000116
0.000113
0.000109
0.000106
0.000103
0.000100
0.000097
0.000094
0.000091
0.000087
0.000084
0.000081
0.000078
0.000075
0.000072
0.000069
0.000066
0.000062
0.000059
0.000056
0.000053
0.000050
0.000046
0.000043
0.000040
0.000037
0.000034
0.000030
0.000027
0.000024
0.000021
0.000018
0.000015
0.000011
0.000008
0.000005
