-0.000004
0.000003
-0.000006
0.000002
-0.000006
0.000004
-0.000005
0.000003
-0.000010
0.000006
-0.000008
-0.000009
-0.000002
0.000040
0.000066
0.000051
0.000005
-0.000017
-0.000140
-0.000226
-0.000287
-0.000299
-0.000255
-0.000028
0.000193
0.000397
0.000499
0.000518
0.000405
0.000140
-0.000159
-0.000306
-0.000320
-0.000299
-0.000319
-0.000293
-0.000277
-0.000109
-0.000129
-0.000287
-0.000274
0.000005
0.000420
0.000643
0.000651
0.000374
-0.000115
-0.000384
-0.000469
-0.000753
-0.001028
-0.000930
-0.000640
0.000263
0.001174
0.001258
0.001103
0.001179
0.000540
0.000069
-0.000495
-0.000630
-0.000519
-0.000533
-0.000519
-0.000442
-0.000747
-0.001467
-0.001038
0.000408
0.002078
0.003093
0.003696
0.002864
0.001537
0.000407
-0.000072
-0.000693
-0.001639
-0.002682
-0.004191
-0.004418
-0.003773
-0.001809
0.000647
0.003354
0.004112
0.003555
0.002322
0.000288
-0.001303
-0.002185
-0.003021
-0.003147
-0.002545
-0.000858
0.001686
0.003114
0.003857
0.003592
0.001847
-0.000740
-0.001721
-0.001313
-0.001030
0.001407
0.003154
0.003504
0.002893
0.001223
-0.000100
-0.001609
-0.002246
-0.002889
-0.003254
-0.002902
-0.002303
-0.000677
0.000996
0.002489
0.003726
0.003927
0.002437
-0.000121
-0.001626
-0.002001
-0.001765
-0.001898
-0.000982
-0.000835
-0.002624
-0.003939
-0.002243
-0.000138
0.001621
0.000611
-0.001141
-0.002183
-0.005260
-0.006445
-0.004103
0.000209
0.001397
0.002662
0.004881
0.006032
0.003523
0.001601
0.002078
0.002352
0.003370
0.002395
0.000031
-0.001962
-0.003514
-0.003127
0.000136
0.004398
0.006905
0.006886
0.005226
0.000283
-0.003114
-0.005815
-0.004784
-0.000128
0.003679
0.005514
0.007399
0.005511
0.000369
-0.002515
-0.005341
-0.005340
-0.005035
-0.004899
-0.007466
-0.007574
-0.004967
-0.003766
-0.001369
-0.001453
-0.001980
0.001649
0.005966
0.011653
0.013183
0.011072
0.005260
-0.000437
-0.003710
-0.005899
-0.006492
-0.004732
-0.005346
-0.005665
-0.004734
-0.003243
-0.000278
0.002115
0.003894
0.003602
0.003523
0.003394
0.004589
0.005208
0.005492
0.003021
-0.002070
-0.007326
-0.009590
-0.010154
-0.006144
-0.002469
-0.000956
0.000774
0.001655
0.001958
0.002347
0.002498
0.002399
0.002193
0.002632
0.003803
0.003812
0.004425
0.004659
-0.003976
-0.011305
-0.017085
-0.017920
-0.011035
-0.002869
0.002399
0.006262
0.009312
0.012245
0.014294
0.014382
0.009625
0.002153
-0.007002
-0.014497
-0.016514
-0.015284
-0.012009
-0.007966
-0.002224
0.000060
0.001768
0.004057
0.004911
0.005943
0.004459
0.003109
0.002185
0.005193
0.012429
0.017297
0.019506
0.013158
0.002508
-0.004321
-0.004925
-0.003201
-0.001282
-0.000484
0.001860
0.005569
0.009306
0.012976
0.009481
0.000116
-0.007796
-0.012728
-0.014227
-0.014050
-0.012765
-0.009584
-0.005747
-0.001760
0.001333
0.003438
0.005951
0.005094
0.000986
-0.002639
-0.004655
-0.001307
0.002677
0.005585
0.007698
0.005814
-0.001199
-0.007407
-0.011450
-0.012828
-0.013255
-0.013000
-0.011732
-0.009913
-0.003857
0.005659
0.011947
0.014513
0.010447
0.006379
0.000603
-0.002004
-0.000410
0.003585
0.007435
0.007814
0.007453
0.006160
0.003104
0.000513
-0.002674
-0.006402
-0.007132
-0.005975
-0.002682
0.002330
0.005812
0.007121
0.006088
0.006631
0.006903
0.006863
0.007359
-0.000145
-0.008288
-0.013543
-0.016303
-0.015394
-0.011370
-0.006376
-0.001271
-0.000263
-0.002327
-0.002810
0.003019
0.010075
0.015240
0.018538
0.019802
0.017301
0.009186
-0.004481
-0.015362
-0.020239
-0.020046
-0.014788
-0.007361
-0.000765
0.003093
0.003075
0.001816
0.000962
-0.000581
-0.003826
-0.006096
-0.002372
0.004291
0.007706
0.008782
0.003913
0.000182
-0.002924
-0.004038
-0.003158
-0.000702
0.002527
0.007145
0.008721
0.009723
0.011097
0.010652
0.006588
0.000123
-0.004131
-0.004397
-0.000619
0.007572
0.010075
0.003274
-0.003207
-0.011100
-0.012084
-0.004813
0.002531
0.009802
0.012803
0.012938
0.008846
-0.000087
-0.006850
-0.007375
-0.003156
0.000476
0.000169
-0.001072
-0.003316
-0.004014
-0.007246
-0.009230
-0.008588
-0.006259
-0.002252
0.005975
0.014806
0.019664
0.019039
0.009762
-0.004942
-0.016543
-0.021299
-0.020817
-0.018462
-0.015087
-0.011392
-0.007920
-0.002622
0.002765
0.008579
0.009954
0.005515
-0.000494
-0.005821
-0.010366
-0.010579
-0.007256
-0.004402
-0.002996
-0.001534
-0.002423
-0.004335
-0.003411
0.007416
0.017432
0.021584
0.021147
0.015772
0.009687
0.005057
0.002632
0.000310
-0.010300
-0.017760
-0.020868
-0.020098
-0.013875
-0.004805
0.000236
-0.001548
-0.004061
-0.006373
-0.004535
-0.004221
-0.004902
-0.004176
-0.003337
-0.003108
0.000769
0.008808
0.014673
0.017949
0.015968
0.009961
0.007634
0.007704
0.008797
0.010452
0.011088
0.006768
-0.000841
-0.004462
-0.007693
-0.008311
-0.003005
0.000896
0.000970
0.001405
0.004695
0.006343
-0.000433
-0.008797
-0.015398
-0.017489
-0.013272
-0.006187
-0.000913
0.002322
0.003184
0.001598
0.000313
-0.002342
-0.006856
-0.010916
-0.014175
-0.014397
-0.010801
-0.004112
0.006553
0.012244
0.015441
0.016655
0.015815
0.014923
0.015756
0.017170
0.017528
0.016187
0.014893
0.012125
0.007438
0.004879
0.000399
-0.004194
-0.006187
-0.012639
-0.017765
-0.017846
-0.012601
-0.003031
0.006930
0.016118
0.018267
0.016521
0.013746
0.005591
-0.003362
-0.009469
-0.011536
-0.010439
-0.008713
-0.011782
-0.021518
-0.029387
-0.030672
-0.023679
-0.009953
0.002271
0.012225
0.014701
0.013188
0.006877
0.000217
-0.002875
-0.006968
-0.007851
-0.007631
-0.004909
0.000757
0.008108
0.013862
0.017450
0.017535
0.018637
0.018528
0.016317
0.011028
0.002595
-0.006876
-0.016378
-0.024328
-0.026218
-0.023433
-0.016587
-0.008170
0.000757
0.011229
0.021149
0.026287
0.028601
0.029108
0.027779
0.023619
0.018847
0.011428
-0.000076
-0.013560
-0.022099
-0.025266
-0.024436
-0.024304
-0.025506
-0.024746
-0.020630
-0.013403
-0.003084
0.003153
0.001313
0.001728
0.002329
0.001917
0.000066
0.001225
0.002571
0.002326
0.002165
0.002554
0.000628
-0.001769
-0.001326
-0.000396
0.003427
0.007795
0.008467
0.007968
0.008850
0.009296
0.007970
0.008493
0.008991
0.008187
0.003758
-0.000979
-0.002839
-0.003353
-0.007189
-0.011564
-0.014830
-0.014102
-0.013036
-0.010474
-0.006138
-0.002720
-0.001947
0.000817
0.002371
0.003567
0.002886
0.001613
-0.001830
-0.003376
-0.002812
-0.001031
0.001834
0.006284
0.009996
0.011764
0.013350
0.014899
0.013598
0.007922
-0.001669
-0.012449
-0.020667
-0.022281
-0.017508
-0.003989
0.010110
0.023978
0.030167
0.031497
0.028112
0.018585
0.007336
-0.002650
-0.013220
-0.018505
-0.018865
-0.016998
-0.013598
-0.011873
-0.011207
-0.009699
-0.005897
-0.000386
0.002871
0.003276
0.001155
-0.010707
-0.023853
-0.027957
-0.028469
-0.019461
-0.005702
0.012032
0.022791
0.023987
0.022256
0.017873
0.012007
0.010765
0.011616
0.012932
0.015303
0.015869
0.010373
0.004391
-0.001082
-0.005377
-0.005989
-0.009291
-0.010901
-0.009973
-0.005982
0.000545
0.003308
0.004478
0.003483
0.000848
-0.001373
-0.000316
-0.000328
-0.002954
-0.008049
-0.016493
-0.022728
-0.021636
-0.011465
-0.001710
0.005674
0.008372
0.007654
0.008101
0.010927
0.013474
0.013223
0.010503
0.006107
0.003950
-0.001216
-0.007768
-0.011436
-0.014993
-0.015052
-0.010934
-0.005685
0.002325
0.013265
0.016893
0.016420
0.016234
0.012946
0.008308
0.004924
0.000023
-0.011286
-0.018962
-0.027110
-0.034596
-0.033081
-0.024459
-0.014011
0.000855
0.013094
0.020449
0.023137
0.023404
0.020834
0.013463
0.005161
-0.005255
-0.017321
-0.023715
-0.026279
-0.027493
-0.022607
-0.015311
-0.005510
0.004111
0.010751
0.013227
0.015440
0.019947
0.023409
0.026089
0.028038
0.028982
0.028528
0.023743
0.010780
-0.009285
-0.029362
-0.037579
-0.036227
-0.024869
-0.011833
-0.000418
0.006604
0.009358
0.008050
0.005751
0.006433
0.011140
0.017186
0.018613
0.013054
0.000544
-0.014859
-0.024220
-0.024128
-0.015665
-0.005728
0.005653
0.011945
0.012781
0.011433
0.010666
0.012464
0.012747
0.011528
0.010611
0.011967
0.011814
0.009253
0.004690
-0.003046
-0.008138
-0.010583
-0.014111
-0.014977
-0.013555
-0.010374
-0.006480
-0.005974
-0.005575
-0.005087
0.000432
0.008888
0.014634
0.016953
0.015613
0.010006
-0.002647
-0.016760
-0.024630
-0.027494
-0.024975
-0.020804
-0.018847
-0.016511
-0.009736
-0.000422
0.010881
0.023775
0.034550
0.036889
0.032835
0.023755
0.013558
0.002200
-0.012992
-0.025740
-0.034019
-0.036951
-0.033999
-0.028971
-0.024475
-0.020701
-0.016816
-0.010315
-0.004159
0.000834
0.004184
0.005834
0.006224
0.004853
0.005558
0.006487
0.005604
0.003250
0.001179
0.000689
0.002906
0.006011
0.010677
0.011846
0.009862
0.010050
0.013391
0.017267
0.019478
0.017406
0.004890
-0.005297
-0.013510
-0.020161
-0.015063
-0.009260
-0.007894
-0.010086
-0.011341
-0.007254
0.000997
0.008530
0.014805
0.016483
0.014909
0.011935
0.008292
0.006903
0.005438
0.003768
0.001161
-0.000125
0.003772
0.012743
0.016143
0.010059
-0.001858
-0.012334
-0.013747
0.000293
0.013794
0.023761
0.020182
0.008548
-0.001519
-0.004790
-0.002266
0.000837
0.001221
0.000793
0.001058
0.001028
0.000953
0.002187
0.001816
-0.001433
-0.003536
-0.004320
-0.000845
0.002236
-0.000522
-0.007418
-0.014383
-0.017958
-0.013354
-0.007479
-0.003575
-0.001463
-0.002379
-0.002016
-0.001345
0.000597
0.004336
0.006592
0.005921
0.005581
0.002707
0.002999
0.006039
0.008923
0.011194
0.012517
0.013607
0.013360
0.012073
0.007312
0.004070
0.000175
-0.001165
0.003361
0.004211
-0.000457
-0.008295
-0.022398
-0.031233
-0.033000
-0.029321
-0.021653
-0.013356
-0.004695
0.005079
0.013721
0.019821
0.024757
0.028618
0.029409
0.025039
0.014636
0.000155
-0.014000
-0.023109
-0.025256
-0.023132
-0.018662
-0.014339
-0.012584
-0.011636
-0.011228
-0.010795
-0.006630
-0.002899
-0.002470
-0.003813
-0.003657
-0.002983
-0.005279
-0.010775
-0.015309
-0.017518
-0.014214
-0.004453
0.004508
0.012223
0.014660
0.013272
0.009514
0.003243
-0.003799
-0.006278
-0.003715
-0.001410
0.000238
0.002404
0.004785
0.006695
0.006464
0.007021
0.010433
0.014700
0.016297
0.016369
0.010690
0.000287
-0.010247
-0.018670
-0.022286
-0.021056
-0.017253
-0.010028
-0.005156
-0.002773
-0.001451
-0.001172
0.000507
0.000748
-0.000167
-0.001506
-0.002275
0.000470
0.005278
0.012117
0.014581
0.013872
0.010876
0.005570
0.004304
0.007096
0.008774
0.007719
0.005887
0.005634
0.006851
0.009704
0.012046
0.011434
0.010431
0.009830
0.009134
0.007684
0.003927
0.002751
0.003088
-0.000158
-0.002558
-0.006092
-0.012233
-0.014742
-0.013556
-0.012400
-0.008539
-0.003088
0.000852
0.007965
0.012141
0.016268
0.022183
0.023289
0.022389
0.018461
0.010326
0.001281
-0.006307
-0.015651
-0.025890
-0.033599
-0.038106
-0.039173
-0.035593
-0.024150
-0.009328
0.010193
0.024330
0.033702
0.033695
0.028748
0.023184
0.018386
0.015984
0.013106
0.001298
-0.013683
-0.026997
-0.029792
-0.026982
-0.023065
-0.015592
-0.002601
0.005763
0.008833
0.010019
0.009458
0.004703
-0.003284
-0.013659
-0.023975
-0.029263
-0.026316
-0.017268
-0.010273
-0.005103
-0.002588
0.000155
0.004277
0.006691
0.007206
0.006649
-0.001325
-0.012893
-0.021474
-0.026373
-0.020631
-0.009634
0.005827
0.019318
0.024203
0.026498
0.024599
0.016842
0.007955
0.000733
-0.002240
-0.008029
-0.011520
-0.011474
-0.004946
0.004915
0.018184
0.023876
0.021063
0.011945
-0.001519
-0.013288
-0.020165
-0.024147
-0.028100
-0.029645
-0.029378
-0.025637
-0.020987
-0.013425
-0.003044
0.013280
0.029345
0.042566
0.045673
0.036483
0.022606
0.005658
-0.007485
-0.012760
-0.013522
-0.011748
-0.007092
-0.001053
0.009866
0.020195
0.028383
0.029956
0.028090
0.023814
0.018449
0.016255
0.016580
0.016103
0.015972
0.013641
0.008444
0.005486
0.002636
-0.000196
-0.002627
-0.002029
0.000202
0.002142
0.003893
0.005527
0.004500
0.000770
-0.004493
-0.009146
-0.016318
-0.022773
-0.023973
-0.023656
-0.022447
-0.019336
-0.012863
-0.005942
-0.000766
0.003123
0.007906
0.015087
0.024552
0.032719
0.031638
0.028704
0.022573
0.014262
0.006525
0.001724
-0.000098
-0.002257
-0.001616
-0.001054
-0.000106
0.001080
0.000162
-0.004149
-0.015149
-0.026461
-0.034936
-0.037805
-0.036876
-0.035876
-0.034232
-0.026197
-0.015922
-0.004685
0.004947
0.011476
0.013786
0.009366
-0.001302
-0.013480
-0.020391
-0.021068
-0.014726
-0.008093
-0.002898
0.000976
0.005028
0.009627
0.014832
0.018487
0.018687
0.012881
0.004524
-0.004130
-0.009968
-0.011234
-0.016014
-0.024108
-0.031394
-0.037129
-0.039853
-0.037481
-0.027362
-0.012724
0.004152
0.012058
0.016045
0.018553
0.020322
0.019875
0.016767
0.012711
0.006699
-0.007492
-0.020275
-0.023036
-0.022658
-0.016842
-0.005557
0.008691
0.024074
0.030713
0.032535
0.031468
0.029437
0.025892
0.018208
0.011049
0.006410
0.005813
0.006773
0.005013
-0.001372
-0.013375
-0.019011
-0.016539
-0.007350
0.004152
0.010255
0.013330
0.011683
0.008534
0.004722
0.004345
0.005241
0.002345
-0.001605
-0.008700
-0.013588
-0.013489
-0.010105
-0.006771
-0.003834
-0.003937
-0.003957
-0.002048
0.001929
0.007041
0.011445
0.015785
0.019934
0.023651
0.026565
0.026098
0.021901
0.017372
0.011489
0.005720
0.001896
-0.000649
-0.002445
-0.000367
0.001924
0.006365
0.012964
0.014524
0.012258
0.008109
0.002475
-0.001201
-0.002108
-0.002092
-0.004351
-0.007029
-0.008201
-0.011817
-0.014132
-0.013156
-0.012643
-0.012090
-0.012895
-0.012365
-0.010003
-0.007960
-0.004145
-0.000855
0.001298
0.002885
0.002759
0.000299
-0.004841
-0.010583
-0.015545
-0.021151
-0.024722
-0.020417
-0.013869
-0.007218
-0.001181
0.001840
0.005051
0.010070
0.012527
0.015060
0.015588
0.013447
0.009741
0.009940
0.012856
0.014195
0.011230
0.001932
-0.007825
-0.012688
-0.013522
-0.010295
-0.004758
-0.002831
-0.006718
-0.010203
-0.009608
-0.007676
-0.006480
-0.007783
-0.011911
-0.017480
-0.020764
-0.018907
-0.017108
-0.011429
-0.004860
-0.003987
-0.003648
-0.002439
-0.001436
0.002019
0.005617
0.007885
0.010683
0.013870
0.014246
0.015446
0.015399
0.011857
0.005466
-0.004933
-0.013242
-0.014959
-0.009575
-0.002802
0.002456
0.006457
0.008054
0.011106
0.013857
0.013502
0.012678
0.012015
0.011324
0.010471
0.009700
0.009180
0.007275
0.003781
0.001265
-0.003471
-0.004690
-0.003829
-0.004503
-0.006724
-0.008230
-0.007941
-0.002170
0.004036
0.008311
0.008532
0.005142
-0.000940
-0.004200
-0.001448
0.004176
0.011709
0.015468
0.015961
0.013856
0.012434
0.011373
0.007115
0.003761
-0.002998
-0.009542
-0.013263
-0.012447
-0.006001
-0.000176
0.004131
0.005775
0.003363
0.000850
-0.000910
-0.004666
-0.009527
-0.014619
-0.019744
-0.022077
-0.015038
-0.008615
-0.005379
-0.002375
-0.001522
-0.000566
0.003171
0.006472
0.009085
0.008843
0.004861
-0.004182
-0.013225
-0.017628
-0.020745
-0.022435
-0.022983
-0.023490
-0.021474
-0.016813
-0.012849
-0.009693
-0.008275
-0.005908
-0.002255
0.001712
0.006156
0.010911
0.016409
0.022678
0.025235
0.025358
0.023639
0.019655
0.014841
0.009143
0.005744
0.000519
-0.005804
-0.010140
-0.012225
-0.011755
-0.006649
-0.000683
0.004775
0.009834
0.014577
0.014460
0.011378
0.007463
0.004755
0.003271
0.001974
-0.000133
-0.003073
-0.007348
-0.010263
-0.011195
-0.009117
-0.005512
-0.002811
0.000108
0.002777
0.005037
0.005077
0.005715
0.006909
0.007852
0.009763
0.011706
0.011915
0.009724
0.006610
0.000161
-0.001911
-0.001294
-0.004096
-0.006177
-0.011313
-0.015645
-0.016556
-0.018478
-0.017675
-0.014469
-0.007227
0.002105
0.008226
0.012876
0.014720
0.016358
0.016440
0.016780
0.016448
0.016716
0.012988
0.010002
0.009378
0.006524
0.003667
0.003472
0.000391
-0.003644
-0.006982
-0.009909
-0.012268
-0.011461
-0.010354
-0.006259
-0.000729
0.003835
0.007157
0.008810
0.010384
0.009549
0.006246
0.004128
0.002650
-0.001876
-0.007075
-0.010254
-0.010099
-0.008344
-0.005738
-0.001409
0.003113
0.003410
-0.001026
-0.003204
-0.006497
-0.007977
-0.008753
-0.008654
-0.008076
-0.007582
-0.006802
-0.004914
-0.004203
-0.004046
-0.003711
-0.003685
-0.006270
-0.006956
-0.004991
-0.002411
0.000282
0.003163
0.006423
0.005330
0.004440
0.005469
0.006693
0.008009
0.007943
0.005990
0.003650
-0.000465
-0.002488
-0.005228
-0.005973
-0.005271
-0.005171
-0.004815
-0.004559
-0.004184
-0.003991
-0.002681
-0.000150
0.000541
-0.002853
-0.003923
-0.005365
-0.006506
-0.008482
-0.012975
-0.017659
-0.019241
-0.017893
-0.013336
-0.007062
-0.004790
-0.002151
0.000318
0.001044
-0.000057
0.001028
0.002636
0.004867
0.006482
0.007421
0.009787
0.013629
0.017445
0.019312
0.021484
0.022012
0.018455
0.013105
0.006790
0.001126
-0.001690
-0.002528
-0.005300
-0.006179
-0.005267
-0.004161
-0.001472
0.001238
0.003282
0.003581
0.003254
0.003296
0.003181
0.002913
0.003084
0.005069
0.006307
0.004569
0.001796
0.001199
0.000373
-0.003429
-0.006823
-0.010665
-0.016112
-0.019745
-0.017709
-0.012764
-0.005256
0.005977
0.010771
0.011752
0.014129
0.014866
0.012240
0.007317
0.002097
-0.003730
-0.006288
-0.006875
-0.006431
-0.005970
-0.007442
-0.008581
-0.007725
-0.005764
-0.002791
-0.001532
0.000487
0.004176
0.009049
0.010652
0.009632
0.010577
0.008187
0.005130
0.001282
-0.000374
-0.000117
0.000709
0.003749
0.007008
0.004596
0.002023
-0.001386
-0.004803
-0.006339
-0.008198
-0.007388
-0.006702
-0.006147
-0.005486
-0.004802
-0.004311
-0.003696
-0.002823
-0.000646
-0.001403
-0.002313
-0.001414
0.000165
-0.000162
0.002058
0.004912
0.006811
0.007146
0.006625
0.006590
0.006187
0.005989
0.005672
0.005381
0.006016
0.009270
0.011511
0.011218
0.010427
0.012079
0.013413
0.014560
0.011323
0.007653
0.001785
-0.002956
-0.007982
-0.014966
-0.015326
-0.013387
-0.009760
-0.003352
0.006868
0.013398
0.017058
0.018645
0.016690
0.010230
0.007045
0.003195
-0.003055
-0.007172
-0.010555
-0.014991
-0.017529
-0.018217
-0.017607
-0.014674
-0.008913
-0.003498
0.000587
0.003186
0.003988
0.003587
0.000076
-0.003347
-0.005330
-0.007754
-0.008902
-0.008297
-0.006669
-0.007465
-0.008200
-0.010539
-0.013701
-0.013488
-0.013574
-0.011685
-0.010308
-0.009791
-0.008811
-0.007742
-0.004994
-0.002015
0.000713
0.003049
0.003876
0.004518
0.005644
0.003192
-0.000604
-0.003972
-0.006437
-0.007535
-0.006970
-0.005086
-0.002016
-0.001119
-0.000928
0.000241
0.003169
0.004196
0.005321
0.006433
0.007540
0.007376
0.006903
0.006926
0.008456
0.010663
0.011218
0.009283
0.006360
0.004907
0.001877
0.000051
0.000326
0.001332
0.002763
0.004975
0.007228
0.009012
0.010711
0.010659
0.008665
0.005080
0.002549
-0.001228
-0.003914
-0.007159
-0.007768
-0.006860
-0.006715
-0.005078
-0.002334
-0.001257
-0.000421
-0.002468
-0.003716
-0.004318
-0.005123
-0.006151
-0.006036
-0.006874
-0.009048
-0.008050
-0.007175
-0.006508
-0.005949
-0.005122
-0.005774
-0.007317
-0.007129
-0.005463
-0.002798
0.000301
0.002809
0.005289
0.005794
0.005036
0.003732
0.002785
0.003204
0.005804
0.006144
0.008027
0.009330
0.008948
0.008525
0.011151
0.013443
0.011947
0.009341
0.010469
0.009203
0.007566
0.006568
0.004060
0.000114
-0.003137
-0.004939
-0.003860
-0.004442
-0.003509
-0.002238
-0.002144
-0.001909
0.000263
0.002231
0.002900
0.004935
0.005665
0.002085
0.000865
0.003546
0.004673
0.005048
0.005672
0.005192
0.004589
0.004601
0.005772
0.003902
0.000698
-0.004610
-0.010094
-0.012747
-0.012124
-0.011413
-0.009722
-0.006390
-0.003847
-0.003304
-0.002422
0.000440
0.002610
0.002784
0.000776
0.000022
-0.002106
-0.003310
-0.004258
-0.004999
-0.006078
-0.005966
-0.005274
-0.004944
-0.004320
-0.002490
-0.001063
0.000087
0.001579
0.001480
0.001861
0.002497
-0.000342
-0.003419
-0.003980
-0.004576
-0.004181
-0.003747
-0.003301
-0.002889
-0.001209
0.001569
0.003657
0.003834
0.003679
0.003086
0.001408
-0.000184
-0.001380
-0.000065
0.001343
0.003398
0.005847
0.006331
0.007283
0.008575
0.012589
0.014017
0.012464
0.011294
0.008602
0.004306
0.001329
-0.000011
-0.004515
-0.009251
-0.013290
-0.016050
-0.016056
-0.013071
-0.009656
-0.005386
-0.002486
-0.002148
-0.003149
-0.003117
-0.000530
0.001422
0.002069
0.004614
0.005557
0.006118
0.004780
0.004144
0.004182
0.003804
0.003559
0.003275
0.003127
0.002851
0.002753
0.004298
0.006002
0.006279
0.007999
0.009854
0.011209
0.012605
0.013325
0.012086
0.010795
0.009576
0.006699
0.003002
0.001185
-0.001660
-0.005609
-0.009375
-0.011640
-0.011178
-0.010819
-0.009257
-0.006602
-0.005334
-0.004052
-0.003610
-0.005109
-0.005962
-0.006829
-0.005444
-0.005784
-0.007088
-0.006519
-0.004702
-0.004113
-0.003515
-0.000921
0.001311
0.001540
-0.000864
-0.003317
-0.005498
-0.007464
-0.009503
-0.009743
-0.008917
-0.008465
-0.007945
-0.007288
-0.005334
-0.002353
0.000092
0.001821
0.001639
0.001523
-0.001360
-0.002356
-0.002891
-0.005729
-0.006553
-0.008117
-0.011347
-0.014522
-0.014828
-0.016150
-0.013951
-0.009694
-0.004566
0.000890
0.002863
0.004012
0.006752
0.009181
0.011155
0.012481
0.012212
0.009364
0.004165
-0.000510
-0.003792
-0.004463
-0.004979
-0.005664
-0.005519
-0.002875
0.000747
0.004381
0.007649
0.008544
0.009809
0.010275
0.009658
0.010183
0.011138
0.010590
0.011272
0.009728
0.008780
0.007456
0.005946
0.005876
0.005635
0.004621
0.002205
-0.000194
-0.001025
-0.003573
-0.004420
-0.003310
-0.003176
-0.001410
0.001293
0.001984
0.002254
0.004980
0.007281
0.009078
0.008914
0.008462
0.007867
0.007479
0.004167
-0.001262
-0.004758
-0.006034
-0.007392
-0.004617
-0.002964
-0.002738
-0.000149
0.002543
0.004745
0.005381
0.005353
0.006128
0.004660
0.002995
0.000582
-0.001985
-0.004049
-0.006239
-0.007102
-0.006408
-0.005593
-0.003191
-0.000898
-0.000843
0.000648
0.003317
0.003661
0.003167
0.003214
0.003191
0.003025
0.002799
0.002678
0.002521
0.002359
0.002201
0.001681
-0.000746
-0.002111
-0.001646
0.000242
0.002665
0.004797
0.005696
0.005214
0.004966
0.003458
0.000205
-0.001235
-0.004708
-0.008188
-0.010654
-0.010699
-0.008460
-0.005762
-0.002606
-0.000208
0.002558
0.003451
0.003219
0.000102
-0.002020
-0.004363
-0.005443
-0.007360
-0.009255
-0.010045
-0.006506
-0.005443
-0.006592
-0.006734
-0.005045
-0.002055
0.001452
0.004058
0.005758
0.006724
0.006585
0.005211
0.003513
0.002820
0.002773
0.002508
0.003394
0.004134
0.002491
0.003419
0.003743
0.003126
0.004443
0.006804
0.008473
0.009240
0.008477
0.007534
0.004941
0.002428
0.002059
0.001693
0.001193
0.001182
0.001710
0.000162
-0.000483
-0.000448
-0.000802
-0.001022
-0.001337
-0.001481
-0.001747
-0.002150
-0.003804
-0.004944
-0.006025
-0.005898
-0.007446
-0.009276
-0.009195
-0.006572
-0.003956
-0.002586
-0.000547
0.000979
0.003284
0.003120
0.002336
0.001938
-0.000697
-0.002542
-0.002647
-0.002674
-0.004460
-0.005262
-0.007057
-0.008386
-0.007927
-0.007361
-0.006991
-0.003220
0.002296
0.004274
0.005804
0.009127
0.009404
0.007162
0.004335
0.000155
-0.002025
-0.003602
-0.006501
-0.007719
-0.007332
-0.005590
-0.004323
-0.000927
0.001799
0.002594
0.002131
0.001242
-0.001876
-0.003583
-0.004353
-0.005710
-0.005035
-0.004322
-0.005843
-0.006705
-0.007414
-0.007033
-0.006433
-0.004615
-0.003964
-0.003041
-0.001405
-0.001522
-0.001687
-0.003564
-0.005619
-0.008294
-0.012419
-0.013130
-0.011331
-0.008398
-0.005169
-0.002304
-0.000740
0.000801
0.001921
0.001734
0.001990
0.001990
0.002157
0.000612
0.001127
0.002058
0.001015
-0.000276
-0.000655
-0.002058
-0.003536
-0.003053
-0.002188
-0.001804
-0.001192
-0.000705
-0.000086
0.000329
0.002029
0.004832
0.007005
0.007747
0.009052
0.010011
0.010772
0.010361
0.011673
0.010985
0.008893
0.007417
0.006325
0.006049
0.003836
0.001868
0.002082
0.002239
0.002182
0.002630
0.004325
0.004601
0.004290
0.004348
0.004137
0.002173
0.000159
0.000566
0.000893
0.000906
0.000944
0.000941
-0.000549
0.000765
0.001003
-0.000039
0.000777
0.002083
0.000951
0.000825
0.001357
0.001400
0.002076
0.003119
0.001818
0.002987
0.003098
0.003634
0.006662
0.007765
0.007418
0.006851
0.006750
0.005071
0.005957
0.006020
0.004435
0.001749
0.001141
0.001337
0.001217
0.001989
0.004412
0.006372
0.008093
0.007665
0.007096
0.006583
0.005991
0.003844
0.002406
0.000827
-0.000533
-0.001734
-0.001695
-0.002058
-0.003602
-0.003898
-0.003364
-0.003379
-0.000466
0.001687
0.003856
0.004781
0.005167
0.004555
0.002422
0.001548
0.000765
-0.002192
-0.003521
-0.005983
-0.007848
-0.007876
-0.007532
-0.007070
-0.005895
-0.004012
-0.003646
-0.002773
-0.002424
-0.003527
-0.003545
-0.003285
-0.003260
-0.003240
-0.003243
-0.003118
-0.003122
-0.002950
-0.002950
-0.002851
-0.002884
-0.002747
-0.002462
-0.000210
0.001168
0.003169
0.004748
0.003849
0.003383
0.002980
0.002592
0.000795
0.000894
0.001601
-0.000092
-0.000573
-0.001990
-0.004143
-0.003952
-0.004338
-0.006816
-0.007942
-0.007350
-0.007034
-0.006884
-0.006574
-0.006260
-0.005982
-0.005663
-0.005361
-0.005133
-0.004880
-0.004642
-0.004477
-0.004060
-0.004845
-0.007526
-0.007264
-0.006476
-0.007758
-0.009441
-0.008840
-0.007841
-0.007282
-0.006662
-0.005877
-0.005406
-0.003024
0.000029
0.000042
0.000120
0.000706
0.000859
0.001044
0.001371
0.004453
0.005675
0.004664
0.005918
0.006951
0.007973
0.007153
0.003749
0.003244
0.003692
0.001845
0.000783
-0.000415
-0.000433
-0.000226
-0.000088
0.000020
0.000319
0.001076
0.003639
0.004784
0.006996
0.006022
0.003211
0.003544
0.000910
-0.001364
-0.003765
-0.004247
-0.003362
-0.003188
-0.002566
-0.000501
0.002102
0.001789
0.004129
0.006404
0.007158
0.007366
0.006193
0.004505
0.004456
0.004293
0.003931
0.003625
0.003413
0.003145
0.003064
0.002823
0.002697
0.002407
0.002358
0.002168
0.003580
0.003813
0.004069
0.004094
0.002642
0.000977
0.000325
0.000309
0.000176
-0.000013
0.000073
-0.000140
-0.000090
-0.000474
-0.000264
-0.002825
-0.004877
-0.007087
-0.007718
-0.006033
-0.004347
-0.004007
-0.002364
-0.001314
-0.001568
-0.001203
-0.001131
0.000457
0.001125
0.001015
0.000251
-0.001021
-0.000774
-0.000581
-0.000583
-0.000619
-0.000439
-0.001513
-0.000769
0.001997
0.003710
0.003419
0.005072
0.007376
0.006458
0.005639
0.003385
0.001232
0.001245
-0.001366
-0.003383
-0.002712
-0.002027
-0.000675
0.000415
0.001523
0.001031
0.001193
0.000922
0.000938
0.000536
0.003234
0.004485
0.003642
0.003229
0.002323
-0.000573
-0.001669
-0.002803
-0.003968
-0.003698
-0.002706
-0.005084
-0.003396
-0.001902
-0.000646
-0.000452
-0.000574
-0.000541
-0.000774
-0.003561
-0.003365
-0.003969
-0.004088
-0.003599
-0.000775
-0.000469
-0.000034
0.000671
0.001331
0.003796
0.004066
0.002999
0.002092
0.002206
0.001874
0.001362
-0.001382
-0.001778
-0.001478
-0.002415
-0.004926
-0.005304
-0.004764
-0.004928
-0.007003
-0.007863
-0.007081
-0.006520
-0.006068
-0.005530
-0.004335
-0.002500
-0.002217
-0.001873
0.000037
0.000741
0.001186
0.002840
0.001469
0.000562
0.000926
0.001064
0.001006
0.001141
0.001146
0.001263
0.001204
0.001307
0.001401
0.001528
0.002699
0.004969
0.003479
0.002715
0.002999
0.002967
0.002719
0.004236
0.003983
0.002741
0.002975
0.001878
0.000099
-0.002281
-0.003842
-0.003683
-0.003113
-0.004208
-0.003286
-0.001640
0.000500
0.002240
0.003063
0.005463
0.005790
0.003796
0.002597
0.001443
0.001059
0.001344
0.001059
0.000885
-0.001610
-0.001732
-0.000243
0.001216
0.001319
-0.000761
-0.002435
-0.001716
-0.001621
0.001501
0.002633
0.002331
0.001958
0.004503
0.005033
0.004687
0.003340
0.001071
0.001099
0.001189
0.001039
0.002704
0.004630
0.004357
0.003752
0.004790
0.003921
0.002671
0.001581
-0.001679
-0.001655
-0.002779
-0.002055
-0.001840
-0.002719
-0.001220
-0.001096
-0.001306
-0.001219
-0.001122
-0.001090
-0.001074
-0.001105
-0.001049
-0.001208
-0.000246
0.000050
-0.001260
-0.001368
-0.002683
-0.003032
-0.002676
-0.001496
-0.000464
-0.000086
0.002995
0.004114
0.004673
0.004358
0.004187
0.004854
0.003314
0.002364
0.002402
-0.000890
-0.002521
-0.002524
-0.004085
-0.004223
-0.003862
-0.003831
-0.003602
-0.003535
-0.002407
-0.001060
-0.001288
-0.001321
-0.001291
-0.000403
0.000664
0.000513
0.000367
-0.000091
-0.002466
-0.003902
-0.003520
-0.003402
-0.003325
-0.003136
-0.002969
-0.002815
-0.002602
-0.000763
0.001372
0.001931
0.003014
0.001754
0.000475
0.000364
-0.001854
-0.003626
-0.003297
-0.003040
-0.003017
-0.002779
-0.002630
-0.002424
-0.002315
-0.002109
-0.001211
0.001852
0.002236
0.001755
0.001852
0.001730
0.001157
-0.001182
-0.002682
-0.002294
-0.003594
-0.004199
-0.003582
-0.003211
-0.004082
-0.005341
-0.005357
-0.005602
-0.005048
-0.005503
-0.004876
-0.003312
-0.004530
-0.004692
-0.002792
-0.001105
-0.000784
0.000842
0.001976
0.000996
0.000088
-0.000829
-0.001330
-0.000901
-0.000304
-0.000082
0.000319
0.000542
0.000863
0.001143
0.001612
0.001812
0.002071
0.002233
0.002767
0.004852
0.007490
0.008436
0.008048
0.007801
0.007759
0.007511
0.005445
0.002728
0.003050
0.003112
0.002893
0.003586
0.005048
0.004792
0.006050
0.006540
0.005984
0.005681
0.005475
0.005120
0.004921
0.004201
0.002291
0.002940
0.003257
0.000206
-0.000280
0.000087
0.000199
-0.000160
0.002599
0.004268
0.003485
0.003249
0.003167
0.003919
0.004690
0.002491
0.001734
0.001745
0.001558
0.000023
-0.000909
-0.000886
-0.000210
0.000946
0.001002
0.000760
0.003629
0.004785
0.005222
0.004985
0.004362
0.003757
0.001425
-0.000962
-0.001304
-0.001381
-0.002965
-0.005383
-0.005663
-0.005218
-0.004431
-0.002086
-0.001069
-0.001199
-0.000215
-0.000867
-0.000049
-0.000031
-0.000581
-0.000583
-0.001419
-0.002978
-0.004168
-0.005056
-0.004959
-0.004873
-0.004249
-0.002703
-0.002634
-0.002836
-0.002526
-0.001041
-0.001514
-0.003350
-0.003078
-0.004389
-0.005173
-0.004724
-0.004602
-0.004577
-0.005617
-0.007750
-0.007784
-0.007071
-0.006692
-0.005315
-0.002454
-0.001475
-0.000180
0.000305
0.000086
0.000046
-0.000014
-0.000101
-0.000684
-0.003001
-0.004160
-0.003557
-0.003350
-0.003351
-0.002439
-0.000811
-0.000795
0.000403
-0.000306
-0.002814
-0.002360
-0.002057
-0.002015
-0.004853
-0.005568
-0.004737
-0.004242
-0.004106
-0.000958
-0.000517
-0.000943
0.001033
0.001579
0.000071
0.000704
0.001626
-0.000812
-0.002265
-0.001640
-0.001212
-0.001158
-0.001187
-0.002400
-0.001121
0.000651
0.000578
0.000629
0.002066
0.005159
0.005152
0.004671
0.004855
0.004869
0.004706
0.004486
0.004396
0.004196
0.004136
0.003897
0.004693
0.004825
0.003297
0.003288
0.003447
0.003265
0.003030
0.002996
0.002812
0.002831
0.002622
0.002620
0.002338
0.002229
-0.000672
-0.001848
-0.000989
-0.001897
-0.002096
-0.000498
-0.001753
-0.000572
-0.000418
-0.001818
-0.001681
0.000195
-0.000270
0.000795
0.000677
-0.000747
-0.001665
-0.002348
-0.003297
-0.003375
-0.002698
-0.002409
-0.001891
-0.000054
0.000945
0.000807
0.001196
0.001312
0.001532
0.001584
0.001824
0.002656
0.004113
0.003968
0.003940
0.003819
0.004414
0.005660
0.005587
0.006431
0.008699
0.008424
0.007805
0.007453
0.006996
0.004933
0.003961
0.004079
0.002624
0.002135
0.003202
0.002796
0.002408
0.003035
0.003157
0.001515
0.001368
0.001085
-0.000731
-0.001261
-0.000870
-0.001061
-0.001138
-0.000871
0.000653
0.001418
0.002309
0.001899
0.001708
0.001344
0.001229
0.000607
0.000523
-0.002585
-0.004638
-0.007110
-0.007484
-0.006843
-0.006584
-0.004662
-0.002379
-0.000870
0.001729
0.001709
0.001087
0.000984
-0.001264
-0.003216
-0.003975
-0.006203
-0.006926
-0.005919
-0.004344
-0.003123
-0.001845
-0.001732
-0.001862
-0.001603
-0.001593
-0.001577
-0.001657
-0.001729
-0.003451
-0.005300
-0.005697
-0.007610
-0.008442
-0.008875
-0.009104
-0.007518
-0.005590
-0.004922
-0.004590
-0.002428
-0.001034
0.000446
0.000647
0.000649
0.000824
0.000496
-0.000806
-0.001727
-0.002498
-0.002151
-0.001804
-0.001623
-0.001210
-0.000942
0.000468
0.001694
0.001599
0.001623
0.002583
0.003976
0.002410
0.001298
0.000058
0.000523
0.002232
0.003272
0.005535
0.006270
0.007135
0.007255
0.005656
0.004249
0.004196
0.003989
0.003571
0.003420
0.003157
0.002934
0.002729
0.002577
0.002373
0.002182
0.001938
0.001749
0.001681
0.000955
-0.000684
-0.000658
-0.000576
-0.000333
0.001060
0.002044
0.002925
0.002806
0.002347
0.002202
0.001864
0.000869
-0.000722
-0.000669
-0.001893
-0.001401
-0.002457
-0.002833
-0.002410
-0.002323
-0.002382
-0.002220
-0.002309
-0.001051
-0.001226
-0.002354
-0.001979
-0.001842
-0.001831
-0.001825
-0.001612
-0.001691
-0.001518
-0.001667
-0.001367
-0.003889
-0.005406
-0.004475
-0.004266
-0.004116
-0.003807
-0.003359
-0.003095
-0.002799
-0.002579
-0.002271
-0.001978
-0.001621
-0.001154
0.000651
0.000855
0.001816
0.002860
0.000886
-0.001294
-0.001014
-0.000730
-0.000651
-0.000406
0.001062
-0.000060
0.000289
0.002161
0.001902
0.001840
0.001537
0.000122
-0.000134
0.000347
-0.001055
-0.001959
-0.002936
-0.002973
-0.002451
-0.002236
-0.001749
-0.001380
-0.001073
-0.000801
-0.001373
-0.002212
-0.000136
0.000669
0.000708
0.000778
0.002326
0.002252
0.002483
0.002389
0.002647
0.001765
0.001526
0.002093
0.001870
0.002233
0.001253
0.001368
0.002555
0.002569
0.002710
0.005220
0.006452
0.006074
0.005737
0.005723
0.005358
0.005170
0.004740
0.004601
0.004418
0.005412
0.004601
0.005287
0.005193
0.004588
0.004559
0.005727
0.005661
0.004792
0.004585
0.002769
0.001699
0.001142
-0.000505
-0.000829
-0.000794
-0.002353
-0.002642
-0.000816
-0.000759
-0.001122
-0.000938
-0.000887
-0.001028
-0.001176
-0.000303
0.000903
0.000576
0.001512
0.000386
-0.000370
-0.000261
-0.000543
-0.000713
-0.000827
-0.000293
0.000866
0.000632
0.000153
0.000093
-0.000630
-0.002266
-0.002562
-0.002372
-0.002540
-0.002481
-0.002655
-0.002585
-0.002774
-0.002629
-0.002553
-0.000872
-0.001550
-0.002260
-0.001037
-0.001246
-0.003076
-0.003444
-0.003210
-0.003273
-0.003324
-0.003353
-0.004964
-0.005138
-0.005395
-0.006663
-0.004980
-0.003780
-0.003991
-0.003574
-0.003390
-0.002073
-0.001077
-0.001254
-0.001775
-0.003010
-0.002994
-0.002691
-0.002725
-0.002533
-0.002366
-0.002149
-0.002132
-0.001899
-0.001873
-0.001882
-0.003486
-0.002358
-0.001874
-0.001801
-0.002056
-0.002992
-0.003857
-0.003812
-0.003185
-0.004467
-0.004686
-0.004002
-0.003515
-0.003266
-0.002713
-0.002173
-0.000222
0.000540
0.000549
0.000773
0.001075
0.001135
0.001462
0.001422
0.002612
0.002775
0.001590
0.001905
0.002162
0.002665
0.004324
0.003109
0.001924
0.002496
0.002435
0.003066
0.004411
0.004364
0.004082
0.003855
0.002293
0.002040
0.002265
0.002238
0.002259
0.002288
0.002306
0.002323
0.002387
0.003736
0.005930
0.006090
0.005508
0.006392
0.007341
0.006656
0.006173
0.005830
0.005500
0.004039
0.002570
0.002542
0.002380
0.002206
0.002018
0.001832
0.001648
0.001466
0.001390
0.001157
0.001897
0.002945
0.002407
0.002159
0.001902
0.001999
0.000458
0.000371
-0.000058
-0.001103
-0.001006
-0.001033
-0.002139
-0.003131
-0.001259
-0.000858
-0.001207
-0.001238
-0.001201
-0.002629
-0.003256
-0.002784
-0.003648
-0.003719
-0.002354
-0.003893
-0.004298
-0.003722
-0.003533
-0.003364
-0.001675
-0.000969
-0.001226
-0.000989
-0.000776
-0.000770
-0.001132
-0.002596
-0.002576
-0.003295
-0.004247
-0.003687
-0.002874
-0.001146
-0.000988
-0.000988
-0.000510
0.001070
0.001461
0.001205
0.001315
-0.000183
-0.000902
-0.000451
-0.001300
-0.002562
-0.002175
-0.003344
-0.003167
-0.001847
-0.002913
-0.002713
-0.002176
-0.001973
-0.001686
-0.001373
-0.001060
-0.002175
-0.002711
-0.001298
0.000290
0.000548
0.000503
0.002523
0.002432
0.001531
0.002926
0.003158
0.002760
0.002834
0.002845
0.001947
0.001845
0.003033
0.000997
0.000692
0.001051
0.001176
0.000950
0.001226
0.001558
0.003454
0.002108
0.002218
0.002018
0.002368
0.001867
0.003054
0.001899
0.002015
0.003440
0.004497
0.004415
0.003934
0.003987
0.005015
0.005327
0.003861
0.002303
0.002086
0.002409
0.003336
0.003501
0.002755
0.002670
0.000920
0.000100
0.000004
-0.000006
-0.001372
-0.001152
-0.000170
-0.000603
-0.000631
-0.000790
0.000363
0.001121
0.002213
0.001715
-0.000121
-0.000293
-0.000440
-0.002158
-0.002872
-0.002556
-0.002694
-0.002615
-0.002655
-0.002589
-0.002702
-0.002596
-0.002640
-0.001241
-0.000635
-0.000993
-0.001135
-0.001142
-0.002379
-0.003288
-0.002986
-0.002494
-0.001083
-0.002326
-0.002166
-0.002506
-0.003281
-0.002916
-0.003786
-0.004639
-0.004339
-0.003644
-0.002164
-0.001947
-0.002026
-0.003038
-0.003595
-0.003060
-0.002959
-0.003688
-0.004589
-0.003841
-0.003556
-0.003838
-0.004899
-0.003210
-0.003232
-0.003746
-0.003210
-0.002681
-0.002462
-0.002128
-0.003028
-0.003084
-0.002471
-0.002109
-0.001845
-0.001488
-0.002302
-0.002294
-0.002163
-0.002884
-0.002364
-0.001625
-0.000007
0.000738
0.000797
0.001251
0.001524
0.001577
0.000528
0.001161
0.002697
0.002824
0.002777
0.003287
0.004541
0.004802
0.003650
0.003010
0.003281
0.003279
0.003283
0.002691
0.001832
0.002113
0.002244
0.002352
0.002418
0.002546
0.002592
0.002697
0.003107
0.004150
0.004837
0.005417
0.005162
0.004892
0.005109
0.005852
0.005503
0.005049
0.004889
0.004559
0.004640
0.005271
0.004790
0.004297
0.004154
0.004813
0.004469
0.003856
0.003499
0.003100
0.002910
0.003540
0.002559
0.001275
0.001119
0.000841
0.000425
0.000187
-0.000040
0.000493
0.000732
0.000161
0.000331
0.000860
0.000481
-0.000029
-0.000212
-0.000529
-0.000744
-0.001745
-0.002489
-0.002427
-0.002870
-0.003464
-0.003244
-0.003772
-0.003086
-0.002843
-0.003932
-0.003423
-0.003178
-0.003818
-0.003087
-0.003353
-0.004097
-0.004450
-0.004282
-0.004078
-0.004805
-0.004663
-0.004678
-0.005020
-0.004683
-0.004250
-0.003993
-0.003651
-0.003373
-0.003082
-0.002845
-0.002567
-0.002267
-0.002386
-0.002761
-0.002354
-0.002673
-0.002645
-0.002189
-0.001831
-0.001598
-0.001367
-0.001656
-0.001499
-0.001107
-0.000868
-0.000621
-0.000357
-0.000099
0.000118
0.000317
0.000531
0.000675
0.000871
0.000976
0.001145
0.000896
0.000729
0.001023
0.001650
0.001727
0.002021
0.002411
0.002329
0.002270
0.002283
0.002220
0.002166
0.001753
0.001662
0.001954
0.001627
0.001494
0.001857
0.001701
0.001443
0.001502
0.001462
0.001669
0.001810
0.001738
0.001942
0.001902
0.001748
0.001644
0.001515
0.001475
0.001600
0.001478
0.001297
0.001214
0.001040
0.000681
0.000557
0.000549
0.000440
0.000377
0.000305
0.000263
0.000198
0.000155
0.000091
0.000051
0.000054
0.000182
0.000109
0.000169
0.000188
0.000135
0.000186
0.000122
-0.000101
-0.000219
-0.000136
-0.000149
-0.000322
-0.000431
-0.000545
-0.000518
-0.000596
-0.000637
-0.000614
-0.000603
-0.000606
-0.000594
-0.000592
-0.000530
-0.000469
-0.000476
-0.000467
-0.000395
-0.000396
-0.000414
-0.000415
-0.000417
-0.000420
-0.000416
-0.000414
-0.000408
-0.000402
-0.000402
-0.000429
-0.000413
-0.000391
-0.000374
-0.000384
-0.000369
-0.000336
-0.000311
-0.000287
-0.000263
-0.000239
-0.000216
-0.000192
-0.000186
-0.000175
-0.000135
-0.000127
-0.000111
-0.000099
-0.000088
-0.000067
-0.000046
-0.000035
-0.000021
0.000003
0.000022
0.000030
0.000044
0.000055
0.000060
0.000066
0.000072
0.000076
0.000075
0.000080
0.000084
0.000087
0.000089
0.000089
0.000091
0.000092
0.000094
0.000095
0.000095
0.000095
0.000092
0.000090
0.000088
0.000085
0.000081
0.000078
0.000075
0.000072
0.000068
0.000065
0.000061
0.000058
0.000054
0.000051
0.000047
0.000043
0.000039
0.000035
0.000031
0.000027
0.000024
0.000020
0.000016
0.000013
0.000009
0.000006
0.000003
-0.000000
-0.000003
-0.000006
-0.000009
