0.001104
0.001187
0.001186
0.001176
0.001166
0.001159
0.001160
0.001163
0.001150
0.001117
0.001078
0.001050
0.001035
0.001027
0.001034
0.001059
0.001085
0.001124
0.001194
0.001283
0.001323
0.001261
0.001102
0.000912
0.000771
0.000736
0.000783
0.000823
0.000759
0.000582
0.000384
0.000343
0.000587
0.001175
0.001896
0.002386
0.002356
0.001763
0.000903
0.000205
0.000017
0.000543
0.001696
0.003169
0.004449
0.004906
0.004104
0.002231
0.000000
-0.001801
-0.002833
-0.003064
-0.002413
-0.000961
0.000779
0.002455
0.003679
0.003884
0.003055
0.001939
0.001461
0.001819
0.002897
0.004505
0.006260
0.007259
0.006993
0.005629
0.003843
0.002460
0.001979
0.002215
0.002830
0.003605
0.004374
0.005071
0.005201
0.004441
0.003119
0.001752
0.000767
0.000382
0.000981
0.002762
0.005101
0.007236
0.008699
0.009668
0.010793
0.012257
0.013064
0.012153
0.010191
0.009002
0.010190
0.014467
0.020782
0.026285
0.028357
0.027350
0.025182
0.021354
0.014428
0.004705
-0.005880
-0.013675
-0.015831
-0.013789
-0.010889
-0.010940
-0.017728
-0.031809
-0.050504
-0.067069
-0.075019
-0.074289
-0.067795
-0.058189
-0.046067
-0.033505
-0.023225
-0.013870
-0.003215
0.006983
0.009750
-0.000888
-0.021771
-0.041947
-0.050820
-0.042729
-0.019454
0.008256
0.026059
0.026640
0.012975
-0.006524
-0.018582
-0.010979
0.014459
0.043639
0.057485
0.046648
0.022176
0.003978
0.006504
0.026285
0.043468
0.039263
0.011997
-0.020820
-0.040191
-0.041381
-0.031145
-0.019885
-0.013432
-0.012449
-0.019006
-0.035129
-0.053440
-0.060192
-0.049618
-0.028932
-0.011995
-0.005422
-0.000656
0.018888
0.053013
0.079988
0.075983
0.034410
-0.017449
-0.038753
-0.019122
0.014644
0.028733
0.014469
-0.012136
-0.031780
-0.037958
-0.032479
-0.017855
0.006279
0.035701
0.054517
0.048339
0.018667
-0.019317
-0.050248
-0.058029
-0.025886
0.048584
0.132938
0.177059
0.166525
0.118857
0.052444
-0.015815
-0.076980
-0.122284
-0.140355
-0.122548
-0.066600
0.010686
0.069778
0.078991
0.032455
-0.053895
-0.138099
-0.166381
-0.117273
0.001797
0.169080
0.310363
0.359562
0.323517
0.239936
0.130435
-0.006696
-0.166210
-0.322846
-0.419370
-0.428007
-0.370553
-0.262092
-0.117047
0.004285
0.060420
0.070211
0.065333
0.060330
0.049677
0.030582
0.012112
0.003276
0.010474
0.033324
0.060116
0.079463
0.085413
0.078220
0.065284
0.057078
0.057915
0.061625
0.057524
0.040865
0.019433
0.001207
-0.010144
-0.014974
-0.017054
-0.020273
-0.025943
-0.032428
-0.036270
-0.033846
-0.024938
-0.011366
0.004871
0.017439
0.021554
0.015761
0.002746
-0.009295
-0.015352
-0.017819
-0.018710
-0.016166
-0.008253
0.004720
0.014701
0.013377
0.000963
-0.011973
-0.016941
-0.008254
0.011737
0.033226
0.046764
0.050010
0.043388
0.027802
0.007708
-0.007879
-0.016868
-0.019888
-0.015348
-0.002702
0.014904
0.031642
0.039945
0.035821
0.023936
0.013415
0.008951
0.013309
0.023410
0.029912
0.026269
0.011858
-0.005623
-0.017578
-0.020221
-0.013252
-0.005663
-0.006953
-0.018860
-0.032154
-0.037619
-0.034151
-0.027012
-0.019621
-0.012818
-0.007867
-0.006477
-0.007928
-0.011249
-0.015294
-0.021163
-0.026782
-0.030189
-0.029586
-0.022037
-0.007405
0.011681
0.029902
0.041427
0.041921
0.033346
0.023422
0.018770
0.019594
0.022231
0.027111
0.034791
0.043547
0.048766
0.044497
0.027894
0.003350
-0.020389
-0.036358
-0.043150
-0.043644
-0.044410
-0.050997
-0.062369
-0.073828
-0.078717
-0.070926
-0.053095
-0.035963
-0.026503
-0.020823
-0.010763
0.006900
0.026656
0.040837
0.047179
0.048949
0.050269
0.051971
0.052456
0.047732
0.034424
0.012229
-0.010046
-0.023005
-0.021932
-0.007991
0.014036
0.037853
0.054727
0.060587
0.055599
0.041469
0.022457
0.002386
-0.014744
-0.024566
-0.022204
-0.008757
0.010071
0.024756
0.030758
0.030069
0.028536
0.027528
0.023667
0.017027
0.011682
0.009680
0.008165
0.003678
-0.008008
-0.025971
-0.043506
-0.052663
-0.047955
-0.030710
-0.009947
0.003233
0.006340
0.001803
-0.008512
-0.022583
-0.038537
-0.055432
-0.067846
-0.069921
-0.057666
-0.031859
-0.000819
0.025144
0.040617
0.047195
0.047977
0.041574
0.027749
0.010625
0.000046
-0.000501
0.002920
0.003844
0.001225
0.000545
0.007345
0.018400
0.024228
0.019600
0.005945
-0.010636
-0.024877
-0.033733
-0.036526
-0.034178
-0.029199
-0.024748
-0.023328
-0.025764
-0.030277
-0.034034
-0.034165
-0.028483
-0.018377
-0.007598
0.003179
0.014724
0.025204
0.033429
0.039097
0.042189
0.042073
0.037577
0.031089
0.026530
0.025457
0.027436
0.029797
0.030434
0.028824
0.024856
0.019079
0.011352
0.000964
-0.008872
-0.015648
-0.019835
-0.022475
-0.024105
-0.023339
-0.019084
-0.011215
-0.001664
0.006155
0.010056
0.007997
-0.000295
-0.011237
-0.019346
-0.021176
-0.016251
-0.007033
0.002088
0.009159
0.014276
0.018115
0.020858
0.020214
0.014158
0.005531
-0.001639
-0.005583
-0.006675
-0.005321
-0.003482
-0.004437
-0.008454
-0.013129
-0.017908
-0.024203
-0.032119
-0.039984
-0.048126
-0.056644
-0.063622
-0.066611
-0.062288
-0.049944
-0.033076
-0.015309
0.001223
0.013382
0.021791
0.029138
0.033714
0.034194
0.032659
0.031849
0.031958
0.030406
0.025564
0.019040
0.013985
0.012753
0.017548
0.029650
0.043912
0.053978
0.056497
0.049336
0.034683
0.016633
-0.001704
-0.015041
-0.021212
-0.021402
-0.018138
-0.014776
-0.015591
-0.023446
-0.036905
-0.050997
-0.060818
-0.063091
-0.057517
-0.048965
-0.043829
-0.043943
-0.046282
-0.047547
-0.045124
-0.036685
-0.023663
-0.009788
0.002423
0.010623
0.014204
0.016365
0.019007
0.021544
0.023589
0.023663
0.021937
0.020140
0.019848
0.021036
0.021693
0.020891
0.019127
0.017959
0.018884
0.021012
0.020830
0.017601
0.014847
0.017143
0.024564
0.031579
0.032567
0.024566
0.011255
-0.001480
-0.009109
-0.011688
-0.010224
-0.005615
-0.000604
0.002878
0.005011
0.005527
0.005380
0.005546
0.005122
0.001977
-0.002602
-0.005059
-0.003051
0.002234
0.007429
0.008796
0.004548
-0.003676
-0.013052
-0.022104
-0.028203
-0.028854
-0.023052
-0.012799
-0.000374
0.010990
0.020084
0.025490
0.024762
0.017716
0.008747
0.003885
0.005123
0.010710
0.016001
0.015319
0.008407
-0.000275
-0.004258
-0.000319
0.007439
0.013253
0.015045
0.013668
0.011601
0.010200
0.007989
0.003501
-0.001492
-0.004147
-0.001420
0.006117
0.015939
0.024579
0.028240
0.024274
0.012909
-0.001253
-0.014373
-0.022313
-0.020594
-0.010815
-0.000728
0.005105
0.005390
0.003166
0.001676
0.003507
0.009598
0.017899
0.024056
0.026537
0.025792
0.022195
0.017880
0.015228
0.015312
0.015550
0.012399
0.005414
-0.003587
-0.012943
-0.019856
-0.024927
-0.028665
-0.030505
-0.030876
-0.031057
-0.031875
-0.033825
-0.036710
-0.039291
-0.039763
-0.037109
-0.032840
-0.029004
-0.028302
-0.029445
-0.029155
-0.025253
-0.017425
-0.006304
0.004907
0.012890
0.017527
0.021257
0.025666
0.029837
0.032448
0.032637
0.031658
0.032051
0.033835
0.036608
0.039009
0.039347
0.038160
0.035597
0.029679
0.018751
0.003693
-0.010233
-0.018801
-0.023955
-0.028974
-0.033867
-0.035936
-0.033894
-0.030835
-0.029652
-0.028487
-0.025414
-0.019744
-0.010900
0.000484
0.012847
0.022464
0.028214
0.029287
0.026757
0.023765
0.021270
0.018186
0.016106
0.015003
0.011753
0.005866
-0.001526
-0.008571
-0.013814
-0.017003
-0.017646
-0.015522
-0.013105
-0.012939
-0.014046
-0.014137
-0.011846
-0.007639
-0.004578
-0.004542
-0.006178
-0.007349
-0.004625
0.001841
0.007998
0.010972
0.012323
0.013941
0.014778
0.013953
0.012352
0.010663
0.008694
0.006977
0.005630
0.003944
0.001163
-0.002765
-0.007762
-0.012120
-0.013605
-0.010429
-0.003622
0.003745
0.007676
0.007494
0.005454
0.004147
0.004774
0.007764
0.011382
0.013751
0.013720
0.010895
0.006725
0.001782
-0.002981
-0.006337
-0.008403
-0.007445
-0.003648
-0.000070
0.002071
0.003369
0.003798
0.004425
0.006595
0.008639
0.007930
0.003002
-0.005223
-0.013730
-0.018007
-0.016728
-0.010747
-0.003375
0.002586
0.005839
0.005628
0.003450
0.001032
-0.001088
-0.002917
-0.003341
-0.000569
0.004393
0.007417
0.006331
0.002926
0.000061
-0.002783
-0.006156
-0.008940
-0.009487
-0.006073
0.001260
0.009684
0.015318
0.015205
0.008835
-0.001773
-0.011141
-0.015163
-0.013561
-0.007190
0.000783
0.004784
0.002999
-0.003344
-0.010439
-0.014885
-0.015835
-0.013820
-0.009028
-0.003411
0.000425
0.000650
-0.000823
-0.002351
-0.004206
-0.006637
-0.009056
-0.010377
-0.010394
-0.009828
-0.008748
-0.006439
-0.001813
0.003703
0.009117
0.014124
0.017472
0.017310
0.014524
0.012043
0.010142
0.008378
0.006883
0.004939
0.001423
-0.003718
-0.008953
-0.012518
-0.014567
-0.016004
-0.018485
-0.022833
-0.025616
-0.024679
-0.020825
-0.015413
-0.008322
-0.001961
0.001614
0.003065
0.002892
0.000737
-0.002651
-0.007115
-0.012962
-0.019069
-0.022246
-0.020948
-0.016828
-0.011983
-0.006712
-0.001797
0.000369
-0.000059
-0.000991
-0.001615
-0.000408
0.005248
0.014413
0.022604
0.026566
0.025543
0.019140
0.009649
0.001571
-0.003167
-0.004429
-0.002644
-0.000365
-0.000088
-0.002203
-0.006054
-0.010387
-0.013855
-0.016101
-0.016939
-0.014903
-0.009615
-0.002917
0.001803
0.002551
0.000479
-0.000896
-0.000150
0.001172
0.002487
0.005306
0.010629
0.018669
0.026951
0.032134
0.034015
0.032372
0.029253
0.026731
0.024823
0.022564
0.019602
0.016341
0.013273
0.010445
0.007667
0.005260
0.004135
0.004285
0.005376
0.006889
0.007029
0.004570
-0.000577
-0.005641
-0.009438
-0.012478
-0.014726
-0.015669
-0.013975
-0.009622
-0.005904
-0.003647
-0.001066
0.003031
0.006529
0.007090
0.005810
0.004257
0.003113
0.001656
-0.001416
-0.005937
-0.010127
-0.012383
-0.011904
-0.008989
-0.005849
-0.004470
-0.005510
-0.007620
-0.009663
-0.012790
-0.018056
-0.023643
-0.026164
-0.024009
-0.019224
-0.014599
-0.011226
-0.007715
-0.003488
0.002627
0.009798
0.015601
0.019101
0.020976
0.021792
0.020728
0.017037
0.012850
0.010077
0.008486
0.008045
0.007770
0.005783
0.003761
0.002939
0.001763
-0.000372
-0.001049
0.000628
0.001696
0.000809
-0.001219
-0.002985
-0.004020
-0.003597
-0.000806
0.003573
0.008902
0.013060
0.013904
0.011629
0.007373
0.003122
-0.000419
-0.003133
-0.004714
-0.005967
-0.007175
-0.008181
-0.009508
-0.010586
-0.009705
-0.005721
0.000288
0.005272
0.006834
0.005328
0.001457
-0.004918
-0.011527
-0.015389
-0.014805
-0.010841
-0.006277
-0.002267
0.001329
0.003375
0.004291
0.005711
0.006716
0.006850
0.006221
0.004473
0.002173
0.001841
0.003950
0.005990
0.007253
0.008459
0.010967
0.012744
0.012275
0.010390
0.008237
0.005427
0.002400
0.001080
0.001478
0.002373
0.003484
0.005128
0.007639
0.009645
0.008814
0.004441
-0.002722
-0.011663
-0.020868
-0.028284
-0.033150
-0.036492
-0.038508
-0.037330
-0.032520
-0.027009
-0.022400
-0.019171
-0.017124
-0.015648
-0.014380
-0.012972
-0.011122
-0.009457
-0.007034
-0.003945
-0.000933
0.001819
0.004497
0.006379
0.006173
0.004058
0.001591
0.000742
0.002254
0.005009
0.006724
0.006492
0.004592
0.002124
-0.001766
-0.007915
-0.014588
-0.019863
-0.021693
-0.020112
-0.016194
-0.011739
-0.008046
-0.003923
0.000554
0.004448
0.006136
0.005429
0.005433
0.008722
0.014679
0.019923
0.023143
0.025220
0.026800
0.026863
0.024604
0.019954
0.014178
0.009104
0.006131
0.004953
0.003325
-0.000295
-0.004814
-0.007662
-0.007161
-0.003418
0.000784
0.001934
-0.001772
-0.009267
-0.016937
-0.020662
-0.018904
-0.012787
-0.005390
0.000924
0.004477
0.004247
0.001915
-0.001646
-0.005444
-0.009115
-0.012572
-0.015453
-0.017316
-0.017199
-0.015614
-0.013598
-0.011188
-0.008560
-0.006696
-0.006558
-0.007526
-0.009286
-0.011357
-0.012323
-0.011001
-0.006890
-0.000582
0.006096
0.011588
0.016129
0.020226
0.023577
0.024585
0.022765
0.020113
0.019141
0.019838
0.020426
0.020099
0.018654
0.016659
0.016059
0.016588
0.016507
0.014949
0.012870
0.011240
0.010018
0.008294
0.005954
0.004456
0.003631
0.002786
0.003316
0.004010
0.002392
-0.001141
-0.004566
-0.007063
-0.008856
-0.009809
-0.009949
-0.009978
-0.010696
-0.012263
-0.013498
-0.013053
-0.011235
-0.009459
-0.008210
-0.006669
-0.003998
-0.000799
0.001266
0.000786
-0.001678
-0.004656
-0.006703
-0.007102
-0.005738
-0.002945
-0.000096
0.000869
-0.002082
-0.007357
-0.010971
-0.012643
-0.014008
-0.015130
-0.014747
-0.013108
-0.012514
-0.013127
-0.014101
-0.015298
-0.016150
-0.016116
-0.015754
-0.015702
-0.015816
-0.014689
-0.011700
-0.008134
-0.004070
0.000858
0.006628
0.013015
0.018847
0.023129
0.025644
0.026294
0.025115
0.024183
0.024591
0.025225
0.024532
0.021263
0.015205
0.008380
0.003975
0.002817
0.004000
0.005460
0.004970
0.002472
-0.001449
-0.005316
-0.008344
-0.010057
-0.010032
-0.009810
-0.010878
-0.013504
-0.016444
-0.019888
-0.025047
-0.030340
-0.033323
-0.033459
-0.031466
-0.027342
-0.021330
-0.015453
-0.011032
-0.008537
-0.007817
-0.006619
-0.003890
-0.000287
0.002941
0.005565
0.008337
0.011544
0.014685
0.017377
0.018834
0.019892
0.020221
0.019193
0.018347
0.018562
0.019333
0.021114
0.023972
0.026682
0.027536
0.026110
0.023515
0.021388
0.019757
0.018043
0.015711
0.012540
0.008686
0.005168
0.003065
0.001399
-0.000433
-0.001456
-0.001615
-0.002308
-0.003962
-0.005731
-0.007007
-0.007385
-0.006908
-0.005351
-0.003798
-0.002246
0.000287
0.003400
0.006136
0.006996
0.005238
0.003467
0.003669
0.004774
0.005653
0.005069
0.003074
0.004069
0.010200
0.016374
0.018611
0.016602
0.011251
0.006068
0.002601
-0.000552
-0.004446
-0.008212
-0.011336
-0.014001
-0.015381
-0.013876
-0.011346
-0.009760
-0.008325
-0.007099
-0.007657
-0.009885
-0.013549
-0.017694
-0.020639
-0.021364
-0.018692
-0.012635
-0.007177
-0.004717
-0.003968
-0.005021
-0.005335
-0.001537
0.005088
0.010325
0.012342
0.011735
0.010128
0.009112
0.009593
0.011306
0.012931
0.013091
0.012176
0.010614
0.008238
0.005600
0.003835
0.002829
0.002002
0.002370
0.004074
0.006152
0.005942
0.003463
0.000028
-0.004346
-0.008236
-0.011470
-0.013151
-0.013138
-0.012242
-0.010191
-0.007342
-0.004469
-0.001727
0.001738
0.007354
0.014426
0.019092
0.017434
0.010835
0.003546
-0.003192
-0.009149
-0.013273
-0.013829
-0.011790
-0.009154
-0.006878
-0.004991
-0.003604
-0.002653
-0.002999
-0.006315
-0.013024
-0.020177
-0.024724
-0.026789
-0.026648
-0.024622
-0.020400
-0.013940
-0.006973
-0.001496
0.002118
0.004552
0.006675
0.009587
0.012750
0.014817
0.015977
0.017163
0.018431
0.018964
0.018915
0.019504
0.021943
0.024660
0.024977
0.022671
0.019353
0.016182
0.012757
0.009042
0.006214
0.005619
0.007294
0.007944
0.005432
0.000541
-0.004620
-0.009007
-0.011851
-0.013750
-0.014954
-0.014090
-0.009137
-0.001811
0.004115
0.007058
0.007338
0.005966
0.003706
0.000025
-0.003529
-0.006341
-0.008410
-0.009432
-0.009631
-0.010520
-0.012474
-0.013513
-0.014585
-0.017724
-0.021956
-0.026794
-0.032591
-0.037577
-0.037481
-0.030681
-0.020348
-0.011025
-0.003685
0.001189
0.003067
0.003157
0.003535
0.005365
0.008246
0.010250
0.010746
0.010370
0.010165
0.010385
0.010232
0.008960
0.007189
0.005660
0.003953
0.001306
-0.001809
-0.004332
-0.005743
-0.006880
-0.008832
-0.011913
-0.014690
-0.015209
-0.012946
-0.009049
-0.004840
-0.001443
0.000485
0.000669
-0.000707
-0.002672
-0.004593
-0.006345
-0.008840
-0.012429
-0.016849
-0.020398
-0.021298
-0.018792
-0.013115
-0.006874
-0.001511
0.001462
0.001173
-0.000220
-0.001183
-0.001070
0.000751
0.003929
0.007138
0.010682
0.014098
0.015724
0.015963
0.015873
0.016110
0.016442
0.015982
0.014372
0.012152
0.011185
0.012670
0.014355
0.014927
0.015381
0.015304
0.013280
0.009404
0.004971
0.001471
-0.000893
-0.002642
-0.003556
-0.003800
-0.004599
-0.006906
-0.009629
-0.011130
-0.010799
-0.009595
-0.009205
-0.008661
-0.007397
-0.006241
-0.004308
-0.000772
0.003172
0.005349
0.004259
0.000226
-0.004322
-0.006842
-0.006456
-0.003172
0.001551
0.006017
0.009663
0.011951
0.012396
0.009988
0.005902
0.000842
-0.004105
-0.007411
-0.009561
-0.011003
-0.010501
-0.008960
-0.007216
-0.004810
-0.002204
-0.000973
-0.001221
-0.001574
-0.001310
-0.000561
0.001282
0.004266
0.007479
0.010743
0.013088
0.013561
0.013033
0.012441
0.012924
0.014015
0.014332
0.013682
0.011539
0.007752
0.004148
0.002344
0.001836
0.002237
0.002999
0.004187
0.004861
0.003217
0.000400
-0.002092
-0.004400
-0.006817
-0.008718
-0.009076
-0.007232
-0.004196
-0.002081
-0.001382
-0.001576
-0.002593
-0.003793
-0.003598
-0.000684
0.004512
0.008670
0.010824
0.012375
0.013201
0.013337
0.013253
0.012353
0.010074
0.007687
0.005747
0.005123
0.005469
0.005638
0.005336
0.004977
0.004697
0.003743
0.001944
-0.000832
-0.004612
-0.007909
-0.009377
-0.009222
-0.008536
-0.007126
-0.006333
-0.006309
-0.004719
-0.001197
0.002948
0.005496
0.006876
0.007341
0.007321
0.007240
0.006543
0.005315
0.004774
0.005054
0.005670
0.007212
0.008382
0.008766
0.007701
0.005174
0.003049
0.002213
0.002373
0.002562
0.001658
-0.001396
-0.005684
-0.009075
-0.011080
-0.012549
-0.014399
-0.016046
-0.017712
-0.017822
-0.015252
-0.011712
-0.008852
-0.006564
-0.004387
-0.002611
-0.001443
-0.001101
-0.001126
-0.000737
0.000607
0.002334
0.003172
0.001986
-0.000424
-0.003147
-0.005754
-0.008007
-0.009274
-0.009397
-0.009292
-0.010146
-0.012861
-0.016652
-0.020783
-0.024605
-0.027392
-0.028490
-0.026001
-0.020903
-0.017105
-0.015308
-0.014059
-0.012762
-0.010176
-0.006640
-0.003344
-0.000658
0.001599
0.003271
0.004987
0.007642
0.010296
0.011053
0.010535
0.010845
0.012793
0.013488
0.011244
0.008184
0.005594
0.003555
0.002486
0.002438
0.002631
0.003105
0.005053
0.007519
0.008488
0.008311
0.007192
0.005403
0.003291
0.001737
0.000965
0.001185
0.002114
0.002456
0.002063
0.001656
0.001038
-0.000807
-0.002823
-0.003795
-0.003021
-0.000376
0.002477
0.003598
0.002789
0.001086
-0.000666
-0.002508
-0.003681
-0.003672
-0.002712
-0.000489
0.001881
0.002998
0.004002
0.004672
0.005084
0.006238
0.008289
0.010417
0.010701
0.009031
0.007343
0.006656
0.005800
0.005865
0.008160
0.010912
0.012096
0.012895
0.013343
0.013032
0.011502
0.008485
0.004283
-0.000097
-0.003231
-0.003679
-0.002288
0.000148
0.002755
0.004641
0.005462
0.006639
0.007567
0.007713
0.007264
0.006113
0.004589
0.002813
0.000320
-0.002323
-0.003790
-0.004023
-0.004158
-0.003874
-0.003020
-0.001115
0.000789
0.001792
0.001743
0.001134
0.000061
-0.000929
-0.001072
-0.000742
-0.000636
-0.000835
-0.000981
-0.000381
0.001411
0.003032
0.004449
0.004935
0.004672
0.004575
0.005460
0.008002
0.010654
0.011212
0.010402
0.009966
0.009979
0.008953
0.006237
0.003277
0.001936
0.002843
0.005037
0.005838
0.005065
0.004333
0.004070
0.002962
0.000259
-0.003266
-0.006324
-0.006967
-0.005544
-0.002904
-0.000142
0.001664
0.001761
0.001236
0.001264
0.001698
0.001385
-0.000640
-0.002853
-0.003330
-0.001457
-0.000101
-0.000429
-0.000636
0.000573
0.000682
-0.001010
-0.002948
-0.003965
-0.003839
-0.003405
-0.002901
-0.001592
-0.000741
-0.000900
-0.000894
0.000827
0.002361
0.002354
0.001767
0.001627
0.001943
0.002552
0.004179
0.005273
0.004863
0.003340
0.001892
0.001619
0.001943
0.001541
0.001531
0.001934
0.001736
-0.000090
-0.001842
-0.003330
-0.003763
-0.002492
-0.000812
-0.000444
-0.001085
-0.001500
-0.001501
-0.002185
-0.003528
-0.003817
-0.001902
0.000024
0.001839
0.003964
0.004873
0.004532
0.004217
0.004243
0.003390
0.000857
-0.002265
-0.004047
-0.003970
-0.003403
-0.003432
-0.003529
-0.001974
0.000110
0.000566
-0.000801
-0.002660
-0.003654
-0.002408
-0.000557
-0.000332
-0.001151
-0.001853
-0.003076
-0.004417
-0.005824
-0.006847
-0.006614
-0.004638
-0.001559
0.001140
0.002006
0.001311
0.000112
-0.000976
-0.001402
-0.001885
-0.003078
-0.003999
-0.004043
-0.003783
-0.003741
-0.003655
-0.002355
-0.000888
-0.000838
-0.001926
-0.002142
-0.001365
-0.001639
-0.003241
-0.004343
-0.004190
-0.003710
-0.003755
-0.004820
-0.006450
-0.007233
-0.006942
-0.006678
-0.007535
-0.009214
-0.010137
-0.009888
-0.009460
-0.009478
-0.009640
-0.009080
-0.007723
-0.006734
-0.006798
-0.007266
-0.008005
-0.009712
-0.011294
-0.010684
-0.007845
-0.003518
0.000187
0.001359
0.001070
0.000295
-0.000695
-0.001197
-0.000938
-0.000625
-0.000571
0.000245
0.001087
0.000062
-0.001509
-0.002841
-0.003927
-0.004014
-0.003681
-0.003643
-0.003756
-0.002786
-0.001104
-0.000481
0.000323
0.002804
0.005091
0.005855
0.006348
0.006050
0.004714
0.003646
0.002614
0.001298
-0.000127
-0.001105
-0.002248
-0.003709
-0.004154
-0.003854
-0.003675
-0.003702
-0.002755
-0.001136
-0.000646
-0.000643
0.000350
0.001805
0.003193
0.005576
0.008676
0.011647
0.013896
0.015219
0.015951
0.015743
0.014505
0.013435
0.013478
0.013949
0.013969
0.012829
0.010916
0.010282
0.010888
0.012184
0.013719
0.013980
0.012966
0.011372
0.009930
0.008810
0.008050
0.007081
0.005433
0.004681
0.004927
0.005215
0.005186
0.005839
0.007454
0.007760
0.006933
0.006694
0.006933
0.007739
0.008147
0.007961
0.007703
0.007623
0.006882
0.005241
0.004555
0.004967
0.005286
0.004610
0.002941
0.001186
-0.000574
-0.002600
-0.003899
-0.004823
-0.006772
-0.009291
-0.011659
-0.012716
-0.012407
-0.011125
-0.008655
-0.005715
-0.002995
-0.000898
0.000437
0.001218
0.000986
-0.000265
-0.001280
-0.001125
0.000228
0.002089
0.003413
0.004987
0.006549
0.007525
0.007691
0.008397
0.010161
0.010994
0.010232
0.008525
0.006922
0.005838
0.005245
0.005159
0.005273
0.005876
0.008089
0.011241
0.013551
0.013747
0.012706
0.011092
0.008743
0.006226
0.004017
0.001238
-0.001386
-0.003942
-0.006532
-0.008732
-0.011237
-0.014251
-0.017316
-0.019914
-0.021568
-0.022731
-0.023790
-0.023959
-0.022747
-0.020781
-0.018816
-0.017730
-0.016534
-0.015153
-0.012744
-0.009528
-0.006422
-0.003691
-0.001346
0.000326
0.001414
0.002355
0.004010
0.005033
0.004930
0.004585
0.004556
0.004163
0.002604
0.001660
0.001877
0.001937
0.000685
-0.000972
-0.002059
-0.003365
-0.004369
-0.005357
-0.006464
-0.006916
-0.006726
-0.005980
-0.004400
-0.003257
-0.002081
0.000036
0.002382
0.004304
0.004795
0.004408
0.004269
0.004580
0.004892
0.004919
0.004767
0.004687
0.004628
0.003990
0.001959
-0.000489
-0.002728
-0.004576
-0.006613
-0.008777
-0.011130
-0.013315
-0.015218
-0.015798
-0.014833
-0.012328
-0.009268
-0.006588
-0.004748
-0.004400
-0.004726
-0.004657
-0.003910
-0.002482
-0.001139
-0.000278
0.001764
0.004768
0.006790
0.007378
0.007100
0.006512
0.005469
0.004535
0.004005
0.002980
0.001378
-0.000299
-0.001747
-0.003056
-0.004418
-0.005406
-0.005024
-0.003004
-0.000522
0.000982
0.001340
0.000264
-0.001507
-0.001840
-0.001022
0.000295
0.001842
0.003057
0.004773
0.006507
0.007506
0.007530
0.007324
0.007491
0.008627
0.010453
0.011008
0.009997
0.008178
0.005770
0.002446
-0.000725
-0.003354
-0.005516
-0.007057
-0.008389
-0.009488
-0.009853
-0.009780
-0.009752
-0.009892
-0.010012
-0.010015
-0.009491
-0.008037
-0.005865
-0.003192
-0.001199
-0.000151
0.001960
0.005281
0.008571
0.010900
0.012138
0.012768
0.012925
0.012537
0.011384
0.010308
0.010191
0.010623
0.011596
0.013030
0.012965
0.011106
0.008688
0.006548
0.005246
0.004600
0.003652
0.001920
0.001050
0.001137
0.000545
-0.001217
-0.002071
-0.001314
0.000386
0.001496
0.001389
0.001728
0.003360
0.004305
0.004100
0.003714
0.003741
0.003995
0.004134
0.004118
0.004062
0.004003
0.003980
0.003566
0.002235
0.000549
-0.000823
-0.001538
-0.001514
-0.001354
-0.001497
-0.002231
-0.004083
-0.006551
-0.008635
-0.010040
-0.010188
-0.010257
-0.011076
-0.011281
-0.010348
-0.008922
-0.007289
-0.006007
-0.004733
-0.004286
-0.004367
-0.003908
-0.002427
-0.001034
-0.000827
-0.001258
-0.001354
-0.000233
0.001805
0.003349
0.004547
0.004779
0.004498
0.004456
0.004737
0.004978
0.004911
0.004295
0.002949
0.001832
0.001749
0.002047
0.001627
0.000120
-0.001135
-0.000381
0.001757
0.002578
0.001922
0.001266
0.001343
0.001751
0.002008
0.002715
0.003396
0.002286
0.001213
0.001313
0.001856
0.001974
0.001656
0.000581
-0.001188
-0.002684
-0.004430
-0.006011
-0.006915
-0.006986
-0.006852
-0.006922
-0.007164
-0.007400
-0.008225
-0.009813
-0.010424
-0.010028
-0.009679
-0.009729
-0.009130
-0.007461
-0.005869
-0.004477
-0.003706
-0.002706
-0.001592
-0.001235
-0.001414
-0.001511
-0.001378
-0.001220
-0.001182
-0.001190
-0.000709
0.000651
0.001838
0.001875
0.000993
-0.000430
-0.001872
-0.003081
-0.003812
-0.003866
-0.003815
-0.004785
-0.006732
-0.007971
-0.008842
-0.009584
-0.009673
-0.008671
-0.006909
-0.005445
-0.003348
-0.001251
0.000065
0.001291
0.001779
0.001690
0.001679
0.001914
0.002112
0.002118
0.001964
0.001020
-0.000719
-0.001353
-0.000903
-0.000529
-0.000675
-0.000985
-0.001099
-0.001018
-0.000919
-0.000831
0.000036
0.001764
0.002434
0.002055
0.002526
0.004392
0.005372
0.005023
0.004522
0.004560
0.004757
0.004006
0.002212
0.000989
0.000061
-0.000827
-0.001952
-0.003590
-0.004249
-0.003964
-0.003736
-0.003932
-0.004199
-0.004189
-0.003230
-0.001464
-0.000780
-0.000395
0.000946
0.001718
0.001104
-0.000501
-0.001658
-0.001545
-0.000944
0.000018
0.001454
0.002275
0.002275
0.001465
0.001096
0.001375
0.001683
0.001717
0.001534
0.000939
-0.000392
-0.001979
-0.003368
-0.004156
-0.004102
-0.003809
-0.003015
-0.001461
-0.000012
0.001314
0.001644
0.001386
0.001354
0.001609
0.001821
0.001841
0.001816
0.002414
0.004146
0.005135
0.004837
0.004311
0.003726
0.002398
0.001695
0.001964
0.002300
0.002216
0.001950
0.001831
0.001887
0.001920
0.001311
-0.000382
-0.001329
-0.000983
0.000098
0.001723
0.002353
0.001901
0.001505
0.001642
0.001911
0.001413
-0.000326
-0.001348
-0.001041
-0.000222
0.000939
0.002562
0.004391
0.005004
0.004631
0.004671
0.005431
0.005349
0.004864
0.005309
0.007164
0.008255
0.007924
0.007299
0.006625
0.005235
0.004180
0.003310
0.002308
0.001535
0.000472
-0.000725
-0.001165
-0.001291
-0.002318
-0.003819
-0.004689
-0.005572
-0.007230
-0.009395
-0.010497
-0.010582
-0.009874
-0.009487
-0.009766
-0.010120
-0.010148
-0.009976
-0.009863
-0.009827
-0.009239
-0.007483
-0.005833
-0.004068
-0.002442
-0.001339
-0.000458
0.001725
0.004399
0.005313
0.005333
0.006578
0.007804
0.007957
0.007280
0.006044
0.004937
0.004455
0.003643
0.002426
0.001903
0.002081
0.001893
0.000593
-0.000909
-0.001585
-0.002276
-0.003335
-0.003852
-0.003732
-0.003541
-0.003170
-0.002415
-0.001689
-0.000994
-0.000808
-0.000955
-0.001003
-0.000809
0.000186
0.001894
0.002485
0.002028
0.001703
0.002311
0.003534
0.004424
0.004993
0.005041
0.004883
0.004886
0.005034
0.005143
0.005142
0.005094
0.005066
0.004996
0.004102
0.002312
0.001181
0.000320
-0.000537
-0.000818
-0.000712
-0.000689
-0.000828
-0.000954
-0.000972
-0.000962
-0.001360
-0.002251
-0.003043
-0.003243
-0.002045
-0.000665
-0.000518
-0.001096
-0.001397
-0.001201
-0.000884
-0.000373
0.000398
0.000581
-0.000116
-0.001107
-0.001313
-0.000947
-0.000729
-0.000843
-0.000991
-0.000580
0.000720
0.001897
0.001997
0.001588
0.001463
0.001678
0.001885
0.001902
0.001822
0.001814
0.002286
0.003507
0.003817
0.002194
0.000654
-0.000386
-0.001436
-0.002748
-0.003814
-0.004397
-0.004605
-0.003963
-0.002648
-0.000254
0.001818
0.002006
0.001335
0.001142
0.001099
0.000222
-0.000886
-0.001141
-0.000839
-0.000696
-0.000849
-0.000988
-0.000520
0.000955
0.003086
0.004880
0.005081
0.004552
0.004473
0.004850
0.005153
0.005160
0.005035
0.004971
0.004997
0.005028
0.004890
0.003734
0.001960
0.000424
-0.000808
-0.001532
-0.002619
-0.003724
-0.004560
-0.005749
-0.006721
-0.006813
-0.006540
-0.006423
-0.005956
-0.004711
-0.003588
-0.002425
-0.000965
0.000498
0.001811
0.002054
0.001758
0.001771
0.002592
0.003628
0.003856
0.003962
0.003973
0.002937
0.001846
0.001712
0.001483
0.000205
-0.001018
-0.001143
-0.000755
-0.000637
-0.000841
-0.001036
-0.001084
-0.001025
-0.000970
-0.000975
-0.001006
-0.001056
-0.001081
-0.001211
-0.002328
-0.003930
-0.004158
-0.002561
-0.000689
-0.000486
-0.001235
-0.001509
-0.000670
0.000567
0.001333
0.001148
-0.000101
-0.000103
0.001584
0.002502
0.002145
0.001571
0.001450
0.001111
-0.000070
-0.001085
-0.001112
-0.000777
-0.000556
0.000083
0.001281
0.001905
0.000983
-0.000705
-0.001461
-0.001012
-0.000248
0.001075
0.002160
0.002092
0.001602
0.001546
0.001871
0.002100
0.002069
0.001918
0.001872
0.001940
0.001950
0.001894
0.001862
0.001871
0.001888
0.001889
0.001881
0.001877
0.001879
0.001882
0.001873
0.001815
0.001634
0.000927
0.000325
0.000736
0.000435
-0.000100
0.000789
0.001890
0.001941
0.001464
0.001283
0.001462
0.001613
0.001582
0.001496
0.001465
0.001484
0.001496
0.001448
0.001382
0.001326
0.001298
0.001304
0.001314
0.001301
0.001233
0.001046
0.000246
-0.001130
-0.001916
-0.001778
-0.001490
-0.001531
-0.001758
-0.001885
-0.001855
-0.001783
-0.001761
-0.001782
-0.001801
-0.001792
-0.001743
-0.001729
-0.001749
-0.001988
-0.003391
-0.004810
-0.004874
-0.004323
-0.004111
-0.004335
-0.004601
-0.004821
-0.005680
-0.006987
-0.007514
-0.007210
-0.006870
-0.006733
-0.005941
-0.004571
-0.003945
-0.004142
-0.004180
-0.003052
-0.001350
-0.000669
-0.000688
0.000633
0.002025
0.002185
0.001429
-0.000333
-0.001376
-0.001387
-0.002470
-0.003721
-0.003922
-0.003591
-0.003482
-0.003655
-0.003774
-0.003743
-0.003673
-0.003648
-0.003662
-0.003677
-0.003677
-0.003669
-0.003665
-0.003666
-0.003669
-0.003669
-0.003668
-0.003667
-0.003666
-0.003666
-0.003666
-0.003664
-0.003646
-0.003324
-0.001681
-0.000411
-0.000549
-0.001093
-0.001174
-0.001073
-0.001887
-0.003384
-0.004048
-0.003744
-0.003432
-0.003718
-0.004953
-0.006494
-0.006993
-0.006581
-0.006271
-0.006419
-0.006694
-0.006757
-0.006315
-0.004603
-0.003346
-0.003151
-0.001997
-0.000587
0.000546
0.001648
0.002155
0.002373
0.003430
0.004891
0.005402
0.005075
0.004812
0.004908
0.004794
0.003687
0.002227
0.001207
-0.000076
-0.000765
-0.000636
-0.000431
-0.000542
-0.000822
-0.001537
-0.003166
-0.004064
-0.003738
-0.003268
-0.003267
-0.002960
-0.001458
-0.000468
-0.000651
-0.001020
-0.000397
0.001299
0.001882
0.001897
0.001676
0.001204
0.001318
0.000826
-0.000411
-0.001000
-0.000761
-0.000479
-0.000544
-0.000756
-0.000849
-0.000802
-0.000734
-0.000702
-0.000686
-0.000673
-0.000069
0.001654
0.002657
0.002419
0.001959
0.001927
0.002192
0.002391
0.002401
0.002277
0.002196
0.002215
0.002266
0.002335
0.002961
0.004660
0.005572
0.004893
0.003278
0.002022
0.002004
0.002513
0.002625
0.002356
0.002083
0.002036
0.002128
0.002140
0.001484
-0.000273
-0.001248
-0.000938
-0.000468
-0.000569
-0.001002
-0.001214
-0.001129
-0.000996
-0.000937
-0.000526
0.000708
0.001894
0.002006
0.001552
0.001375
0.001622
0.002725
0.004477
0.004998
0.004474
0.004117
0.004378
0.005570
0.007331
0.007843
0.007330
0.006936
0.007084
0.007358
0.006971
0.005546
0.004167
0.003175
0.001934
0.001420
0.001641
0.002670
0.004272
0.004625
0.003187
0.001145
0.000716
0.001467
0.001878
0.001145
-0.000575
-0.001886
-0.001872
-0.001349
-0.001228
-0.001505
-0.001769
-0.001804
-0.001694
-0.001661
-0.001705
-0.001742
-0.001742
-0.001728
-0.001721
-0.001725
-0.001729
-0.001726
-0.001671
-0.000820
0.000909
0.001582
0.001155
0.000821
0.001799
0.003832
0.004591
0.004025
0.003531
0.003744
0.004978
0.006801
0.007300
0.006274
0.004633
0.004075
0.004558
0.004463
0.004050
0.003831
0.003774
0.003181
0.001766
0.000708
0.000750
0.001014
-0.000067
-0.001930
-0.002508
-0.002007
-0.001605
-0.001780
-0.002146
-0.002265
-0.002159
-0.002062
-0.002061
-0.002110
-0.002134
-0.002124
-0.002105
-0.002089
-0.001942
-0.000778
0.000885
0.001229
0.000692
0.000451
0.000688
0.000933
0.000927
0.000827
0.000920
0.002070
0.003712
0.004077
0.003550
0.003121
0.002200
0.000872
0.000535
0.000845
0.000430
-0.001118
-0.002337
-0.002346
-0.001898
-0.001792
-0.002034
-0.002243
-0.002280
-0.002163
-0.001941
-0.000855
0.000707
0.001147
0.001324
0.002471
0.003682
0.003872
0.003528
0.003408
0.003599
0.003791
0.003742
0.003021
0.001598
0.000639
0.000737
0.001080
0.001031
0.000716
-0.000034
-0.001362
-0.002256
-0.002152
-0.001787
-0.001781
-0.002034
-0.002200
-0.002113
-0.001475
-0.000586
0.000088
0.000077
-0.000707
-0.001122
-0.001444
-0.001971
-0.002152
-0.002055
-0.002004
-0.002110
-0.002209
-0.002209
-0.002157
-0.002104
-0.002175
-0.002824
-0.003630
-0.003233
-0.002128
-0.001814
-0.002345
-0.003778
-0.005318
-0.005475
-0.004883
-0.004658
-0.004966
-0.005299
-0.005330
-0.005145
-0.004432
-0.003043
-0.002132
-0.002844
-0.004599
-0.005577
-0.005181
-0.004543
-0.004368
-0.003587
-0.002175
-0.001755
-0.002137
-0.002303
-0.001995
-0.001622
-0.001514
-0.001646
-0.001782
-0.001794
-0.001698
-0.000661
0.000901
0.001217
0.000639
0.000296
0.000568
0.001583
0.003095
0.003474
0.001967
0.000492
0.000400
0.000841
0.000909
0.000644
0.000488
0.000601
0.000714
0.000204
-0.000245
0.000167
0.000522
0.000503
0.000432
0.000472
0.000501
0.000459
0.000371
0.000338
0.000481
0.000713
0.000862
0.000867
0.000777
0.000659
0.000595
0.000558
-0.000022
-0.001335
-0.002248
-0.002134
-0.001765
-0.001812
-0.002163
-0.002398
-0.002422
-0.002453
-0.002496
-0.001562
0.000063
0.000719
0.000580
0.000438
0.000484
0.000482
-0.000032
-0.001311
-0.002346
-0.002299
-0.001830
-0.001749
-0.002081
-0.002461
-0.002675
-0.002706
-0.002595
-0.002353
-0.001629
-0.000105
0.001148
0.001025
0.000088
-0.000608
-0.000656
-0.000334
0.000104
0.001351
0.003451
0.004507
0.004402
0.004147
0.004128
0.003992
0.003513
0.003029
0.002883
0.002766
0.002125
0.001486
0.001439
0.000999
-0.000976
-0.003485
-0.004755
-0.004714
-0.004247
-0.003807
-0.003259
-0.002373
-0.001228
-0.000124
0.000515
0.000551
0.000110
-0.000686
-0.001677
-0.002488
-0.002808
-0.002747
-0.002214
-0.000925
0.000316
0.000574
0.000310
0.000273
0.000486
0.000551
0.000373
0.000152
0.000076
0.000155
0.000278
0.000336
0.000314
0.000278
0.000312
0.000436
0.000584
0.000706
0.000811
0.000935
0.001386
0.001853
0.001747
0.001670
0.001234
0.001420
0.002769
0.003983
0.003974
0.003419
0.003200
0.003473
0.003833
0.003945
0.003912
0.003857
0.003815
0.003800
0.003767
0.003643
0.003099
0.001803
0.000654
0.000629
0.001104
0.001140
0.000742
0.000381
0.000291
0.000367
0.000461
0.000500
0.000201
-0.000896
-0.002123
-0.002437
-0.002134
-0.002031
-0.002293
-0.002339
-0.001926
-0.001509
-0.000234
0.000639
0.000564
0.000526
0.001581
0.003062
0.003564
0.003271
0.003085
0.003265
0.003507
0.003197
0.002181
0.001370
0.000781
0.000617
0.000429
-0.000692
-0.002150
-0.002680
-0.002414
-0.002199
-0.002311
-0.002473
-0.002493
-0.002412
-0.002320
-0.002274
-0.002240
-0.001907
-0.000778
0.000467
0.000669
0.000164
-0.000120
0.000078
0.000389
0.000188
-0.000706
-0.001233
-0.001093
-0.000894
-0.001231
-0.001947
-0.001666
-0.000638
0.000501
0.000920
0.000771
0.000696
0.000870
0.001061
0.001115
0.001104
0.001131
0.001214
0.001315
0.001624
0.002327
0.002637
0.002157
0.001083
0.000553
0.000687
0.000540
-0.000451
-0.001167
-0.001123
-0.000888
-0.001179
-0.002182
-0.002734
-0.002501
-0.002115
-0.001941
-0.001377
0.000221
0.001047
0.000610
0.000008
-0.000058
0.000204
0.000378
0.000368
0.000369
0.000490
0.000651
0.000739
0.000704
0.000587
0.000433
0.000286
0.000225
0.000243
0.000267
0.000271
0.000289
0.000331
0.000368
0.000383
0.000394
0.000423
0.000476
0.000279
-0.000462
-0.000886
-0.000777
-0.000690
-0.000916
-0.001451
-0.002363
-0.002756
-0.002462
-0.002132
-0.002031
-0.001741
-0.000550
0.000809
0.001094
0.000605
0.000494
0.001364
0.002006
0.001855
0.001218
0.000360
0.000138
0.000523
0.000832
0.000807
0.000633
0.000541
0.000279
-0.000847
-0.002205
-0.002601
-0.002263
-0.002020
-0.002075
-0.002136
-0.002065
-0.001961
-0.001956
-0.002132
-0.002805
-0.002807
-0.002933
-0.003125
-0.002428
-0.001723
-0.001739
-0.002073
-0.002225
-0.002165
-0.002117
-0.002191
-0.002311
-0.002363
-0.002024
-0.000396
0.000833
0.000709
0.000222
0.000199
0.000509
0.000704
0.000662
0.000549
0.000505
0.000490
0.000333
-0.000449
-0.001021
-0.001073
-0.001609
-0.002202
-0.002317
-0.002182
-0.002143
-0.002257
-0.002397
-0.002473
-0.002490
-0.002464
-0.002085
-0.000408
0.000885
0.000789
0.000263
0.000129
0.000368
0.000522
0.000614
0.001450
0.002865
0.003425
0.003083
0.002815
0.002995
0.003304
0.003425
0.003361
0.003256
0.003032
0.002053
0.000682
0.000180
0.000343
-0.000355
-0.001847
-0.002566
-0.002267
-0.001467
0.000384
0.002201
0.002135
-0.000235
-0.002235
-0.003677
-0.004570
-0.003173
0.000216
0.003121
0.004124
0.003019
0.001226
0.000148
0.000169
0.000913
0.002486
0.003706
0.003578
0.003009
0.002781
0.002345
0.001671
0.000824
0.000201
0.000085
-0.000488
-0.001892
-0.003345
-0.003743
-0.002743
-0.001751
-0.001726
-0.001542
-0.000827
0.000157
0.000860
0.000933
0.000801
0.000837
0.001207
0.002669
0.004075
0.004006
0.002747
0.001735
0.001226
0.000954
0.000908
0.000841
0.000658
0.000484
0.000417
0.000386
0.000351
0.000332
0.000324
0.000323
0.000329
0.000338
0.000339
0.000333
0.000328
0.000326
0.000290
0.000249
0.000238
0.000241
0.000250
0.000264
0.000275
0.000266
0.000341
0.000962
0.001642
0.001751
0.001595
0.001601
0.001772
0.001904
0.001891
0.001686
0.000957
0.000251
0.000158
0.000389
0.000756
0.002035
0.003345
0.003484
0.003047
0.002790
0.002304
0.001766
0.001704
0.001927
0.002161
0.002782
0.003465
0.003620
0.003463
0.003387
0.003321
0.002645
0.001831
0.001535
0.001048
0.000412
0.000129
-0.000367
-0.000963
-0.001059
-0.000865
-0.000820
-0.000958
-0.001058
-0.001008
-0.000772
-0.000015
0.000641
0.000615
0.000229
-0.000421
-0.000313
0.000445
0.000743
0.000566
0.000384
0.000441
0.000696
0.001507
0.002855
0.003544
0.003246
0.002858
0.002811
0.002439
0.001936
0.001920
0.002145
0.002144
0.001911
0.001604
0.000860
0.000168
0.000099
0.000312
0.000364
0.000206
0.000026
-0.000076
-0.000096
-0.000064
-0.000026
-0.000007
-0.000013
-0.000067
-0.000121
-0.000134
0.000017
0.000792
0.001595
0.001682
0.001307
0.000529
-0.000060
0.000008
0.000239
0.000227
0.000065
-0.000140
-0.000785
-0.001559
-0.002374
-0.002951
-0.002970
-0.002811
-0.002823
-0.002961
-0.002954
-0.002411
-0.002412
-0.003101
-0.003446
-0.003330
-0.003015
-0.002158
-0.000831
-0.000166
-0.000374
-0.000645
-0.000604
-0.000390
-0.000377
-0.001089
-0.001896
-0.001968
-0.001631
-0.001461
-0.001516
-0.001547
-0.001348
-0.000652
-0.000544
-0.001017
-0.000565
0.000349
0.000460
-0.000545
-0.001476
-0.001453
-0.000928
-0.000122
0.000382
0.000219
-0.000255
-0.000918
-0.000812
-0.000010
0.000347
0.000018
-0.000891
-0.001602
-0.001683
-0.002073
-0.002712
-0.002888
-0.002709
-0.002579
-0.002613
-0.002670
-0.002517
-0.001775
-0.000945
-0.000200
0.000274
0.000253
0.000104
0.000114
0.000242
0.000451
0.001159
0.001941
0.002627
0.003057
0.003016
0.002857
0.002745
0.002149
0.001475
0.001277
0.000707
-0.000646
-0.001537
-0.001401
-0.001034
-0.001022
-0.001145
-0.000549
0.000294
0.000479
0.000236
0.000099
0.000285
0.001052
0.001831
0.001936
0.001674
0.001572
0.001697
0.001829
0.001949
0.002547
0.003195
0.003263
0.002939
0.002224
0.001556
0.000927
0.000474
0.000491
0.000622
0.000536
0.000372
0.000291
0.000332
0.000419
0.000539
0.001041
0.001045
0.000452
0.000222
0.000454
0.000679
0.000659
0.000507
0.000400
0.000383
0.000399
0.000412
0.000415
0.000422
0.000436
0.000455
0.000470
0.000581
0.001259
0.001983
0.002173
0.002606
0.003271
0.003521
0.003425
0.003345
0.003271
0.002580
0.001688
0.000879
0.000383
0.000538
0.001431
0.002202
0.002183
0.001866
0.001786
0.001904
0.001858
0.001125
0.000392
0.000401
0.000733
0.000850
0.000722
0.000581
0.000541
0.000556
0.000551
0.000410
-0.000311
-0.001038
-0.001074
-0.000792
-0.000720
-0.000723
-0.000142
0.000465
-0.000115
-0.001101
-0.001341
-0.001054
-0.000883
-0.001007
-0.001195
-0.001242
-0.001162
-0.000966
-0.000239
0.000476
0.000482
0.000184
0.000128
0.000313
0.000471
0.000453
0.000397
0.000382
0.000423
0.000459
0.000440
0.000409
0.000387
0.000361
0.000313
0.000266
0.000240
0.000233
0.000238
0.000254
0.000276
0.000297
0.000213
-0.000412
-0.001084
-0.001195
-0.001098
-0.001589
-0.001754
-0.001361
-0.001656
-0.001803
-0.001298
-0.000971
-0.001055
-0.001209
-0.001236
-0.001210
-0.001227
-0.001102
-0.000318
0.000501
0.000607
0.000370
0.000338
0.000509
0.000619
0.000572
0.000537
0.000708
0.001358
0.001407
0.000731
0.000408
0.000587
0.000819
0.000819
0.000672
0.000570
0.000431
-0.000218
-0.000857
-0.001004
-0.001530
-0.002279
-0.002496
-0.002326
-0.002241
-0.002369
-0.002556
-0.002618
-0.002552
-0.002479
-0.002462
-0.002463
-0.002316
-0.001453
-0.000024
0.000736
0.000536
0.000216
0.000276
0.000535
0.000780
0.001392
0.001996
0.002045
0.001859
0.001835
0.001971
0.001966
0.001272
0.000498
0.000395
0.000507
-0.000131
-0.001005
-0.001219
-0.001052
-0.001110
-0.001880
-0.002670
-0.002733
-0.002439
-0.002322
-0.002428
-0.002548
-0.002707
-0.003363
-0.004060
-0.004120
-0.003767
-0.002977
-0.002328
-0.002364
-0.002624
-0.002520
-0.001644
-0.000657
0.000164
0.000610
0.000397
-0.000496
-0.001203
-0.001128
-0.000800
-0.000649
-0.000162
0.000393
0.000432
0.000228
0.000217
0.000392
0.000538
0.000695
0.001414
0.002056
0.001420
0.000421
0.000291
0.000705
0.000934
0.000871
0.000755
0.000731
0.000894
0.001634
0.002247
0.001587
0.000599
0.000515
0.000956
0.001114
0.000942
0.000765
0.000727
0.000772
0.000776
0.000665
0.000007
-0.000687
-0.000730
-0.000460
-0.000282
0.000265
0.000877
0.000947
0.000735
0.000618
0.000655
0.000719
0.000712
0.000666
0.000654
0.000812
0.001576
0.002311
0.002320
0.001866
0.001047
0.000428
0.000478
0.000708
0.000683
0.000493
0.000246
-0.000464
-0.001182
-0.001225
-0.000964
-0.000907
-0.001053
-0.001185
-0.001198
-0.001156
-0.001140
-0.001168
-0.001196
-0.001195
-0.001175
-0.001156
-0.001137
-0.001119
-0.001111
-0.001103
-0.000985
-0.000327
0.000335
0.000245
-0.000683
-0.001438
-0.001335
-0.000918
-0.000770
-0.000887
-0.001024
-0.000995
-0.000862
-0.000795
-0.000831
-0.000912
-0.001086
-0.001814
-0.002557
-0.002626
-0.002364
-0.002157
-0.001582
-0.000987
-0.000953
-0.001185
-0.001260
-0.001157
-0.001067
-0.001080
-0.001139
-0.001170
-0.001185
-0.001152
-0.001089
-0.000960
-0.000330
0.000330
0.000396
0.000294
0.000912
0.001876
0.002798
0.003325
0.003155
0.002279
0.001575
0.001639
0.001827
0.001169
0.000399
0.000888
0.001812
0.001854
0.000791
-0.000155
-0.000143
0.000125
-0.000455
-0.001392
-0.001679
-0.001452
-0.001279
-0.001327
-0.001294
-0.000546
0.000264
0.000333
0.000054
-0.000016
0.000271
0.001106
0.001854
0.001847
0.001503
0.001423
0.001580
0.001729
0.001640
0.000931
0.000229
0.000176
0.000268
-0.000454
-0.001291
-0.000915
-0.000606
-0.001084
-0.001490
-0.001472
-0.001282
-0.001200
-0.001244
-0.001299
-0.001305
-0.001280
-0.001153
-0.000508
0.000149
0.000186
-0.000049
0.000015
0.000864
0.001737
0.001930
0.002271
0.002813
0.002960
0.002810
0.002709
0.002744
0.002800
0.002795
0.002751
0.002611
0.001927
0.001269
0.001386
0.002315
0.003055
0.002856
0.001838
0.001078
0.001188
0.001451
0.000833
-0.000045
-0.000362
-0.000793
-0.001331
-0.001452
-0.001331
-0.001394
-0.002021
-0.002240
-0.002165
-0.001913
-0.001936
-0.001834
-0.001335
-0.001104
-0.001205
-0.001319
-0.001281
-0.001060
-0.000301
0.000420
0.000447
0.000174
0.000219
0.001052
0.001767
0.001096
0.000022
-0.000160
0.000253
0.000500
0.000403
0.000223
0.000140
0.000182
0.000220
0.000211
0.000177
0.000278
0.001011
0.001747
0.001813
0.001548
0.001433
0.001533
0.001522
0.000823
0.000041
-0.000055
0.000169
0.000222
-0.000075
-0.000990
-0.001650
-0.001577
-0.001300
-0.001284
-0.001480
-0.001679
-0.001744
-0.001720
-0.001706
-0.001580
-0.000850
-0.000285
-0.000353
-0.000588
-0.000592
-0.000264
0.000674
0.001300
0.001195
0.000945
0.000977
0.001177
0.001293
0.001265
0.001197
0.001193
0.001284
0.001369
0.001365
0.001126
0.000303
-0.000259
-0.000115
0.000137
0.000145
0.000230
0.001001
0.001664
0.001715
0.001531
0.001494
0.001613
0.001740
0.001743
0.001656
0.001602
0.001768
0.002455
0.002291
0.001555
0.001337
0.001590
0.001769
0.001682
0.001330
0.000456
-0.000071
0.000065
0.000328
0.000376
0.000258
0.000164
0.000170
0.000219
0.000233
0.000203
0.000168
0.000160
0.000176
0.000183
0.000006
-0.000482
-0.000723
-0.000641
-0.000523
-0.000534
-0.000625
-0.000647
-0.000619
-0.000572
-0.000565
-0.000314
0.000220
-0.000132
-0.000744
-0.000841
-0.000630
-0.000496
-0.000593
-0.000737
-0.000778
-0.000752
-0.000742
-0.000786
-0.000866
-0.000894
-0.000888
-0.000926
-0.000966
-0.000975
-0.000961
-0.000946
-0.000960
-0.001010
-0.001070
-0.001118
-0.001096
-0.001072
-0.001046
-0.000998
-0.000998
-0.001003
-0.000983
-0.000950
-0.000924
-0.000891
-0.000877
-0.000901
-0.000890
-0.000901
-0.000934
-0.000897
-0.000806
-0.000327
0.000521
0.000411
-0.000677
-0.001212
-0.000958
-0.000609
-0.000181
0.000534
0.001185
0.001464
0.001218
0.001582
0.002041
0.002108
0.001969
0.001917
0.002009
0.002103
0.002092
0.002050
0.002028
0.002075
0.002098
0.002084
0.002094
0.002110
0.002157
0.002185
0.002130
0.001613
0.000300
-0.000836
-0.000898
-0.000479
-0.000370
-0.000596
-0.000768
-0.000788
-0.000705
-0.000673
-0.000759
-0.000834
-0.000948
-0.001495
-0.002741
-0.003898
-0.004090
-0.003694
-0.002911
-0.001711
-0.000872
-0.000872
-0.001125
-0.001127
-0.000882
-0.000144
0.000731
0.001360
0.001858
0.001891
0.001781
0.001807
0.001844
0.001357
0.000498
-0.000237
-0.000795
-0.000886
-0.000801
-0.000840
-0.000966
-0.001074
-0.001089
-0.001103
-0.001159
-0.001161
-0.001151
-0.001172
-0.001231
-0.001266
-0.001262
-0.001252
-0.001218
-0.001206
-0.001226
-0.001281
-0.001273
-0.001172
-0.001144
-0.001169
-0.001167
-0.001126
-0.001047
-0.001007
-0.001023
-0.001084
-0.001102
-0.001031
-0.000962
-0.000937
-0.000927
-0.000912
-0.000885
-0.000800
-0.000294
-0.000013
-0.000196
-0.000358
-0.000359
-0.000294
-0.000814
-0.001141
-0.001031
-0.000845
-0.000819
-0.000865
-0.000898
-0.000926
-0.000916
-0.000880
-0.000832
-0.000815
-0.000843
-0.000844
-0.000795
-0.000702
-0.000660
-0.000711
-0.000767
-0.000562
0.000821
0.002240
0.002310
0.001762
0.001594
0.001857
0.002099
0.002098
0.001980
0.001916
0.001937
0.001965
0.001843
0.001203
0.001126
0.001774
0.002117
0.001868
0.000979
0.000374
0.001104
0.002130
0.002262
0.001861
0.001664
0.001806
0.001989
0.002005
0.001868
0.001742
0.001720
0.001751
0.001768
0.001763
0.001752
0.001716
0.001686
0.001704
0.001746
0.001777
0.001762
0.001456
0.000009
-0.001447
-0.001584
-0.001146
-0.001059
-0.001320
-0.001537
-0.001540
-0.001447
-0.001418
-0.001506
-0.001608
-0.001642
-0.001636
-0.001630
-0.001640
-0.001651
-0.001655
-0.001652
-0.001645
-0.001633
-0.001619
-0.001613
-0.001622
-0.001611
-0.001349
0.000076
0.001542
0.001667
0.001161
0.001022
0.001308
0.001577
0.001609
0.001510
0.001451
0.001474
0.001528
0.001557
0.001555
0.001542
0.001534
0.001538
0.001537
0.001527
0.001519
0.001506
0.001481
0.001445
0.001298
0.000509
-0.000860
-0.001621
-0.001458
-0.001165
-0.001229
-0.001495
-0.001675
-0.001933
-0.003302
-0.004746
-0.004859
-0.004319
-0.004123
-0.004381
-0.004609
-0.004579
-0.004473
-0.004221
-0.002886
-0.001499
-0.001406
-0.001933
-0.002114
-0.001910
-0.001710
-0.001693
-0.001780
-0.001848
-0.001861
-0.001855
-0.001866
-0.001887
-0.001876
-0.001616
-0.000229
0.001186
0.001284
0.000766
0.000608
0.000877
0.001150
0.001193
0.001103
0.001047
0.001061
0.001091
0.001085
0.001031
0.001024
0.001050
0.001092
0.001144
0.001166
0.001166
0.001161
0.001153
0.001139
0.001128
0.001121
0.001114
0.001083
0.001091
0.001135
0.001136
0.001088
0.001047
0.001035
0.001031
0.001010
0.000743
-0.000684
-0.002121
-0.001947
0.000030
0.001678
0.001528
0.000738
0.000541
0.000863
0.001133
0.001134
0.001026
0.001013
0.001062
0.001121
0.001133
0.001096
0.001077
0.001094
0.001135
0.001131
0.001087
0.001099
0.001130
0.001095
0.001184
0.001873
0.002581
0.002642
0.002515
0.003143
0.003889
0.003477
0.003056
0.002758
0.001773
0.000981
0.001006
0.001305
0.001346
0.001095
0.000308
-0.001098
-0.002049
-0.001907
-0.001481
-0.001478
-0.001740
-0.001889
-0.001845
-0.001807
-0.002244
-0.002493
-0.001916
-0.001515
-0.001638
-0.001881
-0.001935
-0.001847
-0.001783
-0.001797
-0.001836
-0.001851
-0.001843
-0.001841
-0.001855
-0.001904
-0.001952
-0.001947
-0.001907
-0.001867
-0.001713
-0.000584
0.001025
0.001390
0.000896
0.000641
0.000871
0.001181
0.001270
0.001194
0.001125
0.001112
0.001114
0.001107
0.001087
0.001068
0.001058
0.001046
0.001025
0.001003
0.000985
0.000970
0.000960
0.000950
0.000933
0.000915
0.000899
0.000757
-0.000374
-0.001998
-0.002363
-0.001842
-0.001545
-0.001733
-0.002000
-0.002056
-0.001960
-0.001885
-0.001892
-0.001943
-0.001975
-0.001971
-0.001957
-0.001946
-0.001940
-0.001956
-0.001976
-0.001962
-0.001985
-0.002015
-0.002020
-0.002009
-0.002003
-0.002002
-0.001992
-0.001978
-0.001970
-0.001975
-0.001993
-0.002012
-0.002018
-0.002010
-0.001994
-0.001940
-0.001463
-0.000184
0.000998
0.001114
0.000699
0.000557
0.000765
0.000967
0.000983
0.000897
0.000836
0.000808
0.000796
0.000841
0.000878
0.000844
0.000705
-0.000063
-0.001655
-0.002094
-0.001252
-0.001022
-0.001129
-0.001197
0.000022
0.001093
0.001074
0.000683
0.000606
0.000551
0.000188
0.000549
0.001081
0.001108
0.000862
0.000750
0.000818
0.000882
0.000556
-0.000583
-0.001288
-0.000211
0.000312
-0.000236
-0.001027
-0.001850
-0.002099
-0.001856
-0.001692
-0.001797
-0.001972
-0.002015
-0.001936
-0.001892
-0.001865
-0.001796
-0.001171
0.000489
0.001441
0.001214
0.000801
0.000833
0.001113
0.001261
0.001210
0.001109
0.001082
0.001134
0.001220
0.001244
0.001183
0.001087
0.001057
0.001089
0.001114
0.001109
0.001103
0.001114
0.001118
0.001090
0.001033
0.000380
-0.001312
-0.002241
-0.001939
-0.001482
-0.001485
-0.001210
0.000047
0.000555
0.000752
0.000930
0.000962
0.000750
0.000126
0.000355
0.000890
0.000455
0.000401
0.000887
0.001134
0.001040
0.000912
0.000910
0.000979
0.001020
0.001006
0.000960
0.000911
0.000935
0.000947
0.000924
0.000907
0.000893
0.000705
-0.000280
-0.001721
-0.002280
-0.001946
-0.001659
-0.001787
-0.002042
-0.002134
-0.002067
-0.001993
-0.001988
-0.002029
-0.002055
-0.002045
-0.002023
-0.002009
-0.002011
-0.002016
-0.002012
-0.002010
-0.002012
-0.002010
-0.001996
-0.001983
-0.001955
-0.001737
-0.000685
0.000591
0.000444
0.000296
0.000726
0.001062
0.001083
0.000997
0.000975
0.001008
0.001033
0.001020
0.000988
0.000975
0.000981
0.000977
0.000815
0.000194
0.000215
-0.000087
-0.001369
-0.002144
-0.001939
-0.001583
-0.001603
-0.001843
-0.001981
-0.001943
-0.001856
-0.001822
-0.001840
-0.001871
-0.001882
-0.001871
-0.001849
-0.001712
-0.000983
-0.000118
0.000614
0.001039
0.001003
0.000872
0.000899
0.001014
0.001076
0.001060
0.001029
0.001026
0.001042
0.001058
0.001066
0.001067
0.001057
0.001018
0.001018
0.001055
0.001028
0.000996
0.000981
0.000962
0.000956
0.000958
0.000966
0.000974
0.000977
0.000974
0.000965
0.000928
0.000926
0.000935
0.000911
0.000875
0.000705
-0.000006
-0.000804
-0.001481
-0.001659
-0.000269
0.001228
0.001294
0.000683
0.000417
0.000623
0.000900
0.000992
0.000907
0.000838
0.000835
0.000835
0.000824
0.000797
0.000768
0.000757
0.000758
0.000767
0.000784
0.000836
0.000882
0.000875
0.000811
0.000759
0.000799
0.000844
0.000863
0.000880
0.000854
0.000850
0.000892
0.000908
0.000854
0.000793
0.000816
0.000839
0.000799
0.000751
0.000738
0.000747
0.000749
0.000747
0.000752
0.000759
0.000759
0.000647
0.000065
-0.000080
-0.000107
-0.000507
-0.000730
-0.000559
0.000112
0.000203
0.000119
0.000484
0.000740
0.000594
-0.000086
-0.000116
0.000612
0.000952
0.000742
0.000486
0.000470
0.000586
0.000650
0.000631
0.000599
0.000595
0.000609
0.000618
0.000619
0.000621
0.000625
0.000591
0.000588
0.000625
0.000636
0.000623
0.000616
0.000621
0.000600
0.000611
0.000659
0.000677
0.000629
0.000581
0.000624
0.000698
0.000711
0.000679
0.000652
0.000659
0.000679
0.000684
0.000679
0.000670
0.000669
0.000673
0.000676
0.000677
0.000682
0.000694
0.000700
0.000697
0.000695
0.000701
0.000713
0.000715
0.000596
-0.000093
-0.000684
-0.000018
0.000995
0.001152
0.000771
0.000567
0.000686
0.000857
0.000880
0.000792
0.000686
0.000666
0.000680
0.000659
0.000639
0.000636
0.000602
0.000562
0.000586
0.000590
0.000542
0.000503
0.000498
0.000506
0.000507
0.000482
0.000275
-0.000587
-0.001398
-0.002150
-0.002498
-0.002386
-0.002265
-0.002345
-0.002489
-0.002544
-0.002525
-0.002505
-0.002514
-0.002531
-0.002546
-0.002588
-0.002607
-0.002583
-0.002551
-0.002532
-0.002523
-0.002500
-0.002437
-0.002433
-0.002461
-0.002454
-0.002418
-0.002387
-0.002367
-0.002324
-0.002333
-0.002377
-0.002395
-0.002377
-0.002203
-0.001543
-0.001550
-0.001400
-0.001004
-0.000882
-0.001330
-0.002305
-0.002739
-0.002201
-0.001067
-0.000342
-0.000116
-0.000495
-0.000206
0.000407
0.000605
0.000463
0.000357
0.000398
0.000479
0.000507
0.000491
0.000435
0.000150
-0.000366
0.000028
0.000665
0.000753
0.000505
0.000372
0.000443
0.000542
0.000541
0.000461
0.000444
0.000475
0.000485
0.000474
0.000466
0.000469
0.000472
0.000446
0.000391
0.000400
0.000475
0.000512
0.000500
0.000492
0.000512
0.000540
0.000561
0.000574
0.000585
0.000598
0.000585
0.000542
0.000527
0.000563
0.000586
0.000526
0.000463
0.000451
0.000470
0.000483
0.000477
0.000465
0.000455
0.000450
0.000447
0.000434
0.000413
0.000401
0.000399
0.000402
0.000402
0.000377
0.000367
0.000413
0.000449
0.000448
0.000406
0.000364
0.000401
0.000454
0.000460
0.000434
0.000381
0.000384
0.000410
0.000416
0.000446
0.000469
0.000467
0.000456
0.000450
0.000449
0.000480
0.000521
0.000520
0.000497
0.000488
0.000496
0.000503
0.000497
0.000490
0.000530
0.000583
0.000607
0.000651
0.000712
0.000750
0.000800
0.000853
0.000870
0.000873
0.000917
0.000969
0.000983
0.001009
0.001052
0.001103
0.001126
0.000994
0.000305
-0.000466
-0.001120
-0.001381
-0.000656
0.000251
0.000889
0.001168
0.001071
0.001002
0.001116
0.001259
0.001338
0.001349
0.001321
0.001300
0.001301
0.001303
0.001291
0.001281
0.001282
0.001291
0.001307
0.001353
0.001389
0.001386
0.001372
0.001356
0.001316
0.001311
0.001215
0.000498
-0.000239
-0.000849
-0.001246
-0.001239
-0.001132
-0.001166
-0.001275
-0.001329
-0.001305
-0.001264
-0.001248
-0.001252
-0.001254
-0.001247
-0.001234
-0.001225
-0.001215
-0.001200
-0.001174
-0.001036
-0.000297
0.000961
0.001530
0.001262
0.000968
0.001046
0.001276
0.001375
0.001315
0.001134
0.000564
0.000018
-0.000115
-0.000503
-0.001052
-0.001201
-0.001077
-0.001012
-0.001074
-0.001146
-0.001155
-0.001127
-0.001104
-0.001099
-0.001099
-0.001094
-0.001089
-0.001088
-0.001087
-0.001086
-0.001085
-0.001104
-0.001095
-0.001052
-0.001027
-0.001027
-0.001025
-0.001008
-0.000988
-0.000982
-0.001011
-0.001029
-0.000973
-0.000910
-0.000909
-0.000965
-0.000970
-0.000947
-0.000947
-0.000950
-0.000942
-0.000929
-0.000922
-0.000917
-0.000901
-0.000885
-0.000875
-0.000873
-0.000896
-0.000918
-0.000904
-0.000880
-0.000896
-0.000912
-0.000895
-0.000865
-0.000839
-0.000709
-0.000146
0.000399
0.000925
0.001146
0.001045
0.000956
0.001010
0.001099
0.001114
0.001037
0.000964
0.000944
0.000926
0.000920
0.000891
0.000856
0.000844
0.000844
0.000840
0.000813
0.000612
0.000244
0.000298
0.000339
0.000436
0.000309
0.000312
0.000070
-0.000182
-0.000377
-0.000783
-0.001016
-0.000915
-0.000512
0.000002
0.000140
0.000036
0.000236
0.000825
0.001102
0.000981
0.000845
0.000884
0.000971
0.000989
0.000966
0.000959
0.000958
0.000930
0.000677
0.000204
0.000030
0.000130
-0.000018
-0.000156
0.000155
0.000378
0.000322
0.000207
0.000197
0.000292
0.000607
0.000769
0.000707
0.000897
0.001051
0.001031
0.000962
0.000942
0.000923
0.000661
0.000499
0.000785
0.000989
0.000907
0.000771
0.000735
0.000744
0.000743
0.000732
0.000713
0.000677
0.000648
0.000679
0.000987
0.001239
0.000905
0.000412
0.000300
0.000441
0.000504
0.000426
0.000331
0.000279
0.000270
0.000261
0.000248
0.000239
0.000224
0.000192
0.000170
0.000165
0.000165
0.000161
0.000156
0.000150
0.000146
0.000143
0.000140
0.000136
0.000133
0.000134
0.000134
0.000134
0.000103
-0.000107
-0.000113
0.000138
0.000253
0.000198
0.000129
0.000129
0.000181
0.000212
0.000205
0.000201
0.000204
0.000203
0.000202
0.000219
0.000242
0.000241
0.000225
0.000215
0.000225
0.000242
0.000241
0.000225
0.000211
0.000202
0.000160
-0.000044
-0.000216
-0.000054
0.000064
0.000080
0.000141
0.000160
0.000087
-0.000116
-0.000112
-0.000150
-0.000176
0.000013
0.000152
0.000108
0.000017
-0.000011
0.000016
0.000037
0.000019
-0.000019
-0.000038
-0.000044
-0.000054
-0.000071
-0.000086
-0.000092
-0.000103
-0.000120
-0.000137
-0.000146
-0.000148
-0.000156
-0.000163
-0.000163
-0.000159
-0.000158
-0.000163
-0.000173
-0.000177
-0.000174
-0.000171
-0.000170
-0.000169
-0.000169
-0.000167
-0.000164
-0.000161
-0.000160
-0.000160
-0.000161
-0.000162
-0.000162
-0.000161
-0.000162
-0.000161
-0.000154
-0.000148
-0.000149
-0.000154
-0.000156
-0.000151
-0.000147
-0.000148
-0.000148
-0.000152
-0.000152
-0.000150
-0.000150
-0.000153
-0.000153
-0.000147
-0.000144
-0.000145
-0.000146
-0.000146
-0.000144
-0.000140
-0.000136
-0.000136
-0.000135
-0.000131
-0.000131
-0.000143
-0.000200
-0.000256
-0.000267
-0.000287
-0.000262
-0.000232
-0.000279
-0.000330
-0.000325
-0.000294
-0.000277
-0.000278
-0.000279
-0.000270
-0.000233
-0.000173
-0.000129
-0.000097
-0.000096
-0.000129
-0.000143
-0.000108
-0.000108
-0.000130
-0.000138
-0.000129
-0.000131
-0.000153
-0.000166
-0.000184
-0.000201
-0.000197
-0.000184
-0.000176
-0.000174
-0.000172
-0.000167
-0.000152
-0.000122
-0.000106
-0.000099
-0.000081
-0.000070
-0.000072
-0.000076
-0.000074
-0.000071
-0.000071
-0.000073
-0.000075
-0.000076
-0.000076
-0.000075
-0.000075
-0.000075
-0.000075
-0.000077
-0.000086
-0.000084
-0.000082
-0.000076
-0.000070
-0.000069
-0.000071
-0.000071
-0.000070
-0.000069
-0.000068
-0.000068
-0.000067
-0.000066
-0.000066
-0.000065
-0.000064
-0.000064
-0.000063
-0.000063
-0.000062
-0.000061
-0.000060
-0.000059
-0.000058
-0.000057
-0.000056
-0.000055
-0.000055
-0.000054
-0.000054
-0.000054
-0.000054
-0.000053
-0.000052
-0.000052
-0.000051
-0.000049
-0.000046
-0.000045
-0.000046
-0.000046
-0.000045
-0.000045
-0.000044
-0.000044
-0.000044
-0.000043
-0.000043
-0.000042
-0.000043
-0.000043
-0.000043
-0.000042
-0.000042
-0.000042
-0.000041
-0.000040
-0.000040
-0.000039
-0.000038
-0.000038
-0.000037
-0.000036
-0.000036
-0.000035
-0.000035
-0.000034
-0.000034
-0.000033
-0.000033
-0.000033
-0.000032
-0.000032
-0.000031
-0.000031
-0.000031
-0.000030
-0.000030
-0.000030
-0.000030
-0.000029
-0.000029
-0.000029
-0.000029
-0.000029
-0.000028
-0.000028
-0.000028
-0.000028
-0.000028
-0.000028
-0.000028
-0.000028
-0.000029
-0.000029
