-0.000054
-0.000050
-0.000053
-0.000051
-0.000052
-0.000052
-0.000050
-0.000054
-0.000048
-0.000057
-0.000045
-0.000062
-0.000039
-0.000070
-0.000027
-0.000087
-0.000001
-0.000139
0.000198
0.000295
-0.000125
-0.000022
-0.000061
-0.000058
-0.000033
-0.000085
-0.000004
-0.000121
0.000049
-0.000222
0.000442
0.000652
-0.000215
0.000031
-0.000103
-0.000020
-0.000073
-0.000040
-0.000060
-0.000050
-0.000053
-0.000055
-0.000049
-0.000057
-0.000048
-0.000058
-0.000048
-0.000058
-0.000049
-0.000057
-0.000050
-0.000056
-0.000051
-0.000055
-0.000053
-0.000054
-0.000053
-0.000054
-0.000054
-0.000054
-0.000054
-0.000054
-0.000054
-0.000054
-0.000054
-0.000054
-0.000054
-0.000054
-0.000054
-0.000054
-0.000054
-0.000054
-0.000055
-0.000055
-0.000055
-0.000055
-0.000055
-0.000055
-0.000055
-0.000055
-0.000055
-0.000055
-0.000055
-0.000055
-0.000055
-0.000055
-0.000056
-0.000056
-0.000056
-0.000056
-0.000056
-0.000056
-0.000056
-0.000056
-0.000056
-0.000056
-0.000057
-0.000057
-0.000057
-0.000057
-0.000057
-0.000056
-0.000058
-0.000056
-0.000058
-0.000056
-0.000058
-0.000057
-0.000057
-0.000059
-0.000056
-0.000061
-0.000053
-0.000065
-0.000049
-0.000070
-0.000043
-0.000079
-0.000033
-0.000095
-0.000008
-0.000144
0.000188
0.000293
-0.000141
-0.000017
-0.000086
-0.000043
-0.000071
-0.000052
-0.000065
-0.000056
-0.000064
-0.000056
-0.000065
-0.000054
-0.000070
-0.000048
-0.000079
-0.000038
-0.000095
-0.000012
-0.000145
0.000183
0.000293
-0.000146
-0.000019
-0.000089
-0.000045
-0.000074
-0.000055
-0.000067
-0.000061
-0.000063
-0.000064
-0.000062
-0.000065
-0.000061
-0.000065
-0.000063
-0.000064
-0.000065
-0.000061
-0.000070
-0.000056
-0.000076
-0.000050
-0.000086
-0.000041
-0.000096
-0.000030
-0.000108
-0.000015
-0.000125
0.000003
-0.000148
-0.000370
-0.000874
-0.000846
-0.000118
-0.000003
0.000255
0.000304
0.000594
0.000215
0.000254
-0.000119
-0.000057
-0.000065
-0.000081
-0.000050
-0.000104
0.000089
0.000541
0.000575
0.000631
0.000370
-0.000206
0.000020
-0.000147
0.000008
-0.000173
0.000185
0.000679
0.000526
0.000620
0.000148
-0.000073
-0.000087
-0.000058
-0.000079
-0.000494
-0.000179
-0.000002
-0.000139
-0.000002
-0.000166
0.000155
0.000836
0.001100
0.001863
0.001906
0.001843
0.002354
0.001932
0.001868
0.001898
0.001342
0.000581
0.000082
-0.000909
-0.002090
-0.002006
-0.002055
-0.001914
-0.000849
-0.000134
0.000527
0.001014
0.000791
0.001555
0.001933
0.002256
0.002585
0.002379
0.001511
0.001103
0.000006
-0.001021
-0.001692
-0.002085
-0.002046
-0.001969
-0.002771
-0.004695
-0.005105
-0.006587
-0.006969
-0.006978
-0.006182
-0.004753
-0.003345
-0.000677
0.002853
0.004117
0.005402
0.005275
0.004802
0.005899
0.005720
0.005301
0.003959
0.002089
0.000228
-0.000721
-0.001152
-0.001009
-0.001115
-0.000517
0.001170
0.002609
0.002898
0.002693
0.001737
0.000312
-0.000838
-0.002921
-0.003593
-0.003930
-0.003887
-0.002990
-0.002530
-0.001190
0.000641
0.002594
0.002942
0.004189
0.005769
0.005779
0.005790
0.005252
0.003962
0.002123
0.000005
-0.001089
-0.001186
-0.002224
-0.003137
-0.004619
-0.005101
-0.004357
-0.003803
-0.002900
-0.001908
-0.000478
0.000017
-0.000176
-0.000015
-0.000201
0.000631
0.003216
0.005759
0.006641
0.005058
0.003012
0.000561
-0.002186
-0.004576
-0.005174
-0.004185
-0.002289
-0.000250
0.001600
0.003712
0.004829
0.004773
0.004814
0.004263
0.002950
0.001709
0.000152
-0.001748
-0.003200
-0.004980
-0.006473
-0.007840
-0.008966
-0.008315
-0.007722
-0.005796
-0.002145
0.001823
0.004521
0.005130
0.003206
0.000417
-0.002402
-0.003183
-0.002966
-0.002579
-0.001236
-0.001793
-0.004379
-0.007468
-0.010151
-0.011578
-0.009968
-0.006964
-0.001728
0.003961
0.007271
0.008894
0.007796
0.004296
-0.000333
-0.004741
-0.007700
-0.007735
-0.004998
-0.000356
0.004281
0.007043
0.008024
0.008120
0.006460
0.004961
0.002332
-0.001239
-0.003079
-0.002888
-0.002053
-0.002089
-0.001983
-0.000218
0.002680
0.004544
0.005968
0.004872
0.003789
0.003756
0.003897
0.003407
0.001999
0.002918
0.004963
0.006632
0.008376
0.008118
0.005125
0.001912
0.000338
-0.001506
-0.004566
-0.008653
-0.011071
-0.009474
-0.005126
-0.000726
0.002262
0.003283
0.002963
0.002515
0.002127
0.002013
0.000773
0.000799
-0.000383
-0.000899
-0.000140
-0.000107
-0.000155
-0.000061
-0.000740
-0.001689
-0.003033
-0.005697
-0.006503
-0.005416
-0.002573
0.000300
0.005336
0.011352
0.014333
0.013286
0.007632
0.001867
-0.001894
-0.003862
-0.005263
-0.005868
-0.004802
-0.004141
-0.003259
-0.001897
-0.000502
-0.000573
-0.001993
-0.003580
-0.002962
-0.001550
-0.000248
0.001459
0.005014
0.008532
0.008588
0.006270
0.002671
-0.000353
-0.003735
-0.005045
-0.005055
-0.004971
-0.005119
-0.004366
-0.004015
-0.004008
-0.004349
-0.006092
-0.005361
-0.004963
-0.004979
-0.003187
0.000467
0.006170
0.011097
0.011451
0.008106
0.002234
-0.004325
-0.008590
-0.009355
-0.006925
-0.003784
-0.000519
0.001535
0.003844
0.005766
0.005697
0.006261
0.007465
0.007528
0.006635
0.004825
0.001992
0.000032
-0.001240
-0.000986
-0.002003
-0.004971
-0.005380
-0.003132
-0.002119
-0.001880
0.001278
0.005378
0.006558
0.003274
-0.000719
-0.002316
-0.003151
-0.002242
0.001343
0.005943
0.010233
0.012152
0.010895
0.006251
-0.000683
-0.005426
-0.006072
-0.004134
-0.003656
-0.004173
-0.003923
-0.002341
-0.000992
-0.001652
-0.001174
-0.000580
0.000141
0.000741
0.000914
0.000609
-0.000109
-0.000305
-0.001683
-0.002924
-0.004326
-0.004864
-0.003978
-0.002244
0.000839
0.003545
0.005417
0.005806
0.004573
0.002810
0.001171
-0.001642
-0.003799
-0.003621
-0.002161
-0.001145
-0.001102
-0.001186
-0.001472
-0.001912
-0.001950
-0.001174
-0.000550
-0.000023
-0.000387
-0.001192
-0.002825
-0.002544
-0.001490
-0.000335
0.001024
0.001919
0.003323
0.004493
0.004671
0.005024
0.004274
0.000161
-0.003589
-0.005131
-0.003127
0.000190
0.003173
0.004268
0.003895
0.005014
0.007397
0.008893
0.007167
0.005410
0.002248
-0.000523
-0.001573
-0.003005
-0.004820
-0.006149
-0.003400
0.002000
0.006329
0.007750
0.006997
0.004136
0.000863
-0.000208
0.000386
0.001503
0.002352
0.003576
0.005897
0.007533
0.006925
0.004405
0.001070
-0.001816
-0.002771
-0.003201
-0.002929
-0.002076
-0.002835
-0.004928
-0.006592
-0.005294
-0.001600
0.000512
0.000390
-0.001646
-0.004432
-0.007612
-0.009552
-0.010835
-0.012410
-0.014384
-0.015880
-0.013338
-0.006927
-0.001521
0.000614
0.002042
0.002195
0.000948
-0.000798
-0.001733
-0.000479
0.001558
0.001236
0.000514
0.000323
-0.000229
-0.001899
-0.003926
-0.005310
-0.005995
-0.006137
-0.005291
-0.003840
-0.003053
-0.001396
0.000657
0.001858
0.001708
0.001862
0.001068
-0.001549
-0.004170
-0.006178
-0.004765
-0.001492
0.002207
0.005124
0.008231
0.011639
0.013612
0.012684
0.009015
0.005641
0.002583
0.000287
-0.001987
-0.003877
-0.005879
-0.007700
-0.008007
-0.005668
-0.003312
-0.002543
0.000520
0.003409
0.004281
0.003659
0.004530
0.005741
0.005710
0.004966
0.003523
0.004562
0.006197
0.005609
0.004094
0.003014
0.000254
-0.003641
-0.005731
-0.003714
0.000632
0.005378
0.010272
0.013815
0.014519
0.010132
0.003274
0.000736
0.002055
0.003157
0.004779
0.007789
0.009026
0.006391
0.002267
-0.000654
-0.002986
-0.004782
-0.005012
-0.003813
-0.001320
0.002243
0.003941
0.002880
0.001600
0.000134
-0.002693
-0.006253
-0.010400
-0.014649
-0.017021
-0.017889
-0.016412
-0.012075
-0.007471
-0.004003
-0.001480
0.000742
0.001701
0.002434
0.002230
0.001404
-0.000937
-0.002266
-0.002078
-0.002126
0.000140
0.003369
0.006610
0.007452
0.004115
-0.001472
-0.005700
-0.008993
-0.009877
-0.010703
-0.010253
-0.008255
-0.005912
-0.002893
-0.001645
-0.000844
-0.000846
-0.000854
-0.000916
-0.002620
-0.004308
-0.003312
-0.001894
-0.001266
-0.000447
0.001604
0.003389
0.003807
0.003621
0.004373
0.004651
0.002975
0.000930
-0.000871
-0.003760
-0.006275
-0.005806
-0.004548
-0.001306
0.005599
0.011940
0.013497
0.011043
0.005014
-0.000729
-0.002446
-0.003046
-0.003252
-0.002261
0.000785
0.003497
0.005433
0.005013
0.002864
0.001083
0.001861
0.006082
0.009486
0.010556
0.009154
0.007618
0.005798
0.004166
0.002785
0.001909
0.002885
0.006312
0.008221
0.006727
0.004956
0.002911
0.000438
-0.002142
-0.003717
-0.006743
-0.009813
-0.011168
-0.009534
-0.007250
-0.004572
-0.000594
0.003403
0.005955
0.006619
0.006539
0.004993
0.002697
0.000092
-0.002634
-0.004794
-0.005745
-0.006125
-0.006059
-0.006051
-0.006122
-0.005876
-0.005046
-0.002774
-0.000260
0.000935
0.001903
0.002794
0.002123
0.001226
0.001751
0.001104
-0.001131
-0.002116
-0.002846
-0.005479
-0.008540
-0.010178
-0.009666
-0.009639
-0.007502
-0.001839
0.002215
0.002139
-0.000229
-0.003272
-0.003162
-0.001306
0.002445
0.007298
0.009992
0.009478
0.005210
0.000472
-0.002682
-0.004042
-0.004069
-0.001835
0.001298
0.003651
0.006651
0.009283
0.009090
0.008298
0.007174
0.006345
0.007631
0.007809
0.003555
-0.000362
-0.000350
0.001394
0.001385
-0.000246
-0.001020
-0.002150
-0.004341
-0.004976
-0.003873
-0.003351
-0.003482
-0.000489
0.004906
0.009176
0.008233
0.003888
-0.001329
-0.005844
-0.008840
-0.010132
-0.008627
-0.003134
0.003659
0.008449
0.010633
0.010035
0.008191
0.005571
0.001065
-0.003672
-0.005274
-0.004281
-0.002505
-0.001926
-0.001093
-0.000054
-0.001121
-0.003950
-0.005245
-0.004174
-0.001759
0.000408
0.002833
0.004815
0.006311
0.006692
0.006592
0.004239
-0.000315
-0.003159
-0.004036
-0.004343
-0.005005
-0.005228
-0.004337
-0.004763
-0.004439
-0.002398
-0.002096
-0.002828
-0.005515
-0.007963
-0.008946
-0.006753
-0.003433
-0.000304
0.000776
-0.001558
-0.003973
-0.003288
-0.000155
0.002479
0.004494
0.004084
0.003582
0.001848
-0.000484
-0.001106
-0.001236
-0.000534
0.002460
0.007309
0.010303
0.008014
0.002937
-0.001923
-0.006016
-0.007596
-0.008160
-0.005308
-0.001152
0.001591
0.003237
0.003248
0.002252
0.001027
0.000332
0.000767
0.002609
0.003831
0.006060
0.010466
0.014336
0.016004
0.014740
0.010283
0.003597
-0.004295
-0.009613
-0.010979
-0.009046
-0.005636
-0.001253
0.002450
0.002754
0.000267
-0.003128
-0.004053
-0.004645
-0.002933
0.000948
0.004142
0.004181
0.001099
-0.002113
-0.005067
-0.007298
-0.007959
-0.007589
-0.005521
-0.003976
-0.004701
-0.005373
-0.005429
-0.004555
-0.005243
-0.007925
-0.008871
-0.007829
-0.004438
-0.000048
0.001897
0.002825
0.002037
-0.000672
-0.005178
-0.005546
-0.002735
-0.001320
0.002492
0.007374
0.011716
0.013438
0.014004
0.010323
0.002555
-0.003282
-0.005956
-0.005310
-0.003278
0.001094
0.006034
0.009202
0.009098
0.005963
0.002391
-0.000243
-0.000431
0.001651
0.005407
0.009617
0.010461
0.011234
0.008497
0.001692
-0.005162
-0.010664
-0.011988
-0.011270
-0.008373
-0.002581
0.003918
0.006920
0.006612
0.005019
0.001654
-0.003045
-0.006928
-0.007964
-0.006114
-0.000774
0.003859
0.006394
0.008359
0.008665
0.008463
0.007528
0.005932
0.003941
0.001297
-0.002834
-0.005840
-0.005392
-0.003147
0.000206
0.002665
0.004351
0.004794
0.004683
0.004100
0.001269
-0.000985
-0.002526
-0.004189
-0.005709
-0.006043
-0.004187
-0.000665
0.003441
0.006497
0.008362
0.007909
0.003444
-0.003158
-0.008961
-0.012727
-0.014012
-0.013137
-0.010501
-0.005656
-0.000393
0.001811
-0.000154
-0.002943
-0.004212
-0.003958
-0.004803
-0.004856
-0.002339
-0.000823
0.001103
0.002878
0.004880
0.006013
0.004243
0.001897
0.000709
0.000880
0.000707
0.001002
0.002270
0.003647
0.004757
0.004667
0.005213
0.004114
0.001320
-0.001489
-0.002712
-0.002550
-0.002383
-0.003186
-0.004250
-0.002723
-0.000270
0.001437
0.001834
0.002302
0.002973
0.001912
0.000706
0.001436
0.001851
0.002158
0.002442
0.003329
0.002056
0.000145
-0.000950
-0.002354
-0.003681
-0.003601
-0.000458
0.003186
0.008024
0.010837
0.009675
0.006091
-0.000133
-0.007050
-0.011419
-0.011784
-0.008449
-0.004499
0.000016
0.004395
0.005174
0.001454
-0.004419
-0.008421
-0.008970
-0.007140
-0.003514
-0.000220
0.000847
0.000143
-0.002065
-0.003596
-0.005472
-0.005470
-0.002570
0.002020
0.006165
0.006667
0.004373
0.001313
-0.001598
-0.003478
-0.003383
-0.003096
-0.002544
-0.001883
-0.000553
0.001875
0.004401
0.007079
0.007530
0.004157
-0.001634
-0.006016
-0.007039
-0.006905
-0.005255
-0.001385
0.003337
0.007332
0.009860
0.008635
0.005926
0.003821
0.000309
-0.003785
-0.006775
-0.006942
-0.005217
-0.001452
0.003979
0.008263
0.009652
0.007161
0.003113
-0.000719
-0.004599
-0.007249
-0.008858
-0.008496
-0.005796
-0.002746
-0.000333
-0.000211
-0.000004
0.001359
0.002516
0.002267
0.001038
0.000833
0.000729
0.001468
0.001893
0.003706
0.005824
0.005531
0.004062
0.001316
-0.003426
-0.006727
-0.005764
-0.002716
0.002089
0.006266
0.007812
0.006938
0.004315
0.001894
-0.000313
-0.002634
-0.004942
-0.006013
-0.004253
-0.002443
-0.002133
-0.003411
-0.003280
-0.001889
-0.001158
-0.001149
-0.001019
-0.000054
-0.000955
-0.002312
-0.003680
-0.004182
-0.003929
-0.002376
-0.000377
0.002221
0.003972
0.003489
0.002219
-0.000813
-0.004486
-0.006878
-0.006290
-0.003649
0.001168
0.004632
0.005967
0.005959
0.003917
0.002099
0.001753
0.001867
0.003694
0.006369
0.007344
0.007194
0.006376
0.005102
0.000425
-0.002911
-0.004970
-0.005797
-0.003263
0.000506
0.002928
0.002674
0.003280
0.002802
0.002888
0.003868
0.002959
0.001601
0.000250
-0.000702
-0.000609
-0.000266
-0.000071
-0.000280
0.000627
0.002024
0.002785
0.002145
-0.000749
-0.004109
-0.006788
-0.008751
-0.010803
-0.010922
-0.008096
-0.003556
0.000494
0.003764
0.006402
0.006633
0.004959
0.002979
0.000980
-0.000357
-0.001266
-0.002253
-0.003600
-0.002873
-0.000327
0.003933
0.008269
0.010312
0.010052
0.007009
0.003809
-0.000024
-0.002033
-0.001465
-0.001077
-0.001168
-0.001023
0.000583
0.001995
0.000954
-0.000301
-0.001851
-0.003896
-0.005746
-0.005918
-0.005013
-0.004635
-0.005050
-0.006128
-0.003411
-0.000470
0.000529
0.000728
-0.000289
-0.001795
-0.001488
0.000691
0.003085
0.005747
0.006628
0.006790
0.005962
0.003406
0.000261
-0.001176
0.000786
0.003683
0.006580
0.008219
0.009442
0.008809
0.005609
0.001241
-0.002455
-0.003831
-0.003445
-0.001178
-0.000167
-0.000100
-0.000762
-0.001727
-0.003449
-0.006093
-0.008761
-0.009472
-0.006121
-0.002214
0.001412
0.004656
0.005796
0.005030
0.001769
-0.004098
-0.008493
-0.010870
-0.011246
-0.008461
-0.003807
0.000390
0.002039
0.000391
-0.002461
-0.005771
-0.008599
-0.009703
-0.009327
-0.008954
-0.008147
-0.004937
-0.000540
0.002052
0.000966
-0.000878
-0.002945
-0.004807
-0.006257
-0.005105
-0.004139
-0.003291
-0.001417
0.001418
0.004712
0.008111
0.010249
0.009411
0.006739
0.004069
0.003645
0.004511
0.006409
0.006739
0.006670
0.006706
0.006703
0.006153
0.004929
0.002342
-0.001978
-0.005954
-0.006398
-0.003569
-0.001316
0.001240
0.006072
0.009343
0.007836
0.004134
0.000856
-0.003053
-0.006153
-0.006242
-0.004251
-0.002341
-0.000168
0.001985
0.000869
-0.001943
-0.003737
-0.004098
-0.001580
0.001787
0.002763
0.002816
0.002717
0.003397
0.003870
0.003164
0.002005
0.000111
-0.000068
0.001438
0.001937
0.001045
-0.000874
-0.000539
0.002326
0.004014
0.004728
0.004705
0.004832
0.003876
0.000418
-0.002505
-0.002746
-0.002972
-0.003042
-0.001850
-0.001722
-0.002897
-0.004346
-0.004521
-0.005154
-0.006082
-0.005367
-0.002515
0.001289
0.003683
0.004749
0.005202
0.004163
0.001715
-0.000730
-0.001923
-0.003390
-0.003310
-0.001744
0.000115
0.001916
0.000627
-0.001579
-0.004521
-0.007335
-0.008102
-0.005329
-0.000488
0.002684
0.004335
0.004956
0.003348
0.000423
-0.002643
-0.004809
-0.006969
-0.007238
-0.005937
-0.005505
-0.005294
-0.005229
-0.002517
-0.000989
0.000605
0.002526
0.004696
0.005010
0.003076
0.002150
0.001306
0.001185
0.000683
0.001068
0.001728
0.002324
0.001248
0.000702
0.000980
0.002518
0.003947
0.003047
0.002766
0.002771
0.002709
0.001010
-0.000273
0.000464
0.001470
0.001914
0.001174
0.000614
-0.000260
-0.001756
-0.002199
-0.002053
-0.002189
-0.001410
0.000735
0.001322
-0.000555
-0.003604
-0.005326
-0.005995
-0.005524
-0.004094
-0.001166
0.001501
0.002373
0.003512
0.003249
0.001856
-0.001158
-0.003190
-0.002897
-0.001675
-0.002145
-0.003243
-0.001956
-0.002017
-0.002118
-0.002256
-0.003132
-0.002953
-0.001443
0.001256
0.003651
0.005038
0.006893
0.007640
0.007205
0.005168
0.000649
-0.003869
-0.006686
-0.006619
-0.004327
0.001011
0.005471
0.008475
0.010272
0.011240
0.011539
0.007277
0.000255
-0.003999
-0.005125
-0.004351
-0.002123
0.000626
0.002566
0.004558
0.006379
0.006682
0.004295
-0.000346
-0.002961
-0.004899
-0.005662
-0.005823
-0.004348
-0.002324
0.000262
0.002120
0.002732
0.002654
0.001689
-0.000048
-0.002939
-0.004867
-0.005647
-0.003462
0.000413
0.003843
0.005887
0.006719
0.006139
0.004800
0.001793
-0.000897
-0.002983
-0.004030
-0.002242
0.001369
0.005249
0.006886
0.005874
0.004021
0.001771
-0.000367
-0.001240
-0.002318
-0.003062
-0.003155
-0.002469
-0.002052
-0.002108
-0.002709
-0.002770
-0.002535
-0.002526
-0.001848
-0.001145
-0.001819
-0.003424
-0.003962
-0.004175
-0.003873
-0.002584
-0.001278
0.000495
0.000863
0.000938
0.001417
0.001645
0.001913
0.001190
-0.000479
-0.003156
-0.003864
-0.002630
-0.001191
-0.000089
0.001630
0.003252
0.002894
0.002033
-0.000081
-0.003541
-0.005799
-0.005987
-0.004070
0.000454
0.003658
0.004814
0.004025
0.001822
-0.001089
-0.003840
-0.003519
-0.002852
-0.002045
-0.000413
0.001659
0.002860
0.002597
0.001241
0.000218
0.000909
-0.000484
-0.003626
-0.005691
-0.004640
-0.001274
0.002247
0.004587
0.005979
0.006053
0.005118
0.003898
0.002089
-0.000672
-0.002245
-0.002056
-0.002181
-0.001449
0.000776
0.001627
0.000844
0.000641
0.000251
0.000384
-0.000257
-0.001250
-0.000364
0.000967
0.000029
-0.001400
-0.001954
-0.001086
-0.001360
-0.001540
-0.000980
-0.001843
-0.001623
-0.000307
0.001470
0.001842
0.002293
0.003540
0.003209
0.001953
0.000585
-0.000659
-0.001931
-0.001462
0.001259
0.003118
0.003607
0.004011
0.004546
0.003124
0.000309
-0.001837
-0.002620
-0.002176
-0.001998
-0.000945
-0.000197
-0.000121
-0.000335
-0.001162
-0.001179
-0.003494
-0.005402
-0.005958
-0.005486
-0.002015
0.001315
0.003629
0.005339
0.006252
0.005606
0.004124
0.003525
0.002665
0.001523
-0.001033
-0.004055
-0.006880
-0.007954
-0.006266
-0.003744
-0.000493
0.002678
0.004217
0.003748
0.001439
-0.001656
-0.003416
-0.003961
-0.004737
-0.005128
-0.004503
-0.003265
-0.001375
0.000665
0.001914
0.001014
-0.000409
-0.001142
-0.000597
0.000186
0.002600
0.006131
0.009094
0.011443
0.013172
0.010541
0.003962
-0.002234
-0.007315
-0.009137
-0.008244
-0.005670
-0.002490
0.000856
0.003509
0.005461
0.005486
0.002948
0.001576
0.000784
0.000996
0.001246
0.000091
-0.000215
-0.000015
0.000444
0.000416
-0.001785
-0.004449
-0.005164
-0.005011
-0.005092
-0.005036
-0.005067
-0.005169
-0.006145
-0.005289
-0.002854
-0.001748
-0.001844
-0.002087
0.000157
0.002779
0.003683
0.003945
0.004694
0.004766
0.004142
0.003082
0.002064
-0.000206
-0.002332
-0.003035
-0.001214
0.001590
0.003663
0.007078
0.009493
0.008744
0.005727
0.002994
0.002951
0.003636
0.004725
0.009243
0.012304
0.010102
0.005574
0.000371
-0.002899
-0.005018
-0.005331
-0.003229
0.000477
0.003537
0.005543
0.004758
0.002217
0.000223
-0.002958
-0.005449
-0.007268
-0.006717
-0.006048
-0.004214
-0.002561
-0.000759
0.002342
0.006369
0.009371
0.009041
0.005996
0.002984
0.000292
-0.003640
-0.005270
-0.004191
-0.003112
-0.002506
-0.002029
-0.002669
-0.004498
-0.006921
-0.008647
-0.008444
-0.005283
-0.000451
0.004848
0.007528
0.006972
0.004223
-0.000303
-0.003163
-0.005852
-0.007652
-0.008169
-0.006717
-0.006020
-0.007183
-0.006248
-0.003679
0.001174
0.004500
0.005204
0.003733
0.001135
-0.000318
-0.001803
-0.001577
0.001959
0.006495
0.008236
0.006070
0.002214
-0.001812
-0.004914
-0.006743
-0.006402
-0.004062
-0.001327
-0.000074
-0.000313
-0.002387
-0.005147
-0.005802
-0.005082
-0.002956
0.000046
0.001425
0.003713
0.004588
0.003180
0.001970
-0.000380
-0.002676
-0.006744
-0.009555
-0.008794
-0.005630
-0.003693
-0.001231
0.003519
0.008195
0.009540
0.006100
0.002324
-0.000723
-0.004242
-0.005920
-0.004401
-0.002065
-0.000048
0.002068
0.004756
0.005624
0.005737
0.003148
-0.000035
-0.001951
-0.003294
-0.004697
-0.004943
-0.002052
0.002343
0.005562
0.004983
0.002401
-0.000699
-0.002937
-0.004690
-0.003784
-0.001419
0.002677
0.005870
0.007371
0.006333
0.001944
-0.003297
-0.007000
-0.006221
-0.004331
-0.002197
0.001408
0.006489
0.008673
0.008666
0.007925
0.006176
0.002775
-0.001654
-0.003731
-0.002412
-0.000332
0.001050
0.001781
0.004159
0.006426
0.006764
0.005852
0.001767
-0.001775
-0.003306
-0.004155
-0.003353
-0.001331
0.000512
0.000822
0.000943
0.001730
-0.000002
-0.001758
-0.002839
-0.003096
-0.003740
-0.003540
-0.000531
0.002814
0.004889
0.006289
0.006188
0.002486
-0.001690
-0.003850
-0.003564
-0.002412
-0.001952
-0.001544
-0.001346
-0.000320
0.000877
0.000727
0.001402
0.002430
0.002892
0.002059
0.002321
0.002907
0.002057
-0.000736
-0.004050
-0.005100
-0.004915
-0.003984
-0.002284
0.000938
0.004693
0.007425
0.009470
0.010666
0.009845
0.004898
-0.000429
-0.003052
-0.004109
-0.004031
-0.002186
0.000575
0.002685
0.002581
-0.001042
-0.005570
-0.010174
-0.014125
-0.015080
-0.013541
-0.010588
-0.006032
-0.000493
0.004874
0.007466
0.007548
0.005949
0.003813
0.000252
-0.003090
-0.004082
-0.004116
-0.003992
-0.002181
0.002466
0.005398
0.005707
0.003240
-0.000903
-0.005864
-0.009908
-0.010362
-0.007256
-0.002514
0.000780
0.001612
0.000823
0.000163
-0.002732
-0.005916
-0.005211
-0.001693
0.000606
0.000230
-0.000341
0.000515
0.000778
0.001504
0.003560
0.005515
0.006861
0.007818
0.008475
0.007559
0.005350
0.003218
0.001829
0.001803
0.001143
0.001280
0.002068
0.002732
0.002183
0.001728
0.003711
0.006393
0.006577
0.005015
0.002215
-0.002208
-0.005070
-0.003959
-0.000906
-0.000158
0.002127
0.004685
0.005705
0.005079
0.002117
-0.001036
-0.002862
-0.004878
-0.004353
-0.002451
-0.001491
-0.001098
-0.001089
0.000553
0.002525
0.002508
-0.000021
-0.003653
-0.005163
-0.005065
-0.005027
-0.005209
-0.003718
-0.001186
0.002403
0.007388
0.009314
0.005835
0.000462
-0.003804
-0.006793
-0.006463
-0.002935
0.002044
0.005896
0.007052
0.005954
0.003076
-0.001878
-0.004779
-0.005582
-0.005008
-0.003484
-0.002480
-0.001443
0.001373
0.004545
0.004470
0.001330
-0.002315
-0.004599
-0.005854
-0.005996
-0.006193
-0.005156
-0.001609
0.004803
0.010219
0.011817
0.012346
0.011404
0.007437
0.001275
-0.004385
-0.010505
-0.014742
-0.013945
-0.008578
-0.001069
0.004529
0.006877
0.007676
0.006850
0.003122
-0.000660
-0.002386
-0.001269
-0.000138
-0.000345
-0.000774
-0.001490
-0.003826
-0.006845
-0.008340
-0.008109
-0.004587
-0.000369
0.004186
0.006471
0.005998
0.003314
0.000327
-0.002061
-0.003098
-0.000810
0.001746
0.002658
0.000619
-0.001535
-0.002851
-0.003059
-0.001941
-0.000583
0.002416
0.005561
0.006787
0.005783
0.002832
0.001756
0.001661
0.000074
-0.001908
-0.002604
-0.004669
-0.005999
-0.004970
-0.002697
0.000954
0.003363
0.006189
0.007924
0.008050
0.006711
0.003767
0.000422
-0.002132
-0.003112
-0.002582
0.001067
0.005168
0.008056
0.008007
0.005728
0.002005
-0.004527
-0.010148
-0.012625
-0.011135
-0.006864
-0.002442
0.001763
0.004808
0.005043
0.004095
0.002963
0.000420
-0.002630
-0.005412
-0.006224
-0.005936
-0.006228
-0.004718
-0.001687
0.001226
0.003640
0.004857
0.005760
0.004843
0.001202
-0.002240
-0.004675
-0.005801
-0.006065
-0.006119
-0.005847
-0.005162
-0.004437
-0.003991
-0.001823
0.001245
0.004129
0.004186
0.003704
0.004938
0.006186
0.006847
0.006470
0.007368
0.008154
0.008836
0.005241
0.000227
-0.004365
-0.008600
-0.012657
-0.014883
-0.012530
-0.007416
-0.001491
0.001806
0.003913
0.004729
0.004520
0.003634
0.001970
0.000219
0.001315
0.002469
0.002697
0.000976
-0.000902
-0.003693
-0.006990
-0.008164
-0.009079
-0.008280
-0.006127
-0.002629
0.001023
0.004475
0.005851
0.004865
0.002989
0.000894
-0.000349
-0.001357
-0.002151
-0.001641
-0.000393
-0.000380
-0.001118
-0.001790
-0.002338
-0.003335
-0.003411
-0.001822
-0.001332
-0.000380
0.001506
0.003711
0.006436
0.008343
0.008594
0.008698
0.007819
0.006460
0.005003
0.002348
-0.000726
-0.002400
-0.003656
-0.004822
-0.005152
-0.004912
-0.004125
-0.003489
-0.000673
0.001555
0.003600
0.004711
0.004750
0.003943
0.002505
0.001137
-0.001226
-0.003874
-0.005811
-0.006082
-0.006013
-0.003775
-0.000680
0.001551
0.001197
0.000032
-0.002152
-0.004869
-0.006800
-0.007418
-0.007841
-0.007301
-0.005319
-0.003131
-0.000547
0.000029
0.000837
0.002112
0.004315
0.007203
0.008593
0.006884
0.004238
-0.000484
-0.004634
-0.006938
-0.008009
-0.006152
-0.002749
0.000262
0.002743
0.005820
0.005596
0.002287
-0.000565
-0.003800
-0.006946
-0.007526
-0.003738
0.002091
0.008132
0.012504
0.012893
0.009844
0.004429
-0.001817
-0.008253
-0.012499
-0.012125
-0.008384
-0.002630
0.004656
0.011169
0.015344
0.016063
0.013094
0.005257
-0.005012
-0.012990
-0.019266
-0.021709
-0.017488
-0.009071
0.000207
0.006348
0.009491
0.010587
0.010483
0.008677
0.005836
0.004012
0.003117
-0.000999
-0.005867
-0.009428
-0.011122
-0.008324
-0.002498
0.002002
0.004635
0.005507
0.002221
-0.001793
-0.005604
-0.007139
-0.005000
-0.000481
0.006304
0.012086
0.013683
0.012501
0.007369
0.001235
-0.003576
-0.003904
0.001044
0.007101
0.012168
0.012914
0.010411
0.005622
0.000845
-0.000650
0.000589
0.002526
0.005024
0.007591
0.006124
0.002181
-0.002401
-0.006120
-0.006500
-0.004750
-0.001600
0.000011
0.001345
0.001791
-0.000094
-0.001207
-0.001677
-0.003158
-0.005337
-0.006021
-0.006138
-0.005805
-0.003272
0.000310
0.004886
0.009265
0.010396
0.007162
0.002499
-0.002318
-0.004968
-0.004977
-0.005825
-0.005481
-0.004963
-0.002804
-0.000276
0.001406
0.001796
0.001899
0.002219
0.000937
-0.001583
-0.006422
-0.009833
-0.009338
-0.006076
-0.002433
0.001688
0.005506
0.008233
0.008769
0.007801
0.005829
0.001577
-0.002896
-0.005818
-0.005994
-0.004384
-0.002187
0.000611
0.001982
0.002196
0.000898
-0.000878
-0.003629
-0.005771
-0.006254
-0.004582
-0.001114
0.001556
0.002829
0.002697
0.002118
-0.000190
-0.001518
-0.002493
-0.003308
-0.002398
-0.000255
0.003105
0.005647
0.006615
0.006704
0.006544
0.006823
0.005249
0.002376
-0.000945
-0.003297
-0.004922
-0.005480
-0.003131
0.000265
0.003877
0.005656
0.005695
0.005028
0.002559
-0.001092
-0.004513
-0.007529
-0.009281
-0.007490
-0.003017
0.002271
0.006623
0.008032
0.008526
0.005896
0.002183
-0.001857
-0.004820
-0.005186
-0.004855
-0.004172
-0.001390
0.001620
0.003161
0.003412
0.001210
-0.001540
-0.004115
-0.005077
-0.004612
-0.003113
-0.000421
0.001566
0.003509
0.005873
0.008041
0.008068
0.005049
0.001187
-0.002157
-0.003058
-0.003887
-0.005775
-0.006558
-0.006133
-0.006038
-0.006111
-0.005515
-0.004281
-0.002466
-0.002096
-0.002193
-0.002124
-0.002195
-0.002101
-0.002331
-0.003252
-0.004216
-0.003427
-0.003162
-0.002395
-0.000928
-0.000189
-0.000892
-0.002497
-0.002462
-0.002091
-0.002212
-0.002001
-0.000463
0.004093
0.009294
0.012443
0.013388
0.012302
0.008987
0.003966
0.000967
-0.000987
-0.002837
-0.003188
-0.003006
-0.001548
-0.000564
0.000511
0.000674
-0.000249
-0.000146
-0.000264
0.000317
-0.000725
-0.001847
-0.002792
-0.003234
-0.002550
-0.001344
0.000032
0.000780
0.000635
0.000174
0.000512
0.000415
0.000587
0.001622
0.002861
0.005000
0.007643
0.008069
0.006796
0.004969
0.002307
-0.000585
-0.003613
-0.003426
-0.001826
0.001126
0.003506
0.004307
0.004724
0.002890
0.001548
0.000805
0.000752
0.000854
0.000143
-0.000236
-0.000319
-0.001225
-0.001018
0.000363
0.001579
0.003038
0.002989
0.000426
-0.002685
-0.004779
-0.005620
-0.004554
-0.003428
-0.002915
-0.002180
-0.001590
-0.000482
-0.000009
0.000801
0.001255
0.002729
0.003032
0.000942
-0.000962
-0.002817
-0.003723
-0.004774
-0.005675
-0.006755
-0.007091
-0.006496
-0.005298
-0.005657
-0.006171
-0.005973
-0.006586
-0.005437
-0.003090
-0.000421
0.001594
0.003510
0.005417
0.005603
0.003979
0.001906
0.000666
0.001564
0.002978
0.004231
0.005455
0.005583
0.004005
0.001796
-0.001117
-0.003854
-0.003979
-0.002982
-0.001487
0.001346
0.005204
0.007915
0.009312
0.007726
0.004874
0.002972
0.000544
-0.000990
-0.000488
0.001665
0.002910
0.003892
0.004811
0.005914
0.006485
0.005107
0.001949
-0.001700
-0.004778
-0.004283
-0.001183
0.002285
0.005753
0.008449
0.009059
0.006451
0.002351
-0.002443
-0.006577
-0.008729
-0.008633
-0.007685
-0.003949
-0.001295
-0.001757
-0.002341
-0.003678
-0.004233
-0.003973
-0.004243
-0.003692
-0.002077
-0.000878
-0.000846
-0.001204
-0.000645
0.000639
0.000043
-0.001857
-0.004678
-0.007919
-0.009484
-0.008907
-0.007307
-0.005083
-0.001725
0.002709
0.005818
0.005073
0.004076
0.003093
0.002643
0.003381
0.004368
0.004945
0.005689
0.005162
0.003911
0.001458
-0.001211
-0.001485
-0.001040
0.001127
0.003794
0.006585
0.009389
0.008969
0.006214
0.003790
0.000346
-0.001421
-0.002246
-0.003115
-0.003660
-0.004256
-0.003405
-0.003058
-0.003061
-0.001213
0.001601
0.003556
0.004958
0.005685
0.005180
0.003877
0.002054
-0.000504
-0.001288
-0.000963
-0.000025
0.000836
0.000763
0.001386
0.002371
0.001642
0.000288
-0.000943
-0.000979
-0.000108
0.001628
0.002828
0.002262
0.000334
-0.001741
-0.001152
-0.000635
0.000612
0.000239
-0.000809
-0.001396
-0.002028
-0.002879
-0.004730
-0.005719
-0.006054
-0.006738
-0.007668
-0.005957
-0.005223
-0.004181
-0.003106
-0.002932
-0.002101
-0.002669
-0.003325
-0.002115
0.000560
0.002770
0.005406
0.005675
0.003868
0.000264
-0.003160
-0.005824
-0.007048
-0.005594
-0.003552
-0.000403
0.002004
0.003246
0.002689
0.001234
-0.000011
-0.001345
-0.002140
-0.001542
-0.000473
0.000050
0.000811
0.000824
0.000793
0.001052
0.003597
0.004713
0.002537
0.001042
0.000301
-0.001054
-0.002134
-0.002047
-0.000236
0.002634
0.003862
0.004031
0.004718
0.005143
0.003993
0.001886
0.000826
0.000763
0.000950
-0.000004
-0.001262
-0.003307
-0.004296
-0.002963
-0.002291
-0.000309
0.001027
0.001818
0.001749
0.001919
0.000580
-0.000862
-0.001781
-0.002057
-0.000932
-0.000038
0.001380
0.002661
0.003710
0.002562
0.001726
0.000605
-0.000121
0.000321
0.001846
0.004079
0.005929
0.006529
0.005617
0.003930
0.000224
-0.003007
-0.004540
-0.004028
-0.002333
-0.000309
0.001035
0.001852
0.001076
-0.000420
-0.001097
-0.001010
-0.000011
0.001548
0.003073
0.003695
0.003834
0.003089
0.000792
-0.001822
-0.004024
-0.004425
-0.004038
-0.003442
-0.003565
-0.004333
-0.005545
-0.006708
-0.007227
-0.007278
-0.005595
-0.003358
0.000584
0.003001
0.003930
0.004622
0.003705
0.003852
0.003556
0.002835
0.002225
0.001117
0.000690
-0.000760
-0.001700
-0.002970
-0.004054
-0.004667
-0.004575
-0.003722
-0.003176
-0.002998
-0.003166
-0.002454
-0.001892
-0.000999
-0.000059
-0.000792
-0.001150
-0.001747
-0.004124
-0.006200
-0.006926
-0.004698
-0.001612
0.001239
0.004260
0.006485
0.006605
0.005033
0.002909
0.000751
-0.001882
-0.004244
-0.005557
-0.004221
-0.001253
0.001131
0.003933
0.005844
0.006822
0.005930
0.004021
0.001806
-0.000361
-0.001109
-0.001096
-0.001096
0.001264
0.003485
0.004970
0.005995
0.004896
0.003048
0.000578
-0.001031
-0.002136
-0.002096
-0.001529
-0.000974
-0.000821
-0.000730
-0.000942
-0.002841
-0.004868
-0.006670
-0.006528
-0.005142
-0.002808
0.000077
0.001832
0.004087
0.004893
0.004174
0.002969
0.001176
0.000220
-0.000700
0.000006
0.000935
0.002508
0.002659
0.001879
0.001053
-0.000214
-0.000640
-0.001410
-0.002046
-0.001976
-0.001461
-0.001823
-0.002244
-0.003236
-0.004059
-0.004015
-0.004100
-0.003462
-0.002307
-0.000269
0.001018
0.001997
0.002693
0.001614
0.000891
0.000765
0.001513
0.001312
0.000592
-0.000742
-0.003121
-0.005673
-0.005971
-0.004184
-0.000499
0.002660
0.004606
0.005269
0.004441
0.003357
0.001869
0.000745
-0.000782
-0.001164
-0.001002
0.000620
0.002088
0.002746
0.002877
0.002170
0.002589
0.002121
0.001046
0.000920
0.000699
0.001608
0.001181
0.000974
0.001712
0.000688
-0.000275
-0.001654
-0.002808
-0.003088
-0.002561
-0.001195
0.000004
0.001055
0.001773
0.001992
0.002945
0.003831
0.003715
0.003977
0.005096
0.003123
0.001513
0.000936
0.000797
0.000772
-0.000240
0.000009
-0.000402
-0.001000
-0.001246
-0.000799
-0.000427
-0.000402
-0.000685
-0.001214
-0.001051
-0.001138
-0.001089
-0.001114
-0.001111
-0.001080
-0.001255
-0.002207
-0.003774
-0.005348
-0.005324
-0.004963
-0.005460
-0.005140
-0.004385
-0.003441
-0.002344
-0.002114
-0.001363
0.000658
0.002676
0.003723
0.002615
0.001288
0.000572
-0.000075
-0.000155
-0.000115
0.000282
0.000097
0.000964
0.002003
0.002835
0.002656
0.001690
0.000685
-0.000150
0.000332
-0.000481
-0.000285
0.000518
0.001457
0.002512
0.002867
0.002761
0.002881
0.002176
0.001757
0.001857
0.001835
0.001287
0.000134
-0.000151
-0.000542
-0.000261
0.000518
0.000942
0.000671
-0.000235
-0.001734
-0.002153
-0.002067
-0.001965
-0.000959
0.000567
0.002167
0.002549
0.001917
0.001117
-0.000994
-0.002132
-0.002067
-0.001984
-0.000896
-0.000159
-0.000095
-0.000171
-0.000053
-0.000358
-0.000509
0.000092
0.000983
0.001857
0.001810
0.001436
0.001149
0.000848
0.002694
0.003776
0.004388
0.004859
0.004223
0.002406
-0.000159
-0.002474
-0.004004
-0.004093
-0.003855
-0.002987
-0.001709
-0.000162
-0.000061
-0.000766
-0.001144
-0.001655
-0.002253
-0.001817
-0.001206
-0.000456
-0.000076
-0.000118
-0.000701
-0.001248
-0.000972
-0.001385
-0.001440
-0.000951
0.000605
0.002081
0.002893
0.003880
0.003570
0.002745
0.001057
-0.000800
-0.001174
-0.001058
-0.001162
-0.000943
0.000016
0.000887
0.000788
0.001039
0.001810
0.001951
0.002911
0.002023
0.000629
-0.000237
-0.001686
-0.002792
-0.002980
-0.001504
0.000099
0.001748
0.003403
0.003944
0.003001
0.001071
-0.000968
-0.002259
-0.003651
-0.004163
-0.003847
-0.002949
-0.001919
-0.000967
-0.000494
-0.000852
-0.001140
-0.001004
0.000514
0.000899
0.000835
0.000841
0.000872
0.000719
-0.000815
-0.002984
-0.004052
-0.004495
-0.004008
-0.002413
-0.001924
-0.000506
-0.000038
-0.000192
-0.000069
-0.000310
-0.000727
-0.000387
-0.000147
0.000090
-0.000304
-0.001410
-0.000717
-0.000903
-0.000507
-0.000057
-0.000166
-0.000108
-0.000171
0.000438
0.001114
0.001770
0.001858
0.001809
0.001305
0.000513
0.000012
-0.000824
-0.001130
-0.001138
-0.000971
0.000041
0.000820
0.001422
0.001545
0.001475
0.000979
0.000589
0.000040
0.000977
0.001970
0.002963
0.003785
0.003786
0.003655
0.002229
0.001020
-0.000390
-0.001046
-0.001294
-0.002100
-0.002072
-0.002127
-0.001931
-0.001086
-0.001152
-0.001066
-0.001179
-0.001013
-0.001781
-0.002121
-0.002114
-0.002430
-0.002983
-0.003668
-0.003400
-0.002821
-0.002168
-0.001891
-0.001140
-0.001097
-0.000635
0.000789
0.001794
0.001994
0.002806
0.002681
0.001628
0.000753
-0.000771
-0.001708
-0.002816
-0.002968
-0.001931
-0.000972
-0.000094
-0.000222
0.000516
0.000861
0.001016
0.001244
0.001132
0.001047
0.000570
-0.000581
-0.002047
-0.003173
-0.004301
-0.004825
-0.003994
-0.002271
-0.000952
0.000574
0.002105
0.002721
0.002870
0.002194
0.001164
0.000223
-0.000821
-0.001167
-0.001121
-0.000572
0.000146
0.000765
0.000898
0.000767
0.000936
0.000177
-0.000187
-0.000138
-0.000127
-0.000173
-0.000084
-0.000338
-0.001099
-0.001147
-0.001081
-0.001178
-0.001033
-0.001350
-0.002034
-0.002185
-0.001962
-0.002828
-0.002908
-0.002154
-0.001900
-0.001077
0.000691
0.001846
0.001837
0.001645
0.000817
0.000960
0.001988
0.002900
0.003959
0.005158
0.004872
0.004537
0.003774
0.003792
0.003286
0.003867
0.004760
0.004886
0.005643
0.004124
0.003124
0.002605
0.001216
0.000749
0.000839
0.001399
0.002350
0.002282
0.001853
0.002359
0.003030
0.004310
0.004894
0.004539
0.003230
0.002102
0.001201
0.000191
-0.000812
-0.001183
-0.001113
-0.001102
-0.001289
-0.002112
-0.002102
-0.002096
-0.002123
-0.002072
-0.002160
-0.001925
-0.001025
0.000069
0.000762
0.001034
0.001760
0.001986
0.002379
0.002119
0.001706
0.001922
0.001129
0.000811
0.000788
0.000928
0.000130
0.000009
0.000250
-0.000263
-0.000083
-0.000210
0.000418
0.001542
0.001813
0.001861
0.001179
0.000758
0.000855
0.000816
0.001237
0.001077
0.001781
0.001702
0.000726
0.000978
0.000083
0.000048
0.000210
-0.000219
-0.000230
-0.001767
-0.002190
-0.002046
-0.002174
-0.002028
-0.002218
-0.001854
-0.001235
-0.000884
-0.000243
-0.000017
-0.000474
-0.000381
-0.000789
-0.000607
0.000072
0.000986
0.001758
0.002020
0.002588
0.001861
0.001164
0.000801
0.000239
-0.000249
-0.000116
-0.000157
-0.000190
0.000353
-0.000694
-0.001353
-0.002267
-0.003055
-0.003289
-0.003886
-0.003226
-0.004095
-0.004070
-0.003511
-0.002831
-0.001307
-0.001751
-0.001244
-0.000519
0.000088
0.000769
0.000997
0.001806
0.001794
0.001813
0.001686
0.000629
-0.000239
-0.001370
-0.002036
-0.002218
-0.001857
-0.001247
-0.000456
-0.000143
-0.000105
-0.000359
-0.001085
-0.001321
-0.002005
-0.000513
0.000444
0.001538
0.001778
0.002005
0.002694
0.003053
0.003043
0.003393
0.003222
0.002706
0.002208
0.001736
0.001221
0.001269
0.002033
0.001068
0.000819
0.000799
0.000854
0.000359
0.000758
0.000840
0.000825
0.000700
-0.000340
-0.001141
-0.001114
-0.001183
-0.000954
-0.000164
-0.000145
-0.000187
-0.000099
-0.000361
-0.001082
-0.001747
-0.002209
-0.002054
-0.002175
-0.001947
-0.001005
0.000008
0.000852
0.000652
-0.000160
-0.000661
-0.002024
-0.003134
-0.003063
-0.003137
-0.002516
-0.001851
-0.001190
-0.001077
-0.001726
-0.002371
-0.003025
-0.003695
-0.004199
-0.003447
-0.002445
-0.002017
-0.002207
-0.001903
-0.001159
-0.001538
-0.001280
-0.000992
-0.001848
-0.002074
-0.002777
-0.002575
-0.001957
-0.002254
-0.001432
-0.001525
-0.001256
-0.001033
-0.001789
-0.002167
-0.002525
-0.002221
-0.002051
-0.002169
-0.002062
-0.002177
-0.002021
-0.002781
-0.003009
-0.002061
-0.001649
-0.000322
-0.000277
0.000578
0.000614
0.000476
0.000844
0.001402
0.001886
0.001868
0.002904
0.002082
0.001812
0.001176
0.001184
0.000906
0.001350
0.001931
0.002243
0.003153
0.003593
0.003924
0.003030
0.002804
0.002589
0.001806
0.001795
0.001780
0.001944
0.002394
0.002596
0.003074
0.003090
0.002727
0.002787
0.002783
0.002752
0.002828
0.002183
0.001150
0.000186
-0.000800
-0.001260
-0.000902
-0.000217
-0.000093
-0.000248
-0.000029
-0.000851
-0.001648
-0.002962
-0.002780
-0.002510
-0.001985
-0.001329
-0.002310
-0.002028
-0.002143
-0.002148
-0.001502
-0.001062
-0.001156
-0.001160
-0.000970
-0.000156
-0.000155
-0.000174
-0.000132
-0.000202
-0.000081
-0.000799
-0.001196
-0.001133
-0.000596
0.000141
0.000712
0.001455
0.001988
0.002833
0.002546
0.002410
0.002471
0.002042
0.001760
0.001845
0.001202
0.000692
0.001349
0.000805
0.001005
0.001761
0.002374
0.003032
0.003725
0.003760
0.003776
0.003603
0.002746
0.002828
0.002199
0.001123
0.000631
-0.000183
-0.000115
-0.000210
-0.000496
-0.000918
-0.001092
-0.001356
-0.001935
-0.001135
-0.001134
-0.001142
-0.001125
-0.001148
-0.001122
-0.001148
-0.001127
-0.001135
-0.001165
-0.000551
-0.000031
-0.000256
-0.000050
-0.000390
-0.001085
-0.001185
-0.001075
-0.001221
-0.000910
-0.000230
0.000469
0.000908
0.000753
0.001007
0.001393
0.001545
0.000854
0.000815
0.000710
-0.000257
0.000105
0.000188
-0.000238
-0.000104
-0.000215
0.000027
0.000824
0.000818
0.000423
0.000145
-0.000232
-0.000089
-0.000249
0.000496
0.000877
0.000808
0.000821
0.000838
0.000783
0.000992
0.001815
0.001779
0.001834
0.001735
0.002435
0.002824
0.003331
0.003896
0.003682
0.003287
0.002416
0.001965
0.001524
0.000918
0.000730
0.000525
0.000425
0.000612
0.000219
-0.000222
-0.000136
-0.000149
-0.000186
0.000007
0.000850
0.000776
0.001003
0.001398
0.001147
0.000182
-0.000253
-0.000051
-0.000807
-0.001183
-0.001134
-0.000583
0.000143
0.000310
0.000911
0.001905
0.001135
0.000817
0.000241
-0.000264
-0.000070
-0.000338
-0.000748
-0.000396
-0.000276
-0.001155
-0.001118
-0.001129
-0.001143
-0.001102
-0.001176
-0.001044
-0.001785
-0.002134
-0.002253
-0.003087
-0.003626
-0.004264
-0.003320
-0.003164
-0.002270
-0.001191
-0.002193
-0.002016
-0.002717
-0.003734
-0.004269
-0.005062
-0.004565
-0.005021
-0.004478
-0.003403
-0.002838
-0.002704
-0.003207
-0.002982
-0.003210
-0.002392
-0.002119
-0.001497
-0.001045
-0.001162
-0.001116
-0.001120
-0.001156
-0.001058
-0.001361
-0.001488
-0.001039
-0.001172
-0.001100
-0.001142
-0.001120
-0.001129
-0.001127
-0.001127
-0.001119
-0.001559
-0.001223
-0.001058
-0.001210
-0.000492
-0.000068
-0.000198
-0.000101
-0.000202
-0.000069
-0.000362
-0.001078
-0.001204
-0.000482
-0.000091
-0.000160
0.000242
0.000581
0.000294
-0.000304
0.000002
-0.000858
-0.000994
-0.000548
-0.000288
0.000089
0.000362
0.000771
0.000435
0.000699
0.000956
0.000559
0.000501
0.000894
0.000811
0.000835
0.000844
0.000801
0.000899
0.000201
-0.000214
-0.000121
-0.000142
-0.000188
0.000457
0.000948
0.000635
-0.000155
-0.000097
-0.000333
-0.001100
-0.001173
-0.000926
-0.000599
-0.000207
-0.000146
0.000002
0.000861
0.000810
0.000852
0.000821
0.000844
0.000825
0.000847
0.000801
0.001405
0.002394
0.001760
0.002053
0.002170
0.001721
0.001881
0.001235
0.000136
-0.000171
-0.000171
0.000449
0.000952
0.000747
0.000927
0.000708
0.001549
0.001250
0.000730
0.000890
0.000807
0.000838
0.000963
0.001883
0.001616
0.000848
0.000828
0.000850
0.000803
0.001003
0.001412
0.001660
0.002085
0.002163
0.001724
0.001878
0.001752
0.001892
0.001700
0.002512
0.002673
0.001797
0.001816
0.001843
0.001655
0.001218
0.001544
0.001854
0.001809
0.001800
0.002275
0.001863
0.001850
0.001196
0.000792
0.000280
-0.000266
-0.000068
-0.000176
-0.000150
0.000448
0.000925
0.001347
0.002007
0.001659
0.001985
0.001513
0.000993
0.000120
-0.000098
-0.000367
-0.000926
-0.000156
-0.000111
-0.000190
0.000044
0.000840
0.000828
0.000874
0.000266
-0.000397
-0.001082
-0.001124
-0.001140
-0.000951
-0.000145
0.000000
0.000474
0.000534
0.000073
0.000411
0.000711
0.001070
0.001760
0.001998
0.002804
0.002778
0.002853
0.002086
0.000518
0.000011
-0.000847
-0.000987
-0.000118
-0.000145
-0.000139
-0.000124
-0.000163
-0.000080
-0.000747
-0.001230
-0.000895
-0.000679
-0.001462
-0.001369
-0.001677
-0.002201
-0.002033
-0.002130
-0.002065
-0.002111
-0.002078
-0.002103
-0.002083
-0.002100
-0.002083
-0.002103
-0.002077
-0.002112
-0.002062
-0.002139
-0.002004
-0.002754
-0.003074
-0.003676
-0.004018
-0.002848
-0.002005
-0.000908
-0.000153
-0.000128
-0.000136
-0.000139
-0.000128
-0.000142
-0.000137
-0.000028
0.001048
0.001794
0.001840
0.002222
0.001970
0.001580
0.000897
0.000791
0.000903
0.000762
0.001055
0.001789
0.001855
0.001781
0.001870
0.001760
0.001912
0.001588
0.000931
0.000197
-0.000187
-0.000128
-0.000112
-0.000191
0.000064
0.000817
0.000472
0.000227
0.000960
0.000084
0.000538
0.000243
-0.000021
0.000293
-0.000261
-0.000062
-0.000177
-0.000108
-0.000144
-0.000145
0.000003
0.000901
0.000751
0.001503
0.001857
0.001861
0.001205
0.000777
0.000837
0.001431
0.001930
0.001361
0.001181
0.000754
0.000902
0.000801
0.000881
0.000811
0.000885
0.000380
0.000379
0.000596
0.000454
0.000991
0.000699
0.001543
0.001832
0.001855
0.001773
0.001489
0.001458
0.001577
0.001670
0.000878
0.000664
-0.000096
-0.000725
-0.001232
-0.000998
-0.001769
-0.002133
-0.002177
-0.003702
-0.004127
-0.003977
-0.004142
-0.003377
-0.003059
-0.002474
-0.002002
-0.002016
-0.000981
-0.001814
-0.001556
-0.000930
-0.001816
-0.001675
-0.002005
-0.002124
-0.002066
-0.002104
-0.002076
-0.002098
-0.002083
-0.002080
-0.002213
-0.003156
-0.002411
-0.002054
-0.001964
-0.001059
-0.001168
-0.001041
-0.001214
-0.000429
-0.000234
-0.001158
-0.001058
-0.001273
-0.002139
-0.001491
-0.000475
0.000133
0.000234
-0.000255
0.000085
0.000415
0.000609
0.000293
0.000522
0.001048
0.001951
0.002854
0.002739
0.002881
0.002690
0.003080
0.003117
0.002781
0.002246
0.001557
0.000892
0.000397
0.000740
0.001043
0.001816
0.001823
0.001825
0.001816
0.001842
0.001376
0.001346
0.001181
0.000745
0.001337
0.001311
0.000960
0.000626
-0.000080
-0.000729
-0.001245
-0.000879
-0.000187
0.000031
0.000892
0.000242
-0.000250
-0.000020
-0.000793
-0.001161
-0.001097
-0.001108
-0.001139
-0.000552
0.000570
0.000884
0.000840
0.000726
-0.000214
-0.000011
-0.000824
-0.001511
-0.001866
-0.001508
-0.000615
-0.000896
-0.000562
-0.000360
-0.000706
-0.000840
-0.000194
-0.000485
-0.000849
-0.001264
-0.002152
-0.002006
-0.002199
-0.001848
-0.001186
-0.000928
0.000299
-0.000459
-0.000819
-0.001749
-0.002169
-0.002071
-0.001956
-0.001505
-0.001240
-0.001033
-0.001174
-0.001064
-0.001153
-0.001079
-0.001142
-0.001087
-0.001136
-0.001090
-0.001139
-0.001077
-0.001178
-0.000892
-0.000729
-0.001235
-0.001013
-0.001323
-0.002081
-0.002067
-0.002261
-0.002643
-0.002992
-0.002568
-0.001772
-0.001207
-0.001041
-0.001177
-0.001061
-0.000753
-0.000825
-0.000202
-0.000084
-0.000199
0.000448
0.001529
0.001869
0.001801
0.001824
0.001830
0.001781
0.001999
0.002371
0.002696
0.002863
0.002746
0.002759
0.001500
0.001585
0.001194
0.001359
0.001951
0.001754
0.001844
0.001844
0.001223
0.000741
0.000893
0.000808
0.000860
0.000830
0.000843
0.000842
0.000834
0.000847
0.000835
0.000434
0.000592
-0.000114
-0.000144
-0.000141
-0.000128
-0.000157
-0.000512
-0.000457
-0.000451
-0.000103
0.000299
-0.000086
-0.000015
0.000880
0.000805
0.000867
0.000816
0.000860
0.000818
0.000861
0.000813
0.000871
0.000793
0.000913
0.000614
0.000031
0.000863
0.000696
-0.000210
0.000074
0.000392
0.000219
-0.000309
0.000166
0.000649
0.001751
0.002185
0.001885
0.002850
0.002761
0.002810
0.002790
0.002789
0.002806
0.002777
0.002818
0.002759
0.002855
0.002582
0.002392
0.002545
0.001960
0.002042
0.002273
0.002840
0.002107
0.001974
0.002205
0.001720
0.001845
0.001838
0.001217
0.000742
0.000790
-0.000424
-0.000458
-0.000518
-0.000258
-0.000079
-0.000187
-0.000113
-0.000158
-0.000148
-0.000098
-0.000759
-0.001194
-0.001123
-0.000541
-0.000031
-0.000206
-0.000112
0.000266
-0.000036
-0.000208
-0.000092
-0.000198
-0.000067
-0.000773
-0.001206
-0.001065
-0.001188
-0.000933
-0.000148
-0.000149
-0.000133
-0.000177
0.000024
0.000420
0.000715
0.000917
0.000754
0.000929
0.000610
-0.000102
-0.000189
-0.000089
-0.000633
-0.000176
-0.000174
0.000033
0.000718
-0.000238
-0.000006
-0.000867
-0.001066
-0.001322
-0.000020
0.000618
0.000230
0.001067
0.000671
0.000972
0.000190
-0.000789
-0.001209
-0.001079
-0.001150
-0.001118
-0.001107
-0.001590
-0.001149
-0.001702
-0.002219
-0.002029
-0.002162
-0.002051
-0.002155
-0.002048
-0.002179
-0.001898
-0.001153
-0.001095
-0.001171
-0.001047
-0.001767
-0.002164
-0.002090
-0.002080
-0.002673
-0.003350
-0.003591
-0.003973
-0.004143
-0.003841
-0.003152
-0.002454
-0.002033
-0.002131
-0.002107
-0.002064
-0.002710
-0.003178
-0.003030
-0.003115
-0.003082
-0.002544
-0.001810
-0.001206
-0.001061
-0.001196
-0.001049
-0.001235
-0.000867
-0.000777
-0.001240
-0.000498
-0.000056
-0.000222
-0.000066
-0.000360
-0.001098
-0.001169
-0.000965
-0.000126
-0.000189
-0.000097
-0.000239
0.000100
0.000196
-0.000224
-0.000119
-0.000564
-0.000830
-0.001191
-0.001095
-0.001157
-0.001097
-0.001183
-0.000935
-0.000598
-0.000220
-0.000556
-0.000252
-0.000116
-0.000046
0.000899
0.000737
0.001036
0.001782
0.001816
0.001795
0.001810
0.001801
0.001803
0.001808
0.001793
0.001825
0.001753
0.002410
0.002889
0.002700
0.003282
0.002812
0.002788
0.002769
0.002796
0.002776
0.002362
0.002675
0.002852
0.002722
0.002435
0.002455
0.002036
0.002744
0.002814
0.002748
0.002818
0.002742
0.002826
0.002731
0.002842
0.002702
0.002900
0.002088
0.001820
0.001599
0.000901
0.000164
-0.000154
-0.000370
-0.000488
-0.000661
-0.001284
-0.001043
-0.000785
-0.000842
-0.000210
-0.000125
-0.000158
-0.000279
-0.001193
-0.001056
-0.001239
-0.000867
-0.000801
-0.001186
-0.001147
-0.000548
-0.000439
-0.000915
-0.001131
-0.001159
-0.001089
-0.001213
-0.000482
-0.000530
-0.000266
-0.000100
-0.000189
-0.000137
-0.000160
-0.000167
-0.000114
-0.000338
-0.001117
-0.001172
-0.001044
-0.001821
-0.001559
-0.001440
-0.001727
-0.001127
-0.001154
-0.001116
-0.001147
-0.001124
-0.001140
-0.001130
-0.001137
-0.001132
-0.001134
-0.001139
-0.000714
-0.000596
-0.001116
-0.001111
-0.001591
-0.001613
-0.001255
-0.000878
-0.000786
-0.001211
-0.001098
-0.001152
-0.001129
-0.001129
-0.001155
-0.001080
-0.001748
-0.002205
-0.002054
-0.002164
-0.002056
-0.002196
-0.001470
-0.001071
-0.001159
-0.001130
-0.001113
-0.001290
-0.002136
-0.002088
-0.002134
-0.002089
-0.002150
-0.001955
-0.001100
-0.001186
-0.001058
-0.001273
-0.000280
0.000298
-0.000310
-0.000045
-0.000274
0.000503
0.000884
0.000775
0.001293
0.000872
0.000817
0.000805
0.000460
0.000061
0.000422
0.000916
0.000780
0.000836
0.000828
0.000789
0.000897
0.000169
-0.000179
-0.000319
-0.000700
-0.001072
-0.001022
-0.000106
-0.000203
-0.000112
-0.000215
0.000030
0.000403
0.000274
0.000811
0.000782
0.000994
0.001805
0.001792
0.001804
0.001796
0.001800
0.001800
0.001798
0.001803
0.001794
0.001808
0.001788
0.001815
0.001778
0.001819
0.001866
0.003075
0.002948
0.001717
0.001848
0.001755
0.001951
0.002835
0.002674
0.003059
0.003064
0.002919
0.003204
0.002614
0.003441
0.003850
0.003133
0.002670
0.003392
0.003898
0.003074
0.002763
0.002718
0.003437
0.003242
0.002622
0.002890
0.002675
0.002902
0.002101
0.001767
0.001791
0.001835
0.001632
0.000804
0.000851
0.000763
0.001436
0.001892
0.001745
0.001834
0.001794
0.001254
0.000636
0.001103
0.001702
0.001501
0.000986
0.001043
0.001192
0.000602
-0.000169
-0.000106
-0.000344
-0.001127
-0.001140
-0.001129
-0.001140
-0.001133
-0.001131
-0.001148
-0.001103
-0.001605
-0.001178
-0.001147
-0.001086
-0.001239
-0.000431
-0.000322
-0.000548
-0.000053
-0.000614
-0.000390
-0.000676
-0.000667
-0.000474
-0.000088
-0.000191
-0.000133
-0.000588
-0.000687
-0.000183
-0.000167
0.000271
0.000480
0.000970
0.000131
-0.000156
-0.000320
-0.001138
-0.001137
-0.001119
-0.001174
-0.000961
-0.000563
-0.000719
-0.000126
-0.000779
-0.000786
-0.000989
-0.001236
-0.001026
-0.001374
-0.001627
-0.002073
-0.001687
-0.002019
-0.002165
-0.002067
-0.002157
-0.002063
-0.002169
-0.002039
-0.002218
-0.001844
-0.001781
-0.002170
-0.002096
-0.002109
-0.002131
-0.002066
-0.002288
-0.003092
-0.003085
-0.003092
-0.003488
-0.003373
-0.003443
-0.003411
-0.003288
-0.002791
-0.002341
-0.003051
-0.002723
-0.002372
-0.002083
-0.002113
-0.002119
-0.001698
-0.001446
-0.001047
-0.001200
-0.001065
-0.001209
-0.001039
-0.001266
-0.000826
-0.000872
-0.000965
-0.000338
-0.000564
-0.000019
-0.000253
-0.000061
-0.000270
0.000114
0.000582
0.000457
0.000924
0.000758
0.000882
0.000752
0.001021
0.001787
0.001817
0.001778
0.001841
0.001728
0.002038
0.002162
0.001715
0.001850
0.002083
0.000858
0.000878
0.000587
0.000476
0.000884
0.000827
0.000764
0.001063
0.001171
0.000763
0.000830
0.000857
0.000743
0.001077
0.001562
0.001446
0.001882
0.001767
0.001818
0.001798
0.001800
0.001809
0.001793
0.001812
0.001794
0.001807
0.001809
0.001762
0.002815
0.003038
0.002029
0.001855
0.001167
0.000761
0.000848
0.000816
0.000826
0.000829
0.000816
0.000837
0.000809
0.000844
0.000803
0.000849
0.000797
0.000852
0.000798
0.000443
0.000552
-0.000099
-0.000197
-0.000108
-0.000208
-0.000070
-0.000390
-0.000524
-0.000044
-0.000232
-0.000076
-0.000240
-0.000035
-0.000431
-0.000876
-0.000778
-0.001225
-0.000647
-0.001078
-0.001147
-0.001134
-0.001092
-0.001336
-0.001106
-0.000873
-0.001461
-0.001443
-0.001040
-0.001755
-0.002196
-0.002056
-0.002159
-0.001951
-0.001483
-0.001907
-0.001510
-0.001059
-0.001142
-0.001165
-0.000952
-0.000160
-0.000151
0.000354
0.001202
0.001464
0.001153
0.001054
0.001461
0.001269
0.000712
0.000872
0.000813
0.000808
0.000885
0.000198
-0.000225
-0.000121
-0.000167
-0.000150
-0.000147
-0.000178
-0.000004
0.000870
0.000744
0.001065
0.001186
0.000737
0.000863
0.001233
0.000932
0.000765
0.000867
0.000793
0.001248
0.001490
0.001877
0.001760
0.001829
0.001796
0.001370
0.001719
0.001829
0.001824
0.001206
0.001144
0.001407
0.001254
0.000937
0.000751
0.001297
0.000923
0.000189
0.000190
0.000106
0.000824
0.000357
0.000401
0.000073
0.000047
0.000168
0.000391
0.000805
-0.000253
-0.000085
-0.000199
-0.000131
-0.000153
-0.000196
0.000454
0.000915
0.000775
0.000855
0.000805
0.000434
0.000139
-0.000223
-0.000099
-0.000224
0.000044
0.000806
0.000841
0.000796
0.000877
0.000221
-0.000275
-0.000033
-0.000833
-0.001152
-0.001171
-0.001033
-0.001839
-0.001535
-0.001066
-0.001099
-0.001783
-0.001990
-0.001680
-0.002247
-0.002030
-0.002163
-0.002083
-0.002109
-0.002247
-0.003143
-0.002915
-0.002091
-0.002149
-0.002060
-0.002185
-0.001997
-0.002402
-0.002388
-0.002666
-0.003202
-0.003031
-0.003127
-0.003063
-0.003110
-0.003072
-0.003109
-0.003066
-0.003122
-0.003044
-0.003162
-0.002969
-0.003401
-0.003321
-0.003744
-0.003470
-0.003638
-0.003582
-0.003073
-0.003784
-0.003738
-0.003164
-0.003081
-0.002527
-0.001982
-0.002200
-0.002046
-0.002171
-0.002060
-0.002168
-0.002050
-0.002609
-0.002137
-0.002151
-0.001937
-0.001138
-0.001133
-0.001145
-0.001124
-0.000745
-0.000867
-0.000216
-0.000102
-0.000240
0.000064
0.000346
0.000366
0.000146
0.000183
0.000546
0.000877
0.000766
0.000898
0.000580
0.000459
0.000492
0.000626
0.001514
0.001824
0.001796
0.001789
0.001806
0.001782
0.001811
0.001775
0.001823
0.001746
0.001974
0.002775
0.002773
0.002770
0.002785
0.002754
0.002807
0.002710
0.002982
0.003285
0.003705
0.003720
0.004357
0.004815
0.004691
0.004737
0.004760
0.004135
0.003626
0.003959
0.004321
0.004036
0.004103
0.004447
0.004391
0.003996
0.003733
0.004137
0.004454
0.004758
0.004739
0.004583
0.003702
0.003828
0.003111
0.002700
0.002802
0.002750
0.002787
0.002333
0.002670
0.002440
0.002012
0.001810
0.001724
0.001905
0.001094
0.000838
0.000583
0.000054
0.000206
-0.000265
-0.000113
-0.000204
-0.000142
-0.000188
-0.000153
-0.000182
-0.000156
-0.000184
-0.000140
-0.000319
-0.001193
-0.001065
-0.001790
-0.002187
-0.002103
-0.002133
-0.002130
-0.002113
-0.002149
-0.002092
-0.002176
-0.002046
-0.002362
-0.002918
-0.002133
-0.002119
-0.002142
-0.002108
-0.002153
-0.002100
-0.002162
-0.002080
-0.002293
-0.003156
-0.002495
-0.002035
-0.002186
-0.002087
-0.002163
-0.002106
-0.002148
-0.002120
-0.002131
-0.002140
-0.002105
-0.002192
-0.001507
-0.001075
-0.001192
-0.001131
-0.001169
-0.001145
-0.001159
-0.001152
-0.001154
-0.001157
-0.001149
-0.001175
-0.001018
-0.000116
-0.000281
0.000097
0.000117
0.000355
0.000932
0.000720
0.000856
0.000757
0.000829
0.000776
0.000813
0.000791
0.000796
0.000808
0.000776
0.000834
0.000724
0.001433
0.001841
0.001750
0.001779
0.001785
0.001746
0.001835
0.001555
0.000974
0.001346
0.001674
0.001826
0.001734
0.001803
0.001743
0.001803
0.001724
0.001947
0.002345
0.002583
0.003464
0.003173
0.002628
0.002418
0.002435
0.001867
0.001656
0.002440
0.002774
0.002789
0.002129
0.002106
0.001937
0.001520
0.000841
0.000739
0.000860
0.000578
0.000271
-0.000133
-0.000177
-0.000778
-0.000863
-0.000973
-0.001347
-0.000844
-0.000893
-0.001162
-0.001342
-0.002145
-0.002155
-0.002137
-0.002165
-0.002131
-0.002169
-0.002129
-0.002171
-0.002129
-0.002172
-0.002130
-0.002171
-0.002132
-0.002172
-0.002120
-0.002295
-0.003207
-0.002472
-0.002234
-0.002794
-0.002397
-0.002129
-0.002163
-0.002143
-0.001772
-0.001440
-0.001576
-0.001276
-0.001123
-0.001633
-0.001687
-0.001229
-0.001154
-0.001615
-0.001286
-0.001079
-0.001422
-0.001241
-0.001618
-0.001540
-0.001068
-0.001274
-0.001065
-0.001461
-0.001077
-0.001027
-0.001262
-0.001121
-0.001248
-0.000996
-0.000608
-0.000475
-0.000701
-0.001131
-0.001197
-0.001187
-0.001169
-0.001224
-0.001015
-0.000197
-0.000219
-0.000198
-0.000217
-0.000198
-0.000222
-0.000189
-0.000242
-0.000145
-0.000433
-0.000586
-0.000102
-0.000280
-0.000154
-0.000262
0.000241
0.000405
0.000621
0.001023
0.000316
0.000544
0.000191
0.000484
0.000805
0.000764
0.000728
0.000956
0.001195
0.000452
0.000423
0.000866
0.000660
0.000999
0.001669
0.001845
0.001468
0.001418
0.001783
0.001743
0.001710
0.001791
0.001650
0.001982
0.002520
0.001754
0.001718
0.001762
0.001708
0.001767
0.001711
0.001338
0.001603
0.001835
0.001636
0.001846
0.001591
0.002044
0.002011
0.001853
0.002741
0.002692
0.002729
0.002696
0.002731
0.002686
0.002751
0.002242
0.002238
0.002596
0.002841
0.002409
0.002444
0.002142
0.001638
0.001353
0.001170
0.001727
0.001272
0.001696
0.001158
0.001051
0.000937
0.000617
0.000865
0.000645
0.000844
0.000667
0.000410
0.000862
-0.000023
-0.000506
-0.001132
-0.001272
-0.001150
-0.001262
-0.001159
-0.001254
-0.001167
-0.001250
-0.001172
-0.001247
-0.001175
-0.001246
-0.001176
-0.001246
-0.001176
-0.001249
-0.001172
-0.001258
-0.001148
-0.001402
-0.002188
-0.002178
-0.002634
-0.002273
-0.002152
-0.002217
-0.002177
-0.002197
-0.002196
-0.002175
-0.002229
-0.002119
-0.002834
-0.003228
-0.003162
-0.003153
-0.003228
-0.002960
-0.002359
-0.003190
-0.003157
-0.003186
-0.003163
-0.003185
-0.003160
-0.003195
-0.003140
-0.003644
-0.003221
-0.003189
-0.003023
-0.002165
-0.002658
-0.002268
-0.002164
-0.002225
-0.002176
-0.002218
-0.002186
-0.002199
-0.002633
-0.002286
-0.002161
-0.002214
-0.002225
-0.001612
-0.001109
-0.001295
-0.001168
-0.001269
-0.001187
-0.001255
-0.001199
-0.001247
-0.001203
-0.001256
-0.001079
-0.000189
-0.000364
0.000160
0.001096
0.001057
0.000891
0.000618
0.000830
0.000613
0.000976
0.001622
0.001917
0.002652
0.002724
0.002631
0.002774
0.002033
0.001651
0.001724
0.001683
0.002259
0.002883
0.001948
0.001729
0.002451
0.002210
0.001810
0.002464
0.001993
0.001911
0.002418
0.002408
0.002099
0.001646
0.001664
0.001927
0.002464
0.002294
0.002813
0.002449
0.002166
0.001765
0.001691
0.001257
0.001653
0.001557
0.001139
0.000807
0.000721
0.000538
0.000324
0.000425
0.000417
-0.000206
-0.000258
-0.000403
-0.001262
-0.000811
-0.000989
-0.000722
-0.000329
-0.000226
-0.000282
-0.000230
-0.000713
-0.000734
-0.000897
-0.001361
-0.000591
-0.000180
-0.000319
-0.000196
-0.000342
-0.000140
-0.000553
-0.000551
-0.000680
-0.000313
-0.000293
-0.000067
0.000665
0.000922
0.001537
0.000694
0.000739
0.000691
0.000751
0.000248
0.000668
0.000701
0.000877
0.001696
0.001716
0.001532
0.000707
0.000715
0.000730
0.000682
0.000771
0.000615
0.000990
0.000606
0.000568
0.000782
0.000668
0.000755
0.000659
0.001223
0.000175
-0.000401
-0.000159
-0.000477
-0.001230
-0.001233
-0.001290
-0.000631
-0.000177
-0.000308
-0.000249
-0.000250
-0.000421
-0.001259
-0.001237
-0.001232
-0.001292
-0.000634
-0.000168
-0.000343
-0.000079
0.000316
0.000015
-0.000314
-0.000246
-0.000278
-0.000259
-0.000272
-0.000263
-0.000270
-0.000264
-0.000270
-0.000264
-0.000270
-0.000263
-0.000271
-0.000262
-0.000275
-0.000252
-0.000308
0.000323
0.000839
0.000598
0.000855
0.000394
0.000466
0.000103
-0.000191
0.000746
0.000733
0.000087
0.000215
0.000494
0.000296
0.000464
0.000709
0.000742
0.000659
0.000795
0.000062
-0.000319
-0.000273
-0.000121
0.000737
0.000686
0.000726
0.000708
0.000281
0.000614
0.000768
0.000659
