-0.000062
0.000078
-0.000119
-0.000109
0.000061
0.000453
-0.000195
0.000421
0.001175
-0.000230
-0.001250
-0.000777
-0.000756
0.001397
-0.001496
-0.002250
0.002419
0.000205
0.005229
0.001214
-0.013600
-0.002051
0.003173
-0.004857
-0.003411
0.001950
0.023413
0.015371
-0.017108
-0.020945
0.016642
0.012619
-0.012056
-0.012337
0.019243
0.009156
-0.018183
-0.005711
0.001539
-0.020011
0.031462
0.028721
-0.007355
-0.022689
-0.027707
-0.007363
0.063553
-0.025514
-0.034033
0.025068
0.030700
-0.029737
0.009365
0.019801
0.009395
-0.011442
-0.052679
-0.006417
0.005667
0.000520
-0.013154
0.019622
0.017402
-0.019999
-0.027876
0.013856
0.035936
0.028297
-0.041153
-0.003866
0.053319
0.027150
0.031005
0.014790
-0.035925
0.002222
-0.066898
-0.131113
-0.055087
-0.006094
0.017140
0.040580
0.042718
0.028644
0.080182
0.001309
-0.052563
-0.041869
-0.028906
0.020389
0.092561
0.033120
-0.040586
0.028449
0.090992
-0.026137
-0.046447
-0.037250
0.039397
-0.041615
-0.065086
-0.007315
0.023886
0.007562
-0.014571
0.015052
-0.005309
-0.026233
0.010884
0.107391
0.023163
0.008523
0.003929
0.021811
-0.015772
-0.016452
-0.038161
-0.003753
-0.015645
-0.060946
-0.027316
-0.031394
0.037005
0.038562
0.036798
-0.015069
-0.018278
-0.028852
0.005659
0.073274
0.034211
-0.038610
-0.045951
-0.056284
-0.018806
0.052071
-0.012679
-0.014585
0.003684
-0.014104
0.044989
-0.045337
-0.023200
0.060380
0.070641
0.029884
0.057044
-0.039142
-0.068689
-0.027959
-0.056304
0.035335
0.056426
-0.027080
-0.022235
0.046797
0.014533
-0.003176
-0.006346
-0.021626
0.010883
-0.029288
-0.024629
-0.009547
0.078001
-0.010516
-0.006968
-0.039604
-0.045136
-0.017487
0.038305
0.029578
0.052663
0.066492
0.023411
-0.006344
-0.078064
-0.113020
-0.034001
-0.020977
0.017272
0.088553
-0.012057
0.020342
0.094448
0.038742
-0.055315
-0.009309
0.015146
0.022474
-0.003642
-0.035160
-0.023745
0.002371
-0.012387
-0.017116
-0.014666
-0.089866
-0.104165
0.054024
0.060721
0.005920
0.008878
0.039112
0.053283
0.068102
0.008560
-0.051860
0.000611
0.004442
-0.031605
-0.034961
-0.028754
-0.017811
0.040980
0.078102
0.029430
-0.054432
-0.013005
0.026759
-0.013862
-0.071621
-0.014353
0.017336
0.000777
-0.005991
0.065230
0.047733
-0.030011
-0.003000
-0.003454
0.006884
-0.010597
-0.032714
-0.004840
0.027014
0.014341
-0.029028
-0.032259
-0.016480
0.007989
0.042537
0.020037
-0.013469
0.001212
0.040856
0.008956
-0.048952
-0.054351
-0.033680
-0.001429
0.029608
0.046730
-0.008733
-0.009816
0.035178
0.020999
-0.017810
-0.047254
-0.026668
0.066866
0.079894
-0.047735
-0.067533
0.013412
0.026314
-0.029444
-0.039406
0.038247
0.057517
0.000808
-0.014875
0.003094
-0.005377
-0.024421
-0.013010
-0.002271
-0.000102
0.013498
-0.013186
-0.014253
0.011146
0.014931
-0.008171
-0.010127
0.010310
0.032480
0.021424
-0.011080
-0.021419
-0.012334
0.045715
0.028232
-0.043923
-0.035345
0.007956
0.018010
0.000176
-0.022163
-0.017231
0.028951
0.019404
-0.042624
-0.005401
0.036903
-0.007620
-0.020860
0.008963
0.028310
-0.013888
-0.039644
-0.015153
0.030636
0.005446
-0.006478
0.012362
0.018614
0.011952
0.006270
-0.000679
-0.016606
-0.016960
-0.017031
-0.018734
0.004722
0.014413
0.016574
0.025938
0.003673
-0.004620
0.014872
-0.015737
-0.042680
-0.009754
-0.006092
-0.019233
0.013691
0.008097
-0.005410
0.013048
0.017039
0.018734
-0.006751
-0.002768
-0.001723
0.006353
-0.001739
-0.007116
-0.005336
0.007116
0.014954
0.001401
-0.030823
-0.023085
0.010103
-0.008276
-0.021211
-0.016606
0.012710
0.037812
0.029418
0.022341
0.013296
0.014457
0.001595
-0.022047
-0.019706
-0.018862
-0.020010
-0.017279
0.018056
0.028692
0.013227
0.005041
-0.005999
0.002208
0.000007
-0.003910
0.003769
-0.007089
0.006599
-0.000625
-0.015130
-0.007898
0.010933
0.008256
0.007998
-0.007273
-0.018259
-0.000235
-0.005516
0.006493
0.021609
-0.008805
-0.021746
-0.021787
-0.018586
0.003159
0.017601
0.005157
0.000316
-0.001345
0.004657
-0.002601
-0.025682
-0.026983
0.002278
0.013434
0.009542
0.017739
0.022410
0.019733
0.003774
0.009208
0.004810
0.000593
0.003207
0.003771
-0.001999
0.005649
0.002928
0.000855
-0.003599
-0.007706
-0.009450
-0.000749
0.013547
0.010030
0.012093
-0.005977
-0.017336
-0.001967
-0.004919
-0.012332
-0.019931
-0.015678
0.003751
0.006079
0.005805
0.006946
0.000209
0.000254
-0.011329
-0.023134
-0.004742
0.005467
0.000824
-0.001771
-0.002769
0.009352
0.019957
0.020894
0.002628
-0.013569
-0.013547
0.003560
-0.001703
-0.014810
-0.008693
0.000811
0.005859
0.004395
0.007712
0.017069
0.008660
-0.009841
-0.005191
0.001759
0.006022
0.002177
0.004057
0.017376
0.014069
-0.012940
-0.021667
-0.005804
-0.013965
-0.006191
0.004433
-0.002417
0.010974
0.003242
-0.001296
0.011067
0.014416
-0.005662
0.005357
0.006118
-0.010318
-0.017273
-0.021573
0.006890
0.022242
-0.002749
-0.011161
0.005485
-0.003010
-0.008831
-0.003779
-0.001361
-0.006994
-0.010509
0.004069
0.025570
0.018515
0.000464
0.003306
0.017557
0.014937
-0.013903
-0.025429
0.006952
0.010341
-0.016315
-0.025900
-0.009043
0.006560
0.007490
-0.004052
-0.007522
0.005452
0.004611
-0.010439
-0.014047
-0.004355
-0.003434
0.006713
0.019100
0.012508
0.001921
0.020117
0.009422
0.005005
-0.000016
-0.016665
-0.013396
-0.007248
-0.011121
0.005410
0.010994
-0.002918
0.002220
0.008126
0.002777
0.001786
-0.003382
-0.006892
-0.001623
-0.003447
-0.013025
-0.000799
-0.003125
-0.015509
0.001681
0.009486
-0.000270
0.003960
0.008521
0.015284
0.005777
-0.010970
0.001957
0.011619
0.001615
-0.005880
-0.002118
-0.003896
-0.003658
0.000945
0.011071
0.026202
0.019492
-0.003799
-0.005536
-0.010094
-0.009953
-0.007367
-0.013221
0.003441
0.024462
0.013151
-0.005023
-0.008542
-0.006035
-0.007687
-0.010217
-0.015024
0.002295
0.017295
0.004526
-0.006599
-0.001722
-0.013769
-0.015055
-0.016548
-0.022085
-0.014681
0.006851
0.016511
0.012785
0.006544
0.000240
-0.000103
-0.004489
-0.011320
-0.013439
0.000767
0.002886
0.005995
0.011855
0.012275
0.012352
0.016991
0.006028
-0.004578
-0.007150
-0.002167
0.000868
0.003626
0.009845
0.010316
0.004830
0.005381
0.007331
0.001076
-0.004312
-0.003592
-0.000973
0.003722
0.001153
-0.003239
-0.007245
-0.003590
-0.002867
0.003720
0.000230
-0.002566
0.001891
-0.004146
-0.010606
-0.002168
0.001397
0.001834
0.000912
-0.007927
-0.001283
0.009802
0.000653
-0.005816
0.001691
-0.007433
-0.006712
-0.001931
-0.013039
-0.011532
-0.001267
0.009328
0.003101
-0.009607
-0.009614
0.003051
0.011364
-0.000990
-0.008677
0.001098
0.008871
0.004431
-0.000362
-0.003490
-0.001588
0.002508
0.005123
0.011650
0.015716
0.012167
0.015429
-0.002889
-0.007833
-0.000792
-0.000969
-0.003846
0.006890
0.004513
0.001327
0.007224
0.004480
0.002725
-0.001426
-0.009833
-0.005665
-0.001171
-0.006018
-0.004361
-0.002286
-0.006457
-0.009749
-0.005905
0.000802
0.001816
0.009566
0.012093
-0.006263
-0.019518
-0.014702
-0.002882
0.000716
-0.003794
-0.003353
0.006744
0.012937
0.005240
0.009325
0.011876
0.010063
-0.003490
-0.012632
-0.004327
0.004271
-0.000361
-0.006845
-0.007737
-0.004804
0.005442
0.005878
-0.001673
0.005512
0.002362
-0.005175
-0.006615
-0.000663
0.000933
-0.001753
0.002123
-0.001536
0.001714
0.004970
0.007246
0.001455
-0.001193
-0.002165
-0.001989
-0.006178
-0.008616
-0.004876
0.002461
0.007568
-0.000000
-0.000619
-0.000296
-0.003749
-0.006454
-0.003603
0.008016
0.014292
0.005869
0.004514
0.003635
0.003140
-0.000098
-0.007180
-0.011067
0.002735
0.007873
-0.000508
-0.003376
0.001184
0.005344
0.000971
-0.005334
-0.003541
0.000251
-0.001468
0.000743
-0.002159
-0.005749
-0.005125
-0.001433
0.000616
0.000855
-0.002959
-0.001994
0.002260
0.000457
-0.005193
-0.001923
0.005300
0.005821
0.001566
-0.003447
0.000577
-0.000097
0.000595
0.000388
0.003686
0.006795
0.004196
-0.000796
-0.004353
0.001270
-0.001725
-0.002278
0.001825
0.001500
0.000239
0.005319
0.005414
0.003172
0.005160
0.002716
-0.005665
-0.004642
-0.003903
-0.005420
-0.002365
-0.000080
0.001023
0.006053
-0.001670
-0.005111
0.001369
0.005073
0.004948
-0.002196
-0.003328
0.002647
-0.003431
-0.006315
0.003724
0.004504
0.000524
0.000904
0.002137
0.004342
0.004402
-0.005386
-0.004360
0.000652
-0.005549
-0.008195
-0.003101
0.004253
0.006939
0.000303
-0.000992
0.007212
0.000611
-0.006818
-0.006419
-0.008210
-0.006686
-0.001565
-0.001775
0.001375
0.000180
0.007454
0.008401
-0.006039
-0.009198
-0.000426
0.003347
0.001126
-0.002004
-0.002874
0.002433
0.001991
-0.006113
-0.004123
-0.003858
-0.000869
0.000048
0.002834
0.004810
0.003573
0.000867
0.003491
0.004895
0.000747
-0.003983
-0.002794
0.002721
0.003687
0.000951
0.001248
0.002271
0.001578
0.001193
-0.003973
-0.002839
0.004400
0.005642
0.000027
-0.001750
0.002375
0.001353
-0.004069
-0.009643
-0.001706
0.003721
0.004084
0.005279
0.005734
0.002439
0.002272
0.004766
0.000231
-0.001185
-0.001073
0.001343
0.003243
-0.001579
-0.005100
-0.002494
-0.004466
-0.004082
0.000571
-0.003104
0.000785
0.008461
0.006095
0.001400
-0.000800
0.003155
0.007422
-0.002646
-0.001781
0.000905
0.000280
-0.002236
-0.002521
-0.005528
-0.002779
0.001929
0.001655
0.000239
-0.003089
-0.002087
0.002817
-0.001398
-0.007874
-0.005014
-0.005163
-0.006544
-0.001703
-0.004591
-0.004055
0.003438
0.000826
-0.005581
-0.001940
-0.001757
-0.003078
-0.002656
-0.003752
0.000014
-0.000783
-0.003016
-0.001035
0.006816
0.007024
0.005894
0.006460
0.004580
0.003763
-0.001285
0.003290
0.000752
-0.003785
-0.004200
-0.000900
0.003246
0.004812
0.003193
0.003925
0.007869
0.006134
0.004021
0.000629
0.002790
-0.000933
-0.004706
-0.001469
0.002065
-0.000398
-0.002555
0.000324
0.003289
0.005015
-0.002317
-0.006546
-0.003381
-0.001126
-0.002114
-0.000778
0.001612
0.000249
0.000016
0.003578
0.001939
0.000082
0.002973
0.002885
-0.004044
-0.008787
-0.003882
-0.002235
-0.004678
-0.005527
-0.003169
-0.002781
0.000165
0.000712
0.000071
-0.000297
0.000945
0.000206
-0.001311
-0.000680
0.001333
0.003372
0.005014
0.001638
-0.001685
-0.002241
-0.002609
0.001688
0.001764
0.004311
0.004591
0.000185
-0.001476
-0.000302
0.000870
0.000452
-0.003017
-0.003688
0.000403
0.003664
0.003282
0.004348
0.004190
0.001281
-0.002509
-0.004100
-0.001288
0.000041
-0.000098
-0.002601
-0.005490
-0.003807
-0.001224
-0.004197
-0.006542
-0.002965
0.000633
0.006814
0.005055
0.000373
0.000427
0.004621
0.005729
0.002920
-0.000235
-0.001561
0.002430
0.006459
0.005256
-0.000722
-0.000901
0.001423
-0.000244
-0.003505
-0.001724
0.002023
0.003272
0.002860
0.004150
0.003116
-0.001926
-0.004065
-0.002478
-0.002444
-0.002034
-0.005771
-0.004073
-0.001721
-0.001182
-0.000978
-0.000301
-0.001690
-0.002978
-0.004022
-0.002362
-0.000728
-0.002669
-0.003775
-0.000248
0.002418
-0.003142
-0.005701
0.000825
0.005775
0.003805
-0.000147
-0.001252
0.002009
-0.000540
-0.000624
0.001314
0.002114
0.002925
0.003608
0.000198
0.000497
0.000649
0.001835
0.002403
0.001084
-0.000292
0.001452
0.001098
-0.002345
-0.000375
0.002050
0.003839
0.005876
0.001840
-0.001813
-0.000338
0.000884
0.001042
-0.000399
-0.003298
-0.001974
0.000661
-0.001278
-0.004187
-0.003021
0.000839
0.002192
0.000144
-0.001535
-0.000818
0.000994
-0.001328
-0.002153
-0.000601
0.000715
0.000495
0.001323
0.003387
0.002127
0.001119
0.004212
0.004034
0.000565
-0.001711
0.000704
0.000815
-0.000160
0.000227
-0.001386
0.000472
0.000046
-0.002216
-0.003941
-0.001675
-0.000624
-0.002678
-0.005718
-0.003192
-0.000115
-0.001894
-0.001397
-0.000705
-0.003051
-0.004341
-0.004945
-0.003467
-0.001639
-0.000228
0.002350
0.003313
-0.000600
-0.003474
-0.002685
0.000369
-0.000391
-0.002956
-0.000112
0.002039
0.003580
0.004860
0.006389
0.005133
0.002264
0.000593
0.003506
0.004874
0.000842
-0.001189
0.001599
0.005567
0.003563
0.001381
0.002037
0.004731
0.004352
0.002145
-0.001581
-0.003480
-0.001760
0.001040
-0.000372
-0.000013
0.001186
0.000828
0.002517
0.001295
-0.001942
-0.001650
-0.001290
-0.002749
-0.001371
-0.000195
0.000998
-0.001158
-0.002821
-0.004133
-0.004645
-0.002957
-0.001158
-0.001692
-0.001542
-0.000628
-0.004450
-0.004740
-0.002017
-0.001856
-0.006179
-0.005820
-0.002504
-0.001609
-0.002396
-0.001521
0.001545
0.001374
-0.000508
-0.000899
0.001623
0.002997
0.001805
0.000791
0.002680
0.006294
0.007430
0.005138
0.002011
0.003764
0.004997
0.003402
0.002947
0.004082
0.005056
0.004279
0.002686
0.002496
0.003150
0.000879
-0.002729
-0.001883
0.000935
-0.001720
-0.002813
-0.003368
-0.005713
-0.005466
-0.004357
-0.004062
-0.003154
-0.001455
-0.000067
-0.002546
-0.001917
-0.002982
-0.003354
-0.003175
-0.001090
0.000497
0.002576
0.000206
0.001570
0.003096
0.003087
0.000177
0.001942
0.003517
0.002678
0.001107
-0.000150
-0.001329
-0.003683
-0.001927
-0.001262
-0.002168
-0.002303
-0.001963
-0.000207
0.000539
-0.001465
-0.002793
0.000521
0.000585
-0.002315
-0.000577
0.001339
0.001234
0.000007
0.000827
0.002683
0.002698
0.002625
0.002655
0.001419
0.000174
0.001680
0.003635
0.003597
0.002388
0.002193
0.000979
-0.000029
-0.001745
-0.000258
-0.001051
-0.000066
-0.000035
0.000180
-0.000226
-0.000216
-0.001907
-0.002729
-0.002881
-0.002643
-0.001383
0.000326
-0.000984
-0.001486
-0.000510
0.000228
0.001203
0.001062
0.001655
0.003123
0.003322
0.001652
0.000666
-0.001987
-0.002823
-0.002204
-0.002786
-0.001528
-0.000905
-0.000659
0.000093
-0.000299
-0.000240
-0.000205
-0.000426
-0.000465
0.000318
0.000537
0.001122
0.001373
0.000527
-0.000185
-0.000441
0.000237
0.000601
0.000201
-0.000020
0.000356
0.000223
-0.000294
-0.000520
0.000249
0.000384
-0.000043
0.000084
0.000396
0.000432
0.000276
-0.000194
-0.000139
-0.000091
-0.000042
-0.000022
0.000130
0.000144
0.000037
-0.000097
-0.000282
-0.000299
-0.000150
-0.000122
-0.000046
-0.000026
-0.000048
-0.000038
0.000008
0.000008
0.000000
-0.000003
0.000030
0.000067
0.000099
0.000079
0.000053
0.000041
0.000038
0.000030
0.000023
0.000018
0.000018
0.000014
0.000010
0.000005
0.000002
-0.000000
-0.000003
-0.000005
-0.000007
-0.000009
-0.000010
-0.000011
-0.000012
-0.000013
