0.000137
0.000206
0.000289
0.000277
0.000261
0.000238
0.000230
0.000251
0.000314
0.000403
0.000476
0.000514
0.000503
0.000444
0.000383
0.000356
0.000381
0.000462
0.000553
0.000620
0.000645
0.000589
0.000454
0.000294
0.000183
0.000226
0.000445
0.000699
0.000858
0.000865
0.000715
0.000490
0.000270
0.000094
-0.000009
-0.000070
-0.000065
0.000129
0.000556
0.001162
0.001717
0.002027
0.002183
0.002173
0.001935
0.001490
0.000819
0.000128
-0.000333
-0.000616
-0.000853
-0.001138
-0.001440
-0.001736
-0.002240
-0.003056
-0.003895
-0.004053
-0.002975
-0.001010
0.000940
0.002115
0.002243
0.001602
0.000867
0.000754
0.001213
0.001533
0.001206
0.000289
-0.000671
-0.000759
0.000273
0.001357
0.001341
0.000017
-0.002156
-0.004701
-0.006925
-0.007410
-0.005016
-0.001432
0.000595
0.001170
0.001689
0.003111
0.005591
0.008119
0.009572
0.008692
0.004539
-0.002119
-0.008887
-0.012051
-0.009430
-0.003519
0.001862
0.005396
0.006399
0.003404
-0.003060
-0.008994
-0.010448
-0.007157
-0.002065
0.001857
0.003952
0.004359
0.002095
-0.003091
-0.008730
-0.011321
-0.008751
-0.002052
0.005059
0.009632
0.011022
0.009418
0.005876
0.002595
-0.000489
-0.004485
-0.007931
-0.009903
-0.011045
-0.010192
-0.004743
0.004574
0.012251
0.014709
0.013193
0.008993
0.002201
-0.005270
-0.009578
-0.007831
0.000895
0.012083
0.017103
0.012369
0.001481
-0.008353
-0.012840
-0.011806
-0.004833
0.003804
0.007100
0.004681
-0.001962
-0.011704
-0.019194
-0.019338
-0.011015
0.000398
0.004326
-0.001901
-0.011071
-0.016055
-0.014039
-0.007571
-0.002084
0.000200
0.001312
0.003965
0.008303
0.009882
0.004893
-0.003441
-0.008234
-0.006258
-0.000016
0.006998
0.014163
0.019592
0.016516
0.002322
-0.013157
-0.017309
-0.009467
0.000261
0.004033
0.001473
-0.003576
-0.006668
-0.006563
-0.004525
-0.000513
0.005680
0.011474
0.011082
0.002802
-0.006492
-0.011154
-0.010802
-0.005656
0.002862
0.010486
0.013999
0.013910
0.012233
0.010327
0.005000
-0.006901
-0.017020
-0.014305
-0.002705
0.005844
0.007659
0.005356
0.000080
-0.009515
-0.020598
-0.023039
-0.012655
0.001962
0.011263
0.015572
0.020349
0.023597
0.018403
0.005718
-0.006231
-0.011957
-0.010958
-0.006987
-0.005197
-0.004647
-0.001742
0.002327
0.006357
0.011827
0.017057
0.017474
0.012026
0.005472
0.002305
0.000548
-0.005573
-0.016361
-0.021592
-0.012823
0.001927
0.007679
0.001820
-0.005429
-0.006077
-0.002545
-0.000483
-0.000245
0.001515
0.006106
0.012986
0.021579
0.029376
0.031979
0.023613
0.003296
-0.018388
-0.029993
-0.030245
-0.023433
-0.012935
-0.002342
0.002438
-0.003591
-0.015971
-0.019366
-0.007351
0.006419
0.009331
0.003469
-0.003828
-0.006812
-0.006024
-0.005648
-0.004987
-0.002091
0.002179
0.005264
0.004660
0.001110
-0.002558
-0.005942
-0.010056
-0.010987
-0.004167
0.005653
0.011503
0.013620
0.012773
0.009115
0.006661
0.008152
0.011381
0.012954
0.012642
0.010439
0.006120
0.001822
-0.000533
-0.000761
-0.000524
-0.001199
-0.003483
-0.007094
-0.008528
-0.004767
0.002642
0.010033
0.014547
0.013124
0.007090
0.003687
0.006878
0.013241
0.017026
0.015624
0.007591
-0.005671
-0.018080
-0.025303
-0.025389
-0.019446
-0.012867
-0.007588
-0.000895
0.005651
0.005210
-0.003179
-0.011397
-0.013929
-0.010291
-0.001068
0.009510
0.015548
0.013002
0.002678
-0.007244
-0.010734
-0.010067
-0.007442
-0.001875
0.006401
0.014052
0.015490
0.007859
-0.003230
-0.006942
0.001068
0.013607
0.018965
0.013671
0.006463
0.003424
0.000050
-0.005958
-0.010953
-0.014877
-0.019918
-0.022927
-0.016456
-0.000294
0.014289
0.017086
0.008288
-0.003520
-0.009720
-0.007549
0.001385
0.011596
0.015526
0.008270
-0.006043
-0.013335
-0.005340
0.009371
0.018542
0.019675
0.014673
0.005543
-0.004162
-0.010773
-0.010108
-0.001094
0.009500
0.013813
0.011754
0.008273
0.006254
0.004402
0.000998
-0.002485
-0.003820
-0.001266
0.006539
0.016970
0.024826
0.027300
0.024459
0.019564
0.015320
0.009882
0.003346
-0.000481
0.000998
0.007688
0.015404
0.019424
0.019290
0.017275
0.016431
0.017366
0.015591
0.007909
-0.001306
-0.006107
-0.006281
-0.003866
0.000183
0.002388
-0.001677
-0.010590
-0.017378
-0.017800
-0.014856
-0.012681
-0.012484
-0.016780
-0.026829
-0.036740
-0.038353
-0.028961
-0.013614
-0.000807
0.006404
0.009330
0.007395
0.002097
-0.003095
-0.008242
-0.012893
-0.013046
-0.007379
0.000205
0.005229
0.005108
-0.001950
-0.015232
-0.029358
-0.037378
-0.031099
-0.007557
0.017486
0.026030
0.020457
0.009144
-0.005578
-0.018502
-0.021946
-0.014490
-0.001198
0.010613
0.015059
0.012375
0.008787
0.010767
0.018314
0.023958
0.020699
0.007000
-0.015212
-0.037252
-0.045610
-0.036865
-0.019367
-0.001621
0.011174
0.012755
-0.001146
-0.021268
-0.029628
-0.019109
-0.000541
0.010596
0.012244
0.011073
0.006979
-0.001299
-0.008234
-0.006004
0.008273
0.026084
0.037768
0.041685
0.036650
0.025342
0.015573
0.010134
0.008698
0.010394
0.010578
0.006909
0.003675
0.004686
0.006899
0.002886
-0.007103
-0.012538
-0.009350
-0.005579
-0.006754
-0.009669
-0.011006
-0.011910
-0.014491
-0.016587
-0.013060
-0.004410
0.002241
0.000248
-0.009340
-0.017684
-0.018016
-0.011155
-0.000179
0.011134
0.016928
0.017418
0.017349
0.017365
0.017048
0.015743
0.012487
0.007333
0.000606
-0.007165
-0.015294
-0.018982
-0.013728
-0.003899
0.003991
0.008367
0.007608
-0.000789
-0.012981
-0.021673
-0.021826
-0.013461
-0.005761
-0.007258
-0.015395
-0.021452
-0.019059
-0.009716
-0.000299
0.002697
-0.002402
-0.010479
-0.014326
-0.007763
0.007424
0.018997
0.018957
0.011355
0.004223
0.001036
0.002972
0.011392
0.022037
0.023581
0.009426
-0.009484
-0.016649
-0.006666
0.012834
0.023556
0.015626
-0.002724
-0.023093
-0.043177
-0.055761
-0.052780
-0.037776
-0.016457
0.006620
0.020219
0.020366
0.012770
0.001091
-0.007661
-0.007494
-0.003595
-0.003677
-0.008914
-0.014118
-0.015189
-0.013886
-0.011616
-0.006333
0.002344
0.009456
0.009453
0.006311
0.011012
0.024107
0.035111
0.037318
0.032091
0.023238
0.012772
0.002228
-0.004057
0.003014
0.023981
0.039523
0.028714
-0.006463
-0.041217
-0.053148
-0.041918
-0.022987
-0.010639
-0.011050
-0.021786
-0.030407
-0.024789
-0.001811
0.030968
0.052364
0.049051
0.030967
0.011251
-0.003996
-0.009323
-0.002202
0.012276
0.024947
0.025600
0.007360
-0.023041
-0.052320
-0.074696
-0.083799
-0.070216
-0.029629
0.026672
0.064151
0.064465
0.046851
0.027600
0.009161
-0.004986
-0.010698
-0.004991
0.009910
0.026571
0.035895
0.030148
0.010458
-0.014558
-0.034758
-0.038105
-0.020914
0.001981
0.013799
0.011085
-0.002616
-0.020390
-0.034146
-0.041363
-0.044471
-0.044053
-0.037928
-0.028598
-0.021910
-0.018979
-0.016921
-0.011467
-0.000673
0.009308
0.007628
-0.005984
-0.017148
-0.017572
-0.011975
-0.001325
0.018544
0.041702
0.051278
0.036591
0.003530
-0.027571
-0.037791
-0.029539
-0.019258
-0.015636
-0.016227
-0.019530
-0.026758
-0.032739
-0.029421
-0.015748
0.004153
0.026554
0.046220
0.055348
0.049601
0.034098
0.021083
0.019274
0.028212
0.041286
0.053838
0.063177
0.060639
0.040255
0.006554
-0.024730
-0.033722
-0.021764
-0.009458
-0.009842
-0.020777
-0.027994
-0.018121
0.003578
0.020716
0.022678
0.010645
-0.005089
-0.017705
-0.025499
-0.023471
-0.010751
0.002918
0.009617
0.013305
0.020461
0.029662
0.037025
0.041112
0.040838
0.037462
0.035078
0.032352
0.022086
0.004066
-0.012273
-0.017797
-0.009717
0.009144
0.032241
0.048826
0.045867
0.021441
-0.009144
-0.033037
-0.049326
-0.060702
-0.068374
-0.065205
-0.048370
-0.032051
-0.026378
-0.028247
-0.033458
-0.038266
-0.035996
-0.023327
-0.004940
0.013896
0.029317
0.037842
0.036427
0.024264
0.012401
0.015845
0.034097
0.052159
0.056634
0.043109
0.015521
-0.011217
-0.020473
-0.009232
0.011163
0.025601
0.025320
0.011597
-0.005110
-0.013715
-0.009295
0.005205
0.018041
0.019417
0.011021
-0.000334
-0.010510
-0.017873
-0.021665
-0.022265
-0.022834
-0.026397
-0.028498
-0.021744
-0.007926
0.003443
0.007785
0.007900
0.005196
-0.002876
-0.016861
-0.031645
-0.039862
-0.037073
-0.026614
-0.017495
-0.010923
0.001685
0.022335
0.042490
0.052395
0.044596
0.021517
-0.002347
-0.014931
-0.011176
0.013720
0.049848
0.065128
0.047487
0.018790
-0.006032
-0.023042
-0.022304
-0.002388
0.022250
0.034329
0.025368
0.002502
-0.017167
-0.022061
-0.016762
-0.015405
-0.023642
-0.035792
-0.045899
-0.048206
-0.035420
-0.011737
0.005236
0.008286
0.007909
0.011567
0.014921
0.013317
0.010104
0.010182
0.011812
0.010718
0.007948
0.008364
0.013309
0.020148
0.024658
0.019184
0.001847
-0.011925
-0.005593
0.016667
0.036331
0.036111
0.010697
-0.023516
-0.042423
-0.042005
-0.033608
-0.021660
-0.007636
-0.002335
-0.013398
-0.030055
-0.035950
-0.026880
-0.011566
-0.003410
-0.006821
-0.014449
-0.016936
-0.012753
-0.007549
-0.003095
0.001775
0.003385
-0.003943
-0.017478
-0.025059
-0.018911
-0.006064
0.000931
0.001085
0.003154
0.011673
0.022094
0.027027
0.022425
0.011783
0.004928
0.005084
0.006868
0.006309
0.001589
-0.007090
-0.014761
-0.014829
-0.002202
0.020342
0.038655
0.042405
0.033049
0.017212
0.004179
-0.002143
-0.005771
-0.007029
-0.004002
0.000993
0.007515
0.017396
0.028052
0.033113
0.028138
0.016081
0.006177
0.001647
-0.002723
-0.008029
-0.008185
0.000373
0.012019
0.018999
0.017165
0.005356
-0.011543
-0.026392
-0.034470
-0.031565
-0.020303
-0.009490
-0.001899
0.001765
0.000483
-0.000095
0.006056
0.016014
0.019764
0.010539
-0.008355
-0.026569
-0.034532
-0.027705
-0.006956
0.016160
0.024612
0.013895
-0.004193
-0.017191
-0.024441
-0.026940
-0.021240
-0.010270
-0.003594
-0.007393
-0.019461
-0.027571
-0.020166
-0.000650
0.019296
0.030410
0.026883
0.010672
-0.008287
-0.021965
-0.024387
-0.012294
0.005107
0.012235
0.003498
-0.012902
-0.023086
-0.017354
0.002784
0.023418
0.030080
0.021025
0.005364
-0.004578
-0.000252
0.015469
0.029744
0.030258
0.015036
-0.007143
-0.024938
-0.028216
-0.013755
0.009000
0.027445
0.034427
0.027829
0.012407
-0.002384
-0.008862
-0.004850
0.003973
0.008989
0.007737
0.005555
0.009616
0.018827
0.024744
0.022045
0.011350
-0.001913
-0.014252
-0.026413
-0.033372
-0.027525
-0.013244
-0.005906
-0.016465
-0.038584
-0.055496
-0.059960
-0.055510
-0.044760
-0.031170
-0.022167
-0.021871
-0.027926
-0.033565
-0.031739
-0.022910
-0.015933
-0.016795
-0.022376
-0.027680
-0.028981
-0.022492
-0.007471
0.012108
0.028459
0.032794
0.024271
0.013918
0.013418
0.025610
0.041047
0.044671
0.035546
0.026648
0.023855
0.022508
0.019867
0.016685
0.013876
0.013331
0.013907
0.009335
-0.005095
-0.026211
-0.045229
-0.054697
-0.050911
-0.036124
-0.017756
-0.001636
0.006700
0.001906
-0.011984
-0.022835
-0.021234
-0.006199
0.013232
0.024952
0.026108
0.022110
0.017563
0.013920
0.013453
0.019037
0.029179
0.041100
0.052940
0.057716
0.048966
0.030980
0.011028
-0.008627
-0.025939
-0.032063
-0.017979
0.006297
0.020215
0.019082
0.012437
0.008801
0.008996
0.009308
0.009694
0.011778
0.011738
0.004162
-0.008149
-0.013005
-0.004385
0.007551
0.010289
0.001343
-0.012683
-0.022877
-0.025218
-0.021370
-0.013638
-0.000380
0.018906
0.036459
0.042987
0.035265
0.014478
-0.011516
-0.029628
-0.031607
-0.017465
0.002520
0.015747
0.024422
0.036786
0.050476
0.054297
0.037699
0.006176
-0.016433
-0.017384
-0.010438
-0.007224
-0.003485
0.000462
-0.002850
-0.014708
-0.030995
-0.046088
-0.054994
-0.057406
-0.054535
-0.047012
-0.038453
-0.033251
-0.031947
-0.029102
-0.019533
-0.008797
-0.005112
-0.004976
-0.000718
0.007306
0.018678
0.036326
0.052226
0.054366
0.045578
0.035522
0.026935
0.021669
0.026573
0.042725
0.057048
0.053741
0.032654
0.004254
-0.024389
-0.045331
-0.048740
-0.033722
-0.013311
-0.001636
-0.000038
-0.003940
-0.011307
-0.021205
-0.032927
-0.042828
-0.043731
-0.033730
-0.020092
-0.011422
-0.008344
-0.004884
0.001075
0.005349
0.003775
-0.002920
-0.008618
-0.007019
0.000912
0.007405
0.008226
0.006922
0.008598
0.014381
0.019570
0.020510
0.022204
0.028442
0.032272
0.026493
0.014779
0.005936
0.004463
0.010423
0.021444
0.033564
0.041039
0.037846
0.023605
0.002409
-0.019020
-0.029867
-0.021630
0.002068
0.025376
0.036339
0.034813
0.024412
0.011644
0.005448
0.009483
0.020200
0.031549
0.039092
0.040169
0.033856
0.022934
0.012731
0.006760
0.005367
0.007509
0.009289
0.004448
-0.005760
-0.012704
-0.013770
-0.011354
-0.007555
-0.008205
-0.016821
-0.026187
-0.027059
-0.020115
-0.012986
-0.009655
-0.009769
-0.013911
-0.022521
-0.031724
-0.032161
-0.018719
-0.000801
0.007777
0.002365
-0.010685
-0.019291
-0.015671
-0.000027
0.022837
0.044419
0.051514
0.036542
0.011042
-0.008181
-0.020219
-0.028808
-0.028472
-0.017187
-0.003286
0.003164
-0.003950
-0.024194
-0.049299
-0.064407
-0.057846
-0.034119
-0.008859
0.005087
0.001368
-0.015049
-0.029076
-0.031933
-0.025517
-0.011697
0.008039
0.024532
0.028481
0.021120
0.007809
-0.008266
-0.024031
-0.034649
-0.035384
-0.026726
-0.016224
-0.010442
-0.008005
-0.004085
0.000949
0.002575
0.000819
0.000640
0.007003
0.018340
0.026452
0.025702
0.016509
0.006040
0.002144
0.004688
0.008649
0.009191
0.005127
0.001055
0.003128
0.012518
0.025125
0.035987
0.043083
0.047646
0.050437
0.050960
0.047598
0.037879
0.023601
0.011970
0.007065
0.005597
0.002071
-0.005755
-0.012102
-0.008678
0.001746
0.008207
0.006530
0.002052
-0.001419
-0.006171
-0.013954
-0.021860
-0.025723
-0.024785
-0.019392
-0.011326
-0.004764
-0.001533
-0.002255
-0.005553
-0.005599
-0.000507
0.004725
0.006469
0.004893
0.001660
-0.002148
-0.007970
-0.018833
-0.030983
-0.032993
-0.023287
-0.013320
-0.010145
-0.010584
-0.010365
-0.010223
-0.010312
-0.008197
-0.007206
-0.011354
-0.014292
-0.007435
0.007124
0.019673
0.023177
0.016560
0.005129
-0.002393
-0.003304
-0.003072
-0.005290
-0.008322
-0.009968
-0.007992
-0.002518
0.003148
0.003997
-0.004390
-0.019917
-0.034300
-0.042057
-0.044041
-0.042403
-0.039815
-0.037486
-0.035004
-0.035038
-0.039039
-0.044076
-0.043069
-0.031406
-0.016860
-0.009206
-0.009818
-0.016139
-0.023643
-0.027740
-0.025958
-0.016518
0.001182
0.022326
0.035026
0.031645
0.018511
0.008139
0.003864
-0.001046
-0.003789
0.006522
0.022713
0.027919
0.023469
0.021352
0.024293
0.026336
0.024566
0.021312
0.016248
0.008238
0.001504
-0.002512
-0.006276
-0.006029
0.000834
0.009530
0.014998
0.014061
0.005722
-0.004940
-0.009658
-0.005022
0.003740
0.008137
0.008019
0.006489
0.003617
0.004157
0.010646
0.015035
0.009601
-0.003774
-0.018764
-0.030472
-0.036281
-0.034808
-0.024093
-0.009708
-0.001032
0.004469
0.011332
0.014517
0.009628
0.001902
-0.001325
-0.001551
-0.003536
-0.004638
0.001767
0.016057
0.029392
0.032200
0.023864
0.011501
0.003670
0.005368
0.014863
0.024692
0.027655
0.019829
0.003115
-0.012987
-0.019366
-0.011810
0.007128
0.027325
0.038348
0.034840
0.019047
-0.000848
-0.015125
-0.017529
-0.010930
-0.002999
0.002429
0.005695
0.005639
0.000761
-0.005540
-0.008630
-0.005843
0.002783
0.013607
0.024771
0.035148
0.038636
0.030880
0.017708
0.008039
0.004531
0.007055
0.012323
0.014693
0.012602
0.005630
-0.004213
-0.011605
-0.015192
-0.016773
-0.014752
-0.007009
0.002040
0.006884
0.006791
0.003725
0.000116
-0.003370
-0.005745
-0.004533
0.000339
0.007160
0.014066
0.018504
0.019804
0.018766
0.014128
0.005090
-0.004848
-0.008497
-0.001581
0.010053
0.016527
0.013222
0.003107
-0.004431
-0.003548
0.003730
0.012774
0.017802
0.014482
0.002626
-0.013065
-0.024531
-0.026430
-0.020495
-0.013086
-0.007263
-0.001697
0.000157
-0.007315
-0.019525
-0.026363
-0.024330
-0.017914
-0.013591
-0.013869
-0.018225
-0.024337
-0.028086
-0.026841
-0.021751
-0.015828
-0.010844
-0.008097
-0.008157
-0.008070
-0.003475
0.007567
0.021928
0.030939
0.031085
0.028287
0.027346
0.028831
0.030981
0.030664
0.025370
0.014161
0.000160
-0.010408
-0.014577
-0.011299
-0.001258
0.007355
0.007791
0.002171
-0.003643
-0.005120
-0.004644
-0.006710
-0.009833
-0.010976
-0.009306
-0.004233
0.003886
0.012869
0.018900
0.016112
0.004691
-0.004951
-0.006091
-0.001134
0.006599
0.015305
0.022799
0.027270
0.027156
0.019521
0.005869
-0.007605
-0.017884
-0.021055
-0.012812
0.002388
0.016998
0.025469
0.021507
0.006336
-0.009900
-0.020867
-0.024157
-0.016111
0.000985
0.015042
0.018031
0.013743
0.007180
0.000983
-0.000052
0.006213
0.013568
0.014513
0.009065
0.003055
0.000918
0.003078
0.006932
0.006867
-0.000058
-0.009576
-0.016506
-0.018287
-0.013950
-0.008337
-0.008333
-0.012259
-0.013488
-0.010590
-0.006591
-0.004060
-0.004827
-0.007755
-0.009955
-0.009510
-0.005446
-0.000158
0.003198
0.003300
0.002352
0.004142
0.006718
0.006694
0.005754
0.005959
0.005454
0.001862
-0.003789
-0.009845
-0.014613
-0.015914
-0.014721
-0.013313
-0.012455
-0.013521
-0.018876
-0.026572
-0.032384
-0.034723
-0.031872
-0.025419
-0.020168
-0.018259
-0.019106
-0.021077
-0.023487
-0.024846
-0.020491
-0.009400
0.001659
0.007991
0.010245
0.008828
0.005119
0.001745
-0.000473
-0.000762
0.003509
0.011638
0.017720
0.018362
0.015996
0.014318
0.014606
0.016845
0.019617
0.019232
0.015807
0.013789
0.015288
0.018839
0.021310
0.020707
0.017001
0.012145
0.010568
0.012925
0.014756
0.014196
0.012313
0.009772
0.007180
0.004926
0.001717
-0.004193
-0.011315
-0.018007
-0.023149
-0.020948
-0.007743
0.009519
0.020061
0.022002
0.019371
0.014397
0.009921
0.007746
0.007456
0.007303
0.005392
0.004073
0.005827
0.008880
0.011426
0.012161
0.010494
0.009491
0.011246
0.010789
0.004305
-0.002137
-0.002528
-0.000561
-0.001446
-0.003902
-0.004912
-0.004359
-0.003821
-0.003489
-0.002951
-0.002852
-0.002513
-0.001441
0.000239
0.004000
0.009470
0.012768
0.011765
0.008086
0.003187
-0.001773
-0.004752
-0.005431
-0.005243
-0.003438
0.000850
0.005372
0.008462
0.007239
-0.001591
-0.013364
-0.019753
-0.016867
-0.007067
0.002589
0.007763
0.008399
0.005743
0.002815
0.001830
0.001554
-0.000773
-0.005793
-0.011609
-0.015886
-0.014630
-0.007374
-0.001699
-0.002404
-0.006098
-0.009952
-0.013872
-0.015774
-0.013863
-0.008196
-0.001469
-0.000945
-0.009678
-0.018948
-0.018929
-0.010970
-0.002150
0.003637
0.004800
0.001664
-0.002080
-0.004144
-0.004394
-0.000367
0.008186
0.016221
0.019363
0.015608
0.007068
0.000935
0.000366
0.002652
0.005192
0.005602
0.003015
-0.000355
-0.002862
-0.004725
-0.005683
-0.006629
-0.008882
-0.010247
-0.009627
-0.009149
-0.008723
-0.007504
-0.006916
-0.006380
-0.002786
0.003564
0.008166
0.007616
0.003812
0.001700
0.002138
0.002252
0.002170
0.002900
0.002602
-0.000026
-0.003662
-0.006206
-0.007061
-0.006683
-0.005579
-0.004103
-0.002432
-0.001631
-0.002515
-0.003635
-0.002873
-0.000019
0.002216
0.000838
-0.002041
-0.002331
-0.000449
0.001681
0.003708
0.005287
0.004877
0.001333
-0.003894
-0.008418
-0.010957
-0.011654
-0.011288
-0.009685
-0.006662
-0.003583
-0.002600
-0.004045
-0.006372
-0.008713
-0.010833
-0.012768
-0.014411
-0.015888
-0.017027
-0.015838
-0.011958
-0.006959
-0.001814
0.001192
0.000507
-0.002574
-0.007087
-0.012232
-0.016186
-0.017951
-0.017081
-0.014117
-0.011227
-0.008494
-0.006157
-0.007314
-0.011085
-0.014263
-0.015731
-0.013097
-0.007608
-0.004513
-0.005278
-0.007930
-0.009206
-0.007072
-0.004106
-0.004335
-0.007301
-0.008965
-0.006403
-0.000984
0.001805
-0.000915
-0.005946
-0.009047
-0.007900
-0.003598
-0.000439
-0.000870
-0.003367
-0.005113
-0.005553
-0.005890
-0.006463
-0.007364
-0.008099
-0.007688
-0.005964
-0.002992
-0.000810
-0.002374
-0.005365
-0.004988
-0.002025
0.000689
0.003094
0.003373
-0.000938
-0.006994
-0.009359
-0.007436
-0.004354
0.000151
0.006443
0.010377
0.010191
0.008597
0.007519
0.007041
0.006332
0.004955
0.002858
0.001038
0.001067
0.002280
0.002612
0.000149
-0.003759
-0.005219
-0.003533
-0.000612
0.002403
0.005626
0.007391
0.004798
-0.000036
-0.000960
0.003864
0.009507
0.013581
0.018426
0.022431
0.021150
0.014046
0.004630
-0.004397
-0.011128
-0.012057
-0.006731
-0.000572
0.001300
-0.001509
-0.006505
-0.010514
-0.010773
-0.005231
0.004036
0.010402
0.009796
0.004791
0.002336
0.004032
0.004028
0.001573
0.000752
0.002228
0.005084
0.008671
0.011183
0.009662
0.004828
0.001357
-0.000074
0.000101
0.005176
0.012946
0.015505
0.010844
0.004198
0.000775
0.000500
0.002272
0.005855
0.007763
0.006189
0.003732
0.002994
0.003607
0.003842
0.003967
0.005008
0.007678
0.009831
0.008199
0.004834
0.003152
0.002880
0.002688
0.001583
-0.000613
-0.000051
0.004842
0.008060
0.006253
0.002441
0.000177
-0.000135
-0.000011
0.000467
0.000834
0.000189
-0.000053
0.001646
0.003622
0.003108
0.000830
-0.001136
-0.002692
-0.002856
-0.000754
0.003168
0.008643
0.012053
0.010774
0.008252
0.007429
0.008301
0.009248
0.009759
0.011464
0.014011
0.016072
0.016004
0.013501
0.013043
0.016241
0.018282
0.018042
0.019933
0.022444
0.019527
0.012726
0.007637
0.005822
0.005983
0.006703
0.008378
0.011610
0.014648
0.016282
0.016019
0.013236
0.009463
0.007192
0.008490
0.013404
0.019036
0.021496
0.018357
0.011125
0.004412
0.001794
0.002651
0.004215
0.006372
0.008708
0.008090
0.005244
0.003406
0.002888
0.002732
0.002053
0.002296
0.004469
0.004792
0.002518
0.001320
0.001391
0.002307
0.005288
0.007929
0.006894
0.004070
0.002346
0.001151
-0.001169
-0.003673
-0.002934
0.000544
0.003358
0.004319
0.003622
0.002906
0.003512
0.003977
0.002262
-0.000650
-0.002659
-0.004219
-0.005895
-0.006806
-0.005777
-0.003481
-0.002024
-0.002153
-0.004679
-0.008495
-0.010554
-0.011027
-0.011659
-0.011663
-0.011016
-0.011791
-0.012426
-0.011454
-0.011457
-0.013349
-0.015353
-0.015161
-0.011905
-0.007669
-0.004992
-0.004342
-0.004822
-0.005453
-0.006234
-0.007050
-0.005993
-0.003479
-0.003024
-0.005297
-0.008612
-0.011480
-0.012289
-0.011337
-0.010944
-0.011956
-0.011765
-0.007894
-0.002433
0.001666
0.003938
0.003166
-0.000542
-0.003691
-0.004638
-0.003215
-0.000232
0.001240
0.001231
0.000344
-0.002837
-0.005196
-0.003806
-0.002762
-0.005638
-0.009373
-0.009368
-0.005795
-0.001087
0.002967
0.003242
-0.000966
-0.006415
-0.011633
-0.014724
-0.011668
-0.004648
-0.000766
-0.001516
-0.003795
-0.008058
-0.014059
-0.017188
-0.015401
-0.010620
-0.006224
-0.004099
-0.003946
-0.006422
-0.010091
-0.010327
-0.007841
-0.007229
-0.009058
-0.011327
-0.012216
-0.011024
-0.007947
-0.003514
0.000771
0.002056
-0.001124
-0.005673
-0.008361
-0.008610
-0.007062
-0.004331
-0.000949
0.000347
-0.002303
-0.006330
-0.007583
-0.005786
-0.004180
-0.003528
-0.002559
-0.002342
-0.003629
-0.004599
-0.005326
-0.007028
-0.008813
-0.009116
-0.007523
-0.005624
-0.005269
-0.005435
-0.004872
-0.005164
-0.006367
-0.006990
-0.007198
-0.007090
-0.006071
-0.003992
-0.001742
0.000442
0.001246
-0.001559
-0.004956
-0.005751
-0.005003
-0.003820
-0.002557
-0.000959
0.000989
0.001946
0.000706
-0.000629
0.001145
0.005612
0.008930
0.008201
0.004945
0.002702
0.002518
0.001498
-0.001899
-0.003968
-0.002349
-0.000599
-0.000714
0.000662
0.004968
0.009094
0.011073
0.012150
0.012570
0.010880
0.007689
0.005837
0.006365
0.007170
0.006016
0.003482
0.001721
0.002021
0.004847
0.007044
0.005238
0.001750
-0.001058
-0.003292
-0.005551
-0.007328
-0.006129
-0.002892
-0.002040
-0.003555
-0.004543
-0.005708
-0.006704
-0.006052
-0.004383
-0.001154
0.002167
0.002870
0.000655
-0.002849
-0.004156
-0.002047
0.000980
0.004393
0.007896
0.007637
0.002599
-0.002617
-0.004824
-0.004717
-0.002313
0.001010
0.002931
0.003380
0.002864
0.002251
0.002159
0.002093
0.001493
0.000557
-0.001473
-0.003664
-0.003318
-0.002109
-0.001646
0.000328
0.003808
0.005326
0.002363
-0.002621
-0.004792
-0.003885
-0.002236
-0.000028
0.003095
0.005527
0.005370
0.003347
0.001304
0.000224
0.000444
0.001857
0.003494
0.004567
0.004672
0.003278
0.001040
-0.000523
-0.000027
0.003470
0.008477
0.010937
0.009676
0.006598
0.002676
-0.001282
-0.003453
-0.002463
0.001353
0.005967
0.007651
0.005370
0.002520
0.000863
-0.000492
-0.001716
-0.002082
-0.001020
0.001092
0.002850
0.002735
0.001875
0.003210
0.005746
0.006285
0.005008
0.003498
0.002816
0.004513
0.008131
0.011100
0.013555
0.015725
0.014479
0.010738
0.008844
0.008713
0.007960
0.006512
0.006047
0.006347
0.005328
0.003528
0.002814
0.002106
0.000545
-0.001234
-0.003167
-0.004407
-0.004375
-0.003790
-0.002702
-0.000488
0.001461
0.001033
-0.000966
-0.002047
-0.001657
-0.001437
-0.001337
0.000083
0.003136
0.007514
0.010327
0.009500
0.008188
0.008116
0.007503
0.006133
0.004768
0.003438
0.002991
0.004992
0.007544
0.005595
0.000521
-0.001743
-0.000957
0.000700
0.002169
0.002186
0.001247
0.001130
0.001408
0.000104
-0.001010
0.000816
0.002576
0.001553
0.000608
0.002651
0.005804
0.006428
0.005694
0.006265
0.007077
0.007079
0.005817
0.003214
0.001985
0.003571
0.005180
0.003460
-0.000839
-0.004051
-0.004438
-0.002731
-0.000880
0.000477
0.001508
0.001257
0.001178
0.001985
0.001472
0.000667
0.002294
0.004872
0.004934
0.003031
0.000270
-0.001681
0.001585
0.007490
0.009908
0.009311
0.006880
0.003547
0.002070
0.003315
0.006386
0.008279
0.006417
0.002136
0.000041
0.001732
0.003376
0.004999
0.008875
0.011100
0.008358
0.004259
0.003415
0.005303
0.006230
0.005325
0.004123
0.002307
-0.000236
-0.001730
-0.001834
-0.001100
-0.000103
0.000394
0.000321
-0.001433
-0.004082
-0.003706
-0.001552
-0.002231
-0.003154
-0.000928
-0.000029
-0.002812
-0.005244
-0.005293
-0.003552
-0.000927
0.001117
0.002104
0.001123
-0.002677
-0.006430
-0.007202
-0.005671
-0.002926
-0.000482
-0.001333
-0.004578
-0.005726
-0.004688
-0.003725
-0.003058
-0.003128
-0.004711
-0.006789
-0.007769
-0.008814
-0.010222
-0.009746
-0.008144
-0.008129
-0.010110
-0.013224
-0.015771
-0.016491
-0.016519
-0.015905
-0.013347
-0.010060
-0.008611
-0.009792
-0.011841
-0.013296
-0.014800
-0.015873
-0.015685
-0.014870
-0.012769
-0.008240
-0.002683
0.000214
-0.001767
-0.006402
-0.009406
-0.009403
-0.008023
-0.006260
-0.004500
-0.003217
-0.002996
-0.003930
-0.005198
-0.006114
-0.005677
-0.004094
-0.003295
-0.003307
-0.003448
-0.004850
-0.007758
-0.010419
-0.011241
-0.010753
-0.010084
-0.008495
-0.007152
-0.008361
-0.010377
-0.011727
-0.013147
-0.013895
-0.012627
-0.008899
-0.003976
-0.001137
-0.001113
-0.000519
0.001873
0.003953
0.005469
0.007353
0.008186
0.007464
0.007281
0.008089
0.008714
0.008103
0.006141
0.004354
0.003200
0.002550
0.003242
0.004369
0.003170
-0.000272
-0.002468
-0.002597
-0.001795
0.000686
0.003475
0.003069
0.000198
-0.001186
-0.000203
0.000997
0.001846
0.002705
0.002691
0.002102
0.002245
0.002795
0.002999
0.002977
0.003357
0.004403
0.005213
0.005605
0.005258
0.002572
-0.000508
-0.000344
0.001145
0.001720
0.004107
0.008008
0.008712
0.004713
-0.000080
-0.000686
0.002871
0.006537
0.008083
0.008064
0.007704
0.007922
0.008295
0.007503
0.005431
0.002560
0.000014
0.000064
0.002361
0.004160
0.004423
0.002338
-0.001320
-0.002111
-0.000115
0.000641
0.002249
0.006962
0.009785
0.007429
0.002238
-0.002976
-0.005685
-0.003764
0.001089
0.004712
0.005702
0.003946
0.000199
-0.002262
-0.002166
-0.000310
0.003244
0.006412
0.006815
0.005218
0.002583
0.000235
0.000705
0.003701
0.006466
0.006479
0.003351
0.000267
-0.000873
-0.001593
-0.002516
-0.003063
-0.002610
-0.000585
0.001393
0.000437
-0.002435
-0.003439
-0.002789
-0.002579
-0.001465
0.000895
0.001571
0.000134
-0.001234
-0.002075
-0.002274
-0.001225
-0.000552
-0.001641
-0.001665
0.002147
0.006511
0.007238
0.005336
0.002854
0.000339
-0.001250
-0.001087
-0.000436
-0.000911
-0.001650
-0.002039
-0.002509
-0.002167
-0.000937
0.000018
-0.000227
-0.001671
-0.002419
-0.001410
0.000256
0.001597
0.002778
0.003104
0.001306
-0.000213
0.000960
0.003364
0.005646
0.007707
0.009091
0.009124
0.008681
0.008601
0.007720
0.006392
0.005962
0.005181
0.004260
0.005146
0.006618
0.008032
0.009748
0.009969
0.008101
0.005210
0.002859
0.002047
0.002290
0.003988
0.006635
0.007477
0.005878
0.003902
0.002396
0.001206
0.001222
0.001897
0.002637
0.004061
0.004683
0.002996
0.000226
-0.000379
0.001695
0.003129
0.003506
0.003289
0.000588
-0.002301
-0.002196
-0.001184
-0.000000
0.002794
0.004121
0.001119
-0.002483
-0.003644
-0.003572
-0.001624
0.003071
0.007017
0.006088
0.002509
0.001237
0.001111
0.001008
0.002133
0.002396
0.000122
-0.002953
-0.004257
-0.003792
-0.002637
-0.001137
0.000705
0.001617
-0.000375
-0.003611
-0.004819
-0.003640
-0.002035
-0.000881
-0.000917
-0.001888
-0.001496
-0.000663
-0.000450
0.000804
0.002847
0.004337
0.003679
0.000625
-0.001420
-0.001545
-0.002333
-0.003694
-0.003792
-0.003182
-0.003983
-0.005998
-0.005977
-0.003413
-0.002220
-0.003454
-0.004266
-0.003725
-0.003256
-0.003314
-0.003648
-0.005090
-0.006904
-0.007353
-0.007341
-0.007556
-0.006820
-0.004499
-0.002690
-0.003502
-0.006031
-0.008837
-0.010487
-0.010112
-0.008603
-0.007333
-0.006488
-0.005052
-0.003402
-0.002234
-0.002022
-0.003574
-0.004143
-0.002197
-0.000663
-0.000569
-0.000991
-0.001901
-0.004052
-0.007118
-0.008828
-0.007930
-0.006226
-0.004562
-0.002920
-0.003322
-0.006039
-0.009007
-0.009644
-0.007592
-0.005894
-0.004584
-0.002372
-0.002307
-0.004585
-0.005309
-0.003332
-0.000158
0.002141
0.002342
-0.000067
-0.003788
-0.004801
-0.001784
0.001815
0.003611
0.004732
0.006145
0.005700
0.002747
0.000244
-0.000317
0.000953
0.003220
0.005008
0.005261
0.004327
0.004105
0.004841
0.005354
0.006369
0.007543
0.006222
0.003544
0.002370
0.002278
0.001557
0.000296
0.001414
0.004594
0.005953
0.004911
0.002168
-0.001572
-0.003590
-0.003441
-0.002947
-0.001464
0.000657
0.000662
-0.001436
-0.003169
-0.002657
0.000377
0.004081
0.006107
0.006006
0.004948
0.003272
0.000571
-0.001823
-0.002246
-0.001066
0.000817
0.002638
0.003514
0.003264
0.002083
0.000304
-0.001591
-0.002355
-0.001668
-0.001223
-0.000759
0.000687
0.001215
-0.000362
-0.002564
-0.004365
-0.004755
-0.003179
-0.001965
-0.002006
-0.002152
-0.003142
-0.004784
-0.005205
-0.003905
-0.001429
0.000764
0.000916
-0.000901
-0.002501
-0.002103
-0.001167
-0.000724
0.000544
0.001916
0.001907
0.001098
-0.000104
-0.001043
0.000299
0.002230
0.001601
0.000357
0.000569
0.001355
0.002552
0.003930
0.004120
0.003459
0.003374
0.004118
0.005632
0.006982
0.006858
0.005798
0.004623
0.003365
0.002143
0.001346
0.001041
0.000028
-0.001787
-0.001584
0.001156
0.002469
0.000373
-0.002387
-0.003361
-0.003738
-0.004290
-0.004134
-0.004159
-0.004210
-0.001945
0.001624
0.002924
0.001650
0.000024
-0.000937
-0.001520
-0.001375
0.000049
0.001400
0.001136
0.000354
0.000615
0.001317
0.001428
0.001036
0.001487
0.003505
0.004755
0.003338
0.000321
-0.002725
-0.004536
-0.003739
-0.000374
0.002251
0.001574
-0.000734
-0.002453
-0.002423
-0.001295
-0.000380
0.000950
0.001776
0.001030
-0.000382
-0.001896
-0.002086
-0.001034
-0.000925
-0.000710
0.001114
0.001909
0.001722
0.003285
0.004531
0.003864
0.002481
0.000846
0.001444
0.004930
0.007149
0.006635
0.005892
0.005852
0.004164
0.000438
-0.001229
0.000616
0.003340
0.004785
0.004205
0.002723
0.001631
0.000318
-0.002206
-0.004400
-0.004185
-0.002820
-0.001932
-0.000525
0.000441
-0.001383
-0.002916
-0.001607
-0.000463
-0.000949
-0.001505
-0.002005
-0.002908
-0.002552
-0.001041
0.000294
0.002162
0.003279
0.003113
0.003698
0.003219
0.000935
0.000670
0.002155
0.002338
0.001563
0.001258
0.001441
0.001600
0.001579
0.000398
-0.001635
-0.002924
-0.003903
-0.004212
-0.002551
-0.000558
-0.000967
-0.002334
-0.002124
-0.001327
-0.001250
-0.001499
-0.001479
-0.001284
-0.001181
-0.001241
-0.001264
-0.000486
0.001169
0.001992
0.001257
0.000033
-0.001195
-0.001481
0.000595
0.002722
0.001216
-0.001835
-0.001527
0.001595
0.002861
0.001324
-0.001053
-0.003659
-0.005420
-0.005934
-0.005981
-0.004703
-0.003080
-0.003631
-0.004909
-0.005441
-0.006293
-0.006935
-0.006430
-0.005293
-0.003785
-0.001874
-0.000772
-0.001362
-0.002197
-0.003089
-0.004307
-0.003910
-0.001402
0.001012
0.000894
-0.001207
-0.002218
-0.001213
-0.000375
-0.000777
-0.001210
-0.001084
-0.000925
-0.000924
-0.000156
0.001345
0.000746
-0.001674
-0.001939
-0.000346
0.001391
0.002425
0.000477
-0.002183
-0.001476
0.000203
-0.000178
-0.001047
-0.000991
-0.001451
-0.002996
-0.003343
-0.002383
-0.001550
-0.000416
0.001114
0.002314
0.001933
-0.000236
-0.001742
-0.000925
0.000271
0.000589
0.000815
0.001250
0.002041
0.003006
0.003495
0.002321
-0.000273
-0.001400
-0.000228
0.000462
-0.000192
0.000067
0.001846
0.002842
0.002190
0.001750
0.002237
0.002643
0.002585
0.002463
0.002486
0.002688
0.002353
0.000557
-0.001004
-0.001340
-0.002105
-0.002181
0.000044
0.002725
0.002809
-0.000134
-0.002057
-0.001610
-0.001632
-0.002067
-0.001927
-0.001024
0.000068
0.000053
0.000036
0.000352
0.000460
0.001218
0.002334
0.002745
0.002495
0.001946
0.000449
-0.000926
-0.000207
0.001677
0.003070
0.002610
0.000049
-0.001451
-0.000188
0.000889
0.000230
-0.000489
-0.000523
0.000207
0.001912
0.002752
0.001699
0.000254
0.000379
0.002727
0.004873
0.005248
0.004896
0.004649
0.004853
0.005314
0.005501
0.005380
0.005294
0.005352
0.005415
0.005413
0.005459
0.005339
0.004238
0.002590
0.002251
0.003064
0.003233
0.002718
0.002534
0.002657
0.002854
0.003817
0.005712
0.007069
0.005859
0.002686
0.001527
0.003185
0.004131
0.003196
0.001535
0.000105
-0.000089
0.000708
0.001812
0.003165
0.003116
0.000658
-0.000941
0.000260
0.001657
0.001820
0.001044
0.000185
-0.000049
-0.001350
-0.002508
-0.000376
0.002355
0.003253
0.003188
0.001036
-0.002741
-0.005134
-0.004773
-0.002721
-0.001055
0.000645
0.002762
0.001694
-0.002987
-0.005746
-0.003795
-0.000337
0.001756
0.003027
0.003521
0.002699
0.000634
-0.001893
-0.002559
-0.000867
0.001364
0.001596
-0.001257
-0.003888
-0.003920
-0.002168
-0.000586
-0.001268
-0.002274
-0.001346
-0.001031
-0.001798
-0.000417
0.002099
0.003364
0.003693
0.003346
0.002959
0.002321
0.001034
0.000774
0.001150
-0.000491
-0.002476
-0.001794
-0.001092
-0.003226
-0.005478
-0.005666
-0.005022
-0.004301
-0.004611
-0.006177
-0.007127
-0.007129
-0.007789
-0.009304
-0.009001
-0.006835
-0.005789
-0.005225
-0.004241
-0.004357
-0.004857
-0.004522
-0.004174
-0.004115
-0.003309
-0.001303
0.001095
0.001531
-0.001185
-0.003092
-0.001636
-0.000298
-0.000984
-0.001737
-0.001421
-0.001453
-0.003343
-0.005034
-0.004109
-0.002194
-0.002095
-0.003984
-0.005002
-0.004595
-0.005689
-0.007513
-0.006807
-0.003913
-0.001417
0.000001
0.001062
0.000715
-0.002155
-0.004956
-0.004646
-0.002764
-0.001747
-0.001139
-0.000059
0.001074
0.001465
0.000552
-0.001285
-0.002634
-0.003593
-0.003901
-0.002233
-0.000516
-0.000981
-0.002132
-0.001726
-0.000080
0.000621
-0.000319
-0.002258
-0.004428
-0.004555
-0.001668
0.000737
-0.000448
-0.002873
-0.003363
-0.002903
-0.003570
-0.003799
-0.001635
-0.000226
-0.001445
-0.002208
-0.001454
-0.001399
-0.002321
-0.002041
-0.000692
0.000406
0.001329
0.001573
0.000907
-0.000149
-0.001992
-0.003449
-0.001930
0.000024
-0.000156
0.000203
0.001067
0.000773
0.000389
0.001051
0.001994
0.001881
0.001359
0.001363
0.001886
0.003277
0.004886
0.004371
0.001363
-0.001152
-0.000753
0.002467
0.005914
0.006566
0.004835
0.003546
0.003347
0.002283
0.001840
0.004379
0.006026
0.004559
0.003694
0.003768
0.002646
0.002054
0.002407
0.002071
0.001755
0.001915
0.001941
0.001840
0.001767
0.002148
0.002776
0.002538
0.002763
0.004445
0.005467
0.005605
0.005774
0.006029
0.006734
0.006469
0.004464
0.004144
0.007126
0.008764
0.006137
0.003416
0.003925
0.005296
0.005077
0.004560
0.005255
0.005604
0.004350
0.002308
0.000246
-0.000364
0.001460
0.003592
0.004551
0.004724
0.003503
0.001282
-0.000221
0.000083
0.000682
-0.000241
-0.000900
-0.000627
-0.001363
-0.002301
-0.001116
0.001401
0.003600
0.004907
0.004903
0.003945
0.002398
0.001496
0.002500
0.004284
0.005394
0.005204
0.004420
0.004493
0.005191
0.005266
0.004205
0.002307
-0.000084
-0.001583
-0.000673
0.001176
0.002392
0.002940
0.002090
-0.000002
-0.001033
-0.000034
0.000602
0.000382
0.001717
0.003454
0.002855
0.001051
-0.000482
-0.002121
-0.002743
-0.001025
0.001096
0.000704
-0.002579
-0.005719
-0.006118
-0.006209
-0.007715
-0.007727
-0.005368
-0.003972
-0.004982
-0.006060
-0.006458
-0.006450
-0.005330
-0.003944
-0.002898
-0.001766
-0.000379
0.000679
0.000479
-0.000130
-0.000774
-0.001875
-0.001604
0.000597
0.001697
0.000680
-0.000041
0.000408
0.000948
0.000833
-0.000793
-0.003411
-0.004769
-0.004450
-0.003860
-0.004253
-0.005586
-0.005786
-0.004451
-0.003843
-0.003072
-0.001631
-0.002929
-0.005784
-0.006959
-0.006952
-0.005394
-0.003268
-0.002432
-0.001989
-0.001902
-0.002129
-0.001822
-0.001656
-0.003140
-0.005043
-0.004720
-0.003472
-0.003876
-0.006054
-0.007131
-0.004815
-0.002218
-0.001585
-0.000298
0.002048
0.002211
0.000280
-0.001230
-0.001882
-0.001293
0.000763
0.002256
0.001492
0.000474
0.000784
0.000619
-0.000224
0.000470
0.001912
0.001817
0.000840
-0.000492
-0.001856
-0.002351
-0.003130
-0.004199
-0.004124
-0.003667
-0.003872
-0.004227
-0.004303
-0.004021
-0.002461
-0.000625
-0.000926
-0.001908
-0.001773
-0.002586
-0.004378
-0.004344
-0.003320
-0.003514
-0.004189
-0.004172
-0.003838
-0.003855
-0.004028
-0.004011
-0.003877
-0.003864
-0.003929
-0.003261
-0.001419
0.000965
0.002089
-0.000239
-0.004293
-0.005285
-0.002614
-0.000070
0.001125
0.002296
0.002681
0.001454
0.000516
0.001269
0.002115
0.001803
0.001232
0.001427
0.003103
0.004891
0.004476
0.003385
0.003758
0.004299
0.002916
0.000640
-0.000757
-0.001267
0.000380
0.002600
0.002045
0.001258
0.002320
0.002396
0.000935
-0.000569
-0.001579
-0.001390
-0.000599
0.000547
0.002057
0.003328
0.004165
0.002499
-0.001229
-0.002661
-0.002270
-0.002441
-0.000787
0.002871
0.005480
0.006358
0.005805
0.004613
0.002697
-0.000396
-0.001055
0.002188
0.005146
0.005235
0.003890
0.003465
0.002715
-0.000039
-0.001065
0.001667
0.003459
0.002138
0.001093
0.000590
-0.001484
-0.003485
-0.003058
-0.000830
0.000798
0.001276
0.001559
0.002723
0.004819
0.005362
0.003787
0.002042
0.001488
0.002152
0.003759
0.005454
0.005815
0.005210
0.004445
0.003272
0.001907
0.000775
-0.000413
-0.000738
-0.000152
-0.000208
-0.000726
0.000300
0.002552
0.002798
0.001558
0.000376
-0.000976
-0.000960
-0.000032
0.000309
0.001178
0.002311
0.003142
0.004118
0.004350
0.003979
0.003134
0.001961
0.001973
0.003134
0.004154
0.003745
0.001354
-0.001426
-0.002661
-0.002661
-0.002556
-0.001774
-0.000071
0.000386
-0.001562
-0.003811
-0.003718
-0.002407
-0.001542
0.000612
0.003152
0.003041
0.001365
0.000192
-0.000264
0.000008
0.001326
0.003115
0.004276
0.004283
0.002751
0.001401
0.001493
0.002199
0.003165
0.003470
0.003012
0.002230
0.000622
-0.000225
0.000703
0.001192
0.000460
0.000745
0.003044
0.004489
0.002962
-0.000338
-0.002850
-0.002181
0.000619
0.001836
0.001546
0.002039
0.001277
-0.001054
-0.001645
-0.000556
0.000651
0.000827
0.000273
-0.000295
-0.001587
-0.002327
-0.001586
-0.001199
-0.001551
-0.000870
0.001049
0.002808
0.003323
0.001711
-0.000059
0.000674
0.001897
0.001558
0.001093
0.000865
-0.000708
-0.002280
-0.001634
-0.000659
-0.001148
-0.001650
-0.000604
0.001191
0.001702
0.000936
0.000636
0.001196
0.001366
-0.000197
-0.002100
-0.001879
-0.000645
0.000610
0.001830
0.001343
-0.000855
-0.002397
-0.002374
-0.002361
-0.002568
-0.001840
-0.000945
-0.001216
-0.001812
-0.001629
-0.001240
-0.001219
-0.001385
-0.001457
-0.000858
0.000181
-0.000316
-0.001941
-0.002025
-0.000484
0.001268
0.001404
-0.000881
-0.002541
-0.001599
-0.000538
-0.000958
-0.001519
-0.001388
-0.002298
-0.004469
-0.004827
-0.003035
-0.001308
0.000250
0.001624
0.001361
0.000511
0.000948
0.001107
0.000014
0.000238
0.001882
0.002013
0.001062
0.001029
0.001533
0.000443
-0.001825
-0.001901
-0.001672
-0.003859
-0.004831
-0.003063
-0.002276
-0.004007
-0.005053
-0.004177
-0.003640
-0.004012
-0.003634
-0.002913
-0.003800
-0.004731
-0.004123
-0.004042
-0.005367
-0.005501
-0.003865
-0.003344
-0.004308
-0.003696
-0.001178
-0.000408
-0.001731
-0.002110
-0.001282
-0.001297
-0.003019
-0.004597
-0.004338
-0.003074
-0.001726
-0.000918
-0.001222
-0.002199
-0.003048
-0.002516
-0.000865
-0.000493
-0.001425
-0.001649
-0.001602
-0.002436
-0.002489
-0.001113
-0.000251
0.000340
0.001424
0.001770
0.000422
-0.001622
-0.001810
-0.001489
-0.002943
-0.002859
-0.000708
-0.000440
-0.001666
-0.001797
-0.001205
-0.001070
-0.001234
-0.001340
-0.000444
0.001681
0.001984
-0.000548
-0.002242
-0.001431
0.000493
0.002212
0.002205
0.001050
0.000996
0.001816
0.001099
-0.000758
-0.000891
-0.000411
-0.000933
-0.001179
-0.001022
-0.000625
0.000767
0.002122
0.001881
0.001270
0.000879
-0.000515
-0.002160
-0.003267
-0.003766
-0.003012
-0.002199
-0.003242
-0.003884
-0.001501
0.000281
-0.000688
-0.000442
0.001744
0.002417
0.001464
0.001226
0.001811
0.002177
0.001447
-0.000567
-0.001574
-0.000630
0.000171
0.000791
0.002022
0.002144
0.000390
-0.001827
-0.003470
-0.003675
-0.002502
-0.001255
0.000115
0.001918
0.002656
0.001340
-0.001048
-0.002750
-0.002956
-0.002620
-0.001977
-0.000391
0.000414
-0.000534
-0.000978
-0.000272
0.000145
-0.000116
0.000342
0.002402
0.003571
0.002566
0.001998
0.002707
0.003148
0.002996
0.002883
0.002985
0.003096
0.003294
0.003054
0.001252
-0.000320
0.000387
0.001486
0.001988
0.003392
0.005777
0.006741
0.004956
0.002496
0.000978
0.000735
0.001511
0.001545
0.001217
0.002872
0.004248
0.001873
-0.000535
0.000678
0.002182
0.001729
0.000551
-0.001305
-0.002446
-0.000558
0.001959
0.001798
0.000439
0.000436
0.001308
0.001382
0.000004
-0.001799
-0.002080
-0.001136
-0.000757
-0.000353
0.000773
0.001695
0.003056
0.004275
0.002879
0.000642
0.000551
0.000750
-0.000865
-0.001743
0.000485
0.003351
0.004105
0.003629
0.003478
0.003739
0.003386
0.002642
0.003355
0.004661
0.004518
0.003576
0.002128
0.000669
0.001040
0.002056
0.001800
0.001142
0.001071
0.001384
0.001461
0.000535
-0.001214
-0.001918
-0.000426
0.001676
0.002087
0.001061
0.000630
0.001167
0.001618
0.001578
0.001404
0.001337
0.000589
-0.001182
-0.001824
0.000290
0.002548
0.003397
0.005310
0.007341
0.006639
0.004340
0.002950
0.002460
0.001707
0.001577
0.001760
0.000085
-0.002117
-0.001835
0.000039
0.001579
0.003169
0.004381
0.003789
0.001872
0.000507
-0.000275
-0.001206
-0.000530
0.001636
0.002238
0.001133
0.000707
0.002038
0.004029
0.004773
0.003839
0.001976
0.000666
0.001300
0.002262
0.001897
0.001289
0.001313
0.001530
0.001539
0.001477
0.001536
0.001008
-0.000727
-0.001898
-0.001237
-0.000645
-0.001106
-0.000806
0.000921
0.001944
0.001366
0.001037
0.001323
0.000105
-0.001925
-0.001592
0.000217
0.000151
-0.000894
0.000351
0.002917
0.004210
0.004050
0.002787
0.001245
0.000956
0.001801
0.002215
0.002428
0.002861
0.002185
0.000791
-0.000428
-0.001426
-0.001235
-0.000592
-0.000867
-0.001369
-0.001386
-0.001071
-0.001441
-0.003109
-0.003968
-0.003195
-0.002288
-0.001272
-0.000853
-0.001423
-0.001703
-0.002145
-0.004002
-0.006270
-0.006086
-0.003373
-0.001458
-0.001285
-0.001484
-0.001702
-0.002488
-0.003724
-0.004024
-0.003475
-0.002988
-0.001670
-0.000388
-0.000944
-0.001651
-0.001170
-0.000718
-0.000818
-0.000929
-0.000834
-0.001081
-0.002102
-0.002320
-0.000775
0.000089
-0.000605
-0.001650
-0.003239
-0.004098
-0.003177
-0.002676
-0.003057
-0.002152
-0.000261
-0.000531
-0.003679
-0.005844
-0.004893
-0.003356
-0.002541
-0.001471
-0.000316
-0.000800
-0.003036
-0.004668
-0.005028
-0.004077
-0.002253
-0.002032
-0.003152
-0.003730
-0.004291
-0.005847
-0.007914
-0.008585
-0.007226
-0.005411
-0.004710
-0.005315
-0.005816
-0.005345
-0.004800
-0.004824
-0.005042
-0.004640
-0.003131
-0.001298
-0.000016
0.000602
0.000607
0.000064
-0.001117
-0.002146
-0.001473
0.000638
0.001922
0.000421
-0.002784
-0.004476
-0.004140
-0.003182
-0.001905
-0.001048
-0.001393
-0.002361
-0.003587
-0.004559
-0.003947
-0.001936
-0.000189
-0.000152
-0.002103
-0.004167
-0.004501
-0.003750
-0.002928
-0.001758
-0.000951
-0.000256
0.001348
0.000697
-0.002221
-0.002382
-0.000544
-0.000411
-0.001365
-0.001603
-0.001233
-0.001074
-0.001220
-0.001257
-0.001167
-0.001214
-0.001364
-0.000293
0.001806
0.002048
0.001469
0.001864
0.001530
0.001069
0.001616
0.001925
0.001575
0.001327
0.001391
0.001512
0.001575
0.001547
0.001491
0.001474
0.001501
0.000953
-0.000128
0.000319
0.001971
0.002057
0.001123
0.001121
0.001567
0.001545
0.001358
0.001377
0.001410
0.001447
0.002252
0.003894
0.004717
0.004067
0.002827
0.001532
0.001078
0.001691
0.002076
0.002454
0.003754
0.004665
0.003983
0.002153
0.000691
0.000641
0.001515
0.002871
0.003588
0.003663
0.003932
0.002810
0.001525
0.002844
0.004826
0.004851
0.002747
0.001313
0.002232
0.003179
0.003339
0.003229
0.002862
0.002203
0.001638
0.001925
0.002335
0.002166
0.002030
0.001663
0.000625
0.000732
0.002349
0.003210
0.003692
0.004808
0.005173
0.004254
0.002819
0.001987
0.001949
0.001494
0.000873
0.001416
0.002635
0.002853
0.001772
0.000278
-0.001513
-0.003238
-0.002403
0.000515
0.001400
0.000982
0.001889
0.002626
0.002262
0.002063
0.002873
0.004178
0.003917
0.002186
0.001816
0.002365
0.002131
0.001884
0.001453
0.001382
0.002668
0.002828
0.001026
0.000856
0.002398
0.002037
0.000758
0.000552
0.000120
0.000098
0.001907
0.003025
0.001128
-0.000962
-0.000891
-0.000728
-0.000808
0.000157
0.000184
-0.001482
-0.002489
-0.002530
-0.002487
-0.002476
-0.002182
-0.000867
0.000491
0.000324
-0.000344
-0.000662
-0.000787
-0.000034
0.000601
0.001034
0.002669
0.003526
0.002709
0.001928
0.001448
0.001965
0.003399
0.003006
0.001110
0.000915
0.001900
0.001968
0.002055
0.003003
0.003868
0.003829
0.002847
0.001320
-0.000707
-0.001668
-0.000214
0.001846
0.002325
0.002018
0.001421
-0.000731
-0.002112
-0.001104
0.000185
0.001798
0.003996
0.004602
0.003650
0.003461
0.003686
0.003018
0.002120
0.002204
0.002764
0.001451
-0.000441
-0.000088
0.000278
-0.001066
-0.001080
0.000702
0.000493
-0.001990
-0.003929
-0.004050
-0.002776
-0.001044
0.000082
0.000326
-0.000147
-0.000992
-0.001482
-0.001091
0.000129
0.002353
0.004534
0.004715
0.003663
0.002907
0.001967
0.000719
0.000238
0.000604
0.000826
0.001208
0.001799
0.001041
-0.000343
-0.000901
-0.001723
-0.002487
-0.001560
-0.000287
0.000086
0.000847
0.001004
-0.000893
-0.002104
-0.001186
-0.000382
-0.000181
0.000363
0.000958
0.000759
-0.000216
-0.001091
-0.001969
-0.002720
-0.003088
-0.002924
-0.001538
-0.000521
-0.001152
-0.001907
-0.002320
-0.002657
-0.002426
-0.002148
-0.002412
-0.002656
-0.002614
-0.003329
-0.005045
-0.005817
-0.004721
-0.002727
-0.001694
-0.002626
-0.003395
-0.002970
-0.003199
-0.004057
-0.003841
-0.002352
-0.000918
-0.000644
-0.000605
-0.000096
0.000266
0.001003
0.001788
0.001575
0.001041
0.000240
-0.000965
-0.001496
-0.001699
-0.002254
-0.002171
-0.001124
-0.000724
-0.002017
-0.003157
-0.002467
-0.000793
0.000477
0.000477
-0.000153
-0.000346
-0.000714
-0.001254
-0.001064
-0.000713
-0.000839
-0.001011
-0.001184
-0.001800
-0.002538
-0.003081
-0.003418
-0.003336
-0.003056
-0.002244
-0.000894
-0.000494
-0.001339
-0.002248
-0.002390
-0.001938
-0.001558
-0.001028
-0.000531
-0.000781
-0.001102
-0.000841
-0.000752
-0.001570
-0.002367
-0.001887
-0.000672
-0.000223
-0.000781
-0.001109
-0.000851
-0.000518
0.000308
0.001727
0.002986
0.003608
0.002910
0.001220
0.000057
-0.000457
-0.000523
0.000663
0.002930
0.004156
0.002918
0.000602
-0.000925
-0.000958
-0.000152
0.000079
0.000224
0.001365
0.002613
0.002544
0.001366
0.000678
0.000665
0.000523
0.000422
0.000658
0.001083
0.000860
-0.000129
-0.000834
-0.000797
-0.000641
-0.001153
-0.001388
-0.000549
0.000305
0.000441
0.000104
-0.000029
0.000160
0.000418
0.001019
0.001529
0.001325
0.000872
0.000402
-0.000073
-0.000509
-0.000663
0.000129
0.000694
-0.000370
-0.001364
-0.000906
-0.000368
-0.000625
-0.000757
-0.000018
0.000496
-0.000402
-0.001273
-0.000891
-0.000260
0.000173
0.000415
0.000185
0.000027
0.000075
-0.000383
-0.000913
-0.000764
-0.000358
0.000119
0.000469
0.000232
-0.000053
0.000141
0.000223
-0.000398
-0.000922
-0.000778
-0.001000
-0.001589
-0.001546
-0.001242
-0.001307
-0.001480
-0.001483
-0.001191
-0.000556
-0.000443
-0.001342
-0.001631
-0.000559
0.000019
-0.000269
-0.000155
-0.000175
-0.000661
-0.000443
0.000403
0.000845
0.000967
0.001082
0.001057
0.000875
0.000280
-0.000650
-0.001370
-0.001730
-0.001725
-0.001562
-0.001611
-0.001766
-0.001740
-0.001759
-0.002353
-0.003169
-0.003044
-0.001909
-0.000918
-0.000650
-0.000796
-0.000866
-0.000897
-0.001102
-0.000737
0.000362
0.001179
0.001427
0.001219
0.000503
-0.000278
-0.000610
-0.000302
0.000344
0.000477
0.000053
-0.000070
0.000029
-0.000249
-0.000632
-0.001017
-0.001373
-0.001095
-0.000440
-0.000281
-0.000727
-0.001160
-0.001467
-0.001710
-0.001365
-0.000751
-0.000569
-0.000507
-0.000329
-0.000350
-0.000169
0.000621
0.001369
0.001652
0.001322
0.000485
0.000045
0.000293
0.000669
0.000903
0.000889
0.000691
0.000690
0.000594
0.000089
-0.000220
-0.000232
-0.000262
-0.000277
-0.000192
0.000204
0.000663
0.000771
0.000696
0.000530
0.000424
0.000551
0.000644
0.000564
0.000621
0.001038
0.001408
0.001326
0.000984
0.000727
0.000758
0.000904
0.000992
0.001248
0.001420
0.000999
0.000502
0.000485
0.000520
0.000519
0.000724
0.000789
0.000614
0.000460
0.000246
0.000026
0.000060
0.000183
0.000144
0.000145
0.000340
0.000420
0.000405
0.000490
0.000429
0.000284
0.000313
0.000453
0.000664
0.000819
0.000757
0.000657
0.000614
0.000516
0.000397
0.000303
0.000274
0.000303
0.000301
0.000272
0.000260
0.000269
0.000217
0.000077
0.000089
0.000297
0.000253
-0.000085
-0.000178
0.000012
0.000118
0.000120
0.000154
0.000246
0.000248
0.000069
-0.000042
0.000058
0.000132
0.000113
0.000143
0.000219
0.000238
0.000200
0.000188
0.000201
0.000221
0.000277
0.000283
0.000180
0.000102
0.000073
0.000017
-0.000007
0.000021
0.000026
0.000002
0.000015
0.000056
0.000056
0.000040
0.000027
0.000008
0.000012
0.000036
0.000080
0.000133
0.000124
0.000048
-0.000008
0.000007
0.000048
0.000082
0.000108
0.000093
0.000045
0.000022
0.000023
0.000014
-0.000008
-0.000018
-0.000008
0.000000
-0.000004
-0.000000
0.000022
0.000034
0.000028
0.000038
0.000052
0.000048
0.000037
0.000025
0.000020
0.000025
0.000030
0.000041
0.000056
0.000052
0.000029
0.000012
0.000016
0.000025
0.000022
0.000019
0.000024
0.000030
0.000024
0.000014
0.000010
0.000008
0.000009
0.000015
0.000016
0.000008
0.000004
0.000009
0.000013
0.000014
0.000014
0.000012
0.000011
0.000011
0.000009
0.000007
0.000008
0.000009
0.000010
0.000010
0.000009
0.000008
0.000008
0.000008
0.000007
0.000007
0.000006
0.000006
0.000005
0.000005
0.000005
0.000004
0.000003
0.000002
0.000002
0.000002
0.000001
0.000000
0.000000
0.000000
-0.000000
-0.000001
-0.000001
-0.000002
-0.000002
-0.000002
-0.000003
-0.000003
-0.000003
-0.000004
-0.000004
-0.000004
-0.000004
-0.000005
-0.000005
-0.000005
-0.000005
-0.000005
-0.000005
-0.000006
-0.000006
-0.000006
-0.000006
