0.000174
0.000136
0.000014
-0.000005
0.000078
0.000078
0.000044
-0.000024
-0.000101
-0.000150
-0.000164
-0.000161
-0.000144
-0.000129
-0.000123
-0.000111
-0.000092
-0.000073
-0.000053
-0.000033
-0.000006
0.000044
0.000108
0.000169
0.000219
0.000242
0.000242
0.000239
0.000237
0.000234
0.000234
0.000266
0.000336
0.000391
0.000339
0.000169
-0.000006
-0.000109
-0.000165
-0.000214
-0.000200
-0.000033
0.000266
0.000590
0.000841
0.000954
0.000827
0.000381
-0.000196
-0.000585
-0.000645
-0.000350
0.000197
0.000671
0.000802
0.000561
-0.000101
-0.001130
-0.002007
-0.002317
-0.002211
-0.001904
-0.001501
-0.001260
-0.001392
-0.001747
-0.002039
-0.002085
-0.001580
-0.000342
0.000910
0.001384
0.001387
0.001252
0.000806
0.000279
0.000039
-0.000083
-0.000441
-0.001017
-0.001414
-0.001442
-0.001363
-0.001323
-0.001364
-0.001587
-0.002014
-0.002660
-0.003189
-0.002786
-0.001030
0.001055
0.002202
0.002488
0.002388
0.002179
0.002256
0.002580
0.002754
0.002904
0.003220
0.003439
0.003605
0.003749
0.003105
0.001034
-0.001742
-0.003651
-0.004420
-0.004391
-0.002554
0.000675
0.002766
0.002812
0.001676
0.000380
-0.000033
0.000887
0.002345
0.003389
0.003328
0.001380
-0.001594
-0.003191
-0.002149
0.000365
0.002102
0.001433
-0.001895
-0.005361
-0.006320
-0.004976
-0.001832
0.001849
0.003876
0.003859
0.001376
-0.003470
-0.007504
-0.008161
-0.006786
-0.005578
-0.004872
-0.004348
-0.003407
-0.001380
0.001714
0.004844
0.006362
0.005837
0.004287
0.003088
0.003302
0.004788
0.006307
0.006914
0.006826
0.006111
0.003502
-0.001603
-0.007587
-0.012110
-0.014073
-0.013608
-0.010313
-0.004574
0.000166
0.001414
0.000331
-0.001668
-0.003628
-0.003946
-0.001095
0.004387
0.009268
0.011776
0.012200
0.009269
0.002891
-0.003369
-0.006824
-0.007935
-0.006263
0.000001
0.008383
0.013510
0.013940
0.010693
0.003722
-0.004395
-0.008973
-0.009256
-0.007494
-0.005115
-0.002782
-0.001868
-0.003347
-0.005703
-0.006854
-0.006004
-0.002470
0.003134
0.007712
0.008937
0.007719
0.007104
0.009151
0.012782
0.016146
0.017958
0.016703
0.013102
0.010118
0.009423
0.010999
0.013493
0.014511
0.010042
-0.001753
-0.013763
-0.018398
-0.016794
-0.013371
-0.010741
-0.009247
-0.008336
-0.008417
-0.009859
-0.012623
-0.017839
-0.024434
-0.028010
-0.025583
-0.017226
-0.006041
0.003397
0.008577
0.009994
0.008072
0.001363
-0.007723
-0.013080
-0.012838
-0.007607
0.001540
0.010407
0.014603
0.014238
0.011690
0.008370
0.006075
0.005589
0.006161
0.006956
0.007019
0.006121
0.005131
0.006007
0.009032
0.011184
0.011235
0.009444
0.004797
-0.002058
-0.008666
-0.012591
-0.014416
-0.016485
-0.018705
-0.020175
-0.020574
-0.019711
-0.017316
-0.011772
0.000220
0.017623
0.032071
0.037153
0.032510
0.019516
0.004252
-0.003952
-0.003879
-0.000995
0.001385
0.002476
0.001453
-0.002163
-0.006548
-0.009996
-0.012718
-0.015291
-0.017151
-0.016069
-0.011321
-0.003870
0.005032
0.013966
0.021278
0.024889
0.025289
0.024667
0.023387
0.022008
0.022213
0.023838
0.023428
0.016743
0.004490
-0.007347
-0.013661
-0.015010
-0.014621
-0.013517
-0.013428
-0.017931
-0.026246
-0.032727
-0.033847
-0.029661
-0.020593
-0.006703
0.008944
0.019990
0.024889
0.027761
0.030461
0.031007
0.026801
0.017369
0.005905
-0.003202
-0.008962
-0.012267
-0.013074
-0.012566
-0.012471
-0.012744
-0.012072
-0.009157
-0.003309
0.005032
0.013216
0.018547
0.019960
0.016230
0.007723
0.000085
-0.001618
0.001238
0.004469
0.004071
-0.000477
-0.006102
-0.010148
-0.011703
-0.011015
-0.009260
-0.009418
-0.012055
-0.013464
-0.012604
-0.010954
-0.007041
0.001242
0.011706
0.019598
0.021441
0.015521
0.002368
-0.014732
-0.029279
-0.035521
-0.034885
-0.032366
-0.029469
-0.025590
-0.021807
-0.019375
-0.017014
-0.013869
-0.011128
-0.006771
0.002408
0.014177
0.023244
0.026069
0.022763
0.015830
0.007767
0.000813
-0.003020
-0.003409
-0.002475
-0.002540
-0.003693
-0.004713
-0.005853
-0.007930
-0.010478
-0.013212
-0.014491
-0.008157
0.008347
0.025759
0.032565
0.028072
0.019987
0.013794
0.011536
0.015426
0.024329
0.031547
0.033032
0.030181
0.024418
0.018094
0.013415
0.010177
0.007665
0.004508
0.000337
-0.003541
-0.005458
-0.004992
-0.002657
0.002002
0.006454
0.007241
0.005550
0.004208
0.005461
0.008979
0.012312
0.015050
0.015293
0.008630
-0.002947
-0.012171
-0.015777
-0.014611
-0.011507
-0.010077
-0.013179
-0.022474
-0.033877
-0.039674
-0.036955
-0.025479
-0.007621
0.007785
0.012489
0.006014
-0.004885
-0.012002
-0.013527
-0.011992
-0.006596
0.001930
0.008646
0.011414
0.009083
0.000286
-0.009362
-0.012828
-0.011385
-0.007148
-0.001896
0.001404
0.003618
0.006241
0.011437
0.020128
0.027835
0.032102
0.034965
0.037000
0.037091
0.035011
0.032064
0.029465
0.026826
0.022825
0.017783
0.012961
0.007436
0.001680
-0.001720
-0.002277
-0.000630
0.001377
0.001250
-0.001886
-0.007408
-0.013934
-0.019393
-0.020592
-0.017049
-0.010870
-0.003875
0.000220
-0.001462
-0.006795
-0.010939
-0.009440
0.001258
0.018176
0.030677
0.033757
0.029940
0.021243
0.010231
-0.000109
-0.007640
-0.011963
-0.014270
-0.014367
-0.013860
-0.015824
-0.021096
-0.029368
-0.037103
-0.040344
-0.039384
-0.033946
-0.024477
-0.016256
-0.012647
-0.010570
-0.007371
-0.005169
-0.005776
-0.008456
-0.010756
-0.010847
-0.010048
-0.009709
-0.010004
-0.010885
-0.012075
-0.013279
-0.013988
-0.014276
-0.012893
-0.009055
-0.005965
-0.005255
-0.004806
-0.003709
-0.002748
-0.001523
-0.000067
0.001161
0.002610
0.003491
0.003495
0.003291
0.002008
-0.000254
-0.001648
-0.000362
0.004488
0.010574
0.014418
0.013474
0.008370
0.002877
-0.001174
-0.003620
-0.004223
-0.002335
0.001708
0.005350
0.007447
0.008834
0.009377
0.009300
0.008586
0.007112
0.006198
0.005491
0.003675
0.001401
-0.000290
-0.002180
-0.003562
-0.001908
0.001999
0.005784
0.008311
0.007639
0.000362
-0.013429
-0.027745
-0.037065
-0.040538
-0.039795
-0.034681
-0.024617
-0.014199
-0.009029
-0.010007
-0.017147
-0.028609
-0.038309
-0.042274
-0.041522
-0.037857
-0.031643
-0.024798
-0.020409
-0.019572
-0.021528
-0.023585
-0.022749
-0.019094
-0.013933
-0.005760
0.004749
0.011889
0.014004
0.013889
0.012483
0.010535
0.009362
0.008927
0.007802
0.006547
0.007342
0.008614
0.008195
0.006472
0.003962
0.002260
0.003337
0.006358
0.010157
0.015693
0.022005
0.026900
0.030984
0.034012
0.034323
0.033502
0.033546
0.032956
0.030365
0.026534
0.022251
0.017271
0.011837
0.007523
0.004041
0.000784
-0.001246
-0.001155
0.001689
0.005754
0.009322
0.012907
0.015802
0.015710
0.013171
0.010461
0.007195
0.002826
-0.001089
-0.002866
-0.002759
-0.002414
-0.002617
-0.004560
-0.008785
-0.012832
-0.015849
-0.018678
-0.019448
-0.017173
-0.012962
-0.005813
0.003666
0.011447
0.016362
0.020459
0.024003
0.027085
0.032502
0.039551
0.043981
0.045143
0.043804
0.038504
0.029931
0.021899
0.016592
0.013207
0.009129
0.003047
-0.003695
-0.008256
-0.008680
-0.006510
-0.004379
-0.003321
-0.003476
-0.004861
-0.006080
-0.005278
-0.003098
-0.000546
0.002643
0.006057
0.008218
0.008648
0.007866
0.004597
-0.002155
-0.010003
-0.016937
-0.023149
-0.028043
-0.031224
-0.033625
-0.036152
-0.038067
-0.037871
-0.034435
-0.025313
-0.010338
0.005397
0.017004
0.023004
0.023984
0.022653
0.021440
0.019687
0.016052
0.011485
0.007968
0.006069
0.002955
-0.001797
-0.002840
-0.000443
0.000505
-0.000247
-0.002041
-0.005300
-0.008838
-0.011730
-0.013136
-0.011441
-0.008231
-0.006849
-0.007053
-0.007200
-0.006812
-0.004877
0.000087
0.008850
0.019112
0.027360
0.032289
0.033984
0.033693
0.031582
0.026590
0.020146
0.014244
0.009706
0.006934
0.004298
0.000555
-0.003779
-0.008671
-0.015660
-0.024842
-0.033239
-0.040088
-0.045817
-0.049729
-0.052032
-0.052905
-0.052431
-0.050688
-0.046598
-0.039346
-0.028487
-0.014760
-0.001856
0.008618
0.017486
0.023563
0.025556
0.025125
0.025437
0.025513
0.022406
0.014576
0.001325
-0.012264
-0.019194
-0.018983
-0.013439
-0.002907
0.008776
0.016250
0.019601
0.021006
0.020431
0.018783
0.016802
0.013239
0.008844
0.005930
0.005042
0.005205
0.004607
0.001284
-0.004066
-0.008889
-0.011901
-0.012259
-0.009953
-0.006572
-0.003414
-0.000384
0.002950
0.005387
0.005372
0.003846
0.003544
0.004914
0.005941
0.005875
0.004702
0.002844
0.001753
0.001838
0.003063
0.004210
0.002008
-0.003687
-0.010480
-0.016514
-0.019702
-0.019481
-0.017372
-0.015074
-0.013082
-0.010732
-0.007393
-0.003713
-0.000236
0.002945
0.004315
0.002560
-0.002891
-0.013532
-0.027092
-0.037608
-0.043258
-0.044833
-0.042884
-0.040105
-0.038022
-0.035096
-0.030973
-0.025705
-0.019127
-0.012373
-0.003882
0.008341
0.021808
0.033568
0.041790
0.044514
0.040374
0.030526
0.018633
0.007589
-0.000720
-0.005337
-0.006600
-0.005738
-0.004360
-0.003717
-0.004418
-0.004707
-0.002400
0.004598
0.016792
0.027946
0.032925
0.033510
0.032394
0.032293
0.035567
0.040211
0.043370
0.043557
0.036443
0.020549
0.001657
-0.014078
-0.022972
-0.024354
-0.020676
-0.013737
-0.003917
0.007206
0.016459
0.021561
0.023407
0.025070
0.028395
0.032591
0.035241
0.033228
0.024514
0.012222
0.002511
-0.003142
-0.006986
-0.009869
-0.011744
-0.013431
-0.015689
-0.017594
-0.017655
-0.014915
-0.009552
-0.003543
0.001535
0.004628
0.005347
0.005810
0.007310
0.008114
0.006507
0.002488
-0.003886
-0.011549
-0.017072
-0.019865
-0.021976
-0.023244
-0.021703
-0.014921
-0.004025
0.006035
0.013316
0.019587
0.026975
0.035691
0.043411
0.047922
0.049055
0.047488
0.044372
0.041380
0.039221
0.037595
0.035239
0.031081
0.025641
0.019845
0.013093
0.004781
-0.004196
-0.013283
-0.021300
-0.025822
-0.026367
-0.024670
-0.022211
-0.019590
-0.017541
-0.017224
-0.018690
-0.020551
-0.021351
-0.021423
-0.022033
-0.022919
-0.023654
-0.023874
-0.022701
-0.019864
-0.016317
-0.013436
-0.011568
-0.010878
-0.012362
-0.017806
-0.026653
-0.034159
-0.037405
-0.037004
-0.032937
-0.026708
-0.021969
-0.020171
-0.020051
-0.019730
-0.018257
-0.015416
-0.011330
-0.006516
-0.000427
0.006882
0.013364
0.017746
0.019974
0.020550
0.019564
0.016965
0.014024
0.012346
0.012200
0.011858
0.009702
0.006574
0.003845
0.001654
0.000458
0.000446
0.000676
0.000046
-0.002156
-0.004645
-0.005525
-0.004524
-0.002251
0.000604
0.003845
0.005904
0.004910
0.002424
0.000462
-0.002045
-0.005777
-0.008306
-0.007791
-0.005423
-0.002531
0.001673
0.008695
0.017593
0.025109
0.030002
0.032568
0.032783
0.032316
0.032014
0.030767
0.029290
0.028004
0.024995
0.019470
0.012769
0.006629
0.002304
-0.000891
-0.004757
-0.008298
-0.010239
-0.012188
-0.013128
-0.008640
0.001578
0.012216
0.018584
0.020072
0.018345
0.015876
0.014141
0.012094
0.009016
0.006765
0.006470
0.006662
0.006535
0.006531
0.006698
0.006971
0.007230
0.007393
0.007673
0.007674
0.006472
0.004085
-0.000043
-0.007104
-0.014755
-0.019380
-0.020970
-0.020933
-0.019372
-0.016922
-0.015231
-0.015425
-0.017734
-0.021097
-0.023627
-0.024728
-0.026150
-0.028847
-0.031966
-0.036279
-0.043455
-0.051639
-0.056949
-0.059402
-0.060587
-0.059922
-0.056671
-0.050471
-0.042003
-0.032052
-0.019139
-0.004205
0.007979
0.015053
0.017790
0.018169
0.017324
0.015026
0.011701
0.008107
0.004482
0.001181
-0.000460
0.000240
0.002470
0.006634
0.014937
0.025909
0.034190
0.038848
0.042154
0.043838
0.043293
0.041180
0.037414
0.030638
0.021529
0.013109
0.007500
0.005053
0.005884
0.010769
0.018862
0.027238
0.032262
0.032965
0.031841
0.029264
0.023666
0.015649
0.007495
0.001488
-0.001976
-0.004173
-0.005061
-0.004348
-0.004039
-0.005034
-0.006063
-0.007569
-0.011034
-0.016662
-0.022415
-0.026331
-0.029060
-0.031356
-0.033134
-0.033737
-0.032211
-0.027957
-0.020332
-0.011173
-0.003956
0.000593
0.003418
0.005054
0.006486
0.008352
0.010597
0.012529
0.012718
0.011441
0.009780
0.007917
0.006156
0.004557
0.001585
-0.003730
-0.009045
-0.012094
-0.013447
-0.013245
-0.009915
-0.003414
0.003578
0.009305
0.014077
0.017519
0.019480
0.020131
0.019226
0.017632
0.016203
0.015032
0.013983
0.012475
0.009824
0.005883
0.000652
-0.005924
-0.012622
-0.017701
-0.020820
-0.022870
-0.024506
-0.025271
-0.024161
-0.020701
-0.015074
-0.008333
-0.002615
0.001088
0.003785
0.006086
0.007443
0.008139
0.009010
0.008285
0.004374
0.000044
-0.002315
-0.003414
-0.003701
-0.003079
-0.002762
-0.003950
-0.005713
-0.006454
-0.006298
-0.005611
-0.004220
-0.003514
-0.004275
-0.004898
-0.004789
-0.004561
-0.004132
-0.004377
-0.007027
-0.011081
-0.013010
-0.012625
-0.012364
-0.011412
-0.008635
-0.006017
-0.004457
-0.002177
0.000304
0.001017
0.000136
-0.002233
-0.005367
-0.007384
-0.007881
-0.008246
-0.009424
-0.010596
-0.011842
-0.014299
-0.017356
-0.020292
-0.022947
-0.024211
-0.022986
-0.018948
-0.012987
-0.006440
-0.000369
0.003895
0.006142
0.008221
0.011169
0.013127
0.012827
0.011799
0.011013
0.009683
0.007972
0.007042
0.006745
0.006448
0.006463
0.006557
0.007032
0.008092
0.008085
0.007276
0.006884
0.005608
0.002880
0.002376
0.004336
0.003387
0.000769
0.001142
0.003306
0.005057
0.006262
0.005813
0.003708
0.002151
0.001460
0.001071
0.001019
0.001046
0.001015
0.000995
0.001446
0.002402
0.002257
0.000677
-0.000408
-0.001018
-0.002381
-0.003860
-0.004611
-0.005501
-0.007418
-0.009768
-0.011457
-0.012175
-0.012401
-0.011643
-0.009724
-0.007448
-0.004866
-0.002319
-0.000040
0.002156
0.003966
0.005544
0.007550
0.009934
0.011773
0.012152
0.011112
0.009215
0.007030
0.004969
0.002543
0.000057
-0.001347
-0.002112
-0.003463
-0.005124
-0.006599
-0.008328
-0.009498
-0.009517
-0.009566
-0.009962
-0.010353
-0.010781
-0.011300
-0.012065
-0.012464
-0.012673
-0.013510
-0.014001
-0.012849
-0.010509
-0.008800
-0.007652
-0.005936
-0.004099
-0.002854
-0.002034
-0.000662
0.001626
0.004675
0.008211
0.011253
0.013303
0.015406
0.017501
0.018205
0.017814
0.016472
0.013090
0.008379
0.004772
0.002094
-0.000791
-0.002286
-0.002307
-0.001964
-0.000101
0.002894
0.004925
0.005609
0.005309
0.004928
0.005215
0.005785
0.006925
0.009115
0.011562
0.013295
0.014715
0.016939
0.019826
0.022070
0.023669
0.025450
0.026681
0.026710
0.025757
0.023911
0.022011
0.020975
0.020501
0.019502
0.016978
0.013356
0.009348
0.004847
0.000150
-0.004280
-0.007690
-0.010170
-0.012213
-0.013234
-0.013468
-0.013575
-0.013257
-0.012524
-0.011466
-0.009611
-0.007871
-0.006710
-0.005191
-0.003295
-0.001003
0.001695
0.003602
0.003924
0.003804
0.003917
0.003271
0.001943
0.000599
-0.001522
-0.004231
-0.006453
-0.008799
-0.011346
-0.012784
-0.012738
-0.012063
-0.011491
-0.010328
-0.008561
-0.007490
-0.007274
-0.007270
-0.007181
-0.007699
-0.008843
-0.009798
-0.011102
-0.012956
-0.014502
-0.014963
-0.013827
-0.011823
-0.010045
-0.008577
-0.007396
-0.005933
-0.003927
-0.001666
0.000368
0.001063
0.001278
0.002162
0.002974
0.003679
0.004969
0.006585
0.007766
0.007952
0.007241
0.006848
0.006663
0.005814
0.005506
0.005758
0.004964
0.004026
0.003574
0.002143
-0.000009
-0.001628
-0.001357
0.000845
0.001079
-0.001062
-0.001361
0.000126
0.001933
0.004352
0.006863
0.008687
0.009890
0.010488
0.010275
0.009625
0.008844
0.008494
0.008514
0.008742
0.010205
0.012320
0.012999
0.011563
0.008579
0.004529
-0.000101
-0.004111
-0.007091
-0.009776
-0.011994
-0.013506
-0.014432
-0.014358
-0.013146
-0.011453
-0.010285
-0.009467
-0.008153
-0.006067
-0.002954
0.001121
0.004861
0.006602
0.006096
0.004588
0.003126
0.001779
0.000801
0.000143
-0.000545
-0.001343
-0.002229
-0.003180
-0.004105
-0.004548
-0.004454
-0.004072
-0.003187
-0.001488
0.000511
0.002010
0.002786
0.002951
0.002961
0.002931
0.002574
0.002003
0.001534
0.001364
0.001298
0.001444
0.002417
0.003522
0.003888
0.004861
0.006983
0.008561
0.009275
0.010535
0.012061
0.012402
0.012177
0.012328
0.012526
0.012609
0.012717
0.012572
0.011684
0.010169
0.008058
0.005502
0.003942
0.003920
0.004093
0.003973
0.003979
0.004073
0.004119
0.004122
0.004114
0.004117
0.004154
0.004238
0.003704
0.002703
0.002562
0.003015
0.003568
0.004153
0.004293
0.003787
0.003058
0.003372
0.003543
0.001864
0.000266
-0.000247
-0.000936
-0.001915
-0.002564
-0.003008
-0.003031
-0.002137
-0.001141
-0.001201
-0.001848
-0.001981
-0.001724
-0.000997
0.000103
0.000580
0.000591
0.000353
-0.000207
-0.000344
-0.000366
-0.000891
-0.001363
-0.001480
-0.001092
-0.000058
0.000963
0.001331
0.001407
0.001484
0.000699
-0.001175
-0.003300
-0.005360
-0.007249
-0.008978
-0.009929
-0.009207
-0.007887
-0.007391
-0.008103
-0.010215
-0.012439
-0.013345
-0.014283
-0.015893
-0.016529
-0.016175
-0.015259
-0.013444
-0.011154
-0.007928
-0.003654
0.000035
0.003364
0.006389
0.007327
0.007017
0.007111
0.007175
0.006574
0.005420
0.004123
0.002743
0.001554
0.000308
-0.001964
-0.004499
-0.006274
-0.007166
-0.007188
-0.006931
-0.007159
-0.007861
-0.008228
-0.007656
-0.006419
-0.005536
-0.005222
-0.005195
-0.005883
-0.007518
-0.009248
-0.010295
-0.010703
-0.011245
-0.012704
-0.013677
-0.013336
-0.012459
-0.011133
-0.009590
-0.007827
-0.006483
-0.006081
-0.005486
-0.004692
-0.004573
-0.004769
-0.004685
-0.003741
-0.001965
-0.000532
0.000358
0.001059
0.001020
0.000357
0.000329
0.001469
0.003171
0.005005
0.006856
0.007768
0.007249
0.006305
0.005010
0.003410
0.002601
0.001658
-0.000282
-0.002033
-0.003026
-0.003082
-0.001845
0.000232
0.002186
0.003784
0.005443
0.007264
0.008997
0.010292
0.010675
0.010249
0.009641
0.009157
0.008661
0.007463
0.005290
0.002929
0.001072
0.000032
0.000179
0.001169
0.002381
0.003576
0.004230
0.004041
0.003356
0.002891
0.002442
0.001143
0.000148
0.000743
0.001985
0.002922
0.004223
0.006205
0.007340
0.007621
0.008090
0.008022
0.006986
0.006046
0.005729
0.005227
0.004441
0.003816
0.002763
0.000771
-0.001088
-0.002022
-0.002451
-0.002581
-0.002517
-0.002467
-0.003142
-0.005017
-0.007088
-0.008315
-0.008890
-0.009239
-0.008948
-0.008056
-0.007702
-0.008302
-0.009407
-0.010691
-0.011155
-0.010669
-0.010197
-0.009191
-0.007565
-0.006269
-0.005465
-0.005128
-0.004849
-0.004219
-0.003099
-0.001839
-0.001756
-0.002533
-0.003047
-0.003458
-0.003907
-0.004566
-0.005289
-0.005566
-0.005187
-0.003604
-0.001092
0.000971
0.001827
0.002010
0.002599
0.003453
0.003888
0.004295
0.005376
0.006894
0.008394
0.009799
0.010574
0.010716
0.011836
0.014238
0.016405
0.017854
0.018698
0.019221
0.019728
0.019941
0.019934
0.020099
0.019757
0.017702
0.014945
0.013418
0.012678
0.011756
0.010831
0.009445
0.007409
0.005603
0.004017
0.002075
0.000464
-0.000190
-0.000827
-0.001452
-0.001435
-0.001278
-0.001295
-0.001276
-0.001289
-0.001672
-0.002166
-0.002957
-0.004514
-0.005572
-0.005565
-0.005234
-0.004374
-0.002530
-0.000595
0.000043
-0.000156
-0.000705
-0.001872
-0.002953
-0.003975
-0.005535
-0.006596
-0.006562
-0.006663
-0.006958
-0.006682
-0.006466
-0.006169
-0.005307
-0.004853
-0.004929
-0.004856
-0.004765
-0.004733
-0.004826
-0.005880
-0.007704
-0.009277
-0.011138
-0.013163
-0.013947
-0.013816
-0.013824
-0.013938
-0.013896
-0.013900
-0.014177
-0.014747
-0.014984
-0.014427
-0.013653
-0.012206
-0.009870
-0.008282
-0.008060
-0.007938
-0.007176
-0.006667
-0.006790
-0.006919
-0.006798
-0.006197
-0.005434
-0.005254
-0.005347
-0.005326
-0.005284
-0.004510
-0.002715
-0.001045
0.000425
0.002139
0.003893
0.005440
0.006567
0.007900
0.009004
0.009058
0.009290
0.010231
0.010967
0.011199
0.011150
0.011462
0.012060
0.012155
0.012051
0.012200
0.011718
0.010163
0.009085
0.009312
0.009917
0.010345
0.011180
0.012357
0.012859
0.012688
0.012401
0.012209
0.011682
0.010850
0.010409
0.009700
0.008299
0.006618
0.004405
0.002042
0.000633
-0.000442
-0.001931
-0.003272
-0.004465
-0.004823
-0.004173
-0.003771
-0.003811
-0.003803
-0.003729
-0.003912
-0.004429
-0.004982
-0.005277
-0.005367
-0.005852
-0.006626
-0.007550
-0.009011
-0.010363
-0.011519
-0.012485
-0.012713
-0.012510
-0.012044
-0.011654
-0.011992
-0.012580
-0.012169
-0.012133
-0.013955
-0.013953
-0.009870
-0.005695
-0.004500
-0.004417
-0.004235
-0.004812
-0.005352
-0.004804
-0.003973
-0.003350
-0.001914
-0.000255
0.000828
0.002231
0.003288
0.003906
0.005095
0.006432
0.007943
0.009660
0.011178
0.012515
0.013287
0.013387
0.013016
0.012307
0.011753
0.011498
0.011618
0.011947
0.011855
0.011355
0.011009
0.010967
0.010915
0.010646
0.010443
0.010161
0.009397
0.008773
0.008233
0.007010
0.006175
0.006821
0.007573
0.007662
0.007997
0.008611
0.008987
0.009130
0.008611
0.007122
0.006097
0.006196
0.006401
0.005793
0.004332
0.003121
0.001909
-0.000308
-0.002152
-0.001963
-0.001351
-0.002036
-0.002286
-0.001101
0.000074
0.000465
0.000385
0.000584
0.001331
0.001517
0.001006
0.000749
0.000158
-0.000711
-0.001081
-0.001635
-0.002260
-0.002344
-0.002331
-0.001972
-0.000606
0.000778
0.000886
0.000449
0.000511
0.000688
0.000661
0.000629
0.000595
0.000602
0.000671
-0.000059
-0.001682
-0.002466
-0.002184
-0.002240
-0.003181
-0.003780
-0.003450
-0.003344
-0.002933
-0.002993
-0.005340
-0.007800
-0.009094
-0.010258
-0.010901
-0.010855
-0.010812
-0.010868
-0.010890
-0.010846
-0.010253
-0.008674
-0.006689
-0.005424
-0.004706
-0.004228
-0.004310
-0.004259
-0.004368
-0.004994
-0.005170
-0.005058
-0.005134
-0.005217
-0.004904
-0.003995
-0.002958
-0.002430
-0.002010
-0.000760
0.000870
0.002318
0.003412
0.004498
0.005923
0.006990
0.008206
0.009397
0.009926
0.010220
0.010407
0.010950
0.011064
0.010236
0.009758
0.009799
0.009271
0.007846
0.006330
0.005803
0.006054
0.005545
0.004414
0.004012
0.004196
0.003903
0.003041
0.002592
0.002691
0.002693
0.002624
0.002336
0.001568
0.001077
0.001146
0.001327
0.000825
-0.000791
-0.001915
-0.001784
-0.001837
-0.002292
-0.002537
-0.002450
-0.001909
-0.001576
-0.001616
-0.001507
-0.001467
-0.001945
-0.002962
-0.004020
-0.004401
-0.004096
-0.004086
-0.004464
-0.004506
-0.004398
-0.004451
-0.004491
-0.004483
-0.004489
-0.004508
-0.004514
-0.004519
-0.004609
-0.004462
-0.003425
-0.002058
-0.001532
-0.001617
-0.001582
-0.001389
-0.001378
-0.002283
-0.003940
-0.005268
-0.006453
-0.007720
-0.008696
-0.009314
-0.009553
-0.009692
-0.010377
-0.011301
-0.011536
-0.011416
-0.011073
-0.010556
-0.009990
-0.008863
-0.007991
-0.007761
-0.007165
-0.006689
-0.006806
-0.006796
-0.006354
-0.005167
-0.003447
-0.002191
-0.002053
-0.002411
-0.002127
-0.001787
-0.001913
-0.001819
-0.001519
-0.001106
-0.000740
-0.000900
-0.000794
0.000330
0.001266
0.001739
0.002614
0.003414
0.003717
0.003604
0.003066
0.002734
0.002758
0.002516
0.002271
0.002325
0.002414
0.002529
0.002316
0.002289
0.003123
0.003628
0.003993
0.004944
0.005326
0.005604
0.006714
0.007092
0.006716
0.006841
0.006880
0.006749
0.006642
0.006326
0.006309
0.006641
0.006830
0.006737
0.006257
0.005578
0.005232
0.005019
0.004834
0.004991
0.004601
0.003850
0.004138
0.004505
0.003501
0.002309
0.002185
0.002139
0.001466
0.001250
0.001791
0.001671
0.000802
0.000247
-0.000071
-0.000559
-0.001662
-0.003106
-0.003573
-0.003700
-0.004561
-0.005220
-0.005591
-0.005620
-0.004840
-0.004120
-0.003843
-0.003761
-0.003537
-0.003208
-0.003175
-0.003198
-0.003199
-0.003066
-0.002312
-0.001761
-0.002426
-0.003208
-0.003187
-0.003299
-0.003728
-0.003587
-0.003287
-0.002993
-0.002267
-0.001927
-0.001979
-0.001592
-0.000988
-0.000559
-0.000660
-0.001484
-0.001890
-0.001094
-0.000388
-0.000468
-0.000493
-0.000616
-0.001121
-0.000967
-0.000311
-0.000197
-0.000278
-0.000965
-0.002137
-0.002005
-0.001537
-0.001628
-0.001055
-0.000267
0.000487
0.001602
0.002033
0.001941
0.002312
0.002570
0.002463
0.002346
0.002543
0.003224
0.004014
0.004685
0.004789
0.004457
0.004159
0.003283
0.002256
0.002089
0.002251
0.002203
0.002097
0.002308
0.003148
0.004149
0.004190
0.002984
0.002170
0.001672
0.000455
-0.000225
0.000098
0.000876
0.001511
0.001826
0.002132
0.002073
0.001806
0.001557
0.000540
-0.000633
-0.000760
-0.000575
-0.000651
-0.000860
-0.001315
-0.001862
-0.002031
-0.001498
-0.001026
-0.001252
-0.001663
-0.002019
-0.002556
-0.003150
-0.003254
-0.003438
-0.004106
-0.004101
-0.003447
-0.002976
-0.002730
-0.002633
-0.002623
-0.002515
-0.002435
-0.002767
-0.003069
-0.003330
-0.004163
-0.004646
-0.004226
-0.003730
-0.003451
-0.003213
-0.002685
-0.001576
-0.000588
-0.000502
-0.000499
0.000071
0.000491
0.000671
0.000931
0.001018
0.001025
0.000897
0.000328
0.000427
0.001174
0.001070
0.000882
0.001186
0.001217
0.001519
0.002439
0.002940
0.002514
0.001928
0.002151
0.002292
0.001434
0.000589
0.000220
-0.000197
-0.001150
-0.001888
-0.001812
-0.001508
-0.001084
-0.000618
-0.000225
0.000029
0.000027
-0.000248
-0.000413
-0.000146
0.000130
0.000425
0.000913
0.001340
0.001314
0.000616
-0.000089
-0.000141
-0.000204
-0.000604
-0.000519
-0.000150
-0.000200
-0.000150
0.000192
0.000089
0.000131
0.001166
0.002321
0.002716
0.002858
0.003193
0.003119
0.002758
0.002652
0.002775
0.003593
0.004707
0.004882
0.004802
0.005345
0.005580
0.005063
0.004827
0.005060
0.005051
0.004393
0.003136
0.002424
0.002571
0.002635
0.002514
0.002769
0.002827
0.002010
0.001447
0.001033
-0.000058
-0.001041
-0.002080
-0.003026
-0.002941
-0.002784
-0.003239
-0.003952
-0.004369
-0.003922
-0.003492
-0.003500
-0.003259
-0.003067
-0.003143
-0.003153
-0.003090
-0.002864
-0.002811
-0.002601
-0.001494
-0.000774
-0.000877
-0.000800
-0.000598
-0.000359
-0.000150
-0.000179
-0.000240
-0.000226
-0.000205
-0.000182
-0.000157
-0.000315
-0.000733
-0.001011
-0.001211
-0.001206
-0.001406
-0.002253
-0.002054
-0.001314
-0.001400
-0.001189
-0.000949
-0.001451
-0.002160
-0.002418
-0.001707
-0.000950
-0.001104
-0.001478
-0.001307
-0.000692
-0.000467
-0.000359
-0.000048
-0.000273
-0.000548
-0.000668
-0.000903
-0.000751
-0.000426
0.000016
0.000293
0.000209
0.000714
0.001340
0.001578
0.001778
0.001859
0.002159
0.002509
0.002677
0.003113
0.003721
0.004114
0.003822
0.003365
0.003873
0.004438
0.004529
0.004752
0.004540
0.003552
0.002557
0.002405
0.002471
0.001803
0.001015
0.000858
0.001096
0.000707
0.000286
0.001013
0.001347
0.001112
0.001413
0.001349
0.001249
0.001971
0.002415
0.002253
0.002240
0.002292
0.001810
0.000914
0.000380
0.000028
-0.000461
-0.000695
-0.001109
-0.001850
-0.002405
-0.002964
-0.003062
-0.002675
-0.002014
-0.001204
-0.000895
-0.000318
0.000700
0.000823
-0.000003
-0.000315
-0.000183
-0.000496
-0.000704
-0.000595
-0.000546
-0.000542
-0.000573
-0.000505
0.000052
0.000862
0.001417
0.001920
0.002224
0.001867
0.001156
0.000333
-0.000312
-0.000413
-0.000251
-0.000339
-0.001070
-0.001571
-0.001525
-0.001982
-0.001692
-0.000407
-0.000143
-0.000443
-0.000159
0.000451
0.001097
0.001563
0.001970
0.002490
0.002431
0.002094
0.002152
0.001721
0.000909
0.000722
0.001052
0.001221
0.001517
0.002209
0.002371
0.001917
0.001660
0.002053
0.002574
0.002607
0.002651
0.003218
0.003601
0.003656
0.004321
0.004804
0.004840
0.005445
0.005748
0.005199
0.004778
0.004798
0.004555
0.003617
0.002823
0.002624
0.002459
0.002129
0.001635
0.001160
0.000560
0.000062
0.000418
0.001024
0.001314
0.001902
0.002560
0.002773
0.003121
0.003351
0.002958
0.002665
0.002807
0.002738
0.001597
0.000086
-0.000298
-0.000067
-0.000076
-0.000173
0.000095
0.000773
0.000864
0.000469
0.000429
0.000364
-0.000539
-0.002063
-0.003018
-0.003878
-0.005090
-0.005324
-0.004805
-0.004806
-0.005293
-0.005617
-0.005644
-0.005532
-0.005210
-0.004572
-0.003753
-0.003273
-0.003391
-0.003749
-0.004295
-0.005125
-0.005598
-0.005486
-0.005598
-0.005867
-0.005633
-0.005413
-0.005504
-0.005345
-0.004852
-0.003994
-0.002948
-0.002587
-0.002192
-0.000828
0.000135
0.000233
0.001111
0.002684
0.003229
0.002920
0.002224
0.001020
0.000319
0.000240
-0.000779
-0.002366
-0.002772
-0.002513
-0.002588
-0.002748
-0.002298
-0.001137
-0.000236
0.000130
0.000350
0.000370
0.000098
-0.000019
0.000290
0.000409
0.000479
0.000935
0.001237
0.000920
0.000861
0.001577
0.001634
0.001042
0.000669
0.000588
0.000770
0.000783
0.000941
0.001080
0.000600
-0.000014
-0.000260
-0.000441
-0.001326
-0.002462
-0.002351
-0.001356
-0.000979
-0.000866
-0.000631
-0.000393
0.000218
0.000575
0.000452
0.000445
0.000587
0.000445
0.000144
0.000346
0.000646
0.000597
0.000556
0.000604
0.000673
0.000509
-0.000217
-0.001319
-0.001966
-0.001882
-0.002028
-0.002373
-0.002347
-0.002271
-0.002260
-0.002406
-0.002818
-0.003080
-0.002879
-0.002437
-0.002208
-0.002226
-0.002253
-0.002258
-0.002247
-0.002192
-0.002161
-0.002207
-0.002253
-0.002266
-0.002269
-0.002277
-0.002273
-0.002263
-0.002680
-0.003106
-0.002680
-0.002013
-0.001628
-0.001587
-0.001444
-0.000914
-0.000739
-0.000819
-0.000917
-0.001343
-0.001893
-0.002226
-0.002206
-0.002253
-0.003098
-0.004245
-0.004434
-0.003898
-0.003254
-0.002455
-0.002060
-0.002145
-0.002156
-0.002191
-0.001630
-0.000709
-0.000698
-0.000263
0.000787
0.000923
0.000630
0.001026
0.002517
0.003820
0.003855
0.003700
0.004096
0.004287
0.003912
0.003892
0.004489
0.004645
0.004144
0.003865
0.003962
0.003999
0.004017
0.004323
0.004501
0.004420
0.004597
0.004533
0.004257
0.004349
0.004457
0.004400
0.004384
0.004462
0.004551
0.004623
0.004506
0.004010
0.003660
0.004072
0.004677
0.004736
0.004625
0.004694
0.004801
0.004542
0.003984
0.004131
0.004310
0.003517
0.002699
0.002360
0.002145
0.001896
0.001807
0.001853
0.001844
0.001837
0.001118
0.000220
0.000964
0.001391
0.000168
-0.000323
-0.000262
-0.000788
-0.001069
-0.001020
-0.001243
-0.001310
-0.001404
-0.002004
-0.002526
-0.002841
-0.002787
-0.002377
-0.001926
-0.001404
-0.000998
-0.001125
-0.001343
-0.001406
-0.002246
-0.003016
-0.002764
-0.002622
-0.003311
-0.003867
-0.003585
-0.003233
-0.002705
-0.001705
-0.000921
-0.000629
-0.000826
-0.000920
-0.000576
-0.000460
-0.000593
-0.000592
-0.000590
-0.000864
-0.001374
-0.001868
-0.002532
-0.003344
-0.003686
-0.003361
-0.002796
-0.002803
-0.002690
-0.001449
-0.000475
-0.000749
-0.001127
-0.000807
-0.000486
-0.000567
-0.001117
-0.001611
-0.001292
-0.001164
-0.001628
-0.001839
-0.002071
-0.002581
-0.002379
-0.001927
-0.002055
-0.002191
-0.002708
-0.002997
-0.002208
-0.002177
-0.002894
-0.002339
-0.001087
-0.000405
-0.000301
-0.000381
-0.000239
0.000017
0.000197
0.000665
0.000913
0.000829
0.001305
0.001930
0.001796
0.000922
0.000691
0.001162
0.001268
0.001477
0.001852
0.002089
0.002535
0.002674
0.001850
0.000923
0.000689
0.000795
0.001242
0.001684
0.001647
0.001907
0.002025
0.001259
0.000880
0.001717
0.002511
0.002393
0.002612
0.003135
0.002887
0.002692
0.003341
0.004146
0.004359
0.004101
0.003597
0.003194
0.003232
0.003254
0.002408
0.001211
0.001030
0.001242
0.000964
0.000963
0.001239
0.001355
0.001508
0.001108
0.000287
0.000082
0.000196
0.000132
0.000324
0.000586
0.000318
0.000102
0.000025
-0.000583
-0.000940
-0.000812
-0.001249
-0.001695
-0.001933
-0.002492
-0.002892
-0.003108
-0.002993
-0.002969
-0.003811
-0.004057
-0.003149
-0.003261
-0.004542
-0.005090
-0.004574
-0.003963
-0.003942
-0.004297
-0.004510
-0.004492
-0.004509
-0.004314
-0.004090
-0.004535
-0.004805
-0.004066
-0.003821
-0.004557
-0.004229
-0.003382
-0.003730
-0.004213
-0.004131
-0.003739
-0.003011
-0.002610
-0.002703
-0.002732
-0.002679
-0.002694
-0.002707
-0.002653
-0.002600
-0.002600
-0.002630
-0.002677
-0.002148
-0.001014
-0.000245
0.000141
0.000301
0.000389
0.000769
0.001675
0.002904
0.003419
0.003480
0.003614
0.003404
0.003238
0.003336
0.003357
0.003346
0.003368
0.003359
0.003361
0.003352
0.003109
0.002777
0.002383
0.001518
0.000692
0.000515
0.000628
0.000391
0.000215
0.000705
0.000846
0.000483
0.000502
0.000447
0.000157
0.000135
0.000216
0.000211
-0.000328
-0.000897
-0.000530
-0.000146
-0.000236
0.000003
0.000469
0.000551
0.000455
0.000563
0.000447
-0.000504
-0.001246
-0.001072
-0.001228
-0.001848
-0.002135
-0.002076
-0.002005
-0.002042
-0.002006
-0.001459
-0.000614
-0.000135
0.000281
0.000435
0.000108
0.000206
0.000427
0.000205
-0.000018
-0.000368
-0.000711
-0.000573
-0.000210
-0.000124
-0.000326
-0.000060
0.000530
0.000621
0.000559
0.000500
0.000099
-0.000039
0.000139
0.000104
0.000085
0.000207
0.000483
0.000687
0.000611
0.000532
0.000511
0.000559
0.000837
0.001402
0.001642
0.001208
0.000845
0.000649
0.000438
0.000413
0.000392
0.000592
0.001362
0.001963
0.001938
0.001892
0.001932
0.001645
0.001184
0.001045
0.000996
0.000707
0.000601
0.000624
0.000439
0.000208
-0.000227
-0.000791
-0.000754
-0.000173
0.000369
0.000704
0.000766
0.000729
0.000754
0.000795
0.000560
-0.000201
-0.000781
-0.000760
-0.000710
-0.000591
-0.000309
-0.000021
0.000512
0.000699
0.000307
0.000307
0.000718
0.000537
0.000206
0.000926
0.001749
0.001791
0.001584
0.001534
0.001539
0.001344
0.001594
0.002079
0.002340
0.003014
0.003804
0.004218
0.004386
0.004214
0.003764
0.003564
0.003640
0.003711
0.003468
0.002681
0.002066
0.002292
0.002629
0.002314
0.002035
0.002197
0.001972
0.001161
0.000492
0.000194
-0.000055
-0.000332
-0.000350
-0.000402
-0.000702
-0.000735
-0.000721
-0.001092
-0.001605
-0.002045
-0.002122
-0.001521
-0.000803
-0.000621
-0.000846
-0.001535
-0.001865
-0.001618
-0.002076
-0.002417
-0.002276
-0.002432
-0.002152
-0.001612
-0.002123
-0.003267
-0.003394
-0.002852
-0.002665
-0.002385
-0.002030
-0.001804
-0.001717
-0.001611
-0.000944
-0.000501
-0.000463
0.000224
0.000923
0.001086
0.001653
0.002534
0.003019
0.003224
0.003166
0.002776
0.002527
0.002583
0.002596
0.002156
0.001756
0.002016
0.001938
0.001414
0.001514
0.001651
0.001319
0.001673
0.002567
0.002758
0.002587
0.002640
0.002696
0.002755
0.002448
0.001377
0.000873
0.000962
0.000338
-0.000082
-0.000059
-0.000135
0.000021
0.000252
0.000262
0.000052
-0.000011
0.000166
0.000096
-0.000300
-0.000483
-0.000393
-0.000361
-0.000258
-0.000405
-0.001639
-0.003020
-0.003170
-0.002927
-0.003412
-0.004273
-0.004577
-0.004436
-0.004466
-0.004346
-0.003590
-0.002956
-0.002740
-0.002010
-0.001261
-0.001284
-0.001378
-0.000851
-0.000371
-0.000372
-0.000640
-0.001568
-0.002492
-0.002484
-0.002187
-0.002455
-0.002762
-0.002673
-0.002416
-0.002248
-0.002509
-0.002719
-0.002664
-0.002685
-0.002724
-0.002753
-0.002602
-0.002259
-0.002332
-0.002700
-0.002370
-0.001436
-0.000967
-0.001213
-0.001882
-0.002108
-0.001418
-0.001007
-0.001132
-0.000976
-0.000725
-0.000937
-0.001220
-0.000451
0.000524
0.000481
0.000554
0.000985
0.001036
0.000946
0.001078
0.001546
0.001839
0.001689
0.001773
0.001833
0.001421
0.001207
0.001309
0.001396
0.001098
0.000315
-0.000105
0.000028
0.000089
-0.000127
-0.000354
-0.000434
-0.000755
-0.001088
-0.000502
0.000862
0.001734
0.001734
0.001679
0.001845
0.001913
0.001892
0.001913
0.001924
0.001928
0.001972
0.002010
0.002007
0.001999
0.002002
0.002180
0.002673
0.003209
0.003526
0.003335
0.003062
0.003255
0.003287
0.002997
0.002534
0.002059
0.001993
0.002069
0.002029
0.002017
0.001971
0.002018
0.002263
0.002378
0.002580
0.003085
0.003146
0.003099
0.003595
0.003513
0.002598
0.001959
0.001799
0.001273
0.000575
0.000121
-0.000614
-0.001078
-0.000963
-0.000948
-0.001036
-0.001023
-0.001194
-0.001328
-0.001006
-0.000807
-0.000920
-0.000929
-0.000890
-0.000936
-0.000987
-0.000928
-0.000622
-0.000459
-0.000759
-0.000919
-0.000832
-0.000868
-0.000929
-0.000905
-0.000912
-0.000928
-0.000497
0.000114
0.000319
0.000528
0.000342
-0.000295
-0.000154
0.000252
0.000001
-0.000213
0.000549
0.001785
0.001974
0.001653
0.001727
0.001534
0.001324
0.001704
0.001960
0.001750
0.001731
0.001451
0.000619
-0.000132
-0.000649
-0.000554
0.000035
0.000749
0.001442
0.001991
0.002215
0.002182
0.002101
0.001839
0.001695
0.002006
0.002170
0.001668
0.001280
0.001412
0.001102
0.000467
-0.000194
-0.000815
-0.000913
-0.000831
-0.000882
-0.000899
-0.000873
-0.000873
-0.000887
-0.000888
-0.000902
-0.000879
-0.000612
-0.000474
-0.000798
-0.000956
-0.000801
-0.000753
-0.000789
-0.000812
-0.000762
-0.000484
-0.000379
-0.000761
-0.000826
-0.000207
0.000361
0.000923
0.001808
0.001929
0.001209
0.001084
0.001232
0.000853
0.000342
0.000226
0.000521
0.000700
0.000365
-0.000475
-0.000951
-0.000851
-0.000799
-0.000597
-0.000101
-0.000054
-0.000683
-0.001022
-0.000912
-0.000897
-0.000944
-0.000934
-0.000926
-0.000966
-0.000949
-0.001012
-0.001496
-0.001818
-0.001383
-0.001369
-0.002568
-0.003548
-0.003558
-0.003304
-0.002957
-0.002355
-0.001763
-0.001769
-0.001978
-0.001513
-0.001125
-0.001659
-0.001935
-0.001177
-0.000615
-0.000694
-0.000669
-0.000793
-0.001254
-0.001513
-0.001574
-0.001332
-0.000834
-0.000556
-0.000519
-0.000482
-0.000424
-0.000637
-0.000854
-0.000656
-0.000367
-0.000203
-0.000315
-0.000563
-0.000571
-0.000439
0.000003
0.000453
0.000176
-0.000358
-0.000512
-0.000486
-0.000503
-0.000490
-0.000435
-0.000410
-0.000394
-0.000412
-0.000454
-0.000446
-0.000418
-0.000435
-0.000435
-0.000391
-0.000373
-0.000385
-0.000395
-0.000397
-0.000410
-0.000421
-0.000409
-0.000410
-0.000548
-0.000732
-0.000836
-0.001020
-0.001179
-0.001070
-0.000722
-0.000407
-0.000487
-0.000747
-0.000699
-0.000402
-0.000296
-0.000551
-0.000872
-0.001313
-0.001777
-0.001638
-0.001412
-0.001653
-0.001589
-0.001127
-0.000905
-0.001007
-0.001277
-0.001121
-0.000456
-0.000112
-0.000133
-0.000210
-0.000297
-0.000258
-0.000328
-0.000413
0.000018
0.000278
-0.000114
-0.000115
0.000260
0.000067
-0.000051
0.000381
0.000669
0.000647
0.000505
0.000457
0.000514
0.000653
0.000844
0.000960
0.001060
0.001051
0.000919
0.000914
0.000985
0.000797
0.000518
0.000480
0.000529
0.000528
0.000517
0.000497
0.000641
0.000905
0.001009
0.001070
0.001118
0.001083
0.001090
0.000939
0.000544
0.000442
0.000564
0.000507
0.000706
0.001054
0.001007
0.000861
0.000872
0.000882
0.000856
0.000840
0.000684
0.000340
0.000161
0.000214
0.000160
0.000009
0.000004
-0.000033
-0.000240
-0.000446
-0.000432
-0.000147
0.000096
0.000114
0.000087
0.000181
0.000251
0.000228
0.000232
0.000196
0.000063
-0.000145
-0.000505
-0.000665
-0.000399
-0.000260
-0.000303
-0.000232
-0.000183
-0.000211
-0.000089
0.000072
-0.000040
-0.000231
-0.000275
-0.000251
-0.000297
-0.000371
-0.000304
-0.000103
0.000047
0.000009
-0.000062
-0.000040
-0.000019
-0.000039
-0.000012
0.000158
0.000329
0.000281
0.000156
0.000152
0.000200
0.000213
0.000118
-0.000023
-0.000048
-0.000014
-0.000102
-0.000205
-0.000139
-0.000059
-0.000005
0.000082
0.000066
-0.000043
-0.000069
-0.000044
-0.000045
-0.000084
-0.000116
-0.000026
0.000075
0.000102
0.000148
0.000177
0.000165
0.000140
0.000089
0.000055
0.000026
-0.000002
0.000069
0.000143
0.000136
0.000133
0.000145
0.000173
0.000194
0.000188
0.000186
0.000186
0.000183
0.000181
0.000182
0.000183
0.000181
0.000177
0.000174
0.000175
0.000159
0.000129
0.000139
0.000165
0.000160
0.000151
0.000153
0.000151
0.000147
0.000143
0.000147
0.000167
0.000194
0.000211
0.000213
0.000183
0.000129
0.000102
0.000106
0.000104
0.000096
0.000096
0.000088
0.000065
0.000059
0.000058
0.000038
0.000037
0.000059
0.000067
0.000063
0.000070
0.000072
0.000059
0.000047
0.000037
0.000018
0.000000
-0.000003
0.000003
0.000008
0.000011
0.000017
0.000029
0.000035
0.000034
0.000035
0.000040
0.000045
0.000051
0.000054
0.000057
0.000057
0.000054
0.000049
0.000045
0.000040
0.000036
0.000032
0.000026
0.000022
0.000020
0.000018
0.000014
0.000010
0.000006
0.000003
-0.000001
-0.000004
-0.000006
-0.000008
-0.000011
-0.000013
-0.000015
-0.000017
-0.000019
-0.000021
