0.000006
0.000006
0.000006
0.000006
0.000006
0.000006
0.000006
0.000006
0.000006
0.000006
0.000006
0.000005
0.000006
0.000006
0.000006
0.000006
0.000006
0.000006
0.000006
0.000006
0.000006
0.000006
0.000006
0.000007
0.000005
0.000006
0.000007
0.000006
0.000006
0.000005
0.000006
0.000006
0.000003
0.000005
0.000009
0.000006
0.000008
0.000006
0.000008
0.000008
0.000005
0.000007
0.000008
0.000009
0.000007
0.000006
0.000005
0.000007
0.000007
0.000003
0.000009
0.000008
0.000006
0.000003
-0.000002
0.000010
0.000009
0.000007
0.000012
0.000008
0.000013
0.000012
0.000009
0.000011
0.000005
0.000011
0.000011
0.000007
0.000007
0.000015
0.000004
-0.000008
0.000012
0.000010
0.000014
0.000014
0.000005
0.000009
0.000008
0.000021
0.000010
0.000001
-0.000001
0.000001
0.000012
0.000009
0.000013
0.000002
0.000000
0.000009
0.000012
0.000021
0.000012
0.000000
0.000006
0.000012
0.000006
0.000017
0.000014
-0.000006
0.000011
0.000018
0.000015
0.000028
0.000007
0.000005
0.000024
0.000005
0.000014
0.000014
-0.000005
0.000002
0.000001
0.000013
0.000005
0.000013
0.000020
0.000006
0.000024
0.000001
-0.000001
0.000035
0.000020
-0.000001
0.000026
0.000022
0.000004
0.000020
0.000012
0.000023
0.000019
0.000015
0.000033
0.000016
0.000027
0.000023
0.000003
0.000030
0.000021
0.000005
0.000023
0.000029
0.000011
-0.000008
0.000019
0.000017
-0.000001
0.000020
0.000020
-0.000005
0.000011
0.000030
0.000004
0.000004
0.000007
-0.000031
-0.000022
0.000019
0.000017
0.000002
0.000018
0.000031
0.000004
0.000024
0.000014
-0.000017
0.000008
-0.000009
0.000023
0.000027
-0.000013
0.000027
-0.000016
-0.000037
0.000022
0.000033
0.000051
-0.000006
-0.000003
0.000028
0.000012
0.000045
0.000014
-0.000010
0.000005
0.000009
0.000002
0.000009
-0.000002
-0.000018
-0.000000
0.000009
0.000025
0.000028
0.000029
0.000003
-0.000016
-0.000011
-0.000011
0.000012
-0.000008
0.000013
0.000040
0.000004
0.000010
-0.000020
-0.000016
0.000022
0.000007
-0.000004
-0.000016
-0.000001
-0.000036
-0.000006
0.000047
-0.000013
0.000003
-0.000001
-0.000031
0.000001
0.000008
0.000004
0.000000
0.000022
0.000009
-0.000034
0.000013
0.000009
-0.000019
-0.000005
-0.000002
0.000013
-0.000030
0.000005
0.000041
-0.000013
-0.000003
0.000019
0.000022
-0.000003
-0.000020
0.000008
0.000022
0.000014
-0.000006
0.000013
0.000014
-0.000019
0.000021
0.000034
-0.000003
-0.000008
0.000007
-0.000026
-0.000026
0.000011
0.000004
0.000016
-0.000015
-0.000015
0.000006
0.000011
0.000012
-0.000026
-0.000017
-0.000009
0.000004
-0.000022
-0.000029
0.000004
-0.000046
-0.000023
0.000004
-0.000019
0.000022
0.000004
-0.000012
-0.000009
-0.000013
0.000009
0.000004
-0.000009
-0.000019
0.000018
-0.000002
-0.000002
0.000014
-0.000046
0.000007
0.000024
-0.000025
-0.000012
-0.000029
-0.000005
0.000013
-0.000020
-0.000008
-0.000031
-0.000017
-0.000004
-0.000020
-0.000025
-0.000038
0.000015
-0.000010
-0.000033
-0.000014
-0.000011
0.000004
-0.000024
-0.000022
0.000001
-0.000021
-0.000021
0.000013
0.000012
-0.000008
-0.000018
-0.000021
-0.000036
-0.000006
0.000027
0.000003
-0.000002
-0.000007
-0.000001
0.000006
-0.000026
0.000005
0.000038
-0.000002
-0.000007
0.000002
-0.000018
-0.000013
0.000031
0.000018
-0.000042
-0.000009
-0.000002
-0.000008
0.000010
-0.000006
-0.000001
-0.000024
0.000002
-0.000030
-0.000054
0.000008
-0.000027
-0.000003
0.000005
-0.000018
-0.000006
-0.000032
-0.000023
-0.000032
-0.000012
-0.000015
-0.000013
-0.000007
-0.000033
0.000002
-0.000018
0.000000
-0.000028
-0.000030
0.000002
-0.000052
-0.000007
-0.000024
-0.000021
-0.000004
-0.000045
-0.000005
0.000008
-0.000012
-0.000026
-0.000003
-0.000018
-0.000045
0.000002
-0.000015
-0.000033
0.000002
-0.000012
-0.000001
0.000020
0.000001
-0.000019
-0.000009
-0.000010
-0.000034
0.000006
0.000001
-0.000025
-0.000001
-0.000027
-0.000008
0.000025
-0.000003
-0.000020
-0.000012
0.000003
-0.000015
0.000009
0.000009
-0.000014
0.000005
-0.000018
-0.000024
-0.000033
-0.000040
-0.000014
0.000003
-0.000002
-0.000023
-0.000026
-0.000038
-0.000023
-0.000000
-0.000038
-0.000024
0.000003
-0.000009
-0.000032
-0.000029
0.000011
-0.000033
-0.000021
-0.000009
-0.000013
0.000008
-0.000023
0.000003
-0.000015
-0.000001
0.000007
-0.000022
-0.000022
-0.000024
-0.000006
-0.000043
-0.000012
-0.000006
-0.000067
-0.000022
-0.000005
0.000022
0.000029
-0.000028
0.000002
-0.000002
-0.000032
-0.000017
-0.000027
-0.000033
-0.000025
0.000002
0.000014
-0.000009
-0.000006
-0.000018
-0.000005
-0.000005
0.000003
0.000039
-0.000028
-0.000036
-0.000022
-0.000019
0.000016
-0.000005
-0.000021
-0.000048
-0.000029
0.000009
0.000003
-0.000017
-0.000016
0.000009
-0.000019
-0.000014
0.000012
-0.000021
-0.000014
-0.000019
-0.000025
0.000016
0.000030
-0.000006
-0.000020
-0.000019
-0.000004
0.000018
-0.000008
0.000001
-0.000014
-0.000032
-0.000008
-0.000029
-0.000051
-0.000049
-0.000023
-0.000008
-0.000003
-0.000013
0.000007
0.000010
-0.000045
-0.000025
-0.000011
-0.000009
-0.000000
-0.000000
-0.000011
-0.000022
0.000021
-0.000025
-0.000060
-0.000029
0.000002
0.000026
-0.000047
-0.000012
0.000020
-0.000028
-0.000001
-0.000017
-0.000024
-0.000001
-0.000018
-0.000032
0.000001
-0.000009
-0.000039
-0.000002
-0.000010
-0.000031
-0.000007
-0.000023
-0.000023
-0.000026
-0.000017
-0.000003
-0.000021
0.000021
0.000007
-0.000037
-0.000039
-0.000022
0.000004
-0.000033
-0.000019
-0.000020
-0.000043
-0.000014
-0.000014
0.000006
0.000003
-0.000011
-0.000005
-0.000015
0.000006
0.000006
-0.000019
-0.000000
-0.000028
-0.000044
-0.000003
0.000012
-0.000011
-0.000016
-0.000016
0.000001
0.000032
-0.000005
0.000004
-0.000006
-0.000023
0.000018
-0.000003
-0.000029
-0.000012
-0.000002
0.000001
0.000018
-0.000008
-0.000003
-0.000007
-0.000016
0.000003
-0.000014
-0.000008
0.000004
-0.000007
-0.000031
-0.000005
0.000009
-0.000020
-0.000005
-0.000005
-0.000012
0.000011
-0.000015
-0.000008
0.000020
-0.000017
-0.000012
-0.000002
-0.000012
-0.000032
-0.000012
-0.000003
-0.000021
-0.000013
-0.000016
-0.000001
-0.000010
-0.000022
-0.000007
0.000033
0.000005
-0.000039
0.000036
0.000008
-0.000038
0.000008
-0.000009
-0.000009
-0.000027
-0.000010
0.000024
-0.000056
-0.000026
0.000017
-0.000032
-0.000007
0.000005
0.000015
0.000004
-0.000028
-0.000011
-0.000027
-0.000015
-0.000018
-0.000005
0.000031
-0.000004
-0.000006
-0.000019
-0.000024
-0.000007
-0.000008
0.000010
-0.000027
-0.000037
-0.000001
0.000020
0.000012
-0.000010
0.000003
-0.000002
0.000003
0.000021
0.000040
0.000029
-0.000020
-0.000007
-0.000003
-0.000006
-0.000004
-0.000013
-0.000024
-0.000034
0.000010
-0.000011
0.000016
0.000037
-0.000024
0.000001
-0.000015
0.000049
0.000030
-0.000061
-0.000019
-0.000033
0.000021
0.000016
-0.000018
0.000024
-0.000015
-0.000022
0.000001
0.000019
-0.000021
-0.000033
0.000012
0.000012
-0.000005
-0.000010
0.000010
-0.000007
0.000010
0.000014
-0.000043
-0.000031
-0.000029
-0.000028
0.000005
-0.000007
-0.000021
-0.000026
-0.000006
0.000024
-0.000034
-0.000041
0.000003
-0.000012
-0.000025
0.000006
-0.000001
-0.000026
0.000024
-0.000014
-0.000017
0.000021
-0.000029
-0.000002
-0.000012
0.000005
0.000023
-0.000014
-0.000009
0.000003
0.000008
-0.000001
0.000012
0.000006
-0.000005
0.000003
0.000006
-0.000008
-0.000009
0.000020
0.000026
0.000044
0.000008
-0.000018
0.000013
-0.000016
-0.000016
-0.000000
-0.000029
-0.000044
-0.000009
0.000008
0.000002
0.000017
-0.000012
-0.000013
0.000011
-0.000004
0.000034
0.000021
-0.000026
-0.000003
-0.000022
-0.000008
0.000018
-0.000011
-0.000040
-0.000024
0.000014
0.000008
0.000030
-0.000003
-0.000011
-0.000014
-0.000048
0.000001
-0.000007
-0.000013
-0.000026
-0.000026
-0.000001
-0.000016
-0.000010
0.000007
0.000028
-0.000012
-0.000007
0.000010
0.000001
0.000019
-0.000005
-0.000010
-0.000005
-0.000003
-0.000008
0.000017
-0.000003
-0.000043
0.000034
0.000011
-0.000006
0.000017
-0.000029
-0.000010
-0.000001
0.000002
0.000002
-0.000004
0.000002
-0.000004
-0.000017
-0.000015
-0.000026
-0.000006
0.000013
-0.000012
0.000008
0.000001
-0.000015
0.000002
0.000009
-0.000005
0.000004
0.000016
-0.000001
-0.000013
-0.000012
0.000000
-0.000014
0.000005
0.000016
-0.000022
0.000011
0.000020
0.000002
0.000010
-0.000004
-0.000001
-0.000012
-0.000043
-0.000015
0.000029
0.000021
0.000018
-0.000003
-0.000020
0.000009
0.000015
0.000037
0.000007
-0.000034
-0.000009
-0.000015
-0.000002
0.000016
0.000030
0.000023
-0.000030
-0.000008
0.000001
-0.000046
0.000005
0.000027
0.000003
0.000009
0.000006
-0.000015
-0.000021
0.000033
0.000019
-0.000013
-0.000006
-0.000020
-0.000002
0.000001
-0.000018
-0.000004
-0.000022
-0.000040
0.000010
0.000024
0.000019
0.000006
0.000004
0.000019
0.000001
0.000012
-0.000005
-0.000015
-0.000017
-0.000010
0.000010
-0.000007
0.000021
-0.000012
-0.000025
0.000041
0.000006
0.000036
0.000063
-0.000027
0.000011
0.000013
-0.000016
0.000013
-0.000014
-0.000013
-0.000026
0.000017
0.000047
-0.000014
0.000009
0.000009
0.000002
-0.000001
0.000010
0.000040
-0.000044
-0.000004
0.000042
-0.000004
0.000037
-0.000009
-0.000012
0.000027
0.000020
0.000007
-0.000001
0.000033
0.000005
0.000010
0.000019
0.000025
0.000005
-0.000033
0.000007
0.000013
0.000021
0.000004
-0.000036
-0.000024
0.000014
0.000000
0.000008
0.000041
-0.000006
-0.000001
0.000009
-0.000006
-0.000015
-0.000004
0.000010
-0.000000
0.000007
0.000006
0.000024
0.000007
0.000018
0.000027
-0.000019
-0.000000
-0.000008
0.000006
0.000031
0.000014
0.000029
0.000010
0.000007
0.000007
0.000015
0.000047
-0.000001
0.000009
0.000022
-0.000001
0.000016
-0.000016
0.000003
0.000009
-0.000032
0.000004
0.000016
-0.000001
0.000013
0.000011
0.000001
0.000013
0.000024
0.000017
0.000016
0.000010
-0.000015
-0.000013
0.000013
0.000012
0.000015
-0.000028
-0.000038
0.000028
0.000032
0.000024
0.000003
0.000018
0.000015
-0.000029
0.000014
-0.000012
-0.000019
0.000015
-0.000002
0.000029
0.000031
-0.000002
0.000034
0.000057
0.000126
0.000272
0.000411
0.000702
0.000996
0.001140
0.001115
0.000840
0.000335
0.000055
0.000378
0.000609
0.000253
0.000129
0.000526
0.000817
0.001524
0.002293
0.002928
0.003614
0.001964
-0.000155
-0.000492
-0.001626
-0.000114
0.004227
0.004937
0.003402
0.003462
0.006658
0.009342
0.010431
0.011623
0.005684
-0.010191
-0.023237
-0.014365
0.007443
0.020059
0.018527
0.003657
-0.009893
-0.009151
0.003476
0.010332
0.004249
0.001933
0.004223
0.008649
0.018748
0.029936
0.032894
0.024371
0.011054
-0.007817
-0.024000
-0.026900
-0.027079
-0.021439
-0.012717
-0.009367
0.000011
0.007043
0.001416
-0.013514
-0.021153
-0.022171
-0.024437
-0.008614
0.006746
0.006899
0.003489
-0.010122
-0.019535
-0.007089
0.004060
0.000310
-0.004766
-0.007292
-0.007268
-0.006065
0.005723
0.025159
0.034375
0.041285
0.038504
0.024280
0.021068
0.026422
0.024522
-0.002707
-0.038648
-0.050928
-0.032144
-0.002395
0.003229
-0.005995
-0.020965
-0.036272
-0.034643
-0.019629
0.003234
0.009943
-0.002703
-0.018624
-0.029853
-0.011758
0.013984
0.014634
0.018546
0.024552
0.008503
-0.002927
-0.008582
-0.025879
-0.036776
-0.037681
-0.023599
0.003335
0.019817
0.025526
0.025661
0.018575
0.005102
0.002230
0.014172
0.009265
-0.003451
0.004492
0.021884
0.030879
0.019168
-0.006379
-0.015978
0.009225
0.032910
0.021064
0.000178
-0.015607
-0.018466
-0.008991
-0.007402
-0.011830
-0.012681
-0.009242
-0.007291
0.007527
0.025570
0.023038
0.011929
0.006096
0.009773
0.014119
0.017730
0.017026
0.009461
0.006644
0.004734
-0.011443
-0.024795
-0.000578
0.036671
0.046953
0.029565
0.000180
-0.025199
-0.031108
-0.025947
-0.022649
-0.009865
-0.001875
-0.000165
0.000685
0.002221
0.015206
0.022748
0.011494
-0.022982
-0.053402
-0.051125
-0.036179
-0.024127
-0.019661
-0.024876
-0.016723
0.006959
0.020543
0.019752
0.003590
-0.010238
-0.004281
0.008355
0.012228
0.002341
-0.005942
-0.003747
0.010518
0.017944
0.009919
0.006908
0.016211
0.033562
0.035067
0.014735
-0.005137
-0.009793
-0.012725
-0.018873
-0.021133
-0.017746
-0.004913
-0.003656
-0.004318
0.012297
0.025614
0.021062
0.007703
0.000257
-0.001670
-0.008790
-0.025802
-0.038595
-0.040980
-0.033337
-0.010225
0.011081
0.014598
0.005102
-0.010748
-0.016351
-0.012318
-0.011851
-0.011228
-0.021382
-0.027248
-0.009494
-0.000796
-0.007928
-0.010717
-0.002846
-0.001578
-0.004484
0.002179
-0.010994
-0.022106
-0.016072
-0.014194
-0.007644
-0.006738
-0.008657
-0.010794
-0.008504
0.002006
0.005602
0.012061
0.020782
0.014512
0.000937
-0.002353
-0.006106
-0.003798
0.007429
0.012063
0.020120
0.025610
0.019380
0.009705
0.007160
0.009126
0.007741
0.003305
0.000723
-0.009879
-0.022211
-0.004451
0.018944
0.026470
0.035572
0.033757
0.020359
0.021198
0.026000
0.017316
0.006047
-0.001046
-0.008918
-0.013271
-0.011257
-0.011316
-0.008246
-0.004386
-0.006183
-0.004922
0.001313
-0.000945
-0.014002
-0.018639
-0.015707
-0.003508
0.007948
0.003719
0.005804
0.004717
-0.006488
-0.010151
-0.005315
0.003971
0.013944
0.023502
0.018335
-0.005239
-0.025965
-0.021568
-0.003564
0.011111
0.013928
-0.010308
-0.026994
-0.020328
-0.017225
-0.027060
-0.041782
-0.038138
-0.020650
-0.002043
0.008692
0.002448
-0.002167
-0.001943
-0.010972
-0.015633
0.012624
0.039060
0.024716
0.008077
0.000887
0.009780
0.035641
0.045926
0.037412
0.008424
-0.016206
-0.018588
-0.016626
-0.012741
-0.002196
0.010415
0.017088
0.029250
0.025884
-0.012199
-0.025453
-0.001010
0.001954
-0.000082
0.005472
-0.014788
-0.031722
-0.023954
-0.007353
0.009046
0.025527
0.027575
0.014189
0.006495
0.007022
0.015007
0.004637
-0.015994
-0.018099
-0.016129
-0.008930
-0.001996
-0.001290
0.007208
0.016997
0.023305
0.026203
0.015531
-0.000341
-0.009068
-0.003506
0.008590
-0.008004
-0.025171
-0.014770
-0.013314
-0.009952
-0.000081
0.006166
0.009885
0.008327
0.021785
0.027186
0.012182
0.000422
-0.008799
-0.012159
-0.003686
0.013258
0.022223
0.019459
0.016554
0.008809
0.002946
0.014525
0.019120
0.010066
0.008230
0.003848
0.001591
0.002111
0.012504
0.030063
0.026614
0.012870
0.001981
0.014483
0.026700
0.011532
-0.002533
-0.003089
-0.002270
-0.009649
-0.004255
-0.008872
-0.029716
-0.037589
-0.039635
-0.030581
-0.008361
0.005749
0.001065
-0.004012
-0.011895
-0.022408
-0.016188
-0.002794
-0.006780
-0.016351
-0.013439
-0.015566
-0.014927
-0.009762
-0.012607
-0.012394
-0.009625
-0.016073
-0.031351
-0.046791
-0.044592
-0.021557
-0.002263
0.012389
0.015012
-0.000218
-0.002514
0.012243
0.020607
0.013589
0.001198
0.000037
0.000337
-0.023861
-0.035039
-0.011999
0.012101
0.021350
0.010734
0.011479
0.013536
0.001265
0.000679
-0.005593
-0.021884
-0.026319
-0.023177
-0.021972
-0.017666
-0.022052
-0.020771
-0.005994
-0.005077
-0.012868
-0.022995
-0.014936
0.004780
0.002813
-0.001134
0.005097
0.017853
0.041125
0.052592
0.050675
0.053637
0.046216
0.040492
0.039375
0.024932
0.024816
0.024596
0.011583
0.012801
0.010920
0.002137
-0.000601
0.001300
0.011220
0.025042
0.031423
0.024014
0.010953
0.004768
0.004242
-0.004353
-0.013872
-0.021308
-0.023398
-0.016363
-0.024110
-0.026289
-0.012945
-0.001550
0.010432
0.013892
0.010394
-0.008118
-0.033744
-0.031792
-0.007920
0.009977
0.013535
0.007076
0.000840
0.008471
0.029856
0.048012
0.041508
0.025562
0.018040
0.003403
-0.004217
0.013868
0.028607
0.025482
0.020810
-0.000802
-0.027119
-0.018055
0.003965
0.012092
0.016029
0.029028
0.025193
-0.009008
-0.025969
-0.019540
-0.020873
-0.030629
-0.027726
-0.019645
-0.028043
-0.031856
-0.019474
-0.004949
0.002463
-0.004984
-0.023897
-0.026950
-0.021975
-0.035187
-0.041676
-0.045590
-0.043734
-0.027634
-0.023912
-0.012695
0.004422
0.013517
0.019550
0.011280
-0.012088
-0.041882
-0.055456
-0.050135
-0.039001
-0.026913
-0.020764
-0.017814
-0.013665
0.005836
0.036752
0.046357
0.034745
0.020851
0.006047
-0.010311
-0.019601
-0.012645
-0.002366
-0.010764
-0.025806
-0.027290
-0.021434
-0.009228
0.003633
-0.002100
-0.014792
-0.022311
-0.032764
-0.034099
-0.019111
0.008036
0.025776
0.021925
0.020375
0.010684
-0.000613
0.005319
0.010965
0.008400
0.006015
0.014715
0.019396
0.024688
0.030573
0.025449
0.032638
0.042119
0.038512
0.033965
0.036404
0.043518
0.052430
0.064799
0.066247
0.054330
0.041394
0.028133
0.019010
0.022801
0.029641
0.025102
0.019210
0.014075
0.000265
-0.003760
0.017170
0.031155
0.028839
0.031885
0.021542
0.003269
-0.005041
-0.020035
-0.033759
-0.031992
-0.021999
-0.014588
-0.009043
-0.000556
0.009293
0.006562
-0.005423
0.001697
0.013023
0.018352
0.018003
-0.004835
-0.032342
-0.048918
-0.050538
-0.040526
-0.030846
-0.033735
-0.045544
-0.046985
-0.041314
-0.029374
-0.022467
-0.037417
-0.052232
-0.038985
-0.011418
0.002659
0.016397
0.039167
0.043998
0.025730
0.011073
0.009588
0.013030
0.019837
0.027061
0.030318
0.030239
0.022459
0.007699
0.001062
0.016998
0.038431
0.038699
0.028327
0.010151
-0.018903
-0.035753
-0.032166
-0.019512
-0.007972
-0.005401
-0.013631
-0.022076
-0.009055
0.012279
0.016565
0.015186
0.005706
-0.004521
-0.001829
0.005948
0.014812
0.016578
0.017232
0.014266
0.006362
-0.000221
-0.016109
-0.035374
-0.040524
-0.028407
-0.021992
-0.024761
-0.023636
-0.022207
-0.014077
-0.004641
0.002426
0.012730
0.024615
0.030992
0.020988
0.012636
0.016360
0.021447
0.024313
0.024078
0.028394
0.034553
0.036665
0.027083
0.011091
0.009968
0.007807
0.000374
0.002095
-0.000187
-0.003931
0.001882
0.008107
0.011811
0.015229
0.011505
0.006470
0.002873
-0.001261
-0.004100
-0.011906
-0.013771
-0.011903
-0.016086
-0.019962
-0.029288
-0.040330
-0.038933
-0.028694
-0.023876
-0.018613
-0.013785
-0.024590
-0.036206
-0.036181
-0.024341
-0.009721
0.005549
0.029427
0.036376
0.028109
0.031477
0.046693
0.061912
0.063346
0.056730
0.048877
0.034663
0.018441
0.014457
0.020912
0.020055
0.010613
0.007931
0.015399
0.017876
0.014603
0.012103
0.004849
-0.005427
-0.010141
-0.004697
-0.002164
-0.011769
-0.016051
-0.017710
-0.026741
-0.027761
-0.024659
-0.020664
-0.011189
-0.004597
0.009379
0.030555
0.037558
0.021943
-0.000799
-0.013126
-0.012136
-0.003366
0.005743
0.013340
0.010289
0.001677
-0.002197
-0.002351
-0.001511
-0.005301
-0.004397
-0.005559
-0.015540
-0.017892
-0.011865
-0.002623
0.002639
0.003428
0.006107
0.009938
0.010380
0.004861
0.004415
0.004224
0.002087
0.001801
-0.010792
-0.028472
-0.039729
-0.037980
-0.016413
0.012798
0.037084
0.046874
0.033465
0.010943
0.002960
0.010526
0.027261
0.042064
0.041280
0.030721
0.017248
0.005282
-0.002112
0.006031
0.022138
0.025415
0.026222
0.016178
-0.002629
-0.019363
-0.031877
-0.028531
-0.028814
-0.032556
-0.030089
-0.025309
-0.017866
-0.012815
0.001746
0.013583
0.003485
-0.015931
-0.032519
-0.033268
-0.029082
-0.032802
-0.030544
-0.021629
-0.009841
-0.004971
-0.010244
-0.007773
-0.000520
0.007054
0.017700
0.025824
0.025132
0.014402
0.010415
0.015227
0.024300
0.036315
0.034089
0.018733
0.005200
-0.007517
-0.024644
-0.042189
-0.053985
-0.056342
-0.052916
-0.048120
-0.044323
-0.044393
-0.035276
-0.011520
0.010232
0.024968
0.034940
0.030137
0.012612
0.000910
0.000407
0.004272
0.003104
-0.000292
0.005710
0.019288
0.020515
0.008416
0.008242
0.010226
0.007879
0.014779
0.021215
0.024265
0.015425
-0.006989
-0.016403
-0.021614
-0.028110
-0.019096
-0.014285
-0.023417
-0.037531
-0.041015
-0.025886
-0.007597
0.006778
0.006455
-0.004451
-0.017483
-0.029941
-0.026148
-0.015719
-0.007407
0.001621
0.008186
0.008731
-0.001361
-0.008694
-0.012755
-0.022300
-0.023729
-0.014910
-0.004199
0.005826
0.008190
0.001848
-0.007404
-0.008290
0.004447
0.018574
0.033645
0.034172
0.015271
0.002293
-0.005166
-0.006708
-0.012021
-0.016675
-0.008652
-0.005007
-0.001542
-0.002422
-0.011028
-0.014781
-0.015594
-0.009928
0.002591
0.007571
0.001104
-0.005393
0.001306
0.018263
0.021188
0.013121
0.015734
0.017905
0.003316
-0.013717
-0.015288
-0.007652
0.001372
0.008935
0.006615
-0.006554
-0.020421
-0.034683
-0.045091
-0.045044
-0.040826
-0.035128
-0.031856
-0.025208
-0.016968
-0.015703
-0.007342
0.009261
0.018694
0.014312
-0.001566
-0.014142
-0.017410
-0.014598
-0.003382
0.002691
-0.001087
-0.001898
-0.001607
-0.005866
-0.006130
0.001670
0.000807
-0.004519
-0.000148
0.005350
0.007306
0.004237
0.005694
0.015442
0.020530
0.018880
0.010595
-0.001328
-0.013546
-0.022079
-0.021548
-0.011952
-0.003496
-0.004707
-0.006839
-0.008191
-0.010401
-0.008112
0.002571
0.012273
0.012725
0.015152
0.020356
0.020161
0.013365
0.003973
-0.001480
0.000318
0.004429
0.003443
0.004195
0.008646
0.011007
0.007609
-0.004546
-0.015464
-0.018232
-0.010360
-0.004845
-0.012622
-0.021172
-0.024303
-0.014486
-0.001647
0.005831
0.007697
-0.004154
-0.010156
-0.006675
-0.005952
-0.003632
0.002118
0.008995
0.011921
0.011956
0.011429
0.012885
0.016796
0.019686
0.022607
0.024546
0.022164
0.014121
0.005751
0.001631
-0.004345
-0.009245
-0.001601
0.010390
0.015353
0.009297
-0.002696
-0.005243
-0.001699
0.005515
0.017579
0.016549
0.004034
-0.005748
-0.010345
-0.007764
-0.004534
-0.005041
-0.010696
-0.017221
-0.016356
-0.013869
-0.015017
-0.014323
-0.008070
-0.005914
-0.011928
-0.012814
-0.005558
-0.001445
0.001197
0.007862
0.011346
0.003103
-0.011914
-0.019360
-0.019426
-0.018540
-0.011434
0.003890
0.010751
0.002008
-0.007358
-0.011539
-0.017652
-0.027855
-0.028276
-0.020025
-0.017104
-0.011388
0.000558
0.004730
-0.000125
0.001786
0.009126
0.012485
0.013830
0.014568
0.014721
0.005708
-0.012652
-0.023134
-0.020609
-0.008974
0.006687
0.014930
0.010100
-0.004718
-0.016805
-0.023499
-0.031354
-0.030440
-0.023999
-0.018361
-0.008665
-0.002280
-0.002933
-0.004953
-0.000680
0.006221
0.008680
0.004069
-0.003637
-0.003181
0.001029
0.008064
0.015398
0.022374
0.021571
0.003423
-0.006169
-0.006408
-0.003333
0.002729
0.002192
0.000611
-0.001536
0.001489
0.004479
0.002835
-0.002257
-0.010959
-0.015467
-0.019254
-0.020481
-0.017122
-0.008501
0.000878
0.005707
0.010936
0.010146
0.003030
0.002632
0.010497
0.009624
-0.001532
-0.007344
-0.003612
0.007079
0.014075
0.013853
0.011019
0.006635
-0.000859
-0.009044
-0.010745
-0.011206
-0.009948
-0.000964
0.010402
0.013363
0.004841
-0.005348
-0.006208
0.000314
-0.001763
-0.013421
-0.024743
-0.027128
-0.018412
-0.005701
0.000781
-0.004078
-0.005594
-0.001822
-0.001201
0.002929
0.007524
-0.000110
-0.008976
-0.006947
-0.004769
-0.006429
-0.006125
-0.001239
0.001650
0.004461
0.010223
0.010718
0.010033
0.011490
0.008709
0.007856
0.013385
0.013142
0.006018
0.000482
0.003858
0.012507
0.013162
0.005221
-0.006733
-0.014243
-0.013775
-0.011590
-0.006356
-0.000620
-0.001248
-0.000900
0.005313
0.008439
0.008577
0.008943
0.006890
0.001553
-0.007556
-0.011640
-0.009007
-0.007509
-0.004601
0.001736
0.007469
0.007133
0.000254
-0.006853
-0.009036
-0.008409
-0.008449
-0.006475
-0.003941
-0.001206
0.008100
0.019621
0.022888
0.016051
0.004733
0.000501
0.007458
0.014445
0.016722
0.016760
0.015791
0.016043
0.014871
0.007888
-0.002700
-0.006909
-0.003400
-0.002237
-0.003414
-0.003085
-0.002889
-0.002033
-0.001748
-0.004492
-0.006502
-0.001005
0.008806
0.014312
0.013973
0.011412
0.013016
0.017057
0.018213
0.016249
0.013620
0.014432
0.016304
0.011975
-0.000238
-0.016105
-0.028057
-0.026162
-0.017639
-0.014380
-0.011917
-0.008473
-0.004549
-0.002798
-0.005602
-0.006582
-0.005264
-0.002879
0.002900
0.006861
0.007728
0.008005
0.006954
0.009599
0.018790
0.022673
0.017314
0.016969
0.016847
0.012105
0.014278
0.016301
0.011554
0.008141
0.007639
0.009806
0.012790
0.011044
0.007057
0.002932
0.000469
-0.000719
-0.003627
-0.006058
-0.008141
-0.006964
-0.004705
-0.006366
-0.008234
-0.006490
-0.002134
0.000993
0.003525
0.005096
0.005857
0.006479
0.006098
0.007387
0.008589
0.004711
0.000610
0.001492
-0.000268
-0.005930
-0.011221
-0.017858
-0.023697
-0.026213
-0.022761
-0.015258
-0.012406
-0.010736
-0.004801
0.002025
0.005756
0.004113
0.001424
-0.002618
-0.006652
-0.003931
0.002219
0.011293
0.019498
0.021893
0.022450
0.021867
0.021935
0.022240
0.022320
0.023263
0.023437
0.020894
0.015702
0.013198
0.009535
0.003952
0.006523
0.015233
0.023133
0.027240
0.029467
0.033121
0.036228
0.031416
0.018136
0.007817
0.003872
0.004595
0.006840
0.005505
0.001665
0.001097
0.005971
0.007712
0.003076
-0.002188
-0.004122
-0.002623
0.001020
0.006149
0.008114
0.004608
-0.002038
-0.006912
-0.008435
-0.010112
-0.009974
-0.007848
-0.006987
-0.007848
-0.009736
-0.009661
-0.004253
0.004909
0.013776
0.022018
0.026829
0.026046
0.025920
0.026891
0.023288
0.017963
0.013437
0.009657
0.006896
0.007181
0.015064
0.019875
0.016033
0.008113
-0.002703
-0.010694
-0.017302
-0.018750
-0.012844
-0.007297
-0.001433
0.001733
0.003465
0.009492
0.013514
0.013203
0.010969
0.005690
-0.003291
-0.011392
-0.015227
-0.017353
-0.017759
-0.016806
-0.014409
-0.009302
-0.001125
0.006580
0.009514
0.010860
0.011343
0.012094
0.014258
0.008311
-0.001264
-0.004092
-0.006277
-0.005368
-0.000881
-0.000140
-0.004064
-0.006811
-0.000037
0.005866
0.001999
-0.004312
-0.006626
-0.006849
-0.008505
-0.007312
-0.005612
-0.005840
-0.006084
-0.005957
-0.004085
-0.004057
-0.008867
-0.015342
-0.018818
-0.018875
-0.015181
-0.009654
-0.006831
-0.006227
-0.004287
0.002654
0.010088
0.010950
0.010334
0.012381
0.013041
0.014629
0.017040
0.012126
0.002841
-0.000249
0.005199
0.012402
0.015705
0.021707
0.031747
0.036237
0.036598
0.034109
0.025379
0.016973
0.010980
0.007797
0.010651
0.010265
0.004395
0.001784
0.004659
0.005919
-0.002562
-0.012414
-0.016232
-0.019511
-0.022480
-0.023950
-0.020294
-0.009173
0.000415
0.002296
-0.004476
-0.015853
-0.025243
-0.026499
-0.018166
-0.011877
-0.009550
-0.003290
0.004054
0.010155
0.016144
0.021379
0.024080
0.023837
0.022062
0.016505
0.011845
0.016942
0.026231
0.030708
0.028887
0.021756
0.013624
0.005745
-0.003137
-0.013923
-0.029118
-0.041276
-0.043450
-0.041384
-0.040926
-0.042523
-0.041819
-0.037238
-0.031179
-0.024617
-0.019324
-0.017313
-0.018718
-0.019897
-0.019995
-0.019135
-0.016647
-0.013097
-0.005930
0.002284
0.008386
0.014208
0.017964
0.015578
0.011684
0.012332
0.013694
0.014772
0.016550
0.017513
0.017619
0.017677
0.017948
0.014330
0.009483
0.008770
0.007439
0.002584
-0.005899
-0.012848
-0.013228
-0.014514
-0.016794
-0.014337
-0.011258
-0.006829
0.001091
0.005552
0.004970
0.001200
-0.004797
-0.009061
-0.009403
-0.005739
-0.001376
0.000308
0.001950
0.004714
0.004599
0.001229
-0.002754
-0.003498
-0.001061
0.002636
0.009365
0.012859
0.013513
0.016441
0.014344
0.009057
0.005424
0.001372
-0.002700
-0.006398
-0.008342
-0.010949
-0.015945
-0.018902
-0.017263
-0.013545
-0.010314
-0.009315
-0.009909
-0.009197
-0.011470
-0.017002
-0.020031
-0.020923
-0.022546
-0.024636
-0.023889
-0.021240
-0.019116
-0.016800
-0.014417
-0.008924
0.000404
0.006559
0.008635
0.008566
0.007210
0.009320
0.011962
0.011992
0.016351
0.022865
0.022315
0.016527
0.011863
0.009448
0.008304
0.008896
0.010192
0.009893
0.007425
0.005095
0.002765
-0.000994
-0.004377
-0.007918
-0.009885
-0.009861
-0.010995
-0.013919
-0.019293
-0.024678
-0.024889
-0.018639
-0.010945
-0.004590
0.000357
0.003024
0.002987
0.003789
0.009672
0.015552
0.020054
0.024274
0.024420
0.018163
0.008935
0.005294
0.006304
0.007440
0.007963
0.007450
0.006182
0.003404
0.001414
0.001021
0.000261
-0.000800
-0.001911
-0.003105
-0.006335
-0.010942
-0.012267
-0.010524
-0.008695
-0.009120
-0.012690
-0.016799
-0.018870
-0.017741
-0.015081
-0.012601
-0.009540
-0.006075
-0.003886
-0.004042
-0.004643
-0.005305
-0.004896
-0.001183
0.002309
0.004918
0.008836
0.013650
0.017053
0.016735
0.013343
0.007972
0.003848
0.002852
0.002879
0.003839
0.006109
0.006273
0.003227
0.000732
0.002244
0.004344
0.002548
0.000792
-0.001338
-0.006321
-0.010022
-0.009061
-0.005580
-0.001987
0.002665
0.005833
0.004178
-0.001033
-0.004960
-0.009101
-0.015144
-0.020340
-0.026740
-0.031800
-0.033138
-0.031693
-0.027269
-0.021731
-0.017351
-0.014610
-0.011756
-0.009059
-0.007431
-0.004309
0.003385
0.011029
0.013639
0.011884
0.009444
0.011834
0.017167
0.023036
0.029019
0.030225
0.025255
0.018337
0.012755
0.007895
0.002203
-0.003423
-0.005303
-0.002592
-0.001714
-0.005213
-0.007755
-0.007485
-0.004368
-0.000658
-0.000291
-0.001738
-0.002514
-0.001902
-0.001885
-0.003501
-0.003595
-0.000166
0.002903
0.003220
0.001875
-0.001297
-0.003210
-0.002683
-0.000615
-0.002006
-0.009073
-0.013784
-0.016541
-0.019531
-0.018572
-0.013301
-0.005912
0.000287
0.004060
0.005774
0.005106
0.004815
0.006020
0.007098
0.008111
0.008057
0.007124
0.008228
0.008765
0.005519
0.001211
-0.001992
-0.001945
0.001131
0.005033
0.006486
0.003242
-0.001292
-0.006945
-0.012242
-0.013848
-0.012125
-0.007833
-0.004033
-0.001409
-0.000798
-0.002382
-0.003127
-0.003289
-0.003403
-0.004073
-0.004096
-0.003280
-0.004970
-0.009890
-0.014996
-0.015682
-0.013142
-0.010901
-0.009512
-0.009610
-0.009274
-0.006359
-0.002495
0.001194
0.002772
0.002230
0.002884
0.004348
0.005878
0.007159
0.008360
0.007800
0.005273
0.005472
0.007035
0.006833
0.007033
0.009748
0.012381
0.012226
0.009061
0.006421
0.007221
0.007158
0.005924
0.003905
-0.000347
-0.004045
-0.004384
-0.001766
-0.000874
-0.002018
-0.002411
-0.002191
-0.002246
-0.001201
0.002599
0.005620
0.006451
0.005850
0.005316
0.005618
0.003697
0.001647
0.002598
0.006066
0.009113
0.008682
0.005153
0.000150
-0.002880
-0.003238
-0.002593
-0.001990
-0.001683
0.000599
0.003853
0.006250
0.007778
0.007124
0.004480
0.001077
-0.002038
-0.004408
-0.006663
-0.008469
-0.009028
-0.008617
-0.007081
-0.003274
0.001885
0.005381
0.006646
0.005296
0.002849
0.001411
-0.002378
-0.006173
-0.005806
-0.004272
-0.002941
-0.001511
-0.000754
-0.000232
0.000655
0.000157
-0.000365
-0.000489
-0.002410
-0.003460
-0.003119
-0.002075
-0.002562
-0.005287
-0.005782
-0.003776
-0.001273
-0.000388
0.000588
0.002148
0.000875
-0.000186
0.002377
0.006515
0.008219
0.006540
0.004220
0.002048
-0.000708
-0.001341
-0.000185
-0.001244
-0.003610
-0.005249
-0.004985
-0.002751
-0.000128
0.001527
0.001581
-0.000411
-0.003600
-0.004597
-0.004667
-0.006383
-0.006351
-0.004263
-0.003204
-0.002633
-0.000372
0.004712
0.009661
0.012094
0.013363
0.011670
0.007763
0.005553
0.004666
0.004982
0.005750
0.005868
0.006370
0.007508
0.008421
0.008752
0.007852
0.004339
-0.000406
-0.005655
-0.009023
-0.009139
-0.010006
-0.011245
-0.012632
-0.012648
-0.008197
-0.003704
-0.000723
0.003095
0.006033
0.006871
0.007504
0.007328
0.004444
0.001223
-0.001404
-0.003998
-0.005627
-0.005636
-0.004029
-0.001669
0.000443
-0.000474
-0.003929
-0.005239
-0.003647
-0.001215
0.001156
0.002234
0.001371
0.000725
0.001840
0.002953
0.001313
-0.002372
-0.004564
-0.004597
-0.004298
-0.003385
-0.001891
-0.001106
0.000091
0.002626
0.005151
0.005405
0.003264
0.000625
-0.002818
-0.005917
-0.005841
-0.004586
-0.005456
-0.007774
-0.009345
-0.009239
-0.006715
-0.003071
-0.001415
-0.000598
0.001958
0.005188
0.007277
0.007213
0.005124
0.004255
0.004044
0.002806
0.002633
0.002146
0.002167
0.004511
0.007756
0.008971
0.006639
0.003740
0.002846
0.004323
0.003989
-0.000045
-0.004355
-0.007083
-0.008016
-0.007606
-0.006887
-0.007383
-0.008085
-0.007755
-0.006579
-0.004892
-0.004294
-0.005401
-0.007186
-0.008493
-0.008487
-0.005574
-0.000091
0.004440
0.006516
0.007715
0.009030
0.009843
0.009675
0.008515
0.007548
0.007028
0.006475
0.005346
0.003257
0.002047
0.000763
-0.000139
0.000535
0.000578
0.000253
0.000630
0.001419
0.000893
-0.000940
-0.002693
-0.003683
-0.003179
-0.000555
0.002959
0.004764
0.004313
0.001449
-0.001828
-0.004572
-0.007186
-0.007991
-0.007601
-0.006208
-0.003261
0.000181
0.002849
0.002876
0.000184
-0.002561
-0.003678
-0.004041
-0.004745
-0.005547
-0.006054
-0.005806
-0.004795
-0.003306
-0.001945
-0.000489
0.001523
0.001854
0.001691
0.002500
0.002259
0.001340
0.000308
-0.000045
0.000512
-0.000381
-0.003593
-0.007395
-0.009366
-0.008139
-0.004270
0.000336
0.002372
0.000900
-0.002383
-0.006286
-0.008627
-0.010167
-0.011509
-0.011585
-0.012653
-0.013832
-0.012878
-0.010309
-0.006466
-0.002102
0.001462
0.002860
0.001645
-0.001245
-0.003709
-0.003874
-0.003180
-0.003862
-0.004119
-0.002713
-0.001150
-0.000918
-0.002945
-0.005222
-0.006288
-0.006766
-0.006386
-0.004878
-0.002449
-0.000573
-0.001014
-0.003998
-0.007023
-0.007841
-0.006645
-0.004262
-0.001918
0.000781
0.003512
0.005430
0.007034
0.007110
0.004890
0.001453
-0.001117
-0.001503
-0.001401
-0.002794
-0.004331
-0.004497
-0.004938
-0.005735
-0.005507
-0.004595
-0.003600
-0.002282
0.000255
0.002478
0.001961
-0.000052
-0.001885
-0.003852
-0.005872
-0.006533
-0.005858
-0.006026
-0.007338
-0.007956
-0.006773
-0.004954
-0.002832
-0.000101
0.001176
0.001010
0.001040
0.001064
0.000750
0.000761
0.002051
0.003345
0.003516
0.004058
0.005224
0.006674
0.008063
0.008125
0.006267
0.003801
0.003363
0.005274
0.007366
0.008042
0.008144
0.007717
0.005558
0.003294
0.001638
-0.000100
-0.001223
-0.000949
-0.000118
-0.000111
-0.000320
-0.000596
-0.000321
0.000931
0.001831
0.001603
0.000557
0.001122
0.002914
0.003431
0.003229
0.002895
0.002191
0.001871
0.002463
0.002996
0.002846
0.001974
0.000208
-0.001305
-0.002014
-0.002368
-0.001782
-0.001212
-0.001512
-0.001414
0.000163
0.003257
0.006414
0.008489
0.009455
0.009045
0.006827
0.004378
0.004155
0.005782
0.007336
0.007333
0.005906
0.004045
0.002261
0.001366
0.000753
-0.000620
-0.001664
-0.001247
0.000300
0.002613
0.004889
0.006130
0.006366
0.006230
0.006705
0.007253
0.007329
0.007635
0.007608
0.006256
0.004645
0.004680
0.005843
0.006087
0.005369
0.005751
0.007121
0.008560
0.010095
0.009936
0.007977
0.005787
0.003474
0.001348
-0.000063
-0.001258
-0.003001
-0.004165
-0.003389
-0.000923
0.002287
0.005082
0.006683
0.006729
0.005759
0.004219
0.002956
0.002687
0.001830
0.000141
-0.001359
-0.003111
-0.004725
-0.005128
-0.004396
-0.003494
-0.003235
-0.003351
-0.003659
-0.003662
-0.002591
-0.000712
0.001022
0.001703
0.001496
0.000641
-0.000305
-0.000651
-0.000948
-0.001769
-0.002844
-0.003634
-0.004414
-0.004774
-0.003924
-0.002331
-0.001062
-0.000790
-0.000679
0.000366
0.002482
0.004399
0.005215
0.005136
0.004287
0.003729
0.003913
0.004331
0.004766
0.005374
0.006537
0.007777
0.008252
0.008720
0.009258
0.008540
0.007535
0.006595
0.005888
0.006961
0.008972
0.010332
0.010485
0.009545
0.007687
0.005917
0.005303
0.005235
0.005342
0.004974
0.003594
0.002070
0.001289
0.001374
0.001628
0.000899
-0.000606
-0.000992
0.000137
0.001958
0.003288
0.003943
0.004969
0.005592
0.006185
0.007109
0.006796
0.005808
0.004819
0.003225
0.001824
0.001348
0.001438
0.001969
0.002356
0.002395
0.002629
0.003035
0.003112
0.002506
0.002266
0.002784
0.003152
0.003897
0.004462
0.003462
0.002409
0.002473
0.002668
0.002571
0.002822
0.003966
0.005639
0.006231
0.004770
0.002613
0.001346
0.001163
0.001547
0.002227
0.002242
0.001216
0.000221
0.000160
0.001071
0.001647
0.001703
0.001769
0.001177
-0.000216
-0.002275
-0.005150
-0.007259
-0.007568
-0.006997
-0.005355
-0.003422
-0.003170
-0.003670
-0.003174
-0.002493
-0.002062
-0.001387
-0.001326
-0.002614
-0.004593
-0.006314
-0.006971
-0.006157
-0.004287
-0.002521
-0.002168
-0.002716
-0.003255
-0.003709
-0.003844
-0.003976
-0.004413
-0.004311
-0.003544
-0.002713
-0.001541
-0.000892
-0.000710
0.000180
0.001250
0.002315
0.003326
0.003281
0.001959
-0.000371
-0.003012
-0.004109
-0.003274
-0.000687
0.002813
0.005043
0.005797
0.005399
0.004321
0.003622
0.003488
0.003215
0.001905
0.000344
-0.000559
-0.001967
-0.003814
-0.005051
-0.005520
-0.005383
-0.005603
-0.005758
-0.005039
-0.003880
-0.002526
-0.001208
-0.000126
0.000376
0.000268
0.000320
0.000731
0.000514
0.000007
0.000136
-0.000167
-0.001283
-0.002091
-0.002294
-0.002216
-0.001889
-0.001709
-0.001398
-0.000696
-0.000712
-0.001214
-0.000684
0.001551
0.004283
0.005898
0.005789
0.004114
0.001576
-0.001132
-0.002849
-0.003369
-0.003425
-0.003697
-0.004524
-0.005117
-0.004900
-0.003781
-0.002224
-0.001023
-0.000974
-0.002232
-0.003274
-0.003529
-0.003509
-0.003387
-0.003765
-0.004051
-0.003315
-0.001736
-0.000092
0.000436
-0.000125
-0.000857
-0.000866
-0.000666
-0.000694
-0.000172
0.001072
0.002290
0.001939
0.000576
-0.000909
-0.002691
-0.003799
-0.003987
-0.003349
-0.002210
-0.000762
0.001062
0.001427
0.000021
-0.001492
-0.002938
-0.004517
-0.005801
-0.006424
-0.006799
-0.007356
-0.007425
-0.006732
-0.005644
-0.004215
-0.003623
-0.004423
-0.005058
-0.005104
-0.004911
-0.004315
-0.003431
-0.002604
-0.002240
-0.002282
-0.002974
-0.004020
-0.004136
-0.003930
-0.004735
-0.005708
-0.005972
-0.005349
-0.003465
-0.001400
0.000065
0.001006
0.000503
-0.000985
-0.001326
-0.000999
-0.000942
-0.000547
-0.000417
-0.000635
-0.001271
-0.002547
-0.004030
-0.005036
-0.004649
-0.003209
-0.001932
-0.001246
-0.000336
0.000498
0.000913
0.001384
0.001274
0.000457
-0.000215
-0.000657
-0.001183
-0.001404
-0.001550
-0.001838
-0.002163
-0.002378
-0.002084
-0.001696
-0.000810
0.000345
0.000412
-0.000387
-0.001117
-0.001422
-0.001217
-0.000292
0.000168
-0.000238
-0.000540
-0.001058
-0.001341
-0.001326
-0.001615
-0.001875
-0.002403
-0.002794
-0.002598
-0.002118
-0.001308
-0.000671
-0.000334
-0.000046
0.000477
0.001276
0.001629
0.000978
-0.000145
-0.000914
-0.001692
-0.002151
-0.001995
-0.001512
-0.000782
-0.000473
-0.000620
-0.000771
-0.000652
-0.000503
-0.000933
-0.001709
-0.001557
-0.000990
-0.000830
-0.000182
0.000665
0.001403
0.001937
0.002367
0.002446
0.001320
0.000272
0.000211
0.000449
0.000728
0.000820
0.000645
0.000416
0.000417
0.001009
0.001732
0.002399
0.003537
0.004836
0.006065
0.006719
0.006241
0.005070
0.003051
0.000939
-0.000017
0.000031
0.000892
0.001655
0.002054
0.003033
0.004414
0.004623
0.003509
0.002775
0.002612
0.002484
0.002255
0.002058
0.001986
0.001215
-0.000673
-0.002943
-0.004594
-0.005288
-0.005448
-0.005273
-0.005023
-0.005173
-0.005193
-0.004502
-0.003342
-0.001726
0.000146
0.001563
0.002767
0.003476
0.003132
0.002753
0.002683
0.002512
0.002659
0.003062
0.002716
0.001888
0.000898
0.000053
0.000027
-0.000179
-0.000929
-0.001470
-0.002015
-0.002718
-0.002907
-0.003086
-0.004003
-0.005206
-0.006116
-0.006101
-0.005666
-0.005719
-0.005493
-0.004311
-0.002964
-0.002081
-0.001800
-0.001770
-0.001501
-0.001097
-0.000797
-0.000652
-0.000561
-0.000403
0.000024
0.000388
-0.000030
-0.001211
-0.002312
-0.002478
-0.001727
-0.001003
-0.000790
-0.000269
0.001333
0.003733
0.005870
0.006530
0.005417
0.003381
0.001576
0.000904
0.001220
0.001831
0.002649
0.003299
0.003675
0.004261
0.004689
0.004690
0.003775
0.002202
0.000453
-0.001054
-0.001896
-0.002058
-0.002259
-0.002296
-0.002085
-0.001935
-0.001861
-0.001816
-0.001683
-0.001708
-0.002073
-0.002226
-0.002201
-0.002027
-0.001185
-0.000120
0.000788
0.001564
0.001950
0.002001
0.002192
0.002848
0.003368
0.003145
0.002573
0.001905
0.001429
0.001598
0.002071
0.002180
0.001837
0.001426
0.001078
0.000976
0.001231
0.001542
0.001807
0.001876
0.001873
0.001901
0.001670
0.001186
0.000714
0.000620
0.000532
0.000223
0.000162
0.000196
0.000034
-0.000053
0.000003
-0.000291
-0.000720
-0.000859
-0.000832
-0.000784
-0.000633
-0.000202
0.000129
-0.000097
-0.000621
-0.001130
-0.001497
-0.001437
-0.001098
-0.000682
-0.000113
0.000476
0.000972
0.001264
0.001342
0.001405
0.001277
0.000974
0.001017
0.001136
0.001085
0.001194
0.001404
0.001422
0.001277
0.001283
0.001361
0.001410
0.001535
0.001663
0.001711
0.001693
0.001656
0.001522
0.001459
0.001472
0.001373
0.001321
0.001301
0.001275
0.001291
0.001355
0.001391
0.001331
0.001220
0.001083
0.000998
0.000931
0.000817
0.000725
0.000675
0.000726
0.000947
0.001172
0.001294
0.001340
0.001315
0.001268
0.001250
0.001232
0.001158
0.001060
0.000903
0.000677
0.000453
0.000290
0.000224
0.000161
0.000116
0.000138
0.000142
0.000127
0.000110
0.000075
0.000036
0.000005
0.000013
0.000018
-0.000019
-0.000050
-0.000067
-0.000089
-0.000112
-0.000146
-0.000190
-0.000210
-0.000213
-0.000234
-0.000254
-0.000262
-0.000261
-0.000248
-0.000236
-0.000243
-0.000275
-0.000313
-0.000337
-0.000347
-0.000354
-0.000367
-0.000380
-0.000395
-0.000410
-0.000420
-0.000431
-0.000438
-0.000441
-0.000442
-0.000444
-0.000448
-0.000449
-0.000449
-0.000452
-0.000457
-0.000462
-0.000466
-0.000472
-0.000476
-0.000481
-0.000485
-0.000489
-0.000492
-0.000494
-0.000497
-0.000500
-0.000503
-0.000506
-0.000508
-0.000510
-0.000512
-0.000514
-0.000516
-0.000517
-0.000518
-0.000518
-0.000519
-0.000519
-0.000519
-0.000518
-0.000518
-0.000517
-0.000516
-0.000515
-0.000513
-0.000512
-0.000510
-0.000507
