-0.000008
0.000005
-0.000009
-0.000006
-0.000044
-0.000097
-0.000119
0.000218
0.000237
0.000132
-0.000065
-0.000383
0.000112
0.000988
0.000234
-0.000544
-0.001161
-0.001578
-0.000894
0.000326
0.000956
0.000975
0.000190
-0.001347
0.002722
0.004180
0.001442
-0.002795
-0.004476
-0.000511
0.003146
0.001325
-0.004890
-0.002543
-0.003058
0.001173
0.007072
0.005955
0.002792
-0.011903
-0.010981
0.000784
0.009129
0.003420
-0.000277
-0.008507
-0.001212
0.014550
0.008630
-0.013044
-0.013730
0.007249
0.018824
0.003914
-0.006614
-0.010016
0.000023
0.006945
0.008982
-0.009500
-0.022749
-0.011999
0.010875
0.015571
0.008773
-0.016379
-0.012742
0.004035
0.037010
0.010861
-0.033778
-0.025701
0.003745
0.016598
0.011561
-0.003863
-0.014106
0.003021
0.021902
0.016538
-0.004751
-0.013274
-0.016431
-0.011992
0.006912
0.016007
0.002822
-0.006643
-0.000089
0.009135
0.006781
-0.003864
-0.009131
0.001942
0.006703
-0.006971
-0.010796
0.009218
0.019327
-0.005537
-0.030736
-0.001042
0.038817
0.033409
-0.025116
-0.055296
-0.028051
0.023098
0.038084
0.001956
-0.030771
-0.002803
0.035909
0.026971
-0.003341
-0.024657
-0.020793
0.002886
0.020362
0.018431
-0.017921
-0.024959
-0.012632
0.005223
0.022257
0.005795
-0.004613
-0.016646
0.008168
0.021250
0.014988
-0.022086
-0.033277
-0.022017
0.016462
0.041540
0.015401
-0.017257
-0.024928
-0.025092
0.005457
0.038871
0.019237
-0.017484
-0.028714
0.009843
0.017669
0.003372
-0.022736
-0.021473
0.018110
0.032189
0.019028
-0.017931
-0.025478
-0.009114
0.016497
0.012002
-0.010258
-0.007636
0.004250
0.013774
0.010141
-0.002069
0.016150
0.000054
-0.008966
-0.019191
0.015949
0.018842
-0.016136
-0.020780
-0.000928
0.007965
0.005960
-0.010385
-0.012671
0.005635
0.008083
0.006674
-0.000992
-0.012270
-0.008572
0.012606
0.012567
-0.000013
-0.011577
-0.021586
0.003514
0.013893
-0.006029
-0.020254
-0.005407
0.026532
0.025430
-0.009859
-0.025507
-0.010908
0.009692
0.016093
0.002548
-0.004388
0.003110
0.006240
0.007182
0.010750
-0.001095
-0.011270
-0.014189
0.005431
0.021110
0.001093
-0.019198
-0.013600
-0.003308
0.007478
-0.005680
0.004608
0.000600
-0.005014
-0.017691
-0.010747
0.008193
0.001410
-0.000154
0.005159
0.003828
0.009411
0.009265
0.008740
0.010722
-0.001293
-0.016779
-0.017553
-0.008119
0.005352
0.015445
0.002026
-0.011672
-0.013474
0.000558
0.008954
0.004049
-0.010254
-0.022858
-0.015149
0.001264
0.026471
0.021535
-0.009440
-0.029085
-0.007280
0.034292
0.022826
-0.011372
-0.028514
-0.006783
0.013330
0.010078
-0.002586
-0.013585
-0.009969
0.010443
0.021414
0.013279
0.005003
-0.015508
-0.007883
0.010781
0.017395
0.012946
0.010904
-0.003746
-0.016964
-0.023817
-0.007532
0.020877
0.017921
-0.005555
-0.021809
-0.012164
0.012010
0.009955
-0.006474
-0.017312
-0.003730
0.011276
0.010315
-0.007381
-0.001756
0.012550
0.026028
0.019445
-0.026752
-0.045549
-0.016143
0.040619
0.047049
0.005924
-0.038386
-0.045097
-0.000790
0.040123
0.030937
0.009039
-0.028999
-0.029975
-0.012327
0.025663
0.035210
0.017033
-0.015542
-0.023811
-0.023331
-0.009127
0.016289
0.027531
-0.005422
-0.019947
-0.019563
0.010253
0.027985
0.031700
0.005466
-0.020306
-0.034196
0.006837
0.032962
0.005716
-0.036091
-0.026281
0.012652
0.038921
0.026015
-0.000883
-0.023033
-0.032812
-0.023085
-0.019556
-0.003795
0.011564
0.029633
0.030239
-0.013273
-0.031094
-0.007066
0.016758
0.004650
-0.004500
-0.002249
0.010658
0.014203
0.007672
-0.001301
-0.001516
-0.007150
-0.010751
-0.011316
0.002399
0.006386
0.013980
0.011746
-0.007657
-0.033337
-0.022471
0.002227
0.017847
0.008469
-0.018426
-0.031405
0.002898
0.041744
0.035366
0.013311
-0.015019
-0.008154
0.017268
0.028681
0.004903
-0.021848
-0.025069
-0.009129
-0.004684
-0.014246
-0.014856
0.004558
0.013950
0.001263
-0.005875
0.006733
0.021992
0.013892
-0.005831
-0.021040
-0.004287
0.004544
-0.010691
-0.032576
-0.031950
-0.000607
0.030551
0.046727
0.027492
-0.004403
-0.028142
-0.014070
0.023090
0.028864
0.023300
-0.004301
-0.024126
-0.029161
-0.019765
-0.014425
0.010029
0.022084
0.016176
-0.005112
-0.029595
-0.032677
0.001998
0.024077
0.018923
-0.003066
-0.025472
-0.010097
0.020737
0.022192
-0.004054
-0.032983
-0.022787
0.019900
0.042876
0.022151
-0.006055
-0.013264
0.000777
0.012248
0.007548
-0.003505
0.001549
0.004017
0.012758
0.008216
-0.016078
-0.019370
-0.004362
0.010285
-0.000066
-0.017871
-0.023445
-0.011866
0.009360
0.001004
-0.019760
-0.006697
0.016154
0.016560
-0.003867
-0.017436
-0.007825
0.015511
0.014474
0.007554
0.001224
-0.001695
-0.005559
-0.007944
0.001551
0.008325
-0.002771
-0.000166
-0.001958
-0.002958
-0.000115
0.003588
0.006459
-0.002895
-0.005951
-0.006126
-0.015834
-0.007777
0.004002
0.018369
0.015787
0.001271
-0.004765
0.000783
0.005218
-0.004658
-0.004196
-0.003383
0.002574
0.015509
0.030580
0.032759
0.024332
0.002490
-0.015535
-0.015876
-0.011423
-0.001197
0.005947
-0.002182
-0.010177
-0.026986
-0.019701
-0.001439
0.013139
0.003801
-0.009089
-0.008997
-0.006345
0.003582
0.019926
0.027065
0.034418
0.020281
-0.004198
-0.026615
-0.028866
-0.006625
0.012724
0.012650
0.005989
0.000212
-0.001053
-0.006954
-0.018540
-0.025444
-0.022746
0.001582
0.022078
0.020459
-0.003071
-0.029842
-0.022362
0.002472
0.016916
0.007966
0.008265
0.012201
0.006375
0.000227
-0.002787
-0.004277
-0.001566
-0.002118
-0.003808
0.003482
-0.001887
-0.017990
-0.019493
-0.013615
0.003837
0.015094
0.010974
-0.002338
-0.002427
-0.001618
0.016233
0.019952
0.016980
0.004840
-0.006003
-0.008725
-0.005305
0.006549
0.007575
-0.000918
-0.010205
-0.010912
-0.005249
-0.001532
-0.001989
-0.003415
-0.006999
-0.012527
-0.004595
0.000036
-0.000187
0.000367
0.005573
0.011721
0.004932
-0.009018
-0.011140
-0.002781
0.002298
0.000299
0.000212
-0.006417
-0.010113
-0.008245
-0.009312
-0.009460
0.001334
0.008392
0.006729
0.011614
0.014430
0.024275
0.017462
-0.001369
-0.009736
-0.005515
-0.003136
-0.003278
-0.007274
-0.008263
-0.008081
0.000350
0.004849
-0.001404
-0.003061
0.004248
0.007020
0.006803
0.005133
0.009187
0.010959
0.012519
0.013995
0.012248
0.007461
-0.000038
-0.004029
-0.005330
-0.005921
-0.001144
-0.006406
-0.012682
-0.010681
-0.005442
0.000599
0.000100
-0.005898
-0.011648
-0.003237
0.011234
0.013370
0.005145
-0.011092
-0.015615
-0.011388
-0.002828
0.002999
0.010124
0.014876
0.011931
0.001756
-0.006367
-0.006390
0.003386
0.007008
-0.001845
-0.012896
-0.019506
-0.010526
-0.001232
-0.000419
-0.013236
-0.027744
-0.019114
-0.000559
0.010225
0.005463
-0.000514
0.003355
0.009708
0.014706
0.016676
0.013681
0.014248
0.011651
0.011025
0.011512
0.002276
-0.011103
-0.017588
-0.014144
-0.012996
-0.006569
-0.000056
0.002272
0.001849
-0.001859
-0.001634
0.006227
0.014153
0.015861
0.009528
-0.001190
-0.004877
0.006858
0.010134
0.004228
0.002397
0.007866
0.007521
0.005515
0.001356
0.000431
0.001790
-0.003057
-0.010368
-0.007233
-0.004971
-0.009063
-0.012736
-0.010188
-0.000290
0.002527
-0.003245
-0.003324
0.001728
0.010899
0.008523
0.000348
-0.001184
0.001450
-0.005051
-0.009551
-0.009674
-0.005051
-0.002798
-0.002674
-0.001747
-0.000412
-0.001896
-0.006125
-0.002186
0.002100
0.000103
-0.002355
-0.005026
0.001746
0.005438
0.006505
0.006812
0.010451
0.015836
0.008426
-0.003183
-0.007350
-0.004184
-0.001840
-0.002821
-0.003372
-0.001006
-0.001899
-0.008842
-0.011768
-0.009810
-0.005809
0.000210
0.004416
0.005551
0.005268
0.006220
0.008739
0.012107
0.010485
0.004427
0.002778
0.011428
0.018211
0.016301
0.006510
-0.001285
-0.005016
-0.003044
-0.005403
-0.010079
-0.016218
-0.014968
-0.013027
-0.012806
-0.014694
-0.012340
-0.008194
-0.006337
-0.005562
-0.002284
0.002086
0.008134
0.010817
0.011974
0.012197
0.010447
0.010271
0.005160
0.000566
-0.001308
-0.000886
-0.002815
-0.004797
-0.005884
-0.005717
-0.007263
-0.001361
0.008490
0.010692
0.006350
0.001926
0.004647
0.010092
0.010892
0.008812
0.004270
0.004094
0.004609
0.000392
-0.000434
-0.000283
-0.002633
-0.009421
-0.017486
-0.015402
-0.007512
-0.001178
0.000809
-0.000930
-0.001682
0.001346
0.006098
0.007020
-0.001863
-0.007858
-0.008094
-0.000161
0.002755
-0.005666
-0.013958
-0.015891
-0.012174
-0.004310
0.003996
0.003375
-0.001241
-0.000919
0.006981
0.016923
0.017154
0.009660
0.007763
0.015472
0.019984
0.017175
0.006881
-0.002624
-0.003977
-0.000300
-0.001520
-0.007359
-0.013199
-0.014623
-0.013911
-0.013704
-0.016137
-0.016104
-0.016318
-0.009538
-0.003491
-0.003906
-0.006738
-0.006355
-0.001328
0.003882
0.004302
0.001542
0.000225
0.001232
0.006317
0.009998
0.006976
0.006363
0.007156
0.009471
0.010751
0.008174
0.002085
-0.000794
-0.001335
0.000607
0.001170
-0.002656
-0.001207
0.006069
0.012159
0.012758
0.004578
-0.003606
-0.004952
-0.000699
0.002566
-0.001510
-0.007862
-0.011254
-0.010478
-0.010819
-0.009547
-0.004601
0.001487
0.004873
0.005904
0.008035
0.011680
0.012607
0.007502
0.006606
0.008568
0.005792
-0.000434
-0.008032
-0.010029
-0.008636
-0.007359
-0.005730
-0.002658
-0.002786
-0.004340
-0.006004
-0.005572
-0.008208
-0.007158
-0.001756
0.004729
0.010606
0.009474
0.005080
0.002356
0.005170
0.009402
0.010299
0.009036
0.008659
0.005887
0.004606
0.001953
-0.001627
-0.004048
-0.004671
-0.002409
-0.002068
-0.002864
-0.003864
-0.000786
0.003712
0.005222
0.003474
0.000185
-0.002528
-0.001953
-0.003551
-0.005621
-0.007801
-0.008324
-0.007819
-0.009142
-0.010869
-0.011954
-0.011883
-0.012015
-0.010786
-0.004674
-0.003135
-0.005794
-0.008468
-0.008141
-0.002599
0.005005
0.009745
0.009266
0.010319
0.014723
0.019543
0.019755
0.017098
0.013052
0.011879
0.010802
0.005203
-0.001809
-0.008257
-0.008902
-0.007694
-0.006806
-0.006873
-0.005611
-0.002080
-0.001715
-0.001218
0.001409
0.003410
0.003826
0.002171
-0.000016
-0.000024
0.002977
0.003122
0.001291
-0.000554
-0.004320
-0.006295
-0.004261
-0.000173
0.000774
-0.002930
-0.004098
-0.002458
0.000950
0.001923
-0.001687
-0.004017
0.000677
0.004569
0.001890
-0.000029
-0.000115
0.002529
0.004077
0.003274
-0.000824
-0.004480
-0.002808
-0.001259
-0.002442
-0.005582
-0.002762
0.000474
0.000005
-0.001090
-0.000408
0.000970
0.000856
-0.000752
-0.003095
-0.003932
-0.003206
-0.002592
-0.000438
-0.000020
-0.000035
-0.001427
-0.000308
0.001411
0.004095
0.005373
0.005532
0.005387
0.006988
0.007676
0.006374
0.005443
0.005866
0.007944
0.008333
0.005530
0.001559
0.000489
0.003726
0.005074
-0.000841
-0.007988
-0.009452
-0.007510
-0.007044
-0.009039
-0.011589
-0.012816
-0.011400
-0.009328
-0.006960
-0.006517
-0.004599
0.000332
0.004798
0.006218
0.005835
0.005439
0.008522
0.008481
0.006276
0.002453
0.001208
0.000299
0.001135
0.001810
0.002178
0.001339
0.001180
0.001870
0.003731
0.003958
0.003999
0.001995
-0.002387
-0.004956
-0.005743
-0.005607
-0.006295
-0.007638
-0.007745
-0.005418
-0.003493
-0.002311
-0.001373
-0.001716
-0.000411
0.003523
0.004961
0.005148
0.006564
0.007084
0.008195
0.009027
0.007287
0.006417
0.004789
0.002144
-0.000522
0.000308
0.000835
-0.002624
-0.005260
-0.005236
-0.003774
-0.003141
-0.001801
-0.000112
-0.000094
-0.001063
-0.001274
-0.000365
0.001300
0.002615
0.001828
0.002444
0.002704
0.001667
-0.000356
-0.002495
-0.003270
-0.005015
-0.007989
-0.009044
-0.008989
-0.007861
-0.008664
-0.008544
-0.006469
-0.004692
-0.003421
-0.001308
0.001829
0.004131
0.004046
0.000170
-0.001905
-0.000346
0.001459
0.004381
0.005641
0.006136
0.006588
0.006857
0.008562
0.007888
0.005249
0.004502
0.004395
0.004960
0.004327
0.002058
0.000070
-0.001374
-0.001298
-0.002734
-0.003179
-0.002920
-0.001890
-0.002026
-0.002005
-0.003192
-0.004112
-0.002850
-0.001570
-0.000642
-0.001918
-0.004837
-0.004449
-0.003035
-0.001181
-0.002946
-0.003050
-0.000618
0.000535
0.000225
-0.000305
-0.000130
-0.000377
-0.000032
0.001898
0.002797
0.002838
0.001498
0.001166
0.002215
0.004286
0.005226
0.004869
0.004222
0.003640
0.001780
0.002048
0.001573
0.001466
0.002051
0.003621
0.003291
0.002418
0.001932
0.003029
0.001637
-0.001755
-0.004387
-0.004663
-0.004413
-0.003723
-0.003639
-0.003494
-0.003145
-0.002004
-0.001665
-0.000217
-0.000008
0.000593
0.002498
0.004652
0.004746
0.003111
0.002173
0.002930
0.003577
0.002128
0.000110
-0.001437
-0.003042
-0.004737
-0.005326
-0.004795
-0.004604
-0.005566
-0.008063
-0.009082
-0.007456
-0.005313
-0.004041
-0.001788
-0.001145
-0.001299
-0.001456
0.000240
0.002672
0.004012
0.003151
0.002388
0.003412
0.004535
0.004136
0.001455
-0.000069
-0.000094
0.001551
0.003074
0.001080
-0.001561
-0.000395
0.002057
0.002344
0.000056
-0.001827
-0.001122
0.001528
0.004461
0.004751
0.001692
-0.001237
-0.002188
-0.000728
0.000620
-0.000276
-0.003741
-0.004449
-0.003061
-0.000533
-0.000577
-0.003307
-0.005445
-0.006391
-0.002474
0.002179
0.004457
0.003358
0.002100
0.002143
0.003544
0.006718
0.008822
0.009114
0.007498
0.006930
0.005989
0.005587
0.003746
0.001393
0.000228
-0.000073
-0.000993
-0.001328
-0.000767
-0.001839
-0.003262
-0.004838
-0.005407
-0.004254
-0.003546
-0.003219
-0.003099
-0.002934
-0.002837
-0.002794
-0.002533
-0.002350
-0.002453
-0.003181
-0.002773
-0.000021
0.001141
0.000994
-0.000053
0.000901
0.000448
0.000565
0.000066
0.001204
0.002453
0.002089
0.002284
0.002144
0.001402
0.001441
0.001558
0.001029
0.000100
0.000721
0.001831
0.001341
-0.000141
-0.001327
-0.000681
0.000024
-0.001172
-0.003405
-0.004147
-0.004252
-0.002928
-0.001702
-0.001090
-0.000858
-0.001369
-0.001453
-0.001733
-0.001511
-0.001621
-0.003186
-0.004352
-0.004145
-0.003906
-0.003425
-0.002942
-0.001865
-0.001522
-0.000967
0.001026
0.003418
0.004185
0.003773
0.002111
0.002921
0.005024
0.006103
0.006162
0.005310
0.004755
0.005807
0.005402
0.004983
0.003048
0.000984
0.002979
0.004006
0.002564
0.000425
-0.001525
-0.001500
0.000125
-0.000484
-0.002315
-0.001982
-0.001102
-0.000313
-0.000378
-0.001438
-0.001986
-0.001441
-0.000019
0.000006
-0.000253
-0.001487
-0.001506
-0.000516
-0.000576
-0.001036
-0.001147
-0.001577
-0.001659
-0.003382
-0.003780
-0.004399
-0.004579
-0.006398
-0.006526
-0.005581
-0.002754
-0.001497
-0.002949
-0.004361
-0.004072
-0.000322
0.001861
0.001568
0.001958
0.002643
0.004216
0.006525
0.007115
0.004812
0.003827
0.005557
0.008091
0.007530
0.004915
0.003374
0.004017
0.005461
0.004989
0.002472
0.000154
-0.000673
-0.000778
-0.000667
-0.000146
-0.000693
-0.001217
-0.002940
-0.003044
-0.002497
-0.001607
-0.002582
-0.003749
-0.003752
-0.003474
-0.003399
-0.003259
-0.002876
-0.003378
-0.003525
-0.002345
-0.000669
0.000689
0.000807
0.000655
0.000554
-0.000127
-0.000393
0.000401
0.000695
0.000483
-0.000325
-0.001209
-0.001460
-0.002062
-0.002439
-0.002437
-0.002498
-0.002267
-0.002051
-0.002246
-0.002476
-0.002769
-0.002623
-0.000801
-0.000406
-0.000584
-0.000314
0.000169
0.001380
0.002821
0.002022
0.001212
0.002282
0.003016
0.003467
0.003892
0.003653
0.002985
0.002844
0.002718
0.002585
0.003848
0.005189
0.006139
0.005746
0.004244
0.004199
0.002364
0.000873
-0.000872
0.000428
-0.000856
-0.000925
-0.001868
-0.001852
-0.001771
-0.001412
-0.001243
-0.000452
-0.000406
-0.000071
0.000628
0.000369
-0.001588
-0.002148
-0.001879
-0.001664
-0.001294
-0.002420
-0.004716
-0.005635
-0.005843
-0.004633
-0.003148
-0.003180
-0.003591
-0.003142
-0.002852
-0.002025
-0.000535
-0.000009
-0.000134
0.000442
0.000782
0.001225
0.001379
0.001540
0.001852
0.001664
0.002811
0.003661
0.001895
0.000355
0.000171
0.001659
0.002877
0.003359
0.001417
-0.000038
0.000305
0.001998
0.000578
-0.000472
-0.001511
-0.000164
0.001887
0.003107
0.002808
-0.000152
-0.000954
0.001132
0.002726
0.003132
0.002081
-0.000026
-0.000660
-0.000052
-0.000076
-0.001107
-0.003600
-0.004855
-0.003650
-0.001468
-0.000502
-0.001220
-0.002199
-0.001254
-0.000030
0.000666
-0.001180
-0.001459
-0.001235
-0.000287
0.000290
0.000112
-0.000370
-0.000717
-0.000468
-0.001250
-0.001775
-0.002111
-0.001716
-0.001108
-0.000148
-0.001321
-0.000476
0.001435
0.001850
0.003561
0.003769
0.003295
0.003237
0.004073
0.005403
0.004616
0.003976
0.001694
0.001253
0.001057
-0.000641
-0.000503
-0.001350
-0.002620
-0.002542
-0.002702
-0.002566
-0.002394
-0.002571
-0.004146
-0.004200
-0.002308
-0.001373
-0.000923
-0.000542
0.000453
0.000495
-0.000716
-0.000803
-0.000247
0.000842
0.002216
0.002044
0.002553
0.001931
0.001313
0.001167
0.001671
0.001971
0.001932
0.001052
0.001436
-0.000375
-0.000033
0.001940
0.002002
0.002069
0.001774
0.000939
0.001482
0.002437
0.003766
0.002507
0.002335
0.001387
0.001707
0.001265
0.000659
0.001145
0.000795
-0.000418
-0.000348
-0.002151
-0.002922
-0.003133
-0.003294
-0.004587
-0.004947
-0.004832
-0.006304
-0.006307
-0.005479
-0.005614
-0.006312
-0.005259
-0.003542
-0.002810
-0.002423
-0.002566
-0.001914
-0.001547
-0.000954
-0.000466
0.000178
0.000475
0.000775
0.002351
0.002754
0.001857
0.001138
0.001918
0.003019
0.002576
0.002577
0.001954
0.000791
0.000157
0.000348
0.000438
0.000526
0.000624
0.000705
0.001008
0.001203
0.002380
0.003194
0.003863
0.004527
0.004983
0.004521
0.004663
0.005316
0.004924
0.004220
0.003396
0.003020
0.002460
0.002004
0.000782
-0.000638
-0.001909
-0.002212
-0.002212
-0.002180
-0.002114
-0.002080
-0.002385
-0.002997
-0.003277
-0.003150
-0.003470
-0.004095
-0.003654
-0.002847
-0.002175
-0.002071
-0.001768
-0.001609
-0.001256
-0.001143
-0.001050
-0.000955
-0.001129
-0.001127
-0.000417
-0.000116
0.000135
-0.000415
-0.000972
-0.000474
0.000404
0.000735
0.000736
0.001336
0.001610
0.001415
0.001042
0.000775
0.001169
0.001502
0.001415
0.001368
0.001247
0.001280
0.001376
0.001271
0.001155
0.000884
0.000611
0.000502
0.000343
0.000200
-0.000157
-0.000341
-0.000380
-0.000378
-0.000375
-0.000414
-0.000476
-0.000529
-0.000460
-0.000263
-0.000301
-0.000416
-0.000489
-0.000482
-0.000404
-0.000336
-0.000318
-0.000250
-0.000170
-0.000122
-0.000060
-0.000040
-0.000009
0.000016
0.000058
0.000111
0.000114
0.000102
0.000097
0.000120
0.000118
0.000090
0.000073
0.000057
0.000051
0.000049
0.000019
0.000001
-0.000003
-0.000002
-0.000006
-0.000017
-0.000018
-0.000017
-0.000016
-0.000017
-0.000017
-0.000016
-0.000015
-0.000015
-0.000014
-0.000012
-0.000011
-0.000009
-0.000008
-0.000006
-0.000005
-0.000003
-0.000002
-0.000001
-0.000000
0.000001
0.000002
