-0.000693
-0.000737
-0.000730
-0.000718
-0.000711
-0.000709
-0.000711
-0.000711
-0.000701
-0.000668
-0.000617
-0.000564
-0.000534
-0.000538
-0.000581
-0.000632
-0.000661
-0.000653
-0.000624
-0.000585
-0.000556
-0.000568
-0.000666
-0.000814
-0.001024
-0.001271
-0.001475
-0.001596
-0.001712
-0.001879
-0.002060
-0.002196
-0.002206
-0.002081
-0.001776
-0.001178
-0.000460
0.000226
0.000820
0.001331
0.001860
0.002409
0.002843
0.002987
0.002736
0.002254
0.001640
0.000960
0.000179
-0.000790
-0.001867
-0.002802
-0.003342
-0.003351
-0.002835
-0.002108
-0.001572
-0.001392
-0.001452
-0.001555
-0.001606
-0.001600
-0.001570
-0.001401
-0.001203
-0.001236
-0.001660
-0.002525
-0.003534
-0.004261
-0.004516
-0.004249
-0.003429
-0.002004
-0.000118
0.001848
0.003782
0.005509
0.006669
0.007148
0.007161
0.007050
0.007017
0.007064
0.006942
0.006699
0.006436
0.005910
0.005095
0.003965
0.002465
0.000769
-0.000737
-0.001837
-0.002715
-0.003393
-0.003492
-0.002896
-0.001891
-0.000738
0.000318
0.000854
0.000533
-0.000454
-0.001616
-0.002745
-0.003756
-0.004468
-0.004634
-0.004357
-0.003967
-0.003585
-0.003122
-0.002512
-0.001917
-0.001393
-0.000855
-0.000212
0.000517
0.001129
0.001469
0.001724
0.002277
0.003170
0.004021
0.004460
0.004175
0.003140
0.001644
0.000065
-0.001124
-0.001830
-0.002292
-0.002639
-0.002682
-0.002135
-0.000967
0.000420
0.001746
0.002989
0.004115
0.004933
0.005178
0.004943
0.004580
0.004249
0.003735
0.002896
0.002016
0.001485
0.001509
0.002151
0.003201
0.004162
0.004643
0.004530
0.003842
0.002810
0.001912
0.001465
0.001303
0.000908
-0.000074
-0.001543
-0.003059
-0.004112
-0.004513
-0.004472
-0.004321
-0.004259
-0.004298
-0.004365
-0.004425
-0.004576
-0.004964
-0.005486
-0.005981
-0.006487
-0.006960
-0.007255
-0.007211
-0.006650
-0.005643
-0.004533
-0.003472
-0.002437
-0.001368
-0.000132
0.001172
0.002399
0.003528
0.004589
0.005662
0.006429
0.006639
0.006458
0.006145
0.005714
0.005204
0.004736
0.004155
0.003285
0.002356
0.001741
0.001476
0.001197
0.000669
-0.000095
-0.000842
-0.001250
-0.001242
-0.000797
-0.000176
0.000198
-0.000001
-0.000615
-0.001171
-0.001401
-0.001355
-0.001246
-0.001227
-0.001312
-0.001474
-0.001772
-0.001964
-0.001826
-0.001520
-0.001273
-0.001209
-0.001262
-0.001352
-0.001536
-0.002219
-0.003457
-0.005127
-0.007033
-0.008852
-0.010376
-0.011324
-0.011421
-0.010737
-0.009385
-0.007555
-0.005590
-0.003466
-0.001022
0.001714
0.004326
0.006358
0.007537
0.007934
0.007898
0.007781
0.007670
0.007307
0.006475
0.005414
0.004358
0.003411
0.002921
0.003069
0.003716
0.004507
0.005067
0.005445
0.005531
0.005174
0.004202
0.002844
0.001496
0.000296
-0.000660
-0.001516
-0.002489
-0.003419
-0.004005
-0.004164
-0.004068
-0.003859
-0.003410
-0.002543
-0.001419
-0.000009
0.001678
0.003386
0.004795
0.006049
0.007321
0.008671
0.009713
0.010042
0.009864
0.009511
0.009072
0.008578
0.008128
0.007489
0.006262
0.004434
0.002236
0.000219
-0.001212
-0.002304
-0.003187
-0.004053
-0.005094
-0.006135
-0.006789
-0.006950
-0.006533
-0.005536
-0.004114
-0.002506
-0.000684
0.001045
0.002104
0.002119
0.001144
-0.000107
-0.000902
-0.001028
-0.000526
0.000496
0.001578
0.002220
0.002066
0.001077
-0.000436
-0.002107
-0.003921
-0.005651
-0.007037
-0.008199
-0.009102
-0.009621
-0.009743
-0.009448
-0.009112
-0.009153
-0.009453
-0.009771
-0.010089
-0.010197
-0.009385
-0.007351
-0.004364
-0.001023
0.002694
0.006446
0.009450
0.011171
0.011676
0.011573
0.011669
0.012196
0.012722
0.012383
0.010575
0.007343
0.003143
-0.001382
-0.005592
-0.008858
-0.011007
-0.012120
-0.012208
-0.011378
-0.010206
-0.009085
-0.007927
-0.006321
-0.003962
-0.000991
0.002266
0.005947
0.009768
0.012894
0.015261
0.017175
0.018894
0.020506
0.021990
0.022843
0.022577
0.021264
0.018978
0.016136
0.013331
0.010881
0.008999
0.007519
0.006410
0.005198
0.003251
-0.000019
-0.004280
-0.008494
-0.012015
-0.014859
-0.016942
-0.018062
-0.018384
-0.018576
-0.019292
-0.020615
-0.021950
-0.022430
-0.021677
-0.020061
-0.017954
-0.015485
-0.012751
-0.010292
-0.008044
-0.005418
-0.002111
0.001636
0.004741
0.006829
0.008081
0.008629
0.008480
0.007587
0.006189
0.004596
0.003044
0.001561
0.000118
-0.001328
-0.002508
-0.003152
-0.003247
-0.003026
-0.002294
-0.001153
-0.000164
0.000307
0.000326
0.000194
0.000367
0.000707
0.001026
0.001111
0.000851
0.000523
0.000327
0.000112
-0.000041
0.000155
0.001073
0.003051
0.005583
0.007960
0.010026
0.011924
0.013137
0.013343
0.012459
0.011012
0.009902
0.009479
0.009306
0.008688
0.007425
0.005788
0.004377
0.003175
0.002069
0.001309
0.000989
0.000982
0.000819
0.000351
-0.000113
-0.000326
-0.000283
-0.000138
0.000178
0.000426
0.000317
-0.000219
-0.000993
-0.001590
-0.002108
-0.002883
-0.003868
-0.004888
-0.006039
-0.007622
-0.009909
-0.012472
-0.014687
-0.016049
-0.016460
-0.015785
-0.014178
-0.012191
-0.010054
-0.007636
-0.004861
-0.001821
0.001267
0.004038
0.006139
0.007427
0.007936
0.008214
0.008351
0.008191
0.007368
0.005989
0.004297
0.002416
0.000586
-0.001335
-0.003607
-0.005807
-0.007404
-0.008064
-0.008052
-0.007771
-0.007110
-0.006257
-0.005282
-0.004138
-0.002799
-0.001614
-0.000927
-0.000732
-0.000302
0.000707
0.002308
0.004543
0.007011
0.009214
0.011171
0.012842
0.014149
0.015318
0.016305
0.016895
0.016739
0.015458
0.012820
0.009194
0.004876
-0.000184
-0.005846
-0.011534
-0.016150
-0.019032
-0.020255
-0.020130
-0.018812
-0.016486
-0.013568
-0.010708
-0.008186
-0.005750
-0.003339
-0.000915
0.001686
0.004520
0.007527
0.010576
0.013543
0.015954
0.017750
0.019057
0.019501
0.018867
0.017119
0.014464
0.010842
0.006349
0.001474
-0.003319
-0.007843
-0.011927
-0.015440
-0.018294
-0.020929
-0.023780
-0.026565
-0.028838
-0.030277
-0.031053
-0.031302
-0.030688
-0.028910
-0.026101
-0.022378
-0.017710
-0.012613
-0.007619
-0.003022
0.000962
0.004751
0.008716
0.012634
0.016179
0.019262
0.022053
0.024421
0.026321
0.027779
0.028413
0.027757
0.025730
0.022995
0.020076
0.017233
0.014580
0.011960
0.009405
0.006961
0.004684
0.002688
0.000960
-0.000776
-0.002496
-0.003745
-0.004269
-0.004227
-0.004013
-0.003901
-0.003964
-0.004308
-0.005118
-0.006357
-0.007607
-0.008137
-0.007359
-0.005253
-0.002721
-0.000551
0.001029
0.002360
0.004110
0.006151
0.007700
0.007887
0.006533
0.003985
0.000795
-0.002416
-0.005379
-0.007832
-0.009422
-0.010075
-0.010286
-0.010765
-0.011870
-0.013446
-0.015123
-0.016485
-0.017092
-0.016693
-0.015465
-0.013844
-0.012209
-0.010695
-0.009273
-0.007980
-0.006720
-0.005058
-0.002702
0.000199
0.002975
0.004956
0.005990
0.006186
0.005807
0.005300
0.005004
0.005004
0.005451
0.006407
0.007445
0.008073
0.008012
0.007241
0.006097
0.004987
0.003961
0.003007
0.002270
0.001868
0.001638
0.001183
0.000340
-0.000550
-0.001100
-0.001345
-0.001757
-0.002707
-0.004146
-0.005649
-0.006676
-0.006774
-0.005606
-0.002999
0.000954
0.005738
0.010623
0.015020
0.018510
0.021129
0.023126
0.024649
0.025628
0.026023
0.025859
0.024926
0.022862
0.019787
0.016059
0.011703
0.006802
0.001909
-0.002490
-0.006098
-0.008834
-0.010951
-0.012631
-0.013536
-0.013420
-0.012188
-0.009987
-0.007481
-0.005399
-0.004175
-0.003794
-0.003853
-0.003896
-0.003558
-0.002862
-0.002019
-0.001313
-0.000934
-0.000858
-0.000999
-0.001473
-0.002357
-0.003330
-0.003951
-0.004116
-0.003988
-0.003702
-0.002976
-0.001761
-0.000130
0.001746
0.003470
0.004642
0.005112
0.005126
0.005001
0.004793
0.004067
0.002594
0.000654
-0.001496
-0.003518
-0.004952
-0.005638
-0.005996
-0.006342
-0.006534
-0.006055
-0.004849
-0.003062
-0.000709
0.001929
0.004117
0.005238
0.005384
0.005019
0.004371
0.003383
0.002050
0.000497
-0.001108
-0.002734
-0.004555
-0.006478
-0.007925
-0.008317
-0.007660
-0.006113
-0.003715
-0.000603
0.002689
0.005678
0.008430
0.011157
0.013888
0.016066
0.017174
0.017245
0.016546
0.015265
0.013389
0.010859
0.007879
0.004821
0.002176
0.000122
-0.001614
-0.003069
-0.003951
-0.004168
-0.003818
-0.003469
-0.003594
-0.004326
-0.005551
-0.006882
-0.007677
-0.007674
-0.007128
-0.006101
-0.004756
-0.003232
-0.001810
-0.000808
0.000107
0.001084
0.001933
0.002695
0.003582
0.004525
0.005430
0.006130
0.006413
0.006101
0.005276
0.003945
0.002132
-0.000024
-0.002303
-0.004490
-0.006211
-0.007022
-0.006785
-0.005740
-0.004607
-0.003944
-0.003677
-0.002985
-0.001170
0.001682
0.004994
0.008293
0.011182
0.013149
0.013868
0.013378
0.011954
0.009956
0.007833
0.005939
0.004229
0.002435
0.000614
-0.000861
-0.001863
-0.002540
-0.003177
-0.003922
-0.004855
-0.005931
-0.006947
-0.007898
-0.008834
-0.009377
-0.009013
-0.007747
-0.005811
-0.003577
-0.001661
-0.000380
0.000378
0.000949
0.001489
0.002096
0.003008
0.004170
0.005310
0.006131
0.006483
0.006483
0.006253
0.005810
0.005263
0.004578
0.003086
0.000032
-0.004453
-0.009371
-0.013593
-0.016478
-0.018117
-0.018975
-0.019475
-0.019619
-0.019173
-0.017826
-0.015492
-0.012507
-0.009305
-0.006421
-0.004144
-0.002124
0.000154
0.002593
0.004776
0.006463
0.007489
0.007894
0.008080
0.008446
0.008935
0.009141
0.008786
0.007837
0.006502
0.005329
0.004722
0.004691
0.005214
0.006224
0.007259
0.007881
0.007998
0.007845
0.007728
0.008112
0.009451
0.011500
0.013453
0.014737
0.015058
0.014278
0.012520
0.010048
0.007000
0.003510
-0.000387
-0.004442
-0.008217
-0.011003
-0.012413
-0.012634
-0.011979
-0.010538
-0.008729
-0.006891
-0.005077
-0.003357
-0.001977
-0.001193
-0.000952
-0.000778
-0.000153
0.000871
0.001980
0.003076
0.004016
0.004598
0.004571
0.003821
0.002518
0.001220
0.000621
0.000901
0.001573
0.002483
0.003597
0.004963
0.006456
0.007809
0.009008
0.009961
0.010296
0.009732
0.008405
0.006731
0.004881
0.002869
0.000547
-0.002328
-0.005666
-0.009104
-0.012416
-0.015320
-0.017547
-0.019165
-0.020218
-0.020688
-0.020474
-0.019521
-0.018038
-0.016080
-0.013621
-0.010782
-0.008068
-0.006178
-0.005423
-0.005479
-0.006026
-0.006691
-0.007111
-0.006952
-0.006312
-0.005461
-0.004899
-0.004702
-0.004561
-0.004410
-0.004253
-0.004156
-0.004100
-0.003801
-0.002913
-0.001218
0.001279
0.004234
0.007028
0.009131
0.010133
0.010305
0.010342
0.010452
0.010537
0.010189
0.009212
0.007736
0.006041
0.004136
0.002120
0.000128
-0.001955
-0.004338
-0.006842
-0.009303
-0.011599
-0.013800
-0.015898
-0.017696
-0.018879
-0.019200
-0.018415
-0.016577
-0.013849
-0.010545
-0.007161
-0.003965
-0.000904
0.002340
0.005759
0.008868
0.011383
0.013232
0.014768
0.016406
0.018064
0.019346
0.019925
0.019867
0.019242
0.018059
0.016200
0.013661
0.010665
0.007533
0.004462
0.001512
-0.001318
-0.003822
-0.005761
-0.006991
-0.007671
-0.007848
-0.007540
-0.006763
-0.005380
-0.003284
-0.000590
0.002196
0.004497
0.006302
0.007892
0.009212
0.009868
0.009684
0.008892
0.007794
0.006414
0.004741
0.002879
0.000974
-0.000543
-0.001408
-0.001758
-0.001730
-0.001484
-0.001254
-0.001146
-0.001125
-0.000870
0.000166
0.002060
0.004197
0.006039
0.007220
0.007455
0.006703
0.005517
0.004538
0.003786
0.003010
0.002242
0.001700
0.001368
0.000898
0.000078
-0.000929
-0.001992
-0.003061
-0.004023
-0.004739
-0.004990
-0.004926
-0.005135
-0.006013
-0.007448
-0.008960
-0.009985
-0.010113
-0.009248
-0.007738
-0.005836
-0.003596
-0.001083
0.001814
0.005029
0.008181
0.010785
0.012542
0.013272
0.012703
0.010609
0.007179
0.002912
-0.001412
-0.005164
-0.008291
-0.011088
-0.013660
-0.015686
-0.016860
-0.017069
-0.016435
-0.015217
-0.013879
-0.012911
-0.012629
-0.012908
-0.013279
-0.013446
-0.013393
-0.013283
-0.013199
-0.012950
-0.012167
-0.010835
-0.009089
-0.007169
-0.005232
-0.003126
-0.000751
0.001722
0.004111
0.006218
0.007733
0.008322
0.007881
0.006399
0.003999
0.001044
-0.002053
-0.004823
-0.006713
-0.007504
-0.007495
-0.006943
-0.005450
-0.002373
0.002245
0.007693
0.012987
0.017365
0.020723
0.023270
0.024950
0.025469
0.024640
0.022700
0.020001
0.016596
0.012348
0.007257
0.001893
-0.003025
-0.006816
-0.009006
-0.009595
-0.009093
-0.008158
-0.007131
-0.005873
-0.004281
-0.002674
-0.001647
-0.001579
-0.002162
-0.002869
-0.003483
-0.003937
-0.004188
-0.004268
-0.004235
-0.003962
-0.003157
-0.001799
0.000071
0.002233
0.004005
0.004757
0.004315
0.003095
0.001682
0.000200
-0.001401
-0.002933
-0.004035
-0.004533
-0.004803
-0.005442
-0.006430
-0.007220
-0.007287
-0.006414
-0.005022
-0.003612
-0.002410
-0.001372
-0.000238
0.001108
0.002600
0.003895
0.004605
0.004750
0.004609
0.004482
0.004455
0.004421
0.004026
0.003000
0.001314
-0.000578
-0.002406
-0.004192
-0.005954
-0.007822
-0.009624
-0.011265
-0.012601
-0.013333
-0.013373
-0.012574
-0.011184
-0.009395
-0.007190
-0.004833
-0.002637
-0.000514
0.001735
0.003868
0.005831
0.007852
0.009691
0.011074
0.011884
0.012169
0.012080
0.011649
0.010890
0.009596
0.007460
0.004496
0.000687
-0.003526
-0.007529
-0.011265
-0.014979
-0.018363
-0.020867
-0.022187
-0.022458
-0.021694
-0.019821
-0.017073
-0.013931
-0.010833
-0.008393
-0.006633
-0.005286
-0.004173
-0.003041
-0.002280
-0.002226
-0.002845
-0.003740
-0.004349
-0.004487
-0.004047
-0.003010
-0.001304
0.000841
0.002947
0.004708
0.006120
0.006917
0.007199
0.007175
0.007199
0.008077
0.010160
0.013094
0.015771
0.017492
0.018553
0.019363
0.020445
0.021800
0.022832
0.023245
0.023195
0.023246
0.023392
0.022844
0.021288
0.019246
0.017567
0.016531
0.015701
0.014831
0.013577
0.011568
0.008853
0.005751
0.002614
-0.000422
-0.003363
-0.006254
-0.008663
-0.010487
-0.011833
-0.012850
-0.013864
-0.014539
-0.014340
-0.013412
-0.011980
-0.010189
-0.008341
-0.006327
-0.003915
-0.001122
0.001331
0.002690
0.002933
0.002366
0.001248
-0.000417
-0.002680
-0.005408
-0.008832
-0.013306
-0.018758
-0.024316
-0.028912
-0.031842
-0.032997
-0.032587
-0.031055
-0.029079
-0.026966
-0.024621
-0.021902
-0.018874
-0.015733
-0.012634
-0.009604
-0.006641
-0.003874
-0.001335
0.001383
0.004152
0.006591
0.008414
0.009339
0.008861
0.006542
0.002887
-0.001062
-0.004548
-0.007446
-0.009633
-0.010706
-0.010679
-0.010368
-0.010672
-0.011826
-0.013262
-0.014231
-0.014446
-0.013759
-0.012025
-0.009387
-0.006015
-0.001863
0.002970
0.008029
0.013067
0.017655
0.021685
0.025035
0.027145
0.027709
0.026856
0.024981
0.022015
0.017920
0.012912
0.007510
0.002121
-0.002848
-0.006977
-0.009870
-0.011697
-0.012898
-0.013238
-0.012586
-0.011111
-0.008920
-0.006202
-0.003088
0.000191
0.003394
0.006181
0.008570
0.010724
0.012847
0.014746
0.015936
0.016535
0.016664
0.016400
0.016016
0.015243
0.014051
0.012473
0.010320
0.007609
0.004558
0.001435
-0.001608
-0.004549
-0.007184
-0.009298
-0.010915
-0.012194
-0.012616
-0.011729
-0.009697
-0.007166
-0.004680
-0.002453
-0.000585
0.001278
0.003583
0.006406
0.009467
0.012023
0.013875
0.015239
0.016532
0.017920
0.018935
0.019371
0.019312
0.019067
0.018318
0.016560
0.013527
0.009394
0.004507
-0.000383
-0.004478
-0.007358
-0.008674
-0.008642
-0.008031
-0.006997
-0.005152
-0.002144
0.002224
0.007725
0.013985
0.020033
0.024800
0.028147
0.030196
0.031149
0.031584
0.031668
0.030830
0.028446
0.024244
0.018403
0.011683
0.005050
-0.000882
-0.006180
-0.011479
-0.017189
-0.023529
-0.030179
-0.036125
-0.040542
-0.043316
-0.044361
-0.043424
-0.040423
-0.035723
-0.029958
-0.023830
-0.017737
-0.011870
-0.006459
-0.001926
0.001522
0.003799
0.005355
0.006667
0.008126
0.009704
0.010566
0.009845
0.007490
0.004153
0.000385
-0.003578
-0.007410
-0.010727
-0.013132
-0.014782
-0.016021
-0.017100
-0.018242
-0.019381
-0.020619
-0.021812
-0.022425
-0.021855
-0.020010
-0.017741
-0.015664
-0.013871
-0.012280
-0.010743
-0.009130
-0.007155
-0.004489
-0.000777
0.003939
0.009214
0.014440
0.018942
0.022504
0.025279
0.027308
0.028670
0.029583
0.029705
0.028831
0.026774
0.023417
0.019052
0.014032
0.008766
0.003569
-0.001161
-0.005030
-0.008020
-0.010118
-0.011673
-0.012861
-0.013434
-0.013008
-0.011871
-0.010852
-0.010429
-0.010513
-0.010738
-0.010821
-0.010606
-0.009755
-0.008228
-0.006491
-0.005178
-0.004623
-0.004659
-0.005018
-0.005815
-0.007033
-0.008542
-0.010128
-0.011821
-0.013993
-0.016709
-0.019709
-0.022403
-0.024296
-0.024951
-0.024253
-0.022558
-0.020896
-0.020513
-0.021554
-0.023353
-0.024857
-0.024873
-0.023186
-0.020780
-0.018489
-0.016286
-0.013937
-0.010866
-0.006917
-0.002214
0.003071
0.008394
0.013018
0.016492
0.018587
0.019387
0.019328
0.018713
0.017740
0.016847
0.016594
0.017058
0.017868
0.018325
0.017910
0.016986
0.016228
0.016010
0.016381
0.017670
0.019852
0.022541
0.025436
0.028371
0.031246
0.033897
0.036426
0.039218
0.042126
0.044698
0.046816
0.048356
0.049120
0.049033
0.047611
0.044459
0.039614
0.033324
0.025948
0.018252
0.010875
0.004087
-0.002014
-0.007126
-0.010914
-0.013157
-0.013965
-0.013793
-0.012802
-0.010678
-0.007447
-0.003365
0.001332
0.006402
0.011567
0.016430
0.020730
0.023876
0.025624
0.026041
0.025022
0.022662
0.018703
0.012904
0.005730
-0.001756
-0.008664
-0.015072
-0.021315
-0.026964
-0.031395
-0.034542
-0.035966
-0.035140
-0.032249
-0.027770
-0.022791
-0.017983
-0.013846
-0.010623
-0.007904
-0.005216
-0.002379
-0.000008
0.000751
-0.000165
-0.002053
-0.004221
-0.006142
-0.008018
-0.010250
-0.012741
-0.015018
-0.017046
-0.018699
-0.019695
-0.020244
-0.020411
-0.020153
-0.019350
-0.018059
-0.016447
-0.014157
-0.011059
-0.007301
-0.003131
0.001271
0.005750
0.010228
0.014413
0.017797
0.019693
0.019769
0.018053
0.015025
0.011520
0.008168
0.005133
0.002259
-0.000650
-0.003652
-0.006705
-0.009742
-0.012745
-0.015729
-0.018720
-0.021718
-0.024668
-0.027145
-0.028608
-0.028988
-0.028311
-0.026554
-0.023934
-0.020862
-0.017718
-0.014682
-0.011779
-0.009318
-0.007492
-0.006140
-0.005254
-0.005015
-0.005576
-0.006652
-0.007798
-0.008886
-0.010212
-0.011998
-0.014040
-0.015935
-0.017337
-0.017899
-0.017440
-0.015972
-0.013498
-0.010013
-0.005610
-0.000589
0.004522
0.009336
0.013661
0.017416
0.020687
0.023824
0.027001
0.030044
0.032845
0.035205
0.036752
0.037375
0.037395
0.037414
0.037953
0.038944
0.039816
0.039885
0.038959
0.037359
0.035281
0.032770
0.029928
0.027088
0.024693
0.023056
0.022259
0.022074
0.022117
0.021856
0.021145
0.020375
0.020132
0.020895
0.022654
0.024982
0.027368
0.029675
0.031973
0.034158
0.035900
0.036678
0.035950
0.033737
0.030627
0.027189
0.023421
0.019053
0.014178
0.009228
0.004619
0.000651
-0.002646
-0.005288
-0.007056
-0.007835
-0.007905
-0.007718
-0.007627
-0.007909
-0.008772
-0.009910
-0.010965
-0.012003
-0.012961
-0.013593
-0.013817
-0.013767
-0.013659
-0.013610
-0.013603
-0.013367
-0.012559
-0.011178
-0.009309
-0.007164
-0.005394
-0.004490
-0.004399
-0.004883
-0.005869
-0.007232
-0.009002
-0.011109
-0.013150
-0.014878
-0.016090
-0.016666
-0.016763
-0.016660
-0.016549
-0.016278
-0.015499
-0.014185
-0.012565
-0.010932
-0.009429
-0.008248
-0.007637
-0.007661
-0.008343
-0.009641
-0.011387
-0.013237
-0.015315
-0.018145
-0.021830
-0.025682
-0.028765
-0.030628
-0.031402
-0.031436
-0.030829
-0.029262
-0.026550
-0.022819
-0.018329
-0.013234
-0.007644
-0.001851
0.003525
0.007683
0.010034
0.010609
0.009949
0.009005
0.008824
0.009735
0.011367
0.013134
0.014696
0.015810
0.016096
0.015386
0.014057
0.012649
0.011433
0.010405
0.009269
0.007894
0.006210
0.004221
0.001998
-0.000436
-0.003234
-0.006291
-0.009186
-0.011687
-0.013773
-0.015607
-0.017371
-0.018795
-0.019302
-0.018396
-0.016209
-0.013381
-0.010417
-0.007759
-0.005775
-0.004403
-0.002996
-0.000903
0.001903
0.004814
0.006891
0.007591
0.006967
0.005409
0.003259
0.000940
-0.000866
-0.001728
-0.001810
-0.001585
-0.001436
-0.001452
-0.001569
-0.001889
-0.002671
-0.003707
-0.004482
-0.004713
-0.004188
-0.002417
0.000857
0.005239
0.009906
0.014032
0.016993
0.018286
0.018011
0.017053
0.016223
0.015804
0.015812
0.015861
0.015331
0.014093
0.012318
0.010353
0.008631
0.007314
0.006153
0.004895
0.003436
0.001875
0.000342
-0.000891
-0.001518
-0.001384
-0.000445
0.001034
0.002901
0.004989
0.006718
0.007628
0.008002
0.008564
0.009470
0.010294
0.010725
0.010988
0.011619
0.012564
0.013106
0.012620
0.011193
0.009151
0.006783
0.004482
0.002429
0.000573
-0.000980
-0.002006
-0.002287
-0.001812
-0.000557
0.001695
0.004748
0.007842
0.010017
0.010878
0.010821
0.010516
0.010394
0.010583
0.010960
0.011119
0.010670
0.009414
0.007432
0.004860
0.001711
-0.001848
-0.005493
-0.008749
-0.011273
-0.012839
-0.013461
-0.013490
-0.013348
-0.013297
-0.013332
-0.013143
-0.012338
-0.010814
-0.008472
-0.005218
-0.001158
0.003213
0.007132
0.009791
0.010865
0.010734
0.009892
0.008806
0.007902
0.007221
0.006377
0.005265
0.003976
0.002453
0.000359
-0.002687
-0.006570
-0.010590
-0.013906
-0.015897
-0.016562
-0.016464
-0.016193
-0.015806
-0.014659
-0.012194
-0.008740
-0.005240
-0.002593
-0.001020
0.000036
0.001155
0.002532
0.003598
0.003457
0.002011
-0.000150
-0.002570
-0.005172
-0.007980
-0.010986
-0.014200
-0.017795
-0.021877
-0.026319
-0.030769
-0.034763
-0.037880
-0.039775
-0.040467
-0.040405
-0.040014
-0.039342
-0.038152
-0.036209
-0.033530
-0.030329
-0.026799
-0.023235
-0.019904
-0.016850
-0.013946
-0.011156
-0.008588
-0.006387
-0.004808
-0.003808
-0.002897
-0.001929
-0.000960
0.000146
0.001465
0.003069
0.004881
0.006532
0.007622
0.007993
0.007659
0.006512
0.004535
0.001863
-0.001051
-0.003766
-0.006265
-0.009053
-0.012516
-0.016328
-0.019815
-0.022449
-0.024108
-0.024905
-0.024895
-0.024072
-0.022649
-0.020615
-0.017569
-0.013400
-0.008616
-0.003841
0.000325
0.003491
0.005734
0.007125
0.007735
0.007810
0.007687
0.007595
0.007597
0.007644
0.007705
0.007971
0.008776
0.010135
0.012023
0.014465
0.017310
0.020134
0.022426
0.024127
0.025492
0.026849
0.028319
0.029849
0.031135
0.031864
0.032300
0.032991
0.033966
0.034730
0.034802
0.033980
0.032786
0.031943
0.031731
0.031876
0.031668
0.030126
0.026874
0.022537
0.018123
0.014162
0.010594
0.006985
0.003136
-0.000618
-0.003976
-0.007100
-0.009885
-0.011762
-0.012320
-0.011385
-0.009190
-0.006581
-0.004406
-0.003149
-0.002762
-0.002824
-0.002901
-0.002681
-0.001858
-0.000683
0.000210
0.000336
-0.000477
-0.001717
-0.002727
-0.003616
-0.004510
-0.005200
-0.005649
-0.006219
-0.006752
-0.006589
-0.005426
-0.003323
-0.000770
0.001623
0.003275
0.003964
0.003982
0.003765
0.003418
0.002718
0.001795
0.001087
0.000814
0.000876
0.001018
0.001082
0.001053
0.001003
0.000955
0.000734
-0.000001
-0.001068
-0.001893
-0.002126
-0.001808
-0.001463
-0.001487
-0.001891
-0.002795
-0.003938
-0.004760
-0.005021
-0.004820
-0.004220
-0.003272
-0.002319
-0.001759
-0.001785
-0.002591
-0.003957
-0.005562
-0.006968
-0.007598
-0.007092
-0.005923
-0.005300
-0.005943
-0.007812
-0.010182
-0.012365
-0.014221
-0.015583
-0.015980
-0.015355
-0.014437
-0.014358
-0.015249
-0.016294
-0.016676
-0.015944
-0.014475
-0.012988
-0.011891
-0.011731
-0.012410
-0.013166
-0.013320
-0.012940
-0.012165
-0.011207
-0.010370
-0.009421
-0.008216
-0.006768
-0.005510
-0.005336
-0.006330
-0.008031
-0.009796
-0.011358
-0.012679
-0.013789
-0.014717
-0.014867
-0.013790
-0.011613
-0.008818
-0.006080
-0.003652
-0.001408
0.001065
0.003824
0.006566
0.009059
0.011369
0.013775
0.016159
0.018246
0.019913
0.021247
0.022196
0.022686
0.022787
0.022713
0.022633
0.022627
0.022637
0.022500
0.021805
0.020541
0.018798
0.016510
0.013902
0.011623
0.010061
0.009001
0.008271
0.007849
0.007790
0.008239
0.009283
0.010751
0.012464
0.014535
0.017250
0.020390
0.023697
0.026982
0.029872
0.032241
0.033913
0.034732
0.034863
0.034458
0.033132
0.030604
0.027192
0.023135
0.018852
0.014704
0.010895
0.007515
0.004485
0.001763
-0.000293
-0.001326
-0.001495
-0.001278
-0.001092
-0.000991
-0.000651
0.000177
0.001174
0.001849
0.002011
0.001721
0.000851
-0.000485
-0.002137
-0.003985
-0.005847
-0.007889
-0.010349
-0.013310
-0.016736
-0.020302
-0.023408
-0.025831
-0.027446
-0.028204
-0.028343
-0.028207
-0.027931
-0.027155
-0.025668
-0.023728
-0.021481
-0.018932
-0.016162
-0.013465
-0.010854
-0.007934
-0.004586
-0.001116
0.002242
0.005595
0.008940
0.011768
0.013515
0.014080
0.013961
0.013696
0.013480
0.012888
0.011758
0.010190
0.008518
0.006853
0.005109
0.003425
0.002010
0.000670
-0.000906
-0.002720
-0.004841
-0.007185
-0.009197
-0.010435
-0.011316
-0.012179
-0.012874
-0.013143
-0.012748
-0.011748
-0.010647
-0.009834
-0.008960
-0.007612
-0.005801
-0.003584
-0.000972
0.002004
0.005383
0.008973
0.012342
0.014997
0.016408
0.016250
0.015045
0.013736
0.012391
0.010439
0.007305
0.002767
-0.002886
-0.009170
-0.015972
-0.023042
-0.029837
-0.035989
-0.041139
-0.045262
-0.048374
-0.050249
-0.050213
-0.047926
-0.043728
-0.038219
-0.032111
-0.025674
-0.019003
-0.012021
-0.005121
0.001205
0.006897
0.011834
0.016040
0.019515
0.021750
0.022076
0.020613
0.018154
0.015546
0.013120
0.010627
0.007791
0.004415
0.000672
-0.003191
-0.006895
-0.010095
-0.012302
-0.013277
-0.013349
-0.013017
-0.012427
-0.011382
-0.009619
-0.007135
-0.004269
-0.000894
0.003158
0.007465
0.011610
0.015352
0.018621
0.021508
0.023963
0.025766
0.026584
0.026457
0.025837
0.024821
0.023529
0.021900
0.019702
0.017016
0.014270
0.011678
0.009002
0.005805
0.001933
-0.002127
-0.005624
-0.007738
-0.007777
-0.005766
-0.002416
0.001052
0.003588
0.004844
0.005102
0.004970
0.004994
0.005544
0.006553
0.007506
0.007764
0.007023
0.005686
0.004521
0.004113
0.004544
0.005662
0.007400
0.009560
0.011996
0.014457
0.016568
0.018228
0.019381
0.019937
0.019901
0.019127
0.017424
0.014842
0.011649
0.008102
0.004640
0.001811
-0.000057
-0.000954
-0.001152
-0.001034
-0.000661
0.000275
0.001858
0.003823
0.005828
0.007358
0.008079
0.008017
0.007349
0.006567
0.006429
0.007006
0.007744
0.008265
0.008545
0.008512
0.007995
0.006759
0.004579
0.001201
-0.003363
-0.008858
-0.014841
-0.020552
-0.025453
-0.029250
-0.031934
-0.033777
-0.035195
-0.036297
-0.036771
-0.036244
-0.034492
-0.031536
-0.027350
-0.022068
-0.016106
-0.009968
-0.004158
0.000861
0.005023
0.008425
0.011038
0.012808
0.013729
0.013838
0.013004
0.011043
0.008203
0.004743
0.000771
-0.003562
-0.007937
-0.011825
-0.014856
-0.017180
-0.019114
-0.020942
-0.022779
-0.024289
-0.025064
-0.024925
-0.023800
-0.021886
-0.019421
-0.016385
-0.012644
-0.008541
-0.004589
-0.000912
0.002524
0.005740
0.008705
0.011264
0.013435
0.015262
0.016520
0.016889
0.016226
0.014488
0.011745
0.008264
0.004364
0.000303
-0.003859
-0.008161
-0.012599
-0.017004
-0.021181
-0.024810
-0.027437
-0.028898
-0.029273
-0.028862
-0.028060
-0.027038
-0.025803
-0.024357
-0.022621
-0.020459
-0.018137
-0.016065
-0.014427
-0.013343
-0.012530
-0.011591
-0.010634
-0.009998
-0.009768
-0.009503
-0.008761
-0.007745
-0.006633
-0.005281
-0.003628
-0.001665
0.000837
0.003989
0.007472
0.010699
0.013339
0.015326
0.016546
0.016857
0.016222
0.014717
0.012462
0.009659
0.006446
0.002961
-0.000359
-0.003155
-0.005255
-0.006486
-0.006583
-0.005470
-0.003444
-0.000868
0.002142
0.005551
0.009250
0.013049
0.016646
0.019702
0.021850
0.022902
0.022782
0.021563
0.019564
0.017219
0.014821
0.012168
0.008840
0.004755
0.000369
-0.003659
-0.007020
-0.009713
-0.011629
-0.012327
-0.011496
-0.009107
-0.005304
-0.000626
0.004366
0.009065
0.012908
0.015877
0.018130
0.019578
0.020205
0.020253
0.020057
0.019543
0.018224
0.015725
0.012099
0.007904
0.003751
-0.000087
-0.003532
-0.006509
-0.009044
-0.011419
-0.013625
-0.015211
-0.015720
-0.015077
-0.013495
-0.011369
-0.009022
-0.006368
-0.003217
0.000232
0.003594
0.006379
0.008423
0.009941
0.011301
0.012729
0.014236
0.015550
0.016077
0.015644
0.014490
0.013003
0.011462
0.009839
0.008133
0.006431
0.004787
0.002897
0.000361
-0.002766
-0.005901
-0.008402
-0.009793
-0.009992
-0.009195
-0.007671
-0.005804
-0.003814
-0.001585
0.000914
0.003830
0.007333
0.011113
0.014514
0.017072
0.018812
0.019945
0.020279
0.019657
0.018277
0.016589
0.014943
0.013452
0.012013
0.010223
0.007805
0.004871
0.001749
-0.001319
-0.004253
-0.006952
-0.009209
-0.010808
-0.011632
-0.011825
-0.011718
-0.011599
-0.011569
-0.011584
-0.011565
-0.011340
-0.010683
-0.009699
-0.008832
-0.008393
-0.008343
-0.008446
-0.008508
-0.008456
-0.008173
-0.007477
-0.006488
-0.005631
-0.005235
-0.005423
-0.006236
-0.007693
-0.009796
-0.012131
-0.014211
-0.015822
-0.016823
-0.017225
-0.017247
-0.017120
-0.016833
-0.016157
-0.014979
-0.013434
-0.011796
-0.010250
-0.008937
-0.007754
-0.006511
-0.005233
-0.003970
-0.002841
-0.002077
-0.001782
-0.001981
-0.002721
-0.004073
-0.005811
-0.007590
-0.009196
-0.010630
-0.011983
-0.013055
-0.013604
-0.013494
-0.012696
-0.011357
-0.009610
-0.007538
-0.005059
-0.001737
0.002505
0.007266
0.012033
0.016288
0.019961
0.023218
0.026121
0.028664
0.030796
0.032531
0.033850
0.034642
0.034876
0.034258
0.032363
0.029064
0.024780
0.020271
0.015957
0.011924
0.008091
0.004365
0.000832
-0.002387
-0.005042
-0.007036
-0.008524
-0.009502
-0.009783
-0.009203
-0.007770
-0.005726
-0.003366
-0.000499
0.003112
0.007082
0.010792
0.013816
0.016046
0.017678
0.018874
0.019443
0.019095
0.017724
0.015456
0.012629
0.009770
0.007380
0.005749
0.004932
0.004734
0.004823
0.004893
0.004549
0.003619
0.002537
0.001845
0.001726
0.002260
0.003514
0.005212
0.006792
0.007774
0.008276
0.009008
0.010510
0.012693
0.014964
0.016553
0.017152
0.016890
0.015991
0.014552
0.012840
0.011421
0.010554
0.010026
0.009506
0.008834
0.008158
0.007402
0.006419
0.005475
0.005239
0.006000
0.007185
0.008023
0.008235
0.008037
0.007635
0.006955
0.006033
0.005046
0.004160
0.003401
0.002722
0.002190
0.001854
0.001373
0.000265
-0.001588
-0.003900
-0.006315
-0.008790
-0.011431
-0.014127
-0.016539
-0.018592
-0.020307
-0.021338
-0.021296
-0.020401
-0.019360
-0.018433
-0.017285
-0.015582
-0.013362
-0.010919
-0.008380
-0.005877
-0.003651
-0.001979
-0.000775
-0.000019
0.000050
-0.000413
-0.000941
-0.001204
-0.001231
-0.001526
-0.002765
-0.004999
-0.007810
-0.010567
-0.012521
-0.013531
-0.014163
-0.014893
-0.015663
-0.016351
-0.017098
-0.017934
-0.018322
-0.017809
-0.016591
-0.014938
-0.012864
-0.010477
-0.007984
-0.005275
-0.002294
0.000698
0.003379
0.005545
0.007237
0.008659
0.009831
0.010288
0.009699
0.008240
0.006126
0.003531
0.000660
-0.002016
-0.004155
-0.005774
-0.007138
-0.008438
-0.009317
-0.009229
-0.007932
-0.005463
-0.002295
0.000823
0.003274
0.004713
0.005531
0.006396
0.007683
0.009438
0.011341
0.012882
0.013551
0.013152
0.012086
0.010923
0.009840
0.008672
0.007141
0.005187
0.003248
0.001642
0.000301
-0.001043
-0.002800
-0.004863
-0.006549
-0.007370
-0.007438
-0.007175
-0.006767
-0.005906
-0.004323
-0.002135
0.000275
0.002442
0.004011
0.004844
0.005222
0.005411
0.005356
0.004773
0.003415
0.001332
-0.001425
-0.004722
-0.008161
-0.011090
-0.013049
-0.014205
-0.014684
-0.014417
-0.013692
-0.012709
-0.011357
-0.009522
-0.007288
-0.004721
-0.001759
0.001471
0.004729
0.008010
0.011444
0.015069
0.018653
0.021829
0.024566
0.026830
0.028345
0.028969
0.028796
0.027981
0.026864
0.025643
0.024358
0.023110
0.021874
0.020420
0.018758
0.017346
0.016301
0.015359
0.014514
0.013925
0.013371
0.012522
0.011534
0.010509
0.009413
0.008453
0.007859
0.007351
0.006505
0.005193
0.003335
0.000803
-0.002417
-0.005973
-0.009391
-0.012382
-0.014877
-0.016970
-0.018725
-0.020268
-0.021617
-0.022804
-0.023892
-0.024719
-0.025145
-0.025185
-0.024813
-0.023781
-0.022013
-0.019627
-0.016834
-0.013984
-0.011496
-0.009587
-0.008230
-0.007401
-0.007019
-0.006706
-0.005982
-0.004960
-0.004188
-0.004157
-0.005066
-0.006607
-0.008441
-0.010436
-0.012668
-0.015136
-0.017407
-0.019020
-0.020059
-0.020910
-0.021743
-0.022463
-0.022738
-0.022403
-0.021513
-0.020218
-0.018730
-0.017203
-0.015716
-0.014354
-0.013132
-0.011775
-0.010122
-0.008239
-0.006279
-0.004486
-0.002926
-0.001714
-0.000817
0.000124
0.001106
0.001812
0.002078
0.002017
0.001858
0.001761
0.001764
0.001823
0.001879
0.001900
0.001893
0.001881
0.001874
0.001861
0.001728
0.001333
0.000796
0.000412
0.000398
0.000726
0.001077
0.001341
0.001567
0.001772
0.002149
0.002984
0.004183
0.005477
0.006694
0.007794
0.008943
0.009895
0.010073
0.009361
0.008328
0.007509
0.006837
0.006018
0.004945
0.003626
0.002423
0.001747
0.001619
0.001767
0.001905
0.001926
0.001884
0.001946
0.002408
0.003341
0.004324
0.004911
0.005020
0.004889
0.004838
0.005224
0.006163
0.007233
0.007895
0.007887
0.007066
0.005827
0.004906
0.004670
0.005201
0.006272
0.007334
0.007915
0.007997
0.007804
0.007482
0.006761
0.005721
0.004868
0.004434
0.004055
0.003177
0.001574
-0.000274
-0.001814
-0.002987
-0.003861
-0.004690
-0.005682
-0.006633
-0.007135
-0.006885
-0.005940
-0.004849
-0.004033
-0.003217
-0.002236
-0.001285
-0.000226
0.000864
0.001632
0.001932
0.001970
0.002193
0.002769
0.003590
0.004370
0.004781
0.004671
0.003844
0.002551
0.001217
-0.000061
-0.001359
-0.002774
-0.004281
-0.005738
-0.006827
-0.007337
-0.007381
-0.007236
-0.007060
-0.006728
-0.006230
-0.005780
-0.005302
-0.004777
-0.004389
-0.004210
-0.004192
-0.004227
-0.004244
-0.004234
-0.004247
-0.004523
-0.005086
-0.005629
-0.006166
-0.006715
-0.007127
-0.007317
-0.007344
-0.007326
-0.007330
-0.007341
-0.007299
-0.006961
-0.006104
-0.005046
-0.004313
-0.004095
-0.004208
-0.004363
-0.004410
-0.004378
-0.004359
-0.004373
-0.004410
-0.004489
-0.005059
-0.006160
-0.007139
-0.007585
-0.007553
-0.007596
-0.007746
-0.007721
-0.007500
-0.006972
-0.005996
-0.004596
-0.002738
-0.000596
0.001456
0.003456
0.005506
0.007722
0.010227
0.012508
0.014134
0.015280
0.016109
0.016608
0.016826
0.017127
0.017899
0.018923
0.019680
0.019936
0.019863
0.019747
0.019739
0.019806
0.019879
0.019925
0.020181
0.020458
0.020427
0.020170
0.019894
0.019503
0.018674
0.017357
0.015739
0.014064
0.012233
0.010229
0.008277
0.006315
0.004332
0.002311
0.000258
-0.001632
-0.003089
-0.004252
-0.005377
-0.006274
-0.006764
-0.006850
-0.006925
-0.007061
-0.007049
-0.006845
-0.006589
-0.006399
-0.006094
-0.005326
-0.004032
-0.002423
-0.000966
0.000306
0.001494
0.002417
0.002935
0.003294
0.003940
0.004867
0.005657
0.006015
0.005990
0.005845
0.005757
0.005538
0.004865
0.003887
0.003096
0.002799
0.003060
0.003487
0.003564
0.003268
0.002478
0.001283
-0.000189
-0.001708
-0.003020
-0.004176
-0.005159
-0.005800
-0.006025
-0.005749
-0.005094
-0.004268
-0.003448
-0.002487
-0.001316
-0.000324
0.000184
0.000224
0.000071
-0.000022
0.000207
0.000737
0.001059
0.000856
0.000364
-0.000022
-0.000117
-0.000031
-0.000141
-0.000627
-0.001391
-0.002188
-0.002708
-0.002878
-0.002818
-0.002725
-0.002689
-0.002709
-0.002734
-0.002741
-0.002732
-0.002746
-0.002952
-0.003600
-0.004753
-0.006243
-0.007819
-0.009332
-0.010781
-0.012215
-0.013513
-0.014436
-0.015171
-0.016077
-0.017028
-0.017671
-0.017817
-0.017312
-0.016039
-0.014256
-0.012250
-0.010314
-0.008574
-0.006872
-0.005136
-0.003582
-0.002393
-0.001412
-0.000512
0.000018
-0.000220
-0.001107
-0.002041
-0.002577
-0.002982
-0.003747
-0.004905
-0.006262
-0.007497
-0.008305
-0.008612
-0.008600
-0.008492
-0.008262
-0.007655
-0.006681
-0.005593
-0.004499
-0.003480
-0.002742
-0.002389
-0.002313
-0.002167
-0.001746
-0.001364
-0.001420
-0.001822
-0.002206
-0.002354
-0.002432
-0.002557
-0.002564
-0.002384
-0.002135
-0.001930
-0.001643
-0.000821
0.000776
0.002827
0.004838
0.006710
0.008588
0.010325
0.011691
0.012800
0.013924
0.015073
0.015950
0.016327
0.015978
0.014932
0.013607
0.012333
0.011112
0.009824
0.008524
0.007430
0.006504
0.005600
0.004826
0.004380
0.004275
0.004361
0.004454
0.004479
0.004436
0.004285
0.003985
0.003582
0.002914
0.001950
0.000802
-0.000382
-0.001413
-0.002480
-0.003971
-0.005871
-0.007833
-0.009673
-0.011401
-0.012788
-0.013546
-0.013718
-0.013579
-0.013307
-0.012771
-0.011896
-0.010873
-0.009787
-0.008448
-0.006647
-0.004456
-0.002122
0.000054
0.001859
0.003252
0.004244
0.004877
0.005057
0.004848
0.004544
0.004346
0.004081
0.003363
0.002333
0.001514
0.001203
0.001292
0.001480
0.001593
0.001826
0.002551
0.003590
0.004397
0.004714
0.004766
0.005002
0.005577
0.006376
0.007072
0.007294
0.006817
0.005809
0.004833
0.004256
0.003808
0.003075
0.002103
0.001017
-0.000225
-0.001602
-0.002987
-0.004062
-0.004607
-0.004770
-0.004957
-0.005213
-0.005514
-0.005878
-0.006207
-0.006637
-0.007149
-0.007549
-0.007715
-0.007693
-0.007611
-0.007564
-0.007563
-0.007578
-0.007579
-0.007561
-0.007543
-0.007552
-0.007587
-0.007622
-0.007642
-0.007706
-0.008001
-0.008437
-0.008544
-0.008193
-0.007636
-0.006940
-0.006039
-0.005151
-0.004595
-0.004439
-0.004455
-0.004246
-0.003768
-0.003332
-0.003150
-0.003254
-0.003669
-0.004245
-0.004672
-0.004837
-0.004869
-0.005113
-0.005600
-0.006045
-0.006221
-0.006083
-0.005604
-0.004967
-0.004423
-0.003863
-0.003053
-0.002087
-0.001050
0.000128
0.001476
0.002884
0.004076
0.005031
0.005984
0.006992
0.008198
0.009431
0.010244
0.010500
0.010385
0.010189
0.009996
0.009582
0.008726
0.007619
0.006329
0.005024
0.003853
0.002757
0.001880
0.001401
0.001308
0.001410
0.001514
0.001536
0.001429
0.000991
0.000108
-0.000889
-0.001546
-0.001710
-0.001576
-0.001425
-0.001399
-0.001453
-0.001373
-0.000730
0.000436
0.001751
0.002995
0.003917
0.004508
0.005230
0.006206
0.006996
0.007330
0.007280
0.007135
0.007063
0.007108
0.007242
0.007551
0.007841
0.008088
0.008379
0.008635
0.008786
0.008823
0.008807
0.008806
0.009068
0.009651
0.010483
0.011636
0.013047
0.014578
0.015857
0.016864
0.017846
0.018767
0.019418
0.019891
0.020059
0.019776
0.019080
0.018205
0.017033
0.015123
0.012439
0.009321
0.006424
0.003949
0.001568
-0.000802
-0.002951
-0.004941
-0.006626
-0.007613
-0.007898
-0.007753
-0.007509
-0.006865
-0.005738
-0.004173
-0.002239
-0.000062
0.002191
0.004188
0.005833
0.006990
0.007812
0.008446
0.008838
0.008915
0.008562
0.007937
0.007345
0.006725
0.005875
0.004966
0.004331
0.003965
0.003359
0.002406
0.001578
0.001207
0.001334
0.001928
0.002922
0.003987
0.004988
0.006002
0.006977
0.007938
0.009068
0.010422
0.011863
0.013007
0.013581
0.013587
0.013056
0.012084
0.011090
0.010412
0.009859
0.009001
0.007692
0.006091
0.004463
0.002932
0.001485
0.000040
-0.001436
-0.002868
-0.003968
-0.004506
-0.004481
-0.003896
-0.002793
-0.001379
0.000068
0.001234
0.002152
0.003080
0.003971
0.004569
0.004781
0.004748
0.004752
0.005102
0.005753
0.006389
0.006982
0.007510
0.007817
0.007657
0.007066
0.006237
0.005391
0.004537
0.003469
0.002123
0.000669
-0.000549
-0.001498
-0.002411
-0.003314
-0.004263
-0.005388
-0.006654
-0.007792
-0.008681
-0.009286
-0.009570
-0.009625
-0.009574
-0.009528
-0.009508
-0.009438
-0.009091
-0.008440
-0.007604
-0.006839
-0.006412
-0.006327
-0.006415
-0.006479
-0.006470
-0.006497
-0.006876
-0.007744
-0.008815
-0.009854
-0.010897
-0.011917
-0.013111
-0.014485
-0.015990
-0.017364
-0.018184
-0.018397
-0.018178
-0.017581
-0.016538
-0.015141
-0.013574
-0.012368
-0.010877
-0.009431
-0.008043
-0.006890
-0.005930
-0.004961
-0.004066
-0.003419
-0.002816
-0.001984
-0.001087
-0.000495
-0.000429
-0.000897
-0.001581
-0.002179
-0.002709
-0.003179
-0.003514
-0.003769
-0.004047
-0.004286
-0.004518
-0.004676
-0.004512
-0.004085
-0.003664
-0.003319
-0.002774
-0.001886
-0.000968
-0.000424
-0.000324
-0.000456
-0.000572
-0.000580
-0.000539
-0.000640
-0.001157
-0.002101
-0.003169
-0.004212
-0.005324
-0.006588
-0.007867
-0.008816
-0.009328
-0.009673
-0.010017
-0.010294
-0.010412
-0.010378
-0.010280
-0.010186
-0.010020
-0.009638
-0.009126
-0.008710
-0.008392
-0.007878
-0.007010
-0.006066
-0.005329
-0.004754
-0.004175
-0.003478
-0.002679
-0.001766
-0.000750
0.000222
0.001173
0.002250
0.003512
0.004785
0.005732
0.006259
0.006720
0.007402
0.008135
0.008585
0.008657
0.008505
0.008332
0.008140
0.007770
0.007170
0.006420
0.005639
0.004811
0.003893
0.003002
0.002209
0.001531
0.000909
0.000396
0.000100
0.000027
0.000078
0.000141
0.000164
0.000169
0.000274
0.000612
0.001073
0.001420
0.001635
0.001910
0.002274
0.002566
0.002681
0.002643
0.002558
0.002499
0.002467
0.002337
0.001883
0.001078
0.000175
-0.000685
-0.001495
-0.002218
-0.002861
-0.003434
-0.003962
-0.004367
-0.004458
-0.004124
-0.003483
-0.002753
-0.002169
-0.001876
-0.001809
-0.001742
-0.001455
-0.001010
-0.000567
-0.000129
0.000354
0.000984
0.001758
0.002424
0.002761
0.002781
0.002665
0.002581
0.002567
0.002495
0.002208
0.001788
0.001462
0.001340
0.001385
0.001560
0.001886
0.002255
0.002508
0.002668
0.002973
0.003540
0.004145
0.004508
0.004565
0.004459
0.004418
0.004602
0.004842
0.004811
0.004476
0.004006
0.003439
0.002707
0.001801
0.000790
-0.000229
-0.001196
-0.002035
-0.002663
-0.003096
-0.003287
-0.003131
-0.002683
-0.002109
-0.001629
-0.001390
-0.001351
-0.001392
-0.001486
-0.001763
-0.002253
-0.002743
-0.003009
-0.003020
-0.002898
-0.002772
-0.002698
-0.002663
-0.002630
-0.002572
-0.002421
-0.002049
-0.001455
-0.000812
-0.000205
0.000358
0.000794
0.001079
0.001322
0.001611
0.001967
0.002349
0.002716
0.003046
0.003282
0.003256
0.002893
0.002409
0.002067
0.001954
0.001976
0.002005
0.001967
0.001780
0.001394
0.000969
0.000639
0.000430
0.000333
0.000285
0.000149
-0.000226
-0.000724
-0.001100
-0.001335
-0.001622
-0.001985
-0.002274
-0.002475
-0.002741
-0.003085
-0.003430
-0.003790
-0.004100
-0.004244
-0.004205
-0.004060
-0.003900
-0.003760
-0.003557
-0.003165
-0.002665
-0.002226
-0.001848
-0.001433
-0.000925
-0.000357
0.000201
0.000675
0.000980
0.001098
0.001124
0.001161
0.001179
0.001129
0.001046
0.000973
0.000904
0.000787
0.000633
0.000481
0.000330
0.000199
0.000120
0.000070
-0.000014
-0.000127
-0.000206
-0.000214
-0.000140
0.000006
0.000165
0.000268
0.000326
0.000400
0.000498
0.000572
0.000570
0.000474
0.000339
0.000221
0.000095
-0.000090
-0.000332
-0.000569
-0.000712
-0.000728
-0.000657
-0.000542
-0.000361
-0.000077
0.000274
0.000607
0.000856
0.000988
0.001019
0.000998
0.000969
0.000949
0.000936
0.000937
0.000967
0.001012
0.001038
0.001029
0.000995
0.000957
0.000938
0.000953
0.000981
0.000989
0.000956
0.000879
0.000782
0.000696
0.000642
0.000607
0.000565
0.000495
0.000397
0.000286
0.000188
0.000128
0.000104
0.000094
0.000085
0.000075
0.000063
0.000064
0.000092
0.000144
0.000203
0.000249
0.000274
0.000284
0.000291
0.000308
0.000337
0.000373
0.000407
0.000429
0.000437
0.000434
0.000427
0.000417
0.000396
0.000363
0.000323
0.000286
0.000252
0.000223
0.000207
0.000211
0.000232
0.000265
0.000303
0.000340
0.000372
0.000398
0.000420
0.000437
0.000450
0.000457
0.000457
0.000448
0.000436
0.000423
0.000412
0.000402
0.000393
0.000384
0.000377
0.000371
0.000366
0.000361
0.000354
0.000346
0.000337
0.000327
0.000317
0.000305
0.000293
0.000281
0.000269
0.000257
0.000247
0.000237
0.000228
0.000218
0.000209
0.000201
0.000194
0.000186
0.000180
0.000174
0.000169
0.000164
0.000159
0.000155
0.000150
0.000145
0.000140
0.000136
0.000131
0.000127
0.000123
0.000119
0.000115
0.000112
0.000108
0.000105
0.000101
0.000098
0.000095
0.000093
0.000090
0.000087
0.000085
0.000083
0.000081
0.000079
0.000078
0.000077
0.000075
0.000074
0.000073
0.000073
0.000072
0.000071
0.000071
