-0.004731
-0.005216
-0.002534
0.001291
0.000656
0.000543
0.000437
0.000381
0.000371
0.000374
0.000367
0.000353
0.000350
0.000364
0.000386
0.000403
0.000409
0.000401
0.000384
0.000386
0.000416
0.000462
0.000515
0.000582
0.000659
0.000728
0.000774
0.000802
0.000824
0.000847
0.000859
0.000845
0.000799
0.000729
0.000654
0.000586
0.000538
0.000510
0.000505
0.000535
0.000585
0.000618
0.000624
0.000612
0.000562
0.000466
0.000374
0.000337
0.000362
0.000410
0.000446
0.000461
0.000460
0.000462
0.000481
0.000480
0.000409
0.000318
0.000324
0.000476
0.000690
0.000843
0.000950
0.001112
0.001299
0.001378
0.001305
0.001198
0.001200
0.001277
0.001250
0.001002
0.000554
-0.000081
-0.000930
-0.001837
-0.002555
-0.002979
-0.003070
-0.002797
-0.002186
-0.001256
-0.000013
0.001414
0.002684
0.003436
0.003589
0.003287
0.002730
0.002126
0.001586
0.001081
0.000579
0.000186
0.000063
0.000188
0.000319
0.000203
-0.000181
-0.000611
-0.000904
-0.000994
-0.000808
-0.000405
0.000017
0.000404
0.000831
0.001193
0.001226
0.000844
0.000190
-0.000508
-0.000882
-0.000610
0.000189
0.001159
0.002108
0.002901
0.003384
0.003407
0.002883
0.001951
0.000847
-0.000181
-0.000867
-0.001053
-0.000745
-0.000128
0.000510
0.000932
0.000928
0.000290
-0.000909
-0.002078
-0.002604
-0.002577
-0.002425
-0.002164
-0.001543
-0.000284
0.001695
0.004023
0.006086
0.007193
0.006821
0.005244
0.003468
0.002237
0.001474
0.000704
-0.000342
-0.001452
-0.002023
-0.001581
-0.000237
0.001401
0.002771
0.003596
0.003513
0.002184
-0.000030
-0.002325
-0.004423
-0.006441
-0.008254
-0.009667
-0.010347
-0.009746
-0.007878
-0.005545
-0.003585
-0.002266
-0.001009
0.001057
0.003824
0.006228
0.007574
0.008069
0.008109
0.007569
0.005863
0.002672
-0.001352
-0.004671
-0.005476
-0.003049
0.001192
0.005100
0.007896
0.009964
0.011423
0.011840
0.011329
0.010821
0.010427
0.008982
0.005651
0.000992
-0.003769
-0.008433
-0.013809
-0.019977
-0.024817
-0.024356
-0.016913
-0.006374
0.001838
0.006285
0.009058
0.012009
0.014027
0.012266
0.006349
-0.000400
-0.004268
-0.004744
-0.004612
-0.006445
-0.009499
-0.010780
-0.008936
-0.005772
-0.003572
-0.002109
0.000758
0.006320
0.014073
0.022493
0.029812
0.034613
0.035835
0.033029
0.026980
0.019145
0.010359
0.000630
-0.009196
-0.016417
-0.018413
-0.014982
-0.008419
-0.001778
0.003127
0.006501
0.009414
0.011888
0.012138
0.008271
0.001137
-0.005650
-0.009142
-0.009532
-0.008963
-0.009425
-0.011712
-0.014803
-0.016286
-0.013737
-0.005977
0.006729
0.022829
0.038418
0.048091
0.049634
0.045913
0.040454
0.032871
0.019991
0.000887
-0.019780
-0.034078
-0.036908
-0.029795
-0.019368
-0.012053
-0.009606
-0.009834
-0.010834
-0.012892
-0.016366
-0.019124
-0.017537
-0.010335
-0.000008
0.009761
0.016963
0.021411
0.022953
0.021332
0.017387
0.012617
0.008313
0.005786
0.006410
0.010420
0.016099
0.020693
0.021308
0.016486
0.008098
-0.001158
-0.011569
-0.025044
-0.041284
-0.055738
-0.061138
-0.053236
-0.034652
-0.012330
0.006386
0.016762
0.019002
0.016000
0.009043
-0.002347
-0.017351
-0.032199
-0.042103
-0.044448
-0.040133
-0.031115
-0.015903
0.008332
0.037479
0.061100
0.072663
0.074033
0.070061
0.062067
0.048668
0.030791
0.012257
-0.003491
-0.016441
-0.029872
-0.044761
-0.056801
-0.062101
-0.060971
-0.053567
-0.036112
-0.007709
0.021355
0.038132
0.040896
0.036744
0.029732
0.017717
-0.001176
-0.023194
-0.040508
-0.048153
-0.046791
-0.037525
-0.018354
0.009928
0.036109
0.046374
0.039887
0.027826
0.018527
0.010493
-0.000796
-0.015269
-0.028922
-0.037614
-0.037272
-0.024844
-0.003172
0.018950
0.035222
0.047632
0.061042
0.074540
0.081020
0.075581
0.062489
0.050005
0.040520
0.030691
0.017950
0.002926
-0.012278
-0.025903
-0.037288
-0.046820
-0.054629
-0.058307
-0.053284
-0.036847
-0.011293
0.015846
0.035024
0.040008
0.032282
0.020278
0.010287
0.000322
-0.013229
-0.025797
-0.026417
-0.010986
0.011117
0.027125
0.032264
0.028188
0.016576
-0.000758
-0.019113
-0.034045
-0.045208
-0.051914
-0.047797
-0.026134
0.010292
0.049032
0.077791
0.090550
0.085441
0.064839
0.038134
0.016412
0.002407
-0.009326
-0.021378
-0.027026
-0.018417
0.002206
0.024554
0.039809
0.044650
0.040525
0.032974
0.029161
0.032558
0.040185
0.046268
0.045871
0.036793
0.022900
0.010747
0.001443
-0.010276
-0.030289
-0.058347
-0.086323
-0.104650
-0.109460
-0.103126
-0.089701
-0.070512
-0.046143
-0.019892
0.006587
0.036104
0.068232
0.093158
0.099155
0.086269
0.067938
0.055675
0.046781
0.031404
0.005705
-0.024716
-0.049707
-0.061796
-0.058874
-0.042688
-0.018825
0.004407
0.020747
0.029818
0.034070
0.033598
0.028102
0.020079
0.012724
0.007246
0.002649
-0.001882
-0.004847
-0.004069
-0.000190
0.003155
0.003621
0.002228
0.000671
-0.000764
-0.002593
-0.004360
-0.004186
-0.000688
0.005944
0.014420
0.021966
0.023997
0.016804
0.000715
-0.020966
-0.044359
-0.066243
-0.083686
-0.092292
-0.087473
-0.068068
-0.039458
-0.012901
0.002352
0.006835
0.008007
0.010448
0.011492
0.006573
-0.003164
-0.010056
-0.005345
0.013855
0.041492
0.066580
0.080662
0.081448
0.070186
0.049258
0.022457
-0.005751
-0.031674
-0.051395
-0.060118
-0.055096
-0.038107
-0.013817
0.012614
0.035909
0.048650
0.042912
0.019574
-0.009634
-0.033353
-0.049854
-0.063342
-0.075084
-0.081444
-0.077502
-0.060790
-0.032742
-0.000407
0.024340
0.034032
0.030795
0.020073
0.004024
-0.017662
-0.041817
-0.058931
-0.057090
-0.031414
0.008403
0.043082
0.057267
0.048626
0.026597
0.002503
-0.019194
-0.040257
-0.060070
-0.068357
-0.050721
-0.007441
0.036827
0.053363
0.038691
0.014790
0.001612
-0.001057
-0.003264
-0.008165
-0.011077
-0.008513
-0.001920
0.006167
0.014344
0.020431
0.019611
0.008465
-0.009041
-0.023054
-0.024557
-0.013483
-0.000712
0.004318
0.004482
0.008370
0.017563
0.024420
0.021207
0.008001
-0.008636
-0.021637
-0.029222
-0.036162
-0.046389
-0.057406
-0.066092
-0.073574
-0.080775
-0.084383
-0.078228
-0.058670
-0.027805
0.006866
0.033736
0.044223
0.040433
0.032780
0.030059
0.032201
0.033061
0.028894
0.022580
0.020809
0.027175
0.038204
0.046506
0.045917
0.035783
0.022509
0.014032
0.013803
0.018806
0.023593
0.028234
0.038469
0.056264
0.073396
0.078359
0.068399
0.050430
0.031959
0.017067
0.007247
0.001038
-0.005732
-0.015725
-0.026656
-0.037608
-0.053698
-0.078390
-0.107275
-0.132024
-0.146791
-0.149486
-0.138339
-0.113321
-0.080999
-0.051277
-0.030454
-0.020806
-0.021525
-0.027320
-0.031383
-0.029259
-0.018839
-0.000421
0.020484
0.032027
0.024944
0.001577
-0.028632
-0.057568
-0.080213
-0.092309
-0.091394
-0.079420
-0.059189
-0.032219
-0.003324
0.019038
0.029570
0.030363
0.027300
0.024522
0.022341
0.019305
0.016763
0.017967
0.022614
0.026008
0.024970
0.024090
0.030959
0.046608
0.063654
0.073834
0.074553
0.066328
0.051738
0.036196
0.024439
0.018260
0.017778
0.021736
0.027675
0.032981
0.035575
0.033761
0.026474
0.013598
-0.004278
-0.024764
-0.042610
-0.051237
-0.047196
-0.031893
-0.009440
0.014277
0.031033
0.033690
0.021235
-0.000861
-0.025070
-0.047457
-0.068489
-0.089257
-0.108943
-0.123234
-0.126202
-0.115309
-0.091488
-0.057830
-0.019844
0.014127
0.035144
0.040461
0.035409
0.027172
0.019530
0.011985
0.001430
-0.014356
-0.033840
-0.053035
-0.067222
-0.071606
-0.063418
-0.043319
-0.016510
0.007003
0.016240
0.007155
-0.013428
-0.033978
-0.047020
-0.050606
-0.046507
-0.038661
-0.032068
-0.031706
-0.038275
-0.046393
-0.046474
-0.029871
0.003063
0.042293
0.075872
0.096721
0.104041
0.100924
0.091947
0.080810
0.070511
0.064678
0.064402
0.064292
0.056396
0.038664
0.017026
-0.000289
-0.011960
-0.024218
-0.040194
-0.053065
-0.050608
-0.026699
0.009517
0.037894
0.044371
0.033176
0.019202
0.011294
0.008163
0.006949
0.010557
0.023201
0.040668
0.052627
0.053926
0.048752
0.043962
0.042330
0.042871
0.043290
0.041255
0.034625
0.021156
-0.000962
-0.030042
-0.058559
-0.076389
-0.076804
-0.061628
-0.042329
-0.031502
-0.032782
-0.042465
-0.054108
-0.061972
-0.064321
-0.061372
-0.053007
-0.039855
-0.024814
-0.012168
-0.005569
-0.006716
-0.014370
-0.024495
-0.031875
-0.031949
-0.023201
-0.007385
0.015118
0.043924
0.070793
0.082554
0.073742
0.051600
0.028440
0.011848
0.002211
-0.005490
-0.018550
-0.039589
-0.062600
-0.077773
-0.079179
-0.068550
-0.053025
-0.037689
-0.020479
0.002254
0.028688
0.051092
0.060334
0.053619
0.036933
0.020205
0.011085
0.011623
0.018267
0.024526
0.027372
0.028093
0.026265
0.018426
0.002166
-0.019613
-0.039151
-0.050538
-0.052655
-0.046439
-0.035754
-0.025977
-0.018902
-0.012320
-0.003691
0.005672
0.010986
0.009755
0.004160
-0.001576
-0.004845
-0.006551
-0.008296
-0.009208
-0.006411
0.003128
0.022124
0.051627
0.086577
0.116323
0.131903
0.129786
0.111853
0.084343
0.053559
0.022215
-0.009553
-0.040000
-0.064452
-0.078566
-0.080819
-0.072844
-0.060276
-0.049601
-0.040637
-0.027215
-0.004694
0.024590
0.050505
0.062630
0.057741
0.039278
0.013577
-0.013973
-0.041168
-0.066572
-0.087398
-0.101016
-0.104516
-0.096148
-0.078423
-0.055736
-0.031848
-0.010960
0.003687
0.011935
0.016713
0.022382
0.029468
0.033103
0.028077
0.014633
-0.002151
-0.019377
-0.036280
-0.050365
-0.057748
-0.054500
-0.039281
-0.013152
0.020219
0.052705
0.076457
0.088937
0.090900
0.083868
0.070442
0.052792
0.033060
0.016546
0.008436
0.008857
0.013248
0.015567
0.013084
0.008318
0.005265
0.005891
0.009155
0.012520
0.016167
0.022508
0.031540
0.038281
0.035340
0.020845
0.001722
-0.013873
-0.024458
-0.034338
-0.047291
-0.061970
-0.072971
-0.075901
-0.070685
-0.061887
-0.056327
-0.055648
-0.053786
-0.045072
-0.030758
-0.016650
-0.007967
-0.006207
-0.008861
-0.012226
-0.013421
-0.011883
-0.010792
-0.014344
-0.022336
-0.029782
-0.031634
-0.025192
-0.011371
0.004737
0.017367
0.023732
0.024866
0.023507
0.021347
0.018875
0.015858
0.011735
0.006577
0.001296
-0.003775
-0.010486
-0.021337
-0.035893
-0.049827
-0.058385
-0.060993
-0.060434
-0.057909
-0.051239
-0.037349
-0.015331
0.013254
0.044890
0.074462
0.097611
0.113643
0.124327
0.129392
0.126165
0.113720
0.094750
0.073414
0.052161
0.032127
0.015894
0.004634
-0.004811
-0.016555
-0.030686
-0.041113
-0.041060
-0.029442
-0.010146
0.009842
0.022777
0.025620
0.021426
0.014164
0.004419
-0.010044
-0.029832
-0.050041
-0.062089
-0.060009
-0.046117
-0.029953
-0.018896
-0.012928
-0.009489
-0.008329
-0.010272
-0.013886
-0.015932
-0.013533
-0.005561
0.008775
0.031438
0.062744
0.099182
0.132870
0.154437
0.158722
0.145828
0.120790
0.092054
0.065325
0.040528
0.015188
-0.009512
-0.027557
-0.033037
-0.025196
-0.009006
0.007975
0.018321
0.019198
0.013207
0.003496
-0.008370
-0.022974
-0.041971
-0.064720
-0.087935
-0.106352
-0.114383
-0.109936
-0.097255
-0.084027
-0.074044
-0.064434
-0.050905
-0.033281
-0.014502
0.000690
0.008897
0.012155
0.015393
0.021171
0.028442
0.035620
0.042808
0.051639
0.062448
0.072561
0.076713
0.070281
0.053688
0.030836
0.005647
-0.018708
-0.039214
-0.053017
-0.057201
-0.049708
-0.029322
0.003832
0.042044
0.071569
0.085036
0.084224
0.072956
0.054016
0.029697
0.004828
-0.014091
-0.022923
-0.020500
-0.010146
0.000451
0.005280
0.004139
0.000639
-0.001052
-0.000753
-0.003025
-0.011406
-0.023638
-0.032656
-0.033326
-0.026698
-0.016370
-0.004213
0.009312
0.022789
0.032475
0.034448
0.027528
0.013750
-0.003489
-0.021186
-0.037713
-0.053706
-0.070007
-0.085556
-0.096639
-0.097917
-0.085371
-0.060538
-0.032805
-0.012132
-0.000358
0.007703
0.015845
0.022820
0.024849
0.019992
0.010424
-0.000843
-0.011065
-0.017924
-0.020460
-0.020160
-0.019858
-0.018945
-0.012742
0.002709
0.024213
0.042590
0.051693
0.052720
0.051781
0.054500
0.061309
0.067296
0.066277
0.056989
0.044473
0.034001
0.026723
0.019969
0.010737
0.000027
-0.008110
-0.010258
-0.006148
-0.000193
0.002467
0.001694
0.001774
0.006468
0.014601
0.020563
0.020656
0.017926
0.019200
0.027495
0.039116
0.047774
0.049493
0.043782
0.031798
0.015531
-0.004488
-0.028390
-0.053591
-0.076331
-0.091801
-0.094978
-0.083825
-0.059446
-0.026655
0.007568
0.039408
0.065728
0.081962
0.087945
0.086507
0.078952
0.064933
0.043548
0.016774
-0.009026
-0.027484
-0.035590
-0.034265
-0.028671
-0.022992
-0.018039
-0.014815
-0.014111
-0.015356
-0.017615
-0.020236
-0.021489
-0.018244
-0.008723
0.005991
0.022298
0.036740
0.048373
0.058824
0.071073
0.085795
0.099340
0.107325
0.108937
0.105988
0.100035
0.091905
0.082560
0.072741
0.062750
0.052711
0.040710
0.023265
0.000331
-0.022855
-0.039606
-0.045575
-0.038816
-0.021616
-0.000421
0.019072
0.033272
0.042148
0.048930
0.055044
0.056417
0.047845
0.030283
0.010552
-0.003211
-0.007840
-0.007649
-0.008418
-0.013232
-0.020758
-0.023817
-0.016694
-0.002260
0.011106
0.017331
0.016844
0.014568
0.015408
0.020720
0.027788
0.032928
0.034880
0.033279
0.027642
0.018377
0.006235
-0.006278
-0.014436
-0.014105
-0.003688
0.014436
0.034026
0.050023
0.063029
0.076028
0.086739
0.086403
0.069252
0.041014
0.012898
-0.009548
-0.026715
-0.038898
-0.044171
-0.042035
-0.035200
-0.026344
-0.016230
-0.004867
0.006051
0.012325
0.011206
0.004403
-0.004054
-0.010006
-0.009658
-0.002474
0.006461
0.010965
0.009734
0.006878
0.007352
0.012687
0.018744
0.018892
0.011428
0.002079
-0.000324
0.007440
0.020222
0.031423
0.039645
0.048315
0.060200
0.071648
0.075819
0.071484
0.063254
0.057034
0.056473
0.061847
0.069621
0.072860
0.065778
0.048105
0.024221
-0.001396
-0.024319
-0.040028
-0.047842
-0.050137
-0.048619
-0.044468
-0.040101
-0.037120
-0.035299
-0.034914
-0.036006
-0.038135
-0.040599
-0.041600
-0.039019
-0.031495
-0.018931
-0.003758
0.008255
0.013020
0.011014
0.004910
-0.003368
-0.015132
-0.030640
-0.045683
-0.055287
-0.057539
-0.052822
-0.042300
-0.028775
-0.015555
-0.005439
0.000519
0.003611
0.004204
0.001808
-0.002383
-0.006861
-0.011839
-0.018800
-0.027058
-0.032534
-0.032231
-0.028123
-0.025214
-0.025560
-0.027460
-0.029411
-0.032357
-0.038400
-0.047668
-0.058978
-0.070508
-0.079288
-0.083544
-0.083205
-0.077742
-0.065705
-0.048036
-0.030094
-0.018241
-0.014850
-0.016325
-0.016626
-0.012349
-0.004967
0.001538
0.005282
0.008410
0.014788
0.024497
0.033733
0.039937
0.043076
0.044512
0.043684
0.038575
0.029383
0.017399
0.003855
-0.010743
-0.026037
-0.040299
-0.051177
-0.057233
-0.057470
-0.051031
-0.040449
-0.031080
-0.026590
-0.027566
-0.031590
-0.035150
-0.036627
-0.036013
-0.033973
-0.031987
-0.031026
-0.030808
-0.031630
-0.035261
-0.043292
-0.055170
-0.068151
-0.079714
-0.088980
-0.095106
-0.097451
-0.096990
-0.095983
-0.096157
-0.097056
-0.097320
-0.095569
-0.091043
-0.084200
-0.075590
-0.064318
-0.048595
-0.027316
-0.001836
0.020467
0.029487
0.021246
0.000548
-0.022198
-0.038534
-0.048102
-0.054779
-0.058743
-0.056303
-0.045833
-0.029022
-0.009865
0.004885
0.006712
-0.009987
-0.037843
-0.057595
-0.058919
-0.050589
-0.047628
-0.058308
-0.077478
-0.083786
-0.058690
-0.017043
0.008597
0.012571
0.013596
0.022489
0.033676
0.039486
0.041036
0.042180
0.042387
0.040277
0.036392
0.031283
0.024832
0.017038
0.007820
-0.003389
-0.015471
-0.025034
-0.029356
-0.027727
-0.020726
-0.010949
-0.002641
0.001185
0.000165
-0.003524
-0.006669
-0.008685
-0.013368
-0.024353
-0.040420
-0.055804
-0.064021
-0.063009
-0.055723
-0.045622
-0.031823
-0.009180
0.023783
0.057984
0.079055
0.079197
0.060597
0.030971
0.000286
-0.023857
-0.040152
-0.050771
-0.056210
-0.055136
-0.046089
-0.028762
-0.007308
0.010686
0.019787
0.019144
0.009887
-0.006659
-0.026273
-0.042236
-0.052126
-0.057925
-0.059040
-0.051644
-0.033178
-0.007206
0.017187
0.033399
0.041821
0.046035
0.046255
0.040339
0.031143
0.023041
0.016151
0.011453
0.013053
0.023569
0.039940
0.054679
0.061977
0.062936
0.062429
0.062942
0.063983
0.063104
0.059328
0.054757
0.051398
0.049910
0.050571
0.051793
0.050512
0.046292
0.040477
0.033728
0.026056
0.018031
0.011657
0.008136
0.006181
0.003534
0.000203
-0.001896
-0.001316
0.002571
0.008730
0.015540
0.022070
0.027494
0.031220
0.032741
0.031998
0.030035
0.028070
0.026325
0.024767
0.023404
0.021737
0.018891
0.014494
0.009295
0.005908
0.008155
0.017667
0.032229
0.047303
0.060271
0.070838
0.078214
0.081246
0.079289
0.072613
0.062541
0.051801
0.043462
0.039574
0.041881
0.050707
0.062965
0.073564
0.078553
0.076790
0.069670
0.060385
0.052163
0.046917
0.044787
0.044830
0.048162
0.055911
0.065343
0.071955
0.072326
0.067382
0.061602
0.057756
0.055309
0.050878
0.041479
0.028612
0.016343
0.007848
0.006582
0.015913
0.034183
0.053861
0.066797
0.070708
0.069873
0.067950
0.063881
0.056427
0.047768
0.041189
0.037866
0.037472
0.040304
0.046228
0.053992
0.060613
0.061549
0.055196
0.043559
0.029471
0.015543
0.003807
-0.004471
-0.007946
-0.005318
0.002665
0.015072
0.030419
0.044863
0.055757
0.061783
0.061293
0.054022
0.040889
0.024295
0.008648
-0.003305
-0.011297
-0.015684
-0.016680
-0.014450
-0.009925
-0.004454
0.000253
0.001987
-0.000894
-0.007098
-0.013341
-0.017376
-0.018531
-0.016779
-0.012247
-0.005645
0.003232
0.014986
0.027549
0.036081
0.036093
0.027754
0.016276
0.006599
-0.000343
-0.006178
-0.012583
-0.019191
-0.024037
-0.026743
-0.029609
-0.035163
-0.043373
-0.051883
-0.056527
-0.052813
-0.040364
-0.023945
-0.009137
0.001976
0.010740
0.018765
0.025603
0.028109
0.022232
0.006889
-0.014741
-0.036685
-0.054511
-0.069151
-0.082523
-0.092844
-0.096766
-0.091709
-0.077984
-0.059039
-0.038415
-0.020251
-0.008681
-0.004682
-0.006645
-0.011955
-0.018419
-0.026091
-0.035830
-0.045437
-0.050460
-0.047967
-0.038853
-0.028785
-0.024060
-0.026273
-0.032079
-0.037459
-0.041155
-0.043642
-0.045406
-0.046678
-0.047961
-0.049794
-0.051820
-0.053415
-0.054341
-0.053852
-0.051116
-0.046779
-0.042512
-0.039648
-0.038038
-0.037043
-0.037092
-0.038921
-0.042199
-0.045504
-0.048154
-0.050159
-0.052145
-0.055424
-0.060490
-0.066488
-0.071145
-0.071074
-0.065278
-0.057439
-0.051764
-0.049175
-0.047775
-0.045768
-0.043008
-0.040809
-0.040918
-0.043207
-0.044856
-0.042766
-0.035346
-0.023915
-0.012311
-0.004370
-0.002682
-0.006770
-0.014358
-0.022425
-0.027841
-0.029959
-0.029560
-0.026688
-0.020766
-0.012593
-0.005336
-0.001929
-0.003475
-0.009412
-0.017249
-0.024829
-0.032014
-0.039596
-0.047231
-0.053680
-0.057674
-0.057041
-0.051404
-0.044213
-0.039468
-0.037463
-0.035427
-0.031876
-0.028119
-0.025879
-0.025639
-0.026972
-0.029209
-0.032298
-0.035555
-0.037933
-0.039290
-0.039530
-0.038823
-0.036187
-0.030293
-0.021805
-0.011611
-0.000292
0.011335
0.022032
0.028829
0.028600
0.021423
0.010564
0.000320
-0.006687
-0.010860
-0.013466
-0.014617
-0.012810
-0.007123
0.000653
0.007452
0.010976
0.010962
0.007982
0.001785
-0.007046
-0.016155
-0.022637
-0.024334
-0.021043
-0.013653
-0.003572
0.008228
0.021777
0.036153
0.048326
0.055545
0.058072
0.058188
0.057918
0.058613
0.061239
0.065166
0.067989
0.067747
0.064304
0.058637
0.051815
0.043681
0.033377
0.021255
0.008552
-0.003595
-0.014076
-0.021290
-0.023304
-0.018636
-0.007446
0.006577
0.018365
0.025752
0.029531
0.031238
0.031037
0.028545
0.024504
0.021252
0.022493
0.030312
0.042760
0.055149
0.064102
0.068983
0.068793
0.062745
0.052109
0.038668
0.023504
0.007773
-0.005155
-0.011870
-0.012100
-0.008328
-0.003738
0.000515
0.005240
0.010700
0.015235
0.016513
0.014069
0.010341
0.009056
0.012549
0.019679
0.026600
0.030638
0.032358
0.033628
0.034525
0.033439
0.030428
0.026661
0.022322
0.018711
0.018854
0.024815
0.035200
0.046566
0.055843
0.061092
0.061800
0.058170
0.050624
0.040067
0.028476
0.017951
0.010228
0.007230
0.009340
0.013943
0.018313
0.021740
0.024655
0.027572
0.029474
0.028036
0.023248
0.017674
0.012819
0.009305
0.007644
0.007554
0.007616
0.006292
0.003498
0.000211
-0.002676
-0.005573
-0.008928
-0.012295
-0.016074
-0.020520
-0.023715
-0.022988
-0.017898
-0.010621
-0.003568
0.001787
0.004437
0.004303
0.002261
-0.000995
-0.005633
-0.011973
-0.018780
-0.024143
-0.027053
-0.027098
-0.024323
-0.019715
-0.015336
-0.012357
-0.011140
-0.011725
-0.012917
-0.013700
-0.014512
-0.016637
-0.020049
-0.023156
-0.024750
-0.025147
-0.024652
-0.022634
-0.020772
-0.021815
-0.025044
-0.026731
-0.024298
-0.020027
-0.018082
-0.019463
-0.022868
-0.026460
-0.028536
-0.028573
-0.027252
-0.026443
-0.028254
-0.032555
-0.037509
-0.041028
-0.040588
-0.035412
-0.028301
-0.022275
-0.017072
-0.010474
-0.001954
0.005689
0.009031
0.006659
0.000182
-0.007059
-0.013430
-0.019167
-0.024889
-0.030582
-0.034015
-0.032623
-0.027248
-0.021066
-0.017016
-0.016390
-0.017542
-0.017487
-0.015138
-0.013174
-0.015973
-0.024576
-0.035898
-0.046226
-0.053566
-0.057161
-0.056469
-0.052072
-0.046023
-0.039168
-0.030849
-0.021958
-0.014076
-0.007545
-0.002031
0.002729
0.006380
0.008062
0.007635
0.006048
0.003379
-0.000800
-0.005847
-0.010782
-0.014757
-0.017602
-0.020167
-0.022263
-0.022086
-0.019172
-0.015411
-0.012656
-0.010364
-0.006882
-0.002635
0.000880
0.003366
0.003775
0.000395
-0.006424
-0.015429
-0.025700
-0.036585
-0.046690
-0.052307
-0.050332
-0.041829
-0.031082
-0.021666
-0.014002
-0.007009
-0.000130
0.006433
0.011931
0.015533
0.016706
0.015123
0.011874
0.008844
0.007324
0.008561
0.012330
0.016893
0.021652
0.026724
0.031277
0.033702
0.032858
0.029085
0.023437
0.017139
0.011873
0.009575
0.010170
0.011550
0.013678
0.018696
0.027250
0.036772
0.043406
0.044447
0.039479
0.030515
0.020864
0.013551
0.009527
0.007905
0.008131
0.010677
0.015394
0.020341
0.023060
0.022181
0.018164
0.013163
0.008708
0.004318
-0.000015
-0.002465
-0.001109
0.004366
0.012053
0.018480
0.021500
0.022408
0.023383
0.024709
0.025749
0.025653
0.023626
0.020017
0.015631
0.011163
0.006900
0.002717
-0.000527
-0.001216
0.000581
0.002211
0.001535
-0.001079
-0.003946
-0.005348
-0.004045
0.000488
0.007152
0.013994
0.020145
0.025972
0.031668
0.036668
0.040690
0.043522
0.044652
0.044208
0.042871
0.041190
0.038361
0.033049
0.027044
0.023547
0.023232
0.025399
0.028894
0.031574
0.031165
0.027498
0.022674
0.018405
0.015922
0.016189
0.018403
0.020772
0.022048
0.022005
0.021028
0.018642
0.014355
0.008601
0.002063
-0.003915
-0.008187
-0.010643
-0.011122
-0.009403
-0.005539
-0.000108
0.005496
0.010461
0.014773
0.018359
0.020939
0.021280
0.018126
0.012509
0.006985
0.003305
0.002319
0.004521
0.009387
0.015070
0.019997
0.023707
0.025542
0.024222
0.019550
0.013065
0.006157
-0.000404
-0.005657
-0.009235
-0.011608
-0.012824
-0.013075
-0.013000
-0.012728
-0.012038
-0.010471
-0.008303
-0.006587
-0.005897
-0.006774
-0.009364
-0.012741
-0.016087
-0.018912
-0.021412
-0.024616
-0.028136
-0.029931
-0.028801
-0.025361
-0.021652
-0.019348
-0.018528
-0.018521
-0.018253
-0.017262
-0.016582
-0.017807
-0.021902
-0.028075
-0.033721
-0.036320
-0.035301
-0.032063
-0.028249
-0.024298
-0.019197
-0.012355
-0.005710
-0.001547
-0.000168
-0.000535
-0.001105
-0.001504
-0.002789
-0.005302
-0.008329
-0.011572
-0.015288
-0.019883
-0.026148
-0.033088
-0.037890
-0.039621
-0.040161
-0.041394
-0.042016
-0.038826
-0.030962
-0.020773
-0.010969
-0.003404
0.001226
0.003691
0.004634
0.003982
0.001436
-0.003334
-0.009917
-0.016956
-0.023529
-0.029183
-0.032310
-0.030927
-0.025122
-0.016761
-0.007476
0.001968
0.010659
0.017010
0.019904
0.019182
0.015465
0.009615
0.001954
-0.006303
-0.012456
-0.015738
-0.017321
-0.016789
-0.013068
-0.006662
0.000913
0.008343
0.014600
0.018499
0.019235
0.017381
0.014030
0.008695
0.000683
-0.008042
-0.014697
-0.018700
-0.021172
-0.022815
-0.023063
-0.021100
-0.016674
-0.009690
-0.000650
0.008112
0.014410
0.018433
0.020482
0.020161
0.018515
0.016889
0.015217
0.013425
0.012380
0.013127
0.015979
0.019897
0.022945
0.024041
0.023111
0.020326
0.016278
0.011540
0.006279
0.001156
-0.002227
-0.002159
0.001626
0.007151
0.011719
0.014135
0.015049
0.015616
0.016773
0.018202
0.018065
0.015393
0.011290
0.008091
0.008345
0.012846
0.019273
0.024851
0.029078
0.032352
0.033910
0.032143
0.026523
0.017931
0.007481
-0.003222
-0.011548
-0.015369
-0.014362
-0.010006
-0.004491
0.001453
0.008338
0.016577
0.025609
0.033339
0.037308
0.036810
0.033448
0.028989
0.024143
0.018910
0.012762
0.005708
-0.000905
-0.005403
-0.007181
-0.006327
-0.003046
0.001774
0.006861
0.011390
0.014840
0.016814
0.017169
0.016385
0.015455
0.014751
0.013820
0.012424
0.011384
0.011864
0.013310
0.013718
0.012045
0.009241
0.007564
0.008534
0.011507
0.014819
0.016947
0.017042
0.016096
0.015824
0.015895
0.014380
0.010577
0.005384
0.000020
-0.004660
-0.008781
-0.012862
-0.016979
-0.020739
-0.023379
-0.023698
-0.020859
-0.015734
-0.009820
-0.003859
0.001351
0.004408
0.004047
-0.000090
-0.007020
-0.014739
-0.021694
-0.027611
-0.032268
-0.034558
-0.033649
-0.030152
-0.025702
-0.021782
-0.019470
-0.019092
-0.019785
-0.020201
-0.019359
-0.016747
-0.012295
-0.006745
-0.000960
0.004140
0.006701
0.005413
0.001221
-0.004113
-0.010000
-0.016511
-0.022563
-0.026128
-0.025698
-0.020080
-0.009046
0.005360
0.019637
0.030338
0.034506
0.030466
0.020013
0.007538
-0.003839
-0.013337
-0.020356
-0.022981
-0.020416
-0.015407
-0.011092
-0.007997
-0.005642
-0.004083
-0.003419
-0.003745
-0.005401
-0.008140
-0.010565
-0.011058
-0.009021
-0.004987
-0.000026
0.004895
0.009533
0.013107
0.013108
0.008542
0.002237
-0.002524
-0.005057
-0.006119
-0.006039
-0.005063
-0.003669
-0.001888
0.000113
0.000884
-0.000451
-0.002485
-0.004232
-0.006177
-0.008814
-0.012042
-0.015171
-0.017767
-0.019718
-0.020399
-0.019020
-0.016037
-0.012762
-0.010155
-0.009390
-0.011298
-0.015189
-0.020289
-0.025961
-0.030420
-0.032538
-0.033717
-0.035617
-0.037211
-0.035647
-0.030211
-0.023850
-0.019637
-0.018008
-0.017830
-0.017804
-0.016756
-0.014439
-0.012004
-0.010691
-0.010478
-0.010665
-0.010735
-0.009779
-0.006907
-0.002365
0.003161
0.009148
0.014515
0.018201
0.020147
0.021140
0.022167
0.022847
0.021883
0.018988
0.014295
0.008148
0.001919
-0.003234
-0.006930
-0.008576
-0.007886
-0.005446
-0.002278
0.000338
0.001748
0.002416
0.002370
0.000466
-0.003854
-0.009317
-0.014075
-0.017222
-0.018372
-0.017376
-0.014572
-0.010270
-0.004923
0.000803
0.006836
0.012812
0.017176
0.018820
0.018468
0.017894
0.018279
0.019590
0.021140
0.022136
0.022585
0.023308
0.024115
0.023841
0.022304
0.020605
0.019479
0.018560
0.017547
0.016732
0.016024
0.014860
0.013107
0.011105
0.009671
0.009415
0.009714
0.009782
0.009872
0.010727
0.012184
0.013016
0.011984
0.008876
0.004680
0.000186
-0.004601
-0.009709
-0.014404
-0.017229
-0.017783
-0.017417
-0.017241
-0.016597
-0.014395
-0.011097
-0.008001
-0.005494
-0.003310
-0.001041
0.001604
0.004283
0.006515
0.007958
0.008539
0.008832
0.009101
0.008434
0.005706
0.001175
-0.003850
-0.008196
-0.010662
-0.010168
-0.006692
-0.001189
0.005292
0.011456
0.015958
0.018416
0.019127
0.018062
0.015296
0.011923
0.009168
0.007834
0.008172
0.009880
0.012531
0.014907
0.015682
0.015103
0.014615
0.014567
0.013927
0.012861
0.012785
0.014459
0.017766
0.022387
0.027216
0.030834
0.033552
0.035999
0.037381
0.037362
0.036765
0.036464
0.036665
0.036880
0.036584
0.035545
0.034389
0.034160
0.034592
0.034875
0.034603
0.033124
0.029899
0.025135
0.019821
0.014817
0.010247
0.006222
0.003157
0.001401
0.001145
0.002807
0.006525
0.011742
0.017970
0.024448
0.029820
0.033394
0.034518
0.031923
0.026505
0.021453
0.018547
0.016932
0.015801
0.015797
0.016716
0.017045
0.015961
0.013786
0.011089
0.007637
0.003210
-0.000658
-0.001990
-0.000723
0.001908
0.005156
0.008736
0.012163
0.014979
0.016877
0.017888
0.018267
0.017523
0.014517
0.009020
0.002623
-0.002780
-0.006891
-0.010840
-0.015021
-0.017610
-0.017028
-0.014041
-0.010016
-0.005788
-0.002507
-0.000437
0.001595
0.003824
0.005346
0.006048
0.007071
0.009098
0.011301
0.012491
0.012315
0.010947
0.008499
0.005037
0.000871
-0.003604
-0.008040
-0.011731
-0.014114
-0.015424
-0.016245
-0.016762
-0.016688
-0.015779
-0.014476
-0.013994
-0.015385
-0.018283
-0.021293
-0.023657
-0.025830
-0.028291
-0.030775
-0.033186
-0.035614
-0.037582
-0.038092
-0.036498
-0.033150
-0.028948
-0.024887
-0.021404
-0.018571
-0.016872
-0.016574
-0.016996
-0.017645
-0.019040
-0.021787
-0.026335
-0.032500
-0.038354
-0.041323
-0.040398
-0.036036
-0.029795
-0.023936
-0.019909
-0.017474
-0.015244
-0.012851
-0.011614
-0.012766
-0.015950
-0.020042
-0.024819
-0.030294
-0.035939
-0.041376
-0.046089
-0.049356
-0.051014
-0.050789
-0.047786
-0.041653
-0.033430
-0.025019
-0.018087
-0.013620
-0.011951
-0.012488
-0.014128
-0.016430
-0.019791
-0.024229
-0.028564
-0.031774
-0.034245
-0.036534
-0.037651
-0.036512
-0.034250
-0.032495
-0.030864
-0.028180
-0.024631
-0.021379
-0.019603
-0.019895
-0.021607
-0.023253
-0.023373
-0.022100
-0.020828
-0.019233
-0.015993
-0.011935
-0.009478
-0.009305
-0.010074
-0.011202
-0.012659
-0.013871
-0.014253
-0.013480
-0.012216
-0.011382
-0.010623
-0.009705
-0.009281
-0.009383
-0.009543
-0.009338
-0.007896
-0.004597
0.000319
0.006098
0.011854
0.017398
0.022618
0.025965
0.025234
0.020269
0.013255
0.006402
0.001224
-0.000748
0.001422
0.006629
0.012477
0.017517
0.021369
0.023688
0.024409
0.023765
0.021921
0.019062
0.016076
0.014594
0.015254
0.017558
0.020488
0.022391
0.022462
0.021240
0.018972
0.014772
0.008268
0.000870
-0.005655
-0.010287
-0.012220
-0.010849
-0.006752
-0.001492
0.004149
0.010442
0.017113
0.022981
0.026636
0.026992
0.023939
0.018566
0.012026
0.005061
-0.001127
-0.005514
-0.008319
-0.009973
-0.009592
-0.006112
-0.000397
0.005655
0.010854
0.014986
0.018508
0.022084
0.026201
0.030250
0.032696
0.032968
0.031803
0.029958
0.027855
0.025902
0.024022
0.021308
0.017140
0.012302
0.008043
0.004781
0.002727
0.002440
0.003876
0.006311
0.009757
0.014175
0.017882
0.019309
0.018729
0.017000
0.014492
0.011326
0.007823
0.004640
0.002105
-0.000320
-0.002731
-0.003872
-0.003031
-0.000815
0.001984
0.004791
0.007206
0.009105
0.010725
0.011906
0.012169
0.011711
0.011475
0.012436
0.014245
0.015226
0.014629
0.013459
0.012953
0.013116
0.012934
0.012089
0.011131
0.010589
0.010640
0.011276
0.012311
0.012822
0.011984
0.010299
0.009240
0.009480
0.010107
0.010147
0.010264
0.012682
0.018484
0.025614
0.031252
0.034620
0.036560
0.037479
0.037047
0.035519
0.033638
0.031927
0.030421
0.029051
0.028663
0.029804
0.030659
0.029077
0.025721
0.022875
0.021579
0.021122
0.020699
0.020101
0.019025
0.017105
0.014121
0.009990
0.004774
-0.000824
-0.005812
-0.010123
-0.014265
-0.017257
-0.016789
-0.012756
-0.007594
-0.003012
0.001217
0.005969
0.011203
0.015837
0.018685
0.019120
0.017410
0.014750
0.012006
0.008870
0.005639
0.003543
0.002787
0.002592
0.002429
0.002452
0.003013
0.004176
0.005925
0.007731
0.008482
0.007644
0.005670
0.003032
-0.000459
-0.004634
-0.008639
-0.012247
-0.015929
-0.019905
-0.023748
-0.026973
-0.029475
-0.031252
-0.032563
-0.033197
-0.031871
-0.028499
-0.024927
-0.022245
-0.019980
-0.017281
-0.013739
-0.009607
-0.005649
-0.003254
-0.003018
-0.003561
-0.004105
-0.005519
-0.007616
-0.009316
-0.010713
-0.012236
-0.013475
-0.013818
-0.013943
-0.015872
-0.020298
-0.025492
-0.029170
-0.029875
-0.027437
-0.022170
-0.014397
-0.005448
0.002807
0.009000
0.012405
0.013025
0.011075
0.007028
0.002352
-0.001473
-0.004307
-0.007186
-0.010996
-0.015203
-0.018857
-0.021885
-0.024015
-0.024562
-0.023663
-0.021876
-0.019171
-0.015413
-0.010941
-0.006540
-0.003513
-0.002592
-0.003120
-0.004597
-0.007038
-0.009827
-0.012232
-0.014480
-0.017528
-0.021835
-0.026258
-0.028656
-0.027872
-0.024493
-0.020052
-0.015800
-0.011731
-0.007255
-0.002989
-0.000708
-0.000917
-0.001877
-0.001707
-0.000053
0.001783
0.002136
0.001504
0.001300
0.000841
-0.001115
-0.004702
-0.009140
-0.012640
-0.014047
-0.014084
-0.013948
-0.013916
-0.013618
-0.012699
-0.011472
-0.010534
-0.009757
-0.008788
-0.006847
-0.003771
-0.001252
-0.000595
-0.001099
-0.001610
-0.002305
-0.004161
-0.007879
-0.013057
-0.018023
-0.021724
-0.024848
-0.026965
-0.025599
-0.020607
-0.015049
-0.011240
-0.009316
-0.008507
-0.008051
-0.008006
-0.008479
-0.008858
-0.009484
-0.011374
-0.014698
-0.018773
-0.022458
-0.025048
-0.026416
-0.026573
-0.025699
-0.023657
-0.020647
-0.017677
-0.015436
-0.014167
-0.013435
-0.012285
-0.011050
-0.011296
-0.013094
-0.014550
-0.014840
-0.015157
-0.016482
-0.018108
-0.018559
-0.017074
-0.014091
-0.010450
-0.006849
-0.004023
-0.002236
-0.001512
-0.002021
-0.003516
-0.005417
-0.007307
-0.008352
-0.007299
-0.004609
-0.002814
-0.003148
-0.004837
-0.007422
-0.010963
-0.015190
-0.018847
-0.020168
-0.018731
-0.016011
-0.013297
-0.010206
-0.006006
-0.001416
0.002279
0.004974
0.007141
0.008734
0.009818
0.011297
0.013331
0.015281
0.017283
0.019508
0.021595
0.023075
0.023092
0.021133
0.017917
0.014114
0.009444
0.003822
-0.001718
-0.005712
-0.006911
-0.004654
-0.000002
0.004891
0.009020
0.012732
0.016244
0.019178
0.021077
0.021437
0.020173
0.017947
0.015574
0.013552
0.011987
0.011275
0.012047
0.013816
0.015397
0.016361
0.016582
0.015542
0.013267
0.010968
0.009867
0.010015
0.010586
0.010978
0.011007
0.010718
0.010253
0.009430
0.008523
0.008284
0.008082
0.006194
0.002314
-0.001681
-0.003658
-0.003078
-0.000680
0.002792
0.006690
0.009793
0.011318
0.011988
0.012777
0.013467
0.012996
0.011209
0.009771
0.010229
0.011919
0.013270
0.014171
0.015237
0.015724
0.014238
0.010936
0.007357
0.004884
0.004188
0.004661
0.005143
0.005722
0.006644
0.007419
0.007805
0.007625
0.006722
0.005618
0.005289
0.005861
0.006201
0.005631
0.005217
0.006187
0.008533
0.011492
0.014332
0.017184
0.020726
0.024451
0.026285
0.025112
0.021705
0.016581
0.009840
0.002957
-0.001479
-0.002202
-0.000232
0.002461
0.004562
0.006197
0.007821
0.008688
0.008186
0.007474
0.008386
0.011207
0.014359
0.016909
0.019678
0.023018
0.025775
0.026967
0.026325
0.023845
0.020133
0.016265
0.012797
0.009614
0.006445
0.002716
-0.001593
-0.005367
-0.006298
-0.001863
0.006549
0.013960
0.017667
0.019063
0.019970
0.020023
0.018339
0.015416
0.012438
0.009954
0.007256
0.003871
0.000942
-0.000159
0.000927
0.003171
0.005063
0.006057
0.006494
0.006941
0.007756
0.008976
0.010605
0.012643
0.015099
0.018136
0.021032
0.022078
0.020760
0.018165
0.015582
0.013319
0.010784
0.007837
0.005057
0.003203
0.002802
0.003527
0.004385
0.004675
0.004309
0.003427
0.002041
0.000320
-0.001080
-0.001853
-0.002795
-0.004402
-0.005895
-0.006481
-0.006128
-0.005112
-0.003586
-0.001502
0.000913
0.002746
0.003263
0.002673
0.001433
-0.000169
-0.001863
-0.003539
-0.004767
-0.005023
-0.004542
-0.003564
-0.001971
0.000091
0.002385
0.004857
0.007293
0.008753
0.008012
0.005237
0.002061
-0.000420
-0.002419
-0.004603
-0.006872
-0.008460
-0.009011
-0.008327
-0.006513
-0.004726
-0.004982
-0.008851
-0.015718
-0.021904
-0.023070
-0.019572
-0.015947
-0.014685
-0.014913
-0.015306
-0.015572
-0.016445
-0.018328
-0.020749
-0.023287
-0.025620
-0.027568
-0.028824
-0.028534
-0.026607
-0.024173
-0.021918
-0.019475
-0.016227
-0.012741
-0.010644
-0.010190
-0.009238
-0.005107
0.001880
0.008159
0.011058
0.010448
0.007573
0.003576
-0.001345
-0.007187
-0.013335
-0.018406
-0.020943
-0.019933
-0.016020
-0.012027
-0.009882
-0.009408
-0.009834
-0.010484
-0.011127
-0.011612
-0.011410
-0.009831
-0.006550
-0.002385
0.001283
0.004014
0.005757
0.005656
0.003142
-0.000837
-0.004772
-0.008430
-0.012636
-0.016947
-0.019565
-0.019547
-0.017540
-0.014966
-0.012674
-0.010035
-0.006061
-0.001017
0.003826
0.007606
0.010708
0.013574
0.015606
0.015959
0.014591
0.012288
0.009368
0.005696
0.001150
-0.004030
-0.008599
-0.011823
-0.014253
-0.016399
-0.018148
-0.019677
-0.021914
-0.025033
-0.027365
-0.027581
-0.026734
-0.026006
-0.025212
-0.023820
-0.020923
-0.015929
-0.009657
-0.003279
0.002599
0.006948
0.008460
0.007338
0.005579
0.004375
0.002721
0.000070
-0.002051
-0.002038
-0.000020
0.001916
0.001461
-0.001067
-0.003132
-0.003453
-0.003823
-0.006095
-0.009529
-0.012583
-0.014510
-0.015248
-0.014853
-0.013418
-0.012017
-0.011786
-0.012077
-0.012143
-0.011954
-0.010937
-0.009312
-0.008042
-0.007074
-0.005721
-0.003529
-0.000653
0.001990
0.003451
0.003440
0.002712
0.002387
0.002699
0.003896
0.006132
0.008667
0.011115
0.013228
0.014426
0.014590
0.013909
0.012217
0.009008
0.004897
0.002072
0.001549
0.001826
0.001825
0.002506
0.004294
0.005305
0.004021
0.001760
-0.000507
-0.003769
-0.007321
-0.008981
-0.008102
-0.005660
-0.003098
-0.000699
0.002341
0.005700
0.008146
0.009023
0.008513
0.007597
0.007108
0.006941
0.006405
0.005109
0.003488
0.002237
0.001935
0.002238
0.002111
0.001504
0.000603
-0.001110
-0.003727
-0.006391
-0.008164
-0.008786
-0.008084
-0.005693
-0.001948
0.002342
0.006574
0.010117
0.012318
0.012904
0.012404
0.012067
0.012178
0.011677
0.010091
0.008056
0.006390
0.005513
0.005137
0.004904
0.005448
0.007497
0.010392
0.012074
0.011235
0.009026
0.006855
0.004554
0.001895
-0.000464
-0.002369
-0.004526
-0.006664
-0.007502
-0.006818
-0.005794
-0.005552
-0.006000
-0.006329
-0.006453
-0.006870
-0.007567
-0.007933
-0.007594
-0.006581
-0.004428
-0.000820
0.003211
0.006353
0.008052
0.008364
0.007785
0.006490
0.003771
-0.000563
-0.004838
-0.007445
-0.008305
-0.007963
-0.007264
-0.006570
-0.005252
-0.002902
-0.000018
0.002713
0.004856
0.006233
0.007096
0.008144
0.009649
0.010961
0.011554
0.011286
0.010536
0.010449
0.011663
0.013197
0.013440
0.012016
0.009882
0.007964
0.006519
0.005159
0.003360
0.001898
0.002237
0.004438
0.007370
0.010244
0.012372
0.012615
0.011434
0.010831
0.010891
0.009614
0.006215
0.002608
0.001042
0.001071
0.000598
-0.001032
-0.002635
-0.002985
-0.002158
-0.001240
-0.001355
-0.002716
-0.004187
-0.004952
-0.006004
-0.008035
-0.009663
-0.009766
-0.008914
-0.007855
-0.006810
-0.005786
-0.004823
-0.003995
-0.003084
-0.001880
-0.000969
-0.001219
-0.002570
-0.004169
-0.005338
-0.005942
-0.005677
-0.004416
-0.003200
-0.002805
-0.002483
-0.001186
0.000660
0.001550
0.001331
0.001391
0.001967
0.001737
0.000991
0.002156
0.005365
0.007826
0.008404
0.008134
0.007557
0.006374
0.004366
0.001808
-0.000288
-0.000710
0.000155
0.000434
-0.000757
-0.002567
-0.003772
-0.004201
-0.004843
-0.006122
-0.007125
-0.006998
-0.005674
-0.003705
-0.001792
0.000201
0.002694
0.005382
0.007850
0.009954
0.011356
0.012217
0.013312
0.014519
0.014994
0.014566
0.013678
0.012757
0.012326
0.012327
0.011559
0.009576
0.007639
0.006895
0.007175
0.007889
0.008991
0.010309
0.011439
0.013150
0.015574
0.016316
0.014160
0.010883
0.008304
0.006528
0.005174
0.004993
0.006590
0.009171
0.011886
0.013983
0.014595
0.014119
0.013442
0.012208
0.009923
0.007236
0.004886
0.002631
0.000214
-0.002041
-0.003453
-0.003045
-0.000804
0.001911
0.004237
0.006940
0.010392
0.012985
0.013548
0.012668
0.010938
0.008292
0.004744
0.001176
-0.001461
-0.003305
-0.004370
-0.004303
-0.003853
-0.003878
-0.003680
-0.002161
0.000220
0.001952
0.002358
0.001481
-0.000344
-0.002138
-0.003499
-0.004681
-0.005362
-0.005669
-0.006503
-0.007715
-0.008234
-0.007921
-0.007547
-0.007304
-0.006582
-0.005167
-0.003904
-0.003854
-0.004849
-0.005749
-0.006120
-0.006255
-0.006292
-0.006331
-0.006815
-0.008250
-0.010438
-0.012581
-0.014084
-0.015052
-0.015943
-0.016727
-0.016954
-0.016182
-0.014257
-0.011484
-0.008196
-0.004573
-0.001479
-0.000036
0.000102
-0.000028
-0.000359
-0.001061
-0.002089
-0.003217
-0.003832
-0.004180
-0.005194
-0.006884
-0.008507
-0.009727
-0.010702
-0.011092
-0.010564
-0.009585
-0.008557
-0.007452
-0.006319
-0.005505
-0.005550
-0.006574
-0.007631
-0.007727
-0.007120
-0.006525
-0.006471
-0.007269
-0.008766
-0.010654
-0.012716
-0.015168
-0.018197
-0.021255
-0.023543
-0.024157
-0.023070
-0.021766
-0.020927
-0.019723
-0.017569
-0.015034
-0.013250
-0.012124
-0.010648
-0.008837
-0.007276
-0.006097
-0.005249
-0.004791
-0.005085
-0.006530
-0.008888
-0.011329
-0.012902
-0.013416
-0.013541
-0.013368
-0.012445
-0.010833
-0.008737
-0.005875
-0.002033
0.001801
0.004676
0.006728
0.007484
0.006622
0.005473
0.005143
0.005082
0.004005
0.001488
-0.001345
-0.003101
-0.003381
-0.002498
-0.001117
-0.000212
-0.000446
-0.001421
-0.001987
-0.001915
-0.002293
-0.003420
-0.003979
-0.003152
-0.001851
-0.001252
-0.001709
-0.002744
-0.003605
-0.004393
-0.005870
-0.007932
-0.009092
-0.008447
-0.006737
-0.004609
-0.001836
0.001703
0.005015
0.006801
0.006858
0.005765
0.004158
0.002451
0.000933
-0.000266
-0.000863
-0.000158
0.001821
0.003982
0.005586
0.006545
0.006641
0.005566
0.003636
0.001784
0.000612
0.000244
0.000729
0.001996
0.003828
0.005692
0.006974
0.007483
0.007348
0.006667
0.005700
0.005104
0.004757
0.003610
0.001728
0.000157
-0.000676
-0.000520
0.001086
0.004116
0.007981
0.011798
0.014980
0.017485
0.018840
0.018297
0.016009
0.012727
0.009225
0.006031
0.003274
0.001598
0.001789
0.002798
0.002845
0.002192
0.002164
0.002528
0.002360
0.001933
0.001871
0.002251
0.003027
0.004323
0.006062
0.007523
0.007949
0.006991
0.005099
0.003538
0.002561
0.001169
-0.000770
-0.002150
-0.002191
-0.000747
0.001846
0.004653
0.006696
0.007810
0.008924
0.010541
0.011679
0.011468
0.010139
0.008242
0.006491
0.005174
0.003506
0.001077
-0.001175
-0.002284
-0.002419
-0.001932
-0.000701
0.000976
0.002528
0.004262
0.006554
0.008858
0.010769
0.012436
0.013894
0.014977
0.015744
0.016135
0.015918
0.015443
0.015394
0.015683
0.015260
0.013539
0.011407
0.009713
0.008197
0.006592
0.004860
0.002918
0.001064
-0.000303
-0.001401
-0.002386
-0.002915
-0.002843
-0.001915
0.000216
0.003317
0.006858
0.010127
0.012620
0.014800
0.016919
0.018056
0.017894
0.016966
0.015131
0.012426
0.009808
0.008168
0.007518
0.006898
0.006093
0.006272
0.007492
0.008053
0.006828
0.004209
0.001284
-0.001100
-0.002859
-0.004268
-0.005526
-0.006183
-0.005205
-0.002601
0.000375
0.002753
0.004159
0.004554
0.004707
0.005444
0.006283
0.006502
0.006620
0.007570
0.009291
0.011204
0.012746
0.013149
0.012135
0.009859
0.006851
0.004083
0.001810
-0.000342
-0.001944
-0.001884
0.000160
0.003368
0.006574
0.009152
0.011351
0.013228
0.014045
0.013648
0.013131
0.012908
0.012305
0.011415
0.011037
0.011217
0.010967
0.009737
0.008370
0.007181
0.005346
0.003015
0.001143
-0.000353
-0.002139
-0.003831
-0.004552
-0.004219
-0.003453
-0.002960
-0.003142
-0.003906
-0.004699
-0.005380
-0.006099
-0.006340
-0.005753
-0.004650
-0.003120
-0.001159
0.000722
0.002003
0.002446
0.001692
-0.000022
-0.001729
-0.003329
-0.005423
-0.007545
-0.008309
-0.007106
-0.004820
-0.002936
-0.002205
-0.002228
-0.002307
-0.002321
-0.002807
-0.003888
-0.004846
-0.005580
-0.006676
-0.007789
-0.007704
-0.006418
-0.005476
-0.005700
-0.006082
-0.005719
-0.005531
-0.006406
-0.007434
-0.007477
-0.006923
-0.006724
-0.006986
-0.007758
-0.009074
-0.009971
-0.009775
-0.008977
-0.008458
-0.008292
-0.007710
-0.007089
-0.007644
-0.009087
-0.010358
-0.011728
-0.013561
-0.015046
-0.015913
-0.016658
-0.017499
-0.018296
-0.018635
-0.018096
-0.016465
-0.013956
-0.011196
-0.008667
-0.006341
-0.004150
-0.002429
-0.001524
-0.001678
-0.003065
-0.005158
-0.007094
-0.008620
-0.009998
-0.011622
-0.013313
-0.014139
-0.013932
-0.013659
-0.013774
-0.013783
-0.013629
-0.013914
-0.014809
-0.016031
-0.017241
-0.017941
-0.017998
-0.018103
-0.018318
-0.017614
-0.015613
-0.012880
-0.010267
-0.008500
-0.007812
-0.007988
-0.008541
-0.008877
-0.008515
-0.008076
-0.008307
-0.008432
-0.007763
-0.006752
-0.006293
-0.006991
-0.008529
-0.009921
-0.010507
-0.010714
-0.011269
-0.011981
-0.012058
-0.011489
-0.010987
-0.010445
-0.009303
-0.007805
-0.006640
-0.005812
-0.004677
-0.003097
-0.001594
-0.000827
-0.000931
-0.001162
-0.000977
-0.000667
-0.000552
-0.000646
-0.000707
-0.000104
0.001031
0.001639
0.001288
0.000210
-0.000809
-0.000973
-0.000601
-0.000399
-0.000228
0.000714
0.002829
0.005655
0.008242
0.009673
0.009802
0.009492
0.009506
0.009429
0.008414
0.006750
0.005370
0.004721
0.004671
0.005034
0.006087
0.007789
0.009495
0.011099
0.012855
0.014353
0.014777
0.013745
0.012016
0.010468
0.009075
0.007898
0.007325
0.007700
0.009096
0.011053
0.012743
0.013610
0.013993
0.014552
0.014965
0.014119
0.012133
0.010413
0.009468
0.008582
0.007526
0.007153
0.007826
0.008738
0.009012
0.008975
0.009628
0.010628
0.011232
0.011865
0.012742
0.013278
0.013527
0.014325
0.015526
0.016049
0.015672
0.014982
0.014267
0.013244
0.011534
0.009286
0.006869
0.004768
0.003489
0.002799
0.002240
0.002028
0.002436
0.003294
0.004603
0.006735
0.009426
0.011514
0.012407
0.012393
0.011489
0.009332
0.006126
0.002930
0.000562
-0.001278
-0.002771
-0.003169
-0.002158
-0.000372
0.001047
0.001511
0.001762
0.002546
0.003541
0.004016
0.003870
0.003635
0.003691
0.003820
0.003515
0.002857
0.002417
0.002083
0.001199
-0.000293
-0.001768
-0.003078
-0.004680
-0.006261
-0.007266
-0.008131
-0.009426
-0.010850
-0.011580
-0.011433
-0.011097
-0.011113
-0.011345
-0.011451
-0.011060
-0.009885
-0.008332
-0.007026
-0.005883
-0.004448
-0.003155
-0.002900
-0.003552
-0.004256
-0.004483
-0.004730
-0.005851
-0.007603
-0.008820
-0.008846
-0.008122
-0.007431
-0.007051
-0.006715
-0.006062
-0.004996
-0.003861
-0.002872
-0.002270
-0.002482
-0.003002
-0.003004
-0.002771
-0.003105
-0.004009
-0.004860
-0.005516
-0.006488
-0.007805
-0.008751
-0.009049
-0.009006
-0.008782
-0.008129
-0.006711
-0.004652
-0.002397
-0.000249
0.001137
0.001258
0.000897
0.000981
0.001286
0.001027
0.000170
-0.000465
-0.000429
-0.000104
0.000188
0.000280
-0.000373
-0.001648
-0.002409
-0.002356
-0.002488
-0.003149
-0.003555
-0.003417
-0.003192
-0.003206
-0.003631
-0.004619
-0.005774
-0.006257
-0.005988
-0.005728
-0.005881
-0.006164
-0.006207
-0.005841
-0.005145
-0.004631
-0.004432
-0.004087
-0.003650
-0.003528
-0.003653
-0.003458
-0.002771
-0.002520
-0.003508
-0.004989
-0.005577
-0.005404
-0.005683
-0.006479
-0.006910
-0.006607
-0.005815
-0.004679
-0.003136
-0.001462
0.000154
0.001847
0.003172
0.003799
0.004457
0.005532
0.006498
0.007075
0.007557
0.008137
0.008589
0.008966
0.009505
0.009936
0.009917
0.009368
0.008267
0.006967
0.006357
0.006680
0.007125
0.007356
0.007758
0.008384
0.008856
0.009110
0.009205
0.008851
0.008039
0.007434
0.007759
0.008693
0.009210
0.009279
0.009748
0.011033
0.012506
0.013176
0.013273
0.013662
0.014242
0.014377
0.013837
0.013100
0.012695
0.012126
0.010911
0.009603
0.008738
0.008587
0.009120
0.009639
0.009869
0.010186
0.010537
0.010619
0.010601
0.011016
0.011830
0.012352
0.012550
0.012996
0.013826
0.014642
0.014900
0.014371
0.013492
0.013059
0.013001
0.012617
0.012118
0.012302
0.013112
0.013604
0.013409
0.013079
0.012865
0.012467
0.011515
0.009385
0.006014
0.002673
0.000535
-0.000363
-0.000770
-0.001456
-0.002445
-0.003076
-0.003058
-0.003079
-0.003749
-0.004934
-0.006046
-0.006484
-0.006312
-0.005922
-0.005426
-0.005067
-0.005087
-0.005239
-0.004995
-0.004390
-0.004451
-0.005752
-0.007320
-0.008205
-0.008869
-0.009873
-0.011018
-0.012041
-0.012595
-0.012179
-0.010873
-0.009975
-0.010386
-0.010964
-0.010421
-0.009352
-0.009027
-0.009314
-0.009086
-0.008251
-0.007902
-0.008429
-0.008913
-0.009008
-0.009658
-0.011009
-0.012197
-0.013016
-0.013830
-0.015014
-0.016528
-0.018148
-0.019725
-0.020627
-0.020425
-0.019629
-0.018869
-0.017770
-0.015559
-0.012888
-0.011530
-0.012180
-0.013415
-0.013647
-0.013474
-0.014185
-0.015324
-0.015751
-0.015486
-0.015183
-0.014741
-0.013817
-0.013003
-0.012731
-0.012083
-0.010316
-0.008386
-0.007588
-0.007884
-0.008281
-0.008161
-0.007776
-0.007566
-0.007637
-0.007877
-0.008436
-0.009479
-0.010444
-0.011040
-0.011822
-0.012751
-0.013097
-0.012766
-0.012110
-0.011133
-0.009808
-0.008438
-0.007251
-0.006158
-0.005324
-0.005097
-0.005336
-0.005674
-0.005773
-0.005664
-0.005739
-0.005755
-0.005492
-0.005235
-0.004922
-0.004333
-0.003572
-0.002877
-0.002373
-0.002197
-0.002305
-0.002256
-0.001683
-0.000902
-0.000504
-0.000282
0.000199
0.000518
0.000014
-0.001408
-0.003346
-0.005236
-0.006584
-0.007197
-0.007213
-0.006727
-0.005645
-0.003886
-0.001878
-0.000353
0.000550
0.001342
0.002537
0.003944
0.005206
0.006643
0.007971
0.008318
0.007806
0.007245
0.007408
0.008102
0.007905
0.006445
0.005004
0.004100
0.003157
0.001810
0.000403
-0.000015
0.001072
0.002701
0.003689
0.004220
0.004767
0.005057
0.005040
0.005005
0.004962
0.004392
0.003149
0.002259
0.002367
0.002828
0.002748
0.001786
0.000467
-0.000365
-0.000680
-0.000985
-0.001287
-0.001114
0.000056
0.001860
0.003135
0.004090
0.005639
0.007259
0.008119
0.008675
0.009648
0.010777
0.011558
0.011714
0.011126
0.010250
0.009628
0.009367
0.009419
0.009327
0.008673
0.007967
0.007469
0.006584
0.005850
0.006421
0.007355
0.007404
0.007279
0.007670
0.008294
0.008906
0.009289
0.009281
0.009108
0.008888
0.008677
0.008876
0.009385
0.009802
0.010210
0.010526
0.010539
0.010410
0.010145
0.009526
0.008501
0.007258
0.006700
0.007143
0.007071
0.005828
0.004808
0.004927
0.005474
0.005501
0.004851
0.004061
0.004095
0.005056
0.005796
0.006005
0.006605
0.007668
0.008289
0.008502
0.009254
0.010506
0.011440
0.011835
0.011644
0.011010
0.010574
0.010318
0.009423
0.007410
0.004756
0.002638
0.001694
0.001229
0.000911
0.001372
0.002473
0.003718
0.005351
0.007168
0.008011
0.007774
0.007725
0.008410
0.009151
0.008801
0.007013
0.005035
0.004284
0.004607
0.004566
0.003755
0.003478
0.004131
0.004425
0.004035
0.003914
0.003944
0.003494
0.002864
0.002366
0.001849
0.001234
0.000675
0.000518
0.000566
-0.000010
-0.001283
-0.002234
-0.002170
-0.001994
-0.002754
-0.003396
-0.002712
-0.001803
-0.001857
-0.002362
-0.002487
-0.002321
-0.002741
-0.004078
-0.005674
-0.006819
-0.007375
-0.007643
-0.007657
-0.007371
-0.007048
-0.006682
-0.006076
-0.005113
-0.003962
-0.003483
-0.004145
-0.005013
-0.005256
-0.005536
-0.006693
-0.008223
-0.009507
-0.010775
-0.011595
-0.011358
-0.010820
-0.010859
-0.011268
-0.011237
-0.010274
-0.008932
-0.008273
-0.008135
-0.007144
-0.005250
-0.003763
-0.002868
-0.001976
-0.001115
-0.000422
0.000427
0.001340
0.001279
0.000043
-0.001133
-0.001794
-0.002459
-0.002975
-0.003053
-0.003159
-0.003309
-0.002964
-0.002605
-0.002581
-0.002074
-0.001142
-0.000793
-0.000848
-0.000152
0.001151
0.001139
-0.000761
-0.002449
-0.002916
-0.003415
-0.004429
-0.005011
-0.004548
-0.003608
-0.003300
-0.004117
-0.005580
-0.006867
-0.007510
-0.007839
-0.008468
-0.009145
-0.008851
-0.007532
-0.006236
-0.005212
-0.004153
-0.003284
-0.002888
-0.003055
-0.003684
-0.004239
-0.004206
-0.003883
-0.004090
-0.005162
-0.006444
-0.006929
-0.006618
-0.006605
-0.007372
-0.008170
-0.008474
-0.008510
-0.008547
-0.008440
-0.007666
-0.006269
-0.005309
-0.005355
-0.005727
-0.005762
-0.005517
-0.005500
-0.006093
-0.006896
-0.007489
-0.007924
-0.007554
-0.006257
-0.005222
-0.004678
-0.003986
-0.003136
-0.002684
-0.003016
-0.003834
-0.004348
-0.004143
-0.003443
-0.002726
-0.002481
-0.002812
-0.003380
-0.003538
-0.003105
-0.003020
-0.003755
-0.004404
-0.004329
-0.003975
-0.003903
-0.003933
-0.003482
-0.002876
-0.002958
-0.003287
-0.003035
-0.002547
-0.002452
-0.002659
-0.002541
-0.001855
-0.001289
-0.001382
-0.001708
-0.001365
0.000134
0.001766
0.002226
0.002274
0.002977
0.003434
0.002859
0.002214
0.002313
0.002874
0.003247
0.002786
0.002022
0.002266
0.003450
0.004472
0.004980
0.005360
0.005432
0.004855
0.004235
0.003926
0.003472
0.002681
0.001939
0.001834
0.002477
0.003165
0.003234
0.003042
0.003262
0.003676
0.003988
0.004546
0.005410
0.006221
0.006746
0.006932
0.007008
0.007358
0.007842
0.007968
0.007424
0.006193
0.005095
0.005040
0.005596
0.005791
0.005554
0.005640
0.006294
0.006625
0.006266
0.005860
0.005646
0.005574
0.005665
0.005727
0.005703
0.005678
0.005446
0.004827
0.004058
0.003386
0.002768
0.002185
0.001889
0.002048
0.002565
0.003270
0.004123
0.005106
0.005958
0.006755
0.007798
0.008802
0.009491
0.009842
0.009547
0.008424
0.006937
0.005582
0.004337
0.003159
0.002222
0.001504
0.000908
0.000634
0.000888
0.001534
0.002081
0.002339
0.002744
0.003514
0.004216
0.004230
0.003709
0.003270
0.002630
0.001422
0.000348
0.000188
0.000419
-0.000047
-0.001190
-0.002180
-0.002546
-0.002671
-0.003201
-0.003869
-0.003989
-0.003417
-0.002732
-0.003082
-0.004341
-0.004767
-0.004072
-0.003980
-0.005374
-0.007098
-0.007657
-0.007152
-0.006762
-0.007183
-0.007913
-0.007471
-0.005436
-0.003460
-0.002851
-0.002894
-0.002189
-0.000671
0.000560
0.001051
0.001146
0.001185
0.001269
0.001029
-0.000020
-0.001539
-0.002887
-0.003767
-0.004171
-0.004313
-0.004347
-0.004204
-0.003483
-0.002516
-0.002279
-0.002362
-0.001753
-0.001122
-0.001430
-0.002020
-0.001669
-0.000349
0.000623
0.000451
-0.000082
0.000159
0.001143
0.001833
0.001713
0.001249
0.000823
0.000408
0.000006
-0.000671
-0.001477
-0.001472
-0.000659
-0.000104
-0.000304
-0.000881
-0.001265
-0.001349
-0.001661
-0.002288
-0.002635
-0.002520
-0.002370
-0.002451
-0.002383
-0.001747
-0.000821
-0.000145
0.000076
-0.000003
0.000155
0.000585
0.000555
0.000062
-0.000182
0.000094
0.000629
0.000809
0.000416
0.000319
0.001182
0.002391
0.002834
0.002284
0.001856
0.002367
0.003233
0.003593
0.003252
0.002841
0.003273
0.004193
0.004486
0.004170
0.003926
0.004013
0.004224
0.004304
0.004512
0.005103
0.005875
0.006538
0.006539
0.005754
0.005108
0.005453
0.006524
0.007190
0.006941
0.006484
0.006459
0.006839
0.007587
0.008179
0.007839
0.007006
0.006209
0.005478
0.005140
0.004961
0.004355
0.003749
0.003708
0.003933
0.003941
0.003787
0.003548
0.002688
0.001372
0.000711
0.001033
0.001438
0.001340
0.001418
0.002107
0.002858
0.003103
0.002877
0.002837
0.003465
0.004107
0.003924
0.003286
0.002568
0.001642
0.000898
0.000863
0.001119
0.000590
-0.000783
-0.001835
-0.001808
-0.001284
-0.001176
-0.001342
-0.000993
-0.000067
0.000810
0.001405
0.002107
0.003120
0.003886
0.003902
0.003763
0.004134
0.004398
0.004226
0.004443
0.005109
0.005178
0.004138
0.002756
0.001726
0.000808
-0.000182
-0.000919
-0.001197
-0.001165
-0.000634
0.000602
0.002097
0.003377
0.004494
0.005658
0.006298
0.006008
0.005593
0.005404
0.005006
0.004350
0.003622
0.002962
0.002420
0.002185
0.002545
0.002973
0.002602
0.001664
0.001508
0.002684
0.003825
0.003875
0.003676
0.004144
0.004767
0.004942
0.005074
0.005362
0.005373
0.004972
0.004704
0.004983
0.005159
0.004902
0.004948
0.005208
0.004953
0.004488
0.004409
0.004771
0.005164
0.004859
0.003993
0.003618
0.003967
0.004187
0.003615
0.002707
0.002239
0.002006
0.001666
0.001250
0.000447
-0.000712
-0.001624
-0.001973
-0.001637
-0.000660
0.000817
0.002304
0.002893
0.002826
0.003144
0.003413
0.002545
0.001065
-0.000014
-0.000901
-0.002113
-0.003334
-0.003822
-0.003607
-0.003137
-0.002583
-0.002078
-0.001866
-0.002156
-0.002287
-0.001564
-0.000770
-0.000790
-0.001500
-0.002320
-0.002893
-0.003296
-0.003445
-0.003440
-0.003798
-0.004674
-0.005655
-0.006296
-0.006759
-0.007337
-0.008166
-0.009391
-0.010742
-0.011584
-0.011590
-0.011384
-0.011776
-0.012216
-0.011428
-0.009681
-0.008491
-0.008224
-0.008150
-0.008089
-0.008302
-0.008344
-0.008032
-0.008040
-0.008363
-0.008777
-0.009597
-0.010591
-0.011241
-0.011560
-0.011766
-0.012254
-0.012884
-0.012689
-0.011802
-0.011415
-0.011878
-0.012589
-0.012649
-0.011926
-0.011297
-0.010981
-0.010545
-0.009745
-0.008766
-0.008346
-0.008576
-0.009057
-0.009968
-0.011234
-0.011993
-0.011976
-0.012179
-0.012988
-0.013383
-0.012730
-0.011809
-0.011494
-0.011373
-0.010914
-0.010398
-0.009880
-0.009230
-0.008389
-0.007448
-0.007068
-0.007216
-0.006894
-0.006051
-0.005670
-0.005937
-0.006334
-0.006795
-0.007429
-0.007978
-0.008073
-0.007925
-0.007641
-0.006738
-0.005393
-0.004281
-0.003487
-0.002951
-0.002801
-0.002766
-0.002259
-0.001569
-0.001766
-0.002690
-0.003123
-0.002988
-0.003253
-0.003985
-0.004148
-0.003367
-0.002370
-0.001775
-0.001625
-0.001688
-0.001546
-0.001028
-0.000653
-0.000368
0.000424
0.001168
0.001188
0.000835
0.000918
0.001533
0.001686
0.001108
0.000843
0.001558
0.002627
0.003300
0.003714
0.004373
0.005427
0.006420
0.006971
0.007059
0.006758
0.006695
0.007038
0.006710
0.005458
0.004493
0.004397
0.004130
0.003140
0.002480
0.002839
0.003904
0.005031
0.005891
0.006842
0.008004
0.008876
0.009372
0.009936
0.010721
0.011342
0.011451
0.011272
0.011082
0.010815
0.010616
0.010502
0.010202
0.009641
0.008866
0.008566
0.009047
0.009415
0.009564
0.009810
0.009587
0.008894
0.008565
0.008715
0.008365
0.007110
0.006029
0.006139
0.007023
0.007275
0.006522
0.005854
0.006070
0.007024
0.007820
0.007933
0.008052
0.008611
0.009037
0.008982
0.008821
0.008867
0.009008
0.008945
0.008421
0.007569
0.006917
0.006820
0.007006
0.007315
0.008054
0.008838
0.008946
0.008732
0.009091
0.009920
0.010310
0.010102
0.009815
0.009365
0.008403
0.007428
0.007191
0.007312
0.006664
0.005430
0.004783
0.004729
0.004770
0.004971
0.005025
0.004553
0.004023
0.004160
0.005274
0.006662
0.007215
0.007170
0.007425
0.007885
0.007974
0.007368
0.006093
0.004710
0.003868
0.003437
0.002651
0.001607
0.001198
0.001445
0.001645
0.001522
0.001329
0.001317
0.001299
0.000979
0.000731
0.000935
0.000946
0.000330
-0.000165
0.000083
0.000778
0.001029
0.000324
-0.000710
-0.001029
-0.000364
0.000041
-0.000800
-0.001721
-0.001584
-0.001023
-0.001151
-0.002106
-0.002493
-0.001462
-0.000433
-0.000398
-0.000380
0.000376
0.001293
0.001727
0.001832
0.001727
0.001427
0.001293
0.001428
0.001577
0.001553
0.001451
0.001475
0.001367
0.000608
-0.000613
-0.001320
-0.001152
-0.000803
-0.001021
-0.001674
-0.001795
-0.001222
-0.000842
-0.001016
-0.001308
-0.001574
-0.001848
-0.001734
-0.001308
-0.001156
-0.001639
-0.002756
-0.003929
-0.004401
-0.004145
-0.003927
-0.004382
-0.005287
-0.005932
-0.006267
-0.006984
-0.008087
-0.008657
-0.008448
-0.008194
-0.008627
-0.009603
-0.010113
-0.009652
-0.008988
-0.008849
-0.008596
-0.007731
-0.007057
-0.006841
-0.006479
-0.006012
-0.005883
-0.006051
-0.006153
-0.005999
-0.005464
-0.004735
-0.004457
-0.004695
-0.004891
-0.004818
-0.004656
-0.004509
-0.004130
-0.003506
-0.003172
-0.003292
-0.003462
-0.003408
-0.003256
-0.003212
-0.003286
-0.003326
-0.003212
-0.002854
-0.002487
-0.002413
-0.002181
-0.001182
0.000334
0.001401
0.001771
0.001851
0.001891
0.002025
0.001873
0.000988
-0.000426
-0.001583
-0.002114
-0.002482
-0.002916
-0.003378
-0.003723
-0.003593
-0.003170
-0.002777
-0.002366
-0.001986
-0.001688
-0.001043
-0.000109
-0.000119
-0.001192
-0.001834
-0.001700
-0.001646
-0.001868
-0.002041
-0.001885
-0.001429
-0.001313
-0.001693
-0.001514
-0.000127
0.001521
0.002321
0.002374
0.002002
0.001120
0.000302
0.000284
0.000564
0.000170
-0.000832
-0.001580
-0.001528
-0.000993
-0.000895
-0.001368
-0.001775
-0.002002
-0.002089
-0.001597
-0.000315
0.001198
0.002348
0.002893
0.002960
0.003165
0.003608
0.003565
0.002727
0.001572
0.000929
0.001111
0.001514
0.001800
0.002155
0.002397
0.002366
0.002508
0.002936
0.003124
0.002454
0.000717
-0.001005
-0.001169
-0.000188
0.000010
-0.000904
-0.001563
-0.001377
-0.001170
-0.001515
-0.002076
-0.002838
-0.003690
-0.003791
-0.002945
-0.002026
-0.001599
-0.001299
-0.000581
0.000517
0.000931
-0.000108
-0.001378
-0.001136
0.000144
0.000423
-0.000696
-0.001673
-0.001851
-0.001952
-0.002250
-0.002634
-0.003181
-0.003420
-0.002835
-0.001886
-0.001406
-0.001542
-0.001413
-0.000577
0.000054
0.000114
0.000233
0.000487
0.000568
0.000534
0.000536
0.000585
0.000614
0.000530
0.000128
-0.000480
-0.000752
-0.000582
-0.000398
-0.000468
-0.000596
-0.000332
0.000367
0.001122
0.001713
0.001992
0.001944
0.001855
0.001893
0.001996
0.002049
0.002015
0.001959
0.001918
0.001914
0.001964
0.001822
0.001340
0.000977
0.001039
0.001229
0.001131
0.000706
0.000682
0.001345
0.001619
0.001220
0.001432
0.002293
0.002306
0.000995
-0.000667
-0.001400
-0.001019
-0.000577
-0.000731
-0.001163
-0.001334
-0.001198
-0.001054
-0.001056
-0.001279
-0.001691
-0.001789
-0.001280
-0.000959
-0.001446
-0.001897
-0.001466
-0.000773
-0.000683
-0.000807
-0.000157
0.000832
0.000593
-0.000715
-0.001424
-0.001385
-0.001849
-0.002680
-0.002731
-0.002431
-0.002855
-0.003565
-0.003764
-0.003764
-0.003898
-0.003727
-0.003275
-0.003141
-0.003341
-0.003462
-0.003146
-0.002381
-0.001597
-0.001055
-0.000804
-0.000844
-0.000930
-0.000867
-0.000749
-0.000706
-0.000485
0.000129
0.000651
0.000450
-0.000394
-0.001039
-0.000931
-0.000544
-0.000335
-0.000020
0.000427
0.000397
-0.000118
-0.000406
-0.000584
-0.001351
-0.002120
-0.001750
-0.000751
-0.000314
-0.000256
0.000190
0.001027
0.001692
0.001795
0.001554
0.001438
0.001417
0.001008
0.000452
0.000711
0.001597
0.001984
0.001571
0.000825
0.000267
0.000180
0.000385
0.000470
0.000314
0.000208
0.000666
0.001803
0.002897
0.003534
0.004169
0.004700
0.004722
0.004541
0.004260
0.003634
0.002642
0.001665
0.001239
0.000798
-0.000383
-0.001346
-0.001007
0.000130
0.000931
0.000973
0.000670
0.000809
0.001650
0.002355
0.001836
0.000452
-0.000065
0.000667
0.001112
0.000830
0.000883
0.001185
0.000854
0.000406
0.000629
0.000820
0.000209
-0.000732
-0.001231
-0.001575
-0.002341
-0.003044
-0.003048
-0.002254
-0.001146
-0.000638
-0.000665
-0.000099
0.001205
0.002298
0.003011
0.003474
0.003351
0.003098
0.003352
0.003787
0.004090
0.004287
0.004585
0.005151
0.005369
0.004538
0.003421
0.002965
0.002316
0.000689
-0.000889
-0.001279
-0.001100
-0.001807
-0.003298
-0.003898
-0.002982
-0.002016
-0.002319
-0.003056
-0.003018
-0.002733
-0.002715
-0.002893
-0.003462
-0.004051
-0.004102
-0.003849
-0.004004
-0.004548
-0.004576
-0.003996
-0.003961
-0.005096
-0.006524
-0.006770
-0.005474
-0.004199
-0.004249
-0.004713
-0.004259
-0.003088
-0.002361
-0.002541
-0.003204
-0.003885
-0.004192
-0.004272
-0.004695
-0.005280
-0.005451
-0.005257
-0.005182
-0.005289
-0.005112
-0.004439
-0.003827
-0.003865
-0.004429
-0.005111
-0.005462
-0.005341
-0.005373
-0.006048
-0.006762
-0.007075
-0.007405
-0.007571
-0.007070
-0.006415
-0.006129
-0.005791
-0.005105
-0.004586
-0.004583
-0.004532
-0.004153
-0.003891
-0.003950
-0.004076
-0.003813
-0.002824
-0.001566
-0.000833
-0.000515
-0.000029
0.000710
0.001006
0.000395
-0.000319
-0.000334
-0.000201
-0.000457
-0.000517
-0.000170
0.000063
0.000201
0.000403
0.000271
-0.000182
-0.000412
-0.000581
-0.001066
-0.001172
-0.000465
0.000211
0.000510
0.001096
0.001822
0.002021
0.002052
0.002336
0.002564
0.002552
0.002428
0.002097
0.001553
0.001387
0.001510
0.001109
0.000485
0.000363
0.000617
0.001031
0.001582
0.002024
0.002524
0.003076
0.003284
0.003505
0.004152
0.004663
0.004362
0.003753
0.003607
0.003587
0.003390
0.003555
0.004351
0.005547
0.006839
0.007711
0.007904
0.008000
0.008321
0.008276
0.007582
0.006648
0.005631
0.004490
0.003644
0.003466
0.003577
0.003230
0.002306
0.001489
0.001243
0.001176
0.000983
0.000754
0.000515
0.000553
0.000862
0.001045
0.001374
0.002417
0.003799
0.004474
0.004557
0.004935
0.005460
0.005620
0.005417
0.004823
0.003780
0.002759
0.002178
0.001831
0.001555
0.001645
0.002545
0.003857
0.004394
0.004125
0.004155
0.004209
0.003296
0.002644
0.003446
0.003916
0.002468
0.000525
0.000100
0.000890
0.001496
0.001407
0.000843
0.000591
0.001094
0.001640
0.001428
0.000681
0.000467
0.001111
0.001788
0.002311
0.003016
0.003303
0.002590
0.001695
0.001828
0.002534
0.002151
0.000768
0.000095
0.000341
0.000404
0.000083
0.000055
0.000663
0.001531
0.002196
0.002487
0.002640
0.003124
0.003776
0.003990
0.003625
0.003146
0.003042
0.002844
0.001982
0.001146
0.000868
0.000623
0.000397
0.000582
0.000830
0.000741
0.000328
0.000125
0.000431
0.000270
-0.000810
-0.001440
-0.000945
-0.000594
-0.001113
-0.001872
-0.002190
-0.001842
-0.001490
-0.001758
-0.002210
-0.002452
-0.002327
-0.001948
-0.001807
-0.001972
-0.002129
-0.002144
-0.002255
-0.002308
-0.002064
-0.001860
-0.001710
-0.001490
-0.001415
-0.001485
-0.001515
-0.001507
-0.001734
-0.002104
-0.002195
-0.002043
-0.001960
-0.001984
-0.001774
-0.001399
-0.001254
-0.001119
-0.000851
-0.000657
-0.000414
-0.000145
-0.000009
0.000220
0.000501
0.000558
0.000377
-0.000086
-0.000814
-0.001466
-0.001655
-0.001464
-0.001348
-0.001468
-0.001617
-0.001650
-0.001504
-0.001034
-0.000395
-0.000020
0.000237
0.000728
0.001115
0.001005
0.000518
0.000293
0.000664
0.000766
0.000054
-0.000490
-0.000066
0.000593
0.000741
0.000669
0.000398
-0.000093
-0.000106
0.000384
0.000636
0.000343
-0.000234
-0.000541
-0.000283
0.000291
0.000626
0.000600
0.000808
0.001466
0.001857
0.001486
0.000876
0.000426
0.000120
0.000366
0.001125
0.001514
0.001266
0.000947
0.001108
0.001706
0.002070
0.001924
0.001577
0.001088
0.000424
-0.000087
-0.000286
-0.000605
-0.001336
-0.002064
-0.002212
-0.002065
-0.002459
-0.003288
-0.003654
-0.003411
-0.003004
-0.002804
-0.003123
-0.003572
-0.003604
-0.003253
-0.002639
-0.001922
-0.001443
-0.001278
-0.001077
-0.000968
-0.001139
-0.001056
-0.000832
-0.001105
-0.001381
-0.000975
-0.000595
-0.001150
-0.002124
-0.002263
-0.001621
-0.001493
-0.001718
-0.001067
-0.000178
-0.000500
-0.001530
-0.001662
-0.000623
0.000161
-0.000240
-0.000782
-0.000626
-0.000431
-0.000387
-0.000131
0.000277
0.000625
0.000530
0.000019
-0.000251
-0.000273
-0.000653
-0.001268
-0.001485
-0.001293
-0.001135
-0.001016
-0.000745
-0.000733
-0.001025
-0.001003
-0.000889
-0.001315
-0.001742
-0.001333
-0.000549
-0.000374
-0.000966
-0.001570
-0.001555
-0.001155
-0.000725
-0.000233
0.000136
0.000149
0.000229
0.000603
0.000628
0.000162
-0.000094
0.000057
-0.000017
-0.000691
-0.001345
-0.001363
-0.001089
-0.001273
-0.001798
-0.001785
-0.001448
-0.001769
-0.002531
-0.003007
-0.003116
-0.003056
-0.003170
-0.003328
-0.003235
-0.003320
-0.003664
-0.003808
-0.003615
-0.003202
-0.002937
-0.003252
-0.003810
-0.003906
-0.003620
-0.003404
-0.003082
-0.002265
-0.001511
-0.001454
-0.001512
-0.001145
-0.000561
-0.000239
-0.000544
-0.001068
-0.001167
-0.000897
-0.000714
-0.000800
-0.000978
-0.001021
-0.000915
-0.000806
-0.000797
-0.000886
-0.000880
-0.000353
0.000715
0.001217
0.000262
-0.001112
-0.001402
-0.000791
-0.000411
-0.000730
-0.001540
-0.002181
-0.001993
-0.001394
-0.001235
-0.001508
-0.001674
-0.001708
-0.002083
-0.002855
-0.003484
-0.003547
-0.003439
-0.003760
-0.004086
-0.003798
-0.003239
-0.002608
-0.001623
-0.000908
-0.001158
-0.001718
-0.001935
-0.001986
-0.002017
-0.001974
-0.001941
-0.001823
-0.001475
-0.001218
-0.001275
-0.001593
-0.002192
-0.002725
-0.002756
-0.002693
-0.002812
-0.002579
-0.001996
-0.001492
-0.000787
0.000245
0.000874
0.000741
0.000455
0.000778
0.001672
0.002276
0.001938
0.001229
0.001082
0.001249
0.001317
0.001463
0.001583
0.001456
0.001026
0.000337
-0.000328
-0.000520
-0.000065
0.000464
0.000443
0.000069
-0.000408
-0.000947
-0.001205
-0.001074
-0.000862
-0.000688
-0.000758
-0.001032
-0.000898
-0.000427
-0.000253
-0.000517
-0.001096
-0.001614
-0.001490
-0.000988
-0.000734
-0.000636
-0.000501
-0.000429
-0.000450
-0.000372
0.000131
0.000776
0.000638
-0.000275
-0.000748
-0.000063
0.000933
0.000925
0.000358
0.000807
0.002197
0.003416
0.004094
0.004195
0.003980
0.003937
0.004276
0.004689
0.004571
0.004117
0.003998
0.004210
0.004363
0.004470
0.004599
0.004460
0.004176
0.004136
0.004438
0.004741
0.004495
0.004294
0.005147
0.006473
0.007379
0.007873
0.008036
0.008173
0.008586
0.008935
0.008930
0.008794
0.008785
0.008869
0.008920
0.008910
0.008874
0.008853
0.008876
0.008891
0.008673
0.008044
0.007209
0.006531
0.006205
0.006209
0.006303
0.006268
0.006147
0.006084
0.005947
0.005662
0.005686
0.005913
0.005591
0.005144
0.005547
0.006336
0.006503
0.006155
0.006207
0.006979
0.007690
0.007959
0.008324
0.008794
0.008691
0.007869
0.006986
0.006475
0.006020
0.005180
0.004579
0.005297
0.006539
0.006754
0.006176
0.006098
0.006684
0.006902
0.006719
0.006681
0.006234
0.005198
0.004609
0.004812
0.004880
0.004461
0.004090
0.003913
0.004017
0.004245
0.003755
0.002890
0.002978
0.003718
0.003645
0.002558
0.001467
0.000985
0.001006
0.001098
0.000800
0.000287
-0.000084
-0.000587
-0.000990
-0.000672
-0.000109
-0.000151
-0.000869
-0.001664
-0.001866
-0.001535
-0.001394
-0.002030
-0.003319
-0.004417
-0.004804
-0.004700
-0.004663
-0.005089
-0.005686
-0.006094
-0.006088
-0.005601
-0.005196
-0.005142
-0.005030
-0.004802
-0.004712
-0.004908
-0.005316
-0.005521
-0.005520
-0.005911
-0.006643
-0.006949
-0.006701
-0.006495
-0.006609
-0.006803
-0.006823
-0.006722
-0.006693
-0.006756
-0.006645
-0.006202
-0.006014
-0.006513
-0.007005
-0.006727
-0.006058
-0.006032
-0.006740
-0.007199
-0.006801
-0.005915
-0.005347
-0.005268
-0.005022
-0.004635
-0.004748
-0.004943
-0.004588
-0.004173
-0.004388
-0.005015
-0.005311
-0.005507
-0.006095
-0.006332
-0.005844
-0.005435
-0.005354
-0.005250
-0.005120
-0.004879
-0.004500
-0.004364
-0.004741
-0.005189
-0.004777
-0.003780
-0.003625
-0.004170
-0.004000
-0.003210
-0.002867
-0.002851
-0.002400
-0.001749
-0.001615
-0.001799
-0.001503
-0.000707
-0.000538
-0.001618
-0.002734
-0.002708
-0.002057
-0.001574
-0.001464
-0.001564
-0.001398
-0.000980
-0.000736
-0.000605
-0.000675
-0.001215
-0.001789
-0.002143
-0.002422
-0.002318
-0.002136
-0.002756
-0.003628
-0.003707
-0.003273
-0.003212
-0.003689
-0.003897
-0.003530
-0.003143
-0.002916
-0.002693
-0.002394
-0.002003
-0.001453
-0.001015
-0.001210
-0.001655
-0.001796
-0.001881
-0.002036
-0.002107
-0.001957
-0.001419
-0.000756
-0.000718
-0.001255
-0.001157
-0.000233
0.000290
0.000109
0.000203
0.000876
0.001504
0.001756
0.001716
0.001619
0.001470
0.001171
0.001010
0.001290
0.001736
0.001468
0.000112
-0.001385
-0.001699
-0.000893
-0.000364
-0.000543
-0.000660
-0.000232
0.000589
0.001326
0.001614
0.001492
0.001298
0.000850
-0.000081
-0.000953
-0.001195
-0.000760
-0.000255
-0.000301
-0.000866
-0.001374
-0.001389
-0.001290
-0.001281
-0.001265
-0.001807
-0.002901
-0.003473
-0.003144
-0.002503
-0.002206
-0.002401
-0.002645
-0.002620
-0.002470
-0.002367
-0.002064
-0.001367
-0.000636
-0.000345
-0.000432
-0.000224
0.000540
0.001123
0.001074
0.000841
0.000844
0.001014
0.001101
0.001052
0.000993
0.001002
0.001033
0.001070
0.001118
0.001131
0.001117
0.001123
0.001053
0.000744
0.000557
0.000931
0.001417
0.001427
0.001155
0.001162
0.001633
0.002070
0.002141
0.002177
0.002145
0.001945
0.001705
0.001059
0.000144
-0.000192
0.000094
0.000314
0.000202
0.000007
-0.000036
0.000200
0.000655
0.000902
0.000887
0.001079
0.001417
0.001494
0.001371
0.001318
0.001382
0.001458
0.001348
0.000810
0.000123
-0.000048
0.000136
-0.000164
-0.001018
-0.001831
-0.001920
-0.001563
-0.001217
-0.000985
-0.000928
-0.000831
-0.000119
0.001117
0.001887
0.001743
0.001546
0.001931
0.002016
0.001065
0.000051
-0.000014
0.000273
0.000084
-0.000140
-0.000032
-0.000076
-0.000328
-0.000419
-0.000128
0.000366
0.000339
-0.000462
-0.001402
-0.001979
-0.002194
-0.002171
-0.001932
-0.001658
-0.001614
-0.001547
-0.001221
-0.000737
0.000083
0.001141
0.001914
0.002345
0.002602
0.002667
0.002680
0.002978
0.003431
0.003362
0.002794
0.002537
0.002752
0.002699
0.001973
0.001049
0.000432
0.000268
0.000569
0.000700
0.000039
-0.000733
-0.000669
0.000355
0.001537
0.001845
0.001450
0.001515
0.002400
0.003169
0.003114
0.002717
0.002620
0.002576
0.002401
0.002586
0.003071
0.003216
0.002979
0.002832
0.002898
0.002734
0.002125
0.001634
0.001688
0.001951
0.002003
0.001854
0.001754
0.001872
0.002446
0.003447
0.004058
0.003870
0.003455
0.003099
0.002708
0.002509
0.002506
0.002277
0.001916
0.001713
0.001496
0.001366
0.001682
0.002057
0.002093
0.002207
0.002418
0.002222
0.001820
0.001855
0.002376
0.002747
0.002628
0.002240
0.001958
0.002306
0.003083
0.003379
0.003081
0.002819
0.002891
0.003096
0.003037
0.002480
0.001677
0.001136
0.001134
0.001251
0.000921
0.000465
0.000568
0.001148
0.001481
0.001289
0.000888
0.000729
0.001185
0.001870
0.002220
0.002485
0.002707
0.002324
0.001637
0.001666
0.002344
0.002557
0.001985
0.001331
0.000934
0.000851
0.001146
0.001434
0.001542
0.001661
0.001728
0.001493
0.001123
0.001226
0.001531
0.001188
0.000475
0.000064
0.000018
0.000316
0.000719
0.000762
0.000325
-0.000177
-0.000244
0.000008
0.000071
-0.000351
-0.001049
-0.001420
-0.001266
-0.001020
-0.001105
-0.001493
-0.001611
-0.001274
-0.001022
-0.001116
-0.001248
-0.000962
-0.000299
0.000140
0.000028
-0.000330
-0.000617
-0.000699
-0.000676
-0.000879
-0.001186
-0.001333
-0.001421
-0.001334
-0.001250
-0.001773
-0.002440
-0.002535
-0.002460
-0.002614
-0.002772
-0.002764
-0.002690
-0.002642
-0.002629
-0.002652
-0.002671
-0.002675
-0.002562
-0.002238
-0.002002
-0.002055
-0.002185
-0.002065
-0.001630
-0.001319
-0.001267
-0.000995
-0.000479
-0.000256
-0.000415
-0.000547
-0.000477
-0.000357
-0.000315
-0.000185
0.000114
0.000281
0.000492
0.001033
0.001260
0.000981
0.000920
0.001051
0.000894
0.000492
0.000150
0.000088
0.000051
-0.000225
-0.000471
-0.000449
-0.000335
-0.000324
-0.000173
0.000329
0.000774
0.000789
0.000755
0.001001
0.001242
0.001384
0.001386
0.001160
0.000989
0.001069
0.001381
0.001678
0.001492
0.000856
0.000595
0.001007
0.001389
0.001461
0.001495
0.001545
0.001543
0.001525
0.001531
0.001531
0.001561
0.001784
0.002037
0.001871
0.001451
0.001362
0.001780
0.002363
0.002609
0.002388
0.001928
0.001492
0.001317
0.001470
0.001773
0.001933
0.001936
0.002297
0.003050
0.003444
0.003178
0.002541
0.001871
0.001660
0.002067
0.002456
0.002340
0.002031
0.001937
0.002105
0.002408
0.002581
0.002496
0.002278
0.002003
0.001815
0.001780
0.001496
0.000778
0.000289
0.000339
0.000439
0.000534
0.000784
0.000923
0.000820
0.000701
0.000630
0.000396
-0.000082
-0.000524
-0.000592
-0.000599
-0.001148
-0.001773
-0.001667
-0.001211
-0.001136
-0.001383
-0.001518
-0.001526
-0.001572
-0.001503
-0.001425
-0.001505
-0.001390
-0.001016
-0.000721
-0.000607
-0.000709
-0.000960
-0.001073
-0.001089
-0.001337
-0.001707
-0.001818
-0.001678
-0.001473
-0.001406
-0.001815
-0.002456
-0.002548
-0.002065
-0.001736
-0.001898
-0.002293
-0.002384
-0.001950
-0.001623
-0.001831
-0.002002
-0.001759
-0.001497
-0.001509
-0.001630
-0.001647
-0.001570
-0.001530
-0.001668
-0.001896
-0.001972
-0.002012
-0.002162
-0.002289
-0.002418
-0.002539
-0.002407
-0.002101
-0.001855
-0.001767
-0.001907
-0.001993
-0.001826
-0.001616
-0.001476
-0.001546
-0.001892
-0.002141
-0.002087
-0.002053
-0.002209
-0.002314
-0.002219
-0.001939
-0.001542
-0.001221
-0.001147
-0.001237
-0.001279
-0.001249
-0.001316
-0.001396
-0.001295
-0.001240
-0.001325
-0.001262
-0.001028
-0.000747
-0.000528
-0.000586
-0.000762
-0.000646
-0.000293
0.000019
0.000197
0.000209
0.000131
0.000118
0.000108
-0.000021
-0.000118
-0.000207
-0.000570
-0.001007
-0.001093
-0.000917
-0.000830
-0.000908
-0.000994
-0.000993
-0.000939
-0.000908
-0.000832
-0.000687
-0.000680
-0.000794
-0.000766
-0.000691
-0.000872
-0.001167
-0.001217
-0.001142
-0.001314
-0.001603
-0.001665
-0.001518
-0.001247
-0.000973
-0.000912
-0.001014
-0.001041
-0.000874
-0.000653
-0.000595
-0.000671
-0.000716
-0.000673
-0.000619
-0.000588
-0.000481
-0.000351
-0.000422
-0.000617
-0.000670
-0.000568
-0.000494
-0.000519
-0.000559
-0.000553
-0.000510
-0.000499
-0.000627
-0.000849
-0.000937
-0.000886
-0.000909
-0.001011
-0.001069
-0.001148
-0.001314
-0.001381
-0.001216
-0.001069
-0.001214
-0.001455
-0.001363
-0.001053
-0.001072
-0.001456
-0.001682
-0.001547
-0.001308
-0.001173
-0.001163
-0.001203
-0.001166
-0.000970
-0.000741
-0.000673
-0.000724
-0.000746
-0.000694
-0.000621
-0.000593
-0.000599
-0.000585
-0.000555
-0.000574
-0.000691
-0.000810
-0.000745
-0.000507
-0.000339
-0.000359
-0.000433
-0.000417
-0.000340
-0.000293
-0.000232
-0.000089
0.000045
0.000064
0.000021
0.000015
0.000060
0.000090
0.000025
-0.000099
-0.000104
0.000065
0.000215
0.000206
0.000142
0.000153
0.000270
0.000423
0.000495
0.000463
0.000429
0.000499
0.000643
0.000731
0.000705
0.000648
0.000636
0.000670
0.000738
0.000783
0.000740
0.000714
0.000801
0.000892
0.000879
0.000825
0.000795
0.000759
0.000723
0.000700
0.000670
0.000687
0.000772
0.000826
0.000798
0.000753
0.000757
0.000824
0.000902
0.000929
0.000942
0.000980
0.000974
0.000927
0.000934
0.000974
0.000970
0.000929
0.000899
0.000894
0.000894
0.000868
0.000805
0.000774
0.000810
0.000840
0.000829
0.000826
0.000820
0.000786
0.000774
0.000790
0.000797
0.000802
0.000798
0.000777
0.000754
0.000741
0.000733
0.000715
0.000657
0.000599
0.000602
0.000629
0.000634
0.000629
0.000620
0.000605
0.000591
0.000579
0.000567
0.000565
0.000573
0.000559
0.000514
0.000483
0.000478
0.000467
0.000437
0.000418
0.000429
0.000435
0.000427
0.000433
0.000452
0.000449
0.000432
0.000438
0.000455
0.000450
0.000416
0.000369
0.000326
0.000293
0.000282
0.000288
0.000276
0.000240
0.000217
0.000224
0.000237
0.000222
0.000190
0.000172
0.000178
0.000191
0.000177
0.000152
0.000147
0.000153
0.000148
0.000134
0.000123
0.000112
0.000098
0.000088
0.000083
0.000080
0.000075
0.000068
0.000062
0.000063
0.000071
0.000080
0.000085
0.000082
0.000073
0.000066
0.000065
0.000064
0.000050
0.000025
0.000009
0.000009
0.000010
-0.000000
-0.000022
-0.000042
-0.000047
-0.000043
-0.000045
-0.000055
-0.000060
-0.000061
-0.000060
-0.000059
-0.000062
-0.000068
-0.000070
-0.000068
-0.000067
-0.000068
-0.000069
-0.000070
-0.000071
-0.000075
-0.000080
-0.000084
-0.000084
-0.000081
-0.000080
-0.000077
-0.000072
-0.000070
-0.000069
-0.000070
-0.000069
-0.000067
-0.000065
-0.000065
-0.000066
-0.000066
-0.000066
-0.000065
-0.000064
-0.000064
-0.000062
-0.000060
-0.000060
-0.000060
-0.000060
-0.000059
-0.000056
-0.000053
-0.000051
-0.000051
-0.000049
-0.000047
-0.000046
-0.000045
-0.000044
-0.000043
-0.000041
-0.000040
-0.000039
-0.000038
-0.000038
-0.000037
-0.000035
-0.000033
-0.000033
-0.000032
-0.000031
-0.000029
-0.000028
-0.000027
-0.000025
-0.000024
-0.000022
-0.000020
-0.000019
-0.000018
-0.000017
-0.000015
-0.000014
-0.000013
-0.000011
-0.000010
-0.000008
-0.000007
-0.000006
-0.000004
-0.000003
-0.000001
0.000000
0.000002
0.000003
0.000005
0.000006
0.000007
0.000009
0.000010
0.000012
0.000013
0.000014
0.000016
0.000017
0.000018
0.000020
0.000021
0.000022
0.000024
0.000025
0.000026
0.000028
0.000029
0.000030
0.000032
0.000033
0.000034
0.000036
0.000037
0.000038
0.000040
0.000041
0.000043
0.000044
0.000045
