0.000967
0.001487
0.002086
0.001978
0.001971
0.001989
0.002050
0.002175
0.002355
0.002542
0.002649
0.002631
0.002561
0.002337
0.001821
0.001514
0.002169
0.003622
0.004718
0.004422
0.003118
0.002410
0.002967
0.003548
0.002891
0.001187
-0.000887
-0.002401
-0.001762
0.001173
0.003575
0.002567
-0.001634
-0.006096
-0.007439
-0.004298
0.001632
0.007297
0.011358
0.014606
0.016943
0.016192
0.011158
0.004216
-0.000677
-0.002303
-0.002752
-0.004441
-0.007933
-0.010832
-0.008518
0.001538
0.014975
0.022179
0.017365
0.006256
-0.001201
-0.005590
-0.012863
-0.020089
-0.020063
-0.012256
-0.002479
0.003809
0.004950
0.002816
-0.000109
-0.003226
-0.004532
-0.002267
0.000455
0.001012
0.003031
0.010004
0.015803
0.012357
0.003345
-0.001211
-0.001744
-0.011442
-0.036284
-0.062856
-0.071755
-0.054365
-0.020094
0.010043
0.021828
0.015227
-0.004132
-0.028394
-0.046002
-0.045808
-0.023123
0.014157
0.049985
0.072799
0.074500
0.051484
0.015600
-0.019088
-0.050052
-0.064492
-0.045269
-0.009991
0.007760
0.003747
-0.005845
-0.008694
0.002313
0.020246
0.024296
0.011690
0.000589
-0.001214
0.003385
0.017525
0.042305
0.060167
0.048609
0.014368
-0.011710
-0.013923
-0.004847
-0.004988
-0.020310
-0.036790
-0.035620
-0.015556
0.007898
0.022876
0.025121
0.013610
-0.001361
-0.006745
-0.002242
0.010377
0.028217
0.036437
0.025714
0.004268
-0.022777
-0.054483
-0.078529
-0.084562
-0.073331
-0.048582
-0.022897
-0.008637
-0.000175
0.004491
-0.005403
-0.024540
-0.034878
-0.030067
-0.012855
0.010372
0.030495
0.043835
0.047526
0.034923
0.010573
-0.009795
-0.021094
-0.027144
-0.024786
-0.013518
-0.003824
-0.003401
-0.003557
0.010508
0.032451
0.037888
0.017443
-0.008783
-0.014409
0.002266
0.021984
0.031131
0.030447
0.026237
0.028445
0.043365
0.058512
0.057220
0.042425
0.024183
0.007782
0.003088
0.010947
0.009992
-0.010495
-0.033283
-0.047834
-0.055226
-0.051192
-0.038858
-0.017642
0.020126
0.050015
0.035867
-0.007459
-0.040101
-0.053178
-0.045533
-0.011216
0.025365
0.029286
0.011760
0.011614
0.029271
0.034206
0.022293
0.011825
0.005697
-0.000009
0.001275
0.012582
0.025555
0.035215
0.041617
0.038635
0.023294
0.007763
0.007973
0.021261
0.026297
0.013768
-0.004822
-0.024491
-0.045409
-0.056981
-0.054963
-0.043634
-0.021710
0.002516
0.016294
0.028863
0.047052
0.054695
0.045037
0.029833
0.011034
-0.016164
-0.036411
-0.027255
0.006245
0.036745
0.044177
0.031268
0.015063
0.003733
-0.006370
-0.014521
-0.011273
0.006797
0.026421
0.031025
0.011697
-0.026998
-0.051970
-0.028310
0.027916
0.068823
0.073139
0.051544
0.026042
0.014775
0.013988
0.008294
-0.004479
-0.014585
-0.013498
-0.006311
-0.012135
-0.036585
-0.059030
-0.064949
-0.060810
-0.054140
-0.051106
-0.060824
-0.081701
-0.097840
-0.096599
-0.075577
-0.039772
-0.008868
-0.001393
-0.013190
-0.035205
-0.055113
-0.048442
-0.007841
0.040805
0.065236
0.057941
0.034242
0.012184
0.005315
0.016558
0.029560
0.021472
-0.009650
-0.041430
-0.054189
-0.045035
-0.019747
0.006919
0.019389
0.018745
0.012942
0.008086
0.012488
0.023620
0.029775
0.028829
0.027126
0.028951
0.030202
0.023697
0.013909
0.009511
0.004513
-0.006229
-0.010380
0.004201
0.036079
0.072000
0.089669
0.074833
0.043744
0.022074
0.009596
0.002107
0.002880
-0.004472
-0.029202
-0.048917
-0.047631
-0.032380
-0.017129
-0.009126
-0.005672
-0.010096
-0.025644
-0.033798
-0.023165
-0.010949
-0.004665
0.008949
0.028738
0.034781
0.021189
0.004820
-0.004483
-0.016307
-0.032860
-0.038470
-0.026051
-0.008622
0.000095
0.003381
0.009484
0.009071
-0.007786
-0.026168
-0.023800
-0.000779
0.018493
0.014783
0.000017
-0.004654
-0.000989
-0.000436
-0.002387
-0.003194
-0.007929
-0.016859
-0.015405
0.004173
0.023901
0.018196
-0.013353
-0.045999
-0.061204
-0.057082
-0.031317
0.013625
0.052268
0.057802
0.032611
-0.000011
-0.022779
-0.029525
-0.016786
0.008121
0.024289
0.017818
-0.004563
-0.026092
-0.032536
-0.017353
0.011136
0.031157
0.026579
0.000276
-0.030574
-0.048438
-0.048647
-0.037833
-0.023500
-0.009252
0.004994
0.020708
0.036801
0.051975
0.066288
0.071292
0.055542
0.026656
0.005175
-0.002417
-0.001565
0.007693
0.021788
0.025582
0.011258
-0.009693
-0.021666
-0.023560
-0.022407
-0.020662
-0.020920
-0.024725
-0.025816
-0.017370
-0.002337
0.008432
0.010026
0.009629
0.010181
0.003866
-0.009807
-0.022493
-0.028278
-0.023824
-0.011720
-0.003888
-0.008042
-0.015431
-0.015221
-0.007242
0.005793
0.015988
0.011412
-0.001124
0.000620
0.022728
0.048855
0.058974
0.045001
0.014404
-0.018810
-0.041241
-0.040968
-0.020095
-0.001114
-0.000967
-0.013211
-0.025968
-0.033364
-0.030504
-0.016891
-0.001578
0.003536
-0.003925
-0.014492
-0.015502
0.000347
0.027869
0.046997
0.041127
0.016691
-0.008715
-0.025541
-0.032620
-0.032543
-0.028604
-0.021250
-0.009620
0.005612
0.020068
0.025999
0.022849
0.020554
0.022975
0.023793
0.021646
0.020054
0.019977
0.020687
0.016848
0.003969
-0.011888
-0.024361
-0.031343
-0.024575
-0.002367
0.015442
0.011633
-0.007448
-0.024933
-0.026742
-0.009782
0.016187
0.037980
0.041720
0.019791
-0.015827
-0.040934
-0.041779
-0.025455
-0.006946
0.007519
0.017448
0.020454
0.019142
0.023117
0.031796
0.033679
0.028093
0.025307
0.028531
0.030771
0.024607
0.009038
-0.007173
-0.013094
-0.009662
-0.005024
-0.003568
-0.008798
-0.021430
-0.030159
-0.023439
-0.007807
0.001093
-0.003935
-0.016858
-0.023099
-0.014238
0.006930
0.031686
0.043487
0.031038
0.006737
-0.007991
-0.006309
0.005766
0.018088
0.020242
0.008728
-0.010071
-0.024093
-0.022502
-0.005704
0.014301
0.025661
0.024275
0.013618
0.002035
-0.001813
0.001847
0.002763
-0.003715
-0.009709
-0.008590
-0.003403
-0.000497
-0.006120
-0.022476
-0.037692
-0.036391
-0.020959
-0.005325
0.003594
0.008059
0.014897
0.030714
0.048558
0.049008
0.025711
-0.006683
-0.031156
-0.037021
-0.023822
-0.005239
0.006181
0.008300
0.003577
-0.002046
-0.003224
-0.002234
-0.006620
-0.018136
-0.028709
-0.029524
-0.019164
-0.005810
0.000517
-0.000393
-0.002939
-0.005261
-0.006127
-0.005092
-0.006865
-0.013566
-0.021409
-0.025694
-0.023474
-0.015270
-0.002769
0.011259
0.019981
0.018865
0.014535
0.017330
0.026015
0.032430
0.033167
0.026948
0.014200
0.000073
-0.010052
-0.013444
-0.007800
0.005499
0.015924
0.013856
0.002569
-0.009257
-0.016605
-0.017282
-0.012455
-0.008512
-0.009697
-0.012372
-0.015013
-0.022314
-0.034041
-0.039863
-0.029014
-0.005933
0.012275
0.016723
0.012528
0.007426
0.005841
0.008487
0.012189
0.014309
0.013780
0.006713
-0.008200
-0.023670
-0.030042
-0.024434
-0.013483
-0.002263
0.014653
0.037967
0.053036
0.048089
0.029226
0.014009
0.013848
0.022430
0.027737
0.027542
0.025428
0.021651
0.016777
0.015363
0.017132
0.016485
0.011059
0.001710
-0.008766
-0.015670
-0.015805
-0.009529
0.000060
0.007591
0.007707
0.001319
-0.007096
-0.014660
-0.016186
-0.009124
0.001243
0.010411
0.016458
0.017054
0.016100
0.020052
0.024390
0.020833
0.011062
0.001880
-0.003601
-0.008123
-0.014196
-0.018274
-0.017015
-0.012242
-0.008805
-0.011917
-0.020195
-0.023327
-0.016136
-0.004850
0.003413
0.005565
0.001411
-0.006961
-0.013935
-0.013544
-0.005401
0.006925
0.017707
0.023248
0.024355
0.019322
0.007567
-0.002629
-0.004258
-0.000116
0.003763
0.005787
0.008191
0.012325
0.018546
0.024950
0.026243
0.020603
0.011860
0.003529
-0.001756
-0.002928
-0.001104
0.003147
0.006036
0.003470
-0.002198
-0.007902
-0.013387
-0.016129
-0.013161
-0.008679
-0.008979
-0.013176
-0.016055
-0.016542
-0.018214
-0.020751
-0.019658
-0.013590
-0.005064
0.004333
0.013854
0.017518
0.009914
-0.003640
-0.015761
-0.022806
-0.021908
-0.015827
-0.010402
-0.007361
-0.005212
-0.002672
-0.000845
-0.001783
-0.005921
-0.011533
-0.015970
-0.017632
-0.015194
-0.007541
0.002500
0.009622
0.012186
0.013195
0.015989
0.019945
0.022620
0.024362
0.025697
0.026124
0.026582
0.026836
0.024165
0.018259
0.012690
0.009516
0.007764
0.005902
0.001462
-0.008260
-0.022474
-0.034685
-0.037639
-0.029924
-0.016289
-0.004628
-0.000121
-0.000039
0.002145
0.007069
0.008819
0.004700
-0.002147
-0.009228
-0.012998
-0.009089
-0.002243
-0.002297
-0.009553
-0.016819
-0.021743
-0.025577
-0.026799
-0.024307
-0.021708
-0.022476
-0.023557
-0.020430
-0.013834
-0.004927
0.007313
0.019316
0.025247
0.024914
0.021891
0.019867
0.021535
0.025310
0.027099
0.026579
0.024664
0.019867
0.011525
0.002601
-0.002922
-0.004171
-0.002687
-0.000271
0.001624
0.001648
0.000138
-0.002175
-0.005933
-0.008889
-0.009501
-0.011558
-0.015263
-0.015250
-0.010669
-0.005889
-0.001603
0.005297
0.012405
0.013876
0.008884
0.000109
-0.007414
-0.007951
-0.002308
0.003866
0.006638
0.003639
-0.006330
-0.019444
-0.026061
-0.020170
-0.008087
-0.001361
-0.003113
-0.007244
-0.007995
-0.005838
-0.004852
-0.005977
-0.006224
-0.003242
0.002151
0.006957
0.008083
0.004735
-0.000297
-0.003865
-0.004881
-0.005097
-0.007417
-0.010191
-0.009089
-0.002973
0.006051
0.013222
0.015405
0.014735
0.014421
0.015974
0.017984
0.017585
0.015997
0.015723
0.015119
0.012260
0.007972
0.002347
-0.006733
-0.016649
-0.019816
-0.016199
-0.012885
-0.013064
-0.015070
-0.015099
-0.009593
0.000420
0.011128
0.019327
0.021102
0.014679
0.004724
-0.002947
-0.007575
-0.008315
-0.004278
0.000899
0.003786
0.003328
0.000571
-0.003654
-0.010252
-0.016489
-0.017859
-0.015038
-0.011847
-0.010221
-0.009604
-0.008141
-0.005020
-0.001740
-0.000092
-0.000220
-0.000224
0.001153
0.002007
0.000676
-0.002171
-0.005103
-0.006264
-0.004483
-0.001506
0.000650
0.002334
0.002504
-0.000236
-0.005082
-0.010724
-0.015018
-0.015495
-0.011452
-0.005335
-0.001330
-0.002062
-0.007181
-0.013020
-0.016227
-0.017239
-0.015504
-0.009348
-0.001366
0.005592
0.010062
0.009087
0.002130
-0.007222
-0.012648
-0.009700
-0.002196
0.003569
0.007066
0.009455
0.009326
0.006790
0.006128
0.008994
0.010338
0.008226
0.007085
0.007151
0.004395
-0.000046
-0.002059
-0.000898
0.002442
0.004923
0.003754
0.001516
0.000612
-0.001034
-0.005930
-0.012846
-0.016993
-0.015354
-0.009817
-0.002498
0.005972
0.010222
0.005661
-0.002645
-0.006703
-0.004471
-0.000136
0.003290
0.006918
0.009070
0.005853
0.000107
-0.002190
-0.001157
-0.000252
-0.000494
-0.000893
-0.000784
-0.000582
-0.001166
-0.002024
-0.002038
-0.000500
0.003561
0.008320
0.010887
0.011934
0.012123
0.009400
0.003617
-0.001036
-0.001989
-0.000391
0.002018
0.002570
0.000539
-0.001727
-0.002767
-0.001848
0.001597
0.005670
0.006506
0.003029
-0.000879
-0.001751
-0.000703
-0.000079
-0.000265
-0.000551
-0.000583
-0.000439
-0.000255
-0.000090
-0.000175
-0.001009
-0.001946
-0.001576
-0.000315
0.000358
0.000287
-0.000096
-0.000927
-0.002127
-0.003474
-0.005254
-0.007533
-0.009554
-0.010484
-0.010422
-0.011082
-0.013610
-0.015916
-0.016192
-0.014628
-0.010363
-0.004088
-0.000180
0.000680
0.002111
0.002937
0.001020
-0.000913
-0.001004
-0.000473
-0.000482
-0.000819
-0.000941
-0.001013
-0.000596
0.001793
0.004358
0.003139
-0.000437
-0.002275
-0.001172
0.002619
0.006600
0.006733
0.002700
-0.001190
-0.001788
-0.000886
-0.001268
-0.002380
-0.002377
-0.001535
-0.001049
-0.001034
-0.001129
-0.001477
-0.002245
-0.002983
-0.002930
-0.001936
-0.000564
0.001524
0.003594
0.002846
-0.000287
-0.002470
-0.003292
-0.005205
-0.007997
-0.008366
-0.005279
-0.001776
-0.001150
-0.002603
-0.003786
-0.005074
-0.006394
-0.005699
-0.002286
0.003038
0.007691
0.008614
0.006524
0.004593
0.004143
0.004632
0.005595
0.005542
0.002669
-0.001953
-0.005586
-0.006154
-0.003209
0.001746
0.005684
0.006454
0.004668
0.001580
-0.001136
-0.001830
-0.001213
-0.001107
-0.001014
0.002062
0.006296
0.005272
0.000104
-0.002536
-0.001652
-0.000625
-0.001005
-0.001789
-0.001935
-0.001595
-0.001310
-0.001226
-0.001236
-0.001319
-0.001471
-0.001801
-0.001593
0.002053
0.009507
0.015197
0.015534
0.012725
0.008323
0.002522
-0.001830
-0.002466
-0.001279
-0.000791
-0.001185
-0.001571
-0.001608
-0.001558
-0.001650
-0.001814
-0.001934
-0.002021
-0.002065
-0.001998
-0.001831
-0.001664
-0.001588
-0.001599
-0.001954
-0.001518
0.002201
0.007320
0.009182
0.007525
0.005669
0.005312
0.005976
0.008406
0.012588
0.014979
0.014755
0.015511
0.017628
0.018892
0.019090
0.019165
0.018777
0.016823
0.015516
0.017119
0.019470
0.020789
0.021978
0.022974
0.021519
0.017178
0.013121
0.010726
0.008050
0.003918
0.000202
0.000171
0.003607
0.007822
0.010233
0.009352
0.008198
0.010053
0.013367
0.015211
0.015111
0.014427
0.012887
0.009514
0.006021
0.003507
0.000670
-0.001339
0.000427
0.004626
0.007057
0.006857
0.005894
0.005160
0.004019
0.001365
-0.001509
-0.002289
-0.001465
-0.001011
-0.000803
0.001335
0.005119
0.007105
0.005107
0.000831
-0.002225
-0.001961
0.002091
0.008024
0.011797
0.011214
0.007384
0.002313
-0.001418
-0.002111
-0.001207
-0.000687
-0.000806
-0.000948
-0.000829
-0.001072
-0.000708
0.004112
0.012343
0.016071
0.011478
0.003093
-0.002927
-0.004765
-0.003919
-0.002016
-0.000613
-0.001167
-0.004020
-0.007573
-0.009065
-0.007739
-0.007249
-0.011026
-0.015822
-0.017135
-0.015761
-0.012814
-0.007913
-0.003537
-0.002511
-0.003137
-0.003391
-0.004872
-0.008661
-0.013122
-0.015047
-0.012795
-0.009377
-0.008492
-0.009597
-0.009696
-0.007754
-0.005750
-0.005390
-0.005903
-0.006196
-0.006892
-0.008532
-0.008949
-0.005916
-0.001555
0.000452
0.000089
-0.000635
-0.001162
-0.002021
-0.004002
-0.006687
-0.008448
-0.009135
-0.009586
-0.009783
-0.008733
-0.005841
-0.002606
-0.000657
-0.000089
-0.001586
-0.005892
-0.010586
-0.012691
-0.012797
-0.012218
-0.010772
-0.008721
-0.007624
-0.008275
-0.008835
-0.007211
-0.003873
-0.000967
0.000109
-0.001318
-0.005396
-0.010211
-0.013265
-0.014144
-0.013772
-0.012709
-0.011779
-0.012181
-0.013106
-0.012393
-0.010312
-0.009286
-0.010218
-0.011302
-0.010866
-0.008811
-0.005600
-0.002465
-0.000709
-0.000710
-0.002838
-0.007452
-0.012535
-0.014585
-0.012494
-0.008087
-0.003765
-0.000948
0.000000
-0.000082
-0.000509
-0.002154
-0.004635
-0.005726
-0.005046
-0.003465
-0.001543
-0.000556
-0.000145
0.002677
0.007160
0.009046
0.008406
0.008085
0.008563
0.008982
0.009063
0.007765
0.003772
-0.000517
-0.001982
-0.000806
0.002002
0.004832
0.006612
0.007408
0.007394
0.008309
0.009660
0.008455
0.004728
0.000853
-0.001151
-0.001085
-0.000450
-0.000332
-0.000617
-0.000857
-0.000917
-0.000842
-0.000954
-0.001729
-0.002810
-0.003098
-0.002153
-0.000961
-0.000607
-0.000844
-0.000943
-0.000973
-0.000498
0.001829
0.004051
0.002648
-0.000730
-0.002212
-0.001631
-0.000944
-0.001093
-0.001010
0.001323
0.005130
0.007068
0.006015
0.004468
0.004846
0.006303
0.006939
0.006648
0.005289
0.002159
-0.000971
-0.001885
-0.001029
0.001136
0.004387
0.006785
0.007025
0.006459
0.007123
0.009297
0.011128
0.010567
0.007933
0.004458
0.001283
0.001206
0.004362
0.007263
0.008984
0.008813
0.004574
-0.000844
-0.002616
-0.001551
-0.000524
0.000994
0.004024
0.006840
0.008108
0.008375
0.008551
0.009299
0.010420
0.011588
0.011979
0.010854
0.009704
0.009316
0.008917
0.008390
0.007570
0.006633
0.006099
0.006263
0.008208
0.012240
0.015335
0.013898
0.008103
0.001606
-0.001795
-0.001938
-0.000544
0.002523
0.006288
0.008464
0.007585
0.003334
-0.001052
-0.002152
-0.001085
-0.000418
-0.000634
-0.000928
-0.000922
-0.000640
-0.000927
-0.003317
-0.006132
-0.005552
-0.002167
0.000074
-0.000081
-0.000839
-0.000824
-0.000594
-0.001831
-0.004542
-0.005673
-0.003376
-0.000471
-0.000284
-0.001881
-0.002287
-0.001165
-0.000326
-0.000384
-0.000621
-0.000530
-0.000522
-0.001242
-0.002531
-0.003572
-0.003197
-0.001501
-0.000267
-0.000202
-0.000565
-0.001524
-0.003968
-0.007076
-0.008692
-0.007663
-0.004573
-0.001425
-0.000064
-0.000312
-0.000716
-0.000720
-0.001476
-0.004138
-0.007406
-0.007897
-0.004402
-0.000502
0.000560
-0.000639
-0.002504
-0.003612
-0.003831
-0.004137
-0.004411
-0.003941
-0.002844
-0.001958
-0.002058
-0.002932
-0.003382
-0.003564
-0.004850
-0.007001
-0.008411
-0.008547
-0.007971
-0.007240
-0.007095
-0.006784
-0.004839
-0.002345
-0.000885
-0.000403
-0.000316
-0.000463
-0.001190
-0.002086
-0.002511
-0.003174
-0.004877
-0.007069
-0.008204
-0.007472
-0.006024
-0.005810
-0.007918
-0.010951
-0.011901
-0.009910
-0.006209
-0.002502
-0.001030
-0.002968
-0.007277
-0.011465
-0.013893
-0.014064
-0.011628
-0.008286
-0.006444
-0.007106
-0.009726
-0.011488
-0.010015
-0.006068
-0.002717
-0.002258
-0.003704
-0.004915
-0.005582
-0.006134
-0.006519
-0.006340
-0.004686
-0.001977
-0.000310
-0.000392
-0.000971
-0.001070
-0.000849
-0.000723
-0.000753
-0.000828
-0.000870
-0.000891
-0.000918
-0.000907
-0.000851
-0.000783
-0.000752
-0.000806
-0.000905
-0.000960
-0.000890
-0.000984
-0.001650
-0.002852
-0.004855
-0.007530
-0.008958
-0.007402
-0.004300
-0.002406
-0.001839
-0.001418
-0.001061
-0.001003
-0.001109
-0.001176
-0.001161
-0.001127
-0.001130
-0.001174
-0.001232
-0.001287
-0.001277
-0.001422
-0.002267
-0.003187
-0.002808
-0.001595
-0.001050
-0.001304
-0.001577
-0.001546
-0.001417
-0.001546
-0.001329
0.001254
0.005610
0.008113
0.007917
0.005641
0.002070
0.000847
0.003148
0.005923
0.006025
0.002918
0.000967
0.001799
0.001763
0.001627
0.003986
0.006133
0.005005
0.003220
0.004715
0.008572
0.011440
0.011238
0.007324
0.001330
-0.002138
-0.000095
0.003820
0.004998
0.003608
0.000733
-0.001366
0.000879
0.005195
0.006212
0.004474
0.003917
0.005369
0.006984
0.007112
0.005032
0.001206
-0.001992
-0.002674
-0.001955
-0.001600
-0.001813
-0.001996
-0.001935
-0.001814
-0.001785
-0.001825
-0.002156
-0.001702
0.002220
0.007764
0.009998
0.009604
0.009995
0.011226
0.012642
0.015029
0.017171
0.016470
0.013868
0.011774
0.011256
0.012747
0.014594
0.014754
0.013686
0.012903
0.012890
0.012939
0.013425
0.015464
0.016812
0.015124
0.013047
0.013206
0.013179
0.010193
0.006439
0.005548
0.007027
0.008016
0.007816
0.007212
0.006462
0.006529
0.008415
0.010866
0.011774
0.010847
0.009313
0.008618
0.009111
0.008608
0.006400
0.004979
0.005243
0.005974
0.005954
0.003852
0.000785
0.000075
0.000492
-0.000717
-0.002126
-0.002215
-0.001702
-0.001516
-0.001667
-0.001757
-0.001708
-0.001641
-0.001795
-0.001518
0.000726
0.004279
0.007098
0.008049
0.006944
0.004469
0.001171
-0.001592
-0.002465
-0.001505
0.001347
0.003889
0.002556
-0.001015
-0.002570
-0.001836
-0.001075
-0.001165
-0.001478
-0.001521
-0.001416
-0.001373
-0.001378
-0.001309
-0.001300
-0.002117
-0.004583
-0.007338
-0.007269
-0.004287
-0.001627
-0.001723
-0.003621
-0.004728
-0.005320
-0.006361
-0.006315
-0.004593
-0.002814
-0.001792
-0.001168
-0.001079
-0.001913
-0.002964
-0.002894
-0.001746
-0.000832
-0.000708
-0.001074
-0.001961
-0.002760
-0.002296
-0.001054
-0.000556
-0.001271
-0.002453
-0.003113
-0.003041
-0.002930
-0.003217
-0.003435
-0.003025
-0.001953
-0.000926
-0.000646
-0.000866
-0.001007
-0.000940
-0.000862
-0.000881
-0.000917
-0.000906
-0.000873
-0.000782
-0.000893
-0.001690
-0.002726
-0.003090
-0.002855
-0.002646
-0.002673
-0.002750
-0.002799
-0.002645
-0.001862
-0.000849
-0.000480
-0.000671
-0.000832
-0.000788
-0.000643
-0.000737
-0.001526
-0.002560
-0.002981
-0.002667
-0.001680
-0.000777
-0.001136
-0.002971
-0.005920
-0.008334
-0.007902
-0.005288
-0.003886
-0.005240
-0.007377
-0.007878
-0.006618
-0.004669
-0.002958
-0.002241
-0.002389
-0.002651
-0.002670
-0.002472
-0.002600
-0.004164
-0.007044
-0.009613
-0.010552
-0.009502
-0.007398
-0.005929
-0.005906
-0.007236
-0.009084
-0.009497
-0.007777
-0.006110
-0.006706
-0.008961
-0.010543
-0.010563
-0.010136
-0.009922
-0.009327
-0.008478
-0.007916
-0.007459
-0.007247
-0.007101
-0.006592
-0.006301
-0.006108
-0.004752
-0.002859
-0.001982
-0.001579
-0.000920
-0.000503
-0.000547
-0.000710
-0.000750
-0.000695
-0.000693
-0.000776
-0.000836
-0.000833
-0.000817
-0.000797
-0.000768
-0.000738
-0.000910
-0.000604
0.001665
0.004662
0.005923
0.005001
0.002210
-0.000690
-0.001559
-0.001142
-0.000422
0.001787
0.005057
0.005957
0.002876
-0.000907
-0.001923
-0.001189
-0.000318
0.001864
0.004224
0.003068
-0.000535
-0.001894
0.000846
0.004115
0.003183
-0.000453
-0.002151
-0.001445
-0.000852
-0.000644
0.001279
0.004408
0.005192
0.002535
0.000597
0.002331
0.005058
0.005241
0.002220
-0.001163
-0.002240
-0.001172
0.001714
0.005259
0.007321
0.006700
0.003119
-0.000871
-0.002091
-0.001443
-0.000657
0.001570
0.005897
0.009733
0.011083
0.010931
0.010330
0.009604
0.009867
0.011325
0.013475
0.015380
0.014733
0.010883
0.006352
0.004185
0.003763
0.002466
0.002348
0.005389
0.009139
0.012710
0.015441
0.014136
0.007844
0.000759
-0.002532
-0.001678
0.002901
0.010084
0.015569
0.016320
0.012787
0.007181
0.001880
-0.001252
-0.001666
-0.001314
-0.000338
0.004020
0.009095
0.008543
0.002834
-0.001846
-0.002043
0.001102
0.003943
0.002986
-0.000460
-0.001597
0.001270
0.003936
0.002425
-0.000781
-0.001800
-0.000966
-0.000366
-0.000537
-0.000817
-0.000812
-0.000684
-0.000629
-0.000636
-0.000582
-0.000741
-0.001379
-0.001598
-0.000863
-0.000440
-0.001122
-0.001590
-0.001014
-0.000393
-0.000318
-0.000646
-0.001473
-0.002339
-0.002742
-0.003356
-0.003980
-0.003777
-0.004339
-0.006412
-0.007223
-0.005357
-0.003151
-0.003768
-0.006461
-0.006943
-0.005151
-0.005173
-0.007475
-0.009627
-0.010624
-0.010693
-0.009917
-0.008374
-0.006818
-0.005949
-0.007254
-0.010029
-0.009943
-0.006870
-0.005173
-0.006371
-0.008205
-0.008574
-0.007127
-0.004769
-0.003535
-0.004177
-0.004871
-0.004696
-0.004840
-0.005723
-0.007290
-0.009651
-0.011019
-0.009651
-0.007095
-0.006491
-0.008280
-0.010382
-0.012213
-0.013527
-0.012940
-0.010691
-0.008758
-0.008577
-0.009646
-0.011205
-0.013667
-0.015621
-0.014197
-0.009981
-0.006437
-0.005483
-0.007043
-0.009828
-0.011386
-0.010723
-0.009007
-0.007161
-0.005288
-0.003505
-0.002427
-0.002211
-0.002700
-0.004364
-0.006161
-0.005531
-0.002558
-0.000237
-0.000090
-0.000817
-0.001046
-0.000833
-0.000707
-0.000770
-0.000839
-0.000836
-0.000823
-0.000847
-0.000885
-0.000908
-0.000924
-0.000958
-0.001000
-0.001023
-0.001036
-0.001051
-0.001065
-0.001245
-0.001158
0.001539
0.007551
0.012802
0.013344
0.009648
0.006115
0.007137
0.012010
0.016188
0.016178
0.012117
0.007900
0.007083
0.009935
0.013811
0.014798
0.012247
0.009263
0.008611
0.010350
0.011520
0.009987
0.008599
0.009801
0.011910
0.013756
0.014750
0.013349
0.010026
0.007584
0.007514
0.009730
0.012613
0.012591
0.009403
0.007321
0.009357
0.013494
0.014866
0.012425
0.009039
0.006861
0.006776
0.008891
0.012406
0.015067
0.014044
0.009185
0.004498
0.004161
0.007524
0.010798
0.011772
0.009203
0.003291
-0.001675
-0.002694
-0.001174
0.001798
0.005224
0.005929
0.002546
-0.001363
-0.002502
-0.001329
0.001630
0.006208
0.010134
0.009495
0.003809
-0.001768
-0.003398
-0.002413
-0.000794
0.001625
0.004459
0.006018
0.005838
0.005698
0.006902
0.007597
0.006421
0.004188
0.001832
0.001538
0.004284
0.007303
0.008173
0.007896
0.006912
0.003475
-0.000699
-0.002106
-0.001443
-0.000354
0.002150
0.005449
0.006046
0.002737
-0.000966
-0.002013
-0.001847
-0.002348
-0.002733
-0.002112
-0.001584
-0.002314
-0.003502
-0.004119
-0.004513
-0.004418
-0.003531
-0.002752
-0.002505
-0.002371
-0.002749
-0.005052
-0.007905
-0.008281
-0.006604
-0.004778
-0.004019
-0.005294
-0.007009
-0.007035
-0.006140
-0.005976
-0.007042
-0.008108
-0.007533
-0.006472
-0.007407
-0.009244
-0.009421
-0.008199
-0.006889
-0.006103
-0.005990
-0.006102
-0.006270
-0.007045
-0.007909
-0.007637
-0.006108
-0.004262
-0.004110
-0.005367
-0.005032
-0.003218
-0.002131
-0.002226
-0.003330
-0.005178
-0.006179
-0.004788
-0.002412
-0.001584
-0.003021
-0.006081
-0.009183
-0.010313
-0.009618
-0.009628
-0.010383
-0.009785
-0.008113
-0.006719
-0.006055
-0.005958
-0.006278
-0.007029
-0.007145
-0.005686
-0.003705
-0.002991
-0.003859
-0.004875
-0.005658
-0.006823
-0.007185
-0.006428
-0.006217
-0.006056
-0.004899
-0.004117
-0.004877
-0.006160
-0.006590
-0.006417
-0.005989
-0.004571
-0.002714
-0.002031
-0.002375
-0.002302
-0.001308
-0.000559
-0.001610
-0.002726
-0.002377
-0.001047
-0.000403
-0.000571
-0.000891
-0.001178
-0.001161
-0.000769
-0.000469
-0.000440
-0.000492
-0.000480
-0.000430
-0.000401
-0.000553
-0.000193
0.002288
0.004979
0.003860
0.000360
-0.001214
-0.000514
0.000255
0.000061
0.000030
0.001967
0.004887
0.005190
0.002749
0.002141
0.004576
0.006478
0.005614
0.002446
0.000101
0.001895
0.006078
0.008293
0.007952
0.006860
0.005594
0.004008
0.002344
0.002210
0.004299
0.006616
0.007548
0.007211
0.006136
0.004860
0.004156
0.004654
0.005811
0.006276
0.006270
0.006233
0.005319
0.004326
0.004285
0.004285
0.004200
0.004502
0.004889
0.005525
0.006883
0.008601
0.009493
0.008749
0.006556
0.004126
0.003713
0.005742
0.007385
0.006511
0.003796
0.000799
-0.001206
-0.001173
0.001060
0.003540
0.004337
0.003323
0.001524
0.000667
0.000783
0.001467
0.002727
0.003438
0.003233
0.002912
0.002687
0.002231
0.001998
0.002344
0.002775
0.002463
0.000681
-0.001454
-0.002283
-0.001641
0.000255
0.002473
0.003504
0.002952
0.001351
-0.000603
-0.001937
-0.002127
-0.001795
-0.001651
-0.001732
-0.001803
-0.001781
-0.001729
-0.001697
-0.001667
-0.001743
-0.001441
-0.000328
0.000058
-0.001038
-0.001966
-0.001894
-0.001535
-0.001465
-0.001572
-0.001602
-0.001545
-0.001498
-0.001491
-0.001486
-0.001458
-0.001418
-0.001388
-0.001367
-0.001347
-0.001330
-0.001307
-0.001284
-0.001265
-0.001243
-0.001222
-0.001202
-0.001151
-0.001203
-0.001465
-0.001543
-0.001248
-0.000989
-0.000979
-0.001042
-0.001036
-0.000988
-0.000955
-0.000936
-0.000912
-0.000882
-0.000851
-0.000829
-0.000809
-0.000786
-0.000758
-0.000731
-0.000706
-0.000731
-0.000567
-0.000023
0.000161
-0.000354
-0.000776
-0.000728
-0.000541
-0.000483
-0.000511
-0.000511
-0.000476
-0.000442
-0.000456
-0.000376
0.000063
0.000612
0.000810
0.000721
0.000650
0.000666
0.000643
0.000523
0.000265
-0.000187
-0.000599
-0.000692
-0.000582
-0.000504
-0.000503
-0.000506
-0.000498
-0.000434
-0.000205
0.000074
0.000110
-0.000160
-0.000462
-0.000482
-0.000262
-0.000171
-0.000323
-0.000417
-0.000265
-0.000056
-0.000004
-0.000093
-0.000245
-0.000365
-0.000379
-0.000334
-0.000301
-0.000291
-0.000283
-0.000269
-0.000253
-0.000240
-0.000231
-0.000211
-0.000152
-0.000102
-0.000118
-0.000155
-0.000159
-0.000124
-0.000084
-0.000077
-0.000091
-0.000100
-0.000106
-0.000117
-0.000123
-0.000115
-0.000105
-0.000110
-0.000119
-0.000115
-0.000103
-0.000092
-0.000084
-0.000077
-0.000070
-0.000063
-0.000056
-0.000050
-0.000044
-0.000038
-0.000033
-0.000028
-0.000023
-0.000019
-0.000015
-0.000011
-0.000008
-0.000005
-0.000003
-0.000001
0.000001
0.000003
0.000004
0.000004
0.000004
0.000004
