0.1 -2.42887 -4.97156 -4.13003e-14 4.97156 2.42887
0.2 -4.88154 -9.99759 -4.17444e-13 9.99759 4.88154
0.3 -7.35728 -15.0768 -7.83373e-13 15.0768 7.35728
0.4 -9.85598 -20.2088 -1.17772e-12 20.2088 9.85598
0.5 -12.3771 -25.3926 -7.28306e-13 25.3926 12.3771
0.6 -14.9201 -30.6272 -2.39453e-12 30.6272 14.9201
0.7 -17.4847 -35.9119 -3.82627e-12 35.9119 17.4847
0.8 -20.0702 -41.2455 -1.5099e-12 41.2455 20.0702
0.9 -22.6762 -46.6272 -3.21165e-12 46.6272 22.6762
1 -25.3021 -52.0559 -5.96501e-12 52.0559 25.3021
778.099 -89.0559 -245.798 -263.76 -141.245 -38.24
1555.42 -152.703 -439.316 -527.254 -334.393 -101.758
2332.55 -216.273 -632.724 -790.68 -527.562 -165.308
3109.43 -279.767 -826.029 -1054.03 -720.726 -228.879
3886.07 -343.169 -1019.23 -1317.3 -913.899 -292.471
4662.47 -406.479 -1212.33 -1580.51 -1107.07 -356.081
5438.63 -469.678 -1405.36 -1843.64 -1300.25 -419.706
6214.55 -532.81 -1598.17 -2106.78 -1493.44 -483.349
6990.23 -595.751 -1791.09 -2369.76 -1686.62 -547
7765.67 -658.586 -1983.85 -2632.74 -1879.82 -610.665
8540.86 -721.272 -2176.54 -2895.68 -2073.03 -674.341
9315.81 -783.795 -2369.17 -3158.57 -2266.24 -738.028
10090.5 -846.135 -2561.77 -3421.43 -2459.46 -801.72
10865 -908.278 -2754.34 -3684.27 -2652.7 -865.423
11639.2 -970.194 -2946.89 -3947.07 -2845.93 -929.126
12413.2 -1031.87 -3139.45 -4209.85 -3039.18 -992.835
13186.9 -1093.27 -3332.05 -4472.62 -3232.43 -1056.55
13960.4 -1154.37 -3524.7 -4735.39 -3425.7 -1120.27
14733.6 -1215.14 -3717.43 -4998.14 -3618.97 -1183.99
15506.6 -1275.56 -3910.28 -5260.89 -3812.25 -1247.71
16279.3 -1335.61 -4103.33 -5523.63 -4005.53 -1311.43
17051.8 -1395.26 -4296.53 -5786.34 -4198.8 -1375.14
17824.1 -1454.53 -4489.92 -6049.05 -4392.07 -1438.86
18596.2 -1513.45 -4683.58 -6311.72 -4585.33 -1502.56
19368 -1572.14 -4877.26 -6574.46 -4778.56 -1566.25
20139.7 -1630.61 -5071.19 -6837.06 -4971.75 -1629.93
20911.1 -1689.69 -5265 -7099.58 -5164.89 -1693.58
21682.9 -1754.16 -5455.98 -7360.89 -5357.19 -1757
22454.4 -1818.49 -5646.44 -7621.83 -5549.64 -1820.41
23225.8 -1883.19 -5836.57 -7882.85 -5741.9 -1883.76
23996.9 -1947.8 -6026.08 -8143.89 -5934.38 -1947.22
24768.3 -2013.86 -6216.7 -8405.24 -6126.62 -2010.56
25539.7 -2076.78 -6406.42 -8666.11 -6318.58 -2073.79
26311 -2141.35 -6596.61 -8927.29 -6510.6 -2137.05
27082 -2205.65 -6786.71 -9188.5 -6702.66 -2200.3
27853.1 -2269.52 -6977.15 -9449.86 -6894.78 -2263.54
28624.4 -2334.53 -7168.55 -9710.57 -7086.4 -2326.62
29395.5 -2399.34 -7359.33 -9971.15 -7278.06 -2389.71
30166.4 -2464.01 -7549.65 -10231.9 -7469.9 -2452.85
30937.1 -2528.56 -7739.83 -10492.7 -7661.82 -2516.01
31708 -2592.92 -7930.14 -10753.8 -7853.78 -2579.16
32478.9 -2657.06 -8120.32 -11015 -8045.91 -2642.35
33249.5 -2721.16 -8310.47 -11276.1 -8237.93 -2705.49
34019.8 -2785.2 -8500.42 -11537.2 -8429.98 -2768.64
34790 -2849.15 -8690.59 -11798.4 -8622.09 -2831.82
35560.4 -2913.33 -8883.09 -12059.1 -8814 -2894.89
36330.5 -2976.82 -9071.46 -12319.6 -9005.99 -2958.04
37100.7 -3040.67 -9261 -12580.8 -9198.23 -3021.23
37871.2 -3104.48 -9453.54 -12840.9 -9389.94 -3084.22
38641.6 -3168.41 -9646.2 -13100.5 -9581.2 -3147.05
39411.6 -3232.18 -9838.9 -13360 -9772.39 -3209.86
40181.4 -3295.85 -10031.5 -13619.4 -9963.65 -3272.7
40951.4 -3359.52 -10224.1 -13878.7 -10155.1 -3335.59
41721.1 -3423.21 -10416.8 -14138 -10346.4 -3398.43
42490.9 -3486.83 -10609.3 -14397.2 -10537.9 -3461.32
43260.4 -3550.46 -10802 -14656.6 -10729.3 -3524.19
44029.7 -3613.82 -10994.1 -14915.4 -10920.6 -3586.98
44798.8 -3677.32 -11186.6 -15174.6 -11112 -3649.78
45567.8 -3740.77 -11379 -15433.6 -11303.3 -3712.57
46336.5 -3804.22 -11571.5 -15692.6 -11494.5 -3775.33
47105.4 -3867.89 -11765 -15951.2 -11685.4 -3837.98
47874.2 -3931.3 -11959 -16209.6 -11876 -3900.53
48642.8 -3994.67 -12153 -16467.7 -12066.6 -3963.05
49411.1 -4058.01 -12347.2 -16725.7 -12257 -4025.52
50179.3 -4121.39 -12541.4 -16983.5 -12447.3 -4087.95
50947.3 -4184.83 -12735.9 -17241.1 -12637.4 -4150.37
51715.3 -4248.16 -12930.1 -17498.7 -12827.8 -4212.78
52463.5 -4296.66 -13097.2 -17763.6 -13029.6 -4279.07
53201.9 -4338.71 -13252.1 -18031 -13235.8 -4346.91
53940.3 -4380.5 -13406.4 -18298.5 -13442.4 -4414.85
54678.3 -4422.28 -13560.7 -18565.9 -13648.8 -4482.75
55416.4 -4464.1 -13715.1 -18833.3 -13855.3 -4550.66
56154.1 -4505.92 -13869.3 -19100.6 -14061.7 -4618.54
56849.5 -4562.6 -13944.9 -19374.8 -14289.7 -4693.81
57536.7 -4609.69 -14001.9 -19649 -14520.3 -4770.18
58223.5 -4656.67 -14058.6 -19923.3 -14751.4 -4846.64
58910.1 -4703.74 -14115.2 -20197.5 -14982.2 -4923.02
59597.7 -4751.04 -14172.2 -20472.2 -15213.4 -4999.49
60283.2 -4798.1 -14228.5 -20746.2 -15444 -5075.81
60971 -4845.95 -14287.2 -21020.7 -15674.5 -5152.03
61648.2 -4896.25 -14349.3 -21282.6 -15899.6 -5227.08
62321.8 -4948.79 -14417.3 -21539.2 -16120.6 -5300.95
62997.5 -5001.3 -14485.8 -21797.3 -16342.7 -5375.11
63673.8 -5053.99 -14554.5 -22055.6 -16564.4 -5449.08
64349.2 -5106.46 -14622.6 -22313.6 -16786.3 -5523.16
65024.4 -5158.83 -14689.7 -22570.3 -17007.6 -5597.03
65684.2 -5215.74 -14770.5 -22811.1 -17220.4 -5669.02
66336.4 -5275.97 -14860.9 -23037.6 -17424.5 -5738.72
66980.1 -5340.12 -14964.4 -23244.1 -17624.2 -5807.37
67605 -5407.46 -15037.7 -23447.5 -17833.6 -5879.23
68228.1 -5474.36 -15107.8 -23650.9 -18044.2 -5951.46
68850.9 -5541.03 -15177 -23854.6 -18255.1 -6023.79
69473.5 -5607.59 -15245.8 -24058.3 -18466.2 -6096.13
70096.1 -5674.07 -15314.9 -24262.5 -18677.2 -6168.44
70719 -5740.46 -15384.1 -24466.9 -18887.8 -6240.59
71338.3 -5807.39 -15455.3 -24669.6 -19095 -6311.58
71931.3 -5903.14 -15485.1 -24856.8 -19307.9 -6384.46
72515.3 -5994.6 -15522.1 -25031.3 -19523.6 -6458.35
73096.2 -6084.25 -15552 -25201.9 -19740.5 -6532.69
73676.5 -6173.42 -15580.1 -25372.3 -19958.3 -6607.26
74256.4 -6262.36 -15607.4 -25542.6 -20176.2 -6681.85
74835.6 -6351.36 -15634.7 -25712.4 -20393.8 -6756.39
75396.9 -6437.18 -15670.4 -25878.3 -20594.6 -6826.85
75950.7 -6523.91 -15711.6 -26041.3 -20787.2 -6894.67
76503.7 -6611.2 -15755.4 -26204.6 -20977.7 -6961.78
77056.5 -6698.6 -15799.9 -26368 -21167.6 -7028.67
77599.6 -6781.12 -15849.5 -26528.4 -21350.6 -7094.49
78132.6 -6861.02 -15905.4 -26688.9 -21522.3 -7158.09
78662.8 -6940.38 -15963.1 -26848.5 -21691.7 -7221.34
79192.2 -7020.33 -16023.1 -27007.7 -21858.8 -7283.83
79721.3 -7099.64 -16082.2 -27166.6 -22027.2 -7347.07
80250.3 -7179.39 -16142.3 -27325.6 -22194.4 -7409.79
80778.9 -7259 -16202.3 -27484.4 -22361.6 -7472.57
81307.6 -7338.65 -16262.4 -27643.3 -22528.7 -7535.32
81833.9 -7420.46 -16319.5 -27799.9 -22696.4 -7598.36
82333.6 -7512.67 -16390.9 -27916.5 -22862.6 -7663.22
82827.5 -7604.66 -16455 -28023.4 -23030.7 -7728.94
83319.9 -7696.43 -16515.6 -28127.9 -23200.7 -7795.25
83810.5 -7788.37 -16575.6 -28232.2 -23370 -7860.89
84298.9 -7880.06 -16634.7 -28335.4 -23538.5 -7926.19
84787.2 -7971.67 -16693.5 -28438.6 -23707.1 -7991.54
85275.2 -8063.18 -16752.4 -28542.4 -23875.2 -8056.29
85763.5 -8154.87 -16810.9 -28645.2 -24044.1 -8122.06
86247.1 -8246.29 -16870 -28749 -24209.2 -8185.39
86726.8 -8337.57 -16929.4 -28851.8 -24371.6 -8247.67
87206.6 -8429.13 -16989.8 -28955.7 -24533.1 -8309.34
87686.4 -8520.74 -17050.4 -29059.8 -24694.6 -8370.94
88157.2 -8611.77 -17111.6 -29164.4 -24849.6 -8428.94
88605.7 -8728.87 -17181.1 -29230 -25011.4 -8489.19
89022 -8834.88 -17307.8 -29244.9 -25151.8 -8546.15
89425.3 -8939.38 -17428.3 -29231.1 -25292.2 -8604.42
89826.4 -9044.11 -17547.3 -29209.5 -25435.3 -8663.94
90225.1 -9148.54 -17664.9 -29182 -25578.8 -8723.83
90622.4 -9252.95 -17782 -29151.6 -25722.5 -8783.95
91019.4 -9357.47 -17899.2 -29120.4 -25866 -8844.06
91410.2 -9459.71 -18015.8 -29094.5 -26002.9 -8902.45
91794.8 -9560.93 -18131.9 -29078.2 -26128.6 -8958.04
92178.9 -9656.19 -18251.7 -29077.8 -26256.1 -9013.34
92564 -9753.04 -18359.9 -29065.1 -26375.8 -9066.92
92950 -9849.09 -18470.8 -29053.5 -26502.5 -9121.73
93336.2 -9945.96 -18583.1 -29042.8 -26630.7 -9176.91
93722.6 -10043.2 -18696.2 -29032.5 -26759.1 -9232.1
94109 -10140.7 -18809.6 -29022.3 -26887.5 -9287.26
94495.4 -10238.3 -18923.2 -29012.3 -27015.8 -9342.39
94881.9 -10335.9 -19036.8 -29002.4 -27144.1 -9397.48
95268.4 -10433.6 -19150.6 -28992.7 -27272.4 -9452.55
95654.6 -10531.2 -19264.3 -28982.9 -27400.6 -9507.56
96040.9 -10628.9 -19378.1 -28973.2 -27528.7 -9562.53
96427 -10726.6 -19491.9 -28963.7 -27656.8 -9617.46
96813.1 -10824.3 -19605.7 -28954.1 -27784.8 -9672.35
97199.1 -10922 -19719.6 -28944.6 -27912.8 -9727.19
97585.1 -11019.7 -19833.5 -28935.2 -28040.8 -9781.99
97970.9 -11117.4 -19947.4 -28925.8 -28168.6 -9836.74
98356.7 -11215.1 -20061.4 -28916.4 -28296.5 -9891.44
98742.3 -11312.8 -20175.3 -28907.1 -28424.2 -9946.08
99128 -11410.5 -20289.3 -28897.8 -28552 -10000.7
99513.5 -11508.3 -20403.3 -28888.6 -28679.7 -10055.2
99898.7 -11606 -20517.4 -28879.3 -28807.2 -10109.6
100284 -11703.8 -20631.6 -28871.1 -28934.8 -10163.9
100655 -11795.9 -20740 -28872 -29049 -10214
101014 -11885.3 -20845.8 -28887.6 -29147.6 -10257.8
101367 -11972.9 -20950.8 -28912.1 -29238.5 -10299
101718 -12059.2 -21055.8 -28943.1 -29324.4 -10338.6
102067 -12145 -21161.3 -28978.9 -29406.5 -10376.7
102415 -12230 -21266.8 -29017.8 -29486.4 -10414.3
102761 -12314.2 -21372 -29058.1 -29564.1 -10451.2
103103 -12398.5 -21477.2 -29100.3 -29638.7 -10486.5
103446 -12482.5 -21582.4 -29143 -29713.4 -10522.1
103800 -12567.6 -21686.6 -29178.9 -29799.1 -10560
104156 -12654.8 -21794.6 -29218.3 -29886.1 -10599
104505 -12740.4 -21900.5 -29253.9 -29969.5 -10637.2
104850 -12826.6 -22005.9 -29290.8 -30048.8 -10673.9
105194 -12912.5 -22110.8 -29328.9 -30126.2 -10710.2
105534 -12995.4 -22214.7 -29366.8 -30203.6 -10746
105871 -13077.8 -22317.6 -29407 -30279.2 -10780.8
106205 -13160.1 -22421.4 -29449.2 -30350.1 -10813
106542 -13243.1 -22525.6 -29491.9 -30423.3 -10846.6
106873 -13325.3 -22629.3 -29534.8 -30493 -10878.3
107208 -13407.9 -22733.6 -29578.6 -30564.4 -10910.7
107542 -13490.6 -22837.8 -29622.2 -30635.9 -10943.2
107876 -13573.3 -22942 -29665.8 -30707.4 -10975.6
108210 -13656 -23046.3 -29709.2 -30779 -11008.1
108544 -13738.7 -23150.5 -29752.5 -30850.6 -11040.5
108878 -13821.4 -23254.8 -29795.9 -30921.9 -11072.6
109213 -13904.2 -23359.1 -29839.1 -30993.9 -11105.2
109547 -13987 -23463.4 -29882.1 -31065.7 -11137.6
109881 -14069.9 -23567.6 -29924.9 -31137.7 -11170
110215 -14152.7 -23671.8 -29967.7 -31209.7 -11202.4
110549 -14235.5 -23776 -30010.4 -31281.7 -11234.8
110883 -14318.4 -23880.2 -30052.9 -31353.7 -11267.2
111216 -14401.3 -23984.4 -30095.4 -31425.8 -11299.6
111550 -14484.2 -24088.6 -30137.8 -31498 -11332
111884 -14567 -24192.7 -30180.1 -31570.1 -11364.4
112218 -14649.9 -24296.9 -30222.4 -31642.3 -11396.7
112551 -14732.9 -24401 -30264.6 -31714.3 -11429.1
112885 -14815.9 -24505.1 -30306.8 -31786.3 -11461.6
113216 -14898.5 -24594.9 -30310.9 -31835.2 -11489.9
113541 -14992.3 -24730.1 -30362.4 -31915.8 -11528.4
113862 -15086.3 -24854 -30377.1 -31969.4 -11562.8
114180 -15180.9 -24978.5 -30389 -32023.7 -11597.5
114499 -15275.5 -25103 -30399.1 -32078.4 -11632.7
114817 -15370.1 -25227.4 -30407.9 -32133.6 -11668.2
115134 -15465.2 -25352.2 -30416.1 -32188.6 -11703.4
115452 -15560.3 -25476.8 -30423.6 -32243.9 -11738.8
115765 -15653.7 -25599.4 -30432 -32298 -11772.6
116075 -15746.4 -25721.3 -30441.1 -32351.5 -11805
116381 -15838.4 -25842.3 -30450.5 -32403.8 -11836.2
116686 -15930.1 -25962.9 -30460.2 -32455.5 -11866.5
116990 -16022.1 -26084.7 -30473.4 -32509.7 -11896.5
117293 -16113.5 -26205 -30484 -32561.1 -11925.5
117594 -16204.8 -26325.3 -30494.8 -32612.2 -11954.1
117896 -16296.1 -26445.5 -30505.5 -32663.3 -11982.2
118196 -16389 -26570.5 -30527.8 -32724.9 -12011.9
118497 -16479.6 -26688.6 -30534.4 -32772 -12038.8
118797 -16570.3 -26807.1 -30541.8 -32819.8 -12065.5
119096 -16661.3 -26926.5 -30550.9 -32869.3 -12092.5
119395 -16746.8 -27046.4 -30560.3 -32922.8 -12120.2
119693 -16824.6 -27167.3 -30569.7 -32981.2 -12149
119990 -16900.6 -27288.9 -30579.6 -33041.3 -12178.2
120285 -16975.4 -27409.9 -30589.8 -33101 -12206.9
120584 -17051.1 -27532.7 -30601.2 -33159.9 -12235.3
120889 -17127.5 -27659.7 -30619.3 -33215.1 -12261.3
121194 -17203.5 -27786.7 -30639.2 -33270.5 -12287.4
121498 -17280.7 -27889 -30680.8 -33328.6 -12313.5
121793 -17369.4 -27980.7 -30719.6 -33374.9 -12342.5
122082 -17461.2 -28077.3 -30778.2 -33415.8 -12372.6
122365 -17552.5 -28171.6 -30826.6 -33446.3 -12398.3
122645 -17642.8 -28259.9 -30872 -33475.6 -12425.4
122920 -17733.1 -28347.8 -30918.8 -33503.8 -12448.6
123193 -17822.4 -28434.6 -30964.2 -33530.1 -12471.1
123466 -17911.8 -28521.7 -31009.7 -33556.3 -12493.6
123738 -18001 -28608.8 -31055.5 -33582.5 -12516
124011 -18090.1 -28695.9 -31101.5 -33608.8 -12538.4
124283 -18179.1 -28783.1 -31147.7 -33635.2 -12560.8
124556 -18268 -28870.2 -31194.1 -33661.7 -12583.2
124828 -18356.8 -28957.3 -31240.5 -33688.2 -12605.6
125105 -18440.5 -29047.3 -31290 -33714 -12627.4
125381 -18523.1 -29139.2 -31343.1 -33739.6 -12647.9
125659 -18605.3 -29230.9 -31397.9 -33766.4 -12668.4
125936 -18687.3 -29322.5 -31453.5 -33793.7 -12688.8
126213 -18769.1 -29414 -31509.8 -33821.3 -12709.2
126490 -18850.9 -29505.7 -31566.7 -33849.3 -12729.6
126767 -18932.7 -29597.6 -31625.1 -33878.3 -12750.1
127045 -19015.2 -29690.9 -31689.4 -33911.5 -12771.3
127320 -19095 -29779.2 -31731.6 -33928.6 -12790.3
127598 -19176.7 -29870.4 -31787.9 -33955.9 -12810.4
127875 -19258.9 -29962 -31844.4 -33983.1 -12829.4
128152 -19340.8 -30053.5 -31900.6 -34010.7 -12849.8
128429 -19422.9 -30144.4 -31952.9 -34036.1 -12870.3
128704 -19502 -30235 -32014.5 -34063.5 -12888.5
128981 -19585.1 -30327.5 -32072.5 -34089.7 -12904.2
129258 -19666.1 -30418.7 -32130 -34117.8 -12925.1
129535 -19746.9 -30509.6 -32187 -34145.2 -12946.4
129811 -19827.9 -30600.5 -32244.1 -34172.3 -12966.9
130088 -19909.1 -30691.5 -32301.5 -34199.2 -12987
130362 -19995.7 -30795.4 -32355.8 -34202.7 -13009.4
130629 -20091.2 -30906.2 -32349.6 -34230.3 -13038.2
130890 -20186.1 -31016.8 -32352.5 -34265.3 -13057.8
131147 -20279.2 -31083.7 -32378.1 -34313.2 -13079.6
131402 -20371.6 -31127.8 -32416.5 -34366.2 -13101.7
131656 -20463.7 -31172.2 -32457.3 -34420.8 -13122.9
131908 -20525.2 -31239.8 -32502.6 -34477.5 -13143.9
132160 -20572.1 -31318.8 -32550.7 -34535.4 -13164.8
132412 -20618.9 -31397.8 -32599 -34593 -13185.3
132663 -20665.7 -31476.6 -32647.6 -34650.5 -13205.5
132915 -20712.3 -31555.2 -32696.2 -34708 -13225.5
133162 -20738.4 -31644.6 -32748.9 -34776.2 -13244.6
133407 -20725.7 -31757.6 -32804.5 -34851.6 -13263.5
133650 -20711.3 -31866.8 -32859.1 -34928.9 -13281.5
133892 -20696.3 -31974 -32914.1 -35007 -13299.1
134133 -20681 -32080.2 -32969 -35086.7 -13316
134376 -20665.1 -32185.3 -33025.5 -35166.6 -13333
134626 -20647 -32288.7 -33086.5 -35252.1 -13351.5
134876 -20629 -32392.6 -33146.7 -35338.4 -13370.3
135127 -20611.2 -32497 -33206.2 -35424.6 -13389.3
135378 -20593.4 -32601.9 -33265.1 -35510.6 -13408.5
135630 -20575.7 -32707.2 -33323.6 -35596.6 -13427.8
135881 -20558 -32812.9 -33381.7 -35682.5 -13447.3
136133 -20541.1 -32918.1 -33438.5 -35768.3 -13467.5
136377 -20524.6 -33020.2 -33493.2 -35853.2 -13487.9
136628 -20507.9 -33124.4 -33547.6 -35940.6 -13508.6
136877 -20491.2 -33228.3 -33602 -36027.5 -13529.7
137120 -20474.2 -33328.8 -33655.5 -36112.8 -13551.9
137365 -20456.3 -33428.1 -33710.6 -36199.9 -13573
137610 -20437.5 -33525.4 -33765.2 -36290.4 -13595.7
137856 -20419.3 -33623.6 -33819.3 -36379.5 -13618
138104 -20402 -33720.2 -33877 -36468.7 -13639.5
138352 -20384.8 -33816.2 -33935 -36558.1 -13661
138600 -20367.7 -33911.9 -33993.3 -36647.4 -13682.4
138847 -20350.6 -34007.4 -34051.5 -36736.6 -13703.8
139095 -20333.6 -34102.9 -34109.7 -36825.8 -13725.1
139341 -20316.5 -34198.3 -34168 -36914.7 -13746.3
139588 -20299.5 -34293.7 -34226.1 -37003.8 -13767.5
139835 -20282.4 -34389 -34284.1 -37092.8 -13788.8
140081 -20265.4 -34484.4 -34342.1 -37181.7 -13809.9
140328 -20248.3 -34579.8 -34400.1 -37270.6 -13831.1
140573 -20231.2 -34675.3 -34458.5 -37358.9 -13851.8
140820 -20214 -34770.5 -34516.3 -37447.9 -13873.1
141066 -20196.9 -34865.8 -34574.1 -37537 -13894.3
141311 -20179.7 -34960.9 -34631.9 -37626 -13915.3
141557 -20162.4 -35056.1 -34689.7 -37714.9 -13936.2
141803 -20145.1 -35151 -34747.6 -37803.9 -13957.7
142048 -20127.7 -35246 -34805.3 -37892.7 -13978.8
142293 -20110.3 -35341 -34863.1 -37981.6 -13999.8
142539 -20092.6 -35434.3 -34920.6 -38071.3 -14024.1
142784 -20075.2 -35529.7 -34978.1 -38159.4 -14043.7
143029 -20057.6 -35625 -35035.9 -38248.3 -14063.9
143273 -20040 -35720 -35093.7 -38337.5 -14084.6
143520 -20023.4 -35807.6 -35155.6 -38428 -14105.6
143768 -20007.4 -35890.1 -35223.6 -38521.6 -14126.8
144015 -19990.5 -35970.6 -35292.1 -38615.9 -14148.1
144261 -19973.6 -36050.9 -35360.7 -38709.5 -14169.1
144507 -19956.7 -36131.1 -35429.4 -38803 -14190
144754 -19939.7 -36211.1 -35498.2 -38896.4 -14210.8
144999 -19922.6 -36291.1 -35567 -38989.9 -14231.6
145245 -19905.4 -36370.9 -35635.8 -39083.5 -14252.4
145491 -19888.1 -36450.5 -35704.6 -39177.1 -14273.2
145736 -19870.7 -36530 -35773.4 -39270.7 -14294
145981 -19853.2 -36609.4 -35842.2 -39364.4 -14314.9
146226 -19835.6 -36688.7 -35910.9 -39458.2 -14335.7
146467 -19816.5 -36764.6 -35980.4 -39553.4 -14356.6
146704 -19796.6 -36838.3 -36050.8 -39648.2 -14376.6
146939 -19776.5 -36910 -36120 -39742.6 -14397.4
147171 -19756.1 -36980.5 -36188.9 -39835.9 -14417.9
147402 -19735.6 -37050.1 -36257.6 -39928.8 -14438.2
147631 -19715.5 -37118.4 -36325.3 -40021.4 -14459
147862 -19695.8 -37186.8 -36392.2 -40115.8 -14480.4
148093 -19676.6 -37256.3 -36456.5 -40210.7 -14502.7
148324 -19657.3 -37325.6 -36519.9 -40305.3 -14525.4
148554 -19637.8 -37394.6 -36582.7 -40399.9 -14548.3
148784 -19618 -37462.1 -36644.3 -40494 -14573.3
149013 -19598.4 -37531.6 -36707.2 -40588.9 -14594.8
149242 -19578.4 -37600.1 -36769.6 -40684.1 -14618
149470 -19558.2 -37668.1 -36831.7 -40779.2 -14641.4
149698 -19537.7 -37735.9 -36893.7 -40874.4 -14664.8
149926 -19517 -37803.4 -36955.6 -40969.7 -14688.3
150153 -19496.1 -37870.6 -37017.4 -41065.2 -14711.9
150380 -19474.9 -37937.5 -37079.2 -41160.8 -14735.6
150607 -19453.5 -38004.3 -37140.8 -41256.9 -14759.4
150835 -19432 -38072.8 -37199.7 -41355 -14784.2
151064 -19410.3 -38141.5 -37258 -41453.1 -14809.3
151292 -19388.5 -38209.9 -37315.9 -41551.3 -14834.6
151523 -19365.2 -38276.7 -37374.2 -41653.6 -14861.8
151756 -19340.8 -38343 -37432.3 -41758.9 -14890.7
151990 -19316 -38409.4 -37490.1 -41864 -14919.6
152223 -19291 -38475.7 -37547.7 -41969.2 -14948.6
152456 -19265.5 -38541.8 -37605.3 -42074.6 -14977.7
152688 -19239.7 -38607.6 -37662.8 -42180.2 -15007
152920 -19213.5 -38673.1 -37720.1 -42286.2 -15036.4
153151 -19186.9 -38738.1 -37777.4 -42392.3 -15065.9
153380 -19160.5 -38808.8 -37829.8 -42485 -15095.5
153605 -19133.7 -38884.4 -37876.3 -42571.6 -15127.4
153827 -19106.2 -38962.7 -37921.3 -42657.3 -15161.5
154047 -19078.1 -39043 -37965.3 -42742.3 -15197.1
154268 -19048.8 -39123.9 -38008.4 -42829 -15234.6
154490 -19018.3 -39205 -38050.7 -42917.5 -15274.1
154712 -18987.1 -39286.6 -38092.5 -43005.8 -15314.1
154932 -18955.3 -39368.2 -38133.8 -43093.9 -15354.6
155151 -18923 -39449.9 -38174.8 -43181.7 -15395.2
155369 -18890.3 -39531.3 -38215.5 -43269.3 -15436
155586 -18856.9 -39610.3 -38257.1 -43358.1 -15477.2
155808 -18823.2 -39680.7 -38306.2 -43453.6 -15518.1
156029 -18789.1 -39749.6 -38356.2 -43550.6 -15558.9
156250 -18754.4 -39817.3 -38406.6 -43648.3 -15599.6
156470 -18719.2 -39884.1 -38457 -43746.7 -15640.3
156689 -18683.4 -39949.3 -38507.3 -43845.9 -15681.4
156906 -18647.1 -40013.5 -38557 -43945 -15722.3
157121 -18610.4 -40076.5 -38606.3 -44044.2 -15763.5
157335 -18573.1 -40138.8 -38655.4 -44143.5 -15804.7
157548 -18535.3 -40200 -38704.1 -44243.3 -15846.3
157760 -18497 -40260.1 -38752.3 -44343.6 -15887.9
157970 -18458.3 -40319.5 -38800.3 -44444.2 -15929.5
158180 -18419 -40378.6 -38848.2 -44544.6 -15971.4
158389 -18379.3 -40437.1 -38895.9 -44645.1 -16013.6
158597 -18339.1 -40495.1 -38943.5 -44745.9 -16055.9
158804 -18298.4 -40552.5 -38991 -44846.9 -16098.2
159011 -18257.3 -40609.5 -39038.4 -44948.2 -16140.8
159217 -18215.7 -40666 -39085.7 -45049.8 -16183.4
159423 -18173.6 -40722 -39132.8 -45151.6 -16226.2
159627 -18131.1 -40777.6 -39179.8 -45253.5 -16269.1
159831 -18088.2 -40832.7 -39226.8 -45355.7 -16312.2
160035 -18044.9 -40887.5 -39273.6 -45458.1 -16355.4
160237 -18001.3 -40941.3 -39321.2 -45564 -16396.4
160436 -17957.3 -40992.5 -39369.9 -45675.1 -16433.5
160633 -17913 -41041.1 -39419.4 -45788.7 -16467.8
160829 -17868.3 -41087.4 -39469.7 -45904.4 -16499.8
161024 -17823.4 -41131.8 -39520.6 -46022.2 -16529.8
161218 -17778.3 -41174.3 -39572.1 -46141.6 -16558.2
161411 -17732.9 -41215.4 -39624 -46262.3 -16585.3
161604 -17687.2 -41255.2 -39676.3 -46384.3 -16611.3
161796 -17641.3 -41293.8 -39729 -46507.2 -16636.3
161987 -17595.2 -41331.6 -39781.9 -46630.9 -16660.5
162178 -17548.9 -41368.5 -39835 -46755.3 -16684.1
162368 -17502.4 -41404.7 -39888.2 -46880.3 -16707.1
162558 -17455.8 -41440.3 -39941.6 -47005.8 -16729.8
162748 -17409 -41475.4 -39995.1 -47131.7 -16752.1
162937 -17362 -41510.1 -40048.6 -47257.9 -16774
163126 -17314.8 -41544.5 -40102.2 -47384.4 -16795.9
163314 -17267.6 -41578.5 -40155.8 -47511.1 -16817.5
163502 -17220.2 -41612.2 -40209.4 -47638 -16838.9
163690 -17172.7 -41645.7 -40263 -47765 -16860.2
163878 -17125.1 -41679 -40316.6 -47892.3 -16881.6
164065 -17077.4 -41712.1 -40370.1 -48019.5 -16902.7
164252 -17029.6 -41745.2 -40423.7 -48146.7 -16923.7
164439 -16981.8 -41778.1 -40477.2 -48273.9 -16944.7
164626 -16933.9 -41811 -40530.7 -48401.2 -16965.6
164816 -16885.9 -41845.3 -40582.6 -48530.7 -16988.1
165010 -16838.3 -41878.6 -40632.2 -48662.7 -17013.5
165208 -16793 -41902.4 -40685.7 -48801.6 -17039.2
165407 -16747.9 -41926.7 -40739.8 -48940.7 -17065.4
165607 -16702.9 -41951 -40793.8 -49080.2 -17092.1
165806 -16658 -41975.3 -40848 -49219.1 -17118.4
166004 -16613.2 -41999.8 -40902.1 -49357.6 -17144.6
166203 -16568.4 -42024.4 -40956.2 -49496 -17171
166402 -16523.7 -42049.1 -41010.2 -49634.3 -17197.5
166601 -16474.6 -42059.3 -41086.1 -49774.6 -17223.5
166799 -16426.7 -42071.3 -41164.9 -49914.6 -17250
166998 -16376.3 -42078.8 -41241.6 -50055.8 -17276.3
167194 -16325.7 -42085.4 -41316.5 -50196.1 -17302.4
167391 -16274.9 -42091.8 -41391.2 -50336.3 -17328.8
167588 -16224.2 -42098.3 -41465.7 -50476 -17354.9
167784 -16173.6 -42105 -41540.1 -50615.5 -17381
167980 -16123 -42111.8 -41614.4 -50754.8 -17407
168176 -16072.4 -42118.6 -41688.6 -50894 -17433
168371 -16021.9 -42125.4 -41762.8 -51033 -17458.9
168567 -15971.5 -42132.3 -41836.8 -51172 -17484.7
168762 -15921.1 -42139.2 -41910.8 -51310.6 -17510.3
168956 -15870.8 -42145.9 -41984.6 -51449.2 -17536
169148 -15820.4 -42150.7 -42057.6 -51588.2 -17562.6
169338 -15770.3 -42155.1 -42129.5 -51725.7 -17589
169527 -15720.3 -42159.3 -42200.9 -51862.6 -17615.5
169715 -15670.6 -42163.3 -42271.7 -51998.7 -17642
169902 -15621.1 -42167.5 -42342.1 -52134.2 -17668.5
170089 -15571.8 -42171.7 -42412.3 -52269.2 -17694.9
170275 -15522.7 -42176.1 -42482.1 -52403.7 -17721.4
170461 -15473.6 -42180.6 -42551.8 -52538 -17747.8
170647 -15424.7 -42185.2 -42621.4 -52671.9 -17774.2
170833 -15375.9 -42189.9 -42690.8 -52805.6 -17800.6
171018 -15327.1 -42194.7 -42760 -52939.1 -17826.9
171203 -15278.5 -42199.6 -42829.1 -53072.3 -17853.2
171388 -15229.9 -42204.6 -42898.1 -53205.3 -17879.4
171572 -15181.4 -42209.7 -42967 -53338.2 -17905.6
171757 -15132.9 -42214.6 -43035.8 -53471.4 -17931.8
171941 -15084.3 -42217.9 -43104.5 -53607.1 -17958.4
172125 -15035.4 -42220.1 -43172.7 -53743.6 -17985.1
172309 -14986.3 -42221.6 -43240.5 -53880.4 -18011.8
172492 -14937 -42222.8 -43308.2 -54017.5 -18038.5
172675 -14887.8 -42223.9 -43375.6 -54154.5 -18065.2
172858 -14838.6 -42224.9 -43443 -54291.5 -18091.8
173041 -14789.5 -42226 -43510.1 -54428.4 -18118.3
173223 -14740.4 -42227.1 -43577.1 -54565.2 -18144.8
173405 -14691.3 -42228.1 -43644 -54702 -18171.3
173588 -14642.1 -42228.9 -43710.9 -54839.2 -18198
173771 -14592.8 -42229.6 -43777.8 -54976.9 -18224.9
173954 -14543.3 -42230.3 -43844.8 -55115 -18252
174138 -14493.7 -42230.9 -43911.7 -55253.4 -18279.1
174322 -14444.1 -42231.6 -43978.6 -55392 -18306.3
174506 -14394.3 -42232.2 -44045.4 -55531 -18333.6
174689 -14344.6 -42232.8 -44112.1 -55669.9 -18360.9
174873 -14294.8 -42233.6 -44178.7 -55808.7 -18388.2
175057 -14245.1 -42234.5 -44245.1 -55947.3 -18415.2
175239 -14195.6 -42235.6 -44311.3 -56085.5 -18442.1
175422 -14146.1 -42236.8 -44377.2 -56223.4 -18468.9
175604 -14096.9 -42238.3 -44442.9 -56361 -18495.5
175786 -14047.7 -42239.7 -44508.3 -56498.3 -18522.1
175948 -13988.2 -42219.6 -44564.6 -56641.4 -18545.3
176123 -13936.8 -42214.6 -44627.7 -56781.9 -18569.6
176300 -13887.7 -42214.5 -44691.6 -56918.6 -18594.2
176478 -13839.4 -42216.2 -44755.6 -57053.9 -18619.1
176657 -13791 -42218.7 -44819.3 -57189.2 -18645
176838 -13742.4 -42222.4 -44881.6 -57323.9 -18673.2
177020 -13693.6 -42227.3 -44943.1 -57457.7 -18703
177202 -13644.9 -42232.8 -45004.2 -57591 -18733.1
177383 -13596.3 -42238.6 -45065 -57723.8 -18763.4
177564 -13547.7 -42244.6 -45125.6 -57856.4 -18793.8
177744 -13499.2 -42250.8 -45185.7 -57988.5 -18824.1
177924 -13450.8 -42257.3 -45245.5 -58120.2 -18854.3
178117 -13409.5 -42276.7 -45312.6 -58251.6 -18885.6
178304 -13364.6 -42290.2 -45374.9 -58380.8 -18916.1
178469 -13308.1 -42282.8 -45425.9 -58513.1 -18945.8
178643 -13257.9 -42285.9 -45482.9 -58645.6 -18975.7
178819 -13209.5 -42291.9 -45540.5 -58776.1 -19005.4
179009 -13168.7 -42311.8 -45605.8 -58906.2 -19036.2
179177 -13115.3 -42309.9 -45657.1 -59034.7 -19065.2
179350 -13066.3 -42314.9 -45713.1 -59165.1 -19094.8
179538 -13025.6 -42335 -45777.2 -59294.3 -19125.4
179703 -12972.3 -42333.4 -45827.2 -59421.8 -19154.1
179874 -12923.5 -42338.8 -45881.9 -59551.2 -19183.5
180061 -12883.1 -42359.4 -45944.9 -59679.4 -19213.8
180242 -12839.3 -42374.4 -46002.9 -59804.8 -19243.3
180400 -12783.5 -42368.6 -46049.1 -59932.8 -19272
180567 -12734.2 -42373.3 -46101.5 -60061.3 -19301.1
180751 -12694.2 -42394.3 -46162.9 -60188.2 -19331.1
180911 -12641.3 -42393.5 -46209.6 -60313.2 -19359.3
181092 -12600.8 -42413.7 -46269.6 -60439.8 -19389.2
181269 -12557.2 -42428.9 -46324.8 -60563.3 -19418.2
181422 -12501.4 -42423.4 -46367.8 -60689.1 -19446.5
181584 -12452.4 -42428.8 -46417.5 -60815.4 -19475.3
181765 -12412.9 -42450.7 -46476.4 -60940.3 -19504.8
181940 -12369.8 -42467.1 -46530.3 -61062.3 -19533.5
182089 -12314.4 -42462.6 -46571.4 -61186 -19561.5
182266 -12274 -42483.1 -46628.4 -61310.9 -19591
182438 -12230.5 -42499.1 -46680.6 -61432.4 -19619.6
182584 -12174.3 -42493.1 -46719.5 -61555.5 -19648.3
182740 -12124.6 -42496.9 -46765.2 -61679.2 -19678.6
182914 -12084.4 -42516.6 -46820.7 -61803.5 -19710.7
183081 -12039.7 -42528.3 -46869.8 -61925.4 -19743.4
183221 -11980.7 -42515.1 -46903.1 -62048.2 -19779.7
183390 -11937.9 -42529.5 -46954.7 -62174.8 -19815.5
183553 -11891.2 -42536.9 -47000.1 -62298.6 -19851.4
183686 -11827.7 -42513.1 -47026.6 -62429.9 -19895.3
183852 -11783.6 -42524.2 -47075.1 -62558.6 -19933.6
184012 -11735.9 -42529.3 -47117.8 -62683.6 -19971.3
184143 -11671.2 -42503.2 -47141.2 -62816.2 -20017.5
184307 -11626.9 -42514.2 -47188.2 -62944.9 -20056.4
184467 -11579 -42519.5 -47229.5 -63069.8 -20094.6
184622 -11529.2 -42521.3 -47268.7 -63196.2 -20133.8
184747 -11462.2 -42491.7 -47288.2 -63330.5 -20181.4
184909 -11417.4 -42502.1 -47333.4 -63458.9 -20220.7
185065 -11369.3 -42507 -47372.9 -63583.4 -20259
185218 -11319.3 -42508.6 -47410.3 -63709 -20298.2
185368 -11268.2 -42508.3 -47446.4 -63835.4 -20338
185488 -11199.8 -42476.7 -47462.6 -63970 -20386.3
185647 -11154.7 -42486.9 -47505.9 -64097.6 -20425.7
185801 -11106.5 -42491.6 -47543.5 -64221.2 -20464
185950 -11056.4 -42493.3 -47579.2 -64345.9 -20503.1
186098 -11005.2 -42493.2 -47613.5 -64471.4 -20542.9
186244 -10953.3 -42491.9 -47647 -64597.3 -20583
186389 -10901.1 -42489.9 -47679.8 -64723.5 -20623.4
186533 -10848.6 -42487.6 -47712 -64849.7 -20664
186676 -10795.9 -42485.1 -47743.9 -64975.8 -20704.6
186789 -10725.6 -42451.4 -47755.4 -65110 -20754
186944 -10680.2 -42461.3 -47796 -65236.4 -20793.5
187093 -10631.4 -42466 -47831 -65359.3 -20832.1
187239 -10581 -42467.6 -47863.9 -65482.6 -20871.2
187383 -10529.6 -42467.8 -47895.7 -65606.8 -20911.1
187525 -10477.4 -42466.8 -47926.6 -65731.7 -20951.3
187667 -10424.8 -42465.1 -47956.9 -65857.1 -20991.9
187807 -10371.8 -42462.9 -47986.8 -65982.6 -21032.5
187947 -10318.8 -42460.3 -48016.2 -66108.2 -21073.3
188087 -10265.6 -42457.6 -48045.3 -66233.6 -21114
188226 -10212.3 -42454.8 -48074.1 -66359 -21154.8
188364 -10159 -42452 -48102.7 -66484.4 -21195.5
188502 -10105.6 -42449.2 -48131.1 -66609.6 -21236.2
188640 -10052.2 -42446.3 -48159.2 -66734.7 -21276.8
188777 -9998.76 -42443.5 -48187.2 -66859.7 -21317.4
188914 -9945.25 -42440.8 -48215 -66984.6 -21358
189051 -9891.77 -42437.8 -48242.5 -67109.5 -21398.8
189188 -9838.27 -42434.7 -48269.5 -67234.6 -21439.8
189324 -9784.62 -42431.3 -48296.3 -67359.9 -21481
189460 -9730.83 -42427.8 -48322.9 -67485.4 -21522.3
189596 -9676.89 -42424.1 -48349.3 -67611.1 -21563.7
189731 -9622.83 -42420.4 -48375.4 -67736.9 -21605.1
189866 -9568.67 -42416.6 -48401.3 -67862.7 -21646.6
190001 -9514.46 -42412.7 -48427 -67988.3 -21688
190135 -9460.14 -42408.8 -48452.6 -68114 -21729.4
190270 -9405.73 -42404.8 -48478 -68239.7 -21770.9
190404 -9351.23 -42400.9 -48503.3 -68365.4 -21812.3
190537 -9296.65 -42396.9 -48528.5 -68490.9 -21853.8
190671 -9241.98 -42392.9 -48553.4 -68616.5 -21895.2
190804 -9187.26 -42388.9 -48578.2 -68741.9 -21936.6
190936 -9132.46 -42384.9 -48602.9 -68867.3 -21978.1
191069 -9077.53 -42380.9 -48627.5 -68992.9 -22019.6
191202 -9022.5 -42377.1 -48652 -69118.2 -22061.1
191334 -8967.4 -42373.3 -48676.4 -69243.3 -22102.7
191466 -8912.21 -42369.5 -48700.7 -69368.4 -22144.2
191598 -8856.94 -42365.8 -48724.8 -69493.3 -22185.8
191729 -8801.64 -42358.9 -48750.7 -69618.2 -22227.5
191860 -8744.85 -42327.6 -48791.2 -69747.1 -22269.7
191990 -8682.25 -42279.3 -48840 -69892.3 -22314.8
192120 -8616.23 -42222 -48890.6 -70045.6 -22362.4
192248 -8547.99 -42158.5 -48942 -70204 -22411.9
192375 -8478.53 -42089.4 -48993.4 -70366.5 -22463.5
192501 -8407.97 -42014.5 -49044.9 -70532.8 -22516.9
192626 -8336.31 -41933.9 -49096.4 -70702.9 -22572
192750 -8263.49 -41847.8 -49148.8 -70877.5 -22628.6
192873 -8189.51 -41756.4 -49202.1 -71055.2 -22685.8
192995 -8114.55 -41660.5 -49255.7 -71235.7 -22743.9
193117 -8038.72 -41560.7 -49309.6 -71419.5 -22803
193238 -7962.06 -41457.5 -49363.8 -71605.8 -22862.9
193357 -7884.8 -41351 -49417.8 -71794.1 -22923.5
193476 -7806.98 -41241.8 -49471.9 -71984.7 -22985
193595 -7728.59 -41129.8 -49525.9 -72177.2 -23047.3
193713 -7649.6 -41015 -49580.2 -72371.9 -23110.2
193830 -7570.06 -40897.8 -49634.5 -72568.3 -23173.7
193947 -7490 -40778.3 -49688.9 -72766.3 -23237.7
194064 -7409.5 -40656.8 -49743.4 -72965.8 -23302.1
194180 -7328.59 -40533.6 -49797.9 -73166.5 -23366.9
194295 -7247.32 -40408.8 -49852.5 -73368.3 -23432
194411 -7165.58 -40282.2 -49911 -73571.6 -23496
194528 -7083.7 -40153.9 -49975.5 -73776.4 -23557.2
194646 -7002.53 -40025.3 -50040.3 -73981.1 -23616.1
194764 -6921.97 -39897.4 -50105 -74185.3 -23674.1
194882 -6841.83 -39770.1 -50169.6 -74389 -23731.5
195000 -6761.97 -39643.1 -50234 -74592.4 -23788.4
195118 -6682.29 -39516.3 -50298.4 -74795.6 -23845
195235 -6602.72 -39389.6 -50362.8 -74998.7 -23901.3
195352 -6523.24 -39262.9 -50427.2 -75201.5 -23957.4
195469 -6443.81 -39136.3 -50491.5 -75404.3 -24013.3
195586 -6364.41 -39009.6 -50555.9 -75606.9 -24069
195703 -6285.02 -38882.9 -50620.4 -75809.5 -24124.5
195819 -6205.65 -38756.3 -50684.9 -76012 -24179.9
195935 -6126.31 -38629.6 -50749.3 -76214.3 -24235.1
196051 -6047.01 -38502.9 -50813.8 -76416.4 -24290.1
196166 -5967.74 -38376.3 -50878.4 -76618.4 -24344.9
196282 -5888.48 -38249.6 -50942.9 -76820.4 -24399.6
196397 -5809.23 -38122.9 -51007.5 -77022.3 -24454.1
196511 -5730 -37996.2 -51072.2 -77224.1 -24508.4
196626 -5650.78 -37869.5 -51136.8 -77425.7 -24562.5
196740 -5571.39 -37743.1 -51201.5 -77627.2 -24616.5
196854 -5491.89 -37616.7 -51266.3 -77828.5 -24670.2
196968 -5412.42 -37490.3 -51331.1 -78029.7 -24723.8
197082 -5332.98 -37363.9 -51395.9 -78230.8 -24777.2
197195 -5253.58 -37237.6 -51460.8 -78431.7 -24830.4
197308 -5173.76 -37112 -51525.7 -78632.4 -24883.5
197421 -5093.64 -36986.4 -51590.8 -78833 -24936.3
197534 -5013.53 -36860.8 -51655.9 -79033.5 -24989
197646 -4933.49 -36735.3 -51721 -79233.7 -25041.5
197758 -4853.48 -36609.7 -51786.2 -79433.8 -25093.7
197869 -4773.65 -36483.9 -51851 -79633.1 -25145.9
197980 -4693.42 -36359 -51916 -79832.1 -25198.2
198092 -4612.84 -36234.8 -51981.4 -80029.6 -25251.6
198204 -4532.15 -36110.4 -52047.1 -80226.8 -25305.5
198316 -4451.43 -35986.2 -52112.9 -80423.6 -25359.7
198429 -4370.6 -35862.3 -52179 -80619.2 -25415.1
198542 -4289.77 -35738.3 -52245.2 -80814.3 -25470.7
198654 -4208.9 -35614.3 -52311.7 -81008.8 -25526.7
198766 -4127.36 -35490.5 -52378.3 -81203.5 -25582.7
198878 -4045.76 -35365.7 -52445 -81398.3 -25638.9
198989 -3964.08 -35240.2 -52511.8 -81593.5 -25695.2
199100 -3882.3 -35113.9 -52578.8 -81789.2 -25751.5
199211 -3800.44 -34986.9 -52645.8 -81985.1 -25807.8
199321 -3718.51 -34859.2 -52713 -82181.4 -25864.1
199431 -3635.89 -34731.7 -52780.3 -82377.7 -25920.3
199540 -3553.24 -34603.6 -52847.8 -82574.2 -25976.3
199649 -3470.56 -34474 -52915.3 -82771.3 -26032.5
199757 -3387.64 -34343.1 -52983 -82969.2 -26088.7
199864 -3304.15 -34210.9 -53050.9 -83168 -26145.1
199971 -3219.72 -34078 -53118.8 -83367.6 -26201.6
200078 -3134.53 -33944.1 -53186.9 -83567.9 -26258.1
200184 -3048.49 -33809.2 -53255.1 -83769 -26314.8
200289 -2961.62 -33673.3 -53322.8 -83970.8 -26371.6
200396 -2873.56 -33536.6 -53379.8 -84183.5 -26428.2
200503 -2785.3 -33399.4 -53434.8 -84399.8 -26484.1
200609 -2697.82 -33263.5 -53490.7 -84616.5 -26539.7
200716 -2610.87 -33128.3 -53547 -84833.3 -26595
200822 -2523.91 -32993.2 -53603.5 -85049.9 -26650.1
200928 -2436.74 -32858.1 -53660.2 -85266.8 -26705
201034 -2349.26 -32722.8 -53717.2 -85483.9 -26759.6
201140 -2261.36 -32586.9 -53772.2 -85700.2 -26814.2
201244 -2173.7 -32451.8 -53795.8 -85903 -26873.7
201347 -2085.92 -32317.9 -53813.1 -86120.3 -26942.5
201449 -1996.05 -32181.8 -53834.1 -86347.8 -27015.3
201549 -1903.95 -32043.1 -53855.8 -86579.7 -27089.8
201648 -1809.92 -31902.1 -53877.9 -86814.6 -27165.5
201746 -1714.28 -31759.1 -53900 -87051.9 -27241.9
201844 -1617.35 -31614.4 -53922.4 -87291 -27318.9
201941 -1519.36 -31468 -53944.9 -87531.8 -27396.4
202037 -1420.35 -31320.4 -53967.6 -87774.1 -27474.3
202133 -1320.37 -31171.6 -53990.5 -88017.7 -27552.4
202228 -1219.53 -31021.9 -54013.4 -88262.2 -27630.7
202322 -1118.01 -30871.4 -54036.5 -88507.6 -27709.1
202416 -1015.86 -30719.9 -54059.6 -88753.5 -27787.5
202509 -913.174 -30567.9 -54082.8 -88999.8 -27865.9
202602 -810.035 -30415.5 -54106.2 -89246.8 -27944.4
202642 -624.117 -30146.4 -54122.3 -89602.9 -28064.7
202749 -537.893 -30018 -54147 -89842.7 -28139.1
202848 -445.501 -29879.1 -54166.1 -90079.4 -28213
202944 -349.573 -29734.7 -54183.1 -90318.5 -28289.7
203038 -250.695 -29586.4 -54199.5 -90560.6 -28369.3
203129 -149.138 -29434.5 -54215.9 -90806.3 -28450.2
203219 -45.2788 -29279.6 -54232.3 -91055.2 -28532.2
203308 60.5481 -29122.3 -54248.7 -91306.6 -28615
203396 168.176 -28962.7 -54265.1 -91560.5 -28698.6
203482 277.423 -28801.2 -54281.6 -91816.3 -28782.7
203568 388.262 -28637.7 -54298 -92074.3 -28867.4
203652 500.668 -28472.3 -54314.4 -92334.1 -28952.7
203736 614.667 -28304.9 -54330.8 -92596 -29038.4
203818 730.077 -28135.9 -54347.1 -92859.5 -29124.5
203899 846.986 -27965.1 -54363.4 -93124.6 -29211
203979 965.419 -27792.3 -54379.5 -93391.6 -29297.8
203995 1183.34 -27481.4 -54385.3 -93787.6 -29435.1
204032 1377.17 -27207.9 -54399.2 -94163.5 -29560.5
204131 1475.41 -27067.1 -54420.2 -94412.4 -29638.7
204220 1582.81 -26911.4 -54437.9 -94664.8 -29717.7
204303 1696.29 -26746.7 -54454.4 -94923.2 -29799.6
204318 1911.8 -26440.3 -54459.6 -95311.8 -29932
204351 2108.31 -26165 -54472.8 -95688.3 -30056.2
204448 2209.24 -26021.1 -54493.7 -95940 -30134.4
204534 2320 -25862.2 -54511.4 -96195.7 -30213.6
204550 2532.32 -25560.7 -54518 -96579.4 -30341.6
204583 2727.77 -25287.5 -54531.2 -96953.5 -30464.2
204623 2913.15 -25026.9 -54544.9 -97313.7 -30581.4
204721 3011.68 -24887.5 -54565.6 -97560.2 -30657.2
204807 3121.1 -24731.6 -54583.5 -97812.5 -30734
204887 3237.4 -24565 -54600.4 -98072.9 -30814.2
204895 3456.67 -24255.1 -54606.1 -98464 -30944.7
204922 3656.58 -23975.8 -54619.9 -98843 -31067
205016 3760.7 -23828.9 -54640.9 -99097 -31144.2
205098 3875.2 -23666.6 -54659.1 -99356.4 -31222.5
205108 4092.18 -23361.4 -54665.8 -99744.2 -31349.8
205135 4290.66 -23083.9 -54679.9 -100120 -31470
205171 4480.92 -22820.8 -54695 -100485 -31586
205209 4666.63 -22562.9 -54710 -100843 -31698.6
205245 4852.2 -22304.1 -54723.8 -101198 -31810.7
205278 5038.06 -22044.4 -54737.8 -101554 -31922.6
205373 5138.5 -21903.6 -54758.9 -101802 -31995.2
205449 5255.85 -21736.7 -54775.4 -102060 -32071.4
205447 5476 -21422.7 -54778.7 -102448 -32196.7
205459 5683.05 -21129.8 -54789.7 -102833 -32317.4
205478 5889.93 -20842.7 -54803.8 -103216 -32435.7
205480 6113.78 -20536.9 -54818.3 -103617 -32562.9
205492 6305.42 -20270.3 -54836.2 -103968 -32666.8
205512 6483.28 -20023.1 -54851.2 -104300 -32767.4
205607 6571.01 -19897.1 -54870 -104522 -32830.1
205537 6847.65 -19519.5 -54882.3 -104962 -32964.3
205637 6929.23 -19402 -54898.8 -105175 -33027
205637 7121.05 -19137.4 -54918.3 -105517 -33121.9
205646 7307.17 -18880.9 -54934.1 -105858 -33225.2
205655 7490.07 -18627 -54950.7 -106191 -33322
205665 7671.88 -18374.5 -54965.3 -106524 -33421
205675 7852.75 -18122.9 -54982 -106854 -33516.2
205690 8022.31 -17889.4 -54999.4 -107168 -33607
205710 8177.37 -17676.4 -55017.7 -107457 -33687.9
205737 8326.76 -17472.7 -55038.6 -107744 -33768
205834 8401.79 -17369.1 -55061.5 -107947 -33818.6
205919 8489.55 -17249 -55082.7 -108158 -33872.2
205913 8668.22 -17007.4 -55099.1 -108462 -33958.4
205925 8828.43 -16790.5 -55120.8 -108756 -34039.2
205945 8980.11 -16584.1 -55139.8 -109040 -34118.8
205970 9125.09 -16387.7 -55160.7 -109315 -34193.2
206003 9259.77 -16206.4 -55181.1 -109575 -34262.5
206105 9325.94 -16115.6 -55201 -109760 -34309.4
206130 9464.38 -15932.5 -55224 -110021 -34376.8
206171 9586.7 -15770.1 -55244 -110260 -34439.7
206276 9648.26 -15688.7 -55271.2 -110449 -34484.1
206372 9719.09 -15596.1 -55293.9 -110636 -34528.4
206461 9796.97 -15495.2 -55316.6 -110830 -34574.9
206537 9885.22 -15377.9 -55338.5 -111030 -34625.1
206604 9976.95 -15249.4 -55364.1 -111243 -34676.9
206670 10065.1 -15126.9 -55386.3 -111446 -34727.5
206737 10147.5 -15013.6 -55408.3 -111641 -34775.4
206805 10229.3 -14901.7 -55429.6 -111834 -34822.7
206874 10303.9 -14798.4 -55451.1 -112019 -34866.7
206879 10414.5 -14645.4 -55462.7 -112223 -34920.5
206914 10501.3 -14525.8 -55481.3 -112413 -34966.6
206961 10578.2 -14420.1 -55497.5 -112580 -35002.2
207061 10622.1 -14359.3 -55523.5 -112738 -35036.4
207150 10672.2 -14289.4 -55546.7 -112892 -35068.5
207234 10725.4 -14215.1 -55568.8 -113047 -35101.3
207314 10780 -14138.5 -55589.7 -113202 -35134.5
207393 10835.4 -14061 -55610.9 -113358 -35168
207470 10891.3 -13982.9 -55632.4 -113515 -35201.5
207548 10942.6 -13909.7 -55653.4 -113668 -35233.6
207626 10988.3 -13842.9 -55674.2 -113815 -35263.6
207706 11032.9 -13777.1 -55693 -113958 -35292.6
207787 11076.3 -13713.1 -55711.8 -114100 -35321.2
207869 11118.6 -13650.4 -55731.4 -114243 -35349
207953 11160.2 -13588.3 -55750.2 -114384 -35376.4
208036 11201.6 -13526.4 -55769 -114526 -35403.5
208121 11242.8 -13464.4 -55787.6 -114668 -35430.5
208205 11283.9 -13402.4 -55806.2 -114811 -35457.4
208290 11324.9 -13340.4 -55825 -114954 -35484.2
208375 11366 -13278.3 -55843.5 -115096 -35510.9
208459 11406.9 -13216.3 -55862.1 -115239 -35537.5
208544 11447.8 -13154.3 -55880.9 -115382 -35564.1
208629 11488.6 -13092.4 -55899.5 -115524 -35590.5
208714 11529.7 -13030.1 -55918.1 -115668 -35617.1
208798 11570.8 -12967.7 -55936.4 -115810 -35643.6
208883 11610.2 -12908.7 -55956.3 -115950 -35668.2
208969 11648.8 -12850.8 -55975.9 -116089 -35692.6
209055 11686.9 -12793.3 -55995.5 -116228 -35716.7
209141 11724.8 -12736 -56014.9 -116366 -35740.7
209227 11762.6 -12678.9 -56034.4 -116505 -35764.6
209314 11799.8 -12622.4 -56053.9 -116642 -35788.2
209401 11833.7 -12570.7 -56073.8 -116774 -35809.7
209488 11866.2 -12520.6 -56093.7 -116904 -35830.4
209576 11898.5 -12470.9 -56113.6 -117034 -35850.9
209663 11930.7 -12421.2 -56133.4 -117163 -35871.4
209750 11962.9 -12371.5 -56153.1 -117292 -35891.7
209838 11994.9 -12321.7 -56172.8 -117421 -35912
209925 12026.9 -12272 -56192.6 -117551 -35932.2
210012 12058.7 -12222.2 -56212.2 -117680 -35952.3
210099 12090.3 -12172.2 -56231.9 -117809 -35972.4
210186 12121.9 -12122.2 -56251.6 -117938 -35992.3
210273 12153.5 -12072.2 -56271.2 -118066 -36012.2
210359 12184.9 -12022.1 -56290.8 -118195 -36032
210446 12216.2 -11971.8 -56310.4 -118324 -36051.6
210532 12247.3 -11921.5 -56330 -118452 -36071.2
210575 12294.3 -11847.2 -56339.7 -118576 -36091.1
210644 12328.8 -11792.6 -56356.5 -118701 -36109.1
210723 12359.9 -11742.5 -56375.1 -118826 -36127
210834 12379.7 -11709.3 -56402 -118958 -36146.1
210899 12418.3 -11646.6 -56415.3 -119079 -36163.7
210977 12450.7 -11593.8 -56433.5 -119206 -36182.4
211059 12481.5 -11543.5 -56452.7 -119333 -36200.8
211171 12501.4 -11509.8 -56479.7 -119466 -36219.9
211238 12539.9 -11446.2 -56493.4 -119589 -36237.9
211317 12572.2 -11392.5 -56511.9 -119717 -36256.8
211400 12602.8 -11341.5 -56531.2 -119844 -36275.3
211511 12622.5 -11307.5 -56558.3 -119977 -36294.2
211612 12647.8 -11264.2 -56580.7 -120105 -36312
211669 12690 -11193.6 -56592.8 -120230 -36330.6
211745 12723.1 -11138.2 -56610.8 -120358 -36349.6
211826 12753.6 -11086.9 -56630 -120485 -36367.5
211908 12783.2 -11036.9 -56649.3 -120611 -36385
211991 12812.7 -10987.1 -56668.7 -120736 -36402.4
212074 12841.8 -10937.6 -56688.2 -120861 -36419.8
212158 12871 -10888.1 -56707.6 -120986 -36437.2
212223 12904.2 -10832.3 -56722.3 -121103 -36452.4
212301 12932.4 -10784.6 -56741.8 -121227 -36470.6
212396 12956.5 -10743 -56763.8 -121351 -36486.7
212468 12988.2 -10689 -56780.8 -121474 -36504.5
212562 13012.6 -10646.5 -56802.4 -121598 -36520.7
212650 13040.4 -10598.5 -56822.6 -121724 -36538.2
212736 13068.9 -10549.2 -56842.3 -121850 -36555.7
212821 13097.6 -10499.7 -56862 -121976 -36573.2
212905 13126.3 -10450.2 -56881.6 -122102 -36590.5
212990 13154.9 -10401 -56901.2 -122227 -36607.8
213075 13183.3 -10351.7 -56921.2 -122353 -36624.8
213162 13211.4 -10301.8 -56942.3 -122481 -36640.5
213249 13239 -10252.4 -56963.5 -122609 -36655.4
213336 13266.7 -10202.8 -56984.7 -122738 -36670.5
213423 13294.2 -10153.3 -57006 -122866 -36685.4
213511 13321.6 -10104 -57027.3 -122994 -36699.6
213599 13349.4 -10054.1 -57048.9 -123123 -36714.9
213686 13377 -10004.3 -57070.4 -123252 -36729.6
213774 13404.5 -9954.75 -57091.9 -123381 -36743.9
213861 13432.1 -9905.05 -57113.4 -123509 -36758.5
213948 13459.6 -9855.52 -57134.8 -123638 -36772.8
214035 13487.2 -9805.98 -57156.5 -123766 -36787
214147 13506.3 -9771.01 -57186.6 -123901 -36802.2
214216 13542.9 -9707.72 -57203.2 -124024 -36816.8
214324 13563.4 -9670.84 -57232.6 -124158 -36832
214390 13601.1 -9606.45 -57249.1 -124281 -36846.9
214497 13621.9 -9569.47 -57278.7 -124415 -36861.9
214595 13647.2 -9524.82 -57303.6 -124543 -36876.2
214652 13688 -9455.61 -57318.6 -124665 -36891.4
214757 13709.2 -9417.92 -57347.8 -124799 -36906.3
214853 13735 -9373.24 -57373 -124926 -36920.3
214945 13763.2 -9325.52 -57398.3 -125053 -36934.6
215035 13792.8 -9276.45 -57423.9 -125180 -36949.8
215085 13837.6 -9204.92 -57443.6 -125306 -36967.2
215189 13860.4 -9167.27 -57472.1 -125432 -36981.8
215286 13887.2 -9123.21 -57499 -125557 -36996.1
215377 13915.9 -9075.97 -57525.3 -125684 -37010.5
215428 13959.9 -9005.68 -57543.2 -125804 -37026.3
215532 13982.4 -8968.72 -57574.7 -125935 -37040
215628 14008.9 -8924.94 -57601.9 -126061 -37053.1
215719 14037.3 -8878.03 -57628.4 -126187 -37066.1
215771 14080.5 -8809 -57646.2 -126306 -37079.7
215875 14102.2 -8772.83 -57677.8 -126438 -37092.3
215971 14128.1 -8729.67 -57705.1 -126564 -37104.3
216063 14155.6 -8683.74 -57731.8 -126690 -37115.8
216153 14183.8 -8636.39 -57758.2 -126818 -37126.6
216241 14212.8 -8587.81 -57784.2 -126945 -37139
216329 14241.6 -8539.18 -57813.5 -127071 -37150
216417 14270.5 -8489.64 -57853.8 -127188 -37158.9
216505 14299.2 -8440.27 -57894.1 -127305 -37167.5
216592 14327.8 -8390.99 -57934.2 -127422 -37176
216679 14356.3 -8341.81 -57974.4 -127538 -37184.3
216767 14384.8 -8292.69 -58014.5 -127654 -37192.6
216854 14413.2 -8243.66 -58054.5 -127771 -37200.7
216941 14441.6 -8194.64 -58094.5 -127887 -37208.7
217027 14469.9 -8145.73 -58134.5 -128003 -37216.6
217114 14498.2 -8096.84 -58174.4 -128119 -37224.4
217200 14526.5 -8048 -58214.3 -128235 -37232.1
217286 14554.7 -7999.24 -58254.1 -128350 -37239.7
217372 14582.9 -7950.42 -58293.9 -128466 -37247.3
217458 14611 -7901.79 -58333.7 -128581 -37254.7
217544 14639 -7853.24 -58373.4 -128696 -37262.1
217629 14667.2 -7804.88 -58412.9 -128810 -37269.8
217715 14695.4 -7756.86 -58452.7 -128924 -37278.2
217801 14723.8 -7709.09 -58492.8 -129037 -37287.2
217886 14752.3 -7661.32 -58532.8 -129149 -37296.4
217972 14780.7 -7613.83 -58572.9 -129262 -37305.6
218058 14809.1 -7566.21 -58612.9 -129374 -37314.9
218143 14837.3 -7518.98 -58652.9 -129486 -37323.7
218229 14865.7 -7471.52 -58692.8 -129598 -37332.9
218314 14893.9 -7424.21 -58732.8 -129710 -37341.8
218399 14922 -7377.08 -58772.7 -129822 -37350.5
218484 14950.2 -7329.84 -58812.7 -129933 -37359.3
218569 14978 -7283 -58852.5 -130045 -37367.2
218654 15006.6 -7235.25 -58892.5 -130157 -37377
218740 15034.7 -7188.05 -58932.6 -130269 -37385.6
218825 15062.6 -7140.89 -58972.6 -130382 -37394
218911 15090.8 -7093.38 -59012.6 -130494 -37403
218997 15119.1 -7045.82 -59052.7 -130607 -37412.1
219083 15147 -6998.65 -59092.8 -130720 -37420.4
219168 15175.2 -6951.07 -59132.9 -130832 -37429.3
219254 15203.2 -6903.7 -59173 -130945 -37437.7
219340 15231.2 -6856.25 -59213 -131058 -37446.2
219426 15259.1 -6808.84 -59253.2 -131171 -37454.6
219512 15287.2 -6761.31 -59293.2 -131283 -37463.2
219597 15315 -6714 -59333.2 -131396 -37471.4
219683 15343 -6666.57 -59373.1 -131508 -37479.8
219768 15370.8 -6619.3 -59413.1 -131621 -37488
219854 15398.5 -6572.06 -59453.1 -131734 -37496
219940 15426.1 -6524.94 -59493.1 -131846 -37504
220026 15453.7 -6477.88 -59533.1 -131959 -37511.8
220111 15481.6 -6430.44 -59573 -132071 -37520.4
220196 15509 -6383.48 -59612.9 -132184 -37528.1
220282 15536.5 -6336.39 -59652.8 -132296 -37536.1
220367 15563.9 -6289.5 -59692.5 -132408 -37543.3
220452 15591.6 -6242.21 -59732.3 -132520 -37551.6
220537 15618.9 -6195.36 -59772 -132632 -37559.1
220622 15646.2 -6148.5 -59811.7 -132744 -37566.6
220707 15673.5 -6101.66 -59851.5 -132856 -37574
220791 15700.8 -6054.82 -59891.2 -132967 -37581.4
220876 15728 -6008.03 -59930.9 -133079 -37588.6
220961 15755.2 -5961.28 -59970.6 -133191 -37595.8
221045 15782.4 -5914.62 -60010.3 -133302 -37602.9
221129 15809.5 -5867.95 -60049.9 -133413 -37609.9
221213 15836.6 -5821.38 -60089.5 -133525 -37616.9
221297 15863.6 -5774.82 -60129.1 -133636 -37623.7
221381 15890.6 -5728.3 -60168.6 -133747 -37630.5
221465 15917.6 -5681.82 -60208.2 -133858 -37637.2
221549 15944.5 -5635.4 -60247.7 -133969 -37643.8
221633 15971.4 -5589 -60287.1 -134080 -37650.4
221717 15998.2 -5542.65 -60326.8 -134191 -37656.8
221801 16025.1 -5496.28 -60366.4 -134302 -37663.2
221885 16051.9 -5449.87 -60406.1 -134413 -37669.6
221969 16078.8 -5403.45 -60445.9 -134525 -37675.9
222053 16105.6 -5356.99 -60485.5 -134636 -37682.1
222137 16132.5 -5310.47 -60525.2 -134748 -37688.4
222221 16159.5 -5263.79 -60565.1 -134860 -37694.8
222306 16186.5 -5217.13 -60604.9 -134972 -37700.9
222391 16213.5 -5170.24 -60644.8 -135084 -37707.3
222475 16240.6 -5123.33 -60684.8 -135197 -37713.5
222560 16267.8 -5076.33 -60724.8 -135310 -37719.8
222645 16294.9 -5029.27 -60764.8 -135423 -37726
222730 16322.1 -4982.12 -60804.8 -135536 -37732.2
222815 16349.2 -4934.98 -60844.8 -135649 -37738.3
222899 16376.4 -4887.8 -60884.8 -135762 -37744.3
222984 16403.6 -4840.58 -60924.8 -135875 -37750.4
223069 16430.7 -4793.34 -60964.8 -135988 -37756.3
223153 16457.9 -4746.09 -61004.8 -136101 -37762.2
223238 16485.1 -4698.82 -61044.8 -136214 -37768.1
223323 16512.2 -4651.56 -61084.8 -136328 -37773.9
223407 16539.4 -4604.27 -61124.7 -136441 -37779.7
223491 16566.5 -4557.01 -61164.6 -136554 -37785.4
223575 16593.6 -4509.79 -61204.6 -136667 -37791
223660 16620.7 -4462.57 -61244.5 -136780 -37796.6
223744 16647.8 -4415.36 -61284.4 -136893 -37802.1
223828 16674.9 -4368.13 -61324.3 -137006 -37807.6
223912 16701.9 -4320.95 -61364.2 -137119 -37813
223996 16729 -4273.76 -61404.1 -137232 -37818.3
224080 16756 -4226.6 -61443.9 -137345 -37823.6
224164 16783 -4179.43 -61483.8 -137458 -37828.9
224248 16810 -4132.28 -61523.6 -137571 -37834.1
224332 16837 -4085.17 -61563.5 -137684 -37839.2
224415 16864 -4038.01 -61603.2 -137797 -37844.3
224499 16890.9 -3990.93 -61643 -137909 -37849.3
224582 16917.8 -3943.88 -61682.7 -138022 -37854.3
224666 16944.7 -3896.84 -61722.4 -138135 -37859.2
224749 16971.5 -3849.83 -61762.2 -138248 -37864.1
224833 16998.4 -3802.79 -61801.9 -138360 -37868.9
224916 17025.2 -3755.83 -61841.6 -138473 -37873.6
224999 17052.1 -3708.86 -61881.3 -138586 -37878.3
225083 17078.9 -3661.87 -61921 -138699 -37883
225166 17105.7 -3614.92 -61960.7 -138811 -37887.6
225249 17132.5 -3567.95 -62000.4 -138924 -37892.2
225332 17159.3 -3520.98 -62040 -139037 -37896.7
225416 17186 -3474.06 -62079.7 -139150 -37901.1
225499 17212.8 -3427.05 -62119.5 -139263 -37905.6
225582 17239.4 -3379.99 -62159.2 -139375 -37909.9
225665 17266.1 -3332.76 -62198.9 -139488 -37914.3
225749 17292.6 -3285.46 -62238.6 -139602 -37918.7
225832 17319 -3238.02 -62278.3 -139715 -37923
225915 17345.3 -3190.49 -62318 -139828 -37927.3
225998 17371.5 -3142.83 -62357.7 -139941 -37931.5
226082 17397.6 -3095.12 -62397.4 -140054 -37935.7
226165 17423.7 -3047.25 -62437 -140168 -37939.9
226248 17449.8 -2999.39 -62476.7 -140281 -37944.1
226331 17475.9 -2951.52 -62516.4 -140395 -37948.2
226415 17501.9 -2903.61 -62556.2 -140508 -37952.3
226498 17528 -2855.66 -62595.9 -140622 -37956.3
226581 17554.1 -2807.72 -62635.6 -140735 -37960.3
226665 17580.1 -2759.76 -62675.3 -140849 -37964.3
226748 17606.2 -2711.8 -62714.9 -140962 -37968.2
226831 17632.2 -2663.88 -62754.6 -141076 -37972.1
226914 17658.3 -2615.93 -62794.3 -141190 -37975.9
226997 17684.3 -2567.99 -62834 -141303 -37979.7
227080 17710.4 -2520.07 -62873.7 -141417 -37983.5
227163 17736.4 -2472.14 -62913.4 -141530 -37987.3
227246 17762.4 -2424.25 -62953.1 -141644 -37991
227329 17788.4 -2376.35 -62992.9 -141758 -37994.7
227412 17814.5 -2328.44 -63032.5 -141871 -37998.4
227495 17840.4 -2280.63 -63072.3 -141984 -38002
227578 17866.4 -2232.8 -63112 -142098 -38005.6
227661 17892.4 -2184.92 -63151.8 -142212 -38009.1
227744 17918.4 -2137.05 -63191.5 -142325 -38012.6
227827 17944.4 -2089.18 -63231.3 -142439 -38016
227910 17970.4 -2041.33 -63270.9 -142552 -38019.5
227993 17996.3 -1993.51 -63310.5 -142666 -38022.8
228075 18022.1 -1945.56 -63350.2 -142779 -38026.1
228158 18047.7 -1897.26 -63390 -142892 -38029.5
228241 18073.1 -1848.81 -63429.8 -143006 -38032.7
228323 18098.1 -1799.9 -63469.6 -143119 -38036
228406 18122.9 -1750.65 -63509.5 -143233 -38039.2
228488 18147.3 -1700.87 -63549.5 -143347 -38042.3
228571 18171.4 -1650.66 -63589.6 -143460 -38045.5
228653 18195.3 -1599.93 -63629.7 -143574 -38048.7
228735 18218.7 -1548.88 -63669.9 -143687 -38051.8
228818 18241.8 -1497.38 -63710.2 -143801 -38054.8
228900 18264.6 -1445.54 -63750.5 -143915 -38057.9
228982 18287.3 -1393.54 -63790.8 -144028 -38060.8
229064 18309.9 -1341.43 -63831.2 -144142 -38063.8
229146 18332.4 -1289.23 -63871.6 -144256 -38066.7
229229 18354.9 -1236.91 -63912.1 -144370 -38069.5
229311 18377.5 -1184.42 -63952.6 -144483 -38072.4
229393 18400 -1131.94 -63993 -144597 -38075.2
229475 18422.5 -1079.41 -64033.4 -144711 -38078
229558 18445 -1026.94 -64073.9 -144825 -38080.7
229640 18467.5 -974.422 -64114.3 -144939 -38083.5
229722 18489.9 -921.949 -64154.6 -145053 -38086.1
229803 18512.4 -869.507 -64195 -145167 -38088.8
229886 18534.7 -817.191 -64235.5 -145281 -38091.3
229968 18557 -764.942 -64276 -145395 -38093.7
230050 18579.4 -712.626 -64316.6 -145509 -38096.1
230133 18601.7 -660.334 -64357.2 -145622 -38098.5
230215 18624.2 -607.911 -64397.7 -145737 -38100.9
230297 18646.7 -555.389 -64438.2 -145851 -38103.3
230378 18669.2 -502.836 -64478.6 -145965 -38105.7
230460 18691.6 -450.384 -64518.9 -146079 -38108
230542 18714.4 -398.297 -64559.3 -146193 -38110.2
230623 18737.7 -346.875 -64599.7 -146306 -38112.5
230705 18762 -296.303 -64640.1 -146420 -38114.7
230786 18787.2 -246.85 -64680.5 -146534 -38116.8
230868 18812.5 -197.477 -64721 -146647 -38119
230949 18839.7 -149.791 -64761.5 -146761 -38121
231030 18866.9 -102.059 -64802 -146875 -38123.1
231111 18895.2 -55.3399 -64842.5 -146988 -38125.1
231192 18924.4 -9.45917 -64883 -147102 -38127.2
231273 18953.5 36.3244 -64923.6 -147216 -38129.1
231354 18984.5 80.3562 -64964.2 -147329 -38131.1
231435 19015.6 124.298 -65004.7 -147442 -38133
231515 19047.6 167.355 -65045.3 -147556 -38134.8
231596 19079.6 210.363 -65085.9 -147669 -38136.6
231677 19111.6 253.379 -65126.4 -147782 -38138.4
231757 19143.5 296.392 -65167 -147895 -38140.2
231838 19175.4 339.383 -65207.5 -148009 -38141.8
231918 19207.3 382.337 -65248 -148122 -38143.5
231998 19239.3 425.315 -65288.5 -148235 -38145.1
232079 19271.1 468.214 -65329 -148348 -38146.7
232159 19303 511.102 -65369.5 -148461 -38148.2
232239 19335.8 552.956 -65410 -148574 -38149.7
232320 19370 593.709 -65450.5 -148687 -38151.2
232400 19404.9 633.505 -65491.1 -148800 -38152.7
232480 19441.5 671.769 -65531.8 -148914 -38154.1
232560 19478.5 709.612 -65572.4 -149027 -38155.4
232640 19517.7 745.556 -65613.2 -149140 -38156.8
232720 19557.2 781.1 -65653.9 -149253 -38158.1
232800 19598.5 815.029 -65694.8 -149366 -38159.4
232880 19640.6 848.182 -65735.6 -149479 -38160.7
232960 19682.9 881.172 -65776.5 -149593 -38161.9
233040 19725.3 914.201 -65817.4 -149706 -38163.1
233120 19767.6 947.196 -65858.2 -149819 -38164.3
233200 19810 980.164 -65899.1 -149932 -38165.4
233280 19852.3 1013.15 -65939.9 -150046 -38166.5
233359 19894.7 1046.18 -65980.7 -150159 -38167.6
233439 19937 1079.17 -66021.5 -150272 -38168.6
233519 19979.3 1112.15 -66062.3 -150386 -38169.6
233599 20021.7 1145.15 -66103.2 -150499 -38170.6
233679 20064 1178.12 -66144 -150612 -38171.5
233758 20106.4 1211.11 -66184.8 -150726 -38172.5
233838 20148.7 1244.12 -66225.6 -150839 -38173.4
233918 20191.1 1277.15 -66266.4 -150953 -38174.3
233998 20233.5 1310.1 -66307.2 -151066 -38175.1
234078 20276 1343.09 -66348.1 -151180 -38176
234158 20318.4 1376.13 -66389 -151294 -38176.8
234237 20360.9 1408.74 -66430.6 -151409 -38175.1
234317 20403.3 1441.47 -66472.1 -151523 -38173.6
234397 20445.8 1474.2 -66513.8 -151638 -38171.8
234476 20488.3 1506.98 -66555.3 -151753 -38170.2
234556 20530.8 1539.75 -66596.9 -151868 -38168.4
234635 20573.3 1572.56 -66638.5 -151983 -38166.8
234715 20615.8 1605.35 -66680.1 -152098 -38165
234794 20658.3 1638.15 -66721.6 -152213 -38163.2
234874 20700.8 1670.95 -66763.1 -152328 -38161.5
234953 20743.4 1703.7 -66804.8 -152443 -38159.7
235033 20786 1736.55 -66846.4 -152559 -38157.9
235113 20828.7 1769.41 -66888.1 -152674 -38156.1
235193 20871.4 1802.31 -66929.8 -152790 -38154.3
235273 20914.1 1835.28 -66971.5 -152906 -38152.5
235352 20956.9 1868.23 -67013.1 -153021 -38150.6
235432 20999.7 1901.22 -67054.9 -153137 -38148.8
235512 21042.4 1933.8 -67096.2 -153253 -38146.9
235592 21085.1 1965.84 -67136.4 -153369 -38145
235672 21126.9 1995.07 -67175.2 -153483 -38143
235752 21168.7 2024.27 -67213.3 -153598 -38140.9
235833 21209.7 2050.87 -67250 -153711 -38138.6
235913 21250.7 2077.1 -67286.2 -153826 -38136.1
235993 21291.7 2103.29 -67322.3 -153940 -38133.6
236074 21332.7 2129.79 -67358.2 -154056 -38130.5
236155 21373.8 2156.15 -67394.5 -154173 -38127.4
236235 21414.8 2182.56 -67430.2 -154289 -38124.2
236316 21455.9 2209.2 -67466 -154407 -38120.6
236397 21497.1 2235.95 -67501.7 -154526 -38116.7
236477 21538.4 2262.87 -67537.1 -154645 -38112.8
236558 21579.6 2289.5 -67572.2 -154764 -38108.5
236639 21620.8 2316.02 -67607.4 -154882 -38104.1
236720 21662.2 2342.61 -67642.3 -155001 -38099.8
236801 21703.6 2369.26 -67677.3 -155119 -38095.5
236882 21745.1 2395.92 -67712.5 -155238 -38091.2
236962 21786.5 2422.62 -67747.3 -155356 -38086.8
237043 21827.9 2449.47 -67782.3 -155474 -38082.4
237124 21869.1 2476.42 -67817.1 -155593 -38078
237205 21910.2 2503.27 -67851.8 -155712 -38073.5
237286 21951.2 2530.19 -67886.7 -155830 -38069
237368 21992.1 2557.28 -67921.5 -155949 -38064.5
237449 22033 2584.38 -67956.3 -156068 -38059.9
237530 22074 2611.62 -67991.1 -156188 -38055.3
237612 22115 2638.91 -68026 -156307 -38050.7
237694 22156 2666.17 -68060.9 -156427 -38046.2
237776 22196.9 2693.39 -68095.5 -156548 -38041.4
237858 22237.9 2720.7 -68130.2 -156668 -38036.8
237940 22279 2748.07 -68164.8 -156789 -38032
238022 22320.1 2775.51 -68199.5 -156909 -38027.2
238104 22361.2 2803 -68234.3 -157030 -38022.5
238186 22402.2 2830.39 -68268.8 -157151 -38017.7
238268 22443.1 2857.76 -68303.2 -157272 -38012.8
238351 22484.1 2885.09 -68337.6 -157393 -38007.9
238433 22525.1 2912.44 -68372.1 -157514 -38002.9
238515 22566.1 2939.88 -68406.4 -157635 -37997.9
238598 22607.1 2967.29 -68440.6 -157756 -37992.9
238680 22648 2994.68 -68475.1 -157878 -37987.9
238762 22689 3022.07 -68509.3 -157999 -37982.9
238844 22730 3049.45 -68543.7 -158121 -37977.8
238927 22771 3076.93 -68578 -158242 -37972.7
239009 22811.9 3104.38 -68612.2 -158363 -37967.6
239091 22852.9 3131.8 -68646.5 -158485 -37962.5
239173 22893.9 3159.22 -68680.8 -158606 -37957.3
239255 22934.9 3186.66 -68715.2 -158728 -37952.1
239337 22975.9 3214.13 -68749.4 -158849 -37946.9
239420 23016.9 3241.64 -68783.7 -158971 -37941.7
239501 23057.9 3269.21 -68818 -159092 -37936.5
239584 23098.8 3296.69 -68852.2 -159213 -37931.3
239666 23139.8 3324.19 -68886.5 -159335 -37926
239748 23180.7 3351.67 -68920.8 -159456 -37920.7
239830 23221.7 3379.18 -68955.1 -159578 -37915.4
239912 23262.7 3406.76 -68989.3 -159700 -37910
239994 23303.6 3434.35 -69023.4 -159821 -37904.7
240076 23344.6 3461.88 -69057.7 -159942 -37899.3
240158 23385.5 3489.44 -69092 -160064 -37893.9
240240 23426.5 3517 -69126.3 -160186 -37888.5
240322 23467.5 3544.69 -69160.5 -160308 -37883.1
240404 23508.6 3572.4 -69194.8 -160430 -37877.6
240486 23549.6 3600.1 -69229.2 -160552 -37872.2
240568 23590.8 3627.84 -69263.6 -160674 -37866.7
240651 23631.9 3655.61 -69298.1 -160796 -37861.2
240733 23673.1 3683.48 -69332.4 -160919 -37855.8
240815 23714.2 3711.34 -69366.7 -161041 -37850.2
240897 23755.3 3739.19 -69401 -161163 -37844.6
240979 23796.4 3767.07 -69435.4 -161285 -37839.1
241061 23837.6 3794.94 -69469.7 -161408 -37833.5
241143 23878.7 3822.85 -69504.1 -161530 -37827.9
241225 23919.9 3850.8 -69538.5 -161653 -37822.2
241307 23961 3878.79 -69572.7 -161775 -37816.6
241389 24002.1 3906.75 -69607.1 -161897 -37810.9
241471 24043.2 3934.7 -69641.4 -162020 -37805.2
241553 24084.3 3962.66 -69675.8 -162142 -37799.5
241635 24125.4 3990.66 -69710.1 -162264 -37793.7
241717 24166.5 4018.71 -69744.4 -162387 -37788
241799 24207.6 4046.78 -69778.7 -162509 -37782.2
241880 24248.6 4074.86 -69813 -162632 -37776.4
241962 24289.7 4102.88 -69847.2 -162754 -37770.6
242044 24330.7 4130.93 -69881.5 -162876 -37764.7
242126 24371.8 4159.02 -69915.9 -162999 -37758.9
242208 24412.9 4187.15 -69950.2 -163121 -37753
242289 24453.9 4215.28 -69984.4 -163244 -37747
242371 24494.9 4243.43 -70018.7 -163366 -37741.1
242452 24535.9 4271.56 -70053.1 -163489 -37735.1
242534 24576.9 4299.66 -70087.3 -163611 -37729
242616 24617.9 4327.78 -70121.5 -163734 -37722.9
242697 24658.9 4355.89 -70155.8 -163856 -37716.8
242779 24699.8 4384.11 -70190.1 -163979 -37710.7
242860 24740.8 4412.4 -70224.4 -164101 -37704.6
242942 24781.7 4440.63 -70258.5 -164224 -37698.4
243023 24822.7 4468.9 -70292.8 -164346 -37692.2
243105 24863.6 4497.17 -70327.1 -164469 -37686
243186 24904.5 4525.5 -70361.3 -164592 -37679.7
243268 24945.3 4553.7 -70395.6 -164714 -37673.1
243349 24986.1 4581.92 -70429.9 -164837 -37666.5
243431 25026.8 4610.17 -70464.2 -164960 -37659.9
243512 25067.6 4638.43 -70498.4 -165083 -37653.3
243593 25108.3 4666.71 -70532.7 -165205 -37646.6
243675 25149.1 4695.03 -70567 -165328 -37639.9
243756 25189.8 4723.26 -70601.3 -165451 -37633.2
243837 25230.5 4751.76 -70635.4 -165574 -37626.5
243919 25271.2 4780.08 -70669.6 -165697 -37619.7
244000 25311.9 4808.44 -70703.8 -165819 -37613
244081 25352.5 4836.88 -70738 -165942 -37606.2
244162 25393.1 4865.29 -70772.2 -166065 -37599.4
244244 25433.7 4893.73 -70806.4 -166188 -37592.6
244325 25474.4 4922.13 -70840.7 -166311 -37585.7
244406 25515 4950.67 -70874.8 -166434 -37578.9
244487 25555.6 4979.25 -70909 -166557 -37572
244568 25596.1 5007.63 -70943.2 -166680 -37565
244649 25636.7 5035.9 -70977.4 -166803 -37557.7
244731 25677.2 5064.36 -71011.6 -166926 -37550.5
244812 25717.7 5092.86 -71045.8 -167049 -37543.2
244893 25758.2 5121.27 -71079.9 -167172 -37535.9
244974 25798.7 5149.69 -71114 -167295 -37528.6
245055 25839.2 5178.1 -71148.2 -167418 -37521.3
245136 25879.7 5206.63 -71182.3 -167541 -37513.9
245216 25920.2 5235.08 -71216.4 -167664 -37506.5
245297 25960.6 5263.55 -71250.5 -167787 -37499.1
245378 26001.1 5292.16 -71284.8 -167910 -37491.6
245459 26041.6 5320.74 -71319.1 -168034 -37484
245540 26082.1 5349.33 -71353.5 -168157 -37476.3
245621 26122.6 5377.93 -71387.9 -168280 -37468.6
245701 26163.1 5406.61 -71422.2 -168403 -37460.9
245782 26203.6 5435.29 -71456.5 -168527 -37453.1
245863 26244.1 5463.99 -71490.8 -168650 -37445.4
245944 26284.5 5492.72 -71525.2 -168773 -37437.6
246024 26325 5521.45 -71559.4 -168896 -37429.8
246105 26365.4 5550.23 -71593.8 -169020 -37422
246185 26405.9 5579.03 -71628 -169143 -37414.2
246266 26446.3 5607.87 -71662.5 -169267 -37406.3
246346 26486.7 5636.69 -71696.6 -169390 -37398.4
246427 26527.1 5665.55 -71730.9 -169513 -37390.5
246507 26567.5 5694.44 -71765.2 -169637 -37382.6
246588 26607.9 5723.34 -71799.4 -169760 -37374.6
246668 26648.3 5752.29 -71833.7 -169883 -37366.7
246748 26688.7 5781.24 -71867.9 -170007 -37358.7
246829 26729 5810.22 -71902.2 -170130 -37350.7
246909 26769.4 5839.23 -71936.5 -170254 -37342.6
246989 26809.8 5868.28 -71970.8 -170377 -37334.6
247069 26850.1 5897.32 -72004.9 -170500 -37326.5
247150 26890.4 5926.39 -72039.1 -170624 -37318.4
247230 26930.7 5955.49 -72073.3 -170747 -37310.3
247310 26971 5984.64 -72107.5 -170871 -37302.2
247390 27011.3 6013.82 -72141.6 -170994 -37294
247470 27051.6 6043.01 -72175.8 -171117 -37285.8
247550 27091.9 6072.22 -72210 -171241 -37277.7
247630 27132.1 6101.49 -72244.2 -171364 -37269.5
247710 27172.4 6130.71 -72278.3 -171488 -37261.2
247790 27212.6 6160 -72312.5 -171611 -37252.9
247869 27252.8 6189.31 -72346.5 -171735 -37244.6
247949 27293 6218.63 -72380.6 -171858 -37236.4
248029 27333.3 6248 -72414.8 -171982 -37228
248109 27373.5 6277.39 -72449 -172106 -37219.7
248189 27413.8 6306.8 -72483.2 -172229 -37211.3
248268 27454 6336.38 -72517.2 -172353 -37203
248348 27494.2 6365.92 -72551.3 -172477 -37194.6
248428 27534.5 6395.45 -72585.5 -172601 -37186.2
248507 27574.7 6425 -72619.6 -172724 -37177.7
248587 27614.9 6454.59 -72653.7 -172848 -37169.3
248667 27655.1 6484.25 -72687.7 -172972 -37160.8
248746 27695.2 6513.91 -72721.7 -173095 -37152.3
248825 27735.4 6543.62 -72755.7 -173219 -37143.8
248905 27775.5 6573.43 -72789.9 -173343 -37135.2
248984 27815.7 6603.27 -72824.1 -173467 -37126.5
249063 27855.8 6633.18 -72858.4 -173590 -37117.8
249142 27895.9 6663.06 -72892.5 -173714 -37109
249221 27936 6692.96 -72926.7 -173837 -37100.2
249300 27976.1 6722.89 -72960.9 -173961 -37091.5
249379 28016.1 6752.86 -72994.9 -174084 -37082.7
249458 28056.1 6782.81 -73029 -174208 -37073.8
249537 28096 6812.76 -73063.1 -174331 -37065
249616 28136 6842.74 -73097.1 -174455 -37056.2
249694 28175.9 6872.77 -73131.2 -174578 -37047.3
249773 28215.8 6902.79 -73165.2 -174701 -37038.4
249851 28255.7 6932.8 -73199.3 -174825 -37029.5
249930 28295.5 6962.91 -73233.2 -174948 -37020.6
250008 28335.4 6993.02 -73267.1 -175071 -37011.7
250087 28375.2 7023.01 -73301.3 -175195 -37002.7
250165 28415 7053.21 -73335.1 -175318 -36993.7
250243 28454.8 7083.39 -73369 -175441 -36984.7
250322 28494.6 7113.58 -73402.9 -175565 -36975.7
250400 28534.3 7143.85 -73436.8 -175688 -36966.7
250478 28574 7174 -73470.5 -175811 -36957.6
250556 28613.8 7204.17 -73504.5 -175935 -36948.4
250634 28653.5 7234.39 -73537.8 -176058 -36939.3
250712 28693.2 7264.62 -73571.3 -176182 -36929.7
250790 28732.9 7294.9 -73604.6 -176306 -36920.1
250868 28772.6 7325.06 -73637.6 -176430 -36910.4
250945 28812.3 7355.37 -73670.4 -176555 -36900.3
251023 28852.1 7385.56 -73703.2 -176680 -36889.9
251100 28891.8 7416.14 -73735.9 -176805 -36879.6
251178 28931.4 7446.54 -73768.5 -176930 -36868.9
251255 28971.1 7476.98 -73801.2 -177055 -36858.3
251332 29010.8 7507.58 -73833.8 -177181 -36847.5
251409 29050.4 7538.21 -73866.5 -177306 -36836.7
251486 29090 7568.91 -73899.2 -177431 -36825.8
251563 29129.6 7599.66 -73931.9 -177557 -36814.9
251640 29169.2 7630.45 -73964.6 -177682 -36804
251716 29208.7 7661.32 -73997.3 -177808 -36793
251793 29248.2 7692.14 -74029.9 -177933 -36782
251870 29287.7 7723.04 -74062.6 -178058 -36771
251947 29327.2 7753.95 -74095.2 -178184 -36760
252023 29366.7 7784.94 -74127.8 -178309 -36749
252100 29406.1 7815.99 -74160.3 -178434 -36738
252176 29445.5 7847 -74192.9 -178560 -36726.9
252252 29485 7878.1 -74225.5 -178685 -36715.9
252329 29524.4 7909.25 -74258.1 -178811 -36704.8
252405 29563.7 7940.34 -74290.5 -178936 -36693.7
252481 29603.1 7971.64 -74322.9 -179062 -36682.6
252557 29642.4 8002.78 -74355.4 -179187 -36671.4
252634 29681.7 8033.97 -74387.8 -179312 -36660.3
252710 29721.1 8065.13 -74420.4 -179438 -36649
252786 29760.4 8096.63 -74452.7 -179563 -36638
252862 29799.6 8128.11 -74485.1 -179689 -36626.8
252938 29838.9 8159.43 -74517.4 -179814 -36615.6
253014 29878.2 8190.71 -74549.9 -179940 -36604.3
253090 29917.5 8222.21 -74582.3 -180065 -36593.1
253165 29956.7 8254.12 -74614.4 -180190 -36582
253241 29995.8 8285.57 -74646.7 -180316 -36570.6
253317 30035 8317.14 -74678.9 -180441 -36559.4
253393 30074.2 8348.64 -74711.4 -180567 -36548.1
253468 30113.3 8380.5 -74743.4 -180692 -36536.9
253544 30152.5 8412.15 -74775.7 -180818 -36525.5
253619 30191.6 8443.9 -74807.8 -180943 -36514.3
253694 30230.7 8475.72 -74840 -181069 -36502.9
253770 30269.8 8507.52 -74872.2 -181194 -36491.6
253845 30308.9 8539.46 -74904.3 -181320 -36480.2
253920 30347.9 8571.47 -74936.4 -181445 -36468.9
253995 30386.9 8603.44 -74968.3 -181571 -36457.5
254070 30425.9 8635.48 -75000.4 -181696 -36446.2
254145 30464.9 8667.61 -75032.4 -181821 -36434.8
254220 30503.8 8699.75 -75064.2 -181947 -36423.4
254294 30542.6 8732.05 -75095.9 -182072 -36412
254369 30581.3 8764.34 -75127.7 -182197 -36400.6
254443 30620 8796.79 -75159.4 -182322 -36389.3
254517 30658.6 8829.18 -75190.9 -182446 -36377.9
254591 30697.2 8861.59 -75222.5 -182571 -36366.5
254665 30735.7 8894.04 -75254.1 -182696 -36355.1
254739 30774.1 8926.51 -75285.5 -182820 -36343.7
254812 30812.5 8959.04 -75316.9 -182945 -36332.2
254886 30850.9 8991.6 -75348.3 -183069 -36320.8
254959 30889.1 9024.51 -75379.5 -183194 -36309.5
255032 30927.3 9057.31 -75410.7 -183318 -36298
255105 30965.4 9090.09 -75441.9 -183442 -36286.6
255178 31003.4 9122.97 -75473.2 -183565 -36275.3
255250 31041.4 9155.88 -75504.2 -183688 -36264.3
255323 31079.4 9188.7 -75535.4 -183811 -36253.3
255396 31117.3 9221.66 -75566.4 -183935 -36242.4
255468 31155.2 9254.69 -75597.3 -184058 -36231.4
255540 31193 9287.73 -75628.3 -184181 -36220.4
255612 31230.7 9320.99 -75659 -184304 -36209.6
255684 31268.5 9353.99 -75690 -184427 -36198.5
255756 31306.1 9387.19 -75720.7 -184550 -36187.6
255828 31343.8 9420.33 -75751.6 -184673 -36176.5
255900 31381.4 9453.46 -75782.4 -184796 -36165.5
255972 31419.1 9486.75 -75813.1 -184919 -36154.5
256045 31456.7 9519.49 -75844.4 -185038 -36144.5
256116 31494.3 9552.68 -75874.7 -185156 -36135.6
256187 31531.9 9585.6 -75905 -185276 -36127.1
256259 31569.5 9618.49 -75935.4 -185396 -36118.8
256331 31607.1 9651.67 -75965.8 -185516 -36110.6
256402 31644.7 9684.9 -75996 -185636 -36102.3
256473 31682.2 9718.14 -76026.2 -185756 -36094
256544 31719.7 9751.6 -76056.4 -185876 -36085.8
256615 31757.2 9785.07 -76086.4 -185996 -36077.6
256686 31794.6 9818.74 -76116.5 -186116 -36069.4
256757 31831.9 9852.57 -76146.4 -186236 -36061.2
256827 31869.2 9886.51 -76176.3 -186355 -36053
256897 31906.4 9920.53 -76206.2 -186475 -36044.8
256967 31943.6 9954.53 -76235.9 -186595 -36036.5
257037 31980.6 9988.76 -76265.5 -186714 -36028.3
257106 32017.6 10022.8 -76294.4 -186826 -36020.1
257176 32054.6 10055.9 -76324.9 -186942 -36014.5
257246 32091.7 10089.7 -76354.1 -187058 -36009.1
257315 32128.6 10123.8 -76382.9 -187174 -36004.5
257385 32165.6 10157.6 -76411.8 -187290 -35999.4
257454 32202.5 10191.6 -76440.6 -187406 -35994.7
257523 32239.5 10225.6 -76469.4 -187522 -35989.7
257592 32276.3 10259.7 -76498.2 -187639 -35984.9
257662 32313.2 10293.8 -76527.1 -187755 -35980
257731 32350.1 10327.9 -76555.9 -187869 -35975.3
257800 32387 10361.9 -76584.3 -187984 -35971.1
257869 32423.9 10396 -76612.7 -188099 -35967.2
257938 32460.8 10430.1 -76641.2 -188215 -35963.3
258007 32497.7 10464.2 -76669.5 -188330 -35959.5
258076 32534.6 10498.3 -76697.9 -188446 -35955.6
258146 32571.5 10532.4 -76726.4 -188561 -35951.8
258215 32608.4 10566.7 -76754.8 -188677 -35947.9
258284 32645.4 10601 -76783.3 -188793 -35944.1
258353 32682.3 10635.4 -76811.6 -188909 -35940.2
258422 32719.3 10669.8 -76840.1 -189025 -35936.3
258491 32756.2 10704.4 -76868.3 -189141 -35932.4
258559 32793.1 10738.9 -76896.6 -189256 -35928.5
258628 32830 10773.4 -76925 -189372 -35924.5
258697 32866.9 10808 -76953.3 -189488 -35920.6
258766 32903.8 10842.7 -76981.6 -189604 -35916.7
258834 32940.6 10877.4 -77009.9 -189720 -35912.8
258903 32977.4 10912.2 -77038.1 -189836 -35908.8
258971 33014.2 10946.9 -77066.3 -189952 -35904.7
259040 33051 10981.7 -77094.6 -190068 -35900.7
259108 33087.8 11016.6 -77122.7 -190184 -35896.7
259177 33124.6 11051.5 -77150.8 -190300 -35892.6
259245 33161.3 11086.4 -77178.9 -190415 -35888.6
259313 33198 11121.3 -77207.1 -190531 -35884.5
259381 33234.7 11156.3 -77235.1 -190647 -35880.4
259449 33271.4 11191.3 -77263.1 -190763 -35876.3
259517 33308 11226.4 -77291.2 -190879 -35872.3
259585 33344.6 11261.5 -77319.1 -190994 -35868.1
259653 33381.2 11296.6 -77347.1 -191110 -35863.9
259721 33417.8 11331.8 -77375.2 -191226 -35859.8
259788 33454.4 11367 -77403.2 -191342 -35855.5
259856 33491 11402.2 -77431.1 -191458 -35851.4
259924 33527.6 11437.5 -77459.1 -191573 -35847.2
259992 33564.2 11472.9 -77487.1 -191690 -35842.9
260059 33600.7 11508.3 -77515 -191805 -35838.7
260127 33637.3 11543.8 -77543 -191921 -35834.4
260195 33673.8 11579.3 -77570.9 -192037 -35830.1
260262 33710.4 11614.8 -77598.8 -192153 -35825.8
260330 33746.9 11650.4 -77626.7 -192269 -35821.5
260397 33783.4 11686 -77654.7 -192386 -35817.2
260465 33819.9 11716.5 -77679.5 -192500 -35812.5
260532 33856.2 11744.8 -77702.8 -192614 -35807.2
260600 33892.5 11773 -77726.1 -192728 -35802
260667 33928.8 11801.2 -77749.6 -192842 -35796.4
260735 33965 11829.4 -77772.9 -192957 -35790.8
260802 34001.3 11857.7 -77796.3 -193071 -35784.9
260869 34037.5 11886 -77819.7 -193185 -35778.9
260937 34073.8 11914.3 -77843.1 -193300 -35773.1
261004 34110 11942.7 -77866.4 -193415 -35767
261072 34146.2 11971 -77889.8 -193529 -35761
261139 34182.5 11999.5 -77913.3 -193644 -35755
261206 34218.7 12027.9 -77936.5 -193758 -35748.9
261273 34254.9 12056.4 -77959.9 -193873 -35742.9
261340 34291.1 12084.9 -77983.2 -193988 -35736.8
261407 34327.4 12113.5 -78006.6 -194103 -35730.7
261475 34363.6 12142.1 -78029.9 -194217 -35724.6
261542 34399.8 12170.8 -78053.1 -194332 -35718.4
261609 34436.1 12199.7 -78076.2 -194447 -35712.3
261676 34472.4 12228.7 -78098.7 -194562 -35706.4
261743 34508.7 12257.9 -78120.9 -194677 -35700.5
261810 34545 12287.3 -78142.6 -194793 -35694.9
261877 34581.3 12316.8 -78164 -194909 -35689.4
261943 34617.6 12346.4 -78185.2 -195025 -35684
262010 34653.8 12375.9 -78206.3 -195141 -35678.9
262076 34690 12405.5 -78227.3 -195257 -35673.8
262143 34726.2 12435.1 -78248.2 -195373 -35668.9
262210 34762.4 12464.8 -78269.2 -195490 -35663.9
262276 34798.6 12494.5 -78290.1 -195606 -35659.2
262342 34834.8 12524.2 -78311 -195722 -35654.3
262409 34870.9 12553.9 -78331.8 -195839 -35649.6
262475 34907.1 12583.8 -78352.5 -195955 -35644.8
262541 34943.2 12613.7 -78373.3 -196071 -35640
262608 34979.4 12643.4 -78394.2 -196187 -35635.2
262674 35015.5 12673.4 -78415 -196304 -35630.4
262740 35051.7 12703.2 -78435.9 -196420 -35625.4
262806 35087.9 12733.1 -78456.8 -196537 -35620.5
262873 35124.1 12762.9 -78477.7 -196653 -35615.5
262939 35160.3 12792.9 -78498.7 -196770 -35610.6
263006 35196.5 12822.9 -78519.5 -196887 -35605.5
263072 35232.7 12852.9 -78540.4 -197003 -35600.5
263138 35269 12882.9 -78561.3 -197120 -35595.4
263205 35305.2 12912.9 -78582.1 -197237 -35590.3
263271 35341.4 12943 -78603 -197354 -35585.2
263337 35377.7 12973.2 -78624 -197471 -35580.1
263403 35413.9 13003.3 -78644.7 -197588 -35574.9
263470 35450.1 13033.5 -78665.6 -197705 -35569.7
263536 35486.3 13063.7 -78686.6 -197822 -35564.6
263602 35522.6 13093.9 -78707.4 -197939 -35559.3
263668 35558.8 13124.2 -78728.3 -198056 -35554
263734 35595.1 13154.5 -78749.2 -198173 -35548.8
263800 35631.3 13184.8 -78770.1 -198290 -35543.5
263867 35667.6 13215.1 -78791 -198408 -35538.2
263933 35703.8 13245.5 -78811.8 -198525 -35532.8
263999 35740.1 13275.9 -78832.9 -198642 -35527.4
264065 35776.4 13306.2 -78853.6 -198759 -35522
264131 35812.7 13336.5 -78874.4 -198877 -35516.5
264197 35849.1 13366.8 -78895.2 -198994 -35511
264263 35885.4 13397.2 -78916.2 -199111 -35505.5
264329 35921.8 13427.5 -78937 -199229 -35500.1
264395 35958.1 13457.8 -78957.7 -199346 -35494.5
264461 35994.4 13488.2 -78978.5 -199463 -35488.9
264526 36030.8 13518.6 -78999.3 -199581 -35483.3
264592 36067.1 13549 -79020 -199698 -35477.7
264658 36103.4 13579.4 -79040.8 -199815 -35472.1
264724 36139.8 13609.9 -79061.7 -199933 -35466.4
264789 36176.1 13640.3 -79082.3 -200050 -35460.7
264855 36212.4 13670.8 -79103.2 -200168 -35455
264921 36248.7 13701.4 -79123.9 -200286 -35449.3
264987 36285 13731.9 -79144.7 -200403 -35443.4
265052 36321.3 13762.3 -79165.5 -200521 -35437.6
265118 36357.6 13792.8 -79186.4 -200638 -35431.7
265184 36393.9 13822.7 -79206.9 -200756 -35425.7
265250 36429.8 13851.1 -79226.4 -200873 -35419.6
265316 36465.6 13878.9 -79245.8 -200989 -35413.4
265381 36501.3 13906.1 -79264.7 -201105 -35407.2
265447 36536.5 13931.5 -79282.8 -201220 -35400.7
265513 36571.8 13956.6 -79300.6 -201336 -35394.1
265579 36607 13981.7 -79318.3 -201451 -35387.5
265645 36642.2 14006.8 -79336.2 -201566 -35380.9
265711 36677.5 14032 -79354.1 -201681 -35374.2
265778 36712.7 14057.1 -79371.9 -201796 -35367.5
265844 36748 14082.3 -79389.7 -201912 -35360.8
265910 36783.2 14107.5 -79407.6 -202027 -35354.1
265976 36818.5 14132.7 -79425.5 -202143 -35347.3
266042 36853.8 14157.9 -79443.4 -202258 -35340.5
266108 36889.1 14183.2 -79461.3 -202374 -35333.6
266174 36924.3 14208.4 -79479.1 -202489 -35326.8
266239 36959.6 14233.7 -79496.9 -202605 -35319.9
266305 36994.9 14259 -79514.8 -202720 -35313
266371 37030.1 14284.3 -79532.6 -202836 -35306
266437 37065.4 14309.7 -79550.6 -202952 -35299.1
266503 37100.6 14335 -79568.3 -203067 -35292.1
266569 37135.9 14360.3 -79586.2 -203183 -35285.1
266635 37171.1 14385.7 -79604.1 -203298 -35278
266701 37206.4 14411.1 -79622 -203414 -35270.9
266766 37241.7 14436.5 -79639.8 -203530 -35263.9
266832 37276.9 14462 -79657.7 -203646 -35256.8
266898 37312.2 14487.4 -79675.5 -203761 -35249.6
266963 37347.4 14512.9 -79693.4 -203877 -35242.4
267029 37382.6 14538.4 -79711.2 -203992 -35235.3
267094 37417.8 14563.8 -79728.9 -204108 -35228.1
267160 37452.9 14589.3 -79746.8 -204224 -35220.8
267225 37488.1 14614.8 -79764.6 -204339 -35213.5
267291 37523.3 14640.3 -79782.5 -204455 -35206.3
267356 37558.5 14665.8 -79800.3 -204571 -35198.9
267422 37593.7 14691.5 -79818.2 -204686 -35191.7
267487 37629 14717.2 -79836.1 -204802 -35184.3
267553 37664.4 14742.9 -79854.1 -204918 -35176.9
267618 37699.7 14768.7 -79872.1 -205034 -35169.6
267684 37735.1 14794.5 -79890 -205150 -35162.1
267749 37770.4 14820.4 -79907.9 -205266 -35154.8
267814 37805.7 14846.2 -79925.8 -205381 -35147.3
267879 37841 14872.1 -79943.7 -205497 -35139.9
267944 37876.3 14897.9 -79961.6 -205613 -35132.4
268009 37911.6 14923.8 -79979.5 -205729 -35125
268075 37946.9 14949.7 -79997.5 -205845 -35117.4
268140 37982.1 14975.6 -80015.3 -205961 -35109.9
268205 38017.3 15001.5 -80033.3 -206077 -35102.3
268270 38052.6 15027.4 -80051.1 -206193 -35094.7
268335 38087.9 15053.3 -80069.1 -206309 -35086.9
268401 38123.3 15079.4 -80087.3 -206426 -35079.3
268466 38158.8 15105.6 -80105.3 -206542 -35071.6
268531 38194.4 15132 -80123.3 -206659 -35064
268596 38229.9 15158.4 -80141.5 -206776 -35056.3
268661 38265.4 15184.9 -80159.5 -206892 -35048.6
268726 38300.9 15211.4 -80177.5 -207008 -35040.9
268791 38336.4 15237.8 -80195.5 -207125 -35033.2
268855 38371.8 15264.4 -80213.4 -207241 -35025.4
268920 38407.2 15291 -80231.4 -207357 -35017.7
268984 38442.5 15317.5 -80249.3 -207474 -35009.9
269049 38477.9 15344 -80267.3 -207590 -35002.1
269114 38513.3 15370.6 -80285.3 -207706 -34994.2
269178 38548.7 15397.2 -80303.4 -207823 -34986.4
269243 38584 15423.7 -80321.4 -207939 -34978.4
269307 38619.4 15450.4 -80339.4 -208056 -34970.5
269372 38654.7 15477.1 -80357.4 -208172 -34962.5
269436 38690.1 15503.7 -80375.4 -208288 -34954.6
269501 38725.4 15530.4 -80393.5 -208405 -34946.6
269565 38760.7 15557.1 -80411.5 -208521 -34938.6
269629 38796 15583.8 -80429.4 -208637 -34930.5
269694 38831.3 15610.5 -80447.5 -208754 -34922.4
269758 38866.6 15637.2 -80465.5 -208870 -34914.3
269822 38901.9 15664 -80483.4 -208987 -34906.1
269886 38937.2 15690.7 -80501.5 -209103 -34898
269951 38972.4 15717.4 -80519.5 -209219 -34889.8
270015 39007.7 15744.2 -80537.5 -209336 -34881.6
270079 39042.9 15770.9 -80555.5 -209452 -34873.4
270143 39078.2 15797.7 -80573.6 -209569 -34865.1
270207 39113.5 15824.5 -80591.6 -209686 -34856.8
270272 39148.8 15851.3 -80609.7 -209802 -34848.4
270336 39184.1 15878.1 -80627.7 -209919 -34840.1
270400 39219.4 15904.9 -80645.8 -210036 -34831.7
270464 39254.6 15931.7 -80663.8 -210152 -34823.3
270528 39289.9 15958.6 -80681.9 -210269 -34814.8
270593 39325.2 15985.4 -80699.9 -210386 -34806.4
270657 39360.4 16012.2 -80717.9 -210502 -34797.8
270721 39395.7 16039.1 -80736 -210619 -34789.3
270785 39430.9 16066 -80754.1 -210736 -34780.7
270849 39466.2 16092.8 -80772.1 -210852 -34772.1
270913 39501.4 16119.7 -80790.2 -210969 -34763.5
270977 39536.6 16146.6 -80808.2 -211086 -34754.9
271041 39571.8 16173.5 -80826.3 -211202 -34746.3
271105 39607 16200.3 -80844.3 -211319 -34737.5
271168 39642.2 16227.2 -80862.4 -211436 -34728.9
271232 39677.4 16254.1 -80880.5 -211553 -34720.1
271296 39712.6 16280.9 -80898.5 -211669 -34711.3
271360 39747.8 16307.7 -80916.7 -211786 -34702.4
271424 39783 16334.5 -80934.8 -211903 -34693.6
271488 39818.2 16361.3 -80952.9 -212020 -34684.6
271552 39853.5 16388.2 -80971.2 -212137 -34675.7
271616 39888.7 16415 -80989.3 -212253 -34666.7
271680 39923.9 16441.9 -81007.5 -212370 -34657.7
271744 39959.2 16468.7 -81025.7 -212487 -34648.7
271808 39994.4 16495.6 -81043.7 -212604 -34639.7
271872 40029.6 16522.4 -81061.9 -212721 -34630.5
271936 40064.8 16549.3 -81080.1 -212838 -34621.4
272000 40100 16576.2 -81098.2 -212955 -34612.3
272064 40135.2 16603.1 -81116.5 -213072 -34603.2
272127 40170.4 16630 -81134.6 -213188 -34594.1
272191 40205.6 16657 -81152.8 -213305 -34584.9
272255 40240.8 16683.8 -81171 -213422 -34575.7
272319 40276.1 16710.6 -81189.3 -213539 -34566.4
272383 40311.3 16737.4 -81207.6 -213656 -34557.2
272447 40346.6 16764.2 -81226 -213774 -34547.8
272511 40381.9 16791 -81244.2 -213891 -34538.5
272575 40417.2 16818 -81262.5 -214008 -34529.4
272639 40452.6 16845.1 -81280.8 -214125 -34520.4
272703 40487.9 16872.2 -81299.1 -214242 -34511.3
272767 40523.2 16899.3 -81317.3 -214359 -34502.3
272830 40558.6 16926.4 -81335.7 -214477 -34493.1
272895 40593.9 16953.3 -81354 -214594 -34483.9
272959 40629.4 16980.3 -81372.6 -214711 -34474.7
273023 40664.8 17007.2 -81390.9 -214829 -34465.4
273087 40700.3 17034.2 -81409.4 -214946 -34456.1
273151 40735.8 17061.1 -81427.8 -215064 -34446.9
273215 40771.3 17087.9 -81446.3 -215181 -34437.4
273280 40806.8 17114.6 -81465 -215299 -34428.1
273344 40842.4 17141.4 -81483.6 -215416 -34418.6
273409 40878.1 17168.3 -81502.2 -215534 -34409.4
273473 40913.7 17195.3 -81520.9 -215652 -34400.2
273538 40949.5 17222.3 -81539.6 -215770 -34391
273602 40985.2 17249.3 -81558.2 -215888 -34381.7
273667 41020.9 17276.4 -81576.8 -216005 -34372.5
273731 41056.7 17303.4 -81595.4 -216123 -34363.2
273795 41092.4 17330.5 -81614.1 -216241 -34353.9
273860 41128.2 17357.5 -81632.8 -216359 -34344.6
273924 41164 17384.4 -81651.7 -216477 -34335.2
273989 41199.8 17411.3 -81670.3 -216595 -34325.9
274054 41235.7 17438.3 -81689.2 -216713 -34316.6
274118 41271.6 17465.3 -81708 -216831 -34307.2
274183 41307.5 17492.2 -81726.7 -216949 -34297.8
274247 41343.4 17519.3 -81745.6 -217067 -34288.3
274312 41379.2 17546.3 -81764.5 -217185 -34278.9
274376 41415.1 17573.3 -81783.4 -217304 -34269.3
274441 41451 17600.2 -81802.3 -217422 -34259.8
274505 41486.9 17627.3 -81821.2 -217540 -34250.3
274570 41522.8 17654.2 -81840.1 -217658 -34240.7
274635 41558.8 17681.2 -81859.2 -217776 -34231
274699 41594.7 17708.2 -81878.1 -217894 -34221.3
274764 41630.6 17735.3 -81897.2 -218012 -34211.6
274828 41666.5 17762.3 -81916.2 -218130 -34201.9
274892 41702.4 17789.3 -81935.2 -218248 -34192.1
274957 41738.3 17816.3 -81954.3 -218367 -34182.3
275021 41774.2 17843.4 -81973.3 -218485 -34172.5
275086 41810.1 17870.4 -81992.3 -218603 -34162.7
275150 41846 17897.5 -82011.4 -218721 -34152.8
275214 41881.8 17924.5 -82030.4 -218839 -34142.8
275279 41917.7 17951.6 -82049.4 -218957 -34132.9
275343 41953.6 17978.7 -82068.6 -219076 -34123
275407 41989.4 18005.8 -82087.6 -219194 -34113
275472 42025.3 18032.8 -82106.6 -219312 -34103
275536 42061.2 18059.9 -82125.8 -219430 -34093
275600 42097 18087 -82144.8 -219548 -34082.9
275664 42132.8 18114.2 -82163.8 -219667 -34072.8
275729 42168.7 18141.3 -82182.9 -219785 -34062.6
275793 42204.5 18168.4 -82202 -219903 -34052.5
275857 42240.4 18195.5 -82221.1 -220021 -34042.4
275921 42276.2 18222.7 -82240.2 -220140 -34032.2
275985 42312 18249.9 -82259.2 -220258 -34022
276049 42347.8 18277 -82278.4 -220376 -34011.7
276113 42383.6 18304.2 -82297.5 -220494 -34001.4
276177 42419.4 18331.4 -82316.5 -220613 -33991.1
276241 42455.2 18358.6 -82335.6 -220731 -33980.8
276305 42491 18385.7 -82354.7 -220849 -33970.4
276369 42526.9 18413 -82374 -220968 -33960.1
276434 42562.6 18440.2 -82393 -221086 -33949.7
276497 42598.4 18467.4 -82412.1 -221204 -33939.2
276561 42634.2 18494.6 -82431.2 -221322 -33928.7
276625 42670 18521.9 -82450.3 -221441 -33918.3
276689 42705.8 18549.1 -82469.5 -221559 -33907.7
276753 42741.6 18576.4 -82488.6 -221678 -33897.2
276817 42777.3 18603.7 -82507.8 -221796 -33886.7
276881 42813.1 18631 -82526.9 -221914 -33876.1
276945 42848.8 18658.3 -82546 -222033 -33865.4
277009 42884.6 18685.6 -82565.1 -222151 -33854.8
277072 42920.3 18712.9 -82584.3 -222269 -33844.1
277136 42956.1 18740.2 -82603.4 -222388 -33833.5
277200 42991.8 18767.6 -82622.6 -222506 -33822.8
277264 43027.5 18794.8 -82642.4 -222624 -33812.3
277327 43063.3 18822 -82662.4 -222742 -33801.6
277391 43099 18849.2 -82682.7 -222860 -33791
277455 43134.8 18876.1 -82703.2 -222977 -33780.1
277519 43170.5 18903.2 -82723.7 -223095 -33769.3
277583 43206.2 18930.1 -82744.3 -223212 -33758.3
277647 43241.9 18957 -82764.8 -223329 -33747.3
277711 43277.6 18984 -82785.3 -223446 -33736.3
277775 43313.4 19010.9 -82805.8 -223563 -33725.2
277839 43349.1 19037.9 -82826.4 -223681 -33714.2
277903 43384.8 19064.8 -82846.8 -223798 -33703.1
277967 43420.5 19091.7 -82867.5 -223915 -33691.8
278031 43456.2 19118.7 -82888 -224032 -33680.8
278095 43492 19145.7 -82908.6 -224150 -33669.5
278159 43527.7 19172.6 -82929.1 -224267 -33658.4
278222 43563.4 19199.6 -82949.7 -224384 -33647.1
278286 43599.1 19226.6 -82970.2 -224501 -33635.9
278350 43634.8 19253.6 -82990.8 -224619 -33624.5
278414 43670.5 19280.6 -83011.4 -224736 -33613.3
278478 43706.3 19307.7 -83032 -224853 -33601.9
278542 43742 19334.8 -83052.6 -224971 -33590.6
278605 43777.7 19361.8 -83073.2 -225088 -33579.1
278669 43813.4 19388.9 -83093.7 -225205 -33567.8
278733 43849.1 19415.9 -83114.3 -225323 -33556.3
278797 43884.8 19443 -83135.1 -225440 -33544.9
278860 43920.4 19470.1 -83155.5 -225557 -33533.4
278924 43956.1 19497.2 -83176.1 -225675 -33521.9
278988 43991.8 19524.3 -83196.7 -225792 -33510.3
279051 44027.5 19551.5 -83217.4 -225910 -33498.8
279115 44063.2 19578.6 -83238.1 -226027 -33487.1
279179 44098.9 19605.8 -83258.7 -226145 -33475.6
279242 44134.5 19633 -83279.3 -226262 -33463.9
279306 44170.2 19660.2 -83299.8 -226379 -33452.3
279369 44205.8 19687.5 -83320.4 -226497 -33440.6
279433 44241.4 19714.7 -83341.1 -226614 -33428.9
279496 44277 19741.9 -83361.6 -226731 -33417.2
279559 44312.7 19769.2 -83382.3 -226849 -33405.5
279623 44348.3 19796.5 -83402.9 -226966 -33393.7
279686 44383.9 19823.7 -83423.5 -227084 -33381.9
279750 44419.5 19851 -83444.1 -227201 -33370.1
279813 44455.1 19878.3 -83464.8 -227318 -33358.3
279876 44490.7 19905.6 -83485.5 -227436 -33346.3
279940 44526.3 19932.9 -83506.1 -227554 -33334.5
280003 44561.9 19960.3 -83526.7 -227671 -33322.5
280066 44597.5 19987.7 -83547.4 -227789 -33310.7
280130 44633.1 20015 -83568.2 -227907 -33298.6
280193 44668.7 20042.6 -83588.7 -228024 -33286.8
280256 44704.3 20070 -83609.4 -228141 -33274.7
280319 44739.9 20097.5 -83630 -228259 -33262.8
280382 44775.4 20125 -83650.7 -228376 -33250.6
280445 44810.9 20152.5 -83671.2 -228494 -33238.7
280508 44846.5 20179.8 -83692.4 -228612 -33226.2
280571 44882 20207.6 -83713.2 -228729 -33214.3
280634 44917.5 20235.6 -83735.1 -228847 -33201.2
280697 44952.9 20263.3 -83757.1 -228964 -33188.5
280760 44988.4 20291.2 -83779.6 -229082 -33174.8
280823 45023.8 20319.2 -83802.8 -229200 -33161.3
280886 45059.1 20347.2 -83825.9 -229317 -33147.1
280949 45094.4 20375.2 -83849.3 -229434 -33133.1
281012 45129.8 20403.4 -83872.6 -229552 -33118.8
281075 45165.1 20431.6 -83896 -229669 -33104.8
281137 45200.4 20459.8 -83919.2 -229786 -33090.4
281200 45235.7 20488.1 -83942.5 -229903 -33076.3
281263 45270.9 20516.3 -83965.9 -230020 -33061.9
281325 45306.1 20544.5 -83989.2 -230137 -33047.8
281388 45341.2 20572.8 -84012.5 -230254 -33033.3
281450 45376.4 20601.1 -84035.8 -230371 -33019.2
281513 45411.5 20629.3 -84059 -230488 -33004.7
281575 45446.6 20657.5 -84082.3 -230604 -32990.5
281638 45481.7 20685.7 -84105.7 -230721 -32975.9
281700 45516.8 20714.2 -84128.9 -230838 -32961.8
281762 45551.8 20742.4 -84152.2 -230955 -32947.1
281824 45586.9 20770.9 -84175.3 -231072 -32933.1
281887 45622 20799.1 -84198.7 -231189 -32918.3
281949 45657 20827.8 -84221.7 -231305 -32904.3
282011 45692.1 20856.2 -84245 -231423 -32889.4
282074 45727.2 20884.5 -84268.2 -231540 -32875.3
282136 45762.2 20913.1 -84291.4 -231657 -32860.5
282198 45797.3 20941.7 -84314.5 -231773 -32846.5
282260 45832.3 20970 -84338 -231891 -32831.5
282322 45867.3 20998.8 -84361 -232007 -32817.5
282384 45902.4 21027.1 -84384.3 -232124 -32802.3
282446 45937.4 21055.8 -84407.5 -232241 -32788.4
282508 45972.4 21084.3 -84430.8 -232358 -32773.1
282570 46007.6 21113 -84454.1 -232475 -32759.2
282632 46042.6 21141.8 -84477.3 -232593 -32744
282694 46077.7 21170.6 -84500.5 -232710 -32730
282756 46112.8 21199.5 -84523.8 -232827 -32714.8
282817 46147.8 21228.4 -84547.1 -232944 -32700.7
282879 46182.8 21257.3 -84570.3 -233061 -32685.5
282941 46217.8 21286.2 -84593.6 -233178 -32671.3
283003 46252.8 21315.1 -84616.8 -233295 -32656.1
283064 46287.8 21344 -84640 -233412 -32641.8
283126 46322.8 21373 -84663.4 -233529 -32626.6
283188 46357.9 21402 -84686.8 -233647 -32612.2
283250 46392.9 21430.9 -84710.1 -233764 -32596.9
283311 46427.9 21459.9 -84733.4 -233881 -32582.5
283373 46463 21489 -84756.7 -233999 -32567.2
283435 46498 21518.1 -84780.1 -234116 -32552.7
283497 46533.1 21547.1 -84803.5 -234234 -32537.3
283558 46568.2 21576.3 -84826.8 -234351 -32522.9
283620 46603.5 21605.1 -84850.2 -234469 -32507.4
283682 46639.1 21633.9 -84873.8 -234586 -32492.9
283744 46674.7 21662.7 -84897.2 -234704 -32477.5
283805 46710.3 21691.6 -84920.7 -234821 -32462.9
283867 46746.1 21720.4 -84944.3 -234939 -32447.4
283928 46782.8 21748.3 -84967.9 -235056 -32432.7
283990 46819.8 21776.3 -84991.7 -235174 -32417.3
284051 46856.8 21804.3 -85015.6 -235292 -32402.7
284113 46893.8 21832.4 -85039.4 -235410 -32387.2
284174 46931.1 21860.3 -85063.3 -235528 -32372.5
284236 46969.6 21887.2 -85087.5 -235646 -32357
284297 47008.3 21914.1 -85111.6 -235763 -32342.3
284359 47047.2 21940.9 -85136 -235881 -32326.7
284420 47086.2 21967.6 -85160.6 -235999 -32312
284482 47125.3 21994.3 -85185.1 -236117 -32296.4
284543 47165.5 22020 -85209.7 -236235 -32281.6
284605 47206.4 22045.3 -85234.7 -236353 -32265.9
284666 47247.5 22070.7 -85259.7 -236471 -32251
284728 47288.8 22096 -85285 -236590 -32235.3
284789 47330.2 22121.3 -85310.2 -236708 -32220.4
284851 47371.7 22146.6 -85335.6 -236826 -32204.7
284912 47414.2 22171 -85361 -236944 -32189.6
284974 47457.6 22194.6 -85386.7 -237063 -32173.8
285036 47501.4 22218.2 -85412.6 -237181 -32158.9
285097 47545.4 22241.7 -85438.7 -237300 -32142.9
285159 47589.6 22265.2 -85464.8 -237418 -32127.9
285220 47634.6 22288 -85490.9 -237537 -32112.1
285281 47680.2 22310.5 -85517.3 -237655 -32097.1
285342 47726.1 22332.8 -85543.7 -237773 -32081.2
285403 47772.1 22355.3 -85570.2 -237891 -32066.2
285463 47818.4 22378.1 -85597 -238009 -32050.5
285524 47864.8 22401.2 -85623.8 -238127 -32035.6
285584 47911.7 22424.5 -85651 -238246 -32019.8
285644 47959.1 22447.9 -85678.6 -238364 -32005
285704 48007.2 22471.2 -85706.8 -238484 -31989.2
285764 48056.1 22494.5 -85735.1 -238602 -31974.3
285824 48105.6 22517.6 -85763.9 -238721 -31958.5
285884 48155.9 22540.7 -85793.2 -238840 -31943.6
285944 48207 22563.6 -85822.9 -238960 -31927.8
286003 48258.8 22586.3 -85853.1 -239079 -31912.9
286063 48311.2 22608.9 -85883.4 -239199 -31897
286123 48364.4 22631.4 -85914.2 -239319 -31882.1
286182 48418.2 22653.7 -85945.4 -239439 -31866.2
286241 48472.6 22676.1 -85976.9 -239558 -31851.2
286301 48527.5 22698.2 -86008.7 -239679 -31835.4
286360 48583 22720.4 -86040.7 -239798 -31820.5
286418 48638.9 22742.3 -86073 -239918 -31804.5
286477 48695.3 22764.2 -86105.6 -240038 -31789.6
286536 48752.3 22785.9 -86138.4 -240158 -31773.7
286595 48809.6 22807.6 -86171.6 -240279 -31758.6
286654 48867.4 22829.1 -86205 -240399 -31742.7
286713 48925.6 22850.6 -86238.6 -240519 -31727.6
286772 48984.2 22871.9 -86272.3 -240640 -31711.6
286830 49043.1 22893.2 -86306.3 -240760 -31696.5
286889 49102.4 22914.4 -86340.5 -240881 -31680.5
286948 49162 22935.5 -86374.7 -241001 -31665.4
287006 49221.8 22956.6 -86409.3 -241122 -31649.3
287065 49282 22977.6 -86443.9 -241243 -31634.2
287124 49342.4 22998.6 -86478.7 -241364 -31618
287182 49403 23019.5 -86513.6 -241485 -31602.8
287241 49463.9 23040.3 -86548.7 -241606 -31586.6
287299 49525 23061.1 -86583.8 -241726 -31571.4
287358 49586.3 23081.9 -86619.1 -241848 -31555.2
287416 49647.7 23102.7 -86654.5 -241969 -31539.9
287475 49709.4 23123.4 -86690 -242090 -31523.7
287533 49771.1 23144.1 -86725.5 -242211 -31508.4
287592 49833 23164.8 -86761.2 -242332 -31492
287650 49895.1 23185.5 -86796.8 -242453 -31476.8
287708 49957.1 23206.3 -86832.4 -242574 -31460.4
287766 50019.2 23227.1 -86868.2 -242695 -31445.1
287824 50081.4 23247.9 -86903.9 -242816 -31428.8
287882 50143.6 23268.7 -86939.6 -242937 -31413.5
287940 50205.8 23289.4 -86975.4 -243058 -31397.1
287997 50268 23310.1 -87011.2 -243179 -31381.8
288055 50330.3 23330.8 -87047.1 -243300 -31365.3
288113 50392.6 23351.5 -87082.9 -243420 -31349.9
288170 50454.8 23372.2 -87118.8 -243541 -31333.5
288228 50517.1 23392.9 -87154.6 -243661 -31318
288286 50579.4 23413.5 -87190.5 -243782 -31301.5
288343 50641.8 23434.3 -87226.5 -243903 -31286.1
288401 50704.1 23454.9 -87262.4 -244024 -31269.5
288459 50766.4 23475.6 -87298.4 -244144 -31254
288516 50828.7 23496.3 -87334.3 -244265 -31237.5
288573 50891 23517.1 -87370.1 -244385 -31221.9
288631 50953.2 23537.8 -87406 -244506 -31205.3
288688 51015.4 23558.6 -87441.9 -244626 -31189.7
288746 51077.6 23579.4 -87477.8 -244747 -31173.1
288803 51139.8 23600.2 -87513.6 -244867 -31157.5
288860 51201.9 23621 -87549.5 -244988 -31140.8
288917 51263.9 23641.8 -87585.3 -245108 -31125.2
288974 51326 23662.7 -87621.2 -245229 -31108.4
289032 51387.9 23683.5 -87657 -245349 -31092.8
289089 51449.9 23704.4 -87692.8 -245470 -31076
289146 51511.8 23725.2 -87728.6 -245590 -31060.3
289203 51573.7 23746 -87764.5 -245710 -31043.5
289260 51635.6 23766.9 -87800.2 -245831 -31027.7
289317 51697.4 23787.8 -87836 -245951 -31010.9
289374 51759.2 23808.7 -87871.7 -246071 -30995.1
289431 51820.9 23829.6 -87907.5 -246192 -30978.1
289489 51882.6 23850.6 -87943.2 -246312 -30962.4
289546 51944.3 23871.5 -87979 -246433 -30945.3
289603 52006 23892.5 -88014.8 -246553 -30929.5
289660 52067.6 23913.5 -88050.4 -246673 -30912.5
289717 52129.2 23934.5 -88086.2 -246794 -30896.6
289774 52190.8 23955.5 -88121.8 -246914 -30879.5
289831 52252.3 23976.5 -88157.5 -247035 -30863.6
289888 52313.9 23997.5 -88193.2 -247155 -30846.4
289945 52375.3 24018.6 -88228.9 -247276 -30830.5
290002 52436.8 24039.7 -88264.5 -247397 -30813.1
290059 52498.2 24060.9 -88299.9 -247518 -30797
290116 52559.6 24082.1 -88335.4 -247639 -30779.5
290173 52621 24103.2 -88370.8 -247760 -30763.4
290230 52682.3 24124.4 -88406.3 -247881 -30745.9
290287 52743.6 24145.7 -88441.6 -248002 -30729.6
290344 52804.9 24166.9 -88477 -248123 -30712.1
290400 52866.1 24188.1 -88512.4 -248243 -30695.9
290457 52927.3 24209.4 -88547.8 -248365 -30678.2
290514 52988.5 24230.7 -88583.1 -248485 -30662
290571 53049.7 24251.9 -88618.6 -248607 -30644.3
290628 53110.8 24273.3 -88654.1 -248730 -30628
290685 53171.9 24294.8 -88689.2 -248854 -30609.7
290742 53233 24316.4 -88723.9 -248978 -30592.4
290798 53294.1 24338 -88758.2 -249102 -30573.8
290855 53355.3 24359.8 -88792.4 -249226 -30556.4
290912 53416.4 24381.5 -88826.8 -249350 -30537.6
290968 53477.5 24403.3 -88860.9 -249473 -30520.2
291025 53538.5 24425.1 -88895.1 -249596 -30501.2
291082 53599.6 24447 -88929.3 -249720 -30484
291138 53660.6 24468.8 -88963.3 -249844 -30464.7
291195 53721.7 24490.7 -88997.5 -249967 -30447.7
291251 53782.6 24512.6 -89031.5 -250091 -30428.3
291308 53843.6 24534.5 -89065.7 -250214 -30411.3
291364 53904.6 24556.4 -89099.8 -250338 -30391.7
291421 53965.5 24578.3 -89133.8 -250461 -30374.9
291477 54026.4 24600.2 -89168 -250585 -30354.9
291534 54087.3 24622.2 -89201.9 -250708 -30338.4
291590 54148.1 24644.1 -89236 -250832 -30318.2
291647 54208.9 24666.1 -89270 -250955 -30301.8
291703 54269.7 24688 -89304.1 -251080 -30281.4
291760 54330.5 24710 -89338 -251202 -30265.2
291816 54391.2 24732 -89372.1 -251327 -30244.4
291873 54452 24754 -89406.1 -251449 -30228.4
291929 54512.7 24776.2 -89439.9 -251577 -30206.8
291985 54573.4 24798.5 -89473.6 -251704 -30190.4
292042 54634.1 24820.7 -89506.9 -251832 -30168.3
292098 54694.9 24843.1 -89539.9 -251958 -30151.6
292154 54755.6 24865.5 -89572.8 -252085 -30129.1
292211 54816.4 24888 -89605.6 -252211 -30112.6
292267 54877.1 24910.5 -89638.5 -252338 -30089.8
292324 54937.9 24933 -89671.3 -252464 -30073.5
292380 54998.6 24955.5 -89704 -252590 -30050.4
292436 55059.4 24978.1 -89736.8 -252716 -30034.2
292492 55120.1 25000.5 -89769.6 -252843 -30010.9
292549 55180.9 25023.1 -89802.5 -252969 -29994.8
292605 55241.7 25045.5 -89835.4 -253097 -29971.3
292662 55302.5 25068.1 -89868.3 -253223 -29955.4
292718 55363.3 25090.3 -89901 -253350 -29931.6
292775 55424 25112.6 -89933.8 -253476 -29915.6
292832 55484.7 25134.7 -89966.6 -253604 -29891.6
292889 55545.5 25156.9 -89999.4 -253730 -29875.8
292945 55606.3 25179.1 -90032.2 -253858 -29851.5
293002 55667.1 25201.4 -90064.9 -253986 -29835.6
293059 55727.8 25223.7 -90097.6 -254115 -29811
293116 55788.6 25246.2 -90130.1 -254243 -29795.1
293173 55849.3 25268.8 -90162.5 -254372 -29770.1
293230 55910 25291.5 -90194.8 -254499 -29754.3
293286 55970.7 25314.3 -90227 -254629 -29729.1
293343 56031.4 25337.3 -90259.4 -254757 -29713.4
293400 56092.1 25360.3 -90291.8 -254887 -29688.1
293457 56152.9 25383.6 -90324 -255015 -29672.6
293513 56213.7 25407 -90356.3 -255145 -29646.9
293570 56274.6 25430.6 -90388.6 -255273 -29631.6
293626 56335.4 25454.4 -90420.9 -255404 -29605.8
293683 56396.5 25478.5 -90453.3 -255532 -29590.5
293739 56457.7 25502.7 -90485.8 -255663 -29564.7
293795 56519 25527.2 -90518.3 -255792 -29549.6
293851 56580.5 25551.8 -90550.8 -255923 -29523.5
293908 56642.1 25576.9 -90583.4 -256053 -29508.6
293963 56703.9 25602.1 -90616.1 -256185 -29482.4
294019 56766 25627.7 -90648.9 -256315 -29467.6
294074 56828.3 25653.6 -90681.8 -256447 -29441.4
294130 56890.9 25679.9 -90715 -256578 -29426.7
294185 56953.8 25706.3 -90748.1 -256711 -29400.5
294240 57017.1 25733.2 -90781.5 -256842 -29385.8
294295 57080.9 25760.2 -90815 -256976 -29359.6
294350 57145.1 25787.5 -90849 -257107 -29345
294404 57209.8 25814.8 -90883 -257241 -29318.8
294459 57275 25842.5 -90917.4 -257373 -29304.2
294512 57340.7 25870.1 -90951.9 -257508 -29277.9
294567 57407 25898.1 -90986.8 -257640 -29263.5
294620 57473.7 25926 -91021.9 -257775 -29237
294674 57541.1 25954.1 -91057.4 -257908 -29222.8
294727 57608.9 25982.2 -91093 -258043 -29196.2
294781 57677.2 26010.6 -91129 -258176 -29182.1
294834 57746 26038.9 -91165.2 -258312 -29155.4
294887 57815.3 26067.5 -91201.5 -258445 -29141.4
294939 57885 26096.1 -91238 -258582 -29114.6
294992 57955.3 26124.9 -91275 -258715 -29100.7
295044 58025.9 26153.7 -91311.9 -258852 -29073.8
295097 58097 26182.8 -91349.2 -258986 -29060
295149 58168.5 26211.9 -91386.8 -259123 -29033
295201 58240.4 26241.3 -91424.5 -259258 -29019.4
295253 58312.8 26270.7 -91462.4 -259395 -28992.2
295304 58385.6 26300.3 -91500.6 -259530 -28978.8
295356 58458.9 26330 -91538.9 -259668 -28951.5
295407 58532.6 26359.9 -91577.5 -259803 -28938.2
295458 58606.8 26389.8 -91616.4 -259941 -28910.8
295509 58681.5 26420 -91655.4 -260077 -28897.6
295560 58756.6 26450 -91694.7 -260215 -28869.9
295611 58832.3 26480.3 -91734.3 -260351 -28857
295661 58908.3 26510.5 -91774.1 -260490 -28829.2
295712 58984.8 26541 -91814.1 -260626 -28816.4
295762 59061.8 26571.3 -91854.4 -260765 -28788.4
295812 59139.2 26601.9 -91894.8 -260901 -28775.8
295862 59216.9 26632.3 -91935.4 -261041 -28747.6
295912 59295.2 26663 -91976.4 -261178 -28735
295962 59373.8 26693.6 -92017.4 -261318 -28706.8
296012 59452.8 26724.3 -92059 -261454 -28694.3
296061 59532.2 26754.9 -92100.4 -261595 -28666
296111 59611.9 26785.7 -92142.1 -261731 -28653.6
296160 59691.9 26816.4 -92183.9 -261872 -28625.1
296210 59772.3 26847.3 -92226 -262009 -28612.8
296259 59853 26878 -92268.2 -262150 -28584.2
296308 59934 26908.9 -92310.6 -262287 -28572
296357 60015.2 26939.6 -92352.9 -262428 -28543.3
296406 60096.7 26970.6 -92395.7 -262565 -28531.2
296455 60178.5 27001.4 -92438.5 -262706 -28502.2
296504 60260.5 27032.4 -92481.3 -262843 -28490.3
296553 60343.8 27061 -92524.7 -262984 -28461.2
296603 60430.1 27083.4 -92569 -263117 -28449.1
