   1.5356200e-01   1.4770400e-01   3.6499147e+02   3.2691821e+02   3.0858077e-02   2.0962925e-01   1.9438993e-02   3.5965803e-02   1.3956580e-01   8.4384889e+00   8.0404300e+00   2.1509614e+01   1.7447238e+00   1.5979932e+01   4.3555122e+01   1.8997604e+00   5.3462953e-01   5.6015977e-02   1.2860000e+01   3.7076688e+01   1.2027184e-01   6.9753652e+00   6.3406562e-01   2.5926303e-02   1.1300868e-01   1.2972166e+01   6.2487591e-01   2.5124577e+00   1.1366860e-01
   1.9609400e-01   1.9432300e-01   1.8539964e+03   1.7243401e+03   5.2481966e-02   1.6065227e+00   7.0180095e-02   5.2628506e-02   1.9447532e-01   4.0656773e+01   4.0616271e+01   4.9522562e+02   1.2420156e+01   9.8227323e+01   5.8783801e+03   3.6113443e+01   1.3745040e+01   2.1134870e-01   3.4072000e+01   1.0764460e+02   1.9343586e-01   2.3664284e+01   4.1507123e-01   1.8824275e-01   3.7597620e-01   5.5138085e+01   4.1095424e-01   1.8637722e+01   3.5200004e-01
   3.4121100e-01   3.3176800e-01   7.2032784e+02   6.5673175e+02   6.4577020e-02   7.1283529e-01   5.1868029e-02   7.3978459e-02   3.3532245e-01   1.6498503e+01   1.6380858e+01   6.3019392e+01   4.9118326e+00   2.9331610e+01   2.9186061e+02   5.5289226e+00   2.0126215e+00   4.9289283e-02   9.9900000e+00   7.8024119e+01   2.5617355e-01   7.5037074e+00   9.1224787e-01   4.1048292e-02   1.1637570e-01   1.5138942e+01   9.0397305e-01   4.0658740e+00   2.4341698e-01
   4.5208700e-01   4.5041800e-01   4.6455664e+02   4.3769043e+02   1.2079711e-01   8.5227091e-01   7.7585432e-02   6.9776566e-01   4.5280179e-01   5.1537905e+01   5.1471793e+01   4.9736245e+01   1.4588446e+01   7.0060694e+01   7.6025380e+02   7.0974965e+00   3.5356165e+00   1.1620792e-01   3.4150000e+00   1.7589743e+02   2.9310214e-01   3.9361171e+01   6.9416987e-01   1.3950284e-01   5.5250134e-01   5.4771124e+01   6.8810311e-01   1.3599449e+01   7.8262926e-01
   1.2469500e-01   1.1673600e-01   5.0869606e+02   4.8201524e+02   3.9210250e-02   3.1986244e-01   2.7074859e-02   2.9893686e-02   1.1759936e-01   1.2516786e+01   1.2446936e+01   5.8352359e+01   4.0979670e+00   2.3373634e+01   2.3422974e+02   5.3245121e+00   2.5308237e+00   1.0232336e-01   1.2160000e+01   1.4308075e+02   1.2892923e-01   1.1814096e+01   4.6005391e-01   3.5859368e-02   1.7367502e-01   1.7276220e+01   4.5600893e-01   3.5170236e+00   2.1157650e-01
   1.9084700e-01   1.8989800e-01   5.7098006e+02   5.4291983e+02   4.1008681e-02   4.4279433e-01   3.2569752e-02   7.6126346e-02   1.9060951e-01   2.9343005e+01   2.9319373e+01   1.0452789e+02   7.6836017e+00   5.8110546e+01   9.6976720e+02   1.0237532e+01   3.8583455e+00   1.5672932e-01   1.5381600e+01   1.2191515e+02   1.3469649e-01   1.8371206e+01   3.5142892e-01   1.8755896e-01   3.1653448e-01   6.4522514e+01   3.4799469e-01   1.8505361e+01   3.1674899e-01
   2.7310200e-01   2.3996900e-01   9.6842310e+02   9.2027367e+02   8.6676301e-02   1.2884557e+00   8.0856960e-02   1.4547081e-01   2.2083747e-01   2.5691768e+01   2.5184423e+01   1.0673975e+02   7.0189232e+00   4.5732762e+01   7.3751798e+02   1.2785285e+01   5.9568102e+00   9.5895916e-02   1.0040000e+01   1.9672370e+02   2.3883392e-01   1.2528426e+01   8.0237059e-01   6.1732193e-02   1.7163456e-01   2.7826513e+01   8.1035850e-01   6.0490377e+00   2.7355900e-01
   1.2218400e-01   1.2197700e-01   4.5940478e+02   4.3275191e+02   2.1811676e-02   1.9318917e-01   1.5688544e-02   1.1716550e-02   1.2217516e-01   1.7799267e+01   1.7797702e+01   1.2081274e+02   5.5316019e+00   3.9280469e+01   7.7196516e+02   1.0871397e+01   4.7254395e+00   1.4849737e-01   2.3719100e+01   6.8339194e+01   9.9397043e-02   1.2687309e+01   2.3426556e-01   1.3724192e-01   2.0462823e-01   4.1854025e+01   2.3229092e-01   1.3576119e+01   1.6623950e-01
   6.0362100e-01   5.9473600e-01   1.0220528e+03   9.4898861e+02   1.0407506e-01   1.7529320e+00   1.0324067e-01   2.1247660e-01   5.9645668e-01   4.4123298e+01   4.3920555e+01   2.3381650e+02   1.6292161e+01   7.7371915e+01   3.0153732e+03   3.8370490e+01   1.8988152e+01   7.4513440e-02   9.4550000e+00   1.9879848e+02   5.2271599e-01   3.3850673e+01   1.1657615e+00   1.0401463e-01   4.3422884e-01   5.4815223e+01   1.1539542e+00   1.0010834e+01   6.4734161e-01
   2.3829400e-01   2.3377800e-01   5.2899650e+02   5.0126810e+02   6.4471790e-02   5.3311578e-01   4.4816756e-02   6.6520686e-02   2.3483609e-01   5.1968463e+01   5.1952003e+01   2.3588153e+02   2.3200163e+01   8.5986997e+01   4.8347679e+03   4.4087756e+01   2.6098579e+01   2.2230936e-01   7.4950000e+00   1.0748641e+02   1.8008128e-01   1.5487466e+01   4.5798340e-01   9.4974879e-02   2.2331830e-01   2.5259153e+01   4.5302228e-01   9.4029762e+00   2.8233248e-01
   4.9859400e-01   4.2078000e-01   5.3552320e+02   5.1874197e+02   1.4183560e-01   1.3102190e+00   1.0440217e-01   1.4792795e+00   4.9245182e-01   4.8972695e+01   4.4141966e+01   6.5085894e+01   1.3647571e+01   6.8465194e+01   8.1251584e+02   6.4170431e+00   3.5097116e+00   1.0012394e-01   3.8200000e+00   2.3177513e+02   4.8359793e-01   2.4548481e+01   9.6695854e-01   8.3975580e-02   3.1708971e-01   5.0155325e+01   9.6331834e-01   8.0455873e+00   4.3084337e-01
   1.6265100e-01   1.6058600e-01   5.3052935e+02   4.9212353e+02   4.4672834e-02   3.9916169e-01   3.2296702e-02   6.2022905e-02   1.6212016e-01   1.7448467e+01   1.7420101e+01   7.5787245e+01   5.1256850e+00   3.2270354e+01   3.7240144e+02   5.7008689e+00   2.1915838e+00   1.0935321e-01   1.1700000e+01   1.0866478e+02   1.6959319e-01   1.4123388e+01   3.8631374e-01   9.0890442e-02   2.2312508e-01   3.2568127e+01   3.8322783e-01   8.9715220e+00   1.8812119e-01
   8.8560000e-02   8.5873000e-02   4.9750052e+02   4.1310639e+02   2.3120016e-02   1.7981641e-01   1.5583445e-02   1.2103028e-02   8.1857066e-02   1.0381254e+01   1.0277095e+01   7.0924609e+01   3.2342836e+00   2.1856995e+01   2.3063331e+02   5.3785651e+00   2.8089471e+00   1.1949320e-01   1.9650000e+01   1.1925143e+02   7.0992696e-02   9.6239728e+00   1.9502307e-01   5.7762342e-02   1.5570260e-01   1.9330534e+01   1.9325365e-01   5.6735426e+00   1.6295631e-01
   1.5321700e-01   1.3613700e-01   1.2799126e+02   9.5299071e+01   4.3252772e-02   7.2598148e-02   1.3552950e-02   3.9394344e-02   9.5691552e-02   6.2429417e+00   6.1019172e+00   1.0394410e+01   2.4587677e+00   7.6629456e+00   1.5932255e+01   1.1679552e+00   6.4989043e-01   4.1534914e-02   2.2700000e+00   9.8757671e+01   9.7881024e-02   3.1679447e+00   1.6186150e-01   2.1145648e-02   3.2573905e-02   9.4456566e+00   1.6037454e-01   2.0799015e+00   5.5475060e-02
   1.5765400e-01   1.5392200e-01   4.3709008e+02   3.9653516e+02   5.2469656e-02   3.5948252e-01   3.3264172e-02   6.1979745e-02   1.6387862e-01   1.7784409e+01   1.7029222e+01   3.9701337e+01   4.1691999e+00   2.9586707e+01   1.5545770e+02   2.1975887e+00   7.9461505e-01   1.1499142e-01   7.6600000e+00   1.4922122e+02   1.5929587e-01   1.1378405e+01   3.9632669e-01   5.4545943e-02   1.6392736e-01   2.6373908e+01   3.9129866e-01   5.3852751e+00   2.1327378e-01
   9.5990700e-01   8.7894600e-01   3.2198050e+03   3.2034748e+03   1.3061103e-01   7.9048320e+00   2.4559183e-01   3.8253594e-01   8.8664136e-01   6.9155570e+01   6.8762872e+01   3.2790249e+02   1.2932300e+01   1.5774268e+02   4.9052820e+03   3.1440409e+01   1.3362386e+01   7.3439379e-02   2.7070000e+01   2.3946697e+02   6.3271887e-01   3.5044983e+01   1.6354741e+00   1.9752130e-01   5.4401847e-01   8.0881002e+01   1.6195080e+00   1.9433774e+01   6.7385948e-01
   1.4405400e-01   1.4351400e-01   4.1946629e+02   3.7547902e+02   5.4212815e-02   3.3308728e-01   3.2489714e-02   5.7287738e-02   1.4340891e-01   2.8596583e+01   2.8570519e+01   7.3526176e+01   9.4852518e+00   4.5878648e+01   6.5686797e+02   7.0553035e+00   3.3186696e+00   2.0235774e-01   6.6250000e+00   1.5037905e+02   8.9794579e-02   2.8371426e+01   2.1233034e-01   1.3121884e-01   4.5028024e-01   4.5213657e+01   2.1050534e-01   1.2907422e+01   4.7727057e-01
   3.7351100e-01   3.6160400e-01   8.4266356e+02   8.2812942e+02   9.7066732e-02   1.3716847e+00   8.8194757e-02   1.8590112e-01   3.6452796e-01   1.2041690e+01   1.1954999e+01   5.2265936e+01   4.4481146e+00   2.0563925e+01   2.2222316e+02   5.5299914e+00   2.4971404e+00   3.2863592e-02   8.5050000e+00   8.0632527e+01   2.7161397e-01   8.5812815e+00   8.8201592e-01   2.8213307e-02   1.1490785e-01   1.3609849e+01   8.7402250e-01   2.7525985e+00   1.2293738e-01
   6.2814800e-01   5.4858700e-01   9.7421604e+02   9.6537136e+02   1.1594365e-01   1.9688716e+00   1.1557419e-01   3.1465985e-01   4.7469595e-01   3.1301874e+01   3.1092119e+01   1.3396855e+02   1.1799863e+01   5.3556914e+01   1.5097467e+03   1.2801957e+01   4.7352780e+00   5.0797150e-02   8.5700000e+00   2.1435179e+02   3.9123787e-01   4.0204438e+01   1.1074343e+00   1.0394447e-01   5.8118341e-01   6.1726634e+01   1.0973032e+00   1.0260646e+01   4.8081430e-01
   2.3334100e-01   2.2638500e-01   6.0615194e+02   5.4541464e+02   5.9278700e-02   5.8076971e-01   4.4857655e-02   8.6313970e-02   2.3010206e-01   1.4335775e+01   1.4289112e+01   5.1322006e+01   3.2764702e+00   2.5273505e+01   1.5101333e+02   3.1971943e+00   1.3094733e+00   6.2626931e-02   9.6600000e+00   8.7443130e+01   2.2672193e-01   1.0523773e+01   7.5703521e-01   3.8144277e-02   1.7015098e-01   1.5670232e+01   7.4794808e-01   3.7423900e+00   1.3616780e-01
   2.9411400e-01   2.9370000e-01   5.4399230e+02   5.0268659e+02   9.2715093e-02   7.6806064e-01   6.4500177e-02   3.2883330e-01   2.9411930e-01   3.0788076e+01   3.0661142e+01   5.5303053e+01   7.6544908e+00   4.6537192e+01   3.6977336e+02   6.5124647e+00   3.3515528e+00   1.0670821e-01   5.2200000e+00   1.2735251e+02   3.3933223e-01   1.6073440e+01   8.4464743e-01   9.6305619e-02   1.9876547e-01   3.7629993e+01   8.3630947e-01   9.4110660e+00   2.0313563e-01
   1.1426900e-01   1.1338500e-01   3.8838058e+02   3.6535133e+02   2.6609395e-02   1.9112296e-01   1.7237265e-02   1.5629214e-02   1.1426722e-01   1.0187213e+01   1.0161694e+01   7.8316061e+01   4.3692134e+00   2.0300807e+01   3.6814423e+02   9.3034088e+00   4.2164816e+00   9.0877827e-02   1.5770000e+01   6.4352501e+01   1.1706493e-01   3.6582645e+00   2.8310100e-01   4.0018434e-02   4.9402674e-02   1.2196602e+01   2.8086068e-01   3.9429018e+00   9.8263864e-02
   1.5208200e-01   1.4974600e-01   6.7605097e+02   6.6026161e+02   4.6786502e-02   5.6181390e-01   3.9188090e-02   4.8611834e-02   1.5055244e-01   2.2603369e+01   2.2546625e+01   1.0932611e+02   7.2808752e+00   4.4479490e+01   8.9170680e+02   9.8173734e+00   4.4838519e+00   1.5150479e-01   1.4995000e+01   1.2867270e+02   1.6283960e-01   1.8463667e+01   4.0414535e-01   1.3885770e-01   2.9307140e-01   4.8390728e+01   4.0032103e-01   1.3724267e+01   2.0452492e-01
   1.1185700e-01   1.0676400e-01   4.0205613e+02   3.7480042e+02   3.7646987e-02   2.5273164e-01   2.3613126e-02   3.3129615e-02   1.1082829e-01   8.1276108e+00   7.9350915e+00   3.8507931e+01   2.9245936e+00   1.4613087e+01   1.0996816e+02   1.6863899e+00   6.5184918e-01   7.4068018e-02   1.0450000e+01   1.2517769e+02   1.3414148e-01   5.5674808e+00   2.7674465e-01   3.1398443e-02   9.3605373e-02   1.0511630e+01   2.7500395e-01   3.1030715e+00   1.3781441e-01
   1.3263200e-01   1.3090900e-01   3.7801968e+02   3.4898550e+02   4.1120962e-02   2.3611398e-01   2.3814064e-02   2.9535344e-02   1.3298844e-01   1.9715945e+01   1.9711710e+01   5.6615057e+01   6.7019685e+00   3.3318612e+01   3.9040275e+02   4.3397308e+00   1.6627837e+00   1.5153058e-01   8.1560000e+00   1.1736771e+02   1.0655382e-01   1.1495907e+01   1.9719239e-01   1.2207554e-01   1.9428700e-01   4.5353296e+01   1.9531946e-01   1.2050467e+01   3.3353536e-01
   6.3941400e-02   6.3693300e-02   3.9151646e+02   3.2035767e+02   1.8167326e-02   1.1852249e-01   1.1217101e-02   7.2649510e-03   6.3717123e-02   9.0219598e+00   9.0186323e+00   7.9765376e+01   3.2706560e+00   1.9309586e+01   2.5731501e+02   4.2503385e+00   1.3939092e+00   1.4383009e-01   2.0984000e+01   7.8974989e+01   6.2972559e-02   7.2271671e+00   1.3780855e-01   7.1914438e-02   1.0862041e-01   2.6460937e+01   1.3631028e-01   7.1064871e+00   1.5304592e-01
   4.0629700e-01   3.8674000e-01   1.0068974e+03   9.7369189e+02   9.9284982e-02   1.5737964e+00   9.5634589e-02   1.9109409e-01   3.8517447e-01   1.7693049e+01   1.7562678e+01   6.7431510e+01   5.6233579e+00   3.0934814e+01   3.6508255e+02   4.6574398e+00   1.8760113e+00   4.4390502e-02   9.3450000e+00   1.1561232e+02   3.4860739e-01   1.8183223e+01   9.0112031e-01   5.2764603e-02   2.5638397e-01   2.3653076e+01   8.9098279e-01   5.1122831e+00   1.9922195e-01
   4.2788800e-01   4.1969600e-01   7.3829735e+02   7.0106600e+02   1.3202267e-01   1.5331382e+00   1.0880916e-01   7.1308755e-01   4.2528644e-01   3.8565293e+01   3.8369744e+01   6.5585855e+01   9.8331794e+00   5.8082189e+01   5.7679650e+02   7.1815907e+00   3.7630782e+00   9.1875035e-02   5.1450000e+00   1.6452043e+02   4.9738118e-01   2.0455314e+01   1.3116210e+00   1.0581993e-01   2.3711316e-01   5.2724687e+01   1.2985834e+00   1.0330093e+01   2.9572548e-01
   5.7637100e-01   5.7325900e-01   8.5464341e+02   8.3705637e+02   1.3015295e-01   1.8685460e+00   1.1934309e-01   3.4786760e-01   5.6785592e-01   7.7093584e+01   7.7040279e+01   1.5731926e+02   2.2743290e+01   1.2290693e+02   3.6037335e+03   2.0104521e+01   9.4097876e+00   1.3634748e-01   6.4600000e+00   2.8669311e+02   3.3810504e-01   4.9854414e+01   8.5452086e-01   3.5200861e-01   8.1688008e-01   1.1575829e+02   8.4860251e-01   3.4793738e+01   9.7437869e-01
   3.8188000e-01   3.6494000e-01   8.4074038e+02   7.8548620e+02   9.6745459e-02   1.2167224e+00   8.2956932e-02   1.8968946e-01   3.8224704e-01   2.2068868e+01   2.1558606e+01   7.0190370e+01   6.4827298e+00   3.6642362e+01   3.7997979e+02   5.0625310e+00   1.7769001e+00   5.8909338e-02   7.6000000e+00   2.7536326e+02   3.6489424e-01   1.2772040e+01   7.2823222e-01   6.2362658e-02   1.8887513e-01   3.2035183e+01   7.1577713e-01   6.1114218e+00   2.0358364e-01
   9.4828000e-02   9.3898600e-02   4.0120183e+02   3.3978698e+02   1.5925482e-02   1.2366710e-01   1.0729992e-02   6.5680556e-03   9.8517889e-02   7.1977583e+00   7.1638886e+00   5.8639835e+01   1.8187181e+00   1.6631351e+01   1.2562055e+02   5.1319174e+00   2.6871379e+00   7.7373396e-02   2.8505000e+01   5.8733092e+01   7.2805249e-02   2.8158238e+00   2.5760038e-01   2.5585644e-02   3.7575951e-02   9.9817453e+00   2.5450086e-01   2.5229650e+00   3.6460461e-02
   1.9340400e-01   1.8245700e-01   6.1628818e+02   5.9398706e+02   6.2844102e-02   6.1517791e-01   4.7524492e-02   8.0490568e-02   1.8045269e-01   1.8571831e+01   1.8153945e+01   6.3681694e+01   5.7605357e+00   3.2256340e+01   3.5152595e+02   2.1567764e+00   1.0414839e+00   9.7885931e-02   9.1000000e+00   1.2856004e+02   1.9389649e-01   1.1368944e+01   4.9119635e-01   6.0697993e-02   1.5949659e-01   2.8083945e+01   4.8477900e-01   5.9995590e+00   3.6295968e-01
   1.4205800e-01   1.4145600e-01   3.6619854e+02   3.1849228e+02   3.5085051e-02   2.1051879e-01   2.0776604e-02   4.2163991e-02   1.4190422e-01   1.9965128e+01   1.9940993e+01   8.0538979e+01   5.9146777e+00   3.5499138e+01   4.3716449e+02   6.2765227e+00   3.4475130e+00   1.4326411e-01   9.9950000e+00   9.3965238e+01   9.8071554e-02   1.0754510e+01   1.6369458e-01   5.0912915e-02   1.4797480e-01   1.8546404e+01   1.6240442e-01   5.0272345e+00   2.5589558e-01
   1.6009600e-01   1.5188100e-01   2.8846405e+02   2.5616418e+02   3.6423038e-02   1.6631278e-01   1.8832687e-02   2.2738076e-02   1.5721818e-01   1.1447998e+01   1.1379839e+01   2.9879546e+01   3.3144517e+00   1.8843152e+01   9.4887665e+01   2.6641186e+00   8.4868135e-01   7.2892029e-02   7.3400000e+00   1.1258175e+02   1.0930676e-01   1.0627249e+01   3.1055982e-01   3.9043616e-02   1.6280076e-01   1.7990998e+01   3.0605483e-01   3.8447346e+00   2.3629252e-01
   1.0128500e+00   9.4497200e-01   3.5866904e+03   3.5542339e+03   1.4098935e-01   9.2887928e+00   2.7680806e-01   4.4749862e-01   9.4081043e-01   6.0159605e+01   5.9865079e+01   4.7463595e+02   1.7472932e+01   1.3756394e+02   9.0094761e+03   5.0547013e+01   2.7350419e+01   6.0546750e-02   2.7340000e+01   2.6504783e+02   6.8576600e-01   3.8215097e+01   1.7485367e+00   2.0974555e-01   5.8132666e-01   8.8683650e+01   1.7287104e+00   2.0454756e+01   7.2849781e-01
   1.5353000e-01   1.4974000e-01   1.5676609e+03   1.5385490e+03   4.6171447e-02   1.3132228e+00   5.9518387e-02   4.6733908e-02   1.5474957e-01   1.8387150e+01   1.8290352e+01   2.1294503e+02   5.5088542e+00   4.5036007e+01   1.3494126e+03   7.9351484e+00   2.7000099e+00   1.2208215e-01   3.5990000e+01   2.4142884e+02   1.6835719e-01   1.7503523e+01   4.9137309e-01   9.1640321e-02   2.9129231e-01   3.4947185e+01   4.8776320e-01   9.0320956e+00   4.0766238e-01
   3.3597700e-01   3.2123200e-01   1.1109275e+03   1.0755905e+03   9.9501328e-02   1.6520401e+00   9.8004411e-02   1.5057657e-01   3.1268267e-01   3.7018402e+01   3.6758657e+01   1.4975137e+02   1.1860182e+01   6.5413715e+01   1.6593560e+03   1.3493898e+01   5.6466899e+00   1.1231535e-01   9.7500000e+00   3.0631160e+02   3.3384126e-01   1.7673515e+01   8.6832972e-01   2.0249329e-01   3.0596938e-01   6.9777740e+01   8.5487986e-01   1.9994588e+01   2.7852065e-01
   9.4069900e-02   8.0375200e-02   2.9666833e+02   2.6541473e+02   2.6811392e-02   1.3334478e-01   1.4474175e-02   1.7545366e-02   8.4655546e-02   6.9586529e+00   6.8290042e+00   1.8900515e+01   1.6536495e+00   1.2635213e+01   3.2882978e+01   1.0356800e+00   4.0549469e-01   7.5405927e-02   1.0870000e+01   1.8165944e+02   9.4359350e-02   6.1641004e+00   3.3791715e-01   2.1347299e-02   9.1853261e-02   9.6231657e+00   3.3406102e-01   2.1076400e+00   9.7840307e-02
   1.5920500e-01   1.4929000e-01   5.9980489e+02   5.8014450e+02   4.1551492e-02   4.2844173e-01   3.2263661e-02   2.8699446e-02   1.4443415e-01   1.2660977e+01   1.2502582e+01   6.0367993e+01   4.1094154e+00   2.4710645e+01   2.6208588e+02   8.0035043e+00   4.3666300e+00   8.1066519e-02   1.4510000e+01   1.9181255e+02   1.5885956e-01   5.8989762e+00   4.4245830e-01   2.4214060e-02   6.6119423e-02   1.2509379e+01   4.3965527e-01   2.3874577e+00   1.2790276e-01
   6.9560300e-02   6.4322700e-02   3.7091402e+02   3.0186951e+02   1.9962055e-02   1.1414548e-01   1.1539463e-02   6.7484657e-03   6.3602202e-02   7.1547104e+00   7.0531953e+00   4.5035298e+01   2.0718584e+00   1.4472079e+01   8.6403583e+01   3.3554998e+00   1.4467348e+00   1.0484835e-01   1.6740000e+01   1.7752081e+02   7.4034289e-02   3.1231114e+00   2.2766411e-01   2.6083503e-02   4.8209933e-02   7.8985279e+00   2.2667843e-01   2.5713043e+00   7.5837239e-02
   1.9191200e-01   1.6006300e-01   3.9341596e+02   3.5677048e+02   3.3595484e-02   2.4562004e-01   2.1961648e-02   4.7759452e-02   1.7295245e-01   5.5476902e+00   5.3877903e+00   1.8449294e+01   1.4271773e+00   1.0476928e+01   2.8506392e+01   8.9411915e-01   3.7750387e-01   2.9467348e-02   1.2720000e+01   1.8066112e+02   1.1414467e-01   5.3311748e+00   2.2303303e-01   1.2823772e-02   6.7266855e-02   7.0216092e+00   2.1966920e-01   1.2080914e+00   6.9538205e-02
   2.2540500e-01   2.2512700e-01   1.8817704e+03   1.7511980e+03   5.5123922e-02   1.6685150e+00   7.3294804e-02   6.4685453e-02   2.2602388e-01   4.0797541e+01   4.0768741e+01   4.9561805e+02   1.3439500e+01   9.7087988e+01   6.4681628e+03   2.6640791e+01   1.0742420e+01   1.8450215e-01   3.2072000e+01   1.9082673e+02   1.7485571e-01   2.9875070e+01   4.2426750e-01   2.6585495e-01   5.1767553e-01   8.6217101e+01   4.2088265e-01   2.6272885e+01   6.1798532e-01
   1.8935700e-01   1.8151700e-01   5.6544596e+02   4.9868061e+02   4.0940846e-02   3.9588735e-01   3.0773349e-02   4.6302614e-02   1.8694301e-01   1.0349726e+01   1.0284980e+01   3.5849782e+01   1.9070307e+00   1.9947966e+01   6.5410314e+01   1.7187717e+00   4.5369268e-01   5.5715814e-02   1.3800000e+01   9.4038769e+01   1.6023717e-01   6.1257966e+00   6.1680717e-01   3.5378474e-02   7.5913049e-02   1.7047053e+01   6.1076654e-01   3.4538760e+00   9.1332628e-02
   3.3349700e-01   3.2904500e-01   3.8404029e+02   3.5538557e+02   1.0748419e-01   6.0213854e-01   6.1490854e-02   4.4368103e-01   3.3256859e-01   2.7143629e+01   2.7012985e+01   3.4158189e+01   8.6516772e+00   3.5856239e+01   2.5933995e+02   4.4883116e+00   1.8773408e+00   8.2967303e-02   3.0450000e+00   1.4545845e+02   3.4946213e-01   1.9340931e+01   8.1188033e-01   7.3317232e-02   2.6348515e-01   2.9000742e+01   8.0354076e-01   7.2301868e+00   3.2689849e-01
   1.5059500e-01   1.4562400e-01   5.3090130e+02   5.0439349e+02   4.4348507e-02   3.7873925e-01   3.1325266e-02   3.9276663e-02   1.3907253e-01   1.4143648e+01   1.3954220e+01   6.3819568e+01   4.5546737e+00   2.5902970e+01   2.7907182e+02   6.2924651e+00   2.6201363e+00   9.5737455e-02   1.1250000e+01   1.4795738e+02   1.5781290e-01   9.8301067e+00   3.8974269e-01   4.4159612e-02   1.2497051e-01   1.7129351e+01   3.8867793e-01   4.3721717e+00   2.2227189e-01
   1.3111200e-01   1.2886300e-01   5.5407431e+02   5.2871603e+02   3.0528351e-02   3.2815458e-01   2.4195256e-02   3.2812645e-02   1.3108360e-01   2.3353213e+01   2.3338907e+01   1.0786469e+02   6.2363725e+00   4.9737532e+01   8.3190752e+02   9.5078596e+00   3.6277103e+00   1.8156628e-01   2.0575500e+01   8.3323525e+01   1.1117292e-01   1.2564162e+01   3.0865426e-01   1.3643825e-01   2.3306283e-01   4.2413101e+01   3.0549276e-01   1.3493628e+01   2.0611827e-01
   2.2044700e-01   2.0701200e-01   8.8724047e+02   8.3928539e+02   7.6353866e-02   1.0196488e+00   6.7448453e-02   1.1475148e-01   1.6342583e-01   2.1920656e+01   2.1618593e+01   8.8409478e+01   6.4787331e+00   3.9193701e+01   5.1410676e+02   6.3528340e+00   3.9962926e+00   1.0136321e-01   1.0220000e+01   1.6327694e+02   2.1583261e-01   2.0156739e+01   4.8821184e-01   8.0675845e-02   2.9312302e-01   2.5878657e+01   4.8441235e-01   7.9123310e+00   3.0914713e-01
   6.1627100e-02   6.1574000e-02   4.1741121e+02   3.8699191e+02   1.7384384e-02   1.3359025e-01   1.1648095e-02   5.7479363e-03   6.1623143e-02   1.5832934e+01   1.5831902e+01   1.2284947e+02   5.3309914e+00   3.5691877e+01   7.9040393e+02   1.0013318e+01   4.3251631e+00   2.6189106e-01   2.5824500e+01   6.2190936e+01   5.2704927e-02   1.0327169e+01   1.2330974e-01   1.6407769e-01   1.7791220e-01   5.0671683e+01   1.2218884e-01   1.6228876e+01   1.0726468e-01
   2.8643800e-01   2.7893300e-01   8.5626287e+02   7.8166318e+02   6.1847904e-02   8.1956831e-01   5.4423899e-02   5.3893642e-02   2.5698916e-01   3.3717814e+01   3.3680885e+01   2.0281633e+02   1.2657215e+01   6.3425003e+01   2.2319215e+03   3.5067988e+01   1.7676198e+01   1.1999407e-01   1.2520000e+01   1.5385858e+02   2.2496339e-01   2.0503265e+01   5.4439903e-01   1.5902880e-01   2.9460314e-01   6.0462045e+01   5.3915448e-01   1.5769819e+01   4.7356055e-01
   1.4100400e-01   1.4036400e-01   4.3536603e+02   4.0896400e+02   5.0838742e-02   3.3605101e-01   3.1590470e-02   4.4258834e-02   1.4329576e-01   2.8187787e+01   2.8140875e+01   1.4561204e+02   1.3610047e+01   4.6794297e+01   1.8866940e+03   2.5375384e+01   1.4989172e+01   2.0377952e-01   7.5950000e+00   1.0375807e+02   1.5632512e-01   1.0866915e+01   4.1418554e-01   1.0328966e-01   1.8183674e-01   3.3758362e+01   4.0835174e-01   1.0184027e+01   1.6514957e-01
   2.4507700e-01   2.2915300e-01   3.4228727e+02   3.2399292e+02   6.7547110e-02   3.5648739e-01   3.7570147e-02   7.8472066e-02   1.6288191e-01   1.8888797e+01   1.6818315e+01   3.9396559e+01   6.2414919e+00   2.7632532e+01   2.2348738e+02   2.8436484e+00   1.5146177e+00   7.8565656e-02   4.5800000e+00   1.6137263e+02   1.9537524e-01   1.6765724e+01   7.2591562e-01   5.0378387e-02   2.4219485e-01   2.3905665e+01   7.1962588e-01   4.9714833e+00   2.6295730e-01
   1.7962200e-01   1.7803900e-01   4.3752656e+02   3.9548524e+02   3.5262947e-02   2.6580676e-01   2.3411698e-02   4.1256038e-02   1.8274528e-01   1.1454670e+01   1.1338464e+01   5.6105609e+01   3.2190572e+00   2.1538234e+01   1.7128050e+02   2.8225819e+00   1.1605516e+00   6.5006090e-02   1.2500000e+01   8.6682964e+01   1.5761520e-01   8.4103112e+00   4.9642869e-01   4.3954330e-02   1.3206860e-01   1.5326854e+01   4.9110908e-01   4.3241740e+00   1.3544081e-01
   9.9433700e-02   8.6280200e-02   4.8142726e+02   3.9992075e+02   1.9003310e-02   1.5273586e-01   1.3022077e-02   8.4251460e-03   7.0244136e-02   7.5778787e+00   7.4934180e+00   5.6404729e+01   2.0679457e+00   1.6895297e+01   1.1998299e+02   3.7194063e+00   1.5636219e+00   7.7686408e-02   2.4710000e+01   8.5794567e+01   7.4361078e-02   3.1060111e+00   2.3173993e-01   1.8138760e-02   4.4244447e-02   7.0314883e+00   2.3096740e-01   1.7956781e+00   5.6707922e-02
   1.7687200e-01   1.4100800e-01   1.5176810e+02   1.1714925e+02   5.1109686e-02   1.0217983e-01   1.7485279e-02   6.5023527e-02   1.5700246e-01   1.6280097e+01   1.5783223e+01   1.6191482e+01   5.2342358e+00   2.0026998e+01   6.7403551e+01   2.2899672e+00   1.4788903e+00   9.3827231e-02   2.2900000e+00   1.1142209e+02   1.3437012e-01   1.0010386e+01   3.1243889e-01   4.5694750e-02   1.5203907e-01   2.0800870e+01   3.0935170e-01   4.5176971e+00   1.5202487e-01
   1.4568800e-01   1.3346900e-01   4.3995749e+02   3.9750749e+02   5.0743296e-02   3.3331554e-01   3.1470426e-02   5.6086750e-02   1.1742176e-01   1.3651701e+01   1.2701032e+01   3.8956693e+01   4.2344337e+00   2.2651871e+01   1.5365899e+02   3.8890225e+00   1.3503782e+00   9.5519928e-02   7.5800000e+00   1.4312028e+02   1.6087354e-01   1.3292004e+01   5.0133810e-01   5.1675013e-02   1.9567208e-01   2.1160094e+01   5.0114219e-01   5.0960758e+00   1.5848369e-01
   6.3193600e-01   6.1578400e-01   2.7488062e+03   2.7327548e+03   9.7668882e-02   4.9845955e+00   1.6865442e-01   1.8253816e-01   6.1713000e-01   4.1190306e+01   4.1057214e+01   2.6495416e+02   9.3742181e+00   9.6822596e+01   2.8805597e+03   1.8347286e+01   7.1802496e+00   6.6443564e-02   3.0530000e+01   1.7637219e+02   3.5988398e-01   3.3622528e+01   1.4832541e+00   1.5522570e-01   5.3173303e-01   5.9309408e+01   1.4632100e+00   1.5382704e+01   7.4863620e-01
   1.8394500e-01   1.8286100e-01   4.8252920e+02   4.4380274e+02   6.0157902e-02   4.2377471e-01   3.8589316e-02   1.0537915e-01   1.8269086e-01   2.9918768e+01   2.9873342e+01   7.7143362e+01   9.0631879e+00   4.8384665e+01   6.1701270e+02   9.5224349e+00   3.6081823e+00   1.6580084e-01   6.8400000e+00   1.6361690e+02   1.6831600e-01   2.4312033e+01   2.9767300e-01   1.2336994e-01   3.5577422e-01   5.1415971e+01   2.9503939e-01   1.2117621e+01   4.9918362e-01
   3.1094200e-01   3.0235500e-01   7.9185516e+02   7.7856488e+02   8.2687853e-02   1.0662050e+00   7.1766499e-02   1.2305746e-01   2.9183955e-01   1.1566344e+01   1.1429379e+01   5.4870171e+01   4.6478565e+00   2.0094430e+01   2.6148156e+02   4.8363471e+00   2.0223322e+00   3.7918199e-02   9.1100000e+00   1.0017515e+02   2.2494560e-01   1.5841684e+01   9.3601191e-01   4.7959851e-02   2.3471280e-01   1.7013025e+01   9.2714834e-01   4.6959950e+00   1.8425789e-01
   5.9804600e-01   3.4602700e-01   7.1502443e+02   7.0208639e+02   8.8111332e-02   1.0029893e+00   7.1960734e-02   1.6676781e-01   3.3726662e-01   1.9711866e+01   1.8989922e+01   9.4570448e+01   8.5998729e+00   3.2696534e+01   7.3956765e+02   9.7544842e+00   5.0172293e+00   3.3598829e-02   7.5700000e+00   1.5607840e+02   2.5807228e-01   2.1034864e+01   6.7228769e-01   9.7273631e-02   2.7344572e-01   3.9625482e+01   6.6536277e-01   9.6010056e+00   3.1359136e-01
   2.7427900e-01   2.5334400e-01   7.9508187e+02   7.3149148e+02   1.0169751e-01   1.1536262e+00   8.2811237e-02   2.2525476e-01   2.6211537e-01   2.1634199e+01   2.1404940e+01   8.7132593e+01   8.1478800e+00   3.4570266e+01   5.8160311e+02   7.5653427e+00   3.1917585e+00   8.0404298e-02   6.5200000e+00   1.4819117e+02   3.1448773e-01   1.7319570e+01   9.7043241e-01   1.5712782e-01   2.6564640e-01   5.5229168e+01   9.5946959e-01   1.5427219e+01   2.9767269e-01
   4.1368500e-01   3.8596100e-01   5.4321733e+02   5.0122538e+02   1.0208376e-01   8.3618481e-01   7.0635237e-02   4.2262048e-01   3.9816869e-01   2.6609680e+01   2.6547178e+01   4.6912003e+01   7.1498637e+00   3.9159115e+01   2.8245790e+02   4.8304520e+00   1.9274524e+00   6.5569350e-02   4.6900000e+00   1.3520204e+02   3.5566214e-01   1.4350109e+01   1.1868410e+00   7.1907840e-02   1.8252361e-01   3.6264143e+01   1.1736664e+00   7.0059915e+00   1.8067437e-01
   6.6559300e-02   6.6221300e-02   2.9667680e+02   2.6998077e+02   1.9268979e-02   1.0256473e-01   1.0745826e-02   7.5296601e-03   6.6670777e-02   1.5790055e+01   1.5783661e+01   9.2177317e+01   6.1164932e+00   3.1648966e+01   6.2561715e+02   1.4445228e+01   6.6811172e+00   2.4182761e-01   1.6140000e+01   6.6424832e+01   7.3504396e-02   2.4001491e+00   1.5117102e-01   4.1660517e-02   3.9686129e-02   1.2234302e+01   1.4971896e-01   4.1265056e+00   4.8186452e-02
   2.1954100e-01   2.1541300e-01   7.6777067e+02   7.5203128e+02   5.9932887e-02   8.1309249e-01   5.3397851e-02   8.9561722e-02   2.1598384e-01   2.9777234e+01   2.9750736e+01   1.3344697e+02   1.0969378e+01   5.6806411e+01   1.6782438e+03   1.7133046e+01   8.0566328e+00   1.3826101e-01   1.3245000e+01   1.5309675e+02   2.2321760e-01   2.0164569e+01   6.2460657e-01   1.9170047e-01   2.8107260e-01   6.2215524e+01   6.1740727e-01   1.8981603e+01   2.6282470e-01
   1.4274000e-01   1.3865900e-01   4.1770596e+02   3.8988164e+02   4.2781619e-02   2.9308466e-01   2.7086670e-02   3.7922230e-02   1.4897395e-01   6.8958430e+00   6.8228663e+00   3.7985409e+01   2.5692597e+00   1.2064859e+01   1.0059042e+02   2.6411654e+00   6.9397749e-01   4.9246194e-02   9.3700000e+00   1.4576145e+02   1.4046064e-01   6.9301757e+00   6.1735710e-01   4.1541751e-02   9.8506020e-02   1.4378169e+01   6.1039765e-01   4.1053691e+00   1.1783836e-01
   1.2783500e-01   1.2750100e-01   3.4688244e+02   3.1697865e+02   3.4113563e-02   1.8837514e-01   1.9375118e-02   2.8968057e-02   1.2793396e-01   1.2887509e+01   1.2858325e+01   5.3298926e+01   4.9065017e+00   2.2599344e+01   2.5786631e+02   3.4283174e+00   1.3043631e+00   1.0276617e-01   9.4560000e+00   9.6774161e+01   1.2072966e-01   1.0597368e+01   2.4388789e-01   1.2005137e-01   1.5227276e-01   4.1929400e+01   2.4130616e-01   1.1864396e+01   2.0568330e-01
   5.4570100e-02   5.2988400e-02   3.8758813e+02   3.1747725e+02   1.5798711e-02   1.0002117e-01   9.6075943e-03   5.1046093e-03   5.3667511e-02   7.3741447e+00   7.3697451e+00   6.4662084e+01   2.4298566e+00   1.6220070e+01   1.5741037e+02   2.4209352e+00   7.8769815e-01   1.3774882e-01   2.3408000e+01   6.6287864e+01   6.1529455e-02   5.4573610e+00   1.7504153e-01   6.7744844e-02   9.1231186e-02   2.1510136e+01   1.7327748e-01   6.7044298e+00   1.0428249e-01
   5.1203000e-01   4.9730700e-01   1.4281780e+03   1.4008471e+03   1.3706295e-01   3.1254842e+00   1.5828382e-01   3.4949504e-01   5.0423744e-01   1.9451332e+01   1.9293089e+01   7.0598160e+01   6.1077694e+00   3.4354020e+01   4.1897880e+02   4.4097375e+00   1.8833972e+00   3.8724422e-02   9.7300000e+00   1.1141375e+02   4.5735905e-01   1.1817662e+01   1.2048029e+00   2.8271188e-02   1.6110471e-01   2.0794457e+01   1.1944085e+00   2.7745804e+00   1.7653150e-01
   4.4365100e-01   4.0103800e-01   6.7093585e+02   6.3165842e+02   1.2154233e-01   1.2015262e+00   9.2447428e-02   5.3571230e-01   3.8569015e-01   2.8734257e+01   2.8696644e+01   5.2719278e+01   8.6812566e+00   4.2442573e+01   3.9720118e+02   6.3270795e+00   2.4489561e+00   6.6022124e-02   4.7600000e+00   1.5026582e+02   4.4548600e-01   1.7574467e+01   1.1091744e+00   8.1665792e-02   2.2012716e-01   4.0867932e+01   1.1001437e+00   7.9213600e+00   2.2838931e-01
   4.1518000e-01   3.8209300e-01   7.7910666e+02   7.6248364e+02   1.0694851e-01   1.2796422e+00   8.9443951e-02   2.2879937e-01   3.9648497e-01   4.0748807e+01   4.0736090e+01   1.6525644e+02   2.0471736e+01   6.5164241e+01   3.0846252e+03   1.6010655e+01   7.8856859e+00   1.0004824e-01   6.5400000e+00   2.2198433e+02   2.8867837e-01   2.4535047e+01   6.4148564e-01   3.5076078e-01   4.0257497e-01   1.1091862e+02   6.3645627e-01   3.4743293e+01   4.2688647e-01
   3.3385300e-01   2.9458600e-01   7.3284858e+02   6.6880846e+02   7.6261461e-02   8.3260211e-01   6.0928489e-02   1.0674386e-01   2.9656263e-01   3.1808769e+01   3.1351679e+01   7.8342772e+01   7.0685094e+00   5.4103857e+01   4.7359025e+02   4.1308747e+00   1.8283117e+00   9.7123108e-02   8.3700000e+00   2.6238698e+02   2.4454487e-01   2.4652700e+01   6.0886726e-01   5.5736227e-02   3.4766724e-01   2.9975246e+01   6.0385891e-01   5.4714102e+00   5.6541628e-01
   9.4138200e-02   9.0581400e-02   4.5477341e+02   3.9357189e+02   1.9482146e-02   1.6156765e-01   1.3565132e-02   9.3701208e-03   9.4856427e-02   1.4701511e+01   1.4672747e+01   1.0667108e+02   4.2817358e+00   3.2835709e+01   4.9398201e+02   2.1131711e+01   9.0746549e+00   1.5919414e-01   2.4885000e+01   5.9622074e+01   8.1176896e-02   4.1321558e+00   2.8602010e-01   2.5374022e-02   5.6337780e-02   9.2356493e+00   2.8273798e-01   2.4907137e+00   8.1708769e-02
   2.2519600e-01   2.1055400e-01   5.8483019e+02   5.5736639e+02   7.0720988e-02   6.4673073e-01   5.1745241e-02   8.8941358e-02   2.2058637e-01   2.9213706e+01   2.9034713e+01   7.4769266e+01   8.4445690e+00   4.8457457e+01   6.0690777e+02   5.7091914e+00   2.0414474e+00   1.3223821e-01   7.5700000e+00   1.6423663e+02   2.0937570e-01   2.6250191e+01   3.1895919e-01   1.0750899e-01   3.9248390e-01   3.4398372e+01   3.1565349e-01   1.0613340e+01   4.7250341e-01
   1.0286700e-01   1.0158100e-01   2.5540232e+02   2.0881201e+02   2.0028912e-02   8.6857475e-02   1.0081643e-02   1.2015856e-02   1.0178730e-01   7.6310214e+00   7.6159574e+00   4.5256916e+01   2.7409469e+00   1.4391475e+01   1.2099077e+02   3.2505444e+00   1.4525253e+00   7.5620160e-02   1.2650000e+01   7.5589107e+01   7.8313567e-02   7.5484488e+00   1.7036918e-01   4.0740429e-02   1.1222388e-01   1.5534064e+01   1.6908400e-01   4.0127757e+00   1.4912238e-01
   1.2006600e-01   1.1211700e-01   3.0639498e+02   2.7262412e+02   3.6595435e-02   1.7741660e-01   1.9476497e-02   2.4447169e-02   1.0780469e-01   1.1721129e+01   1.1491178e+01   3.4162391e+01   2.6327288e+00   1.9550356e+01   8.2928934e+01   1.7559075e+00   5.4300236e-01   9.9513130e-02   7.7400000e+00   9.3917947e+01   1.1036857e-01   8.4537273e+00   2.7561828e-01   2.1435576e-02   1.1624908e-01   1.4999039e+01   2.7076385e-01   2.1138046e+00   1.6951564e-01
   6.4172600e-01   6.1720000e-01   2.9745704e+03   2.9394896e+03   1.0231682e-01   5.5134512e+00   1.8155974e-01   2.0259401e-01   6.1620147e-01   3.5789003e+01   3.5696246e+01   3.7218521e+02   1.1111716e+01   8.4294477e+01   4.2616291e+03   2.8153841e+01   1.0630928e+01   5.6850064e-02   3.0775000e+01   1.8145635e+02   3.7561349e-01   3.4453511e+01   1.5293133e+00   1.7198832e-01   5.7395793e-01   6.6183789e+01   1.5139283e+00   1.6958025e+01   7.8190367e-01
   1.7151900e-01   1.6612400e-01   1.4327010e+03   1.3985401e+03   4.9537780e-02   1.2484135e+00   6.0107575e-02   5.2580591e-02   1.6571433e-01   1.1420121e+01   1.1384076e+01   1.4823859e+02   3.9601833e+00   2.6664466e+01   6.5049312e+02   4.3086588e+00   1.6371576e+00   6.7871812e-02   2.9720000e+01   1.6748323e+02   2.0735807e-01   8.8562865e+00   3.8529734e-01   6.0912052e-02   1.0693059e-01   2.3892322e+01   3.8296286e-01   6.0269740e+00   1.8590053e-01
   3.0512700e-01   2.8997500e-01   8.7524293e+02   8.3226933e+02   7.3846747e-02   1.0440177e+00   6.7129297e-02   1.1072915e-01   2.9830630e-01   3.3049472e+01   3.2977144e+01   1.5202285e+02   1.2207369e+01   6.0446623e+01   1.8456070e+03   2.2049246e+01   1.1942846e+01   1.1041164e-01   1.1190000e+01   2.3719719e+02   2.1776563e-01   2.6128452e+01   6.4205815e-01   1.3542527e-01   4.1456314e-01   5.1918736e+01   6.3293519e-01   1.3396415e+01   3.6651098e-01
   1.9040900e-01   1.7724700e-01   3.9081219e+02   3.6156783e+02   5.4397243e-02   3.1578646e-01   3.1692582e-02   6.5399563e-02   1.8243858e-01   1.0683023e+01   1.0338604e+01   3.2053846e+01   3.4377979e+00   1.6884582e+01   9.2473831e+01   2.3745162e+00   1.1939452e+00   5.7192316e-02   6.2400000e+00   1.5324766e+02   1.7483219e-01   1.1431495e+01   4.9117164e-01   3.2534540e-02   1.2500343e-01   1.6048218e+01   4.8414363e-01   3.2046997e+00   2.0412771e-01
   1.2405300e-01   1.2037100e-01   6.2559565e+02   6.0747795e+02   4.0935482e-02   4.3289821e-01   3.2194530e-02   2.7826332e-02   1.2822736e-01   1.2946528e+01   1.2749205e+01   7.8591066e+01   4.3454251e+00   2.5525217e+01   3.6970621e+02   9.0522484e+00   3.5385278e+00   1.0638418e-01   1.5110000e+01   1.5659296e+02   1.5285619e-01   9.5052391e+00   3.9296989e-01   3.6404655e-02   1.6417626e-01   1.6312407e+01   3.8848569e-01   3.5583241e+00   1.7090357e-01
   9.4467500e-02   9.4049600e-02   4.2304146e+02   3.5638451e+02   2.4373831e-02   1.6153147e-01   1.5173447e-02   9.8323505e-03   9.4082566e-02   1.3525161e+01   1.3336401e+01   8.5877580e+01   4.9446784e+00   2.7007957e+01   4.3067498e+02   1.1741908e+01   6.1523835e+00   1.4594561e-01   1.5900000e+01   1.2994282e+02   8.6971993e-02   4.8758856e+00   3.5221145e-01   3.6500906e-02   6.5563327e-02   1.1068079e+01   3.4814061e-01   3.5951395e+00   5.6605405e-02
