1.130086832
3.75976204
1.163756998
5.525013358
1.73675018
3.165344826
1.716345636
2.046282277
4.342288445
2.233183018
3.170897069
2.231250805
1.557026027
0.325739054
1.639273645
5.44018475
4.50280239
1.149078533
5.811834124
1.701509775
1.987654703
0.49402674
2.930714011
0.936053731
1.942870007
1.086204087
2.563839704
2.371131577
8.168800785
1.888751299
0.375759514
1.594965911
1.479747951
1.628007575
5.813266627
2.912923092
3.059693837
0.918532615
0.661194232
0.482099325
0.672668546
5.176755256
0.759130493
2.634851545
1.24970511
2.330628285
2.931230249
1.779121969
2.946031379
1.818367403
2.421948487
1.32068596
0.442444468
1.520390745
1.956720783
5.317330271
3.557742225
2.347128018
2.734457226
2.656463956
1.825236053
0.396861288
2.810725966
0.985060199
1.522727575
0.912311863
1.611047126
2.20127156
4.02574971
3.476672423
0.563377799
3.924838972
1.122238813
1.162490763
5.739579277
1.069305916
4.145631405
1.250034254
1.641762646
0.655633269
0.31090214