0.000011
0.000011
0.000011
0.000011
0.000011
0.000011
0.000011
0.000011
0.000011
0.000011
0.000011
0.000010
0.000010
0.000010
0.000010
0.000010
0.000010
0.000010
0.000010
0.000010
0.000010
0.000010
0.000010
0.000010
0.000009
0.000009
0.000009
0.000009
0.000009
0.000009
0.000009
0.000009
0.000009
0.000009
0.000009
0.000008
0.000008
0.000008
0.000008
0.000008
0.000008
0.000008
0.000008
0.000008
0.000008
0.000007
0.000007
0.000007
0.000007
0.000007
0.000007
0.000007
0.000007
0.000007
0.000007
0.000006
0.000006
0.000006
0.000006
0.000006
0.000006
0.000006
0.000006
0.000006
0.000006
0.000005
0.000005
0.000005
0.000005
0.000005
0.000005
0.000005
0.000005
0.000005
0.000004
0.000004
0.000004
0.000004
0.000004
0.000004
0.000004
0.000004
0.000003
0.000003
0.000003
0.000003
0.000003
0.000003
0.000003
0.000003
0.000002
0.000002
0.000002
0.000002
0.000002
0.000002
0.000002
0.000002
0.000001
0.000001
0.000001
0.000001
0.000001
0.000001
0.000001
0.000000
0.000000
0.000000
0.000000
-0.000000
-0.000000
-0.000000
-0.000000
-0.000001
-0.000001
-0.000001
-0.000001
-0.000001
-0.000001
-0.000001
-0.000002
-0.000002
-0.000002
-0.000002
-0.000002
-0.000002
-0.000002
-0.000003
-0.000003
-0.000003
-0.000003
-0.000003
-0.000003
-0.000004
-0.000004
-0.000004
-0.000004
-0.000004
-0.000004
-0.000004
-0.000005
-0.000005
-0.000005
-0.000005
-0.000005
-0.000005
-0.000006
-0.000006
-0.000006
-0.000006
-0.000006
-0.000006
-0.000007
-0.000007
-0.000007
-0.000007
-0.000007
-0.000007
-0.000007
-0.000008
-0.000008
-0.000008
-0.000008
-0.000008
-0.000008
-0.000009
-0.000009
-0.000009
-0.000009
-0.000009
-0.000010
-0.000010
-0.000010
-0.000010
-0.000010
-0.000010
-0.000011
-0.000011
-0.000011
-0.000011
-0.000011
-0.000011
-0.000012
-0.000012
-0.000012
-0.000012
-0.000012
-0.000013
-0.000013
-0.000013
-0.000013
-0.000013
-0.000013
-0.000014
-0.000014
-0.000014
-0.000014
-0.000014
-0.000015
-0.000015
-0.000015
-0.000015
-0.000015
-0.000015
-0.000016
-0.000016
-0.000016
-0.000016
-0.000016
-0.000017
-0.000017
-0.000017
-0.000017
-0.000017
-0.000018
-0.000018
-0.000018
-0.000018
-0.000018
-0.000018
-0.000019
-0.000019
-0.000019
-0.000019
-0.000019
-0.000020
-0.000020
-0.000020
-0.000020
-0.000020
-0.000021
-0.000021
-0.000021
-0.000021
-0.000021
-0.000022
-0.000022
-0.000022
-0.000022
-0.000022
-0.000023
-0.000023
-0.000023
-0.000023
-0.000023
-0.000024
-0.000024
-0.000024
-0.000024
-0.000024
-0.000025
-0.000025
-0.000025
-0.000025
-0.000025
-0.000026
-0.000026
-0.000026
-0.000026
-0.000026
-0.000027
-0.000027
-0.000027
-0.000027
-0.000027
-0.000028
-0.000028
-0.000028
-0.000028
-0.000028
-0.000029
-0.000029
-0.000029
-0.000029
-0.000029
-0.000030
-0.000030
-0.000030
-0.000030
-0.000031
-0.000031
-0.000031
-0.000031
-0.000031
-0.000032
-0.000032
-0.000032
-0.000032
-0.000032
-0.000033
-0.000033
-0.000033
-0.000033
-0.000033
-0.000034
-0.000034
-0.000034
-0.000034
-0.000034
-0.000035
-0.000035
-0.000035
-0.000035
-0.000035
-0.000036
-0.000036
-0.000036
-0.000036
-0.000037
-0.000037
-0.000037
-0.000037
-0.000037
-0.000038
-0.000038
-0.000038
-0.000038
-0.000038
-0.000039
-0.000039
-0.000039
-0.000039
-0.000039
-0.000040
-0.000040
-0.000040
-0.000040
-0.000040
-0.000041
-0.000041
-0.000041
-0.000041
-0.000041
-0.000042
-0.000042
-0.000042
-0.000042
-0.000043
-0.000043
-0.000043
-0.000043
-0.000043
-0.000044
-0.000044
-0.000044
-0.000044
-0.000044
-0.000045
-0.000045
-0.000045
-0.000045
-0.000045
-0.000046
-0.000046
-0.000046
-0.000046
-0.000046
-0.000047
-0.000047
-0.000047
-0.000047
-0.000047
-0.000048
-0.000048
-0.000048
-0.000048
-0.000048
-0.000048
-0.000049
-0.000049
-0.000049
-0.000049
-0.000049
-0.000050
-0.000050
-0.000050
-0.000050
-0.000050
-0.000051
-0.000051
-0.000051
-0.000051
-0.000051
-0.000052
-0.000052
-0.000052
-0.000052
-0.000052
-0.000052
-0.000053
-0.000053
-0.000053
-0.000053
-0.000053
-0.000054
-0.000054
-0.000054
-0.000054
-0.000054
-0.000054
-0.000055
-0.000055
-0.000055
-0.000055
-0.000055
-0.000055
-0.000056
-0.000056
-0.000056
-0.000056
-0.000056
-0.000056
-0.000057
-0.000057
-0.000057
-0.000057
-0.000057
-0.000057
-0.000058
-0.000058
-0.000058
-0.000058
-0.000058
-0.000058
-0.000059
-0.000059
-0.000059
-0.000059
-0.000059
-0.000059
-0.000060
-0.000060
-0.000060
-0.000060
-0.000060
-0.000060
-0.000060
-0.000061
-0.000061
-0.000061
-0.000061
-0.000061
-0.000061
-0.000061
-0.000062
-0.000062
-0.000062
-0.000062
-0.000062
-0.000062
-0.000062
-0.000062
-0.000063
-0.000063
-0.000063
-0.000063
-0.000063
-0.000063
-0.000063
-0.000064
-0.000064
-0.000064
-0.000064
-0.000064
-0.000064
-0.000064
-0.000064
-0.000064
-0.000065
-0.000065
-0.000065
-0.000065
-0.000065
-0.000065
-0.000065
-0.000065
-0.000065
-0.000066
-0.000066
-0.000066
-0.000066
-0.000066
-0.000066
-0.000066
-0.000066
-0.000066
-0.000066
-0.000066
-0.000067
-0.000067
-0.000067
-0.000067
-0.000067
-0.000067
-0.000067
-0.000067
-0.000067
-0.000067
-0.000067
-0.000067
-0.000067
-0.000068
-0.000068
-0.000068
-0.000068
-0.000068
-0.000068
-0.000068
-0.000068
-0.000068
-0.000068
-0.000068
-0.000068
-0.000068
-0.000068
-0.000068
-0.000068
-0.000068
-0.000068
-0.000068
-0.000069
-0.000069
-0.000069
-0.000069
-0.000069
-0.000069
-0.000069
-0.000069
-0.000069
-0.000069
-0.000069
-0.000069
-0.000069
-0.000069
-0.000069
-0.000069
-0.000069
-0.000069
-0.000069
-0.000069
-0.000069
-0.000069
-0.000069
-0.000069
-0.000069
-0.000069
-0.000069
-0.000069
-0.000069
-0.000069
-0.000069
-0.000069
-0.000069
-0.000069
-0.000069
-0.000069
-0.000069
-0.000069
-0.000069
-0.000069
-0.000069
-0.000069
-0.000068
-0.000068
-0.000068
-0.000068
-0.000068
-0.000068
-0.000068
-0.000068
-0.000068
-0.000068
-0.000068
-0.000068
-0.000068
-0.000068
-0.000068
-0.000068
-0.000068
-0.000068
-0.000067
-0.000067
-0.000067
-0.000067
-0.000067
-0.000067
-0.000067
-0.000067
-0.000067
-0.000067
-0.000067
-0.000066
-0.000066
-0.000066
-0.000066
-0.000066
-0.000066
-0.000066
-0.000066
-0.000066
-0.000065
-0.000065
-0.000065
-0.000065
-0.000065
-0.000065
-0.000065
-0.000065
-0.000064
-0.000064
-0.000064
-0.000064
-0.000064
-0.000064
-0.000063
-0.000063
-0.000063
-0.000063
-0.000063
-0.000063
-0.000063
-0.000062
-0.000062
-0.000062
-0.000062
-0.000062
-0.000061
-0.000061
-0.000061
-0.000061
-0.000061
-0.000060
-0.000060
-0.000060
-0.000060
-0.000060
-0.000059
-0.000059
-0.000059
-0.000059
-0.000059
-0.000058
-0.000058
-0.000058
-0.000058
-0.000057
-0.000057
-0.000057
-0.000057
-0.000057
-0.000056
-0.000056
-0.000056
-0.000056
-0.000055
-0.000055
-0.000055
-0.000054
-0.000054
-0.000054
-0.000054
-0.000053
-0.000053
-0.000053
-0.000053
-0.000052
-0.000052
-0.000052
-0.000051
-0.000051
-0.000051
-0.000051
-0.000050
-0.000050
-0.000050
-0.000049
-0.000049
-0.000049
-0.000048
-0.000048
-0.000048
-0.000047
-0.000047
-0.000047
-0.000046
-0.000046
-0.000046
-0.000045
-0.000045
-0.000045
-0.000044
-0.000044
-0.000044
-0.000043
-0.000043
-0.000042
-0.000042
-0.000042
-0.000041
-0.000041
-0.000041
-0.000040
-0.000040
-0.000039
-0.000039
-0.000039
-0.000038
-0.000038
-0.000037
-0.000037
-0.000037
-0.000036
-0.000036
-0.000035
-0.000035
-0.000035
-0.000034
-0.000034
-0.000033
-0.000033
-0.000032
-0.000032
-0.000031
-0.000031
-0.000031
-0.000030
-0.000030
-0.000029
-0.000029
-0.000028
-0.000028
-0.000027
-0.000027
-0.000026
-0.000026
-0.000025
-0.000025
-0.000024
-0.000024
-0.000023
-0.000023
-0.000022
-0.000022
-0.000021
-0.000021
-0.000020
-0.000020
-0.000019
-0.000019
-0.000018
-0.000018
-0.000017
-0.000017
-0.000016
-0.000016
-0.000015
-0.000015
-0.000014
-0.000013
-0.000013
-0.000012
-0.000012
-0.000011
-0.000011
-0.000010
-0.000010
-0.000009
-0.000008
-0.000008
-0.000007
-0.000007
-0.000006
-0.000005
-0.000005
-0.000004
-0.000004
-0.000003
-0.000002
-0.000002
-0.000001
-0.000001
0.000000
0.000001
0.000001
0.000002
0.000003
0.000003
0.000004
0.000004
0.000005
0.000006
0.000006
0.000007
0.000008
0.000008
0.000009
0.000010
0.000010
0.000011
0.000012
0.000012
0.000013
0.000014
0.000014
0.000015
0.000016
0.000016
0.000017
0.000018
0.000018
0.000019
0.000020
0.000021
0.000021
0.000022
0.000023
0.000023
0.000024
0.000025
0.000026
0.000026
0.000027
0.000028
0.000029
0.000029
0.000030
0.000031
0.000032
0.000032
0.000033
0.000034
0.000035
0.000035
0.000036
0.000037
0.000038
0.000038
0.000039
0.000040
0.000041
0.000041
0.000042
0.000043
0.000044
0.000045
0.000045
0.000046
0.000047
0.000048
0.000049
0.000049
0.000050
0.000051
0.000052
0.000053
0.000054
0.000054
0.000055
0.000056
0.000057
0.000058
0.000058
0.000059
0.000060
0.000061
0.000062
0.000063
0.000064
0.000064
0.000065
0.000066
0.000067
0.000068
0.000069
0.000070
0.000070
0.000071
0.000072
0.000073
0.000074
0.000075
0.000076
0.000077
0.000077
0.000078
0.000079
0.000080
0.000081
0.000082
0.000083
0.000084
0.000085
0.000085
0.000086
0.000087
0.000088
0.000089
0.000090
0.000091
0.000092
0.000093
0.000094
0.000095
0.000096
0.000096
0.000097
0.000098
0.000099
0.000100
0.000101
0.000102
0.000103
0.000104
0.000105
0.000106
0.000107
0.000108
0.000109
0.000110
0.000111
0.000112
0.000112
0.000113
0.000114
0.000115
0.000116
0.000117
0.000118
0.000119
0.000120
0.000121
0.000122
0.000123
0.000124
0.000125
0.000126
0.000127
0.000128
0.000129
0.000130
0.000131
0.000132
0.000133
0.000134
0.000135
0.000136
0.000137
0.000138
0.000139
0.000140
0.000141
0.000142
0.000143
0.000144
0.000145
0.000146
0.000147
0.000148
0.000149
0.000150
0.000151
0.000152
0.000153
0.000154
0.000155
0.000156
0.000157
0.000158
0.000159
0.000160
0.000161
0.000162
0.000163
0.000164
0.000165
0.000166
0.000167
0.000168
0.000169
0.000170
0.000171
0.000172
0.000173
0.000174
0.000175
0.000176
0.000177
0.000178
0.000179
0.000180
0.000181
0.000182
0.000183
0.000184
0.000185
0.000186
0.000187
0.000188
0.000189
0.000190
0.000191
0.000192
0.000193
0.000194
0.000195
0.000196
0.000198
0.000199
0.000200
0.000201
0.000202
0.000203
0.000204
0.000205
0.000206
0.000207
0.000208
0.000209
0.000210
0.000211
0.000212
0.000213
0.000214
0.000215
0.000216
0.000217
0.000218
0.000219
0.000220
0.000221
0.000222
0.000223
0.000224
0.000225
0.000226
0.000227
0.000228
0.000229
0.000230
0.000231
0.000232
0.000233
0.000234
0.000235
0.000236
0.000237
0.000238
0.000239
0.000240
0.000241
0.000242
0.000243
0.000244
0.000245
0.000246
0.000246
0.000247
0.000248
0.000249
0.000250
0.000251
0.000252
0.000253
0.000254
0.000255
0.000256
0.000257
0.000258
0.000259
0.000260
0.000261
0.000262
0.000263
0.000264
0.000265
0.000265
0.000266
0.000267
0.000268
0.000269
0.000270
0.000271
0.000272
0.000273
0.000274
0.000275
0.000276
0.000276
0.000277
0.000278
0.000279
0.000280
0.000281
0.000282
0.000283
0.000284
0.000284
0.000285
0.000286
0.000287
0.000288
0.000289
0.000290
0.000290
0.000291
0.000292
0.000293
0.000294
0.000295
0.000295
0.000296
0.000297
0.000298
0.000299
0.000300
0.000300
0.000301
0.000302
0.000303
0.000304
0.000304
0.000305
0.000306
0.000307
0.000307
0.000308
0.000309
0.000310
0.000310
0.000311
0.000312
0.000313
0.000313
0.000314
0.000315
0.000316
0.000316
0.000317
0.000318
0.000318
0.000319
0.000320
0.000320
0.000321
0.000322
0.000323
0.000323
0.000324
0.000324
0.000325
0.000326
0.000326
0.000327
0.000328
0.000328
0.000329
0.000330
0.000330
0.000331
0.000331
0.000332
0.000333
0.000333
0.000334
0.000334
0.000335
0.000335
0.000336
0.000336
0.000337
0.000338
0.000338
0.000339
0.000339
0.000340
0.000340
0.000341
0.000341
0.000342
0.000342
0.000343
0.000343
0.000343
0.000344
0.000344
0.000345
0.000345
0.000346
0.000346
0.000346
0.000347
0.000347
0.000348
0.000348
0.000348
0.000349
0.000349
0.000350
0.000350
0.000350
0.000351
0.000351
0.000351
0.000352
0.000352
0.000352
0.000352
0.000353
0.000353
0.000353
0.000353
0.000354
0.000354
0.000354
0.000354
0.000355
0.000355
0.000355
0.000355
0.000355
0.000356
0.000356
0.000356
0.000356
0.000356
0.000356
0.000357
0.000357
0.000357
0.000357
0.000357
0.000357
0.000357
0.000357
0.000357
0.000357
0.000357
0.000357
0.000357
0.000357
0.000357
0.000357
0.000357
0.000357
0.000357
0.000357
0.000357
0.000357
0.000357
0.000357
0.000357
0.000357
0.000357
0.000357
0.000356
0.000356
0.000356
0.000356
0.000356
0.000356
0.000356
0.000355
0.000355
0.000355
0.000355
0.000354
0.000354
0.000354
0.000354
0.000353
0.000353
0.000353
0.000353
0.000352
0.000352
0.000352
0.000351
0.000351
0.000350
0.000350
0.000350
0.000349
0.000349
0.000348
0.000348
0.000348
0.000347
0.000347
0.000346
0.000346
0.000345
0.000345
0.000344
0.000344
0.000343
0.000342
0.000342
0.000341
0.000341
0.000340
0.000340
0.000339
0.000338
0.000338
0.000337
0.000336
0.000336
0.000335
0.000334
0.000333
0.000333
0.000332
0.000331
0.000330
0.000330
0.000329
0.000328
0.000327
0.000326
0.000326
0.000325
0.000324
0.000323
0.000322
0.000321
0.000320
0.000319
0.000318
0.000317
0.000316
0.000315
0.000314
0.000313
0.000312
0.000311
0.000310
0.000309
0.000308
0.000307
0.000306
0.000305
0.000304
0.000303
0.000301
0.000300
0.000299
0.000298
0.000297
0.000296
0.000294
0.000293
0.000292
0.000291
0.000289
0.000288
0.000287
0.000285
0.000284
0.000283
0.000281
0.000280
0.000278
0.000277
0.000276
0.000274
0.000273
0.000271
0.000270
0.000268
0.000267
0.000265
0.000264
0.000262
0.000261
0.000259
0.000257
0.000256
0.000254
0.000253
0.000251
0.000249
0.000248
0.000246
0.000244
0.000242
0.000241
0.000239
0.000237
0.000235
0.000234
0.000232
0.000230
0.000228
0.000226
0.000224
0.000222
0.000221
0.000219
0.000217
0.000215
0.000213
0.000211
0.000209
0.000207
0.000205
0.000203
0.000201
0.000199
0.000197
0.000194
0.000192
0.000190
0.000188
0.000186
0.000184
0.000182
0.000179
0.000177
0.000175
0.000173
0.000170
0.000168
0.000166
0.000163
0.000161
0.000159
0.000156
0.000154
0.000152
0.000149
0.000147
0.000144
0.000142
0.000139
0.000137
0.000134
0.000132
0.000129
0.000127
0.000124
0.000122
0.000119
0.000116
0.000114
0.000111
0.000109
0.000106
0.000103
0.000100
0.000098
0.000095
0.000092
0.000089
0.000087
0.000084
0.000081
0.000078
0.000075
0.000072
0.000070
0.000067
0.000064
0.000061
0.000058
0.000055
0.000052
0.000049
0.000046
0.000043
0.000040
0.000037
0.000034
0.000030
0.000027
0.000024
0.000021
0.000018
0.000015
0.000011
0.000008
0.000005
0.000002
-0.000002
-0.000005
-0.000008
-0.000011
-0.000015
-0.000018
-0.000021
-0.000025
-0.000028
-0.000032
-0.000035
-0.000039
-0.000042
-0.000045
-0.000049
-0.000053
-0.000056
-0.000060
-0.000063
-0.000067
-0.000070
-0.000074
-0.000078
-0.000081
-0.000085
-0.000089
-0.000092
-0.000096
-0.000100
-0.000103
-0.000107
-0.000111
-0.000115
-0.000119
-0.000122
-0.000126
-0.000130
-0.000134
-0.000138
-0.000142
-0.000146
-0.000150
-0.000154
-0.000158
-0.000162
-0.000166
-0.000170
-0.000174
-0.000178
-0.000182
-0.000186
-0.000190
-0.000194
-0.000198
-0.000202
-0.000207
-0.000211
-0.000215
-0.000219
-0.000223
-0.000228
-0.000232
-0.000236
-0.000241
-0.000245
-0.000249
-0.000254
-0.000258
-0.000262
-0.000267
-0.000271
-0.000275
-0.000280
-0.000284
-0.000289
-0.000293
-0.000298
-0.000302
-0.000307
-0.000311
-0.000316
-0.000321
-0.000325
-0.000330
-0.000334
-0.000339
-0.000344
-0.000348
-0.000353
-0.000358
-0.000363
-0.000367
-0.000372
-0.000377
-0.000382
-0.000386
-0.000391
-0.000396
-0.000401
-0.000406
-0.000411
-0.000416
-0.000421
-0.000425
-0.000430
-0.000435
-0.000440
-0.000445
-0.000450
-0.000455
-0.000460
-0.000465
-0.000470
-0.000475
-0.000481
-0.000486
-0.000491
-0.000496
-0.000501
-0.000506
-0.000511
-0.000517
-0.000522
-0.000527
-0.000532
-0.000537
-0.000543
-0.000548
-0.000553
-0.000559
-0.000564
-0.000569
-0.000575
-0.000580
-0.000585
-0.000591
-0.000596
-0.000602
-0.000607
-0.000612
-0.000618
-0.000623
-0.000629
-0.000634
-0.000640
-0.000645
-0.000651
-0.000656
-0.000662
-0.000667
-0.000673
-0.000679
-0.000684
-0.000689
-0.000694
-0.000700
-0.000705
-0.000710
-0.000715
-0.000721
-0.000727
-0.000733
-0.000740
-0.000747
-0.000754
-0.000761
-0.000769
-0.000779
-0.000788
-0.000796
-0.000806
-0.000818
-0.000830
-0.000845
-0.000859
-0.000872
-0.000885
-0.000898
-0.000909
-0.000922
-0.000937
-0.000953
-0.000966
-0.000983
-0.001001
-0.001022
-0.001043
-0.001070
-0.001099
-0.001131
-0.001163
-0.001188
-0.001215
-0.001243
-0.001273
-0.001307
-0.001347
-0.001387
-0.001427
-0.001470
-0.001511
-0.001545
-0.001581
-0.001605
-0.001628
-0.001651
-0.001675
-0.001683
-0.001709
-0.001737
-0.001750
-0.001743
-0.001739
-0.001722
-0.001703
-0.001692
-0.001682
-0.001662
-0.001651
-0.001623
-0.001577
-0.001535
-0.001501
-0.001481
-0.001434
-0.001376
-0.001307
-0.001239
-0.001141
-0.001031
-0.000922
-0.000845
-0.000756
-0.000666
-0.000591
-0.000527
-0.000477
-0.000459
-0.000403
-0.000372
-0.000328
-0.000296
-0.000287
-0.000289
-0.000282
-0.000292
-0.000327
-0.000336
-0.000367
-0.000422
-0.000484
-0.000557
-0.000669
-0.000777
-0.000881
-0.000998
-0.001095
-0.001158
-0.001233
-0.001309
-0.001369
-0.001435
-0.001500
-0.001582
-0.001661
-0.001742
-0.001864
-0.001967
-0.002065
-0.002196
-0.002290
-0.002366
-0.002423
-0.002471
-0.002503
-0.002483
-0.002459
-0.002444
-0.002377
-0.002324
-0.002282
-0.002245
-0.002209
-0.002174
-0.002156
-0.002139
-0.002110
-0.002081
-0.002031
-0.001990
-0.002018
-0.002044
-0.002122
-0.002218
-0.002320
-0.002388
-0.002396
-0.002368
-0.002305
-0.002185
-0.002016
-0.001856
-0.001665
-0.001436
-0.001220
-0.001038
-0.000886
-0.000760
-0.000622
-0.000420
-0.000210
0.000027
0.000194
0.000397
0.000615
0.000802
0.000927
0.001037
0.001161
0.001279
0.001314
0.001335
0.001361
0.001314
0.001239
0.001259
0.001238
0.001224
0.001168
0.001107
0.001045
0.000904
0.000747
0.000566
0.000386
0.000234
0.000004
-0.000171
-0.000346
-0.000539
-0.000663
-0.000844
-0.000989
-0.001065
-0.001071
-0.001112
-0.001230
-0.001382
-0.001637
-0.001789
-0.001951
-0.002010
-0.002053
-0.002048
-0.001996
-0.002062
-0.002226
-0.002304
-0.002338
-0.002390
-0.002366
-0.002250
-0.002125
-0.002039
-0.001980
-0.001952
-0.001957
-0.001970
-0.001932
-0.001940
-0.002035
-0.002289
-0.002511
-0.002736
-0.002879
-0.002945
-0.003086
-0.003244
-0.003342
-0.003414
-0.003518
-0.003809
-0.004121
-0.004288
-0.004542
-0.004754
-0.004809
-0.004741
-0.004634
-0.004558
-0.004447
-0.004112
-0.003819
-0.003462
-0.003124
-0.002659
-0.002224
-0.001838
-0.001418
-0.000908
-0.000232
0.000378
0.000923
0.001498
0.002081
0.002490
0.002659
0.002848
0.002954
0.002952
0.002987
0.002924
0.002783
0.002790
0.002794
0.002494
0.002064
0.001721
0.001108
0.000524
-0.000106
-0.000727
-0.001272
-0.001713
-0.001960
-0.002243
-0.002526
-0.002939
-0.003469
-0.004084
-0.004559
-0.004874
-0.005066
-0.005288
-0.005518
-0.005691
-0.005667
-0.005734
-0.005778
-0.005875
-0.005847
-0.005712
-0.005600
-0.005522
-0.005359
-0.005150
-0.004753
-0.004459
-0.003914
-0.003526
-0.003104
-0.002859
-0.002418
-0.002027
-0.001524
-0.001025
-0.000435
0.000160
0.000758
0.001271
0.001690
0.002229
0.002831
0.003184
0.003540
0.004079
0.004847
0.005571
0.006269
0.006970
0.007275
0.007288
0.007234
0.007025
0.006505
0.005880
0.005263
0.004692
0.003886
0.003159
0.002241
0.001421
0.000655
-0.000025
-0.000853
-0.001936
-0.003154
-0.004353
-0.005917
-0.007311
-0.008433
-0.009577
-0.010449
-0.011146
-0.011493
-0.011535
-0.011389
-0.011124
-0.010982
-0.010905
-0.010592
-0.010614
-0.010535
-0.010175
-0.010382
-0.010734
-0.010853
-0.010801
-0.010669
-0.010529
-0.010293
-0.010086
-0.009708
-0.009052
-0.008074
-0.007181
-0.006427
-0.005696
-0.005347
-0.005435
-0.005622
-0.005923
-0.006360
-0.006682
-0.006914
-0.006609
-0.005999
-0.005302
-0.004550
-0.004019
-0.003287
-0.002511
-0.001685
-0.000826
-0.000019
0.000939
0.001882
0.002658
0.002906
0.003245
0.003452
0.003462
0.003380
0.003180
0.002720
0.002332
0.001948
0.001613
0.001184
0.000336
-0.000409
-0.001300
-0.002051
-0.003040
-0.004426
-0.006215
-0.007726
-0.008950
-0.010015
-0.011173
-0.012472
-0.013805
-0.015236
-0.016140
-0.016507
-0.016840
-0.016741
-0.016331
-0.015481
-0.014232
-0.012655
-0.011448
-0.010077
-0.008923
-0.007681
-0.006511
-0.005121
-0.003644
-0.001783
0.000274
0.001973
0.003534
0.005286
0.007137
0.008454
0.010417
0.011871
0.012936
0.014213
0.015247
0.015809
0.015800
0.015814
0.015210
0.014222
0.013256
0.012098
0.011305
0.010503
0.009678
0.008594
0.007759
0.006550
0.004754
0.002959
0.000975
-0.000706
-0.002213
-0.003809
-0.005194
-0.006923
-0.008336
-0.009711
-0.010820
-0.011815
-0.012892
-0.013653
-0.014046
-0.014704
-0.015919
-0.016518
-0.017328
-0.018054
-0.018485
-0.018410
-0.018438
-0.018530
-0.018555
-0.018620
-0.018604
-0.019206
-0.020026
-0.020269
-0.019801
-0.019017
-0.018410
-0.017465
-0.015780
-0.013627
-0.011947
-0.010652
-0.009491
-0.008075
-0.006351
-0.004484
-0.002185
-0.000094
0.002200
0.004441
0.006344
0.007991
0.009619
0.011242
0.012002
0.012999
0.014062
0.015377
0.016637
0.017622
0.018461
0.019002
0.019496
0.020254
0.021129
0.021892
0.023072
0.024184
0.025906
0.027613
0.029322
0.031176
0.032656
0.034141
0.034707
0.034825
0.034494
0.034292
0.033964
0.033601
0.032720
0.031548
0.031350
0.031055
0.029902
0.028435
0.027098
0.026103
0.024580
0.022468
0.020041
0.017315
0.015124
0.012508
0.009638
0.006659
0.003471
0.000414
-0.003106
-0.005677
-0.008099
-0.010324
-0.012573
-0.014904
-0.017245
-0.019933
-0.022067
-0.023970
-0.024892
-0.025402
-0.027094
-0.028224
-0.029536
-0.030444
-0.031793
-0.033020
-0.034053
-0.035057
-0.035932
-0.036462
-0.036218
-0.035590
-0.034014
-0.032489
-0.030270
-0.027992
-0.025203
-0.021981
-0.018850
-0.015650
-0.011787
-0.007771
-0.004143
0.000384
0.005034
0.008769
0.012366
0.015485
0.019236
0.022940
0.026539
0.030748
0.034567
0.037416
0.038891
0.040069
0.040886
0.040335
0.039294
0.037877
0.036884
0.034974
0.032657
0.030578
0.028427
0.027038
0.026391
0.024876
0.022578
0.020361
0.017336
0.013863
0.009612
0.006116
0.002897
0.000243
-0.002333
-0.005007
-0.007405
-0.009087
-0.009914
-0.010201
-0.010574
-0.011308
-0.012073
-0.012936
-0.014272
-0.016200
-0.017570
-0.018332
-0.018964
-0.019768
-0.020704
-0.021231
-0.021212
-0.020388
-0.019869
-0.020402
-0.021525
-0.021810
-0.021539
-0.020567
-0.019358
-0.017700
-0.016562
-0.016462
-0.015703
-0.014580
-0.012874
-0.010559
-0.007395
-0.002995
0.000210
0.004196
0.007650
0.011344
0.014899
0.018382
0.021405
0.023803
0.026241
0.029039
0.031805
0.034460
0.036113
0.038025
0.037773
0.036573
0.033921
0.030325
0.027237
0.022655
0.017838
0.013635
0.010429
0.005978
0.002080
-0.001018
-0.003905
-0.005412
-0.005656
-0.004284
-0.003574
-0.001536
0.000972
0.003895
0.007330
0.010524
0.014711
0.018364
0.022275
0.026937
0.031856
0.036947
0.041352
0.044402
0.047759
0.051444
0.054541
0.058374
0.062934
0.066984
0.071415
0.076368
0.079979
0.083359
0.085966
0.087719
0.088536
0.088209
0.087255
0.085534
0.083884
0.081057
0.077019
0.071021
0.065628
0.060703
0.055511
0.049322
0.042294
0.033704
0.023660
0.014133
0.004905
-0.005646
-0.015390
-0.025357
-0.035116
-0.043971
-0.052402
-0.060523
-0.068143
-0.075003
-0.081483
-0.087525
-0.093557
-0.099349
-0.104027
-0.108281
-0.110959
-0.113310
-0.114622
-0.115121
-0.114755
-0.113811
-0.111767
-0.107604
-0.103986
-0.100845
-0.095546
-0.089851
-0.083392
-0.076607
-0.069171
-0.060397
-0.051537
-0.040928
-0.029764
-0.019406
-0.008303
0.002953
0.014162
0.022962
0.031251
0.039769
0.047506
0.054856
0.062428
0.069869
0.075938
0.081346
0.086195
0.090600
0.094495
0.097935
0.100092
0.101545
0.102540
0.104065
0.103986
0.103332
0.101705
0.100009
0.096850
0.094167
0.090173
0.085928
0.079711
0.072932
0.065319
0.058053
0.051047
0.043305
0.035506
0.027564
0.019783
0.012147
0.004221
-0.002995
-0.011478
-0.020035
-0.029750
-0.037743
-0.046369
-0.053345
-0.060236
-0.066514
-0.071546
-0.075434
-0.079665
-0.083978
-0.087168
-0.090138
-0.093642
-0.096787
-0.099796
-0.103287
-0.106698
-0.108258
-0.108961
-0.108386
-0.106306
-0.103368
-0.099947
-0.094836
-0.089772
-0.084651
-0.079646
-0.072584
-0.066007
-0.059497
-0.050887
-0.041192
-0.031625
-0.023638
-0.016529
-0.008656
-0.001556
0.003952
0.009304
0.015276
0.020908
0.026945
0.033818
0.039222
0.042376
0.045330
0.047807
0.050683
0.052328
0.054535
0.055704
0.057532
0.060100
0.063062
0.064743
0.065951
0.066934
0.067192
0.066360
0.063928
0.059773
0.056232
0.052680
0.048401
0.044246
0.040663
0.036994
0.033501
0.029822
0.025979
0.022433
0.017993
0.012676
0.006617
0.001293
-0.004547
-0.008559
-0.012581
-0.016428
-0.020482
-0.021695
-0.021855
-0.022540
-0.021730
-0.022514
-0.023052
-0.024944
-0.025661
-0.025749
-0.024938
-0.024846
-0.025845
-0.027675
-0.028674
-0.027988
-0.026705
-0.025195
-0.022430
-0.018801
-0.015257
-0.011052
-0.008175
-0.004873
-0.001454
0.003736
0.007273
0.009767
0.010516
0.011237
0.014984
0.018826
0.021136
0.023796
0.027366
0.028415
0.027321
0.027146
0.028260
0.029030
0.028239
0.028573
0.027627
0.027581
0.026153
0.025419
0.022330
0.018852
0.014784
0.009304
0.003692
-0.002575
-0.007239
-0.013021
-0.019426
-0.024600
-0.031733
-0.039368
-0.047537
-0.055803
-0.061585
-0.064847
-0.067599
-0.067286
-0.067614
-0.067191
-0.065826
-0.064094
-0.062301
-0.058656
-0.051718
-0.042847
-0.032858
-0.025861
-0.018362
-0.012073
-0.005862
0.001914
0.011656
0.022785
0.030936
0.037686
0.043748
0.050065
0.055134
0.060195
0.064717
0.066819
0.070195
0.074122
0.077076
0.077709
0.076866
0.076629
0.077351
0.075876
0.075406
0.076614
0.077887
0.080859
0.085270
0.088470
0.091218
0.094105
0.096019
0.098770
0.097920
0.097388
0.097817
0.099331
0.100938
0.102200
0.102452
0.100519
0.096859
0.093877
0.091106
0.086529
0.080807
0.075825
0.071825
0.065207
0.058404
0.051954
0.044576
0.036081
0.029467
0.021988
0.015144
0.008751
0.000399
-0.007687
-0.017514
-0.025986
-0.035329
-0.043570
-0.051400
-0.060135
-0.068870
-0.074686
-0.077831
-0.083508
-0.090353
-0.097971
-0.104060
-0.109129
-0.113176
-0.117109
-0.122692
-0.127347
-0.129909
-0.131601
-0.130279
-0.126367
-0.121578
-0.118124
-0.111170
-0.104235
-0.097463
-0.091255
-0.084494
-0.075980
-0.065076
-0.054871
-0.044302
-0.033963
-0.025089
-0.017094
-0.009141
-0.001407
0.005677
0.012453
0.018183
0.024199
0.030515
0.036826
0.041122
0.046870
0.051231
0.052759
0.053824
0.055429
0.055228
0.056059
0.054295
0.049035
0.046140
0.041302
0.036937
0.033523
0.027674
0.021625
0.015171
0.009904
0.007389
0.008227
0.010125
0.012933
0.015214
0.017611
0.020431
0.022481
0.026657
0.034240
0.042965
0.050232
0.054697
0.058960
0.062424
0.064829
0.066989
0.070515
0.072408
0.072323
0.070470
0.068441
0.065940
0.065019
0.064341
0.062020
0.058796
0.053907
0.043452
0.032685
0.022077
0.010986
-0.000382
-0.010236
-0.021733
-0.032069
-0.042414
-0.048584
-0.055363
-0.060853
-0.063367
-0.064632
-0.065454
-0.065492
-0.062857
-0.061104
-0.060311
-0.059948
-0.059018
-0.061342
-0.063996
-0.066160
-0.067840
-0.068967
-0.070692
-0.071271
-0.072880
-0.078883
-0.086780
-0.092870
-0.099709
-0.110818
-0.119674
-0.125337
-0.128395
-0.127332
-0.126429
-0.125718
-0.123078
-0.120622
-0.118488
-0.116249
-0.112460
-0.108621
-0.102600
-0.090359
-0.076533
-0.058486
-0.041415
-0.024362
-0.006184
0.008782
0.022994
0.035954
0.044920
0.053534
0.063459
0.070614
0.078300
0.084307
0.091642
0.098277
0.102263
0.103975
0.105899
0.107446
0.109553
0.114096
0.120654
0.126795
0.127879
0.127824
0.129320
0.130153
0.129056
0.128404
0.122837
0.112956
0.104058
0.095287
0.088784
0.077826
0.064124
0.048267
0.031318
0.015465
-0.000794
-0.018781
-0.036786
-0.053723
-0.069449
-0.083875
-0.099252
-0.111452
-0.119975
-0.127099
-0.135256
-0.143755
-0.150708
-0.156440
-0.159788
-0.164326
-0.168580
-0.171367
-0.168161
-0.162699
-0.153453
-0.145645
-0.137242
-0.129061
-0.118495
-0.102894
-0.090489
-0.077504
-0.062968
-0.050983
-0.040836
-0.027825
-0.015224
-0.001669
0.009818
0.024445
0.038278
0.049144
0.061491
0.073151
0.085757
0.099494
0.114513
0.127911
0.139489
0.146633
0.154562
0.162382
0.171500
0.178486
0.184284
0.186727
0.188314
0.188885
0.185395
0.183406
0.179243
0.174561
0.167441
0.160764
0.154729
0.144693
0.133615
0.123529
0.112452
0.100172
0.086246
0.070384
0.053333
0.038992
0.025003
0.009000
-0.011865
-0.034035
-0.056177
-0.078288
-0.102536
-0.122867
-0.143302
-0.161917
-0.179102
-0.194749
-0.206754
-0.214354
-0.219033
-0.221766
-0.222387
-0.223449
-0.227628
-0.225936
-0.220862
-0.212997
-0.203019
-0.192761
-0.183808
-0.175773
-0.167583
-0.158908
-0.151304
-0.138574
-0.125221
-0.111977
-0.097358
-0.081267
-0.064029
-0.049377
-0.035746
-0.021739
-0.009705
-0.000616
0.010744
0.020702
0.030573
0.041208
0.051741
0.062499
0.073688
0.086233
0.097905
0.109061
0.121001
0.131378
0.141000
0.147644
0.147646
0.144924
0.141530
0.136300
0.133453
0.125321
0.117781
0.106918
0.095017
0.084796
0.073203
0.064127
0.049745
0.036189
0.022954
0.007955
-0.007058
-0.022176
-0.039244
-0.052210
-0.066024
-0.081695
-0.094627
-0.109461
-0.122790
-0.130784
-0.139816
-0.148883
-0.156729
-0.161523
-0.164154
-0.165515
-0.167337
-0.166772
-0.169143
-0.166290
-0.167912
-0.166113
-0.160856
-0.155454
-0.147899
-0.139173
-0.130327
-0.126761
-0.120136
-0.108602
-0.099106
-0.086974
-0.070371
-0.051662
-0.030475
-0.011203
0.005460
0.019974
0.032859
0.046667
0.064133
0.086028
0.108199
0.130644
0.153203
0.174726
0.193020
0.208383
0.216956
0.222106
0.225146
0.226819
0.222859
0.221198
0.213464
0.204683
0.196153
0.186300
0.177326
0.168421
0.161199
0.152363
0.142811
0.132005
0.120170
0.106569
0.093731
0.081016
0.065566
0.050306
0.034931
0.019034
-0.000201
-0.014457
-0.024628
-0.032527
-0.036718
-0.042654
-0.049047
-0.052252
-0.054723
-0.059636
-0.065329
-0.067411
-0.069292
-0.067402
-0.063781
-0.060682
-0.054998
-0.048435
-0.040385
-0.029496
-0.018949
-0.009935
0.003414
0.017470
0.031215
0.044038
0.058687
0.074412
0.089934
0.102142
0.114493
0.122197
0.125683
0.132719
0.134589
0.134302
0.129335
0.118453
0.109585
0.099931
0.088625
0.080925
0.075346
0.068485
0.058188
0.046614
0.034385
0.023805
0.015032
0.006649
0.002158
-0.004707
-0.011574
-0.020008
-0.025489
-0.031868
-0.036650
-0.039255
-0.040728
-0.042981
-0.047637
-0.052751
-0.057495
-0.064058
-0.070089
-0.075183
-0.082287
-0.089207
-0.097195
-0.103872
-0.107056
-0.108777
-0.111404
-0.112968
-0.114590
-0.114718
-0.112693
-0.110135
-0.108346
-0.104781
-0.102809
-0.098328
-0.094851
-0.088175
-0.080465
-0.071261
-0.065375
-0.061579
-0.056358
-0.048117
-0.037379
-0.027022
-0.015469
-0.002279
0.006975
0.016968
0.026892
0.039262
0.050733
0.063264
0.074827
0.080085
0.083891
0.086787
0.089865
0.097866
0.107278
0.118664
0.127826
0.135100
0.139910
0.142242
0.147072
0.150909
0.154670
0.157341
0.159760
0.161553
0.168382
0.173399
0.179707
0.180576
0.178551
0.176130
0.170714
0.165391
0.159345
0.149333
0.136422
0.118920
0.101226
0.081079
0.055606
0.035180
0.015783
-0.004081
-0.022707
-0.044364
-0.063445
-0.083057
-0.103538
-0.123690
-0.143273
-0.162171
-0.177693
-0.191766
-0.202026
-0.209268
-0.212041
-0.216207
-0.219283
-0.218833
-0.216330
-0.213100
-0.212870
-0.211715
-0.208526
-0.201287
-0.193705
-0.184586
-0.176728
-0.168035
-0.158688
-0.146250
-0.132418
-0.117803
-0.101823
-0.083728
-0.062369
-0.044779
-0.027533
-0.011542
0.000822
0.013409
0.028525
0.044737
0.058189
0.070566
0.084229
0.096929
0.106660
0.119179
0.129986
0.139485
0.146893
0.151578
0.152845
0.150531
0.147521
0.144403
0.143736
0.137612
0.129091
0.124088
0.117506
0.110099
0.099040
0.084472
0.069390
0.049936
0.028872
0.006963
-0.015029
-0.035581
-0.057454
-0.079176
-0.098216
-0.114484
-0.129484
-0.144831
-0.156383
-0.169973
-0.183170
-0.197640
-0.209425
-0.219458
-0.226986
-0.232547
-0.238075
-0.241445
-0.245416
-0.251691
-0.256209
-0.260938
-0.264559
-0.265847
-0.265547
-0.265251
-0.261341
-0.252266
-0.243076
-0.230963
-0.216803
-0.203679
-0.186692
-0.167991
-0.145998
-0.122769
-0.098556
-0.072164
-0.045539
-0.019388
0.005647
0.029862
0.055232
0.081090
0.106823
0.127480
0.147503
0.168237
0.188991
0.206992
0.226846
0.244820
0.264015
0.280523
0.295158
0.308012
0.319418
0.329311
0.332774
0.332926
0.334120
0.334709
0.334114
0.329596
0.321339
0.309460
0.293029
0.277948
0.259109
0.238139
0.218761
0.195361
0.170878
0.144288
0.117258
0.090456
0.063081
0.034525
0.006625
-0.021676
-0.050295
-0.077152
-0.103957
-0.128390
-0.152077
-0.177661
-0.203416
-0.227949
-0.248882
-0.269324
-0.289213
-0.306432
-0.321670
-0.336602
-0.349121
-0.357161
-0.360855
-0.362496
-0.358260
-0.348938
-0.335450
-0.319073
-0.297535
-0.274084
-0.249109
-0.225132
-0.198733
-0.173253
-0.145627
-0.116634
-0.085250
-0.053876
-0.022144
0.010641
0.041508
0.074995
0.102894
0.128519
0.153178
0.176382
0.198911
0.220746
0.242034
0.258465
0.271340
0.281673
0.288140
0.293318
0.299298
0.304591
0.307979
0.310828
0.310776
0.305923
0.298402
0.288191
0.277631
0.263584
0.249747
0.232458
0.212005
0.191755
0.172358
0.151306
0.127772
0.107005
0.087754
0.069750
0.052621
0.039469
0.027274
0.013902
-0.000825
-0.015498
-0.031197
-0.048499
-0.066922
-0.082906
-0.094350
-0.104563
-0.114782
-0.124122
-0.132140
-0.138600
-0.144149
-0.149028
-0.152086
-0.152555
-0.151157
-0.149714
-0.147354
-0.139788
-0.131627
-0.124315
-0.117426
-0.109233
-0.099932
-0.089824
-0.080698
-0.072227
-0.064166
-0.055382
-0.045784
-0.036741
-0.029115
-0.022350
-0.015033
-0.008195
-0.000310
0.007734
0.014931
0.021938
0.028143
0.032225
0.035763
0.041270
0.047620
0.053662
0.059797
0.066997
0.072696
0.076046
0.078517
0.083815
0.086428
0.089110
0.091467
0.092821
0.093101
0.093177
0.089377
0.085377
0.079105
0.069805
0.060534
0.046763
0.029651
0.010866
-0.004687
-0.022770
-0.043317
-0.062839
-0.081118
-0.098740
-0.119561
-0.137792
-0.154596
-0.169865
-0.184010
-0.195154
-0.205203
-0.213450
-0.220074
-0.223832
-0.226691
-0.229047
-0.229762
-0.225343
-0.219531
-0.210329
-0.200900
-0.190719
-0.176671
-0.162425
-0.146857
-0.129217
-0.110134
-0.088589
-0.068431
-0.049665
-0.031980
-0.017361
-0.005052
0.007747
0.020684
0.034609
0.049555
0.063756
0.078640
0.095925
0.108786
0.118739
0.127813
0.135942
0.143019
0.147902
0.152405
0.155699
0.157302
0.156083
0.152005
0.148188
0.142398
0.137827
0.132790
0.124733
0.117698
0.109284
0.101098
0.091859
0.084065
0.076018
0.067411
0.058807
0.051717
0.044067
0.036216
0.029503
0.020378
0.011428
-0.000180
-0.013789
-0.025936
-0.037065
-0.047811
-0.057743
-0.067400
-0.076753
-0.085554
-0.092931
-0.095389
-0.096616
-0.097345
-0.098218
-0.099054
-0.097251
-0.092982
-0.084455
-0.076480
-0.067452
-0.058788
-0.049167
-0.039715
-0.030979
-0.024545
-0.016623
-0.009055
-0.001031
0.007793
0.016592
0.024418
0.031767
0.039198
0.046626
0.054985
0.062115
0.067059
0.071043
0.074004
0.076481
0.077028
0.075685
0.074692
0.073404
0.072518
0.070533
0.069677
0.067979
0.067917
0.067881
0.068213
0.068722
0.069081
0.068745
0.070502
0.072689
0.074483
0.074394
0.073487
0.072684
0.069618
0.065703
0.061509
0.058270
0.055196
0.052196
0.049984
0.047030
0.046205
0.045721
0.044367
0.041913
0.040383
0.037968
0.034634
0.030735
0.029096
0.030098
0.029652
0.032169
0.033822
0.035973
0.037914
0.041729
0.042363
0.042263
0.042453
0.041421
0.040132
0.037116
0.033042
0.027922
0.022095
0.013911
0.005622
-0.001859
-0.009381
-0.016387
-0.025292
-0.034209
-0.043632
-0.051631
-0.060224
-0.067118
-0.073721
-0.079187
-0.084184
-0.089691
-0.094486
-0.097307
-0.098995
-0.098649
-0.100567
-0.102916
-0.105584
-0.108814
-0.112069
-0.114926
-0.117839
-0.118931
-0.119378
-0.119121
-0.116386
-0.113906
-0.111610
-0.106611
-0.099775
-0.091068
-0.081955
-0.072574
-0.063826
-0.056278
-0.050269
-0.041002
-0.033466
-0.027112
-0.021481
-0.014656
-0.008262
-0.003563
-0.000906
0.000985
0.002381
0.005225
0.009261
0.013973
0.019284
0.024624
0.029068
0.032482
0.036906
0.040191
0.043734
0.046513
0.048477
0.049870
0.052742
0.055162
0.058167
0.060912
0.062089
0.062424
0.061139
0.059238
0.058103
0.055874
0.052632
0.049168
0.045225
0.039713
0.033877
0.025468
0.017117
0.009713
0.002078
-0.003488
-0.007692
-0.011588
-0.014663
-0.017265
-0.017742
-0.017243
-0.015161
-0.013588
-0.012404
-0.011761
-0.012039
-0.012704
-0.013978
-0.015142
-0.015244
-0.012867
-0.009967
-0.006777
-0.003315
0.000540
0.004990
0.008975
0.012883
0.018162
0.023900
0.028349
0.033683
0.039289
0.043997
0.048898
0.053616
0.057376
0.059426
0.060314
0.061437
0.062882
0.064195
0.065681
0.065403
0.067062
0.068095
0.066366
0.063888
0.061090
0.058067
0.054104
0.051238
0.048480
0.045769
0.043486
0.040927
0.038422
0.036477
0.035340
0.033915
0.030713
0.027586
0.023856
0.019028
0.013664
0.008919
0.004098
-0.001802
-0.008370
-0.014661
-0.020080
-0.024852
-0.027932
-0.032320
-0.037243
-0.040646
-0.042441
-0.043951
-0.042944
-0.040828
-0.036771
-0.033855
-0.030518
-0.026575
-0.022949
-0.017465
-0.011433
-0.004119
0.003788
0.009506
0.015034
0.020562
0.026135
0.031591
0.036690
0.039859
0.042376
0.044531
0.046688
0.048729
0.050567
0.052005
0.055059
0.055987
0.056410
0.056459
0.056518
0.057434
0.057714
0.056421
0.055298
0.053335
0.050025
0.046924
0.042952
0.038638
0.034768
0.029383
0.022916
0.015486
0.005961
-0.005415
-0.016419
-0.027261
-0.036623
-0.044332
-0.051576
-0.057607
-0.063276
-0.067394
-0.071020
-0.074970
-0.079515
-0.083381
-0.086786
-0.089682
-0.091439
-0.092971
-0.093389
-0.092860
-0.091946
-0.089764
-0.085610
-0.079991
-0.073498
-0.066096
-0.058392
-0.050673
-0.044353
-0.037870
-0.033316
-0.029666
-0.025864
-0.021910
-0.017777
-0.012791
-0.006663
-0.001225
0.003902
0.009211
0.013261
0.016862
0.019685
0.021651
0.024208
0.025079
0.026149
0.027189
0.027147
0.026919
0.026524
0.026431
0.024867
0.023555
0.022653
0.022104
0.021090
0.020966
0.020588
0.020900
0.020169
0.020236
0.019588
0.019206
0.018898
0.017617
0.015668
0.014895
0.014273
0.013124
0.009483
0.005391
0.001177
-0.003343
-0.006929
-0.008884
-0.010481
-0.013044
-0.014740
-0.015029
-0.016853
-0.018290
-0.019578
-0.019935
-0.019998
-0.020711
-0.021322
-0.019272
-0.017817
-0.016222
-0.013960
-0.011366
-0.008335
-0.005204
-0.002824
-0.001032
0.001405
0.002872
0.005652
0.009161
0.012257
0.015338
0.018642
0.019680
0.021130
0.023009
0.024149
0.025802
0.028120
0.028887
0.029642
0.030722
0.032701
0.034750
0.036659
0.037090
0.038158
0.038883
0.041146
0.043822
0.046279
0.048558
0.050179
0.050184
0.051449
0.052838
0.054561
0.055819
0.055773
0.055861
0.055589
0.055248
0.054744
0.052089
0.047468
0.042604
0.037684
0.033178
0.030287
0.027136
0.024229
0.021285
0.018385
0.016030
0.013474
0.010815
0.009633
0.007130
0.005011
0.004192
0.003178
0.003172
0.002500
0.001326
-0.000662
-0.002753
-0.005775
-0.008357
-0.010263
-0.011606
-0.012903
-0.013862
-0.014440
-0.013517
-0.011967
-0.009638
-0.008242
-0.007450
-0.006903
-0.006199
-0.005656
-0.004174
-0.002592
-0.001879
-0.001156
-0.000910
-0.002040
-0.003674
-0.005712
-0.007635
-0.009671
-0.010891
-0.011357
-0.012682
-0.014280
-0.015891
-0.018178
-0.021852
-0.025931
-0.029899
-0.034318
-0.037859
-0.042025
-0.046585
-0.049751
-0.052805
-0.055650
-0.058282
-0.060268
-0.061727
-0.061464
-0.059664
-0.058550
-0.056241
-0.052989
-0.050587
-0.048192
-0.045522
-0.041940
-0.036896
-0.031166
-0.024786
-0.018245
-0.011973
-0.004804
0.002271
0.009851
0.016699
0.022901
0.029523
0.036692
0.043765
0.048959
0.053406
0.058244
0.061977
0.064681
0.066458
0.067326
0.067263
0.066354
0.065223
0.062925
0.059948
0.056457
0.052028
0.046001
0.040096
0.034599
0.028406
0.020443
0.013080
0.005741
-0.001647
-0.009670
-0.018263
-0.026034
-0.033768
-0.040108
-0.045149
-0.047948
-0.049891
-0.051965
-0.053870
-0.055191
-0.056419
-0.058227
-0.058338
-0.057734
-0.057032
-0.056541
-0.055801
-0.054524
-0.052512
-0.051477
-0.050341
-0.049631
-0.048459
-0.046650
-0.044553
-0.041301
-0.036940
-0.031545
-0.025472
-0.018624
-0.010973
-0.003566
0.003189
0.009825
0.015995
0.021984
0.026319
0.030819
0.034243
0.037464
0.039295
0.040420
0.040148
0.039732
0.038818
0.037915
0.037167
0.036408
0.036969
0.037775
0.038852
0.038839
0.038151
0.037262
0.035978
0.034102
0.032346
0.030298
0.027284
0.023615
0.019635
0.015446
0.011028
0.007091
0.002580
-0.001973
-0.006840
-0.011364
-0.015677
-0.019693
-0.022403
-0.023875
-0.026320
-0.028740
-0.031202
-0.033577
-0.035043
-0.036229
-0.037698
-0.038517
-0.039592
-0.040877
-0.042198
-0.043522
-0.043360
-0.042465
-0.040479
-0.038849
-0.037480
-0.035795
-0.033748
-0.031957
-0.030299
-0.028529
-0.026415
-0.023752
-0.021139
-0.019066
-0.016460
-0.013575
-0.010226
-0.006531
-0.002501
0.000877
0.003345
0.006696
0.010827
0.015567
0.020206
0.025072
0.029888
0.033915
0.037670
0.040327
0.041227
0.041811
0.042971
0.043605
0.043618
0.043343
0.043131
0.041678
0.039744
0.038190
0.035030
0.031331
0.027930
0.024653
0.021130
0.017268
0.012548
0.007278
0.002306
-0.002852
-0.008678
-0.014631
-0.021084
-0.026765
-0.031538
-0.035880
-0.039630
-0.043464
-0.047006
-0.049596
-0.052385
-0.055270
-0.056709
-0.058037
-0.059063
-0.059524
-0.060300
-0.061179
-0.061892
-0.061918
-0.061043
-0.059177
-0.056584
-0.054106
-0.050472
-0.046515
-0.042727
-0.037600
-0.031466
-0.025216
-0.018710
-0.012352
-0.006042
0.000504
0.006156
0.012120
0.018510
0.024729
0.030254
0.035590
0.041323
0.045960
0.050062
0.053841
0.056835
0.058925
0.059860
0.060568
0.060458
0.059616
0.058220
0.056711
0.055486
0.053469
0.050848
0.047439
0.043795
0.039470
0.035154
0.029957
0.025016
0.020407
0.016033
0.011746
0.007575
0.003832
0.000381
-0.003692
-0.007501
-0.011343
-0.015726
-0.019089
-0.022729
-0.026089
-0.029218
-0.031867
-0.034893
-0.038199
-0.041365
-0.043975
-0.045865
-0.047414
-0.048940
-0.049777
-0.050636
-0.051633
-0.052063
-0.052041
-0.051710
-0.050899
-0.049580
-0.048134
-0.046574
-0.044504
-0.042096
-0.038958
-0.036224
-0.032269
-0.027817
-0.023500
-0.019211
-0.014330
-0.009369
-0.004252
0.001378
0.006729
0.012146
0.017586
0.022235
0.027394
0.032044
0.036629
0.040324
0.043288
0.045424
0.048662
0.051728
0.055076
0.057281
0.059074
0.060342
0.060463
0.060422
0.059994
0.058626
0.056366
0.053304
0.049105
0.044123
0.038125
0.032474
0.025654
0.019077
0.012531
0.006238
0.000200
-0.005880
-0.011683
-0.017315
-0.022159
-0.026574
-0.030908
-0.035084
-0.039367
-0.042482
-0.045104
-0.047220
-0.048495
-0.049660
-0.050918
-0.051910
-0.052394
-0.052872
-0.053096
-0.052865
-0.051748
-0.050475
-0.049353
-0.047384
-0.044687
-0.041346
-0.038142
-0.035627
-0.032183
-0.028670
-0.024886
-0.020907
-0.017494
-0.013777
-0.009784
-0.006281
-0.002257
0.000448
0.002494
0.004246
0.006154
0.007852
0.010019
0.011893
0.013402
0.015390
0.017393
0.019637
0.021129
0.021939
0.021463
0.020293
0.018997
0.018031
0.016792
0.014770
0.012760
0.010953
0.008636
0.006397
0.003857
0.002258
0.000884
-0.000290
-0.000972
-0.001635
-0.001702
-0.001935
-0.002565
-0.003043
-0.003406
-0.003172
-0.002729
-0.002891
-0.002164
-0.002136
-0.002044
-0.001981
-0.001546
-0.000436
0.000818
0.001888
0.002845
0.003509
0.003451
0.004331
0.005743
0.006588
0.007530
0.008013
0.008578
0.008795
0.009040
0.008628
0.007908
0.006755
0.006333
0.006334
0.006167
0.006641
0.006850
0.006848
0.007144
0.006953
0.006981
0.006447
0.005476
0.004892
0.004472
0.003634
0.002972
0.001910
0.000777
-0.000691
-0.001553
-0.002806
-0.003333
-0.003607
-0.003887
-0.003720
-0.002963
-0.002201
-0.001091
0.000334
0.001664
0.002903
0.003809
0.004671
0.006125
0.007503
0.008430
0.009019
0.009735
0.009762
0.010114
0.010201
0.010189
0.010113
0.010115
0.009705
0.008865
0.008468
0.008216
0.007819
0.007789
0.008397
0.009468
0.009959
0.010280
0.010193
0.010244
0.010220
0.010243
0.009730
0.009467
0.008652
0.007631
0.006650
0.006073
0.005875
0.006067
0.006018
0.005981
0.005920
0.005348
0.005562
0.005960
0.006668
0.007527
0.008270
0.008642
0.008721
0.008861
0.009115
0.009259
0.008531
0.007654
0.006077
0.004318
0.002087
-0.000439
-0.003148
-0.005312
-0.006878
-0.008982
-0.011091
-0.012442
-0.013191
-0.013941
-0.014707
-0.015631
-0.015949
-0.016335
-0.015989
-0.015820
-0.015838
-0.016084
-0.015617
-0.015212
-0.014984
-0.014564
-0.013744
-0.012666
-0.011166
-0.010309
-0.009008
-0.007610
-0.006774
-0.005575
-0.004053
-0.003079
-0.002094
-0.001297
-0.000148
0.000369
0.000803
0.001554
0.002608
0.003606
0.004953
0.005933
0.007149
0.008268
0.008937
0.009799
0.010863
0.011695
0.011616
0.011838
0.012193
0.012797
0.013184
0.013753
0.014748
0.015591
0.016450
0.016288
0.016037
0.016115
0.016399
0.016020
0.015712
0.015308
0.015373
0.015412
0.015631
0.015402
0.014844
0.014070
0.012775
0.011204
0.009653
0.008246
0.006819
0.005664
0.004063
0.002473
0.001248
0.000396
-0.000534
-0.001250
-0.002334
-0.003599
-0.004479
-0.005235
-0.006290
-0.007102
-0.007392
-0.007260
-0.006348
-0.005834
-0.005179
-0.004650
-0.004176
-0.003323
-0.002713
-0.001866
-0.001101
-0.000076
0.000828
0.001768
0.002616
0.003370
0.003660
0.003858
0.004192
0.004648
0.004841
0.004631
0.004366
0.004122
0.004111
0.004512
0.005233
0.005663
0.005713
0.005468
0.004854
0.003735
0.002994
0.002216
0.001506
0.000967
0.000225
-0.000282
-0.000595
-0.000623
-0.000428
-0.000525
-0.000102
0.000215
0.000053
0.000138
0.000321
0.000590
0.000506
0.000507
0.000747
0.001155
0.001448
0.001435
0.001490
0.001595
0.001953
0.001906
0.001511
0.001536
0.001614
0.001616
0.001506
0.001223
0.000284
-0.000716
-0.001430
-0.001948
-0.001778
-0.001751
-0.001455
-0.000977
-0.000857
-0.001177
-0.001599
-0.001648
-0.001882
-0.002051
-0.002370
-0.003088
-0.003484
-0.003816
-0.004303
-0.004611
-0.004918
-0.005378
-0.005824
-0.006530
-0.007372
-0.008024
-0.008533
-0.008974
-0.009672
-0.010413
-0.010707
-0.011213
-0.011481
-0.011597
-0.011052
-0.010406
-0.009969
-0.009357
-0.009025
-0.009186
-0.009347
-0.009790
-0.009875
-0.010340
-0.010443
-0.010085
-0.009292
-0.008328
-0.007298
-0.006962
-0.006683
-0.006065
-0.005081
-0.004514
-0.003744
-0.003084
-0.001947
-0.001197
-0.000653
-0.000047
0.000424
0.001066
0.001708
0.002182
0.002561
0.002778
0.003107
0.003481
0.003893
0.004339
0.004631
0.004695
0.004657
0.004428
0.003676
0.002951
0.002795
0.003020
0.003338
0.004041
0.004779
0.004750
0.004843
0.004853
0.005055
0.005252
0.005095
0.005066
0.004627
0.004030
0.003634
0.003695
0.003624
0.003306
0.003028
0.002264
0.001638
0.001167
0.000374
-0.000631
-0.001464
-0.002125
-0.002377
-0.002534
-0.002811
-0.002915
-0.002693
-0.002098
-0.002200
-0.002398
-0.002594
-0.003091
-0.003613
-0.003918
-0.004083
-0.004505
-0.004693
-0.004778
-0.005067
-0.005258
-0.005265
-0.004927
-0.004583
-0.004513
-0.004496
-0.004093
-0.003776
-0.003696
-0.003531
-0.003610
-0.004066
-0.004531
-0.004412
-0.004183
-0.004007
-0.003802
-0.003528
-0.003057
-0.002708
-0.002079
-0.001340
-0.000715
0.000291
0.001392
0.002174
0.003255
0.003996
0.004900
0.005804
0.007062
0.007691
0.008118
0.008531
0.008765
0.008571
0.008484
0.008307
0.008184
0.008023
0.007593
0.007297
0.006903
0.006208
0.005577
0.005036
0.004597
0.003950
0.003646
0.003296
0.002973
0.002509
0.002185
0.001417
0.000506
-0.000418
-0.001468
-0.002598
-0.003829
-0.004858
-0.005837
-0.007063
-0.008591
-0.009880
-0.011185
-0.012263
-0.012997
-0.013826
-0.014391
-0.014685
-0.014772
-0.015198
-0.015547
-0.016141
-0.016459
-0.016627
-0.017075
-0.017294
-0.017671
-0.018079
-0.018138
-0.018034
-0.018061
-0.017570
-0.016913
-0.015894
-0.015070
-0.014038
-0.012903
-0.011601
-0.010447
-0.009683
-0.009009
-0.008384
-0.007816
-0.007177
-0.006412
-0.005628
-0.004924
-0.004110
-0.003157
-0.002099
-0.001142
-0.000211
0.000753
0.001434
0.002392
0.003498
0.004741
0.005716
0.006243
0.006673
0.006921
0.007232
0.007671
0.008196
0.008395
0.008694
0.009322
0.010035
0.010728
0.011292
0.011939
0.012081
0.012380
0.012670
0.012340
0.011980
0.011437
0.010861
0.010492
0.009972
0.009768
0.009745
0.009366
0.009559
0.009964
0.010532
0.011024
0.011110
0.010732
0.010719
0.010837
0.010635
0.010258
0.009884
0.009463
0.008787
0.008061
0.007103
0.006333
0.005572
0.004717
0.003999
0.003407
0.002818
0.002445
0.001992
0.001595
0.001019
0.000394
-0.000194
-0.000708
-0.001589
-0.002414
-0.002494
-0.002714
-0.002663
-0.002718
-0.002541
-0.002169
-0.001861
-0.001556
-0.001388
-0.001352
-0.001354
-0.001129
-0.000628
0.000193
0.000791
0.001655
0.002548
0.003499
0.004291
0.005072
0.006065
0.007035
0.007836
0.008293
0.008538
0.008735
0.008868
0.009550
0.010039
0.010550
0.011022
0.011137
0.011291
0.011305
0.011170
0.010872
0.010717
0.010205
0.009829
0.009495
0.009140
0.008728
0.008321
0.008198
0.007727
0.007288
0.006795
0.006296
0.005939
0.005338
0.004583
0.003714
0.002694
0.001589
0.000502
-0.000500
-0.001521
-0.002650
-0.003783
-0.004905
-0.005945
-0.006758
-0.007575
-0.008258
-0.008706
-0.009200
-0.009350
-0.009158
-0.008925
-0.008501
-0.007811
-0.007090
-0.006016
-0.005012
-0.004022
-0.003209
-0.002436
-0.001430
-0.000492
0.000825
0.002111
0.003503
0.004842
0.005988
0.007037
0.007723
0.008222
0.008269
0.008323
0.008219
0.008068
0.008007
0.007910
0.007775
0.007504
0.006903
0.006079
0.005220
0.003951
0.002722
0.001113
-0.000386
-0.001938
-0.003484
-0.004984
-0.006621
-0.008179
-0.009587
-0.010776
-0.012036
-0.013401
-0.014692
-0.015666
-0.016488
-0.017034
-0.017343
-0.017612
-0.017624
-0.017334
-0.016918
-0.016211
-0.015216
-0.014009
-0.012792
-0.011652
-0.010564
-0.009354
-0.008121
-0.006689
-0.004988
-0.003181
-0.001461
0.000257
0.001864
0.003780
0.005502
0.006980
0.008371
0.009759
0.010996
0.012222
0.013250
0.013832
0.014053
0.014257
0.014112
0.013594
0.013059
0.012052
0.010866
0.009655
0.008451
0.006837
0.005294
0.003744
0.002096
0.000462
-0.001385
-0.002710
-0.004414
-0.006159
-0.007837
-0.009212
-0.010298
-0.010946
-0.011346
-0.011591
-0.011882
-0.011925
-0.011785
-0.011166
-0.010576
-0.010166
-0.009776
-0.009178
-0.008482
-0.007708
-0.006866
-0.006093
-0.005503
-0.004795
-0.004255
-0.003731
-0.003343
-0.002807
-0.002312
-0.001812
-0.001307
-0.000903
-0.000234
0.000177
0.000746
0.001500
0.002227
0.002676
0.003386
0.003991
0.004543
0.005224
0.005776
0.006172
0.006408
0.006893
0.007217
0.007576
0.008044
0.008359
0.008628
0.008805
0.008850
0.008925
0.008532
0.008206
0.007920
0.007621
0.007394
0.007068
0.007036
0.006959
0.006941
0.006805
0.006474
0.005885
0.005336
0.004631
0.004010
0.003424
0.003084
0.002516
0.001869
0.001652
0.001572
0.001525
0.001440
0.001437
0.001372
0.001470
0.001693
0.001955
0.002103
0.002393
0.002422
0.002273
0.002101
0.001909
0.001582
0.001004
0.000429
-0.000226
-0.001254
-0.002296
-0.003203
-0.004163
-0.005135
-0.006072
-0.006874
-0.007512
-0.008140
-0.008840
-0.009449
-0.009924
-0.010368
-0.010756
-0.011058
-0.011128
-0.011001
-0.010895
-0.010466
-0.009858
-0.009299
-0.008523
-0.007869
-0.007106
-0.006198
-0.005107
-0.004119
-0.003162
-0.001927
-0.000538
0.000765
0.002088
0.003320
0.004363
0.005455
0.006583
0.007508
0.008322
0.009237
0.009953
0.010797
0.011380
0.011806
0.012087
0.012381
0.012524
0.012429
0.012160
0.011957
0.011476
0.011032
0.010590
0.009879
0.009122
0.008135
0.007007
0.005968
0.004847
0.003703
0.002584
0.001306
-0.000086
-0.001361
-0.002837
-0.004202
-0.005381
-0.006530
-0.007658
-0.008891
-0.010024
-0.011011
-0.011814
-0.012690
-0.013336
-0.013981
-0.014365
-0.014490
-0.014462
-0.014350
-0.014251
-0.013852
-0.013501
-0.013147
-0.012598
-0.011744
-0.010946
-0.009937
-0.008917
-0.007722
-0.006605
-0.005177
-0.003868
-0.002343
-0.000697
0.000902
0.002500
0.004055
0.005506
0.006951
0.008138
0.009130
0.010000
0.010723
0.011372
0.011762
0.012088
0.012205
0.012167
0.012013
0.011671
0.011286
0.010505
0.009600
0.008448
0.007301
0.005984
0.004913
0.003954
0.002894
0.001791
0.000659
-0.000432
-0.001496
-0.002437
-0.003298
-0.004126
-0.005015
-0.005746
-0.006561
-0.007355
-0.007878
-0.008378
-0.008761
-0.009043
-0.009286
-0.009607
-0.009937
-0.010006
-0.010128
-0.010322
-0.010589
-0.010693
-0.010774
-0.010664
-0.010607
-0.010444
-0.010223
-0.009846
-0.009398
-0.008781
-0.007993
-0.007157
-0.006224
-0.005248
-0.004219
-0.003207
-0.001970
-0.000821
0.000283
0.001136
0.001864
0.002710
0.003357
0.003799
0.004310
0.004873
0.005485
0.006007
0.006550
0.007081
0.007655
0.008001
0.008390
0.008827
0.009139
0.009269
0.009338
0.009324
0.009159
0.008755
0.008284
0.007863
0.007421
0.007004
0.006675
0.006294
0.005878
0.005430
0.004914
0.004544
0.004282
0.004075
0.003889
0.003727
0.003448
0.003182
0.002872
0.002521
0.002223
0.001867
0.001407
0.000917
0.000445
0.000061
-0.000216
-0.000468
-0.000733
-0.001156
-0.001451
-0.001689
-0.001917
-0.001875
-0.002041
-0.002160
-0.002420
-0.002826
-0.003132
-0.003403
-0.003641
-0.003767
-0.003763
-0.003784
-0.003878
-0.003964
-0.003958
-0.004024
-0.004005
-0.004039
-0.004110
-0.004216
-0.004433
-0.004493
-0.004486
-0.004463
-0.004476
-0.004380
-0.004022
-0.003613
-0.003283
-0.002952
-0.002674
-0.002394
-0.002169
-0.001698
-0.001286
-0.000731
-0.000109
0.000312
0.000785
0.001280
0.001872
0.002529
0.003115
0.003807
0.004336
0.004768
0.004963
0.005284
0.005400
0.005360
0.005433
0.005529
0.005699
0.005909
0.006179
0.006096
0.005962
0.005800
0.005740
0.005653
0.005397
0.005008
0.004528
0.003921
0.003347
0.002548
0.001868
0.001269
0.000848
0.000442
0.000073
-0.000277
-0.000584
-0.001085
-0.001479
-0.001607
-0.001847
-0.002046
-0.002093
-0.002264
-0.002313
-0.002341
-0.002435
-0.002550
-0.002695
-0.002966
-0.003255
-0.003579
-0.003777
-0.003909
-0.004047
-0.004099
-0.004125
-0.004130
-0.004025
-0.003932
-0.003919
-0.004055
-0.004214
-0.004519
-0.004900
-0.005218
-0.005300
-0.005272
-0.005260
-0.005088
-0.004775
-0.004482
-0.004011
-0.003609
-0.003163
-0.002913
-0.002522
-0.002228
-0.001797
-0.001330
-0.000856
-0.000462
-0.000191
0.000239
0.000681
0.001204
0.001617
0.002049
0.002489
0.002935
0.003336
0.003488
0.003679
0.003892
0.003983
0.004073
0.004170
0.004259
0.004404
0.004448
0.004584
0.004858
0.004948
0.004941
0.004869
0.004887
0.004843
0.004804
0.004867
0.004987
0.005006
0.005029
0.004867
0.004643
0.004293
0.003950
0.003635
0.003304
0.002883
0.002583
0.002254
0.001906
0.001354
0.000918
0.000470
-0.000038
-0.000545
-0.001129
-0.001669
-0.002158
-0.002733
-0.003352
-0.003935
-0.004398
-0.004893
-0.005283
-0.005570
-0.005787
-0.006010
-0.005969
-0.005823
-0.005599
-0.005274
-0.004923
-0.004518
-0.003960
-0.003285
-0.002605
-0.001932
-0.001110
-0.000217
0.000519
0.001147
0.001729
0.002168
0.002495
0.002742
0.003022
0.003181
0.003100
0.003071
0.003084
0.003058
0.003081
0.003079
0.002951
0.002718
0.002555
0.002395
0.002200
0.001992
0.001756
0.001407
0.000983
0.000582
0.000067
-0.000477
-0.000922
-0.001362
-0.001829
-0.002198
-0.002458
-0.002658
-0.002903
-0.003190
-0.003458
-0.003808
-0.004169
-0.004586
-0.004961
-0.005241
-0.005663
-0.005988
-0.006220
-0.006330
-0.006275
-0.006229
-0.006204
-0.006051
-0.005683
-0.005149
-0.004567
-0.003974
-0.003195
-0.002338
-0.001260
-0.000344
0.000571
0.001340
0.002060
0.002915
0.003826
0.004834
0.005770
0.006578
0.007354
0.007960
0.008475
0.008861
0.009240
0.009387
0.009418
0.009453
0.009446
0.009236
0.008895
0.008555
0.008255
0.007896
0.007446
0.006929
0.006316
0.005604
0.004834
0.003978
0.003116
0.002337
0.001595
0.000912
0.000203
-0.000488
-0.001413
-0.002347
-0.003183
-0.003866
-0.004518
-0.005130
-0.005509
-0.005706
-0.005886
-0.006122
-0.006288
-0.006380
-0.006451
-0.006397
-0.006404
-0.006351
-0.006301
-0.006206
-0.005924
-0.005619
-0.005334
-0.004968
-0.004626
-0.004165
-0.003621
-0.003162
-0.002595
-0.001878
-0.001219
-0.000601
0.000041
0.000774
0.001566
0.002296
0.003087
0.003812
0.004410
0.004875
0.005328
0.005744
0.005976
0.006128
0.006179
0.006333
0.006359
0.006286
0.006205
0.006071
0.005836
0.005497
0.005089
0.004636
0.004160
0.003688
0.003301
0.002876
0.002462
0.001986
0.001584
0.001176
0.000733
0.000234
-0.000288
-0.000764
-0.001273
-0.001815
-0.002189
-0.002515
-0.002834
-0.003056
-0.003202
-0.003256
-0.003263
-0.003142
-0.003036
-0.002863
-0.002632
-0.002303
-0.001948
-0.001702
-0.001402
-0.001022
-0.000800
-0.000474
-0.000137
0.000111
0.000430
0.000692
0.000923
0.001113
0.001475
0.001809
0.002126
0.002430
0.002700
0.002965
0.003053
0.003167
0.003239
0.003370
0.003483
0.003519
0.003448
0.003351
0.003275
0.003283
0.003210
0.002993
0.002805
0.002565
0.002348
0.002052
0.001730
0.001321
0.000871
0.000270
-0.000205
-0.000622
-0.001034
-0.001437
-0.001927
-0.002361
-0.002805
-0.003247
-0.003681
-0.004034
-0.004398
-0.004799
-0.005101
-0.005381
-0.005685
-0.005929
-0.006109
-0.006293
-0.006461
-0.006504
-0.006538
-0.006476
-0.006406
-0.006256
-0.006093
-0.005921
-0.005705
-0.005292
-0.004851
-0.004318
-0.003763
-0.003176
-0.002661
-0.002074
-0.001516
-0.000873
-0.000305
0.000162
0.000564
0.000879
0.001027
0.001162
0.001337
0.001506
0.001620
0.001720
0.001915
0.002032
0.002125
0.002296
0.002430
0.002388
0.002331
0.002252
0.002071
0.001937
0.001760
0.001599
0.001422
0.001177
0.000979
0.000772
0.000625
0.000508
0.000424
0.000317
0.000226
0.000220
0.000185
0.000120
0.000139
0.000060
-0.000090
-0.000335
-0.000562
-0.000799
-0.000935
-0.001045
-0.001074
-0.001026
-0.000965
-0.000866
-0.000830
-0.000769
-0.000628
-0.000566
-0.000554
-0.000547
-0.000600
-0.000579
-0.000514
-0.000366
-0.000147
0.000119
0.000323
0.000524
0.000749
0.001029
0.001337
0.001742
0.002112
0.002502
0.002813
0.003126
0.003350
0.003587
0.003731
0.003759
0.003802
0.003870
0.003831
0.003850
0.003903
0.004055
0.004131
0.004173
0.004209
0.004169
0.004137
0.004025
0.003858
0.003632
0.003296
0.002904
0.002474
0.001969
0.001380
0.000784
0.000259
-0.000267
-0.000732
-0.001180
-0.001646
-0.002133
-0.002656
-0.003191
-0.003645
-0.004127
-0.004579
-0.005113
-0.005638
-0.006000
-0.006307
-0.006499
-0.006645
-0.006811
-0.006916
-0.006939
-0.006848
-0.006618
-0.006373
-0.006056
-0.005651
-0.005192
-0.004603
-0.004007
-0.003459
-0.002808
-0.002181
-0.001586
-0.001067
-0.000517
0.000004
0.000576
0.001134
0.001677
0.002209
0.002658
0.003065
0.003453
0.003774
0.003991
0.004144
0.004236
0.004264
0.004307
0.004363
0.004413
0.004364
0.004368
0.004370
0.004355
0.004339
0.004341
0.004266
0.004129
0.003952
0.003687
0.003386
0.002997
0.002604
0.002223
0.001801
0.001357
0.000964
0.000645
0.000298
-0.000014
-0.000377
-0.000743
-0.001099
-0.001488
-0.001825
-0.002001
-0.002200
-0.002312
-0.002475
-0.002571
-0.002603
-0.002643
-0.002584
-0.002521
-0.002370
-0.002294
-0.002173
-0.002046
-0.001904
-0.001766
-0.001639
-0.001531
-0.001286
-0.000935
-0.000625
-0.000392
-0.000116
0.000098
0.000309
0.000511
0.000791
0.001068
0.001392
0.001689
0.002018
0.002281
0.002568
0.002761
0.002964
0.003106
0.003202
0.003309
0.003343
0.003253
0.003179
0.003108
0.003093
0.002990
0.002877
0.002780
0.002567
0.002377
0.002223
0.002072
0.001844
0.001579
0.001350
0.001067
0.000767
0.000475
0.000152
-0.000259
-0.000629
-0.000991
-0.001444
-0.001908
-0.002379
-0.002845
-0.003180
-0.003562
-0.003851
-0.004092
-0.004265
-0.004348
-0.004389
-0.004372
-0.004382
-0.004394
-0.004287
-0.004099
-0.003963
-0.003804
-0.003606
-0.003353
-0.003007
-0.002656
-0.002268
-0.001903
-0.001504
-0.001106
-0.000666
-0.000194
0.000214
0.000615
0.001034
0.001425
0.001786
0.002073
0.002331
0.002587
0.002808
0.003071
0.003253
0.003383
0.003444
0.003443
0.003400
0.003298
0.003137
0.002932
0.002727
0.002526
0.002265
0.001968
0.001681
0.001347
0.001016
0.000670
0.000298
-0.000107
-0.000495
-0.000881
-0.001220
-0.001574
-0.001841
-0.002063
-0.002233
-0.002416
-0.002585
-0.002750
-0.002906
-0.003099
-0.003276
-0.003406
-0.003526
-0.003678
-0.003737
-0.003747
-0.003763
-0.003740
-0.003653
-0.003488
-0.003267
-0.003042
-0.002759
-0.002372
-0.001922
-0.001477
-0.001030
-0.000618
-0.000251
0.000130
0.000467
0.000828
0.001146
0.001465
0.001764
0.001967
0.002177
0.002405
0.002573
0.002722
0.002842
0.002951
0.003005
0.003067
0.003150
0.003220
0.003243
0.003222
0.003165
0.003018
0.002830
0.002617
0.002357
0.002173
0.001919
0.001600
0.001241
0.000899
0.000576
0.000334
0.000120
-0.000091
-0.000355
-0.000606
-0.000836
-0.001049
-0.001266
-0.001478
-0.001648
-0.001813
-0.001889
-0.001944
-0.001973
-0.001996
-0.002003
-0.001984
-0.001939
-0.001857
-0.001780
-0.001681
-0.001592
-0.001527
-0.001436
-0.001403
-0.001283
-0.001171
-0.001108
-0.001086
-0.001039
-0.000989
-0.000973
-0.000955
-0.000909
-0.000821
-0.000679
-0.000419
-0.000162
0.000122
0.000359
0.000575
0.000822
0.001037
0.001266
0.001513
0.001713
0.001896
0.002138
0.002362
0.002601
0.002841
0.003091
0.003266
0.003416
0.003536
0.003634
0.003738
0.003819
0.003810
0.003768
0.003666
0.003473
0.003179
0.002843
0.002499
0.002149
0.001826
0.001435
0.001006
0.000564
0.000142
-0.000230
-0.000533
-0.000816
-0.001057
-0.001248
-0.001410
-0.001546
-0.001708
-0.001847
-0.001979
-0.002115
-0.002211
-0.002338
-0.002406
-0.002448
-0.002513
-0.002562
-0.002646
-0.002664
-0.002625
-0.002578
-0.002516
-0.002453
-0.002349
-0.002236
-0.002103
-0.001956
-0.001801
-0.001657
-0.001480
-0.001311
-0.001130
-0.000946
-0.000824
-0.000673
-0.000485
-0.000278
-0.000108
0.000038
0.000190
0.000382
0.000610
0.000810
0.001039
0.001238
0.001381
0.001520
0.001682
0.001838
0.001989
0.002135
0.002267
0.002390
0.002422
0.002383
0.002320
0.002248
0.002146
0.001968
0.001745
0.001486
0.001158
0.000807
0.000446
0.000061
-0.000283
-0.000607
-0.000912
-0.001168
-0.001394
-0.001559
-0.001705
-0.001817
-0.002005
-0.002152
-0.002311
-0.002440
-0.002563
-0.002624
-0.002651
-0.002654
-0.002621
-0.002552
-0.002451
-0.002334
-0.002216
-0.002139
-0.002015
-0.001870
-0.001722
-0.001557
-0.001394
-0.001185
-0.000941
-0.000737
-0.000544
-0.000370
-0.000180
-0.000003
0.000171
0.000332
0.000488
0.000658
0.000820
0.001002
0.001198
0.001379
0.001506
0.001610
0.001650
0.001583
0.001497
0.001376
0.001239
0.001020
0.000791
0.000545
0.000327
0.000094
-0.000098
-0.000287
-0.000450
-0.000605
-0.000737
-0.000862
-0.000971
-0.001113
-0.001286
-0.001435
-0.001566
-0.001628
-0.001633
-0.001592
-0.001567
-0.001499
-0.001361
-0.001227
-0.001074
-0.000950
-0.000801
-0.000682
-0.000541
-0.000392
-0.000281
-0.000204
-0.000076
0.000028
0.000146
0.000225
0.000330
0.000446
0.000564
0.000706
0.000884
0.001006
0.001092
0.001214
0.001339
0.001418
0.001516
0.001614
0.001702
0.001798
0.001893
0.001997
0.002063
0.002133
0.002229
0.002302
0.002362
0.002377
0.002356
0.002317
0.002233
0.002079
0.001910
0.001702
0.001449
0.001186
0.000921
0.000635
0.000344
0.000035
-0.000266
-0.000546
-0.000826
-0.001137
-0.001435
-0.001719
-0.001967
-0.002208
-0.002418
-0.002650
-0.002822
-0.002953
-0.003057
-0.003099
-0.003114
-0.003120
-0.003103
-0.003069
-0.002975
-0.002854
-0.002718
-0.002538
-0.002333
-0.002121
-0.001904
-0.001666
-0.001383
-0.001092
-0.000813
-0.000474
-0.000166
0.000185
0.000477
0.000747
0.001029
0.001302
0.001569
0.001793
0.001993
0.002188
0.002368
0.002505
0.002615
0.002719
0.002793
0.002840
0.002865
0.002845
0.002795
0.002752
0.002685
0.002568
0.002444
0.002318
0.002227
0.002106
0.001943
0.001749
0.001502
0.001289
0.001073
0.000789
0.000534
0.000264
0.000043
-0.000184
-0.000400
-0.000612
-0.000814
-0.001015
-0.001155
-0.001316
-0.001456
-0.001561
-0.001644
-0.001747
-0.001839
-0.001945
-0.002030
-0.002075
-0.002125
-0.002148
-0.002136
-0.002129
-0.002100
-0.002075
-0.002012
-0.001942
-0.001874
-0.001807
-0.001719
-0.001614
-0.001487
-0.001332
-0.001166
-0.000999
-0.000821
-0.000637
-0.000426
-0.000184
0.000053
0.000296
0.000539
0.000768
0.000985
0.001160
0.001326
0.001476
0.001576
0.001650
0.001749
0.001796
0.001805
0.001803
0.001788
0.001799
0.001802
0.001745
0.001694
0.001565
0.001409
0.001217
0.001036
0.000868
0.000716
0.000603
0.000458
0.000325
0.000141
-0.000019
-0.000151
-0.000294
-0.000436
-0.000630
-0.000827
-0.001000
-0.001142
-0.001285
-0.001419
-0.001543
-0.001640
-0.001716
-0.001724
-0.001721
-0.001692
-0.001614
-0.001540
-0.001470
-0.001369
-0.001261
-0.001150
-0.001025
-0.000879
-0.000732
-0.000560
-0.000377
-0.000157
0.000061
0.000248
0.000418
0.000601
0.000781
0.000948
0.001109
0.001237
0.001359
0.001466
0.001523
0.001564
0.001588
0.001577
0.001553
0.001547
0.001524
0.001493
0.001448
0.001385
0.001306
0.001246
0.001182
0.001092
0.000995
0.000907
0.000791
0.000712
0.000651
0.000565
0.000459
0.000332
0.000203
0.000090
-0.000001
-0.000110
-0.000227
-0.000311
-0.000381
-0.000478
-0.000579
-0.000689
-0.000785
-0.000863
-0.000908
-0.000965
-0.000991
-0.001057
-0.001093
-0.001128
-0.001165
-0.001177
-0.001210
-0.001230
-0.001219
-0.001157
-0.001084
-0.000992
-0.000916
-0.000811
-0.000684
-0.000568
-0.000429
-0.000312
-0.000201
-0.000112
-0.000019
0.000076
0.000169
0.000236
0.000296
0.000365
0.000433
0.000472
0.000498
0.000512
0.000556
0.000593
0.000681
0.000763
0.000854
0.000911
0.000955
0.000977
0.000984
0.000961
0.000977
0.000965
0.000978
0.000989
0.000967
0.000936
0.000873
0.000805
0.000738
0.000680
0.000599
0.000489
0.000378
0.000244
0.000110
-0.000040
-0.000173
-0.000324
-0.000468
-0.000612
-0.000745
-0.000892
-0.001039
-0.001186
-0.001315
-0.001448
-0.001543
-0.001648
-0.001702
-0.001707
-0.001692
-0.001648
-0.001612
-0.001558
-0.001505
-0.001426
-0.001360
-0.001292
-0.001212
-0.001112
-0.000981
-0.000842
-0.000673
-0.000483
-0.000295
-0.000108
0.000091
0.000304
0.000485
0.000667
0.000837
0.001023
0.001185
0.001321
0.001421
0.001494
0.001521
0.001523
0.001511
0.001470
0.001416
0.001358
0.001271
0.001152
0.001029
0.000877
0.000756
0.000613
0.000489
0.000351
0.000178
0.000008
-0.000181
-0.000371
-0.000571
-0.000756
-0.000889
-0.001005
-0.001096
-0.001157
-0.001192
-0.001225
-0.001233
-0.001208
-0.001183
-0.001151
-0.001098
-0.001018
-0.000942
-0.000875
-0.000778
-0.000675
-0.000538
-0.000388
-0.000227
-0.000050
0.000129
0.000279
0.000409
0.000548
0.000691
0.000839
0.000968
0.001057
0.001114
0.001166
0.001212
0.001246
0.001274
0.001289
0.001290
0.001278
0.001262
0.001254
0.001263
0.001256
0.001241
0.001210
0.001153
0.001096
0.001040
0.000982
0.000914
0.000844
0.000787
0.000706
0.000599
0.000500
0.000378
0.000253
0.000114
-0.000028
-0.000169
-0.000274
-0.000370
-0.000451
-0.000514
-0.000576
-0.000614
-0.000613
-0.000605
-0.000615
-0.000619
-0.000614
-0.000590
-0.000590
-0.000605
-0.000609
-0.000588
-0.000565
-0.000539
-0.000512
-0.000473
-0.000450
-0.000448
-0.000429
-0.000446
-0.000475
-0.000483
-0.000481
-0.000474
-0.000459
-0.000440
-0.000396
-0.000347
-0.000297
-0.000282
-0.000249
-0.000216
-0.000175
-0.000144
-0.000091
-0.000036
0.000013
0.000047
0.000092
0.000119
0.000154
0.000175
0.000191
0.000211
0.000222
0.000231
0.000245
0.000271
0.000273
0.000296
0.000331
0.000384
0.000439
0.000524
0.000604
0.000664
0.000695
0.000699
0.000700
0.000717
0.000738
0.000756
0.000747
0.000731
0.000715
0.000723
0.000759
0.000778
0.000794
0.000783
0.000746
0.000677
0.000607
0.000513
0.000409
0.000310
0.000212
0.000122
0.000043
-0.000051
-0.000164
-0.000277
-0.000372
-0.000449
-0.000522
-0.000589
-0.000656
-0.000707
-0.000737
-0.000788
-0.000852
-0.000922
-0.000998
-0.001093
-0.001173
-0.001229
-0.001283
-0.001326
-0.001373
-0.001411
-0.001444
-0.001459
-0.001468
-0.001462
-0.001443
-0.001405
-0.001353
-0.001291
-0.001201
-0.001095
-0.000975
-0.000867
-0.000741
-0.000593
-0.000444
-0.000309
-0.000172
-0.000037
0.000066
0.000148
0.000245
0.000334
0.000442
0.000542
0.000629
0.000708
0.000786
0.000864
0.000920
0.000940
0.000965
0.000963
0.000958
0.000937
0.000908
0.000877
0.000850
0.000807
0.000754
0.000674
0.000586
0.000512
0.000433
0.000351
0.000281
0.000219
0.000149
0.000064
-0.000004
-0.000068
-0.000115
-0.000158
-0.000214
-0.000284
-0.000333
-0.000373
-0.000409
-0.000457
-0.000503
-0.000549
-0.000571
-0.000601
-0.000600
-0.000611
-0.000602
-0.000583
-0.000548
-0.000483
-0.000414
-0.000351
-0.000299
-0.000249
-0.000188
-0.000133
-0.000083
-0.000047
-0.000007
0.000047
0.000108
0.000152
0.000184
0.000201
0.000208
0.000221
0.000232
0.000220
0.000216
0.000213
0.000211
0.000193
0.000187
0.000170
0.000152
0.000131
0.000091
0.000053
0.000018
-0.000012
-0.000029
-0.000033
-0.000021
-0.000013
-0.000010
-0.000007
0.000006
0.000008
0.000017
0.000018
0.000009
-0.000013
-0.000042
-0.000084
-0.000127
-0.000177
-0.000203
-0.000230
-0.000232
-0.000226
-0.000218
-0.000202
-0.000202
-0.000204
-0.000186
-0.000170
-0.000150
-0.000139
-0.000135
-0.000155
-0.000179
-0.000197
-0.000199
-0.000192
-0.000207
-0.000235
-0.000262
-0.000304
-0.000324
-0.000324
-0.000323
-0.000308
-0.000287
-0.000269
-0.000249
-0.000199
-0.000159
-0.000116
-0.000093
-0.000066
-0.000054
-0.000038
-0.000008
0.000041
0.000105
0.000167
0.000236
0.000310
0.000365
0.000404
0.000437
0.000466
0.000483
0.000498
0.000506
0.000509
0.000506
0.000506
0.000503
0.000492
0.000486
0.000476
0.000473
0.000473
0.000449
0.000420
0.000396
0.000361
0.000341
0.000313
0.000272
0.000213
0.000148
0.000091
0.000029
-0.000037
-0.000111
-0.000197
-0.000279
-0.000356
-0.000426
-0.000485
-0.000513
-0.000522
-0.000520
-0.000507
-0.000503
-0.000494
-0.000469
-0.000426
-0.000381
-0.000331
-0.000277
-0.000230
-0.000171
-0.000093
-0.000006
0.000077
0.000157
0.000250
0.000353
0.000452
0.000539
0.000612
0.000682
0.000748
0.000826
0.000891
0.000954
0.000993
0.001031
0.001068
0.001082
0.001092
0.001099
0.001103
0.001083
0.001065
0.001025
0.000984
0.000946
0.000890
0.000833
0.000767
0.000704
0.000641
0.000576
0.000505
0.000421
0.000333
0.000244
0.000161
0.000080
0.000000
-0.000075
-0.000168
-0.000260
-0.000341
-0.000421
-0.000487
-0.000543
-0.000595
-0.000630
-0.000655
-0.000673
-0.000697
-0.000719
-0.000723
-0.000712
-0.000690
-0.000652
-0.000620
-0.000604
-0.000575
-0.000543
-0.000501
-0.000465
-0.000411
-0.000342
-0.000259
-0.000180
-0.000105
-0.000032
0.000044
0.000116
0.000187
0.000263
0.000352
0.000437
0.000514
0.000572
0.000625
0.000683
0.000735
0.000764
0.000774
0.000783
0.000782
0.000767
0.000743
0.000712
0.000683
0.000650
0.000596
0.000549
0.000503
0.000450
0.000386
0.000314
0.000233
0.000146
0.000076
0.000014
-0.000045
-0.000114
-0.000190
-0.000267
-0.000319
-0.000375
-0.000417
-0.000454
-0.000485
-0.000517
-0.000544
-0.000559
-0.000571
-0.000571
-0.000563
-0.000560
-0.000540
-0.000511
-0.000480
-0.000451
-0.000434
-0.000421
-0.000399
-0.000378
-0.000372
-0.000353
-0.000346
-0.000334
-0.000328
-0.000318
-0.000299
-0.000265
-0.000226
-0.000183
-0.000131
-0.000085
-0.000029
0.000030
0.000087
0.000146
0.000211
0.000278
0.000340
0.000385
0.000433
0.000482
0.000522
0.000544
0.000553
0.000554
0.000547
0.000549
0.000552
0.000553
0.000535
0.000521
0.000493
0.000455
0.000398
0.000347
0.000301
0.000255
0.000201
0.000154
0.000100
0.000043
0.000000
-0.000034
-0.000079
-0.000103
-0.000124
-0.000151
-0.000181
-0.000210
-0.000239
-0.000253
-0.000246
-0.000234
-0.000219
-0.000205
-0.000191
-0.000182
-0.000171
-0.000147
-0.000115
-0.000082
-0.000058
-0.000038
-0.000022
-0.000010
0.000009
0.000028
0.000047
0.000067
0.000078
0.000101
0.000116
0.000125
0.000142
0.000157
0.000180
0.000187
0.000195
0.000189
0.000182
0.000177
0.000171
0.000153
0.000137
0.000130
0.000113
0.000093
0.000077
0.000069
0.000053
0.000032
0.000006
-0.000013
-0.000030
-0.000047
-0.000068
-0.000093
-0.000102
-0.000097
-0.000080
-0.000071
-0.000044
-0.000011
0.000014
0.000044
0.000082
0.000115
0.000149
0.000175
0.000199
0.000231
0.000266
0.000293
0.000313
0.000326
0.000321
0.000316
0.000320
0.000312
0.000282
0.000229
0.000181
0.000126
0.000080
0.000029
-0.000023
-0.000079
-0.000126
-0.000167
-0.000207
-0.000250
-0.000277
-0.000312
-0.000348
-0.000379
-0.000408
-0.000432
-0.000453
-0.000469
-0.000468
-0.000467
-0.000461
-0.000461
-0.000460
-0.000443
-0.000428
-0.000417
-0.000403
-0.000378
-0.000361
-0.000327
-0.000294
-0.000247
-0.000187
-0.000127
-0.000073
-0.000021
0.000025
0.000078
0.000134
0.000194
0.000241
0.000278
0.000319
0.000339
0.000348
0.000367
0.000370
0.000374
0.000381
0.000373
0.000366
0.000358
0.000342
0.000325
0.000300
0.000261
0.000231
0.000201
0.000173
0.000154
0.000132
0.000122
0.000110
0.000091
0.000059
0.000028
0.000003
-0.000026
-0.000054
-0.000080
-0.000100
-0.000135
-0.000161
-0.000179
-0.000204
-0.000218
-0.000235
-0.000248
-0.000264
-0.000272
-0.000279
-0.000271
-0.000257
-0.000246
-0.000237
-0.000215
-0.000195
-0.000169
-0.000143
-0.000126
-0.000114
-0.000096
-0.000079
-0.000059
-0.000047
-0.000035
-0.000024
-0.000011
0.000001
0.000001
-0.000009
-0.000021
-0.000026
-0.000029
-0.000033
-0.000048
-0.000056
-0.000064
-0.000086
-0.000112
-0.000142
-0.000171
-0.000206
-0.000229
-0.000234
-0.000229
-0.000219
-0.000199
-0.000183
-0.000179
-0.000184
-0.000190
-0.000185
-0.000184
-0.000187
-0.000200
-0.000198
-0.000186
-0.000166
-0.000144
-0.000122
-0.000101
-0.000076
-0.000052
-0.000025
-0.000015
0.000000
0.000017
0.000030
0.000036
0.000043
0.000047
0.000057
0.000060
0.000065
0.000065
0.000075
0.000087
0.000092
0.000079
0.000066
0.000043
0.000021
0.000003
-0.000012
-0.000023
-0.000025
-0.000024
-0.000024
-0.000021
-0.000023
-0.000020
-0.000018
-0.000009
-0.000003
0.000004
0.000009
0.000015
0.000016
0.000010
0.000010
0.000007
-0.000003
-0.000019
-0.000039
-0.000049
-0.000050
-0.000042
-0.000027
-0.000020
-0.000027
-0.000030
-0.000041
-0.000054
-0.000071
-0.000094
-0.000108
-0.000123
-0.000143
-0.000163
-0.000182
-0.000195
-0.000214
-0.000227
-0.000231
-0.000234
-0.000228
-0.000217
-0.000221
-0.000232
-0.000247
-0.000259
-0.000267
-0.000268
-0.000257
-0.000243
-0.000226
-0.000206
-0.000189
-0.000172
-0.000156
-0.000148
-0.000136
-0.000125
-0.000112
-0.000097
-0.000084
-0.000077
-0.000062
-0.000042
-0.000016
0.000017
0.000055
0.000093
0.000125
0.000158
0.000185
0.000208
0.000229
0.000252
0.000266
0.000268
0.000265
0.000254
0.000258
0.000261
0.000267
0.000273
0.000286
0.000295
0.000310
0.000316
0.000328
0.000336
0.000348
0.000362
0.000367
0.000370
0.000370
0.000358
0.000348
0.000342
0.000338
0.000328
0.000313
0.000295
0.000274
0.000255
0.000233
0.000203
0.000161
0.000128
0.000093
0.000057
0.000019
-0.000011
-0.000043
-0.000072
-0.000104
-0.000133
-0.000152
-0.000161
-0.000164
-0.000161
-0.000146
-0.000131
-0.000107
-0.000083
-0.000058
-0.000030
0.000001
0.000020
0.000046
0.000072
0.000091
0.000105
0.000115
0.000117
0.000117
0.000114
0.000119
0.000114
0.000105
0.000095
0.000078
0.000059
0.000037
0.000015
-0.000006
-0.000029
-0.000058
-0.000081
-0.000112
-0.000143
-0.000177
-0.000203
-0.000235
-0.000267
-0.000292
-0.000316
-0.000345
-0.000373
-0.000398
-0.000417
-0.000436
-0.000459
-0.000471
-0.000472
-0.000462
-0.000443
-0.000430
-0.000410
-0.000385
-0.000360
-0.000327
-0.000282
-0.000232
-0.000181
-0.000125
-0.000069
-0.000018
0.000030
0.000074
0.000122
0.000165
0.000211
0.000254
0.000297
0.000336
0.000374
0.000404
0.000434
0.000463
0.000486
0.000508
0.000528
0.000541
0.000549
0.000541
0.000527
0.000507
0.000484
0.000458
0.000422
0.000377
0.000322
0.000262
0.000198
0.000137
0.000082
0.000021
-0.000036
-0.000087
-0.000137
-0.000176
-0.000211
-0.000242
-0.000275
-0.000305
-0.000333
-0.000356
-0.000370
-0.000384
-0.000392
-0.000391
-0.000391
-0.000391
-0.000390
-0.000384
-0.000376
-0.000366
-0.000348
-0.000327
-0.000303
-0.000274
-0.000249
-0.000225
-0.000200
-0.000171
-0.000135
-0.000097
-0.000060
-0.000014
0.000028
0.000062
0.000095
0.000129
0.000155
0.000178
0.000196
0.000219
0.000235
0.000245
0.000256
0.000265
0.000270
0.000277
0.000280
0.000284
0.000287
0.000285
0.000281
0.000272
0.000260
0.000253
0.000238
0.000228
0.000217
0.000202
0.000184
0.000168
0.000152
0.000135
0.000117
0.000100
0.000084
0.000067
0.000045
0.000025
0.000007
-0.000009
-0.000021
-0.000032
-0.000042
-0.000055
-0.000072
-0.000086
-0.000094
-0.000097
-0.000102
-0.000104
-0.000107
-0.000106
-0.000107
-0.000105
-0.000102
-0.000095
-0.000090
-0.000083
-0.000074
-0.000061
-0.000047
-0.000027
-0.000002
0.000020
0.000038
0.000052
0.000072
0.000091
0.000109
0.000133
0.000152
0.000173
0.000197
0.000215
0.000223
0.000227
0.000224
0.000224
0.000221
0.000203
0.000188
0.000169
0.000146
0.000121
0.000094
0.000061
0.000025
-0.000009
-0.000040
-0.000069
-0.000097
-0.000123
-0.000146
-0.000173
-0.000192
-0.000211
-0.000228
-0.000238
-0.000251
-0.000261
-0.000266
-0.000271
-0.000278
-0.000286
-0.000290
-0.000295
-0.000296
-0.000292
-0.000286
-0.000278
-0.000269
-0.000258
-0.000245
-0.000231
-0.000218
-0.000193
-0.000168
-0.000145
-0.000119
-0.000097
-0.000075
-0.000052
-0.000024
0.000001
0.000019
0.000035
0.000052
0.000063
0.000077
0.000093
0.000109
0.000127
0.000141
0.000146
0.000150
0.000151
0.000148
0.000141
0.000126
0.000110
0.000090
0.000068
0.000045
0.000025
0.000001
-0.000018
-0.000040
-0.000058
-0.000076
-0.000091
-0.000111
-0.000128
-0.000144
-0.000153
-0.000155
-0.000153
-0.000146
-0.000136
-0.000128
-0.000112
-0.000097
-0.000086
-0.000078
-0.000072
-0.000066
-0.000060
-0.000048
-0.000034
-0.000017
0.000002
0.000025
0.000051
0.000079
0.000106
0.000138
0.000165
0.000186
0.000208
0.000227
0.000247
0.000260
0.000269
0.000273
0.000274
0.000273
0.000266
0.000263
0.000258
0.000253
0.000248
0.000244
0.000235
0.000221
0.000209
0.000198
0.000182
0.000161
0.000142
0.000127
0.000107
0.000085
0.000059
0.000036
0.000013
-0.000014
-0.000045
-0.000082
-0.000116
-0.000155
-0.000195
-0.000230
-0.000269
-0.000306
-0.000345
-0.000384
-0.000422
-0.000458
-0.000495
-0.000523
-0.000552
-0.000573
-0.000586
-0.000591
-0.000586
-0.000575
-0.000557
-0.000534
-0.000506
-0.000475
-0.000440
-0.000397
-0.000348
-0.000294
-0.000237
-0.000181
-0.000126
-0.000072
-0.000023
0.000029
0.000075
0.000120
0.000159
0.000191
0.000216
0.000234
0.000248
0.000255
0.000265
0.000277
0.000290
0.000296
0.000304
0.000306
0.000302
0.000294
0.000281
0.000262
0.000242
0.000218
0.000191
0.000160
0.000123
0.000084
0.000044
0.000011
-0.000013
-0.000036
-0.000061
-0.000085
-0.000105
-0.000130
-0.000152
-0.000170
-0.000180
-0.000187
-0.000193
-0.000196
-0.000202
-0.000204
-0.000198
-0.000189
-0.000183
-0.000172
-0.000162
-0.000150
-0.000136
-0.000120
-0.000102
-0.000085
-0.000066
-0.000042
-0.000023
0.000001
0.000025
0.000048
0.000070
0.000089
0.000101
0.000114
0.000127
0.000138
0.000145
0.000147
0.000154
0.000163
0.000172
0.000176
0.000174
0.000167
0.000160
0.000145
0.000128
0.000109
0.000090
0.000064
0.000039
0.000016
-0.000008
-0.000036
-0.000065
-0.000092
-0.000118
-0.000149
-0.000176
-0.000200
-0.000223
-0.000244
-0.000263
-0.000278
-0.000288
-0.000293
-0.000294
-0.000296
-0.000293
-0.000288
-0.000279
-0.000265
-0.000254
-0.000239
-0.000220
-0.000203
-0.000186
-0.000167
-0.000143
-0.000123
-0.000103
-0.000084
-0.000065
-0.000049
-0.000036
-0.000025
-0.000014
-0.000006
0.000003
0.000009
0.000018
0.000026
0.000033
0.000038
0.000038
0.000039
0.000041
0.000040
0.000039
0.000038
0.000036
0.000035
0.000035
0.000036
0.000036
0.000036
0.000034
0.000033
0.000030
0.000028
0.000022
0.000018
0.000015
0.000011
0.000007
0.000003
-0.000003
-0.000012
-0.000022
-0.000030
-0.000039
-0.000055
-0.000067
-0.000078
-0.000083
-0.000093
-0.000099
-0.000102
-0.000102
-0.000106
-0.000106
-0.000109
-0.000113
-0.000116
-0.000119
-0.000122
-0.000122
-0.000122
-0.000120
-0.000113
-0.000104
-0.000091
-0.000079
-0.000068
-0.000058
-0.000045
-0.000032
-0.000021
-0.000007
0.000005
0.000017
0.000029
0.000043
0.000055
0.000065
0.000074
0.000082
0.000089
0.000097
0.000102
0.000106
0.000112
0.000116
0.000125
0.000133
0.000137
0.000144
0.000152
0.000156
0.000154
0.000149
0.000145
0.000139
0.000132
0.000125
0.000115
0.000104
0.000095
0.000087
0.000077
0.000067
0.000056
0.000041
0.000025
0.000005
-0.000016
-0.000038
-0.000057
-0.000075
-0.000088
-0.000100
-0.000111
-0.000122
-0.000129
-0.000133
-0.000135
-0.000133
-0.000128
-0.000118
-0.000106
-0.000095
-0.000082
-0.000063
-0.000045
-0.000029
-0.000012
0.000003
0.000015
0.000026
0.000042
0.000062
0.000085
0.000106
0.000124
0.000142
0.000161
0.000181
0.000199
0.000215
0.000227
0.000242
0.000255
0.000264
0.000271
0.000280
0.000289
0.000296
0.000300
0.000301
0.000296
0.000290
0.000280
0.000266
0.000251
0.000235
0.000218
0.000200
0.000179
0.000157
0.000136
0.000116
0.000095
0.000073
0.000051
0.000031
0.000010
-0.000013
-0.000031
-0.000050
-0.000065
-0.000081
-0.000095
-0.000112
-0.000127
-0.000140
-0.000151
-0.000160
-0.000169
-0.000171
-0.000175
-0.000179
-0.000183
-0.000183
-0.000185
-0.000184
-0.000179
-0.000172
-0.000163
-0.000155
-0.000144
-0.000133
-0.000120
-0.000107
-0.000093
-0.000078
-0.000063
-0.000045
-0.000031
-0.000021
-0.000009
0.000000
0.000009
0.000020
0.000032
0.000044
0.000060
0.000077
0.000093
0.000105
0.000119
0.000133
0.000143
0.000150
0.000153
0.000155
0.000156
0.000155
0.000152
0.000146
0.000137
0.000129
0.000120
0.000113
0.000103
0.000095
0.000087
0.000079
0.000070
0.000059
0.000048
0.000034
0.000020
0.000003
-0.000012
-0.000027
-0.000042
-0.000052
-0.000061
-0.000069
-0.000077
-0.000083
-0.000090
-0.000094
-0.000094
-0.000094
-0.000093
-0.000090
-0.000082
-0.000071
-0.000053
-0.000034
-0.000013
0.000006
0.000021
0.000037
0.000052
0.000069
0.000087
0.000103
0.000119
0.000135
0.000150
0.000166
0.000177
0.000186
0.000195
0.000203
0.000212
0.000217
0.000220
0.000222
0.000220
0.000219
0.000214
0.000205
0.000194
0.000183
0.000169
0.000154
0.000139
0.000125
0.000110
0.000095
0.000078
0.000067
0.000057
0.000047
0.000034
0.000024
0.000016
0.000009
-0.000002
-0.000011
-0.000019
-0.000027
-0.000035
-0.000042
-0.000047
-0.000051
-0.000057
-0.000063
-0.000068
-0.000070
-0.000071
-0.000070
-0.000069
-0.000068
-0.000066
-0.000062
-0.000057
-0.000054
-0.000051
-0.000048
-0.000044
-0.000041
-0.000036
-0.000034
-0.000032
-0.000030
-0.000027
-0.000025
-0.000024
-0.000022
-0.000022
-0.000020
-0.000021
-0.000021
-0.000020
-0.000020
-0.000019
-0.000016
-0.000016
-0.000018
-0.000017
-0.000015
-0.000013
-0.000010
-0.000005
0.000000
0.000004
0.000008
0.000012
0.000014
0.000012
0.000012
0.000014
0.000017
0.000020
0.000022
0.000025
0.000033
0.000042
0.000052
0.000061
0.000069
0.000077
0.000086
0.000095
0.000103
0.000109
0.000113
0.000114
0.000112
0.000109
0.000106
0.000103
0.000099
0.000094
0.000089
0.000081
0.000073
0.000064
0.000057
0.000051
0.000045
0.000039
0.000034
0.000029
0.000025
0.000021
0.000016
0.000011
0.000007
0.000003
-0.000001
-0.000007
-0.000014
-0.000019
-0.000025
-0.000029
-0.000034
-0.000039
-0.000042
-0.000042
-0.000041
-0.000040
-0.000040
-0.000040
-0.000039
-0.000036
-0.000030
-0.000026
-0.000020
-0.000016
-0.000012
-0.000008
-0.000003
0.000003
0.000006
0.000009
0.000011
0.000014
0.000016
0.000021
0.000025
0.000028
0.000033
0.000039
0.000044
0.000049
0.000053
0.000056
0.000062
0.000067
0.000072
0.000074
0.000072
0.000068
0.000062
0.000057
0.000050
0.000044
0.000038
0.000033
0.000026
0.000018
0.000010
0.000002
-0.000007
-0.000017
-0.000029
-0.000042
-0.000055
-0.000065
-0.000076
-0.000084
-0.000090
-0.000095
-0.000099
-0.000104
-0.000109
-0.000113
-0.000116
-0.000116
-0.000116
-0.000116
-0.000114
-0.000113
-0.000110
-0.000104
-0.000098
-0.000093
-0.000091
-0.000089
-0.000086
-0.000080
-0.000074
-0.000069
-0.000063
-0.000058
-0.000053
-0.000048
-0.000042
-0.000037
-0.000032
-0.000028
-0.000025
-0.000022
-0.000018
-0.000013
-0.000009
-0.000004
0.000000
0.000007
0.000012
0.000016
0.000019
0.000021
0.000022
0.000024
0.000024
0.000023
0.000022
0.000020
0.000019
0.000018
0.000015
0.000012
0.000006
0.000002
-0.000002
-0.000007
-0.000011
-0.000017
-0.000023
-0.000030
-0.000037
-0.000043
-0.000050
-0.000054
-0.000058
-0.000061
-0.000064
-0.000066
-0.000068
-0.000066
-0.000065
-0.000064
-0.000061
-0.000060
-0.000060
-0.000060
-0.000059
-0.000059
-0.000061
-0.000061
-0.000059
-0.000058
-0.000057
-0.000057
-0.000057
-0.000057
-0.000058
-0.000059
-0.000059
-0.000059
-0.000056
-0.000054
-0.000050
-0.000047
-0.000044
-0.000043
-0.000042
-0.000040
-0.000040
-0.000041
-0.000039
-0.000039
-0.000040
-0.000039
-0.000039
-0.000039
-0.000040
-0.000042
-0.000045
-0.000046
-0.000046
-0.000045
-0.000044
-0.000041
-0.000037
-0.000034
-0.000028
-0.000021
-0.000014
-0.000008
-0.000003
0.000001
0.000007
0.000015
0.000024
0.000034
0.000043
0.000054
0.000062
0.000071
0.000079
0.000088
0.000094
0.000100
0.000105
0.000109
0.000112
0.000115
0.000118
0.000121
0.000125
0.000130
0.000133
0.000136
0.000139
0.000142
0.000144
0.000144
0.000140
0.000136
0.000132
0.000125
0.000117
0.000111
0.000102
0.000093
0.000082
0.000072
0.000062
0.000051
0.000039
0.000028
0.000020
0.000012
0.000003
-0.000004
-0.000010
-0.000016
-0.000020
-0.000023
-0.000026
-0.000028
-0.000027
-0.000027
-0.000027
-0.000027
-0.000027
-0.000026
-0.000026
-0.000026
-0.000026
-0.000026
-0.000026
-0.000026
-0.000025
-0.000025
-0.000024
-0.000022
-0.000020
-0.000018
-0.000016
-0.000013
-0.000010
-0.000006
-0.000002
0.000001
0.000002
0.000004
0.000004
0.000003
0.000002
-0.000000
-0.000001
-0.000002
-0.000003
-0.000002
-0.000000
0.000001
0.000000
0.000002
0.000003
0.000004
0.000002
0.000001
-0.000001
-0.000002
-0.000002
-0.000001
-0.000002
-0.000002
-0.000003
-0.000005
-0.000006
-0.000007
-0.000009
-0.000011
-0.000016
-0.000019
-0.000023
-0.000027
-0.000031
-0.000036
-0.000041
-0.000045
-0.000048
-0.000051
-0.000053
-0.000052
-0.000052
-0.000051
-0.000049
-0.000045
-0.000043
-0.000041
-0.000040
-0.000039
-0.000037
-0.000034
-0.000033
-0.000032
-0.000032
-0.000033
-0.000033
-0.000033
-0.000032
-0.000030
-0.000029
-0.000027
-0.000025
-0.000022
-0.000017
-0.000011
-0.000009
-0.000006
-0.000003
0.000002
0.000007
0.000012
0.000018
0.000024
0.000030
0.000036
0.000040
0.000043
0.000045
0.000049
0.000051
0.000052
0.000054
0.000055
0.000057
0.000058
0.000060
0.000064
0.000068
0.000070
0.000072
0.000073
0.000074
0.000072
0.000070
0.000067
0.000064
0.000059
0.000055
0.000051
0.000048
0.000044
0.000040
0.000033
0.000026
0.000019
0.000013
0.000008
0.000002
-0.000003
-0.000009
-0.000015
-0.000022
-0.000029
-0.000035
-0.000040
-0.000043
-0.000047
-0.000051
-0.000055
-0.000058
-0.000059
-0.000058
-0.000057
-0.000054
-0.000049
-0.000044
-0.000040
-0.000035
-0.000031
-0.000028
-0.000023
-0.000018
-0.000013
-0.000007
-0.000002
0.000004
0.000010
0.000014
0.000018
0.000021
0.000023
0.000025
0.000026
0.000026
0.000026
0.000027
0.000027
0.000029
0.000031
0.000031
0.000032
0.000033
0.000033
0.000034
0.000033
0.000032
0.000031
0.000029
0.000028
0.000026
0.000025
0.000024
0.000023
0.000020
0.000018
0.000017
0.000015
0.000015
0.000014
0.000012
0.000009
0.000007
0.000004
0.000001
-0.000000
-0.000002
-0.000004
-0.000005
-0.000007
-0.000008
-0.000009
-0.000011
-0.000014
-0.000018
-0.000023
-0.000028
-0.000035
-0.000040
-0.000044
-0.000048
-0.000051
-0.000052
-0.000052
-0.000053
-0.000053
-0.000054
-0.000055
-0.000055
-0.000055
-0.000053
-0.000051
-0.000049
-0.000047
-0.000044
-0.000039
-0.000035
-0.000031
-0.000028
-0.000025
-0.000023
-0.000021
-0.000019
-0.000017
-0.000015
-0.000014
-0.000013
-0.000012
-0.000012
-0.000012
-0.000014
-0.000016
-0.000020
-0.000021
-0.000023
-0.000025
-0.000027
-0.000029
-0.000030
-0.000030
-0.000031
-0.000031
-0.000030
-0.000029
-0.000028
-0.000026
-0.000024
-0.000021
-0.000018
-0.000015
-0.000012
-0.000009
-0.000008
-0.000007
-0.000006
-0.000004
-0.000002
-0.000000
0.000002
0.000004
0.000005
0.000007
0.000009
0.000010
0.000011
0.000012
0.000013
0.000013
0.000013
0.000012
0.000009
0.000006
0.000003
-0.000000
-0.000003
-0.000007
-0.000012
-0.000017
-0.000022
-0.000027
-0.000032
-0.000036
-0.000041
-0.000045
-0.000049
-0.000052
-0.000055
-0.000058
-0.000059
-0.000059
-0.000056
-0.000053
-0.000049
-0.000043
-0.000036
-0.000030
-0.000023
-0.000017
-0.000009
-0.000003
0.000003
0.000009
0.000016
0.000021
0.000025
0.000028
0.000030
0.000033
0.000034
0.000035
0.000035
0.000035
0.000033
0.000031
0.000028
0.000026
0.000026
0.000025
0.000023
0.000020
0.000019
0.000019
0.000019
0.000020
0.000020
0.000021
0.000022
0.000022
0.000022
0.000023
0.000022
0.000022
0.000021
0.000020
0.000020
0.000019
0.000017
0.000014
0.000009
0.000006
0.000004
0.000003
0.000000
-0.000003
-0.000005
-0.000007
-0.000008
-0.000010
-0.000011
-0.000014
-0.000016
-0.000018
-0.000020
-0.000022
-0.000023
-0.000024
-0.000024
-0.000025
-0.000024
-0.000023
-0.000023
-0.000021
-0.000020
-0.000019
-0.000018
-0.000016
-0.000014
-0.000012
-0.000011
-0.000009
-0.000009
-0.000009
-0.000009
-0.000008
-0.000008
-0.000008
-0.000008
-0.000008
-0.000009
-0.000008
-0.000008
-0.000008
-0.000007
-0.000005
-0.000004
-0.000003
-0.000001
0.000001
0.000003
0.000005
0.000007
0.000008
0.000009
0.000011
0.000013
0.000014
0.000015
0.000015
0.000016
0.000016
0.000016
0.000015
0.000014
0.000013
0.000012
0.000010
0.000008
0.000005
0.000003
0.000001
-0.000002
-0.000004
-0.000006
-0.000008
-0.000009
-0.000009
-0.000009
-0.000009
-0.000008
-0.000007
-0.000006
-0.000004
-0.000001
-0.000001
0.000001
0.000002
0.000003
0.000006
0.000008
0.000011
0.000015
0.000019
0.000023
0.000028
0.000033
0.000037
0.000041
0.000044
0.000048
0.000051
0.000052
0.000053
0.000054
0.000055
0.000056
0.000055
0.000055
0.000052
0.000049
0.000047
0.000044
0.000042
0.000038
0.000036
0.000033
0.000030
0.000027
0.000024
0.000021
0.000018
0.000015
0.000012
0.000008
0.000005
0.000002
-0.000000
-0.000002
-0.000004
-0.000005
-0.000005
-0.000006
-0.000007
-0.000007
-0.000007
-0.000006
-0.000004
-0.000003
0.000000
0.000002
0.000004
0.000005
0.000006
0.000006
0.000006
0.000006
0.000005
0.000004
0.000002
0.000001
0.000000
-0.000001
-0.000003
-0.000005
-0.000007
-0.000010
-0.000014
-0.000016
-0.000019
-0.000023
-0.000026
-0.000029
-0.000032
-0.000036
-0.000039
-0.000041
-0.000043
-0.000045
-0.000047
-0.000049
-0.000049
-0.000050
-0.000050
-0.000050
-0.000049
-0.000047
-0.000045
-0.000042
-0.000038
-0.000034
-0.000030
-0.000025
-0.000020
-0.000015
-0.000009
-0.000004
0.000002
0.000008
0.000013
0.000019
0.000024
0.000028
0.000033
0.000037
0.000041
0.000044
0.000047
0.000051
0.000053
0.000056
0.000058
0.000058
0.000059
0.000058
0.000058
0.000057
0.000056
0.000053
0.000050
0.000047
0.000042
0.000038
0.000033
0.000029
0.000024
0.000019
0.000014
0.000010
0.000005
0.000001
-0.000002
-0.000004
-0.000006
-0.000009
-0.000013
-0.000018
-0.000021
-0.000026
-0.000030
-0.000035
-0.000038
-0.000040
-0.000043
-0.000044
-0.000046
-0.000046
-0.000047
-0.000047
-0.000046
-0.000044
-0.000041
-0.000038
-0.000035
-0.000033
-0.000030
-0.000026
-0.000022
-0.000017
-0.000012
-0.000006
0.000000
0.000007
0.000013
0.000019
0.000026
0.000033
0.000040
0.000046
0.000052
0.000058
0.000064
0.000068
0.000072
0.000075
0.000076
0.000076
0.000076
0.000075
0.000073
0.000070
0.000067
0.000064
0.000061
0.000057
0.000053
0.000047
0.000041
0.000036
0.000029
0.000023
0.000016
0.000010
0.000003
-0.000004
-0.000009
-0.000015
-0.000020
-0.000026
-0.000031
-0.000037
-0.000041
-0.000045
-0.000048
-0.000050
-0.000051
-0.000053
-0.000053
-0.000054
-0.000054
-0.000053
-0.000051
-0.000048
-0.000046
-0.000043
-0.000040
-0.000036
-0.000031
-0.000027
-0.000021
-0.000016
-0.000011
-0.000006
-0.000001
0.000003
0.000008
0.000013
0.000018
0.000024
0.000029
0.000033
0.000037
0.000041
0.000044
0.000047
0.000048
0.000049
0.000049
0.000048
0.000047
0.000046
0.000045
0.000044
0.000043
0.000041
0.000039
0.000036
0.000033
0.000028
0.000024
0.000020
0.000015
0.000010
0.000006
0.000001
-0.000004
-0.000008
-0.000011
-0.000014
-0.000016
-0.000019
-0.000021
-0.000022
-0.000024
-0.000025
-0.000025
-0.000024
-0.000023
-0.000022
-0.000020
-0.000018
-0.000016
-0.000014
-0.000012
-0.000010
-0.000008
-0.000007
-0.000004
-0.000003
-0.000001
0.000001
0.000003
0.000003
0.000004
0.000004
0.000003
0.000002
0.000002
0.000001
0.000000
-0.000000
-0.000001
-0.000002
-0.000003
-0.000004
-0.000006
-0.000006
-0.000007
-0.000008
-0.000008
-0.000008
-0.000008
-0.000007
-0.000007
-0.000007
-0.000006
-0.000006
-0.000006
-0.000005
-0.000005
-0.000004
-0.000003
-0.000001
-0.000000
0.000001
0.000002
0.000003
0.000004
0.000005
0.000005
0.000006
0.000005
0.000004
0.000004
0.000003
0.000001
-0.000000
-0.000003
-0.000005
-0.000006
-0.000007
-0.000008
-0.000009
-0.000010
-0.000012
-0.000013
-0.000014
-0.000015
-0.000016
-0.000018
-0.000020
-0.000021
-0.000023
-0.000024
-0.000025
-0.000026
-0.000026
-0.000025
-0.000025
-0.000024
-0.000024
-0.000022
-0.000022
-0.000021
-0.000020
-0.000020
-0.000018
-0.000015
-0.000013
-0.000010
-0.000008
-0.000006
-0.000003
-0.000000
0.000002
0.000004
0.000006
0.000008
0.000009
0.000008
0.000007
0.000007
0.000007
0.000008
0.000008
0.000009
0.000009
0.000010
0.000010
0.000010
0.000009
0.000009
0.000009
0.000008
0.000008
0.000009
0.000009
0.000009
0.000009
0.000008
0.000008
0.000008
0.000008
0.000008
0.000009
0.000009
0.000009
0.000009
0.000008
0.000008
0.000007
0.000006
0.000006
0.000005
0.000003
0.000002
-0.000000
-0.000002
-0.000004
-0.000005
-0.000007
-0.000008
-0.000010
-0.000012
-0.000013
-0.000015
-0.000016
-0.000016
-0.000017
-0.000017
-0.000018
-0.000019
-0.000020
-0.000021
-0.000021
-0.000021
-0.000022
-0.000022
-0.000022
-0.000022
-0.000021
-0.000020
-0.000020
-0.000020
-0.000019
-0.000019
-0.000019
-0.000019
-0.000018
-0.000018
-0.000018
-0.000017
-0.000016
-0.000014
-0.000013
-0.000012
-0.000010
-0.000009
-0.000007
-0.000005
-0.000003
-0.000001
0.000001
0.000003
0.000005
0.000007
0.000009
0.000011
0.000012
0.000014
