0.000001
0.000001
0.000001
0.000000
0.000000
0.000000
0.000000
0.000000
0.000000
0.000000
0.000000
0.000000
0.000000
0.000000
0.000000
0.000000
0.000000
0.000000
0.000000
0.000000
0.000000
0.000000
0.000000
0.000000
-0.000000
-0.000000
-0.000000
-0.000000
-0.000000
-0.000000
-0.000000
-0.000000
-0.000000
-0.000000
-0.000000
-0.000000
-0.000000
-0.000000
-0.000000
-0.000000
-0.000000
-0.000000
-0.000000
-0.000001
-0.000001
-0.000001
-0.000001
-0.000001
-0.000001
-0.000001
-0.000001
-0.000001
-0.000001
-0.000001
-0.000001
-0.000001
-0.000001
-0.000001
-0.000001
-0.000001
-0.000001
-0.000001
-0.000001
-0.000001
-0.000001
-0.000001
-0.000001
-0.000001
-0.000001
-0.000001
-0.000001
-0.000001
-0.000001
-0.000001
-0.000001
-0.000001
-0.000001
-0.000001
-0.000002
-0.000002
-0.000002
-0.000002
-0.000002
-0.000002
-0.000002
-0.000002
-0.000002
-0.000002
-0.000002
-0.000002
-0.000002
-0.000002
-0.000002
-0.000002
-0.000002
-0.000002
-0.000002
-0.000002
-0.000002
-0.000002
-0.000002
-0.000002
-0.000002
-0.000002
-0.000002
-0.000002
-0.000002
-0.000002
-0.000002
-0.000002
-0.000003
-0.000003
-0.000003
-0.000003
-0.000003
-0.000003
-0.000003
-0.000003
-0.000003
-0.000003
-0.000003
-0.000003
-0.000003
-0.000003
-0.000003
-0.000003
-0.000003
-0.000003
-0.000003
-0.000003
-0.000003
-0.000003
-0.000003
-0.000003
-0.000003
-0.000003
-0.000003
-0.000003
-0.000003
-0.000003
-0.000003
-0.000004
-0.000004
-0.000004
-0.000004
-0.000004
-0.000004
-0.000004
-0.000004
-0.000004
-0.000004
-0.000004
-0.000004
-0.000004
-0.000004
-0.000004
-0.000004
-0.000004
-0.000004
-0.000004
-0.000004
-0.000004
-0.000004
-0.000004
-0.000004
-0.000004
-0.000004
-0.000004
-0.000004
-0.000005
-0.000005
-0.000005
-0.000005
-0.000005
-0.000005
-0.000005
-0.000005
-0.000005
-0.000005
-0.000005
-0.000005
-0.000005
-0.000005
-0.000005
-0.000005
-0.000005
-0.000005
-0.000005
-0.000005
-0.000005
-0.000005
-0.000005
-0.000005
-0.000005
-0.000005
-0.000005
-0.000005
-0.000006
-0.000006
-0.000006
-0.000006
-0.000006
-0.000006
-0.000006
-0.000006
-0.000006
-0.000006
-0.000006
-0.000006
-0.000006
-0.000006
-0.000006
-0.000006
-0.000006
-0.000006
-0.000006
-0.000006
-0.000006
-0.000006
-0.000006
-0.000006
-0.000006
-0.000006
-0.000006
-0.000007
-0.000007
-0.000007
-0.000007
-0.000007
-0.000007
-0.000007
-0.000007
-0.000007
-0.000007
-0.000007
-0.000007
-0.000007
-0.000007
-0.000007
-0.000007
-0.000007
-0.000007
-0.000007
-0.000007
-0.000007
-0.000007
-0.000007
-0.000007
-0.000007
-0.000007
-0.000007
-0.000008
-0.000008
-0.000008
-0.000008
-0.000008
-0.000008
-0.000008
-0.000008
-0.000008
-0.000008
-0.000008
-0.000008
-0.000008
-0.000008
-0.000008
-0.000008
-0.000008
-0.000008
-0.000008
-0.000008
-0.000008
-0.000008
-0.000008
-0.000008
-0.000008
-0.000008
-0.000009
-0.000009
-0.000009
-0.000009
-0.000009
-0.000009
-0.000009
-0.000009
-0.000009
-0.000009
-0.000009
-0.000009
-0.000009
-0.000009
-0.000009
-0.000009
-0.000009
-0.000009
-0.000009
-0.000009
-0.000009
-0.000009
-0.000009
-0.000009
-0.000009
-0.000009
-0.000009
-0.000010
-0.000010
-0.000010
-0.000010
-0.000010
-0.000010
-0.000010
-0.000010
-0.000010
-0.000010
-0.000010
-0.000010
-0.000010
-0.000010
-0.000010
-0.000010
-0.000010
-0.000010
-0.000010
-0.000010
-0.000010
-0.000010
-0.000010
-0.000010
-0.000010
-0.000010
-0.000010
-0.000011
-0.000011
-0.000011
-0.000011
-0.000011
-0.000011
-0.000011
-0.000011
-0.000011
-0.000011
-0.000011
-0.000011
-0.000011
-0.000011
-0.000011
-0.000011
-0.000011
-0.000011
-0.000011
-0.000011
-0.000011
-0.000011
-0.000011
-0.000011
-0.000011
-0.000011
-0.000011
-0.000012
-0.000012
-0.000012
-0.000012
-0.000012
-0.000012
-0.000012
-0.000012
-0.000012
-0.000012
-0.000012
-0.000012
-0.000012
-0.000012
-0.000012
-0.000012
-0.000012
-0.000012
-0.000012
-0.000012
-0.000012
-0.000012
-0.000012
-0.000012
-0.000012
-0.000012
-0.000012
-0.000012
-0.000012
-0.000013
-0.000013
-0.000013
-0.000013
-0.000013
-0.000013
-0.000013
-0.000013
-0.000013
-0.000013
-0.000013
-0.000013
-0.000013
-0.000013
-0.000013
-0.000013
-0.000013
-0.000013
-0.000013
-0.000013
-0.000013
-0.000013
-0.000013
-0.000013
-0.000013
-0.000013
-0.000013
-0.000013
-0.000013
-0.000013
-0.000013
-0.000014
-0.000014
-0.000014
-0.000014
-0.000014
-0.000014
-0.000014
-0.000014
-0.000014
-0.000014
-0.000014
-0.000014
-0.000014
-0.000014
-0.000014
-0.000014
-0.000014
-0.000014
-0.000014
-0.000014
-0.000014
-0.000014
-0.000014
-0.000014
-0.000014
-0.000014
-0.000014
-0.000014
-0.000014
-0.000014
-0.000014
-0.000014
-0.000014
-0.000014
-0.000015
-0.000015
-0.000015
-0.000015
-0.000015
-0.000015
-0.000015
-0.000015
-0.000015
-0.000015
-0.000015
-0.000015
-0.000015
-0.000015
-0.000015
-0.000015
-0.000015
-0.000015
-0.000015
-0.000015
-0.000015
-0.000015
-0.000015
-0.000015
-0.000015
-0.000015
-0.000015
-0.000015
-0.000015
-0.000015
-0.000015
-0.000015
-0.000015
-0.000015
-0.000015
-0.000015
-0.000015
-0.000015
-0.000015
-0.000015
-0.000016
-0.000016
-0.000016
-0.000016
-0.000016
-0.000016
-0.000016
-0.000016
-0.000016
-0.000016
-0.000016
-0.000016
-0.000016
-0.000016
-0.000016
-0.000016
-0.000016
-0.000016
-0.000016
-0.000016
-0.000016
-0.000016
-0.000016
-0.000016
-0.000016
-0.000016
-0.000016
-0.000016
-0.000016
-0.000016
-0.000016
-0.000016
-0.000016
-0.000016
-0.000016
-0.000016
-0.000016
-0.000016
-0.000016
-0.000016
-0.000016
-0.000016
-0.000016
-0.000016
-0.000016
-0.000016
-0.000016
-0.000016
-0.000016
-0.000016
-0.000016
-0.000016
-0.000016
-0.000016
-0.000016
-0.000016
-0.000016
-0.000016
-0.000016
-0.000016
-0.000016
-0.000017
-0.000017
-0.000017
-0.000017
-0.000017
-0.000017
-0.000017
-0.000017
-0.000017
-0.000017
-0.000017
-0.000017
-0.000017
-0.000017
-0.000017
-0.000017
-0.000017
-0.000017
-0.000017
-0.000017
-0.000017
-0.000017
-0.000017
-0.000017
-0.000017
-0.000017
-0.000017
-0.000017
-0.000017
-0.000017
-0.000017
-0.000017
-0.000017
-0.000017
-0.000017
-0.000017
-0.000017
-0.000017
-0.000017
-0.000017
-0.000017
-0.000017
-0.000017
-0.000017
-0.000017
-0.000017
-0.000017
-0.000017
-0.000017
-0.000017
-0.000017
-0.000017
-0.000017
-0.000017
-0.000017
-0.000017
-0.000017
-0.000017
-0.000017
-0.000017
-0.000017
-0.000017
-0.000017
-0.000017
-0.000017
-0.000017
-0.000017
-0.000017
-0.000017
-0.000017
-0.000017
-0.000017
-0.000017
-0.000017
-0.000017
-0.000017
-0.000017
-0.000017
-0.000017
-0.000017
-0.000017
-0.000017
-0.000017
-0.000017
-0.000017
-0.000017
-0.000017
-0.000017
-0.000017
-0.000017
-0.000017
-0.000017
-0.000017
-0.000017
-0.000017
-0.000016
-0.000016
-0.000016
-0.000016
-0.000016
-0.000016
-0.000016
-0.000016
-0.000016
-0.000016
-0.000016
-0.000016
-0.000016
-0.000016
-0.000016
-0.000016
-0.000016
-0.000016
-0.000016
-0.000016
-0.000016
-0.000016
-0.000016
-0.000016
-0.000016
-0.000016
-0.000016
-0.000016
-0.000016
-0.000016
-0.000016
-0.000016
-0.000016
-0.000016
-0.000016
-0.000016
-0.000016
-0.000016
-0.000016
-0.000016
-0.000016
-0.000016
-0.000016
-0.000016
-0.000016
-0.000016
-0.000016
-0.000016
-0.000016
-0.000016
-0.000016
-0.000015
-0.000015
-0.000015
-0.000015
-0.000015
-0.000015
-0.000015
-0.000015
-0.000015
-0.000015
-0.000015
-0.000015
-0.000015
-0.000015
-0.000015
-0.000015
-0.000015
-0.000015
-0.000015
-0.000015
-0.000015
-0.000015
-0.000015
-0.000015
-0.000015
-0.000015
-0.000015
-0.000015
-0.000015
-0.000015
-0.000015
-0.000014
-0.000014
-0.000014
-0.000014
-0.000014
-0.000014
-0.000014
-0.000014
-0.000014
-0.000014
-0.000014
-0.000014
-0.000014
-0.000014
-0.000014
-0.000014
-0.000014
-0.000014
-0.000014
-0.000014
-0.000014
-0.000014
-0.000014
-0.000014
-0.000014
-0.000013
-0.000013
-0.000013
-0.000013
-0.000013
-0.000013
-0.000013
-0.000013
-0.000013
-0.000013
-0.000013
-0.000013
-0.000013
-0.000013
-0.000013
-0.000013
-0.000013
-0.000013
-0.000013
-0.000013
-0.000012
-0.000012
-0.000012
-0.000012
-0.000012
-0.000012
-0.000012
-0.000012
-0.000012
-0.000012
-0.000012
-0.000012
-0.000012
-0.000012
-0.000012
-0.000012
-0.000012
-0.000012
-0.000011
-0.000011
-0.000011
-0.000011
-0.000011
-0.000011
-0.000011
-0.000011
-0.000011
-0.000011
-0.000011
-0.000011
-0.000011
-0.000011
-0.000011
-0.000011
-0.000011
-0.000010
-0.000010
-0.000010
-0.000010
-0.000010
-0.000010
-0.000010
-0.000010
-0.000010
-0.000010
-0.000010
-0.000010
-0.000010
-0.000010
-0.000010
-0.000009
-0.000009
-0.000009
-0.000009
-0.000009
-0.000009
-0.000009
-0.000009
-0.000009
-0.000009
-0.000009
-0.000009
-0.000009
-0.000008
-0.000008
-0.000008
-0.000008
-0.000008
-0.000008
-0.000008
-0.000008
-0.000008
-0.000008
-0.000008
-0.000008
-0.000008
-0.000007
-0.000007
-0.000007
-0.000007
-0.000007
-0.000007
-0.000007
-0.000007
-0.000007
-0.000007
-0.000007
-0.000007
-0.000007
-0.000006
-0.000006
-0.000006
-0.000006
-0.000006
-0.000006
-0.000006
-0.000006
-0.000006
-0.000006
-0.000006
-0.000005
-0.000005
-0.000005
-0.000005
-0.000005
-0.000005
-0.000005
-0.000005
-0.000005
-0.000005
-0.000005
-0.000005
-0.000004
-0.000004
-0.000004
-0.000004
-0.000004
-0.000004
-0.000004
-0.000004
-0.000004
-0.000004
-0.000003
-0.000003
-0.000003
-0.000003
-0.000003
-0.000003
-0.000003
-0.000003
-0.000003
-0.000003
-0.000003
-0.000002
-0.000002
-0.000002
-0.000002
-0.000002
-0.000002
-0.000002
-0.000002
-0.000002
-0.000001
-0.000001
-0.000001
-0.000001
-0.000001
-0.000001
-0.000001
-0.000001
-0.000001
-0.000001
-0.000000
-0.000000
-0.000000
-0.000000
-0.000000
0.000000
0.000000
0.000000
0.000000
0.000001
0.000001
0.000001
0.000001
0.000001
0.000001
0.000001
0.000001
0.000001
0.000002
0.000002
0.000002
0.000002
0.000002
0.000002
0.000002
0.000002
0.000002
0.000003
0.000003
0.000003
0.000003
0.000003
0.000003
0.000003
0.000003
0.000003
0.000004
0.000004
0.000004
0.000004
0.000004
0.000004
0.000004
0.000004
0.000005
0.000005
0.000005
0.000005
0.000005
0.000005
0.000005
0.000005
0.000006
0.000006
0.000006
0.000006
0.000006
0.000006
0.000006
0.000006
0.000007
0.000007
0.000007
0.000007
0.000007
0.000007
0.000007
0.000007
0.000008
0.000008
0.000008
0.000008
0.000008
0.000008
0.000008
0.000008
0.000009
0.000009
0.000009
0.000009
0.000009
0.000009
0.000009
0.000009
0.000010
0.000010
0.000010
0.000010
0.000010
0.000010
0.000010
0.000011
0.000011
0.000011
0.000011
0.000011
0.000011
0.000011
0.000011
0.000012
0.000012
0.000012
0.000012
0.000012
0.000012
0.000012
0.000013
0.000013
0.000013
0.000013
0.000013
0.000013
0.000013
0.000014
0.000014
0.000014
0.000014
0.000014
0.000014
0.000014
0.000015
0.000015
0.000015
0.000015
0.000015
0.000015
0.000015
0.000016
0.000016
0.000016
0.000016
0.000016
0.000016
0.000016
0.000017
0.000017
0.000017
0.000017
0.000017
0.000017
0.000017
0.000018
0.000018
0.000018
0.000018
0.000018
0.000018
0.000018
0.000019
0.000019
0.000019
0.000019
0.000019
0.000019
0.000019
0.000020
0.000020
0.000020
0.000020
0.000020
0.000020
0.000021
0.000021
0.000021
0.000021
0.000021
0.000021
0.000021
0.000022
0.000022
0.000022
0.000022
0.000022
0.000022
0.000023
0.000023
0.000023
0.000023
0.000023
0.000023
0.000023
0.000024
0.000024
0.000024
0.000024
0.000024
0.000024
0.000025
0.000025
0.000025
0.000025
0.000025
0.000025
0.000025
0.000026
0.000026
0.000026
0.000026
0.000026
0.000026
0.000027
0.000027
0.000027
0.000027
0.000027
0.000027
0.000027
0.000028
0.000028
0.000028
0.000028
0.000028
0.000028
0.000029
0.000029
0.000029
0.000029
0.000029
0.000029
0.000030
0.000030
0.000030
0.000030
0.000030
0.000030
0.000030
0.000031
0.000031
0.000031
0.000031
0.000031
0.000031
0.000032
0.000032
0.000032
0.000032
0.000032
0.000032
0.000033
0.000033
0.000033
0.000033
0.000033
0.000033
0.000033
0.000034
0.000034
0.000034
0.000034
0.000034
0.000034
0.000035
0.000035
0.000035
0.000035
0.000035
0.000035
0.000036
0.000036
0.000036
0.000036
0.000036
0.000036
0.000036
0.000037
0.000037
0.000037
0.000037
0.000037
0.000037
0.000038
0.000038
0.000038
0.000038
0.000038
0.000038
0.000039
0.000039
0.000039
0.000039
0.000039
0.000039
0.000039
0.000040
0.000040
0.000040
0.000040
0.000040
0.000040
0.000041
0.000041
0.000041
0.000041
0.000041
0.000041
0.000042
0.000042
0.000042
0.000042
0.000042
0.000042
0.000042
0.000043
0.000043
0.000043
0.000043
0.000043
0.000043
0.000044
0.000044
0.000044
0.000044
0.000044
0.000044
0.000044
0.000045
0.000045
0.000045
0.000045
0.000045
0.000045
0.000046
0.000046
0.000046
0.000046
0.000046
0.000046
0.000046
0.000047
0.000047
0.000047
0.000047
0.000047
0.000047
0.000048
0.000048
0.000048
0.000048
0.000048
0.000048
0.000048
0.000049
0.000049
0.000049
0.000049
0.000049
0.000049
0.000049
0.000050
0.000050
0.000050
0.000050
0.000050
0.000050
0.000050
0.000051
0.000051
0.000051
0.000051
0.000051
0.000051
0.000051
0.000052
0.000052
0.000052
0.000052
0.000052
0.000052
0.000052
0.000053
0.000053
0.000053
0.000053
0.000053
0.000053
0.000053
0.000054
0.000054
0.000054
0.000054
0.000054
0.000054
0.000054
0.000055
0.000055
0.000055
0.000055
0.000055
0.000055
0.000055
0.000056
0.000056
0.000056
0.000056
0.000056
0.000056
0.000056
0.000056
0.000057
0.000057
0.000057
0.000057
0.000057
0.000057
0.000057
0.000057
0.000058
0.000058
0.000058
0.000058
0.000058
0.000058
0.000058
0.000058
0.000059
0.000059
0.000059
0.000059
0.000059
0.000059
0.000059
0.000059
0.000060
0.000060
0.000060
0.000060
0.000060
0.000060
0.000060
0.000060
0.000061
0.000061
0.000061
0.000061
0.000061
0.000061
0.000061
0.000061
0.000061
0.000062
0.000062
0.000062
0.000062
0.000062
0.000062
0.000062
0.000062
0.000062
0.000063
0.000063
0.000063
0.000063
0.000063
0.000063
0.000063
0.000063
0.000063
0.000063
0.000064
0.000064
0.000064
0.000064
0.000064
0.000064
0.000064
0.000064
0.000064
0.000064
0.000065
0.000065
0.000065
0.000065
0.000065
0.000065
0.000065
0.000065
0.000065
0.000065
0.000065
0.000066
0.000066
0.000066
0.000066
0.000066
0.000066
0.000066
0.000066
0.000066
0.000066
0.000066
0.000066
0.000066
0.000067
0.000067
0.000067
0.000067
0.000067
0.000067
0.000067
0.000067
0.000067
0.000067
0.000067
0.000067
0.000067
0.000068
0.000068
0.000068
0.000068
0.000068
0.000068
0.000068
0.000068
0.000068
0.000068
0.000068
0.000068
0.000068
0.000068
0.000068
0.000068
0.000068
0.000069
0.000069
0.000069
0.000069
0.000069
0.000069
0.000069
0.000069
0.000069
0.000069
0.000069
0.000069
0.000069
0.000069
0.000069
0.000069
0.000069
0.000069
0.000069
0.000069
0.000069
0.000070
0.000070
0.000070
0.000070
0.000070
0.000070
0.000070
0.000070
0.000070
0.000070
0.000070
0.000070
0.000070
0.000070
0.000070
0.000070
0.000070
0.000070
0.000070
0.000070
0.000070
0.000070
0.000070
0.000070
0.000070
0.000070
0.000070
0.000070
0.000070
0.000070
0.000070
0.000070
0.000070
0.000070
0.000070
0.000070
0.000070
0.000070
0.000070
0.000070
0.000070
0.000070
0.000070
0.000070
0.000070
0.000070
0.000070
0.000070
0.000070
0.000070
0.000070
0.000070
0.000070
0.000070
0.000070
0.000070
0.000070
0.000070
0.000070
0.000070
0.000070
0.000070
0.000070
0.000070
0.000070
0.000070
0.000070
0.000070
0.000070
0.000070
0.000070
0.000070
0.000070
0.000070
0.000069
0.000069
0.000069
0.000069
0.000069
0.000069
0.000069
0.000069
0.000069
0.000069
0.000069
0.000069
0.000069
0.000069
0.000069
0.000069
0.000069
0.000069
0.000069
0.000069
0.000068
0.000068
0.000068
0.000068
0.000068
0.000068
0.000068
0.000068
0.000068
0.000068
0.000068
0.000068
0.000068
0.000068
0.000067
0.000067
0.000067
0.000067
0.000067
0.000067
0.000067
0.000067
0.000067
0.000067
0.000067
0.000067
0.000066
0.000066
0.000066
0.000066
0.000066
0.000066
0.000066
0.000066
0.000066
0.000066
0.000065
0.000065
0.000065
0.000065
0.000065
0.000065
0.000065
0.000065
0.000065
0.000064
0.000064
0.000064
0.000064
0.000064
0.000064
0.000064
0.000064
0.000063
0.000063
0.000063
0.000063
0.000063
0.000063
0.000063
0.000062
0.000062
0.000062
0.000062
0.000062
0.000062
0.000062
0.000061
0.000061
0.000061
0.000061
0.000061
0.000061
0.000061
0.000060
0.000060
0.000060
0.000060
0.000060
0.000060
0.000059
0.000059
0.000059
0.000059
0.000059
0.000059
0.000058
0.000058
0.000058
0.000058
0.000058
0.000058
0.000057
0.000057
0.000057
0.000057
0.000057
0.000056
0.000056
0.000056
0.000056
0.000056
0.000055
0.000055
0.000055
0.000055
0.000055
0.000054
0.000054
0.000054
0.000054
0.000054
0.000053
0.000053
0.000053
0.000053
0.000053
0.000052
0.000052
0.000052
0.000052
0.000051
0.000051
0.000051
0.000051
0.000050
0.000050
0.000050
0.000050
0.000050
0.000049
0.000049
0.000049
0.000049
0.000048
0.000048
0.000048
0.000048
0.000047
0.000047
0.000047
0.000047
0.000046
0.000046
0.000046
0.000046
0.000045
0.000045
0.000045
0.000045
0.000044
0.000044
0.000044
0.000043
0.000043
0.000043
0.000043
0.000042
0.000042
0.000042
0.000042
0.000041
0.000041
0.000041
0.000040
0.000040
0.000040
0.000039
0.000039
0.000039
0.000039
0.000038
0.000038
0.000038
0.000037
0.000037
0.000037
0.000036
0.000036
0.000036
0.000036
0.000035
0.000035
0.000035
0.000034
0.000034
0.000034
0.000033
0.000033
0.000033
0.000032
0.000032
0.000032
0.000031
0.000031
0.000031
0.000030
0.000030
0.000030
0.000029
0.000029
0.000029
0.000028
0.000028
0.000028
0.000027
0.000027
0.000027
0.000026
0.000026
0.000025
0.000025
0.000025
0.000024
0.000024
0.000024
0.000023
0.000023
0.000023
0.000022
0.000022
0.000021
0.000021
0.000021
0.000020
0.000020
0.000020
0.000019
0.000019
0.000018
0.000018
0.000018
0.000017
0.000017
0.000016
0.000016
0.000016
0.000015
0.000015
0.000014
0.000014
0.000014
0.000013
0.000013
0.000012
0.000012
0.000012
0.000011
0.000011
0.000010
0.000010
0.000010
0.000009
0.000009
0.000008
0.000008
0.000007
0.000007
0.000007
0.000006
0.000006
0.000005
0.000005
0.000004
0.000004
0.000004
0.000003
0.000003
0.000002
0.000002
0.000001
0.000001
0.000000
0.000000
-0.000000
-0.000001
-0.000001
-0.000002
-0.000002
-0.000003
-0.000003
-0.000004
-0.000004
-0.000005
-0.000005
-0.000005
-0.000006
-0.000006
-0.000007
-0.000007
-0.000008
-0.000008
-0.000009
-0.000009
-0.000010
-0.000010
-0.000011
-0.000011
-0.000012
-0.000012
-0.000013
-0.000013
-0.000014
-0.000014
-0.000015
-0.000015
-0.000016
-0.000016
-0.000017
-0.000017
-0.000018
-0.000018
-0.000019
-0.000019
-0.000020
-0.000020
-0.000021
-0.000021
-0.000022
-0.000022
-0.000023
-0.000023
-0.000024
-0.000024
-0.000025
-0.000025
-0.000026
-0.000026
-0.000027
-0.000027
-0.000028
-0.000028
-0.000029
-0.000029
-0.000030
-0.000031
-0.000031
-0.000032
-0.000032
-0.000033
-0.000033
-0.000034
-0.000034
-0.000035
-0.000035
-0.000036
-0.000036
-0.000037
-0.000038
-0.000038
-0.000039
-0.000039
-0.000040
-0.000040
-0.000041
-0.000041
-0.000042
-0.000042
-0.000043
-0.000044
-0.000044
-0.000045
-0.000045
-0.000046
-0.000046
-0.000047
-0.000048
-0.000048
-0.000049
-0.000049
-0.000050
-0.000050
-0.000051
-0.000052
-0.000052
-0.000053
-0.000053
-0.000054
-0.000054
-0.000055
-0.000056
-0.000056
-0.000057
-0.000057
-0.000058
-0.000059
-0.000059
-0.000060
-0.000060
-0.000061
-0.000061
-0.000062
-0.000063
-0.000063
-0.000064
-0.000064
-0.000065
-0.000066
-0.000066
-0.000067
-0.000067
-0.000068
-0.000069
-0.000069
-0.000070
-0.000070
-0.000071
-0.000072
-0.000072
-0.000073
-0.000073
-0.000074
-0.000075
-0.000075
-0.000076
-0.000077
-0.000077
-0.000078
-0.000078
-0.000079
-0.000080
-0.000080
-0.000081
-0.000081
-0.000082
-0.000083
-0.000083
-0.000084
-0.000085
-0.000085
-0.000086
-0.000086
-0.000087
-0.000088
-0.000088
-0.000089
-0.000090
-0.000090
-0.000091
-0.000091
-0.000092
-0.000093
-0.000093
-0.000094
-0.000095
-0.000095
-0.000096
-0.000097
-0.000097
-0.000098
-0.000098
-0.000099
-0.000100
-0.000100
-0.000101
-0.000102
-0.000102
-0.000103
-0.000104
-0.000104
-0.000105
-0.000105
-0.000106
-0.000107
-0.000107
-0.000108
-0.000109
-0.000109
-0.000110
-0.000111
-0.000111
-0.000112
-0.000112
-0.000113
-0.000114
-0.000114
-0.000115
-0.000116
-0.000116
-0.000117
-0.000118
-0.000118
-0.000119
-0.000120
-0.000120
-0.000121
-0.000122
-0.000122
-0.000123
-0.000123
-0.000124
-0.000125
-0.000125
-0.000126
-0.000127
-0.000127
-0.000128
-0.000129
-0.000129
-0.000130
-0.000131
-0.000131
-0.000132
-0.000133
-0.000133
-0.000134
-0.000135
-0.000135
-0.000136
-0.000136
-0.000137
-0.000138
-0.000138
-0.000139
-0.000140
-0.000140
-0.000141
-0.000142
-0.000142
-0.000143
-0.000144
-0.000144
-0.000145
-0.000146
-0.000146
-0.000147
-0.000147
-0.000148
-0.000149
-0.000149
-0.000150
-0.000151
-0.000151
-0.000152
-0.000153
-0.000153
-0.000154
-0.000155
-0.000155
-0.000156
-0.000157
-0.000157
-0.000158
-0.000158
-0.000159
-0.000160
-0.000160
-0.000161
-0.000162
-0.000162
-0.000163
-0.000164
-0.000164
-0.000165
-0.000165
-0.000166
-0.000167
-0.000167
-0.000168
-0.000169
-0.000169
-0.000170
-0.000171
-0.000171
-0.000172
-0.000172
-0.000173
-0.000174
-0.000174
-0.000175
-0.000176
-0.000176
-0.000177
-0.000177
-0.000178
-0.000179
-0.000179
-0.000180
-0.000181
-0.000181
-0.000182
-0.000182
-0.000183
-0.000184
-0.000184
-0.000185
-0.000185
-0.000186
-0.000187
-0.000187
-0.000188
-0.000188
-0.000189
-0.000190
-0.000190
-0.000191
-0.000191
-0.000192
-0.000193
-0.000193
-0.000194
-0.000194
-0.000195
-0.000196
-0.000196
-0.000197
-0.000197
-0.000198
-0.000199
-0.000199
-0.000200
-0.000200
-0.000201
-0.000202
-0.000202
-0.000203
-0.000203
-0.000204
-0.000204
-0.000205
-0.000206
-0.000206
-0.000207
-0.000207
-0.000208
-0.000208
-0.000209
-0.000210
-0.000210
-0.000211
-0.000211
-0.000212
-0.000212
-0.000213
-0.000213
-0.000214
-0.000214
-0.000215
-0.000216
-0.000216
-0.000217
-0.000217
-0.000218
-0.000218
-0.000219
-0.000219
-0.000220
-0.000220
-0.000221
-0.000221
-0.000222
-0.000222
-0.000223
-0.000224
-0.000224
-0.000225
-0.000225
-0.000226
-0.000226
-0.000227
-0.000227
-0.000228
-0.000228
-0.000229
-0.000229
-0.000230
-0.000230
-0.000231
-0.000231
-0.000231
-0.000232
-0.000232
-0.000233
-0.000233
-0.000234
-0.000234
-0.000235
-0.000235
-0.000236
-0.000236
-0.000237
-0.000237
-0.000238
-0.000238
-0.000238
-0.000239
-0.000239
-0.000240
-0.000240
-0.000241
-0.000241
-0.000241
-0.000242
-0.000242
-0.000243
-0.000243
-0.000244
-0.000244
-0.000245
-0.000245
-0.000245
-0.000246
-0.000246
-0.000247
-0.000248
-0.000249
-0.000251
-0.000252
-0.000253
-0.000255
-0.000257
-0.000259
-0.000260
-0.000261
-0.000263
-0.000264
-0.000265
-0.000267
-0.000270
-0.000273
-0.000275
-0.000276
-0.000276
-0.000277
-0.000276
-0.000273
-0.000269
-0.000264
-0.000259
-0.000255
-0.000252
-0.000247
-0.000243
-0.000240
-0.000240
-0.000241
-0.000237
-0.000237
-0.000236
-0.000239
-0.000242
-0.000242
-0.000242
-0.000243
-0.000243
-0.000244
-0.000241
-0.000239
-0.000238
-0.000235
-0.000233
-0.000234
-0.000238
-0.000242
-0.000248
-0.000257
-0.000262
-0.000269
-0.000273
-0.000279
-0.000282
-0.000281
-0.000287
-0.000289
-0.000301
-0.000309
-0.000313
-0.000313
-0.000306
-0.000294
-0.000280
-0.000266
-0.000252
-0.000232
-0.000211
-0.000187
-0.000168
-0.000140
-0.000106
-0.000074
-0.000027
-0.000010
0.000005
0.000013
0.000018
0.000015
-0.000004
-0.000031
-0.000065
-0.000107
-0.000176
-0.000239
-0.000280
-0.000327
-0.000378
-0.000409
-0.000439
-0.000455
-0.000469
-0.000466
-0.000482
-0.000479
-0.000470
-0.000445
-0.000413
-0.000391
-0.000343
-0.000303
-0.000246
-0.000184
-0.000144
-0.000124
-0.000080
-0.000059
-0.000051
-0.000043
-0.000003
0.000065
0.000149
0.000215
0.000268
0.000297
0.000294
0.000266
0.000256
0.000214
0.000158
0.000064
-0.000032
-0.000106
-0.000203
-0.000280
-0.000368
-0.000460
-0.000575
-0.000672
-0.000738
-0.000780
-0.000777
-0.000775
-0.000745
-0.000742
-0.000751
-0.000765
-0.000805
-0.000876
-0.000914
-0.000902
-0.000899
-0.000885
-0.000895
-0.000841
-0.000805
-0.000779
-0.000759
-0.000681
-0.000585
-0.000523
-0.000459
-0.000344
-0.000238
-0.000156
-0.000067
-0.000003
0.000034
0.000000
-0.000020
-0.000137
-0.000241
-0.000346
-0.000501
-0.000650
-0.000832
-0.001078
-0.001244
-0.001401
-0.001523
-0.001612
-0.001648
-0.001667
-0.001624
-0.001552
-0.001480
-0.001392
-0.001298
-0.001195
-0.001097
-0.000983
-0.000849
-0.000696
-0.000625
-0.000594
-0.000602
-0.000626
-0.000689
-0.000781
-0.000855
-0.000934
-0.000859
-0.000852
-0.000945
-0.001025
-0.001021
-0.001040
-0.001103
-0.001126
-0.001070
-0.001076
-0.000975
-0.000838
-0.000786
-0.000665
-0.000602
-0.000636
-0.000782
-0.001080
-0.001365
-0.001669
-0.002024
-0.002318
-0.002538
-0.002622
-0.002658
-0.002733
-0.002659
-0.002392
-0.002139
-0.001617
-0.001077
-0.000441
0.000093
0.000653
0.001162
0.001480
0.001622
0.001671
0.001682
0.001559
0.001310
0.001018
0.000676
0.000214
-0.000210
-0.000644
-0.001084
-0.001485
-0.001783
-0.002017
-0.002251
-0.002326
-0.002196
-0.001982
-0.001675
-0.001261
-0.000863
-0.000436
-0.000068
0.000493
0.001072
0.001684
0.002289
0.002967
0.003522
0.003903
0.004123
0.004223
0.004217
0.004090
0.003832
0.003255
0.002596
0.001640
0.000767
-0.000074
-0.001119
-0.002009
-0.003051
-0.004086
-0.004965
-0.005463
-0.005903
-0.006007
-0.005799
-0.005418
-0.004996
-0.004117
-0.003048
-0.001977
-0.000944
0.000352
0.001424
0.002585
0.003795
0.004906
0.005836
0.006446
0.006724
0.006555
0.006338
0.006250
0.006106
0.005876
0.005589
0.005221
0.004273
0.003231
0.001929
0.000588
-0.000526
-0.001913
-0.002944
-0.004058
-0.004950
-0.005840
-0.006983
-0.007871
-0.008450
-0.008940
-0.009105
-0.009043
-0.008999
-0.008585
-0.008159
-0.007489
-0.006516
-0.005694
-0.004566
-0.003281
-0.001526
-0.000174
0.001381
0.002756
0.004199
0.005672
0.006954
0.008063
0.008660
0.008803
0.008758
0.008700
0.007793
0.006095
0.004124
0.002225
0.000251
-0.001819
-0.003908
-0.005548
-0.006863
-0.007994
-0.008365
-0.008346
-0.008047
-0.008048
-0.007896
-0.007251
-0.006832
-0.006233
-0.005448
-0.004373
-0.003220
-0.002314
-0.001844
-0.001375
-0.000656
-0.000301
-0.000098
0.000684
0.001039
0.001581
0.001823
0.002195
0.002570
0.003303
0.004478
0.005488
0.006129
0.006836
0.007183
0.007707
0.007430
0.007007
0.006739
0.006281
0.006019
0.005207
0.003810
0.002557
0.001332
0.000135
-0.000978
-0.002984
-0.005454
-0.007950
-0.009783
-0.010850
-0.011194
-0.010968
-0.010447
-0.009891
-0.009697
-0.009615
-0.009190
-0.008876
-0.008571
-0.007419
-0.005846
-0.003553
-0.000603
0.002657
0.005763
0.008845
0.011228
0.012936
0.013806
0.013437
0.012341
0.010752
0.008937
0.006392
0.003552
0.000431
-0.002688
-0.005718
-0.009373
-0.013197
-0.016502
-0.019219
-0.021434
-0.023781
-0.025129
-0.026345
-0.026026
-0.025106
-0.022592
-0.019351
-0.015210
-0.010667
-0.006510
-0.002283
0.001395
0.004512
0.007034
0.009109
0.010062
0.011037
0.011445
0.011224
0.010261
0.008930
0.007607
0.005874
0.004214
0.003001
0.001630
0.000558
-0.000167
-0.000142
0.000510
0.000978
0.000427
0.000170
0.000191
-0.000149
0.000142
0.000632
0.000023
-0.000094
-0.000372
-0.000344
-0.000012
-0.000001
0.000467
0.001365
0.001723
0.002365
0.002526
0.002273
0.002227
0.002039
0.001638
0.001197
0.000421
0.000533
0.000556
0.000721
0.001456
0.001325
0.001075
0.000848
0.000596
0.000429
0.000595
0.000940
-0.000558
-0.001131
-0.001723
-0.002850
-0.004578
-0.005883
-0.006956
-0.007266
-0.007294
-0.007950
-0.007900
-0.007924
-0.007241
-0.006805
-0.007237
-0.006710
-0.006686
-0.005617
-0.004391
-0.002385
-0.000112
0.001851
0.002909
0.003500
0.003625
0.002744
0.001494
-0.000266
-0.001964
-0.004081
-0.005793
-0.007845
-0.009903
-0.012179
-0.012894
-0.013156
-0.013519
-0.013311
-0.014202
-0.013561
-0.012983
-0.012584
-0.012757
-0.012926
-0.011737
-0.010619
-0.009424
-0.008882
-0.007930
-0.007502
-0.007000
-0.006174
-0.005185
-0.002409
0.000768
0.004589
0.008741
0.013593
0.017605
0.022720
0.026895
0.029356
0.029399
0.027930
0.024979
0.021976
0.018763
0.014691
0.010680
0.008039
0.005673
0.003273
0.000254
-0.001934
-0.005978
-0.009916
-0.014110
-0.018524
-0.023743
-0.028182
-0.030637
-0.033951
-0.035339
-0.035349
-0.034239
-0.032117
-0.028502
-0.025030
-0.019097
-0.011719
-0.002945
0.005324
0.013386
0.020899
0.027913
0.034167
0.039074
0.042088
0.043111
0.042829
0.041404
0.038540
0.034381
0.029820
0.023869
0.017250
0.010877
0.005430
0.000060
-0.004702
-0.008317
-0.011007
-0.012609
-0.011343
-0.007748
-0.004314
-0.001755
0.001928
0.004083
0.006156
0.006836
0.008933
0.009265
0.009099
0.008209
0.007858
0.007404
0.005461
0.004319
0.002176
0.000591
-0.000484
-0.000823
-0.000728
0.000422
0.002413
0.003609
0.004137
0.004104
0.003216
0.002191
0.002777
0.003699
0.002731
0.001343
0.001117
-0.000356
-0.002559
-0.004735
-0.006162
-0.007866
-0.008360
-0.008107
-0.007479
-0.007162
-0.007586
-0.008783
-0.008750
-0.006592
-0.005451
-0.006338
-0.006602
-0.008249
-0.009104
-0.010095
-0.012193
-0.011480
-0.009870
-0.006645
-0.002007
0.000080
0.002407
0.004535
0.004650
0.004939
0.005530
0.006834
0.009409
0.011543
0.013742
0.014742
0.017372
0.021163
0.022177
0.023504
0.024678
0.025424
0.027732
0.029890
0.031405
0.032491
0.031799
0.030775
0.028064
0.024151
0.021140
0.015543
0.008995
0.001399
-0.005377
-0.012133
-0.017977
-0.025994
-0.031962
-0.035491
-0.038872
-0.042918
-0.044171
-0.040667
-0.036041
-0.030276
-0.023640
-0.016179
-0.008194
-0.000097
0.007720
0.012369
0.017550
0.022991
0.028884
0.032912
0.035931
0.038556
0.038532
0.036260
0.032200
0.026194
0.020206
0.016894
0.010691
0.003613
-0.004687
-0.013900
-0.022424
-0.029669
-0.038595
-0.045395
-0.052824
-0.058248
-0.065906
-0.069789
-0.068327
-0.066422
-0.062132
-0.056632
-0.050441
-0.042104
-0.030886
-0.019533
-0.008831
0.003241
0.015401
0.019671
0.023121
0.025931
0.030590
0.033780
0.035358
0.036011
0.033678
0.030543
0.028442
0.025271
0.019802
0.015011
0.009810
0.008081
0.004819
0.001396
-0.001882
-0.008107
-0.011764
-0.013850
-0.013783
-0.015133
-0.016498
-0.018036
-0.015365
-0.013660
-0.011196
-0.008383
-0.004232
-0.001316
0.002608
0.009553
0.017352
0.024454
0.034352
0.044145
0.055096
0.060495
0.063839
0.063981
0.062761
0.059292
0.055299
0.050485
0.043315
0.034949
0.026857
0.019543
0.011799
0.006577
0.002463
-0.003980
-0.012405
-0.019133
-0.024306
-0.025298
-0.024828
-0.024527
-0.022757
-0.020333
-0.018487
-0.011867
-0.004594
0.003273
0.013579
0.020155
0.028073
0.034877
0.039867
0.039282
0.034948
0.026787
0.020443
0.011108
0.005555
0.001380
-0.001379
-0.005933
-0.006800
-0.008542
-0.009687
-0.007940
-0.005176
0.001354
0.006311
0.012156
0.015157
0.016397
0.018561
0.020208
0.024059
0.021963
0.019539
0.015118
0.012153
0.005031
0.000095
-0.006684
-0.012878
-0.017765
-0.022341
-0.025004
-0.027653
-0.028811
-0.028351
-0.024134
-0.018322
-0.011396
-0.005272
0.001014
0.005881
0.011188
0.016875
0.021135
0.024735
0.027583
0.027682
0.024569
0.023312
0.017993
0.015392
0.013582
0.011927
0.012457
0.009384
0.009484
0.007186
0.005188
0.003306
0.005575
0.007193
0.009474
0.009873
0.012555
0.011347
0.009838
0.010222
0.012394
0.014447
0.017814
0.022341
0.024953
0.028130
0.034765
0.035414
0.035249
0.034019
0.036093
0.036935
0.038712
0.041186
0.042064
0.044240
0.046880
0.053405
0.053650
0.050413
0.044775
0.036262
0.028172
0.019232
0.008832
-0.000189
-0.011114
-0.021201
-0.027579
-0.036639
-0.041595
-0.045112
-0.045247
-0.042724
-0.037642
-0.034365
-0.030069
-0.023936
-0.016579
-0.009875
-0.001717
0.010350
0.016807
0.026966
0.034358
0.038087
0.042071
0.053149
0.061516
0.063954
0.071481
0.071420
0.070113
0.064820
0.057147
0.051136
0.043626
0.041088
0.033255
0.020937
0.011157
-0.003089
-0.016713
-0.026049
-0.031523
-0.043076
-0.056728
-0.070240
-0.079696
-0.084630
-0.087456
-0.085841
-0.083646
-0.079313
-0.071838
-0.065058
-0.058418
-0.048532
-0.033583
-0.016285
-0.003136
0.003650
0.009932
0.010372
0.011196
0.013833
0.016535
0.019031
0.025455
0.024656
0.028455
0.031956
0.036370
0.045708
0.054015
0.060140
0.065478
0.068646
0.071666
0.070766
0.068132
0.063074
0.056709
0.047856
0.040527
0.032485
0.024339
0.018616
0.015592
0.014386
0.005807
-0.006369
-0.013915
-0.014795
-0.008365
0.000156
0.007846
0.013417
0.020317
0.025592
0.026616
0.026847
0.021257
0.015360
0.014372
0.010899
0.009505
0.008900
0.007185
0.008281
0.009518
0.007826
0.006967
-0.002260
-0.012810
-0.019993
-0.026511
-0.027896
-0.026751
-0.025626
-0.034157
-0.044457
-0.050150
-0.053865
-0.053442
-0.051550
-0.046090
-0.039734
-0.033403
-0.031184
-0.019179
-0.003732
0.012532
0.026138
0.044336
0.056205
0.064444
0.069289
0.074859
0.082829
0.080554
0.076881
0.071873
0.064700
0.052270
0.036620
0.017431
-0.003417
-0.018012
-0.037031
-0.057770
-0.072437
-0.085049
-0.098040
-0.112361
-0.124670
-0.134840
-0.142966
-0.141220
-0.131123
-0.122867
-0.113078
-0.102904
-0.087156
-0.074802
-0.063578
-0.045641
-0.022130
-0.002807
0.019969
0.041077
0.054117
0.068892
0.094367
0.105846
0.105027
0.098986
0.086999
0.074066
0.053273
0.034214
0.025125
0.014457
0.004474
-0.005730
-0.016079
-0.031081
-0.040469
-0.055113
-0.075501
-0.094508
-0.109225
-0.119511
-0.127987
-0.131759
-0.132267
-0.131657
-0.121717
-0.109213
-0.094419
-0.082317
-0.062511
-0.044160
-0.023015
0.002105
0.026231
0.046024
0.074690
0.100428
0.123848
0.137238
0.153591
0.168334
0.179112
0.184812
0.182244
0.172502
0.155997
0.134717
0.107549
0.077742
0.041338
0.010271
-0.015906
-0.043116
-0.075348
-0.103546
-0.128381
-0.142247
-0.150757
-0.150235
-0.140544
-0.130487
-0.104748
-0.074011
-0.045277
-0.020685
0.011525
0.041652
0.072739
0.096881
0.111738
0.129945
0.151494
0.169800
0.175375
0.171433
0.154867
0.129381
0.092734
0.061902
0.026913
-0.007035
-0.040653
-0.064905
-0.089694
-0.114462
-0.133485
-0.152912
-0.166883
-0.170880
-0.166260
-0.159220
-0.150205
-0.124866
-0.095683
-0.069585
-0.052642
-0.031103
-0.012318
0.013495
0.037161
0.064042
0.091611
0.119000
0.135192
0.144438
0.158634
0.166648
0.170719
0.161606
0.151286
0.140699
0.120836
0.097425
0.072537
0.050641
0.023135
0.005812
-0.009903
-0.031945
-0.056020
-0.076107
-0.102333
-0.133703
-0.148498
-0.155600
-0.162480
-0.168455
-0.156075
-0.141065
-0.131464
-0.123900
-0.114566
-0.106819
-0.099231
-0.102754
-0.122323
-0.138556
-0.142421
-0.143009
-0.142045
-0.138783
-0.128452
-0.117588
-0.100995
-0.075103
-0.053600
-0.031306
-0.015356
-0.010660
-0.004273
0.001784
0.012322
0.015795
0.011841
0.015792
0.017994
0.028264
0.046547
0.069154
0.089080
0.107864
0.124361
0.135086
0.141163
0.137765
0.131786
0.129408
0.123668
0.108227
0.089555
0.062647
0.030762
-0.008908
-0.052505
-0.087154
-0.114679
-0.138176
-0.151986
-0.170424
-0.198125
-0.218304
-0.225328
-0.235369
-0.241299
-0.248634
-0.250222
-0.240695
-0.230281
-0.208537
-0.181913
-0.147377
-0.112780
-0.071664
-0.035003
0.014271
0.059328
0.101859
0.147152
0.185001
0.221978
0.243683
0.254617
0.257587
0.254217
0.243535
0.225218
0.204990
0.176845
0.146133
0.116149
0.070925
0.015691
-0.028953
-0.067085
-0.100553
-0.132875
-0.149584
-0.163130
-0.173877
-0.190413
-0.204507
-0.215920
-0.226846
-0.237899
-0.248625
-0.253015
-0.244846
-0.223958
-0.201687
-0.168807
-0.139336
-0.106775
-0.068768
-0.034482
0.001675
0.040270
0.079301
0.116443
0.158531
0.191554
0.217637
0.235002
0.241811
0.253043
0.262877
0.277029
0.288426
0.294256
0.296185
0.285158
0.253744
0.213751
0.175072
0.135633
0.097206
0.050573
0.014713
-0.011516
-0.032805
-0.061627
-0.084450
-0.116556
-0.141092
-0.157005
-0.167165
-0.174175
-0.190401
-0.195764
-0.191360
-0.173146
-0.146906
-0.108404
-0.063723
-0.018486
0.025135
0.059914
0.100166
0.126541
0.156661
0.188458
0.210087
0.232629
0.240813
0.236836
0.237938
0.238464
0.222587
0.193777
0.161771
0.118185
0.070211
0.034893
0.002546
-0.020823
-0.039036
-0.061079
-0.075766
-0.082068
-0.085015
-0.087674
-0.086245
-0.094045
-0.104325
-0.115338
-0.126210
-0.136608
-0.142291
-0.140940
-0.132867
-0.123018
-0.114839
-0.095151
-0.067730
-0.048819
-0.038587
-0.029703
-0.018024
-0.004720
0.019243
0.036151
0.054967
0.066085
0.073312
0.084436
0.104365
0.125518
0.146143
0.165557
0.186767
0.202381
0.220033
0.239572
0.243521
0.239506
0.227055
0.203675
0.178199
0.145120
0.096306
0.051219
0.010445
-0.031493
-0.067658
-0.089598
-0.107764
-0.127191
-0.142775
-0.167509
-0.183693
-0.185828
-0.182989
-0.170642
-0.153280
-0.124727
-0.096445
-0.074707
-0.047630
-0.019844
0.003310
0.027131
0.055742
0.083295
0.102867
0.113798
0.127060
0.131322
0.130256
0.118585
0.099961
0.091013
0.083731
0.075277
0.065531
0.055628
0.041248
0.026981
0.010002
-0.009553
-0.035725
-0.066931
-0.100568
-0.131275
-0.167959
-0.199422
-0.221072
-0.245934
-0.258739
-0.267389
-0.260416
-0.238070
-0.217684
-0.196413
-0.174643
-0.150641
-0.121847
-0.100212
-0.081060
-0.059161
-0.039149
-0.016156
0.007083
0.032769
0.058122
0.079035
0.092966
0.091667
0.084331
0.075510
0.065365
0.048604
0.032456
0.014402
-0.010443
-0.033069
-0.062901
-0.091265
-0.121585
-0.140317
-0.147904
-0.141299
-0.134136
-0.121374
-0.108807
-0.084959
-0.057114
-0.028753
0.004369
0.031526
0.057148
0.083409
0.110021
0.135174
0.153277
0.164292
0.167054
0.162859
0.148069
0.135361
0.116492
0.104313
0.089938
0.075842
0.058717
0.045457
0.033795
0.022526
0.013911
0.001561
-0.016470
-0.019494
-0.017600
-0.007129
-0.002321
-0.003531
0.001871
0.007055
0.009668
0.018348
0.021388
0.023699
0.027428
0.023043
0.012500
-0.001464
-0.021612
-0.037957
-0.047122
-0.053275
-0.050804
-0.052895
-0.051577
-0.052276
-0.050122
-0.044216
-0.034562
-0.025252
-0.020083
-0.015736
-0.008302
-0.002682
0.006674
0.018100
0.027016
0.028737
0.040178
0.044891
0.045938
0.046735
0.041741
0.036915
0.027309
0.015076
0.011657
0.006372
0.002198
0.003425
0.004908
0.003671
0.000143
-0.001502
-0.011319
-0.015367
-0.020518
-0.020102
-0.024235
-0.028085
-0.038166
-0.045441
-0.055423
-0.064117
-0.069244
-0.074423
-0.074206
-0.070688
-0.069030
-0.062461
-0.054702
-0.047090
-0.038738
-0.033035
-0.025704
-0.017599
-0.006397
0.001911
0.010170
0.025643
0.043840
0.057313
0.063876
0.071858
0.080568
0.091388
0.101372
0.108443
0.110286
0.108563
0.100408
0.097184
0.087915
0.077655
0.068821
0.063279
0.055810
0.046299
0.040326
0.029460
0.010923
-0.012010
-0.036750
-0.056479
-0.074373
-0.093515
-0.101795
-0.109888
-0.110671
-0.105834
-0.101338
-0.095729
-0.088430
-0.088142
-0.081083
-0.071782
-0.064611
-0.055069
-0.051157
-0.043862
-0.032396
-0.023736
-0.022254
-0.018050
-0.013844
-0.014407
-0.012425
-0.010710
-0.005925
0.003909
0.012242
0.018616
0.027239
0.039674
0.051286
0.060234
0.072882
0.091114
0.103989
0.114924
0.117278
0.115750
0.114963
0.110325
0.099433
0.088797
0.084539
0.083213
0.076298
0.064518
0.052718
0.040608
0.027106
0.013695
-0.001342
-0.014750
-0.029435
-0.041309
-0.054740
-0.064501
-0.073848
-0.077118
-0.079040
-0.076076
-0.071487
-0.066216
-0.055865
-0.042678
-0.029629
-0.015801
-0.002429
0.008665
0.024840
0.033520
0.044897
0.051917
0.060748
0.062750
0.058791
0.057691
0.051795
0.041095
0.034807
0.022052
0.007966
-0.005681
-0.014657
-0.023918
-0.033044
-0.039133
-0.049849
-0.064801
-0.077324
-0.083621
-0.091496
-0.094084
-0.094421
-0.094732
-0.089681
-0.083757
-0.078598
-0.074579
-0.067634
-0.059267
-0.049316
-0.038745
-0.029806
-0.019825
-0.007327
0.007177
0.020292
0.028950
0.033279
0.034056
0.032748
0.029985
0.025752
0.019872
0.013720
0.009281
0.002214
0.002573
-0.001923
-0.009317
-0.014028
-0.023039
-0.033251
-0.045598
-0.055171
-0.067586
-0.080554
-0.082325
-0.083282
-0.080114
-0.075477
-0.071278
-0.062910
-0.056217
-0.045600
-0.039098
-0.030071
-0.017663
-0.010973
-0.004532
-0.003343
0.001910
0.001794
-0.000487
-0.002265
-0.003108
-0.002477
0.002150
0.006522
0.010441
0.010113
0.003758
0.000419
-0.004393
-0.012710
-0.019883
-0.030585
-0.041294
-0.047710
-0.048159
-0.043840
-0.035511
-0.023497
-0.011624
0.004067
0.020633
0.037870
0.052605
0.069635
0.085595
0.095434
0.103746
0.111022
0.116144
0.115577
0.116641
0.112536
0.102410
0.092307
0.085053
0.075123
0.068771
0.058309
0.044210
0.026358
0.010119
-0.006562
-0.021820
-0.036805
-0.047734
-0.056478
-0.061959
-0.064992
-0.070923
-0.074569
-0.074859
-0.074170
-0.070286
-0.060459
-0.050636
-0.041487
-0.036100
-0.028401
-0.015980
-0.003098
0.010576
0.024034
0.041666
0.061308
0.076102
0.089926
0.101773
0.111203
0.123209
0.130949
0.137211
0.135097
0.126061
0.116488
0.105410
0.091451
0.071409
0.048477
0.023596
-0.006655
-0.031965
-0.050223
-0.070192
-0.085690
-0.098670
-0.107602
-0.113728
-0.119387
-0.119831
-0.113670
-0.103516
-0.088093
-0.070928
-0.053841
-0.039178
-0.022931
-0.003419
0.014991
0.033715
0.046198
0.059504
0.071613
0.079163
0.088101
0.094684
0.099326
0.101280
0.099713
0.098931
0.095597
0.092355
0.085961
0.080996
0.074369
0.070424
0.065800
0.063452
0.058559
0.055934
0.057188
0.056483
0.058154
0.063862
0.062841
0.062248
0.062440
0.063437
0.058477
0.053371
0.045799
0.033869
0.017151
-0.000483
-0.015031
-0.028735
-0.041142
-0.054863
-0.071523
-0.085626
-0.099228
-0.110768
-0.115724
-0.120573
-0.122357
-0.121347
-0.117966
-0.110899
-0.099875
-0.091955
-0.085359
-0.075369
-0.062877
-0.050989
-0.038703
-0.027705
-0.015376
-0.003942
0.005481
0.014171
0.022557
0.031299
0.038741
0.046434
0.049338
0.052833
0.054818
0.052923
0.048525
0.041199
0.036555
0.030929
0.024998
0.021331
0.020226
0.016979
0.014222
0.013145
0.012023
0.011235
0.013648
0.015593
0.018264
0.021640
0.025272
0.029284
0.030177
0.029522
0.029596
0.028512
0.025063
0.017659
0.008118
-0.004109
-0.018698
-0.034072
-0.050095
-0.064712
-0.074942
-0.086163
-0.094279
-0.101152
-0.101664
-0.099050
-0.092439
-0.083895
-0.076425
-0.067472
-0.058272
-0.049409
-0.039638
-0.027837
-0.011272
0.003911
0.020018
0.035799
0.050900
0.061707
0.072139
0.081899
0.091432
0.103747
0.111977
0.117524
0.119597
0.116465
0.108388
0.098058
0.085027
0.069405
0.050255
0.033285
0.013616
-0.004501
-0.018304
-0.030700
-0.042310
-0.051448
-0.060673
-0.068097
-0.073522
-0.077839
-0.078039
-0.077506
-0.076715
-0.071642
-0.059472
-0.045913
-0.029251
-0.016582
-0.004039
0.004052
0.011234
0.017540
0.023421
0.031529
0.035234
0.042318
0.044241
0.048114
0.049653
0.053283
0.059787
0.066092
0.068870
0.073706
0.075537
0.075515
0.072729
0.068482
0.060048
0.051715
0.043776
0.033484
0.021210
0.007782
-0.006003
-0.020206
-0.036416
-0.048661
-0.058839
-0.068714
-0.076873
-0.080356
-0.082319
-0.079213
-0.075655
-0.070947
-0.064540
-0.057643
-0.049688
-0.040677
-0.031124
-0.024283
-0.015532
-0.004908
0.009070
0.021853
0.032864
0.041614
0.048786
0.054804
0.061527
0.066059
0.070446
0.072818
0.071401
0.070299
0.066065
0.061854
0.056189
0.048093
0.038943
0.030207
0.021962
0.012663
0.002464
-0.007917
-0.018573
-0.030393
-0.042239
-0.054052
-0.062462
-0.068824
-0.073670
-0.078348
-0.083224
-0.086056
-0.087549
-0.086324
-0.083247
-0.075813
-0.067563
-0.058153
-0.049116
-0.037633
-0.026037
-0.014175
-0.000745
0.009540
0.016357
0.023006
0.030232
0.038416
0.047240
0.057151
0.065537
0.071065
0.075194
0.076928
0.076661
0.074429
0.070066
0.064944
0.058408
0.051513
0.043304
0.034765
0.026466
0.018131
0.005600
-0.008425
-0.022547
-0.034873
-0.044264
-0.052885
-0.059440
-0.062795
-0.064129
-0.064899
-0.063833
-0.060697
-0.056040
-0.047509
-0.041000
-0.034789
-0.026900
-0.018182
-0.009922
-0.002949
0.001858
0.006854
0.012720
0.019269
0.025828
0.030078
0.033127
0.034141
0.034393
0.034467
0.032730
0.030461
0.027671
0.023441
0.018576
0.014229
0.010584
0.007471
0.002736
-0.002277
-0.006498
-0.010502
-0.012641
-0.013524
-0.015294
-0.017587
-0.017911
-0.016887
-0.015228
-0.012661
-0.010641
-0.008874
-0.006560
-0.001135
0.002783
0.007506
0.011794
0.014625
0.015019
0.015172
0.015072
0.013886
0.011668
0.010962
0.010094
0.009317
0.007324
0.005603
0.002640
-0.000532
-0.002831
-0.005799
-0.007733
-0.010554
-0.012347
-0.012722
-0.011455
-0.011020
-0.009840
-0.006483
-0.005400
-0.003497
-0.000799
0.003543
0.010762
0.017659
0.025173
0.028865
0.032811
0.035720
0.037752
0.036249
0.034645
0.030380
0.024299
0.018028
0.009949
0.003270
-0.002880
-0.008546
-0.014292
-0.018715
-0.024024
-0.027562
-0.029919
-0.032732
-0.034339
-0.035968
-0.035701
-0.034138
-0.030194
-0.025267
-0.018638
-0.013917
-0.006565
0.001425
0.009027
0.015179
0.020606
0.025963
0.029838
0.032890
0.034591
0.034999
0.035374
0.034466
0.033936
0.033571
0.031561
0.028128
0.023989
0.021713
0.019480
0.017843
0.016907
0.016171
0.014834
0.014600
0.013942
0.013250
0.011646
0.008577
0.006657
0.003096
-0.000191
-0.002762
-0.005714
-0.008768
-0.011208
-0.014269
-0.014291
-0.015140
-0.016139
-0.017152
-0.018755
-0.020118
-0.021319
-0.022906
-0.024598
-0.026502
-0.026874
-0.025621
-0.024318
-0.022362
-0.019059
-0.014911
-0.008428
-0.002586
0.000853
0.004002
0.008431
0.011106
0.012855
0.012967
0.010990
0.008488
0.006138
0.003724
0.003324
0.003199
0.003093
0.003238
0.002317
0.000088
-0.001472
-0.002307
-0.002626
-0.002671
-0.003450
-0.004092
-0.005321
-0.007213
-0.009134
-0.012366
-0.013616
-0.015286
-0.014766
-0.012379
-0.009907
-0.008237
-0.006422
-0.003097
0.001789
0.007056
0.011616
0.016158
0.020341
0.023320
0.025127
0.026524
0.025034
0.021367
0.015964
0.009917
0.003448
-0.003238
-0.008295
-0.012479
-0.016427
-0.020328
-0.023287
-0.025987
-0.027483
-0.027564
-0.025440
-0.020770
-0.015208
-0.008430
-0.002204
0.003910
0.009906
0.014950
0.019004
0.022462
0.025597
0.028388
0.031465
0.033726
0.034997
0.035521
0.033989
0.031867
0.028401
0.024339
0.018965
0.012550
0.005861
-0.001027
-0.008403
-0.015697
-0.022293
-0.029131
-0.035466
-0.040664
-0.045982
-0.048728
-0.050172
-0.049817
-0.047325
-0.043440
-0.037389
-0.029996
-0.021891
-0.013590
-0.004632
0.004810
0.014041
0.022176
0.030466
0.038741
0.045913
0.052247
0.056307
0.059966
0.061403
0.060427
0.057872
0.053449
0.047163
0.040041
0.033507
0.027288
0.020735
0.014533
0.009398
0.004747
0.000126
-0.003953
-0.007487
-0.011192
-0.013937
-0.017074
-0.019616
-0.021207
-0.020980
-0.020497
-0.019525
-0.018585
-0.017338
-0.015977
-0.015206
-0.014010
-0.012807
-0.011065
-0.008826
-0.006454
-0.004064
-0.002520
-0.001056
0.001344
0.003677
0.005734
0.007287
0.009329
0.010139
0.010819
0.011541
0.010954
0.009762
0.008891
0.006210
0.003033
0.000321
-0.002916
-0.006975
-0.009827
-0.011251
-0.011994
-0.012649
-0.012170
-0.010151
-0.007997
-0.006380
-0.005237
-0.003813
-0.001650
-0.000793
-0.000712
-0.000127
0.000034
-0.000105
-0.000090
0.000191
0.000351
0.000184
0.000736
0.000817
0.001423
0.002176
0.002785
0.003165
0.004433
0.005789
0.007612
0.010195
0.011910
0.013845
0.016034
0.017039
0.018746
0.019490
0.019332
0.020308
0.019697
0.017330
0.014488
0.011103
0.007116
0.003330
0.000188
-0.003651
-0.007306
-0.011576
-0.014855
-0.017632
-0.020347
-0.022680
-0.024769
-0.026369
-0.027635
-0.027688
-0.027159
-0.026794
-0.026848
-0.028128
-0.029979
-0.031069
-0.032019
-0.032364
-0.032317
-0.030607
-0.028697
-0.026528
-0.023444
-0.019929
-0.016562
-0.013899
-0.011572
-0.009233
-0.006866
-0.004218
-0.002550
-0.002708
-0.002315
-0.001719
-0.000824
-0.000384
0.002273
0.004565
0.007169
0.010333
0.012140
0.012842
0.013607
0.012645
0.011731
0.010385
0.008106
0.005834
0.003173
0.000194
-0.002626
-0.005558
-0.007830
-0.009232
-0.010102
-0.010010
-0.009913
-0.008847
-0.008077
-0.005859
-0.003604
-0.001675
0.001219
0.003790
0.004813
0.005453
0.005979
0.006995
0.007157
0.007017
0.006142
0.004193
0.001936
-0.000114
-0.002275
-0.004122
-0.006626
-0.009257
-0.011325
-0.012361
-0.012750
-0.012686
-0.011416
-0.010522
-0.009752
-0.009443
-0.009223
-0.009228
-0.008842
-0.008573
-0.008131
-0.006877
-0.005357
-0.004223
-0.003397
-0.002948
-0.002257
-0.001385
-0.000532
0.000953
0.002720
0.004433
0.006424
0.007385
0.007995
0.007949
0.007337
0.006093
0.004474
0.003307
0.001692
0.000623
-0.000232
-0.000780
-0.001653
-0.002519
-0.004014
-0.005227
-0.006763
-0.008634
-0.010810
-0.011972
-0.011914
-0.012162
-0.011227
-0.009809
-0.008070
-0.005637
-0.003377
-0.001098
0.000427
0.002419
0.004578
0.006489
0.009186
0.012245
0.015055
0.016741
0.018382
0.019833
0.020342
0.019762
0.019984
0.019487
0.017294
0.014680
0.010902
0.006495
0.002364
-0.001069
-0.005015
-0.009175
-0.013138
-0.016341
-0.019287
-0.021192
-0.022577
-0.024018
-0.024349
-0.023417
-0.022010
-0.019903
-0.017704
-0.014944
-0.011725
-0.008876
-0.006584
-0.004869
-0.003771
-0.002194
0.000066
0.001766
0.002731
0.003875
0.005348
0.006791
0.007996
0.008893
0.008996
0.008816
0.008313
0.007090
0.005802
0.003723
0.002006
0.000059
-0.002253
-0.003609
-0.004252
-0.004125
-0.004137
-0.003713
-0.003437
-0.003140
-0.002710
-0.002274
-0.001788
-0.001299
-0.000458
0.000387
0.001375
0.001951
0.001680
0.000550
-0.000357
-0.000827
-0.000616
-0.000786
-0.000489
0.000091
0.000012
0.000072
0.000581
0.001185
0.001441
0.001989
0.002680
0.002879
0.003507
0.004329
0.004993
0.005534
0.006346
0.007541
0.007897
0.006944
0.006170
0.005274
0.003767
0.002767
0.001785
0.001057
-0.000358
-0.002139
-0.003822
-0.005263
-0.006438
-0.007890
-0.009131
-0.010149
-0.010650
-0.010911
-0.011395
-0.011396
-0.011899
-0.012529
-0.012923
-0.012717
-0.013010
-0.013173
-0.014043
-0.014312
-0.014225
-0.013675
-0.012852
-0.011771
-0.010374
-0.009128
-0.007492
-0.006190
-0.004729
-0.003092
-0.001548
0.000665
0.002501
0.004257
0.006217
0.008694
0.011338
0.014255
0.016352
0.017664
0.018083
0.018597
0.018805
0.019579
0.020134
0.020411
0.020143
0.019415
0.018145
0.016244
0.013375
0.009902
0.006408
0.003174
0.000448
-0.002372
-0.005102
-0.007329
-0.010228
-0.012527
-0.014716
-0.016472
-0.017288
-0.017548
-0.017499
-0.016912
-0.016467
-0.015585
-0.014623
-0.013313
-0.011923
-0.010354
-0.008483
-0.006142
-0.003702
-0.000786
0.001814
0.004498
0.006667
0.008884
0.010762
0.012264
0.013830
0.015728
0.017824
0.019164
0.020216
0.020491
0.019380
0.017575
0.014975
0.012050
0.009001
0.005829
0.002936
0.000811
-0.000947
-0.002346
-0.003548
-0.004003
-0.004082
-0.004301
-0.004621
-0.005193
-0.005968
-0.006687
-0.007036
-0.006913
-0.006293
-0.005591
-0.004553
-0.003599
-0.002150
-0.001342
-0.000660
-0.000481
-0.000350
0.000046
0.000516
0.001353
0.001785
0.001655
0.001737
0.002014
0.001621
0.000981
0.000492
0.000047
-0.000238
-0.000897
-0.001571
-0.001664
-0.000989
-0.000180
0.001152
0.001706
0.002312
0.002561
0.002574
0.002388
0.002230
0.002508
0.002447
0.002238
0.002161
0.002000
0.001385
0.000363
-0.000646
-0.001409
-0.001822
-0.001806
-0.001817
-0.001763
-0.001215
-0.000885
-0.000512
0.000150
0.000115
-0.000251
-0.000396
-0.001041
-0.001911
-0.003117
-0.003683
-0.004477
-0.005287
-0.006647
-0.008044
-0.009394
-0.010940
-0.011820
-0.012399
-0.012859
-0.013128
-0.013119
-0.012661
-0.011965
-0.010552
-0.009178
-0.007852
-0.005955
-0.003971
-0.001747
0.000214
0.002213
0.004046
0.006378
0.008138
0.009983
0.011710
0.012522
0.013109
0.013399
0.013595
0.013559
0.012522
0.011585
0.010388
0.008694
0.006609
0.004900
0.003298
0.001471
-0.000191
-0.001395
-0.002667
-0.003642
-0.003926
-0.004340
-0.004600
-0.004597
-0.004097
-0.003647
-0.003272
-0.002811
-0.002430
-0.002112
-0.001642
-0.001327
-0.001087
-0.000351
0.000301
0.001000
0.001563
0.002189
0.002370
0.002214
0.002082
0.001484
0.000891
0.000443
-0.000246
-0.000996
-0.001699
-0.002117
-0.002725
-0.003062
-0.003122
-0.002838
-0.002747
-0.003037
-0.002957
-0.002509
-0.001958
-0.001053
0.000119
0.001465
0.002998
0.004921
0.006793
0.008691
0.010398
0.011373
0.011962
0.011860
0.011335
0.010582
0.009794
0.008617
0.006849
0.004867
0.003023
0.001309
-0.000377
-0.001798
-0.003239
-0.004043
-0.004569
-0.005097
-0.005542
-0.005446
-0.005767
-0.005877
-0.005825
-0.005110
-0.004372
-0.003894
-0.003324
-0.003080
-0.002792
-0.002462
-0.001876
-0.000964
-0.000205
0.000248
0.001087
0.002129
0.003325
0.004539
0.005265
0.005959
0.006369
0.006585
0.006604
0.006635
0.006192
0.005563
0.004557
0.003496
0.002606
0.001853
0.001306
0.000733
0.000481
0.000614
0.001070
0.001907
0.002535
0.002751
0.002453
0.002162
0.001612
0.001171
0.001279
0.001372
0.001056
0.001000
0.000847
0.000814
0.000308
-0.000317
-0.000846
-0.001192
-0.001676
-0.002172
-0.002467
-0.002620
-0.002450
-0.002586
-0.002609
-0.002343
-0.002337
-0.002201
-0.001824
-0.001584
-0.001396
-0.001311
-0.001294
-0.001547
-0.001586
-0.001326
-0.001084
-0.001115
-0.000574
-0.000081
0.000819
0.001725
0.002562
0.003238
0.003524
0.003859
0.004412
0.004999
0.005546
0.006439
0.007171
0.007495
0.007373
0.007128
0.006967
0.006695
0.006392
0.006177
0.005427
0.004447
0.003489
0.002652
0.001738
0.000941
-0.000087
-0.001084
-0.002276
-0.003361
-0.004542
-0.005339
-0.005964
-0.006226
-0.006131
-0.006355
-0.006194
-0.006021
-0.005738
-0.005470
-0.005150
-0.004518
-0.003521
-0.002695
-0.001893
-0.001254
-0.000635
0.000145
0.001089
0.002073
0.002917
0.003545
0.003764
0.003950
0.004250
0.003937
0.003152
0.002502
0.002091
0.001897
0.001861
0.001367
0.000444
-0.000823
-0.001698
-0.002857
-0.003928
-0.004883
-0.005569
-0.006410
-0.007029
-0.007461
-0.007908
-0.008197
-0.008105
-0.007796
-0.007415
-0.006850
-0.006093
-0.005329
-0.004276
-0.003229
-0.002204
-0.001155
0.000011
0.001354
0.002520
0.003503
0.004763
0.005813
0.006665
0.007275
0.007291
0.007168
0.006915
0.006329
0.005632
0.004924
0.004159
0.003365
0.002334
0.001372
0.000071
-0.001452
-0.002934
-0.004305
-0.005555
-0.006785
-0.007692
-0.008389
-0.008586
-0.008418
-0.007844
-0.006811
-0.005999
-0.004966
-0.003871
-0.002561
-0.001446
-0.000528
0.000592
0.001541
0.002452
0.003343
0.004311
0.005003
0.005674
0.006239
0.006778
0.006961
0.006676
0.005899
0.005223
0.004483
0.003799
0.003013
0.002351
0.001782
0.001189
0.000605
0.000183
-0.000052
-0.000118
-0.000227
-0.000403
-0.000586
-0.000718
-0.000892
-0.000931
-0.000917
-0.000660
-0.000655
-0.000654
-0.000640
-0.000495
-0.000463
-0.000369
-0.000131
0.000019
0.000055
-0.000108
-0.000564
-0.000771
-0.000811
-0.000794
-0.000658
-0.000617
-0.000277
-0.000026
0.000020
0.000356
0.000476
0.000518
0.000426
0.000457
0.000572
0.001045
0.001454
0.001634
0.001725
0.002304
0.002937
0.003281
0.003432
0.003543
0.003560
0.003492
0.003436
0.003178
0.002743
0.002443
0.002237
0.002205
0.001811
0.001414
0.000860
0.000405
-0.000166
-0.000883
-0.001335
-0.001810
-0.002280
-0.002649
-0.002855
-0.002806
-0.002888
-0.003071
-0.003129
-0.003502
-0.003810
-0.003893
-0.004063
-0.004200
-0.004231
-0.004159
-0.004113
-0.003874
-0.003267
-0.002952
-0.002591
-0.002290
-0.001737
-0.001064
-0.000381
0.000340
0.000869
0.001218
0.001577
0.001905
0.002403
0.002858
0.003071
0.003280
0.003476
0.003523
0.003713
0.003751
0.003502
0.003222
0.002972
0.002694
0.002206
0.001576
0.000935
0.000282
-0.000539
-0.001503
-0.002614
-0.003615
-0.004648
-0.005578
-0.006157
-0.006714
-0.007216
-0.007518
-0.007623
-0.007509
-0.007203
-0.006797
-0.006204
-0.005375
-0.004163
-0.002854
-0.001514
-0.000290
0.000737
0.001852
0.002781
0.003747
0.004474
0.005074
0.005618
0.005936
0.006319
0.006582
0.006847
0.006921
0.006596
0.006164
0.005517
0.004568
0.003440
0.002365
0.001365
0.000372
-0.000728
-0.001628
-0.002486
-0.003510
-0.004413
-0.004966
-0.005491
-0.005852
-0.005908
-0.005794
-0.005518
-0.005279
-0.004790
-0.004210
-0.003564
-0.003039
-0.002423
-0.001700
-0.001025
-0.000240
0.000378
0.000967
0.001371
0.001771
0.002160
0.002597
0.002951
0.003289
0.003602
0.003837
0.004037
0.004088
0.003816
0.003523
0.003193
0.002651
0.002270
0.002003
0.001646
0.001087
0.000551
-0.000222
-0.001021
-0.001368
-0.001888
-0.002277
-0.002443
-0.002533
-0.002651
-0.002605
-0.002461
-0.002161
-0.001763
-0.001528
-0.001311
-0.001132
-0.000658
-0.000353
0.000103
0.000551
0.001147
0.001712
0.002181
0.002480
0.002772
0.002949
0.002973
0.002816
0.002613
0.002174
0.001751
0.001259
0.000538
-0.000107
-0.000829
-0.001384
-0.001821
-0.002246
-0.002616
-0.002865
-0.003225
-0.003555
-0.003744
-0.003868
-0.003947
-0.003867
-0.003441
-0.002972
-0.002561
-0.002142
-0.001649
-0.001165
-0.000846
-0.000644
-0.000358
0.000185
0.000859
0.001414
0.001959
0.002276
0.002565
0.002539
0.002536
0.002408
0.002184
0.002034
0.001778
0.001286
0.000945
0.000638
0.000087
-0.000521
-0.001248
-0.002094
-0.002920
-0.003749
-0.004446
-0.004861
-0.005123
-0.005281
-0.005380
-0.005543
-0.005528
-0.005584
-0.005550
-0.005289
-0.005007
-0.004615
-0.004060
-0.003410
-0.002586
-0.001563
-0.000270
0.001000
0.002217
0.003353
0.004215
0.004804
0.005085
0.005251
0.005195
0.004929
0.004608
0.004186
0.003770
0.003280
0.002892
0.002540
0.002150
0.001540
0.000771
-0.000116
-0.000894
-0.001498
-0.002116
-0.002613
-0.003102
-0.003585
-0.003725
-0.003900
-0.004075
-0.004156
-0.004248
-0.004314
-0.004177
-0.003741
-0.003212
-0.002687
-0.002178
-0.001649
-0.000990
-0.000325
0.000422
0.001094
0.001763
0.002388
0.002940
0.003361
0.003554
0.003541
0.003330
0.003030
0.002704
0.002466
0.002015
0.001442
0.000808
0.000322
-0.000116
-0.000386
-0.000553
-0.000773
-0.001177
-0.001736
-0.002160
-0.002346
-0.002444
-0.002504
-0.002513
-0.002482
-0.002413
-0.002338
-0.002094
-0.001869
-0.001574
-0.001273
-0.000864
-0.000448
0.000002
0.000458
0.000824
0.001118
0.001400
0.001693
0.001939
0.002201
0.002376
0.002439
0.002342
0.002226
0.001912
0.001586
0.001349
0.001038
0.000721
0.000353
0.000098
0.000031
-0.000058
-0.000140
-0.000178
-0.000119
-0.000141
-0.000124
-0.000002
0.000170
0.000373
0.000633
0.000825
0.001041
0.001240
0.001379
0.001292
0.001177
0.001028
0.000864
0.000620
0.000355
0.000064
-0.000089
-0.000250
-0.000304
-0.000329
-0.000362
-0.000432
-0.000358
-0.000382
-0.000354
-0.000389
-0.000308
-0.000309
-0.000347
-0.000349
-0.000316
-0.000277
-0.000251
-0.000304
-0.000311
-0.000277
-0.000201
-0.000003
0.000274
0.000499
0.000726
0.000899
0.001153
0.001333
0.001520
0.001678
0.001746
0.001715
0.001627
0.001561
0.001411
0.001263
0.001145
0.000954
0.000593
0.000312
-0.000018
-0.000482
-0.000915
-0.001253
-0.001658
-0.001977
-0.002217
-0.002441
-0.002553
-0.002675
-0.002809
-0.002965
-0.002994
-0.002995
-0.002969
-0.002806
-0.002587
-0.002257
-0.001830
-0.001462
-0.001038
-0.000638
-0.000272
0.000065
0.000427
0.000763
0.001049
0.001195
0.001306
0.001461
0.001577
0.001754
0.001807
0.001891
0.001949
0.001939
0.001963
0.002005
0.002033
0.002110
0.002171
0.002200
0.002244
0.002226
0.002147
0.001972
0.001781
0.001584
0.001381
0.001327
0.001273
0.001155
0.001108
0.000883
0.000668
0.000405
0.000170
-0.000041
-0.000195
-0.000396
-0.000660
-0.000917
-0.001112
-0.001270
-0.001399
-0.001601
-0.001752
-0.001896
-0.002009
-0.001931
-0.001732
-0.001443
-0.001177
-0.000883
-0.000591
-0.000300
-0.000039
0.000180
0.000349
0.000437
0.000457
0.000547
0.000531
0.000602
0.000558
0.000646
0.000795
0.000943
0.001105
0.001132
0.001130
0.001069
0.001047
0.001037
0.001034
0.001064
0.000993
0.000802
0.000600
0.000495
0.000412
0.000276
0.000173
0.000017
-0.000166
-0.000258
-0.000253
-0.000175
-0.000133
-0.000100
-0.000130
-0.000089
0.000013
0.000075
0.000198
0.000324
0.000423
0.000524
0.000686
0.000838
0.000964
0.001181
0.001280
0.001378
0.001376
0.001343
0.001177
0.000963
0.000777
0.000589
0.000416
0.000238
-0.000066
-0.000240
-0.000393
-0.000509
-0.000672
-0.000750
-0.000758
-0.000747
-0.000740
-0.000749
-0.000758
-0.000795
-0.000785
-0.000722
-0.000624
-0.000527
-0.000369
-0.000169
-0.000019
0.000055
0.000065
0.000095
0.000069
0.000072
0.000114
0.000257
0.000492
0.000761
0.000971
0.001043
0.001066
0.001089
0.001108
0.001098
0.001074
0.001034
0.000923
0.000740
0.000506
0.000230
-0.000032
-0.000167
-0.000347
-0.000615
-0.000898
-0.001184
-0.001347
-0.001415
-0.001443
-0.001469
-0.001512
-0.001421
-0.001275
-0.001168
-0.001086
-0.001036
-0.000871
-0.000742
-0.000549
-0.000354
-0.000198
-0.000036
0.000053
0.000108
0.000167
0.000240
0.000337
0.000455
0.000597
0.000753
0.000859
0.000949
0.000988
0.000964
0.000942
0.000859
0.000745
0.000717
0.000604
0.000391
0.000187
-0.000022
-0.000212
-0.000377
-0.000576
-0.000734
-0.000928
-0.001019
-0.001133
-0.001204
-0.001237
-0.001237
-0.001193
-0.001132
-0.000909
-0.000678
-0.000474
-0.000336
-0.000230
-0.000126
0.000037
0.000092
0.000199
0.000358
0.000480
0.000654
0.000785
0.000869
0.000971
0.001062
0.001137
0.001307
0.001489
0.001690
0.001874
0.002013
0.002142
0.002176
0.002149
0.002115
0.002055
0.001988
0.001878
0.001754
0.001652
0.001619
0.001606
0.001547
0.001374
0.001145
0.000910
0.000622
0.000327
0.000009
-0.000207
-0.000435
-0.000639
-0.000832
-0.001029
-0.001165
-0.001296
-0.001327
-0.001374
-0.001381
-0.001401
-0.001374
-0.001285
-0.001147
-0.000940
-0.000681
-0.000405
-0.000150
0.000129
0.000433
0.000677
0.000893
0.001054
0.001199
0.001299
0.001355
0.001307
0.001157
0.001005
0.000800
0.000659
0.000532
0.000386
0.000289
0.000243
0.000128
0.000009
-0.000085
-0.000164
-0.000187
-0.000166
-0.000077
0.000010
0.000114
0.000193
0.000241
0.000322
0.000381
0.000382
0.000371
0.000376
0.000352
0.000349
0.000311
0.000253
0.000171
0.000100
0.000035
0.000001
0.000007
0.000020
0.000012
-0.000055
-0.000145
-0.000143
-0.000149
-0.000155
-0.000129
-0.000084
-0.000051
-0.000037
-0.000047
-0.000058
-0.000110
-0.000121
-0.000150
-0.000183
-0.000227
-0.000263
-0.000345
-0.000415
-0.000434
-0.000474
-0.000498
-0.000480
-0.000448
-0.000418
-0.000400
-0.000338
-0.000238
-0.000102
0.000053
0.000212
0.000400
0.000584
0.000760
0.000897
0.001055
0.001243
0.001367
0.001384
0.001369
0.001319
0.001210
0.001069
0.000936
0.000757
0.000576
0.000380
0.000134
-0.000064
-0.000264
-0.000472
-0.000639
-0.000769
-0.000907
-0.001022
-0.001077
-0.001100
-0.001094
-0.001076
-0.001010
-0.000900
-0.000712
-0.000474
-0.000259
-0.000066
0.000158
0.000363
0.000600
0.000806
0.000970
0.001082
0.001172
0.001195
0.001194
0.001174
0.001108
0.001039
0.000909
0.000755
0.000585
0.000364
0.000119
-0.000143
-0.000388
-0.000575
-0.000670
-0.000687
-0.000654
-0.000594
-0.000517
-0.000448
-0.000354
-0.000243
-0.000111
0.000068
0.000247
0.000447
0.000636
0.000834
0.001004
0.001142
0.001222
0.001303
0.001350
0.001320
0.001242
0.001142
0.001005
0.000900
0.000742
0.000607
0.000525
0.000502
0.000500
0.000425
0.000333
0.000216
0.000071
-0.000130
-0.000321
-0.000521
-0.000683
-0.000821
-0.000949
-0.001063
-0.001195
-0.001270
-0.001331
-0.001317
-0.001302
-0.001261
-0.001183
-0.001088
-0.000982
-0.000853
-0.000731
-0.000631
-0.000527
-0.000391
-0.000198
-0.000016
0.000164
0.000337
0.000497
0.000653
0.000820
0.001001
0.001137
0.001228
0.001293
0.001340
0.001336
0.001310
0.001249
0.001145
0.001007
0.000829
0.000587
0.000331
0.000071
-0.000212
-0.000477
-0.000734
-0.000941
-0.001098
-0.001165
-0.001188
-0.001186
-0.001144
-0.001089
-0.001033
-0.000929
-0.000783
-0.000661
-0.000540
-0.000427
-0.000264
-0.000089
0.000075
0.000240
0.000433
0.000604
0.000753
0.000831
0.000902
0.000996
0.001072
0.001207
0.001324
0.001417
0.001500
0.001557
0.001550
0.001508
0.001439
0.001375
0.001290
0.001226
0.001108
0.000945
0.000776
0.000580
0.000381
0.000200
0.000030
-0.000144
-0.000330
-0.000511
-0.000660
-0.000822
-0.000925
-0.000991
-0.001037
-0.001063
-0.001101
-0.001069
-0.001013
-0.000935
-0.000838
-0.000723
-0.000588
-0.000435
-0.000305
-0.000173
-0.000089
-0.000008
0.000063
0.000127
0.000186
0.000223
0.000241
0.000246
0.000238
0.000207
0.000208
0.000206
0.000190
0.000202
0.000183
0.000127
0.000121
0.000084
0.000022
-0.000063
-0.000145
-0.000234
-0.000284
-0.000311
-0.000361
-0.000413
-0.000491
-0.000539
-0.000603
-0.000652
-0.000723
-0.000793
-0.000858
-0.000908
-0.000888
-0.000804
-0.000679
-0.000511
-0.000297
-0.000081
0.000138
0.000341
0.000531
0.000725
0.000902
0.001011
0.001046
0.001036
0.001044
0.001029
0.000980
0.000943
0.000894
0.000824
0.000760
0.000664
0.000537
0.000397
0.000233
0.000081
-0.000058
-0.000164
-0.000272
-0.000347
-0.000409
-0.000467
-0.000504
-0.000501
-0.000479
-0.000484
-0.000467
-0.000457
-0.000428
-0.000390
-0.000368
-0.000315
-0.000251
-0.000190
-0.000152
-0.000075
-0.000005
0.000062
0.000127
0.000186
0.000262
0.000334
0.000395
0.000440
0.000474
0.000463
0.000445
0.000413
0.000392
0.000389
0.000371
0.000346
0.000306
0.000263
0.000220
0.000160
0.000083
-0.000012
-0.000094
-0.000171
-0.000245
-0.000332
-0.000387
-0.000453
-0.000490
-0.000490
-0.000504
-0.000511
-0.000523
-0.000517
-0.000476
-0.000434
-0.000389
-0.000359
-0.000353
-0.000344
-0.000318
-0.000284
-0.000245
-0.000192
-0.000137
-0.000072
-0.000011
0.000044
0.000107
0.000136
0.000160
0.000161
0.000192
0.000226
0.000267
0.000269
0.000247
0.000218
0.000188
0.000138
0.000081
0.000053
0.000022
-0.000039
-0.000125
-0.000197
-0.000281
-0.000399
-0.000498
-0.000585
-0.000653
-0.000696
-0.000706
-0.000682
-0.000649
-0.000613
-0.000568
-0.000518
-0.000476
-0.000423
-0.000345
-0.000264
-0.000185
-0.000102
-0.000028
0.000025
0.000088
0.000127
0.000183
0.000243
0.000300
0.000339
0.000347
0.000339
0.000321
0.000281
0.000200
0.000098
0.000022
-0.000072
-0.000173
-0.000239
-0.000287
-0.000325
-0.000361
-0.000384
-0.000419
-0.000438
-0.000438
-0.000434
-0.000419
-0.000386
-0.000352
-0.000307
-0.000283
-0.000239
-0.000193
-0.000145
-0.000094
-0.000051
0.000003
0.000024
0.000051
0.000066
0.000082
0.000080
0.000079
0.000082
0.000098
0.000099
0.000088
0.000081
0.000057
0.000050
0.000099
0.000146
0.000211
0.000274
0.000338
0.000395
0.000424
0.000415
0.000402
0.000377
0.000376
0.000371
0.000356
0.000351
0.000352
0.000351
0.000339
0.000315
0.000284
0.000274
0.000254
0.000234
0.000188
0.000141
0.000086
0.000042
0.000024
0.000020
0.000025
0.000025
0.000023
0.000018
0.000003
-0.000000
-0.000001
-0.000016
-0.000027
-0.000022
-0.000022
0.000004
0.000005
0.000001
-0.000016
-0.000029
-0.000065
-0.000108
-0.000149
-0.000199
-0.000244
-0.000284
-0.000300
-0.000285
-0.000271
-0.000237
-0.000202
-0.000179
-0.000154
-0.000156
-0.000174
-0.000207
-0.000228
-0.000237
-0.000233
-0.000194
-0.000160
-0.000116
-0.000062
0.000004
0.000037
0.000072
0.000079
0.000071
0.000058
0.000042
0.000043
0.000057
0.000066
0.000056
0.000039
0.000024
0.000007
0.000005
-0.000009
-0.000021
-0.000027
-0.000023
-0.000027
0.000006
0.000046
0.000101
0.000138
0.000168
0.000179
0.000181
0.000173
0.000187
0.000163
0.000142
0.000137
0.000153
0.000139
0.000115
0.000088
0.000054
0.000028
-0.000014
-0.000049
-0.000096
-0.000142
-0.000182
-0.000210
-0.000229
-0.000246
-0.000269
-0.000292
-0.000303
-0.000312
-0.000334
-0.000362
-0.000383
-0.000403
-0.000434
-0.000459
-0.000480
-0.000499
-0.000500
-0.000494
-0.000480
-0.000473
-0.000447
-0.000416
-0.000389
-0.000356
-0.000304
-0.000239
-0.000163
-0.000075
0.000013
0.000088
0.000150
0.000196
0.000225
0.000239
0.000235
0.000225
0.000210
0.000191
0.000157
0.000118
0.000067
0.000021
-0.000012
-0.000046
-0.000063
-0.000088
-0.000111
-0.000102
-0.000078
-0.000062
-0.000046
-0.000042
-0.000041
-0.000014
-0.000007
-0.000009
0.000002
0.000015
0.000030
0.000037
0.000037
0.000022
-0.000007
-0.000043
-0.000084
-0.000114
-0.000153
-0.000196
-0.000231
-0.000257
-0.000270
-0.000274
-0.000266
-0.000251
-0.000227
-0.000213
-0.000180
-0.000142
-0.000097
-0.000054
-0.000017
0.000041
0.000098
0.000147
0.000164
0.000180
0.000191
0.000192
0.000183
0.000162
0.000127
0.000101
0.000070
0.000042
0.000013
0.000001
-0.000007
-0.000007
-0.000012
-0.000013
-0.000015
-0.000020
-0.000039
-0.000046
-0.000060
-0.000068
-0.000078
-0.000098
-0.000112
-0.000128
-0.000165
-0.000192
-0.000210
-0.000221
-0.000234
-0.000249
-0.000246
-0.000249
-0.000263
-0.000249
-0.000236
-0.000218
-0.000198
-0.000181
-0.000160
-0.000118
-0.000072
-0.000018
0.000030
0.000087
0.000130
0.000182
0.000225
0.000255
0.000279
0.000298
0.000319
0.000317
0.000302
0.000274
0.000253
0.000236
0.000201
0.000163
0.000129
0.000103
0.000078
0.000071
0.000053
0.000016
-0.000016
-0.000046
-0.000087
-0.000125
-0.000167
-0.000197
-0.000216
-0.000243
-0.000262
-0.000278
-0.000295
-0.000296
-0.000285
-0.000268
-0.000249
-0.000229
-0.000217
-0.000210
-0.000194
-0.000165
-0.000142
-0.000130
-0.000118
-0.000111
-0.000097
-0.000075
-0.000041
-0.000006
0.000024
0.000056
0.000109
0.000138
0.000170
0.000191
0.000194
0.000196
0.000211
0.000214
0.000207
0.000194
0.000172
0.000145
0.000131
0.000128
0.000119
0.000095
0.000080
0.000074
0.000079
0.000063
0.000028
-0.000014
-0.000055
-0.000097
-0.000138
-0.000168
-0.000198
-0.000228
-0.000245
-0.000257
-0.000270
-0.000277
-0.000281
-0.000275
-0.000273
-0.000254
-0.000235
-0.000213
-0.000183
-0.000147
-0.000103
-0.000073
-0.000049
-0.000027
-0.000001
0.000012
0.000029
0.000051
0.000062
0.000078
0.000101
0.000130
0.000152
0.000151
0.000149
0.000139
0.000128
0.000110
0.000086
0.000062
0.000033
0.000001
-0.000031
-0.000066
-0.000108
-0.000145
-0.000179
-0.000204
-0.000230
-0.000254
-0.000276
-0.000295
-0.000314
-0.000318
-0.000314
-0.000296
-0.000271
-0.000235
-0.000202
-0.000174
-0.000142
-0.000105
-0.000049
0.000014
0.000081
0.000145
0.000199
0.000246
0.000277
0.000307
0.000326
0.000340
0.000359
0.000372
0.000373
0.000356
0.000331
0.000304
0.000272
0.000240
0.000197
0.000156
0.000113
0.000071
0.000026
-0.000022
-0.000075
-0.000121
-0.000168
-0.000214
-0.000256
-0.000275
-0.000289
-0.000291
-0.000283
-0.000267
-0.000253
-0.000231
-0.000188
-0.000150
-0.000119
-0.000086
-0.000066
-0.000035
0.000003
0.000040
0.000080
0.000110
0.000130
0.000139
0.000135
0.000126
0.000125
0.000117
0.000104
0.000088
0.000068
0.000042
0.000017
-0.000003
-0.000016
-0.000020
-0.000026
-0.000019
-0.000013
-0.000006
-0.000003
0.000005
0.000019
0.000030
0.000034
0.000042
0.000049
0.000051
0.000050
0.000043
0.000027
0.000012
0.000005
-0.000008
-0.000012
-0.000009
-0.000013
-0.000028
-0.000040
-0.000050
-0.000062
-0.000077
-0.000087
-0.000094
-0.000094
-0.000089
-0.000083
-0.000071
-0.000047
-0.000025
-0.000019
-0.000013
-0.000002
-0.000007
-0.000012
-0.000027
-0.000055
-0.000072
-0.000088
-0.000100
-0.000109
-0.000119
-0.000127
-0.000139
-0.000137
-0.000127
-0.000111
-0.000096
-0.000081
-0.000072
-0.000059
-0.000046
-0.000035
-0.000025
-0.000015
-0.000010
-0.000016
-0.000017
-0.000007
0.000012
0.000036
0.000055
0.000071
0.000076
0.000075
0.000070
0.000055
0.000042
0.000027
0.000009
-0.000011
-0.000019
-0.000014
-0.000002
0.000002
0.000005
0.000020
0.000028
0.000035
0.000044
0.000048
0.000047
0.000048
0.000046
0.000047
0.000041
0.000028
0.000007
-0.000015
-0.000035
-0.000052
-0.000063
-0.000068
-0.000083
-0.000094
-0.000101
-0.000105
-0.000098
-0.000090
-0.000083
-0.000076
-0.000066
-0.000052
-0.000033
-0.000027
-0.000022
-0.000020
-0.000024
-0.000022
-0.000021
-0.000018
-0.000012
-0.000017
-0.000017
-0.000020
-0.000023
-0.000032
-0.000036
-0.000032
-0.000033
-0.000033
-0.000029
-0.000032
-0.000037
-0.000027
-0.000023
-0.000014
-0.000013
-0.000022
-0.000033
-0.000035
-0.000039
-0.000046
-0.000054
-0.000054
-0.000060
-0.000061
-0.000062
-0.000055
-0.000045
-0.000034
-0.000023
-0.000018
-0.000015
-0.000000
0.000009
0.000015
0.000024
0.000031
0.000036
0.000038
0.000040
0.000044
0.000056
0.000066
0.000076
0.000081
0.000082
0.000085
0.000084
0.000077
0.000073
0.000071
0.000067
0.000063
0.000065
0.000067
0.000071
0.000066
0.000059
0.000054
0.000054
0.000061
0.000070
0.000075
0.000076
0.000068
0.000050
0.000035
0.000018
0.000009
-0.000001
-0.000010
-0.000022
-0.000034
-0.000046
-0.000063
-0.000077
-0.000090
-0.000104
-0.000114
-0.000119
-0.000119
-0.000119
-0.000117
-0.000110
-0.000107
-0.000095
-0.000084
-0.000070
-0.000057
-0.000042
-0.000026
-0.000012
0.000001
0.000016
0.000027
0.000043
0.000054
0.000067
0.000080
0.000097
0.000107
0.000118
0.000129
0.000136
0.000144
0.000149
0.000148
0.000143
0.000137
0.000136
0.000129
0.000119
0.000111
0.000097
0.000078
0.000066
0.000045
0.000034
0.000023
0.000012
-0.000000
-0.000008
-0.000015
-0.000019
-0.000027
-0.000034
-0.000040
-0.000037
-0.000028
-0.000016
-0.000006
-0.000002
0.000006
0.000009
0.000013
0.000020
0.000026
0.000027
0.000025
0.000025
0.000022
0.000023
0.000026
0.000027
0.000030
0.000033
0.000035
0.000032
0.000030
0.000031
0.000030
0.000030
0.000033
0.000029
0.000022
0.000013
0.000005
-0.000005
-0.000016
-0.000033
-0.000040
-0.000044
-0.000048
-0.000046
-0.000046
-0.000049
-0.000050
-0.000049
-0.000048
-0.000046
-0.000040
-0.000037
-0.000034
-0.000033
-0.000025
-0.000022
-0.000015
-0.000012
-0.000013
-0.000012
-0.000015
-0.000021
-0.000027
-0.000032
-0.000038
-0.000042
-0.000049
-0.000053
-0.000054
-0.000052
-0.000045
-0.000039
-0.000029
-0.000014
-0.000001
0.000009
0.000013
0.000014
0.000014
0.000014
0.000015
0.000027
0.000038
0.000047
0.000055
0.000063
0.000074
0.000085
0.000101
0.000114
0.000122
0.000121
0.000114
0.000104
0.000089
0.000073
0.000058
0.000047
0.000033
0.000016
0.000004
-0.000011
-0.000026
-0.000045
-0.000062
-0.000073
-0.000084
-0.000093
-0.000093
-0.000095
-0.000088
-0.000084
-0.000074
-0.000059
-0.000044
-0.000029
-0.000011
0.000005
0.000021
0.000034
0.000037
0.000045
0.000056
0.000068
0.000074
0.000078
0.000082
0.000085
0.000085
0.000083
0.000074
0.000061
0.000046
0.000034
0.000023
0.000014
0.000003
-0.000010
-0.000022
-0.000037
-0.000054
-0.000068
-0.000077
-0.000079
-0.000082
-0.000078
-0.000075
-0.000076
-0.000077
-0.000079
-0.000085
-0.000088
-0.000091
-0.000093
-0.000096
-0.000093
-0.000086
-0.000078
-0.000064
-0.000047
-0.000030
-0.000013
0.000008
0.000030
0.000051
0.000071
0.000085
0.000101
0.000117
0.000129
0.000136
0.000135
0.000137
0.000135
0.000126
0.000114
0.000097
0.000077
0.000051
0.000025
0.000004
-0.000019
-0.000040
-0.000057
-0.000071
-0.000081
-0.000090
-0.000093
-0.000089
-0.000079
-0.000066
-0.000050
-0.000037
-0.000026
-0.000017
-0.000007
0.000003
0.000018
0.000033
0.000052
0.000073
0.000095
0.000113
0.000131
0.000142
0.000144
0.000139
0.000130
0.000121
0.000108
0.000095
0.000077
0.000060
0.000043
0.000019
-0.000004
-0.000024
-0.000042
-0.000059
-0.000078
-0.000093
-0.000106
-0.000120
-0.000129
-0.000132
-0.000134
-0.000133
-0.000128
-0.000117
-0.000106
-0.000089
-0.000078
-0.000067
-0.000056
-0.000043
-0.000030
-0.000019
-0.000006
0.000004
0.000013
0.000021
0.000028
0.000027
0.000027
0.000025
0.000025
0.000024
0.000022
0.000016
0.000013
0.000006
-0.000001
-0.000008
-0.000014
-0.000020
-0.000032
-0.000043
-0.000048
-0.000056
-0.000063
-0.000065
-0.000062
-0.000061
-0.000055
-0.000049
-0.000042
-0.000033
-0.000027
-0.000020
-0.000014
-0.000011
-0.000003
0.000005
0.000012
0.000019
0.000027
0.000031
0.000041
0.000049
0.000055
0.000062
0.000064
0.000065
0.000068
0.000068
0.000069
0.000069
0.000066
0.000059
0.000053
0.000045
0.000040
0.000035
0.000028
0.000023
0.000022
0.000017
0.000017
0.000016
0.000014
0.000009
0.000004
-0.000001
-0.000006
-0.000012
-0.000018
-0.000022
-0.000026
-0.000029
-0.000033
-0.000033
-0.000030
-0.000027
-0.000022
-0.000022
-0.000015
-0.000011
-0.000003
0.000004
0.000008
0.000012
0.000012
0.000013
0.000011
0.000007
0.000000
-0.000006
-0.000008
-0.000007
-0.000004
-0.000001
0.000000
0.000008
0.000014
0.000021
0.000026
0.000029
0.000028
0.000029
0.000027
0.000028
0.000028
0.000024
0.000020
0.000013
0.000006
-0.000003
-0.000012
-0.000021
-0.000030
-0.000035
-0.000037
-0.000034
-0.000028
-0.000019
-0.000011
-0.000001
0.000011
0.000021
0.000031
0.000037
0.000045
0.000050
0.000054
0.000054
0.000051
0.000045
0.000039
0.000031
0.000028
0.000023
0.000022
0.000020
0.000017
0.000012
0.000004
-0.000003
-0.000013
-0.000021
-0.000028
-0.000033
-0.000035
-0.000039
-0.000041
-0.000042
-0.000041
-0.000040
-0.000040
-0.000041
-0.000042
-0.000038
-0.000034
-0.000029
-0.000024
-0.000020
-0.000016
-0.000014
-0.000010
-0.000009
-0.000006
-0.000006
-0.000004
-0.000004
-0.000004
-0.000007
-0.000009
-0.000010
-0.000013
-0.000015
-0.000016
-0.000018
-0.000018
-0.000018
-0.000016
-0.000014
-0.000009
-0.000001
0.000007
0.000013
0.000019
0.000022
0.000028
0.000033
0.000036
0.000039
0.000043
0.000047
0.000048
0.000048
0.000049
0.000046
0.000047
0.000043
0.000036
0.000026
0.000016
0.000005
-0.000006
-0.000018
-0.000029
-0.000042
-0.000053
-0.000063
-0.000070
-0.000074
-0.000074
-0.000072
-0.000069
-0.000060
-0.000048
-0.000031
-0.000020
-0.000008
0.000004
0.000017
0.000030
0.000043
0.000053
0.000064
0.000075
0.000084
0.000092
0.000097
0.000100
0.000100
0.000097
0.000090
0.000078
0.000065
0.000054
0.000042
0.000031
0.000020
0.000009
-0.000004
-0.000020
-0.000035
-0.000045
-0.000054
-0.000058
-0.000061
-0.000061
-0.000061
-0.000059
-0.000058
-0.000055
-0.000053
-0.000050
-0.000047
-0.000042
-0.000037
-0.000029
-0.000022
-0.000016
-0.000011
-0.000005
0.000002
0.000010
0.000013
0.000015
0.000015
0.000014
0.000010
0.000007
0.000004
0.000000
-0.000001
-0.000002
-0.000002
0.000000
0.000003
0.000008
0.000015
0.000019
0.000023
0.000026
0.000031
0.000036
0.000040
0.000044
0.000045
0.000044
0.000042
0.000039
0.000034
0.000030
0.000024
0.000019
0.000018
0.000015
0.000012
0.000009
0.000008
0.000006
0.000004
0.000001
-0.000003
-0.000006
-0.000005
-0.000005
-0.000005
-0.000004
-0.000004
-0.000003
-0.000002
-0.000000
0.000000
0.000000
0.000004
0.000008
0.000012
0.000015
0.000019
0.000022
0.000025
0.000028
0.000031
0.000033
0.000035
0.000038
0.000041
0.000042
0.000042
0.000040
0.000040
0.000041
0.000043
0.000043
0.000042
0.000041
0.000040
0.000039
0.000038
0.000036
0.000033
0.000030
0.000026
0.000024
0.000023
0.000023
0.000022
0.000022
0.000024
0.000023
0.000019
0.000018
0.000017
0.000015
0.000011
0.000008
0.000004
-0.000001
-0.000005
-0.000008
-0.000010
-0.000011
-0.000010
-0.000009
-0.000011
-0.000013
-0.000014
-0.000014
-0.000016
-0.000017
-0.000015
-0.000013
-0.000010
-0.000006
-0.000004
-0.000002
-0.000001
0.000001
0.000002
0.000005
0.000008
0.000010
0.000013
0.000015
0.000018
0.000022
0.000023
0.000024
0.000024
0.000026
0.000029
0.000031
0.000032
0.000036
0.000040
0.000044
0.000047
0.000048
0.000047
0.000046
0.000043
0.000040
0.000034
0.000026
0.000020
0.000013
0.000007
0.000002
-0.000005
-0.000011
-0.000016
-0.000018
-0.000020
-0.000022
-0.000025
-0.000028
-0.000030
-0.000030
-0.000029
-0.000027
-0.000023
-0.000018
-0.000016
-0.000013
-0.000008
-0.000004
0.000001
0.000006
0.000011
0.000015
0.000018
0.000021
0.000022
0.000023
0.000021
0.000019
0.000017
0.000015
0.000014
0.000014
0.000014
0.000013
0.000013
0.000012
0.000011
0.000010
0.000008
0.000006
0.000003
-0.000001
-0.000005
-0.000009
-0.000013
-0.000016
-0.000018
-0.000019
-0.000020
-0.000020
-0.000019
-0.000017
-0.000016
-0.000015
-0.000015
-0.000015
-0.000014
-0.000013
-0.000011
-0.000009
-0.000007
-0.000004
-0.000004
-0.000002
-0.000001
0.000005
0.000010
0.000013
0.000016
0.000020
0.000024
0.000028
0.000031
0.000032
0.000030
0.000028
0.000024
