0.000008
0.000008
0.000008
0.000008
0.000008
0.000008
0.000008
0.000008
0.000008
0.000008
0.000008
0.000008
0.000008
0.000008
0.000008
0.000008
0.000008
0.000008
0.000008
0.000008
0.000008
0.000008
0.000008
0.000008
0.000008
0.000008
0.000008
0.000008
0.000008
0.000008
0.000008
0.000008
0.000008
0.000008
0.000008
0.000008
0.000008
0.000008
0.000008
0.000008
0.000008
0.000008
0.000008
0.000008
0.000008
0.000008
0.000008
0.000008
0.000008
0.000008
0.000008
0.000008
0.000008
0.000008
0.000008
0.000008
0.000008
0.000008
0.000008
0.000008
0.000008
0.000008
0.000008
0.000008
0.000008
0.000008
0.000008
0.000008
0.000008
0.000008
0.000008
0.000008
0.000008
0.000008
0.000008
0.000008
0.000008
0.000008
0.000008
0.000008
0.000008
0.000008
0.000008
0.000008
0.000008
0.000007
0.000007
0.000007
0.000007
0.000007
0.000007
0.000007
0.000007
0.000007
0.000007
0.000007
0.000007
0.000007
0.000007
0.000007
0.000007
0.000007
0.000007
0.000007
0.000007
0.000007
0.000007
0.000007
0.000007
0.000007
0.000007
0.000007
0.000007
0.000007
0.000007
0.000007
0.000007
0.000007
0.000007
0.000007
0.000007
0.000007
0.000007
0.000007
0.000007
0.000007
0.000007
0.000007
0.000007
0.000007
0.000007
0.000007
0.000007
0.000007
0.000007
0.000007
0.000007
0.000007
0.000007
0.000007
0.000007
0.000007
0.000007
0.000007
0.000007
0.000007
0.000007
0.000007
0.000007
0.000007
0.000007
0.000007
0.000006
0.000006
0.000006
0.000006
0.000006
0.000006
0.000006
0.000006
0.000006
0.000006
0.000006
0.000006
0.000006
0.000006
0.000006
0.000006
0.000006
0.000006
0.000006
0.000006
0.000006
0.000006
0.000006
0.000006
0.000006
0.000006
0.000006
0.000006
0.000006
0.000006
0.000006
0.000006
0.000006
0.000006
0.000006
0.000006
0.000006
0.000006
0.000006
0.000006
0.000006
0.000006
0.000006
0.000006
0.000006
0.000005
0.000005
0.000005
0.000005
0.000005
0.000005
0.000005
0.000005
0.000005
0.000005
0.000005
0.000005
0.000005
0.000005
0.000005
0.000005
0.000005
0.000005
0.000005
0.000005
0.000005
0.000005
0.000005
0.000005
0.000005
0.000005
0.000005
0.000005
0.000005
0.000005
0.000005
0.000005
0.000005
0.000005
0.000005
0.000005
0.000004
0.000004
0.000004
0.000004
0.000004
0.000004
0.000004
0.000004
0.000004
0.000004
0.000004
0.000004
0.000004
0.000004
0.000004
0.000004
0.000004
0.000004
0.000004
0.000004
0.000004
0.000004
0.000004
0.000004
0.000004
0.000004
0.000004
0.000004
0.000004
0.000004
0.000004
0.000004
0.000003
0.000003
0.000003
0.000003
0.000003
0.000003
0.000003
0.000003
0.000003
0.000003
0.000003
0.000003
0.000003
0.000003
0.000003
0.000003
0.000003
0.000003
0.000003
0.000003
0.000003
0.000003
0.000003
0.000003
0.000003
0.000003
0.000003
0.000002
0.000002
0.000002
0.000002
0.000002
0.000002
0.000002
0.000002
0.000002
0.000002
0.000002
0.000002
0.000002
0.000002
0.000002
0.000002
0.000002
0.000002
0.000002
0.000002
0.000002
0.000002
0.000002
0.000002
0.000002
0.000002
0.000001
0.000001
0.000001
0.000001
0.000001
0.000001
0.000001
0.000001
0.000001
0.000001
0.000001
0.000001
0.000001
0.000001
0.000001
0.000001
0.000001
0.000001
0.000001
0.000001
0.000001
0.000001
0.000001
0.000000
0.000000
0.000000
0.000000
0.000000
0.000000
0.000000
0.000000
0.000000
0.000000
0.000000
-0.000000
-0.000000
-0.000000
-0.000000
-0.000000
-0.000000
-0.000000
-0.000000
-0.000000
-0.000000
-0.000000
-0.000001
-0.000001
-0.000001
-0.000001
-0.000001
-0.000001
-0.000001
-0.000001
-0.000001
-0.000001
-0.000001
-0.000001
-0.000001
-0.000001
-0.000001
-0.000001
-0.000001
-0.000001
-0.000001
-0.000001
-0.000002
-0.000002
-0.000002
-0.000002
-0.000002
-0.000002
-0.000002
-0.000002
-0.000002
-0.000002
-0.000002
-0.000002
-0.000002
-0.000002
-0.000002
-0.000002
-0.000002
-0.000002
-0.000002
-0.000002
-0.000003
-0.000003
-0.000003
-0.000003
-0.000003
-0.000003
-0.000003
-0.000003
-0.000003
-0.000003
-0.000003
-0.000003
-0.000003
-0.000003
-0.000003
-0.000003
-0.000003
-0.000003
-0.000003
-0.000004
-0.000004
-0.000004
-0.000004
-0.000004
-0.000004
-0.000004
-0.000004
-0.000004
-0.000004
-0.000004
-0.000004
-0.000004
-0.000004
-0.000004
-0.000004
-0.000004
-0.000004
-0.000005
-0.000005
-0.000005
-0.000005
-0.000005
-0.000005
-0.000005
-0.000005
-0.000005
-0.000005
-0.000005
-0.000005
-0.000005
-0.000005
-0.000005
-0.000005
-0.000005
-0.000006
-0.000006
-0.000006
-0.000006
-0.000006
-0.000006
-0.000006
-0.000006
-0.000006
-0.000006
-0.000006
-0.000006
-0.000006
-0.000006
-0.000006
-0.000006
-0.000006
-0.000007
-0.000007
-0.000007
-0.000007
-0.000007
-0.000007
-0.000007
-0.000007
-0.000007
-0.000007
-0.000007
-0.000007
-0.000007
-0.000007
-0.000007
-0.000007
-0.000007
-0.000008
-0.000008
-0.000008
-0.000008
-0.000008
-0.000008
-0.000008
-0.000008
-0.000008
-0.000008
-0.000008
-0.000008
-0.000008
-0.000008
-0.000008
-0.000008
-0.000009
-0.000009
-0.000009
-0.000009
-0.000009
-0.000009
-0.000009
-0.000009
-0.000009
-0.000009
-0.000009
-0.000009
-0.000009
-0.000009
-0.000009
-0.000009
-0.000010
-0.000010
-0.000010
-0.000010
-0.000010
-0.000010
-0.000010
-0.000010
-0.000010
-0.000010
-0.000010
-0.000010
-0.000010
-0.000010
-0.000010
-0.000011
-0.000011
-0.000011
-0.000011
-0.000011
-0.000011
-0.000011
-0.000011
-0.000011
-0.000011
-0.000011
-0.000011
-0.000011
-0.000011
-0.000011
-0.000011
-0.000012
-0.000012
-0.000012
-0.000012
-0.000012
-0.000012
-0.000012
-0.000012
-0.000012
-0.000012
-0.000012
-0.000012
-0.000012
-0.000012
-0.000012
-0.000013
-0.000013
-0.000013
-0.000013
-0.000013
-0.000013
-0.000013
-0.000013
-0.000013
-0.000013
-0.000013
-0.000013
-0.000013
-0.000013
-0.000013
-0.000014
-0.000014
-0.000014
-0.000014
-0.000014
-0.000014
-0.000014
-0.000014
-0.000014
-0.000014
-0.000014
-0.000014
-0.000014
-0.000014
-0.000014
-0.000015
-0.000015
-0.000015
-0.000015
-0.000015
-0.000015
-0.000015
-0.000015
-0.000015
-0.000015
-0.000015
-0.000015
-0.000015
-0.000015
-0.000016
-0.000016
-0.000016
-0.000016
-0.000016
-0.000016
-0.000016
-0.000016
-0.000016
-0.000016
-0.000016
-0.000016
-0.000016
-0.000016
-0.000016
-0.000017
-0.000017
-0.000017
-0.000017
-0.000017
-0.000017
-0.000017
-0.000017
-0.000017
-0.000017
-0.000017
-0.000017
-0.000017
-0.000017
-0.000017
-0.000018
-0.000018
-0.000018
-0.000018
-0.000018
-0.000018
-0.000018
-0.000018
-0.000018
-0.000018
-0.000018
-0.000018
-0.000018
-0.000018
-0.000018
-0.000019
-0.000019
-0.000019
-0.000019
-0.000019
-0.000019
-0.000019
-0.000019
-0.000019
-0.000019
-0.000019
-0.000019
-0.000019
-0.000019
-0.000019
-0.000020
-0.000020
-0.000020
-0.000020
-0.000020
-0.000020
-0.000020
-0.000020
-0.000020
-0.000020
-0.000020
-0.000020
-0.000020
-0.000020
-0.000020
-0.000021
-0.000021
-0.000021
-0.000021
-0.000021
-0.000021
-0.000021
-0.000021
-0.000021
-0.000021
-0.000021
-0.000021
-0.000021
-0.000021
-0.000021
-0.000022
-0.000022
-0.000022
-0.000022
-0.000022
-0.000022
-0.000022
-0.000022
-0.000022
-0.000022
-0.000022
-0.000022
-0.000022
-0.000022
-0.000022
-0.000023
-0.000023
-0.000023
-0.000023
-0.000023
-0.000023
-0.000023
-0.000023
-0.000023
-0.000023
-0.000023
-0.000023
-0.000023
-0.000023
-0.000023
-0.000023
-0.000024
-0.000024
-0.000024
-0.000024
-0.000024
-0.000024
-0.000024
-0.000024
-0.000024
-0.000024
-0.000024
-0.000024
-0.000024
-0.000024
-0.000024
-0.000024
-0.000025
-0.000025
-0.000025
-0.000025
-0.000025
-0.000025
-0.000025
-0.000025
-0.000025
-0.000025
-0.000025
-0.000025
-0.000025
-0.000025
-0.000025
-0.000025
-0.000026
-0.000026
-0.000026
-0.000026
-0.000026
-0.000026
-0.000026
-0.000026
-0.000026
-0.000026
-0.000026
-0.000026
-0.000026
-0.000026
-0.000026
-0.000026
-0.000026
-0.000027
-0.000027
-0.000027
-0.000027
-0.000027
-0.000027
-0.000027
-0.000027
-0.000027
-0.000027
-0.000027
-0.000027
-0.000027
-0.000027
-0.000027
-0.000027
-0.000027
-0.000027
-0.000028
-0.000028
-0.000028
-0.000028
-0.000028
-0.000028
-0.000028
-0.000028
-0.000028
-0.000028
-0.000028
-0.000028
-0.000028
-0.000028
-0.000028
-0.000028
-0.000028
-0.000028
-0.000028
-0.000029
-0.000029
-0.000029
-0.000029
-0.000029
-0.000029
-0.000029
-0.000029
-0.000029
-0.000029
-0.000029
-0.000029
-0.000029
-0.000029
-0.000029
-0.000029
-0.000029
-0.000029
-0.000029
-0.000029
-0.000030
-0.000030
-0.000030
-0.000030
-0.000030
-0.000030
-0.000030
-0.000030
-0.000030
-0.000030
-0.000030
-0.000030
-0.000030
-0.000030
-0.000030
-0.000030
-0.000030
-0.000030
-0.000030
-0.000030
-0.000030
-0.000030
-0.000031
-0.000031
-0.000031
-0.000031
-0.000031
-0.000031
-0.000031
-0.000031
-0.000031
-0.000031
-0.000031
-0.000031
-0.000031
-0.000031
-0.000031
-0.000031
-0.000031
-0.000031
-0.000031
-0.000031
-0.000031
-0.000031
-0.000031
-0.000031
-0.000031
-0.000032
-0.000032
-0.000032
-0.000032
-0.000032
-0.000032
-0.000032
-0.000032
-0.000032
-0.000032
-0.000032
-0.000032
-0.000032
-0.000032
-0.000032
-0.000032
-0.000032
-0.000032
-0.000032
-0.000032
-0.000032
-0.000032
-0.000032
-0.000032
-0.000032
-0.000032
-0.000032
-0.000032
-0.000032
-0.000032
-0.000033
-0.000033
-0.000033
-0.000033
-0.000033
-0.000033
-0.000033
-0.000033
-0.000033
-0.000033
-0.000033
-0.000033
-0.000033
-0.000033
-0.000033
-0.000033
-0.000033
-0.000033
-0.000033
-0.000033
-0.000033
-0.000033
-0.000033
-0.000033
-0.000033
-0.000033
-0.000033
-0.000033
-0.000033
-0.000033
-0.000033
-0.000033
-0.000033
-0.000033
-0.000033
-0.000033
-0.000033
-0.000033
-0.000033
-0.000033
-0.000033
-0.000033
-0.000033
-0.000033
-0.000033
-0.000033
-0.000033
-0.000034
-0.000034
-0.000034
-0.000034
-0.000034
-0.000034
-0.000034
-0.000034
-0.000034
-0.000034
-0.000034
-0.000034
-0.000034
-0.000034
-0.000034
-0.000034
-0.000034
-0.000034
-0.000034
-0.000034
-0.000034
-0.000034
-0.000034
-0.000034
-0.000034
-0.000034
-0.000034
-0.000034
-0.000034
-0.000034
-0.000034
-0.000034
-0.000034
-0.000034
-0.000034
-0.000034
-0.000034
-0.000034
-0.000034
-0.000034
-0.000034
-0.000034
-0.000034
-0.000034
-0.000034
-0.000034
-0.000034
-0.000034
-0.000034
-0.000034
-0.000034
-0.000034
-0.000034
-0.000034
-0.000034
-0.000034
-0.000034
-0.000034
-0.000034
-0.000034
-0.000034
-0.000034
-0.000034
-0.000034
-0.000034
-0.000034
-0.000034
-0.000034
-0.000034
-0.000034
-0.000034
-0.000034
-0.000034
-0.000033
-0.000033
-0.000033
-0.000033
-0.000033
-0.000033
-0.000033
-0.000033
-0.000033
-0.000033
-0.000033
-0.000033
-0.000033
-0.000033
-0.000033
-0.000033
-0.000033
-0.000033
-0.000033
-0.000033
-0.000033
-0.000033
-0.000033
-0.000033
-0.000033
-0.000033
-0.000033
-0.000033
-0.000033
-0.000033
-0.000033
-0.000033
-0.000033
-0.000033
-0.000033
-0.000033
-0.000033
-0.000033
-0.000033
-0.000033
-0.000033
-0.000033
-0.000032
-0.000032
-0.000032
-0.000032
-0.000032
-0.000032
-0.000032
-0.000032
-0.000032
-0.000032
-0.000032
-0.000032
-0.000032
-0.000032
-0.000032
-0.000032
-0.000032
-0.000032
-0.000032
-0.000032
-0.000032
-0.000032
-0.000032
-0.000032
-0.000032
-0.000031
-0.000031
-0.000031
-0.000031
-0.000031
-0.000031
-0.000031
-0.000031
-0.000031
-0.000031
-0.000031
-0.000031
-0.000031
-0.000031
-0.000031
-0.000031
-0.000031
-0.000031
-0.000031
-0.000031
-0.000030
-0.000030
-0.000030
-0.000030
-0.000030
-0.000030
-0.000030
-0.000030
-0.000030
-0.000030
-0.000030
-0.000030
-0.000030
-0.000030
-0.000030
-0.000030
-0.000029
-0.000029
-0.000029
-0.000029
-0.000029
-0.000029
-0.000029
-0.000029
-0.000029
-0.000029
-0.000029
-0.000029
-0.000029
-0.000029
-0.000029
-0.000028
-0.000028
-0.000028
-0.000028
-0.000028
-0.000028
-0.000028
-0.000028
-0.000028
-0.000028
-0.000028
-0.000028
-0.000028
-0.000027
-0.000027
-0.000027
-0.000027
-0.000027
-0.000027
-0.000027
-0.000027
-0.000027
-0.000027
-0.000027
-0.000027
-0.000027
-0.000026
-0.000026
-0.000026
-0.000026
-0.000026
-0.000026
-0.000026
-0.000026
-0.000026
-0.000026
-0.000026
-0.000025
-0.000025
-0.000025
-0.000025
-0.000025
-0.000025
-0.000025
-0.000025
-0.000025
-0.000025
-0.000024
-0.000024
-0.000024
-0.000024
-0.000024
-0.000024
-0.000024
-0.000024
-0.000024
-0.000024
-0.000023
-0.000023
-0.000023
-0.000023
-0.000023
-0.000023
-0.000023
-0.000023
-0.000023
-0.000023
-0.000022
-0.000022
-0.000022
-0.000022
-0.000022
-0.000022
-0.000022
-0.000022
-0.000022
-0.000021
-0.000021
-0.000021
-0.000021
-0.000021
-0.000021
-0.000021
-0.000021
-0.000020
-0.000020
-0.000020
-0.000020
-0.000020
-0.000020
-0.000020
-0.000020
-0.000019
-0.000019
-0.000019
-0.000019
-0.000019
-0.000019
-0.000019
-0.000019
-0.000018
-0.000018
-0.000018
-0.000018
-0.000018
-0.000018
-0.000018
-0.000018
-0.000017
-0.000017
-0.000017
-0.000017
-0.000017
-0.000017
-0.000017
-0.000016
-0.000016
-0.000016
-0.000016
-0.000016
-0.000016
-0.000016
-0.000016
-0.000015
-0.000015
-0.000015
-0.000015
-0.000015
-0.000015
-0.000015
-0.000014
-0.000014
-0.000014
-0.000014
-0.000014
-0.000014
-0.000013
-0.000013
-0.000013
-0.000013
-0.000013
-0.000013
-0.000013
-0.000012
-0.000012
-0.000012
-0.000012
-0.000012
-0.000012
-0.000011
-0.000011
-0.000011
-0.000011
-0.000011
-0.000011
-0.000011
-0.000010
-0.000010
-0.000010
-0.000010
-0.000010
-0.000010
-0.000009
-0.000009
-0.000009
-0.000009
-0.000009
-0.000009
-0.000008
-0.000008
-0.000008
-0.000008
-0.000008
-0.000008
-0.000007
-0.000007
-0.000007
-0.000007
-0.000007
-0.000007
-0.000006
-0.000006
-0.000006
-0.000006
-0.000006
-0.000005
-0.000005
-0.000005
-0.000005
-0.000005
-0.000005
-0.000004
-0.000004
-0.000004
-0.000004
-0.000004
-0.000003
-0.000003
-0.000003
-0.000003
-0.000003
-0.000003
-0.000002
-0.000002
-0.000002
-0.000002
-0.000002
-0.000001
-0.000001
-0.000001
-0.000001
-0.000001
-0.000000
-0.000000
-0.000000
0.000000
0.000000
0.000001
0.000001
0.000001
0.000001
0.000001
0.000002
0.000002
0.000002
0.000002
0.000002
0.000003
0.000003
0.000003
0.000003
0.000003
0.000004
0.000004
0.000004
0.000004
0.000004
0.000005
0.000005
0.000005
0.000005
0.000005
0.000006
0.000006
0.000006
0.000006
0.000006
0.000007
0.000007
0.000007
0.000007
0.000008
0.000008
0.000008
0.000008
0.000008
0.000009
0.000009
0.000009
0.000009
0.000009
0.000010
0.000010
0.000010
0.000010
0.000011
0.000011
0.000011
0.000011
0.000011
0.000012
0.000012
0.000012
0.000012
0.000013
0.000013
0.000013
0.000013
0.000013
0.000014
0.000014
0.000014
0.000014
0.000015
0.000015
0.000015
0.000015
0.000016
0.000016
0.000016
0.000016
0.000017
0.000017
0.000017
0.000017
0.000017
0.000018
0.000018
0.000018
0.000018
0.000019
0.000019
0.000019
0.000019
0.000020
0.000020
0.000020
0.000020
0.000021
0.000021
0.000021
0.000021
0.000022
0.000022
0.000022
0.000022
0.000023
0.000023
0.000023
0.000023
0.000024
0.000024
0.000024
0.000024
0.000025
0.000025
0.000025
0.000025
0.000026
0.000026
0.000026
0.000026
0.000027
0.000027
0.000027
0.000027
0.000028
0.000028
0.000028
0.000028
0.000029
0.000029
0.000029
0.000029
0.000030
0.000030
0.000030
0.000030
0.000031
0.000031
0.000031
0.000031
0.000032
0.000032
0.000032
0.000032
0.000033
0.000033
0.000033
0.000034
0.000034
0.000034
0.000034
0.000035
0.000035
0.000035
0.000035
0.000036
0.000036
0.000036
0.000036
0.000037
0.000037
0.000037
0.000038
0.000038
0.000038
0.000038
0.000039
0.000039
0.000039
0.000039
0.000040
0.000040
0.000040
0.000041
0.000041
0.000041
0.000041
0.000042
0.000042
0.000042
0.000042
0.000043
0.000043
0.000043
0.000044
0.000044
0.000044
0.000044
0.000045
0.000045
0.000045
0.000046
0.000046
0.000046
0.000046
0.000047
0.000047
0.000047
0.000047
0.000048
0.000048
0.000048
0.000049
0.000049
0.000049
0.000049
0.000050
0.000050
0.000050
0.000051
0.000051
0.000051
0.000051
0.000052
0.000052
0.000052
0.000053
0.000053
0.000053
0.000053
0.000054
0.000054
0.000054
0.000055
0.000055
0.000055
0.000055
0.000056
0.000056
0.000056
0.000057
0.000057
0.000057
0.000057
0.000058
0.000058
0.000058
0.000059
0.000059
0.000059
0.000059
0.000060
0.000060
0.000060
0.000061
0.000061
0.000061
0.000061
0.000062
0.000062
0.000062
0.000063
0.000063
0.000063
0.000064
0.000064
0.000064
0.000064
0.000065
0.000065
0.000065
0.000066
0.000066
0.000066
0.000066
0.000067
0.000067
0.000067
0.000068
0.000068
0.000068
0.000068
0.000069
0.000069
0.000069
0.000070
0.000070
0.000070
0.000071
0.000071
0.000071
0.000071
0.000072
0.000072
0.000072
0.000073
0.000073
0.000073
0.000073
0.000074
0.000074
0.000074
0.000075
0.000075
0.000075
0.000076
0.000076
0.000076
0.000076
0.000077
0.000077
0.000077
0.000078
0.000078
0.000078
0.000078
0.000079
0.000079
0.000079
0.000080
0.000080
0.000080
0.000080
0.000081
0.000081
0.000081
0.000082
0.000082
0.000082
0.000083
0.000083
0.000083
0.000083
0.000084
0.000084
0.000084
0.000085
0.000085
0.000085
0.000085
0.000086
0.000086
0.000086
0.000087
0.000087
0.000087
0.000087
0.000088
0.000088
0.000088
0.000089
0.000089
0.000089
0.000089
0.000090
0.000090
0.000090
0.000091
0.000091
0.000091
0.000091
0.000092
0.000092
0.000092
0.000093
0.000093
0.000093
0.000093
0.000094
0.000094
0.000094
0.000095
0.000095
0.000095
0.000095
0.000096
0.000096
0.000096
0.000097
0.000097
0.000097
0.000097
0.000098
0.000098
0.000098
0.000099
0.000099
0.000099
0.000099
0.000100
0.000100
0.000100
0.000101
0.000101
0.000101
0.000101
0.000102
0.000102
0.000102
0.000102
0.000103
0.000103
0.000103
0.000104
0.000104
0.000104
0.000104
0.000105
0.000105
0.000105
0.000105
0.000106
0.000106
0.000106
0.000106
0.000107
0.000107
0.000107
0.000108
0.000108
0.000108
0.000108
0.000109
0.000109
0.000109
0.000109
0.000110
0.000110
0.000110
0.000110
0.000111
0.000111
0.000111
0.000111
0.000112
0.000112
0.000112
0.000112
0.000113
0.000113
0.000113
0.000114
0.000114
0.000114
0.000114
0.000115
0.000115
0.000115
0.000115
0.000116
0.000116
0.000116
0.000116
0.000117
0.000117
0.000117
0.000117
0.000117
0.000118
0.000118
0.000118
0.000118
0.000119
0.000119
0.000119
0.000119
0.000120
0.000120
0.000120
0.000120
0.000121
0.000121
0.000121
0.000121
0.000122
0.000122
0.000122
0.000122
0.000122
0.000123
0.000123
0.000123
0.000123
0.000124
0.000124
0.000124
0.000124
0.000124
0.000125
0.000125
0.000125
0.000125
0.000126
0.000126
0.000126
0.000126
0.000126
0.000127
0.000127
0.000127
0.000127
0.000127
0.000128
0.000128
0.000128
0.000128
0.000128
0.000129
0.000129
0.000129
0.000129
0.000129
0.000130
0.000130
0.000130
0.000130
0.000130
0.000131
0.000131
0.000131
0.000131
0.000131
0.000132
0.000132
0.000132
0.000132
0.000132
0.000133
0.000133
0.000133
0.000133
0.000133
0.000133
0.000134
0.000134
0.000134
0.000134
0.000134
0.000135
0.000135
0.000135
0.000135
0.000135
0.000135
0.000136
0.000136
0.000136
0.000136
0.000136
0.000136
0.000137
0.000137
0.000137
0.000137
0.000137
0.000137
0.000137
0.000138
0.000138
0.000138
0.000138
0.000138
0.000138
0.000138
0.000139
0.000139
0.000139
0.000139
0.000139
0.000139
0.000139
0.000140
0.000140
0.000140
0.000140
0.000140
0.000140
0.000140
0.000141
0.000141
0.000141
0.000141
0.000141
0.000141
0.000141
0.000141
0.000141
0.000142
0.000142
0.000142
0.000142
0.000142
0.000142
0.000142
0.000142
0.000142
0.000143
0.000143
0.000143
0.000143
0.000143
0.000143
0.000143
0.000143
0.000143
0.000143
0.000143
0.000144
0.000144
0.000144
0.000144
0.000144
0.000144
0.000144
0.000144
0.000144
0.000144
0.000144
0.000144
0.000145
0.000145
0.000145
0.000145
0.000145
0.000145
0.000145
0.000145
0.000145
0.000145
0.000145
0.000145
0.000145
0.000145
0.000145
0.000145
0.000145
0.000145
0.000145
0.000146
0.000146
0.000146
0.000146
0.000146
0.000146
0.000146
0.000146
0.000146
0.000146
0.000146
0.000146
0.000146
0.000146
0.000146
0.000146
0.000146
0.000146
0.000146
0.000146
0.000146
0.000146
0.000146
0.000146
0.000146
0.000146
0.000146
0.000146
0.000146
0.000146
0.000146
0.000146
0.000146
0.000146
0.000146
0.000146
0.000146
0.000146
0.000146
0.000146
0.000146
0.000146
0.000146
0.000146
0.000146
0.000146
0.000145
0.000145
0.000145
0.000145
0.000145
0.000145
0.000145
0.000145
0.000145
0.000145
0.000145
0.000145
0.000145
0.000145
0.000145
0.000145
0.000145
0.000144
0.000144
0.000144
0.000144
0.000144
0.000144
0.000144
0.000144
0.000144
0.000144
0.000144
0.000144
0.000143
0.000143
0.000143
0.000143
0.000143
0.000143
0.000143
0.000143
0.000143
0.000142
0.000142
0.000142
0.000142
0.000142
0.000142
0.000142
0.000142
0.000142
0.000141
0.000141
0.000141
0.000141
0.000141
0.000141
0.000141
0.000140
0.000140
0.000140
0.000140
0.000140
0.000140
0.000139
0.000139
0.000139
0.000139
0.000139
0.000139
0.000138
0.000138
0.000138
0.000138
0.000138
0.000138
0.000137
0.000137
0.000137
0.000137
0.000137
0.000136
0.000136
0.000136
0.000136
0.000136
0.000135
0.000135
0.000135
0.000135
0.000134
0.000134
0.000134
0.000134
0.000134
0.000133
0.000133
0.000133
0.000133
0.000132
0.000132
0.000132
0.000132
0.000131
0.000131
0.000131
0.000131
0.000130
0.000130
0.000130
0.000130
0.000129
0.000129
0.000129
0.000129
0.000128
0.000128
0.000128
0.000127
0.000127
0.000127
0.000127
0.000126
0.000126
0.000126
0.000125
0.000125
0.000125
0.000124
0.000124
0.000124
0.000123
0.000123
0.000123
0.000123
0.000122
0.000122
0.000122
0.000121
0.000121
0.000121
0.000120
0.000120
0.000119
0.000119
0.000119
0.000118
0.000118
0.000118
0.000117
0.000117
0.000117
0.000116
0.000116
0.000116
0.000115
0.000115
0.000114
0.000114
0.000114
0.000113
0.000113
0.000112
0.000112
0.000112
0.000111
0.000111
0.000110
0.000110
0.000110
0.000109
0.000109
0.000108
0.000108
0.000108
0.000107
0.000107
0.000106
0.000106
0.000105
0.000105
0.000104
0.000104
0.000104
0.000103
0.000103
0.000102
0.000102
0.000101
0.000101
0.000100
0.000100
0.000099
0.000099
0.000098
0.000098
0.000097
0.000097
0.000097
0.000096
0.000096
0.000095
0.000095
0.000094
0.000094
0.000093
0.000093
0.000092
0.000091
0.000091
0.000090
0.000090
0.000089
0.000089
0.000088
0.000088
0.000087
0.000087
0.000086
0.000086
0.000085
0.000085
0.000084
0.000083
0.000083
0.000082
0.000082
0.000081
0.000081
0.000080
0.000079
0.000079
0.000078
0.000078
0.000077
0.000077
0.000076
0.000075
0.000075
0.000074
0.000074
0.000073
0.000072
0.000072
0.000071
0.000070
0.000070
0.000069
0.000069
0.000068
0.000067
0.000067
0.000066
0.000065
0.000065
0.000064
0.000064
0.000063
0.000062
0.000062
0.000061
0.000060
0.000060
0.000059
0.000058
0.000058
0.000057
0.000056
0.000056
0.000055
0.000054
0.000053
0.000053
0.000052
0.000051
0.000051
0.000050
0.000049
0.000049
0.000048
0.000047
0.000046
0.000046
0.000045
0.000044
0.000043
0.000043
0.000042
0.000041
0.000041
0.000040
0.000039
0.000038
0.000038
0.000037
0.000036
0.000035
0.000035
0.000034
0.000033
0.000032
0.000031
0.000031
0.000030
0.000029
0.000028
0.000028
0.000027
0.000026
0.000025
0.000024
0.000024
0.000023
0.000022
0.000021
0.000020
0.000019
0.000019
0.000018
0.000017
0.000016
0.000015
0.000015
0.000014
0.000013
0.000012
0.000011
0.000010
0.000009
0.000009
0.000008
0.000007
0.000006
0.000005
0.000004
0.000003
0.000003
0.000002
0.000001
-0.000000
-0.000001
-0.000002
-0.000003
-0.000004
-0.000005
-0.000005
-0.000006
-0.000007
-0.000008
-0.000009
-0.000010
-0.000011
-0.000012
-0.000013
-0.000014
-0.000015
-0.000016
-0.000016
-0.000017
-0.000018
-0.000019
-0.000020
-0.000021
-0.000022
-0.000023
-0.000024
-0.000025
-0.000026
-0.000027
-0.000028
-0.000029
-0.000030
-0.000031
-0.000032
-0.000033
-0.000034
-0.000035
-0.000036
-0.000037
-0.000038
-0.000039
-0.000040
-0.000041
-0.000042
-0.000043
-0.000044
-0.000045
-0.000046
-0.000047
-0.000048
-0.000049
-0.000050
-0.000051
-0.000052
-0.000053
-0.000054
-0.000055
-0.000056
-0.000057
-0.000058
-0.000059
-0.000060
-0.000061
-0.000062
-0.000063
-0.000064
-0.000066
-0.000067
-0.000068
-0.000069
-0.000070
-0.000071
-0.000072
-0.000073
-0.000074
-0.000075
-0.000076
-0.000077
-0.000079
-0.000080
-0.000081
-0.000082
-0.000083
-0.000084
-0.000085
-0.000086
-0.000087
-0.000089
-0.000090
-0.000091
-0.000092
-0.000093
-0.000094
-0.000095
-0.000096
-0.000098
-0.000099
-0.000100
-0.000101
-0.000102
-0.000103
-0.000104
-0.000106
-0.000107
-0.000108
-0.000109
-0.000110
-0.000111
-0.000113
-0.000114
-0.000115
-0.000116
-0.000117
-0.000119
-0.000120
-0.000121
-0.000122
-0.000123
-0.000125
-0.000126
-0.000127
-0.000128
-0.000129
-0.000131
-0.000132
-0.000133
-0.000134
-0.000135
-0.000137
-0.000138
-0.000139
-0.000140
-0.000142
-0.000143
-0.000144
-0.000145
-0.000146
-0.000148
-0.000149
-0.000150
-0.000151
-0.000153
-0.000154
-0.000155
-0.000156
-0.000158
-0.000159
-0.000160
-0.000162
-0.000163
-0.000164
-0.000165
-0.000167
-0.000168
-0.000169
-0.000170
-0.000172
-0.000173
-0.000174
-0.000176
-0.000177
-0.000178
-0.000179
-0.000181
-0.000182
-0.000183
-0.000185
-0.000186
-0.000187
-0.000189
-0.000190
-0.000191
-0.000193
-0.000194
-0.000195
-0.000197
-0.000198
-0.000199
-0.000200
-0.000202
-0.000203
-0.000204
-0.000206
-0.000207
-0.000209
-0.000210
-0.000211
-0.000213
-0.000214
-0.000215
-0.000217
-0.000218
-0.000219
-0.000221
-0.000222
-0.000223
-0.000225
-0.000226
-0.000227
-0.000229
-0.000230
-0.000232
-0.000233
-0.000234
-0.000236
-0.000237
-0.000238
-0.000240
-0.000241
-0.000243
-0.000244
-0.000245
-0.000247
-0.000248
-0.000250
-0.000251
-0.000252
-0.000254
-0.000255
-0.000257
-0.000258
-0.000259
-0.000261
-0.000262
-0.000264
-0.000265
-0.000266
-0.000268
-0.000269
-0.000271
-0.000272
-0.000273
-0.000275
-0.000276
-0.000278
-0.000279
-0.000281
-0.000282
-0.000283
-0.000285
-0.000286
-0.000288
-0.000289
-0.000291
-0.000292
-0.000293
-0.000295
-0.000296
-0.000298
-0.000299
-0.000301
-0.000302
-0.000304
-0.000305
-0.000306
-0.000308
-0.000309
-0.000311
-0.000312
-0.000314
-0.000315
-0.000317
-0.000318
-0.000320
-0.000321
-0.000322
-0.000324
-0.000325
-0.000327
-0.000328
-0.000330
-0.000331
-0.000333
-0.000334
-0.000336
-0.000337
-0.000339
-0.000340
-0.000342
-0.000343
-0.000344
-0.000346
-0.000347
-0.000349
-0.000350
-0.000352
-0.000353
-0.000355
-0.000356
-0.000358
-0.000359
-0.000361
-0.000362
-0.000364
-0.000365
-0.000367
-0.000368
-0.000370
-0.000371
-0.000373
-0.000374
-0.000376
-0.000377
-0.000379
-0.000380
-0.000382
-0.000383
-0.000385
-0.000386
-0.000388
-0.000389
-0.000390
-0.000392
-0.000393
-0.000395
-0.000396
-0.000398
-0.000399
-0.000401
-0.000402
-0.000404
-0.000405
-0.000407
-0.000408
-0.000410
-0.000411
-0.000413
-0.000414
-0.000416
-0.000417
-0.000419
-0.000420
-0.000422
-0.000423
-0.000425
-0.000426
-0.000428
-0.000429
-0.000431
-0.000432
-0.000434
-0.000435
-0.000437
-0.000438
-0.000440
-0.000441
-0.000443
-0.000444
-0.000446
-0.000447
-0.000449
-0.000450
-0.000452
-0.000453
-0.000455
-0.000456
-0.000458
-0.000459
-0.000461
-0.000462
-0.000464
-0.000465
-0.000467
-0.000468
-0.000470
-0.000471
-0.000473
-0.000474
-0.000475
-0.000477
-0.000478
-0.000480
-0.000481
-0.000483
-0.000484
-0.000486
-0.000487
-0.000489
-0.000490
-0.000492
-0.000493
-0.000495
-0.000496
-0.000498
-0.000499
-0.000501
-0.000502
-0.000504
-0.000505
-0.000506
-0.000508
-0.000509
-0.000511
-0.000512
-0.000514
-0.000515
-0.000517
-0.000518
-0.000520
-0.000521
-0.000522
-0.000524
-0.000525
-0.000527
-0.000528
-0.000530
-0.000531
-0.000533
-0.000534
-0.000536
-0.000537
-0.000538
-0.000540
-0.000541
-0.000543
-0.000544
-0.000546
-0.000547
-0.000548
-0.000550
-0.000551
-0.000553
-0.000554
-0.000555
-0.000557
-0.000558
-0.000560
-0.000561
-0.000563
-0.000564
-0.000565
-0.000567
-0.000568
-0.000570
-0.000571
-0.000572
-0.000574
-0.000575
-0.000577
-0.000578
-0.000579
-0.000581
-0.000582
-0.000583
-0.000585
-0.000586
-0.000588
-0.000589
-0.000590
-0.000592
-0.000593
-0.000594
-0.000596
-0.000597
-0.000598
-0.000600
-0.000601
-0.000602
-0.000604
-0.000605
-0.000607
-0.000608
-0.000609
-0.000610
-0.000612
-0.000613
-0.000614
-0.000616
-0.000617
-0.000618
-0.000620
-0.000621
-0.000622
-0.000624
-0.000625
-0.000626
-0.000628
-0.000629
-0.000630
-0.000631
-0.000633
-0.000634
-0.000635
-0.000636
-0.000638
-0.000639
-0.000640
-0.000642
-0.000643
-0.000644
-0.000645
-0.000647
-0.000648
-0.000649
-0.000650
-0.000651
-0.000653
-0.000654
-0.000655
-0.000656
-0.000658
-0.000659
-0.000660
-0.000661
-0.000662
-0.000664
-0.000665
-0.000666
-0.000667
-0.000668
-0.000670
-0.000671
-0.000672
-0.000673
-0.000674
-0.000675
-0.000677
-0.000678
-0.000679
-0.000680
-0.000681
-0.000682
-0.000683
-0.000684
-0.000686
-0.000687
-0.000688
-0.000689
-0.000690
-0.000691
-0.000692
-0.000693
-0.000694
-0.000695
-0.000697
-0.000698
-0.000699
-0.000700
-0.000701
-0.000702
-0.000703
-0.000704
-0.000705
-0.000706
-0.000707
-0.000708
-0.000709
-0.000710
-0.000711
-0.000712
-0.000713
-0.000714
-0.000715
-0.000716
-0.000717
-0.000718
-0.000719
-0.000720
-0.000721
-0.000722
-0.000723
-0.000724
-0.000725
-0.000726
-0.000727
-0.000728
-0.000729
-0.000729
-0.000730
-0.000731
-0.000732
-0.000733
-0.000734
-0.000735
-0.000736
-0.000737
-0.000737
-0.000738
-0.000739
-0.000740
-0.000741
-0.000742
-0.000743
-0.000743
-0.000744
-0.000745
-0.000746
-0.000747
-0.000747
-0.000748
-0.000749
-0.000750
-0.000751
-0.000751
-0.000752
-0.000753
-0.000754
-0.000754
-0.000755
-0.000756
-0.000757
-0.000757
-0.000758
-0.000759
-0.000759
-0.000760
-0.000761
-0.000761
-0.000762
-0.000763
-0.000763
-0.000764
-0.000765
-0.000765
-0.000766
-0.000767
-0.000767
-0.000768
-0.000768
-0.000769
-0.000770
-0.000770
-0.000771
-0.000771
-0.000772
-0.000773
-0.000773
-0.000774
-0.000774
-0.000775
-0.000775
-0.000776
-0.000776
-0.000777
-0.000777
-0.000778
-0.000778
-0.000779
-0.000779
-0.000780
-0.000780
-0.000780
-0.000781
-0.000781
-0.000782
-0.000782
-0.000783
-0.000783
-0.000783
-0.000784
-0.000784
-0.000784
-0.000785
-0.000785
-0.000785
-0.000786
-0.000786
-0.000786
-0.000787
-0.000787
-0.000787
-0.000788
-0.000788
-0.000788
-0.000788
-0.000789
-0.000789
-0.000789
-0.000789
-0.000790
-0.000790
-0.000790
-0.000790
-0.000790
-0.000791
-0.000791
-0.000791
-0.000791
-0.000791
-0.000791
-0.000791
-0.000792
-0.000792
-0.000792
-0.000792
-0.000792
-0.000792
-0.000792
-0.000792
-0.000792
-0.000792
-0.000792
-0.000792
-0.000792
-0.000792
-0.000792
-0.000792
-0.000792
-0.000792
-0.000792
-0.000792
-0.000792
-0.000792
-0.000792
-0.000792
-0.000792
-0.000792
-0.000791
-0.000791
-0.000791
-0.000791
-0.000791
-0.000791
-0.000791
-0.000790
-0.000790
-0.000790
-0.000790
-0.000789
-0.000789
-0.000789
-0.000789
-0.000788
-0.000788
-0.000788
-0.000788
-0.000787
-0.000787
-0.000787
-0.000786
-0.000786
-0.000786
-0.000785
-0.000785
-0.000784
-0.000784
-0.000784
-0.000783
-0.000783
-0.000782
-0.000782
-0.000781
-0.000781
-0.000780
-0.000780
-0.000779
-0.000779
-0.000778
-0.000778
-0.000777
-0.000777
-0.000776
-0.000776
-0.000775
-0.000774
-0.000774
-0.000773
-0.000773
-0.000772
-0.000771
-0.000771
-0.000770
-0.000769
-0.000768
-0.000768
-0.000767
-0.000766
-0.000766
-0.000765
-0.000764
-0.000763
-0.000762
-0.000762
-0.000761
-0.000760
-0.000759
-0.000758
-0.000757
-0.000757
-0.000756
-0.000755
-0.000754
-0.000753
-0.000752
-0.000751
-0.000750
-0.000749
-0.000748
-0.000747
-0.000746
-0.000745
-0.000744
-0.000743
-0.000742
-0.000741
-0.000740
-0.000739
-0.000738
-0.000736
-0.000735
-0.000734
-0.000733
-0.000732
-0.000731
-0.000729
-0.000728
-0.000727
-0.000726
-0.000725
-0.000723
-0.000722
-0.000721
-0.000719
-0.000718
-0.000717
-0.000715
-0.000714
-0.000713
-0.000711
-0.000710
-0.000709
-0.000707
-0.000706
-0.000704
-0.000703
-0.000701
-0.000700
-0.000698
-0.000697
-0.000695
-0.000694
-0.000692
-0.000691
-0.000689
-0.000688
-0.000686
-0.000684
-0.000683
-0.000681
-0.000679
-0.000678
-0.000676
-0.000674
-0.000673
-0.000671
-0.000669
-0.000668
-0.000666
-0.000664
-0.000662
-0.000660
-0.000659
-0.000657
-0.000651
-0.000617
-0.000550
-0.000489
-0.000433
-0.000341
-0.000278
-0.000242
-0.000178
-0.000135
-0.000108
-0.000136
-0.000075
-0.000086
-0.000191
-0.000363
-0.000606
-0.000966
-0.001406
-0.001927
-0.002356
-0.002780
-0.003059
-0.003223
-0.003333
-0.003390
-0.003311
-0.003149
-0.002989
-0.002337
-0.001573
-0.000826
0.000051
0.000595
0.001184
0.001509
0.001442
0.001416
0.001413
0.000962
0.000565
-0.000028
-0.000301
-0.000727
-0.000998
-0.001466
-0.001749
-0.001841
-0.001946
-0.002226
-0.002074
-0.001535
-0.001104
-0.000687
-0.000355
-0.000240
0.000029
0.000233
0.000457
0.000853
0.001422
0.001748
0.002411
0.003535
0.004488
0.004919
0.005452
0.005501
0.004885
0.003227
0.001808
0.000450
-0.000836
-0.002395
-0.004185
-0.005323
-0.006616
-0.007161
-0.006969
-0.006960
-0.006779
-0.006052
-0.005019
-0.003443
-0.001635
0.000620
0.001474
0.002768
0.003083
0.003767
0.005243
0.006767
0.006851
0.007196
0.007321
0.006619
0.005371
0.004181
0.002428
0.000913
-0.000778
-0.002502
-0.004249
-0.005407
-0.005944
-0.006208
-0.006240
-0.005780
-0.004735
-0.004309
-0.004031
-0.004489
-0.005071
-0.007507
-0.009406
-0.011014
-0.012347
-0.012520
-0.011636
-0.010274
-0.008294
-0.006617
-0.004933
-0.003500
-0.002201
-0.000705
0.000403
0.001436
0.001712
0.002297
0.001668
0.002039
0.001368
0.000709
0.001013
0.001397
0.001542
0.001951
0.003034
0.005610
0.007555
0.008133
0.007501
0.006049
0.003388
0.000339
-0.002185
-0.005376
-0.008698
-0.010472
-0.011096
-0.010126
-0.009204
-0.008735
-0.008071
-0.007306
-0.006315
-0.003996
-0.000513
0.002399
0.005748
0.009402
0.013668
0.016507
0.017430
0.017297
0.017723
0.016513
0.014334
0.011384
0.010256
0.009662
0.007717
0.005598
0.003015
-0.000148
-0.004866
-0.009527
-0.012113
-0.013319
-0.013687
-0.011794
-0.007715
-0.004495
-0.001419
-0.000291
0.002441
0.004626
0.004133
0.004419
0.005120
0.008132
0.011780
0.012259
0.012937
0.010495
0.009909
0.008731
0.007491
0.005809
0.004289
0.001641
0.001856
-0.001801
-0.005847
-0.009821
-0.012314
-0.017334
-0.023612
-0.027847
-0.031045
-0.034464
-0.039531
-0.040385
-0.040304
-0.038485
-0.035339
-0.032269
-0.027231
-0.019317
-0.011659
-0.004674
0.000117
0.004967
0.012057
0.015398
0.015664
0.018329
0.021470
0.024053
0.023089
0.018791
0.012574
0.008176
0.004080
-0.000685
-0.003949
-0.007646
-0.013412
-0.015608
-0.014843
-0.011039
-0.005691
-0.002222
-0.002268
-0.001019
0.001118
0.006530
0.010833
0.013959
0.016686
0.019625
0.020820
0.016948
0.011689
0.001682
-0.008027
-0.017094
-0.025923
-0.029729
-0.032534
-0.035239
-0.033211
-0.028103
-0.025235
-0.022926
-0.020225
-0.016581
-0.012183
-0.007876
-0.002907
0.002469
0.007932
0.011180
0.015060
0.016938
0.021458
0.024953
0.024798
0.023624
0.021778
0.014656
0.006329
0.001529
-0.007007
-0.013596
-0.016589
-0.011083
-0.009081
-0.004920
-0.004544
-0.002761
-0.000606
0.001831
0.006065
0.007122
0.007644
0.009279
0.010094
0.009319
0.006754
0.006253
0.001048
-0.005145
-0.012036
-0.020768
-0.025904
-0.023529
-0.020937
-0.014439
-0.009335
-0.003802
-0.000592
0.007336
0.019233
0.031390
0.045504
0.057159
0.064714
0.065810
0.063493
0.055409
0.048019
0.037458
0.027129
0.022095
0.017843
0.011015
-0.003302
-0.013335
-0.018320
-0.018487
-0.017209
-0.017686
-0.014581
-0.008501
-0.004245
0.003404
0.010578
0.019299
0.022033
0.026135
0.028133
0.027335
0.026998
0.028382
0.030498
0.029732
0.028897
0.022070
0.012313
0.001098
-0.013960
-0.031385
-0.048286
-0.061551
-0.072526
-0.083933
-0.088704
-0.083860
-0.075983
-0.070266
-0.061579
-0.050486
-0.040423
-0.029998
-0.013194
0.001107
0.012353
0.028580
0.040810
0.055416
0.067848
0.079032
0.084483
0.084515
0.091013
0.090745
0.090968
0.095615
0.098449
0.098264
0.092356
0.083236
0.068504
0.050037
0.021755
-0.011901
-0.043140
-0.070263
-0.091366
-0.109047
-0.117556
-0.128038
-0.134392
-0.135690
-0.133147
-0.123201
-0.110321
-0.095991
-0.077530
-0.060061
-0.041911
-0.022329
-0.004028
0.011266
0.023016
0.024872
0.021002
0.017793
0.004476
-0.005633
-0.015271
-0.026794
-0.046010
-0.060539
-0.073740
-0.082573
-0.083260
-0.076583
-0.068704
-0.062801
-0.051705
-0.040794
-0.028163
-0.013188
-0.002752
0.008097
0.022330
0.033626
0.041701
0.046029
0.053267
0.063734
0.071913
0.074097
0.075928
0.075782
0.077180
0.072001
0.063770
0.057003
0.037023
0.017129
-0.000624
-0.014670
-0.030456
-0.043906
-0.051806
-0.057411
-0.058667
-0.052830
-0.046725
-0.036463
-0.027675
-0.019373
-0.010741
0.005836
0.025408
0.035970
0.044998
0.052286
0.056007
0.062012
0.062682
0.066839
0.073259
0.069840
0.057853
0.038077
0.013110
-0.004876
-0.011831
-0.009863
-0.004701
0.001979
0.011719
0.026985
0.042622
0.061777
0.082094
0.095202
0.109735
0.110067
0.109873
0.108383
0.103187
0.094522
0.082176
0.062624
0.042540
0.024625
0.005165
-0.020450
-0.041924
-0.060130
-0.066178
-0.065477
-0.062269
-0.055804
-0.035406
-0.014159
-0.002794
0.005481
0.015624
0.024159
0.029318
0.028315
0.034151
0.030749
0.035168
0.040101
0.034153
0.018837
0.004328
-0.001401
-0.005919
-0.003001
-0.017015
-0.032840
-0.041957
-0.050394
-0.055936
-0.069130
-0.083236
-0.086571
-0.085859
-0.073069
-0.057260
-0.045786
-0.040780
-0.044983
-0.046181
-0.043630
-0.044498
-0.036842
-0.034681
-0.027954
-0.022153
-0.010763
-0.008576
0.002164
0.018472
0.028300
0.024462
0.028654
0.023966
0.019775
0.022300
0.027598
0.036564
0.041155
0.041491
0.046593
0.053256
0.052148
0.054538
0.058712
0.058093
0.057358
0.050229
0.042146
0.038907
0.036694
0.029419
0.023200
0.009871
-0.005402
-0.007670
-0.014186
-0.026658
-0.034540
-0.043901
-0.049269
-0.045994
-0.042591
-0.041598
-0.034066
-0.019652
-0.000083
0.002590
0.007784
0.015255
0.012864
0.007567
0.001202
-0.006517
-0.011104
-0.013161
-0.015462
-0.008863
-0.007899
-0.007409
0.001194
0.011404
0.021312
0.034103
0.050022
0.060997
0.067150
0.078086
0.079858
0.079355
0.082718
0.077751
0.067435
0.050104
0.026284
0.004443
-0.006781
-0.010601
-0.009323
-0.010879
-0.023502
-0.032059
-0.038859
-0.041997
-0.042190
-0.038416
-0.039112
-0.039723
-0.030088
-0.009497
-0.004016
-0.003611
-0.024978
-0.031857
-0.029235
-0.022127
-0.012151
0.004922
0.018795
0.025711
0.017444
0.016320
0.021891
0.027735
0.031853
0.029970
0.024771
0.023114
0.023026
0.030418
0.049390
0.060910
0.081910
0.099623
0.119048
0.127132
0.134458
0.136032
0.136187
0.124455
0.105303
0.076108
0.034296
-0.001585
-0.036164
-0.080991
-0.120704
-0.156208
-0.166758
-0.182852
-0.189443
-0.184392
-0.195367
-0.195954
-0.192868
-0.177856
-0.155774
-0.146944
-0.139755
-0.128611
-0.118100
-0.108880
-0.097222
-0.081285
-0.051462
-0.017420
0.018708
0.059073
0.093179
0.129356
0.160046
0.185854
0.192246
0.194731
0.197449
0.192899
0.188614
0.160513
0.131518
0.103997
0.083045
0.066834
0.056033
0.043495
0.032302
0.033271
0.033453
0.029947
0.014240
-0.000705
-0.013383
-0.012203
-0.008881
-0.015057
-0.034297
-0.040778
-0.045267
-0.046452
-0.051446
-0.049979
-0.052546
-0.030373
-0.015827
0.005662
0.032419
0.052686
0.076317
0.087964
0.102241
0.102662
0.101369
0.094951
0.081673
0.060516
0.047105
0.031018
0.012473
-0.017780
-0.057317
-0.083120
-0.099953
-0.096207
-0.086147
-0.062432
-0.047536
-0.020114
-0.000422
0.008427
0.013253
0.023268
0.036340
0.044978
0.033360
0.033217
0.024435
0.008520
-0.024494
-0.041411
-0.052731
-0.072989
-0.088810
-0.126986
-0.159437
-0.202710
-0.237091
-0.254818
-0.275036
-0.270877
-0.254238
-0.216435
-0.166563
-0.126299
-0.083897
-0.046651
0.007653
0.052800
0.096749
0.128277
0.151209
0.181441
0.207717
0.217333
0.228904
0.235150
0.215652
0.185383
0.134995
0.059603
-0.001243
-0.048285
-0.087541
-0.111823
-0.123367
-0.128027
-0.130293
-0.126205
-0.115184
-0.098545
-0.106934
-0.103751
-0.097127
-0.104842
-0.104402
-0.094338
-0.068739
-0.041491
-0.025423
-0.016947
-0.008020
-0.005967
-0.000666
-0.007944
-0.009264
-0.003350
-0.005653
0.015067
0.023368
0.026417
0.018856
0.018088
0.008302
0.016965
0.024451
0.038439
0.046145
0.052892
0.076064
0.089899
0.118989
0.147385
0.173159
0.199489
0.211337
0.199604
0.200781
0.193259
0.173392
0.142302
0.108170
0.092546
0.071131
0.043795
0.017918
-0.008833
-0.039124
-0.059472
-0.055702
-0.053288
-0.049871
-0.059569
-0.072867
-0.071607
-0.074026
-0.093334
-0.110939
-0.106436
-0.101684
-0.105065
-0.105789
-0.096259
-0.060829
-0.027596
0.016966
0.068053
0.108233
0.141471
0.161826
0.172259
0.178232
0.159862
0.154415
0.123746
0.091427
0.048279
0.016904
-0.021874
-0.034941
-0.046066
-0.057796
-0.053072
-0.057822
-0.070080
-0.070719
-0.089194
-0.111606
-0.129045
-0.149554
-0.155759
-0.171500
-0.156476
-0.141754
-0.127728
-0.125310
-0.120660
-0.113566
-0.114142
-0.099962
-0.066113
-0.018660
0.033731
0.060062
0.081043
0.116519
0.155425
0.180262
0.183818
0.187652
0.163636
0.156708
0.144837
0.130587
0.102768
0.103651
0.100035
0.088636
0.081239
0.070452
0.059427
0.044916
0.025635
0.000321
-0.015786
-0.027837
-0.054436
-0.080965
-0.095477
-0.113830
-0.100651
-0.100429
-0.080462
-0.065890
-0.050013
-0.041076
-0.056454
-0.071533
-0.096148
-0.125233
-0.145489
-0.166514
-0.172996
-0.172286
-0.180138
-0.174223
-0.146926
-0.142207
-0.121883
-0.094240
-0.053574
-0.033081
-0.035780
-0.054454
-0.047135
-0.032188
0.009758
0.073978
0.142795
0.214446
0.292642
0.353237
0.390178
0.433078
0.468856
0.494299
0.485524
0.450551
0.398868
0.331935
0.256084
0.173074
0.099143
0.011349
-0.076384
-0.151710
-0.222401
-0.280419
-0.336942
-0.364361
-0.366260
-0.353239
-0.329748
-0.279849
-0.226103
-0.183953
-0.139510
-0.092178
-0.058753
-0.029765
0.015691
0.080814
0.136047
0.193869
0.225492
0.237238
0.233466
0.237674
0.219349
0.189618
0.156212
0.135366
0.103929
0.082516
0.075373
0.067016
0.041001
0.026494
0.010565
-0.000947
0.006002
0.017686
0.027511
0.037237
0.044422
0.035689
0.033903
0.054377
0.065300
0.067037
0.077780
0.101335
0.134533
0.165532
0.208048
0.249332
0.269229
0.274694
0.266933
0.256390
0.220819
0.174684
0.117219
0.047836
0.005215
-0.020490
-0.055434
-0.102332
-0.127204
-0.151059
-0.183393
-0.217998
-0.236691
-0.235844
-0.233968
-0.235782
-0.246888
-0.278222
-0.287864
-0.286223
-0.282149
-0.248274
-0.217327
-0.163629
-0.110026
-0.056815
-0.025317
-0.011474
0.005190
0.013696
0.009202
0.009537
0.009475
-0.001379
-0.011511
-0.005151
-0.006335
0.002162
-0.015329
-0.011532
-0.020471
-0.026615
-0.032505
-0.039705
-0.050458
-0.057202
-0.059973
-0.053831
-0.046229
-0.015780
0.008505
0.043012
0.083639
0.097811
0.096261
0.099572
0.101273
0.081606
0.072586
0.035705
-0.003353
-0.036612
-0.073733
-0.076949
-0.092558
-0.103327
-0.105506
-0.109063
-0.100024
-0.073997
-0.049241
-0.020015
0.017091
0.062117
0.103066
0.150765
0.186098
0.218527
0.254929
0.244017
0.222770
0.214869
0.208630
0.171051
0.122569
0.074913
0.047416
0.003826
-0.013576
-0.010537
-0.012632
0.005135
0.034012
0.048827
0.057927
0.053851
0.042718
0.038522
0.020441
0.020572
0.039110
0.058229
0.076433
0.092590
0.113047
0.118054
0.135403
0.131391
0.117001
0.086753
0.064416
0.035615
0.011639
-0.004143
-0.046955
-0.066749
-0.061887
-0.058417
-0.073602
-0.080535
-0.093074
-0.095696
-0.096196
-0.111369
-0.094475
-0.063977
-0.041778
-0.007818
0.011179
0.050248
0.084319
0.103504
0.117674
0.120033
0.121550
0.106530
0.111851
0.125399
0.141103
0.171546
0.226659
0.261666
0.286170
0.302517
0.316157
0.316867
0.304126
0.270900
0.242419
0.222659
0.188110
0.173372
0.158051
0.138480
0.105838
0.073883
0.029247
-0.014600
-0.065542
-0.106825
-0.145620
-0.164601
-0.153489
-0.141532
-0.124168
-0.113570
-0.099314
-0.090725
-0.080346
-0.070643
-0.042834
-0.031470
-0.041316
-0.051078
-0.068992
-0.103429
-0.145363
-0.177246
-0.205277
-0.212514
-0.205610
-0.192922
-0.182503
-0.165444
-0.136532
-0.103349
-0.086617
-0.070314
-0.060559
-0.063742
-0.079056
-0.105366
-0.131913
-0.126470
-0.124838
-0.126617
-0.139279
-0.167646
-0.189630
-0.195994
-0.203993
-0.214249
-0.202024
-0.171913
-0.150145
-0.105989
-0.075731
-0.049509
-0.035502
-0.039858
-0.053358
-0.060838
-0.071766
-0.080872
-0.079960
-0.050229
-0.044784
-0.026452
0.008272
0.026881
0.059225
0.079200
0.083984
0.097058
0.106261
0.116886
0.143103
0.151465
0.148941
0.135382
0.128543
0.119233
0.118396
0.139819
0.131752
0.132721
0.126066
0.125158
0.112018
0.114237
0.095020
0.085538
0.060686
0.020793
-0.037952
-0.082695
-0.139778
-0.178678
-0.213090
-0.224247
-0.222302
-0.206284
-0.174358
-0.147873
-0.122124
-0.104348
-0.095785
-0.095516
-0.086611
-0.095516
-0.125893
-0.134236
-0.123060
-0.095270
-0.072675
-0.052964
-0.032855
-0.022267
-0.014595
-0.006062
-0.008278
-0.028317
-0.048629
-0.062185
-0.097214
-0.134375
-0.161340
-0.204265
-0.247850
-0.283732
-0.296922
-0.321654
-0.322797
-0.276972
-0.232469
-0.190389
-0.146571
-0.099267
-0.071828
-0.035591
-0.000386
0.040809
0.071855
0.099969
0.124259
0.148146
0.167668
0.178081
0.183091
0.175636
0.158901
0.149666
0.127315
0.095050
0.066473
0.041038
0.023837
0.011733
-0.000869
-0.034141
-0.048596
-0.056186
-0.074066
-0.098457
-0.123596
-0.138581
-0.162327
-0.172379
-0.173759
-0.176381
-0.154497
-0.127053
-0.086239
-0.065652
-0.045551
-0.028081
-0.016142
0.006565
0.008117
0.015614
0.015844
0.008850
-0.002600
-0.010405
-0.017232
-0.021177
-0.051217
-0.063424
-0.063619
-0.067873
-0.071771
-0.064887
-0.049762
-0.043557
-0.022690
0.005628
0.024654
0.035940
0.047860
0.055934
0.060401
0.053991
0.040491
0.037043
0.028547
0.017737
0.003156
0.000759
-0.005069
-0.007258
-0.033358
-0.064858
-0.088792
-0.106233
-0.119799
-0.132656
-0.157003
-0.169053
-0.163012
-0.144448
-0.129299
-0.122183
-0.097860
-0.078723
-0.056374
-0.023503
0.020231
0.046009
0.066807
0.086329
0.098818
0.119890
0.138357
0.152384
0.156839
0.145642
0.120887
0.100495
0.057528
0.020132
-0.022047
-0.064811
-0.124459
-0.196685
-0.251599
-0.296016
-0.328906
-0.350870
-0.348249
-0.336107
-0.305767
-0.284237
-0.251349
-0.219597
-0.182727
-0.134755
-0.083060
-0.031734
0.028080
0.083847
0.123665
0.145315
0.160645
0.166082
0.180416
0.181943
0.181880
0.162855
0.151244
0.127552
0.112633
0.072719
0.044446
-0.006398
-0.054659
-0.090962
-0.115396
-0.131689
-0.155655
-0.175562
-0.192688
-0.199555
-0.199625
-0.199104
-0.180924
-0.161339
-0.137854
-0.115406
-0.088046
-0.058202
-0.028462
-0.001682
0.023570
0.047784
0.058555
0.072374
0.074313
0.070214
0.056039
0.047189
0.038169
0.039280
0.042616
0.036982
0.024416
0.006151
-0.005605
-0.014069
-0.016793
-0.009445
0.008630
0.003586
0.002168
-0.010967
-0.015684
-0.023765
-0.017000
-0.005414
0.017264
0.048489
0.094534
0.144534
0.178985
0.208611
0.245021
0.267261
0.266697
0.258744
0.229101
0.208969
0.183645
0.159037
0.148351
0.131534
0.118097
0.111931
0.117783
0.112680
0.128546
0.143058
0.162100
0.157754
0.145912
0.134859
0.122063
0.098267
0.068570
0.045624
0.009419
-0.004529
-0.025280
-0.034770
-0.037756
-0.041642
-0.039422
-0.041856
-0.044565
-0.053582
-0.053879
-0.063274
-0.068398
-0.067846
-0.072499
-0.077209
-0.080432
-0.093746
-0.091882
-0.080345
-0.059525
-0.022013
-0.000256
0.026745
0.068375
0.111282
0.146873
0.150608
0.142152
0.139513
0.123000
0.105044
0.085583
0.065045
0.047431
0.013665
-0.022369
-0.052090
-0.069590
-0.078489
-0.080323
-0.085833
-0.088250
-0.086519
-0.093383
-0.103498
-0.110898
-0.098878
-0.094278
-0.085797
-0.073304
-0.066633
-0.055993
-0.058642
-0.050794
-0.055271
-0.067972
-0.066036
-0.060650
-0.051303
-0.051809
-0.047022
-0.040127
-0.026408
-0.010191
0.008498
0.023300
0.036824
0.042615
0.033990
0.039319
0.052798
0.053375
0.050622
0.048807
0.033355
0.013841
-0.008615
-0.027769
-0.036288
-0.040716
-0.054041
-0.058712
-0.057979
-0.054023
-0.039719
-0.029242
-0.016060
-0.013350
-0.021475
-0.044187
-0.063494
-0.081880
-0.106328
-0.111543
-0.108664
-0.101782
-0.092914
-0.077297
-0.057361
-0.035915
-0.019944
-0.001458
0.032837
0.066070
0.103338
0.129863
0.159413
0.190457
0.212127
0.223289
0.227817
0.231978
0.222180
0.202416
0.165432
0.110310
0.053784
-0.000912
-0.043835
-0.086958
-0.123993
-0.156110
-0.171348
-0.174021
-0.156715
-0.131334
-0.104629
-0.087579
-0.071985
-0.059258
-0.038423
-0.013952
0.006274
0.026773
0.037499
0.038742
0.032097
0.033913
0.043243
0.054933
0.062525
0.070737
0.078903
0.083653
0.078435
0.080061
0.075146
0.067648
0.055440
0.035796
0.014874
-0.000225
-0.018645
-0.022597
-0.020064
-0.022586
-0.018964
-0.012090
-0.005720
0.000905
0.009648
0.009741
0.007013
-0.000620
-0.001723
0.000304
0.001800
0.016088
0.027675
0.042165
0.054802
0.066776
0.074378
0.089396
0.100710
0.117827
0.133586
0.145469
0.149988
0.156720
0.158916
0.150701
0.132592
0.101392
0.062577
0.024507
-0.013920
-0.050609
-0.059749
-0.073011
-0.074597
-0.070154
-0.070533
-0.061335
-0.051884
-0.042389
-0.033712
-0.017414
-0.000261
0.021327
0.045987
0.067048
0.084597
0.107057
0.124183
0.136969
0.140865
0.159510
0.184565
0.207102
0.226429
0.226610
0.216446
0.195527
0.167079
0.128624
0.089272
0.054436
0.021686
-0.006193
-0.039903
-0.056757
-0.072686
-0.083566
-0.095650
-0.113778
-0.129235
-0.136952
-0.144418
-0.155702
-0.169898
-0.174382
-0.173516
-0.169693
-0.155286
-0.138249
-0.113143
-0.091423
-0.062245
-0.029609
-0.007406
0.019528
0.046250
0.059225
0.067954
0.071071
0.066576
0.064068
0.058105
0.045231
0.034742
0.021226
0.005011
-0.011835
-0.025750
-0.046125
-0.056922
-0.064346
-0.070206
-0.081995
-0.083531
-0.079410
-0.085040
-0.077067
-0.066933
-0.053286
-0.041108
-0.026745
-0.011369
0.003194
0.016393
0.035390
0.046266
0.058722
0.078514
0.102462
0.120683
0.132642
0.135651
0.130507
0.116783
0.106965
0.095803
0.081090
0.074854
0.065143
0.038750
0.007265
-0.026021
-0.055118
-0.083121
-0.090626
-0.099301
-0.109650
-0.118978
-0.120872
-0.120829
-0.110828
-0.107828
-0.098479
-0.081515
-0.057123
-0.031481
-0.009396
0.020762
0.049444
0.077959
0.095702
0.108879
0.106170
0.096973
0.097931
0.088439
0.075554
0.055589
0.033161
0.006516
-0.013688
-0.031549
-0.061262
-0.092010
-0.124003
-0.144902
-0.153798
-0.150999
-0.146868
-0.130762
-0.111235
-0.082235
-0.053502
-0.025046
-0.007765
0.012450
0.046769
0.075864
0.087418
0.100506
0.098189
0.096051
0.092857
0.098951
0.102668
0.104205
0.101206
0.093383
0.076626
0.067294
0.045439
0.025566
0.007034
-0.014181
-0.028146
-0.043177
-0.058662
-0.066480
-0.086843
-0.096084
-0.116385
-0.128981
-0.135435
-0.135538
-0.121135
-0.107868
-0.096799
-0.080284
-0.064683
-0.048887
-0.034436
-0.011730
0.017503
0.040397
0.058258
0.076362
0.091455
0.090125
0.087023
0.081808
0.067344
0.044192
0.016678
-0.022819
-0.040774
-0.050935
-0.061979
-0.073680
-0.078363
-0.080308
-0.073427
-0.063772
-0.060379
-0.049567
-0.032967
-0.020172
-0.014121
-0.012808
-0.015287
-0.008484
-0.001955
0.003700
0.001044
-0.001831
-0.005480
-0.012877
-0.020420
-0.021328
-0.025556
-0.030676
-0.035882
-0.035038
-0.035344
-0.038454
-0.032385
-0.028199
-0.026968
-0.032679
-0.043196
-0.053913
-0.056290
-0.063233
-0.059548
-0.050085
-0.040245
-0.035807
-0.028810
-0.020367
-0.008434
0.001131
0.007820
0.013458
0.012914
0.014850
0.020477
0.028286
0.036586
0.037274
0.043845
0.051594
0.058458
0.059223
0.054940
0.057624
0.062162
0.071369
0.082615
0.087417
0.090635
0.094812
0.095215
0.104252
0.108162
0.112263
0.110904
0.111677
0.114348
0.115928
0.110549
0.101875
0.082852
0.064353
0.054607
0.046460
0.045606
0.048874
0.046873
0.040235
0.041627
0.044945
0.042377
0.035886
0.031446
0.029391
0.029765
0.032101
0.032627
0.041187
0.043827
0.052518
0.059654
0.060489
0.064514
0.064912
0.065679
0.065932
0.061628
0.056561
0.045187
0.033585
0.016584
0.003370
-0.011915
-0.020340
-0.024353
-0.021228
-0.018900
-0.028148
-0.039618
-0.057848
-0.079915
-0.093376
-0.091104
-0.092901
-0.081840
-0.075979
-0.073088
-0.063479
-0.051115
-0.043753
-0.039943
-0.036720
-0.037118
-0.042582
-0.051891
-0.056696
-0.055922
-0.058588
-0.054665
-0.042257
-0.026110
-0.001210
0.028947
0.062553
0.094901
0.115745
0.141956
0.153614
0.158696
0.161905
0.167937
0.169462
0.164337
0.152938
0.136280
0.116744
0.089288
0.057061
0.023886
-0.006185
-0.035827
-0.057406
-0.076965
-0.094276
-0.112968
-0.126048
-0.139341
-0.135784
-0.129587
-0.120157
-0.115062
-0.110574
-0.102718
-0.089232
-0.080414
-0.068680
-0.058005
-0.046101
-0.041068
-0.034955
-0.030452
-0.022551
-0.015731
-0.002038
0.011975
0.014849
0.022178
0.026887
0.034683
0.038140
0.040846
0.043251
0.039839
0.040811
0.044155
0.049897
0.047306
0.036184
0.016897
-0.000512
-0.015360
-0.027619
-0.036732
-0.047821
-0.060179
-0.069976
-0.072530
-0.071807
-0.075050
-0.079425
-0.076441
-0.069449
-0.065115
-0.054502
-0.040773
-0.027101
-0.011295
0.001440
0.021334
0.035286
0.045639
0.059631
0.072796
0.085864
0.097103
0.103513
0.105461
0.102544
0.091279
0.076914
0.065467
0.053902
0.042186
0.040708
0.044353
0.039920
0.035560
0.028812
0.021643
0.008592
0.003803
-0.002264
-0.009878
-0.010824
-0.006097
-0.005269
-0.001570
0.004680
0.013956
0.024775
0.028962
0.034375
0.037283
0.037874
0.033440
0.027895
0.016712
-0.002254
-0.021256
-0.035584
-0.040631
-0.045304
-0.050688
-0.044297
-0.040992
-0.034846
-0.027461
-0.023220
-0.021221
-0.018968
-0.020457
-0.019232
-0.021897
-0.027210
-0.027852
-0.026087
-0.023652
-0.014020
-0.002606
0.000482
0.005829
0.012965
0.023520
0.026251
0.029252
0.030699
0.034226
0.036345
0.036348
0.027203
0.013642
-0.002736
-0.021943
-0.037352
-0.041403
-0.039470
-0.039590
-0.037791
-0.033246
-0.028570
-0.028485
-0.028966
-0.031743
-0.031280
-0.032266
-0.038965
-0.043940
-0.047466
-0.049217
-0.049629
-0.052932
-0.059245
-0.064117
-0.062808
-0.059849
-0.057355
-0.052522
-0.048314
-0.044051
-0.039976
-0.038149
-0.034954
-0.033498
-0.041599
-0.047144
-0.052671
-0.060979
-0.061800
-0.059474
-0.058153
-0.054629
-0.050293
-0.044198
-0.038644
-0.039959
-0.041155
-0.036708
-0.034612
-0.030912
-0.019904
-0.004531
0.015360
0.037103
0.049708
0.059572
0.068285
0.078845
0.086021
0.086642
0.089269
0.090481
0.086244
0.076935
0.065967
0.058187
0.053311
0.044191
0.042668
0.047708
0.052592
0.053287
0.056858
0.060688
0.061506
0.061803
0.061282
0.056985
0.054043
0.049267
0.050304
0.051744
0.058734
0.061257
0.062112
0.066357
0.068713
0.074526
0.083381
0.087271
0.089377
0.086942
0.078282
0.058108
0.041646
0.027169
0.016020
0.003005
-0.010024
-0.015197
-0.019797
-0.018321
-0.014880
-0.008158
-0.007027
-0.001994
-0.001305
-0.001829
-0.002476
0.000327
0.005530
0.015164
0.026186
0.036694
0.043963
0.047076
0.052022
0.054207
0.053536
0.054418
0.056370
0.056089
0.055012
0.051299
0.050662
0.049975
0.043919
0.034185
0.024405
0.016473
0.013033
0.009719
0.008182
0.003050
-0.001201
-0.003661
-0.005517
-0.008522
-0.015475
-0.022571
-0.026470
-0.036079
-0.044188
-0.051327
-0.056094
-0.061110
-0.064212
-0.066921
-0.063302
-0.058448
-0.053448
-0.043072
-0.032624
-0.026692
-0.018594
-0.014980
-0.014241
-0.012944
-0.013427
-0.012276
-0.005741
0.000101
0.000926
-0.002095
-0.003950
-0.008135
-0.014322
-0.017215
-0.014287
-0.012418
-0.005508
-0.004703
-0.002137
-0.002442
-0.003261
-0.000722
-0.000084
-0.000295
-0.003877
-0.008027
-0.009223
-0.008183
-0.012671
-0.012530
-0.015125
-0.013929
-0.016007
-0.015622
-0.015524
-0.017512
-0.017311
-0.012633
-0.009639
-0.011738
-0.017626
-0.022552
-0.027758
-0.035859
-0.040384
-0.041099
-0.038326
-0.031031
-0.024883
-0.012036
-0.003475
0.006607
0.012888
0.014739
0.015164
0.019948
0.022703
0.026269
0.026967
0.029665
0.033998
0.042616
0.049654
0.051727
0.053462
0.051122
0.049001
0.044827
0.035041
0.025187
0.020601
0.016310
0.010212
0.002826
-0.006591
-0.014050
-0.021394
-0.026068
-0.031399
-0.030266
-0.028513
-0.024346
-0.022398
-0.020702
-0.014608
-0.001813
0.010396
0.023534
0.035569
0.049395
0.063492
0.070807
0.073332
0.074970
0.071576
0.061776
0.052082
0.040458
0.026688
0.008415
-0.009541
-0.021438
-0.031533
-0.040502
-0.048587
-0.055055
-0.061513
-0.068219
-0.072715
-0.068406
-0.065382
-0.057747
-0.051401
-0.049405
-0.045252
-0.028158
-0.012718
-0.000346
0.009396
0.023210
0.030880
0.037527
0.045333
0.043643
0.041797
0.033153
0.023109
0.010768
-0.006126
-0.019034
-0.029256
-0.038650
-0.046460
-0.057724
-0.060871
-0.062631
-0.065137
-0.068705
-0.070169
-0.071896
-0.073451
-0.070855
-0.066745
-0.059177
-0.051470
-0.040349
-0.027371
-0.013422
-0.001935
0.008584
0.014339
0.018532
0.030282
0.041590
0.045831
0.048828
0.052057
0.053690
0.051030
0.050178
0.045083
0.039701
0.032791
0.029383
0.023181
0.016223
0.012315
0.011304
0.013693
0.019301
0.029097
0.039958
0.050109
0.051639
0.051366
0.046576
0.046208
0.044038
0.041273
0.034669
0.026818
0.016499
0.008681
0.003067
0.002936
0.003116
0.001757
-0.001190
-0.005658
-0.011674
-0.013876
-0.023900
-0.030541
-0.033524
-0.037676
-0.034897
-0.033496
-0.033634
-0.034333
-0.035677
-0.033417
-0.031843
-0.027022
-0.023640
-0.023487
-0.026310
-0.029690
-0.033678
-0.036843
-0.033223
-0.028446
-0.026301
-0.019820
-0.012715
-0.005650
-0.002872
0.002842
0.010421
0.017288
0.022601
0.026191
0.025113
0.022883
0.020389
0.015233
0.008377
0.003010
-0.008710
-0.017277
-0.026418
-0.032083
-0.036743
-0.038201
-0.040790
-0.043024
-0.044443
-0.043217
-0.042053
-0.042624
-0.039174
-0.037051
-0.030355
-0.022905
-0.019636
-0.013982
-0.004351
0.004000
0.009288
0.015898
0.021376
0.022786
0.023738
0.024593
0.031137
0.030175
0.030402
0.026342
0.022519
0.018245
0.012995
0.007591
0.002704
0.002214
-0.000675
-0.008797
-0.016005
-0.022400
-0.025792
-0.028250
-0.030483
-0.035092
-0.034148
-0.031083
-0.029829
-0.032592
-0.031825
-0.029671
-0.026992
-0.019262
-0.013412
-0.008064
0.000826
0.009414
0.018750
0.027220
0.031145
0.036364
0.036348
0.034935
0.030866
0.025281
0.020521
0.014891
0.009043
0.004381
-0.000354
-0.005429
-0.005446
-0.008704
-0.012816
-0.014878
-0.015479
-0.018638
-0.023318
-0.024633
-0.022712
-0.025291
-0.023056
-0.025520
-0.030428
-0.037059
-0.040895
-0.046638
-0.051327
-0.056499
-0.060338
-0.059931
-0.056435
-0.055741
-0.053246
-0.050881
-0.045913
-0.042037
-0.034282
-0.027283
-0.021645
-0.016697
-0.010295
-0.003922
0.003365
0.011308
0.020745
0.030570
0.039394
0.043334
0.045806
0.049949
0.052641
0.054747
0.054657
0.048329
0.039098
0.028565
0.020702
0.013836
0.007427
0.003997
0.001276
-0.003015
-0.010266
-0.019789
-0.032073
-0.041225
-0.049920
-0.057491
-0.060604
-0.057544
-0.055392
-0.052345
-0.047662
-0.039047
-0.027131
-0.014271
0.000321
0.010012
0.019256
0.027785
0.034029
0.035967
0.036382
0.036035
0.037281
0.038664
0.039219
0.036320
0.034097
0.033524
0.031723
0.027706
0.022960
0.018283
0.012761
0.003721
-0.005053
-0.011002
-0.015700
-0.019813
-0.024265
-0.026628
-0.028025
-0.026024
-0.021180
-0.017669
-0.011571
-0.000995
0.010629
0.019711
0.025497
0.032801
0.037506
0.038078
0.037279
0.032111
0.026053
0.019742
0.013424
0.004509
-0.001708
-0.010559
-0.023965
-0.035144
-0.043871
-0.046521
-0.049008
-0.052295
-0.052132
-0.048359
-0.046670
-0.041867
-0.036397
-0.029688
-0.024991
-0.021376
-0.015375
-0.008706
-0.001807
-0.000226
0.003942
0.006658
0.006433
0.006399
0.006338
0.006324
0.008008
0.010237
0.011158
0.011230
0.009445
0.007179
0.003688
0.001515
-0.001230
-0.003212
-0.000518
0.003950
0.006409
0.011381
0.014473
0.017282
0.017660
0.017259
0.017784
0.014747
0.012989
0.011470
0.009145
0.008646
0.009159
0.012129
0.016031
0.020667
0.024586
0.030205
0.033777
0.038857
0.043681
0.045128
0.043331
0.042375
0.040267
0.034374
0.026958
0.020151
0.015340
0.012041
0.004779
-0.001018
-0.005955
-0.012206
-0.016386
-0.017604
-0.016799
-0.015780
-0.013762
-0.012876
-0.010968
-0.010094
-0.011416
-0.012432
-0.010940
-0.009177
-0.008113
-0.009207
-0.011057
-0.013065
-0.014428
-0.017815
-0.021316
-0.023384
-0.023958
-0.023827
-0.021149
-0.016601
-0.011603
-0.004758
0.000416
0.006997
0.011832
0.013000
0.009464
0.003810
-0.003731
-0.010339
-0.015412
-0.017715
-0.019359
-0.021949
-0.021871
-0.020200
-0.014051
-0.004190
0.002949
0.009927
0.010938
0.009191
0.009132
0.009204
0.005050
-0.003290
-0.011403
-0.016515
-0.018417
-0.020411
-0.022144
-0.022678
-0.019242
-0.010643
-0.003497
0.002607
0.008340
0.017703
0.023851
0.028743
0.028147
0.024567
0.021353
0.019081
0.015993
0.009311
0.000346
-0.010791
-0.021460
-0.032346
-0.042749
-0.052976
-0.060154
-0.065039
-0.069623
-0.072312
-0.068930
-0.061129
-0.054073
-0.045319
-0.036152
-0.026066
-0.014337
-0.001362
0.009139
0.018467
0.025295
0.031171
0.033222
0.034302
0.032870
0.031342
0.029195
0.027241
0.025156
0.024649
0.023190
0.022170
0.021230
0.018489
0.013493
0.008068
0.001127
-0.007749
-0.017800
-0.027323
-0.035428
-0.042355
-0.046768
-0.048093
-0.046285
-0.042087
-0.037441
-0.033438
-0.031574
-0.028916
-0.027288
-0.024014
-0.019870
-0.010982
-0.002615
0.004462
0.011255
0.018840
0.023748
0.031697
0.038065
0.042323
0.043855
0.043872
0.042422
0.039153
0.034025
0.029232
0.024277
0.019854
0.015412
0.009364
0.005956
0.000504
-0.005059
-0.010640
-0.017586
-0.024852
-0.032778
-0.040818
-0.049483
-0.055328
-0.056738
-0.056841
-0.054922
-0.050845
-0.047372
-0.042835
-0.036758
-0.031040
-0.025596
-0.020511
-0.016810
-0.011810
-0.005288
0.001322
0.009109
0.017524
0.024467
0.032879
0.035434
0.035313
0.035268
0.034861
0.035790
0.035597
0.034257
0.031500
0.026807
0.019182
0.012090
0.004739
-0.001512
-0.005861
-0.012572
-0.017214
-0.016676
-0.013942
-0.010297
-0.007040
-0.001018
0.007024
0.016087
0.024423
0.029840
0.033430
0.036873
0.040693
0.040740
0.038571
0.037052
0.033785
0.028066
0.023057
0.017062
0.010107
0.003732
-0.002992
-0.008375
-0.013672
-0.015206
-0.015117
-0.017170
-0.017917
-0.018381
-0.019310
-0.018468
-0.018553
-0.015283
-0.013613
-0.009923
-0.009784
-0.009210
-0.007826
-0.006435
-0.006834
-0.004560
-0.004227
-0.003964
-0.005605
-0.005870
-0.005071
-0.005018
-0.003701
-0.002727
-0.003723
-0.005738
-0.009041
-0.009595
-0.011446
-0.012847
-0.012337
-0.009809
-0.009031
-0.006747
-0.003010
0.002072
0.005863
0.007027
0.006999
0.005961
0.003968
0.005930
0.005558
0.006759
0.010199
0.012674
0.017356
0.019858
0.023794
0.026463
0.028031
0.028288
0.029149
0.027649
0.023416
0.019599
0.017385
0.010787
0.007810
0.006837
0.005118
0.004541
0.002810
0.002500
0.001083
-0.001893
-0.004986
-0.008342
-0.012617
-0.014966
-0.013518
-0.010950
-0.007778
-0.004702
-0.000544
0.002281
0.006424
0.011484
0.017004
0.019313
0.020182
0.020680
0.021029
0.020058
0.018103
0.014871
0.014209
0.014580
0.013210
0.013440
0.015676
0.018701
0.017744
0.016490
0.015708
0.014468
0.015476
0.017479
0.019533
0.023817
0.025193
0.025202
0.025424
0.024180
0.021269
0.019945
0.017099
0.014251
0.010207
0.005214
0.000241
-0.004120
-0.006510
-0.010598
-0.014881
-0.018075
-0.019589
-0.020951
-0.019900
-0.018566
-0.016402
-0.014857
-0.013182
-0.012874
-0.011821
-0.008465
-0.003597
-0.002227
0.000386
0.004290
0.010353
0.018415
0.026794
0.033538
0.038313
0.040581
0.040329
0.038421
0.035258
0.031510
0.026210
0.020099
0.013282
0.008207
0.002373
-0.002762
-0.006668
-0.010687
-0.013126
-0.014197
-0.014800
-0.015031
-0.016388
-0.016662
-0.016265
-0.016050
-0.013255
-0.012249
-0.012053
-0.011943
-0.012225
-0.010020
-0.008957
-0.006511
-0.003260
0.000716
0.002480
0.004049
0.004673
0.003750
0.001708
0.000957
0.003385
0.006185
0.010014
0.013124
0.017171
0.018769
0.020186
0.021408
0.021544
0.022134
0.021348
0.018797
0.017010
0.015764
0.013503
0.011726
0.009298
0.002756
-0.003490
-0.007792
-0.011265
-0.015577
-0.019190
-0.021059
-0.021421
-0.020446
-0.019253
-0.016676
-0.013235
-0.007067
-0.002568
0.001708
0.005071
0.008753
0.011337
0.013655
0.015563
0.014734
0.010148
0.007203
0.004589
0.002616
-0.000599
-0.004422
-0.009447
-0.014537
-0.017564
-0.018322
-0.016241
-0.013968
-0.010201
-0.005450
0.000734
0.007597
0.013478
0.017547
0.021396
0.024320
0.026093
0.026013
0.025040
0.023558
0.021906
0.019709
0.015062
0.009449
0.004043
-0.001548
-0.006423
-0.008891
-0.008678
-0.007646
-0.006294
-0.003427
-0.001089
-0.000207
0.001938
0.002887
0.004664
0.004571
0.004876
0.005585
0.005799
0.006942
0.009141
0.012502
0.015316
0.017904
0.019781
0.020632
0.022948
0.024905
0.023933
0.023196
0.021062
0.020317
0.019403
0.018491
0.014660
0.009140
0.003446
-0.003753
-0.012333
-0.018882
-0.023370
-0.026884
-0.029501
-0.031480
-0.030403
-0.028200
-0.024328
-0.019979
-0.013981
-0.009204
-0.003892
0.001298
0.003042
0.003974
0.003291
0.002025
0.000737
-0.001392
-0.002392
-0.003192
-0.005170
-0.008136
-0.010891
-0.013534
-0.015074
-0.014960
-0.015021
-0.015304
-0.016390
-0.015355
-0.014911
-0.013540
-0.013591
-0.014916
-0.015944
-0.016240
-0.016365
-0.016902
-0.015677
-0.013623
-0.012558
-0.010148
-0.005733
-0.001810
0.002807
0.007842
0.014110
0.019508
0.022958
0.025783
0.027262
0.027095
0.027035
0.027018
0.026896
0.025893
0.025774
0.024239
0.021716
0.019266
0.017195
0.013703
0.011548
0.008441
0.005876
0.002351
-0.000510
-0.003014
-0.003779
-0.003264
-0.003328
-0.003606
-0.004369
-0.006313
-0.008790
-0.012735
-0.017652
-0.022835
-0.026927
-0.029810
-0.033294
-0.035922
-0.039157
-0.040926
-0.040457
-0.038623
-0.035256
-0.029457
-0.023011
-0.017932
-0.015326
-0.012256
-0.005503
0.000917
0.005901
0.010478
0.013080
0.017587
0.021515
0.024359
0.028375
0.031291
0.033968
0.034856
0.035771
0.034889
0.031834
0.026529
0.020506
0.013620
0.006875
0.000011
-0.005230
-0.009182
-0.012408
-0.017004
-0.023150
-0.028999
-0.032476
-0.034252
-0.033481
-0.032046
-0.030075
-0.028195
-0.024931
-0.021121
-0.016660
-0.012603
-0.007538
-0.001304
0.003802
0.008816
0.012560
0.013153
0.012953
0.009935
0.008935
0.008218
0.008844
0.007957
0.006709
0.006873
0.005522
0.004172
0.002903
0.000710
-0.001144
-0.003737
-0.006752
-0.010422
-0.013268
-0.015271
-0.017370
-0.017959
-0.016815
-0.015149
-0.010259
-0.002989
0.002842
0.009111
0.012676
0.014092
0.015164
0.015498
0.015338
0.014121
0.013645
0.011286
0.010146
0.009058
0.006763
0.005878
0.005031
0.004382
0.004052
0.003596
0.001849
0.000862
-0.000633
-0.001795
-0.003271
-0.003671
-0.004559
-0.003727
-0.003158
-0.002121
-0.002109
-0.000782
0.000619
0.000497
0.000974
0.000186
-0.001366
-0.003131
-0.003793
-0.006037
-0.007798
-0.009404
-0.011126
-0.013932
-0.015016
-0.016621
-0.018149
-0.019274
-0.020552
-0.021002
-0.020830
-0.019946
-0.018336
-0.016373
-0.012741
-0.010228
-0.008564
-0.006357
-0.004804
-0.002528
0.000264
0.002888
0.004616
0.006168
0.006977
0.006825
0.006365
0.005558
0.004347
0.003573
0.002178
0.000573
-0.000715
-0.001969
-0.004500
-0.006325
-0.007460
-0.007224
-0.008268
-0.009213
-0.010094
-0.010580
-0.010415
-0.010105
-0.008979
-0.008074
-0.004966
-0.001938
-0.000610
0.001272
0.001843
0.001768
0.002140
0.000735
0.000070
-0.000282
-0.000172
-0.000209
0.000179
-0.000089
-0.000754
-0.001670
-0.002312
-0.002683
-0.004777
-0.007200
-0.008870
-0.010498
-0.010863
-0.010260
-0.009343
-0.005793
-0.001936
0.001734
0.005517
0.009831
0.013283
0.016268
0.018447
0.020450
0.023349
0.025128
0.025653
0.025056
0.023949
0.023451
0.021486
0.019425
0.016428
0.013352
0.009892
0.006154
0.001528
-0.003285
-0.007218
-0.009465
-0.010319
-0.009415
-0.008334
-0.005601
-0.003193
-0.002139
-0.001013
0.001654
0.003265
0.004430
0.004658
0.005092
0.006606
0.008251
0.009483
0.009982
0.010956
0.011280
0.010928
0.010311
0.009994
0.009140
0.008781
0.008692
0.006842
0.005012
0.003686
0.003311
0.002837
0.002295
0.002986
0.003031
0.001449
-0.000091
-0.000368
-0.000058
0.001218
0.002510
0.002907
0.003811
0.004473
0.005468
0.006056
0.004974
0.003994
0.002173
-0.000574
-0.003196
-0.005833
-0.006874
-0.007257
-0.006002
-0.004982
-0.004743
-0.005671
-0.006708
-0.007842
-0.008332
-0.008669
-0.010038
-0.011778
-0.012493
-0.011926
-0.009008
-0.005734
-0.001737
0.000486
0.002955
0.003940
0.004977
0.006373
0.008803
0.010868
0.012660
0.015114
0.017927
0.019723
0.021067
0.021972
0.022284
0.021778
0.020274
0.017512
0.015267
0.013486
0.011533
0.009006
0.005222
0.001536
-0.001976
-0.004603
-0.006672
-0.009542
-0.011064
-0.011819
-0.012608
-0.013074
-0.013457
-0.015370
-0.016097
-0.016316
-0.016217
-0.014873
-0.013066
-0.011297
-0.009119
-0.006961
-0.005052
-0.002911
-0.001510
-0.000609
0.001620
0.002664
0.003764
0.003889
0.003423
0.002859
0.001816
0.000902
0.000870
0.003079
0.005249
0.008030
0.010394
0.012905
0.015524
0.016907
0.017446
0.016980
0.016152
0.014194
0.011587
0.009477
0.006596
0.004077
0.001008
-0.001656
-0.003414
-0.004562
-0.006334
-0.009501
-0.011572
-0.012147
-0.012381
-0.012171
-0.012321
-0.012457
-0.012472
-0.012376
-0.011872
-0.011173
-0.010024
-0.007649
-0.005826
-0.004426
-0.003037
-0.001190
0.000270
0.001117
0.002499
0.004202
0.006216
0.008161
0.009007
0.008978
0.008159
0.008330
0.007976
0.006864
0.006323
0.004759
0.002163
-0.001403
-0.003968
-0.004465
-0.005306
-0.007364
-0.008037
-0.009349
-0.009999
-0.011178
-0.011576
-0.011437
-0.011433
-0.011697
-0.010501
-0.008159
-0.004583
-0.000785
0.001787
0.004974
0.008990
0.012662
0.015759
0.017845
0.019179
0.020439
0.021132
0.021529
0.020898
0.019225
0.017209
0.015789
0.013363
0.011611
0.008650
0.005074
0.001329
-0.002324
-0.005546
-0.008932
-0.013034
-0.016563
-0.019141
-0.019251
-0.019040
-0.018767
-0.016487
-0.013408
-0.010340
-0.009222
-0.008506
-0.008223
-0.007685
-0.007164
-0.006389
-0.006359
-0.006292
-0.005674
-0.005499
-0.004970
-0.004208
-0.003149
-0.002627
-0.001217
-0.000630
0.000793
0.002381
0.004128
0.005008
0.006252
0.008898
0.010703
0.011870
0.013026
0.013998
0.014092
0.013982
0.014376
0.014278
0.013244
0.011387
0.008672
0.005980
0.003052
0.000340
-0.001724
-0.004215
-0.005977
-0.008128
-0.009905
-0.012441
-0.014974
-0.016325
-0.016771
-0.017019
-0.016657
-0.015826
-0.014975
-0.014092
-0.014187
-0.014144
-0.014338
-0.013999
-0.013654
-0.013331
-0.012775
-0.011859
-0.010251
-0.008619
-0.006662
-0.005474
-0.003472
-0.000912
0.002678
0.006292
0.009541
0.011917
0.013857
0.016288
0.017422
0.018317
0.018299
0.017824
0.016063
0.014717
0.011658
0.008488
0.006040
0.003510
0.001715
-0.000529
-0.001737
-0.002283
-0.002583
-0.003579
-0.004077
-0.005409
-0.005599
-0.005596
-0.005413
-0.004524
-0.003238
-0.001740
-0.000569
0.000426
0.000850
0.000352
-0.000167
-0.001093
-0.002440
-0.003836
-0.004840
-0.006232
-0.006429
-0.007107
-0.007885
-0.008374
-0.007866
-0.006755
-0.005305
-0.003769
-0.002025
-0.000551
0.000996
0.001596
0.001938
0.002527
0.002933
0.003184
0.003100
0.002451
0.001892
0.002084
0.002121
0.001733
0.001645
0.001380
0.000500
0.000680
-0.000245
-0.001359
-0.002483
-0.004605
-0.006629
-0.008896
-0.010780
-0.012232
-0.012805
-0.013423
-0.014034
-0.014241
-0.014332
-0.013892
-0.013521
-0.012832
-0.011974
-0.010635
-0.009161
-0.008426
-0.006929
-0.005418
-0.003846
-0.002487
-0.000406
0.001473
0.003017
0.004283
0.005250
0.006779
0.008279
0.009424
0.011064
0.012081
0.012376
0.011360
0.010777
0.009707
0.009016
0.007706
0.006066
0.004421
0.003999
0.004070
0.004188
0.004148
0.004186
0.004403
0.003997
0.004136
0.003191
0.001644
-0.000566
-0.001999
-0.003385
-0.004354
-0.004960
-0.006040
-0.007059
-0.007811
-0.007762
-0.006861
-0.005757
-0.005013
-0.004209
-0.002891
-0.001790
0.000137
0.001640
0.003067
0.003897
0.004209
0.004822
0.005077
0.005012
0.004614
0.004606
0.004747
0.005125
0.005089
0.005193
0.005406
0.006179
0.006781
0.006169
0.005055
0.004295
0.004376
0.003791
0.004254
0.005406
0.007041
0.009435
0.011756
0.012821
0.013215
0.013895
0.015070
0.015851
0.015790
0.015525
0.014929
0.014065
0.012897
0.011155
0.008860
0.005048
0.000790
-0.003535
-0.007194
-0.009999
-0.013189
-0.015204
-0.016499
-0.017756
-0.017988
-0.017115
-0.014962
-0.012292
-0.009501
-0.006297
-0.002438
0.001554
0.004748
0.007623
0.010143
0.011800
0.013498
0.014610
0.015626
0.015341
0.013783
0.012045
0.009615
0.006731
0.004019
0.002015
-0.000489
-0.002092
-0.003303
-0.005006
-0.006872
-0.008264
-0.009195
-0.010125
-0.010058
-0.009670
-0.009076
-0.007381
-0.005268
-0.003531
-0.002036
-0.001421
-0.000771
0.000083
-0.000178
0.000101
0.001131
0.001433
0.001206
0.001725
0.001948
0.002702
0.003950
0.005100
0.007003
0.008771
0.009811
0.009970
0.010344
0.009982
0.009492
0.009263
0.008025
0.006397
0.004578
0.003406
0.002134
0.001540
0.001380
0.000966
-0.000091
-0.000560
-0.000739
-0.000951
-0.001994
-0.003572
-0.004636
-0.004777
-0.004961
-0.005456
-0.005114
-0.004369
-0.002658
-0.000745
0.000817
0.002139
0.002206
0.002350
0.002619
0.001957
0.001423
0.001064
0.001327
0.001749
0.001959
0.002641
0.003138
0.004176
0.004821
0.005160
0.005493
0.005005
0.005110
0.004034
0.003363
0.002151
0.000359
-0.001660
-0.002616
-0.003489
-0.003664
-0.004043
-0.003125
-0.002463
-0.001809
-0.000832
0.000107
0.001088
0.001558
0.001065
0.001088
0.000337
-0.001480
-0.003247
-0.005114
-0.006611
-0.007195
-0.007491
-0.007952
-0.007703
-0.007378
-0.006716
-0.006411
-0.005682
-0.005092
-0.004035
-0.003171
-0.002637
-0.001771
-0.001042
-0.001125
-0.001399
-0.000574
0.000440
0.001070
0.001273
0.001615
0.002047
0.002487
0.002529
0.002887
0.003804
0.004241
0.003927
0.003879
0.004421
0.005233
0.006395
0.007247
0.007450
0.007473
0.006417
0.005341
0.003749
0.002016
0.000125
-0.001614
-0.003161
-0.004151
-0.004602
-0.004621
-0.004505
-0.004351
-0.003494
-0.002638
-0.000984
-0.000144
0.000069
-0.000522
-0.001042
-0.001987
-0.003299
-0.003976
-0.004444
-0.004309
-0.003617
-0.003109
-0.001954
-0.000851
0.000478
0.001506
0.001584
0.002377
0.002644
0.002509
0.001483
-0.000491
-0.002220
-0.003580
-0.004823
-0.006276
-0.007127
-0.007504
-0.007154
-0.006753
-0.005547
-0.004245
-0.002652
-0.000699
0.000581
0.001535
0.002510
0.003329
0.004725
0.005623
0.006456
0.005889
0.005272
0.004905
0.004074
0.002926
0.002152
0.001270
0.000476
-0.000318
-0.000655
-0.000768
-0.000738
-0.001330
-0.001193
-0.001470
-0.001744
-0.001587
-0.001572
-0.002012
-0.002647
-0.003241
-0.003597
-0.003721
-0.003612
-0.002740
-0.002646
-0.002353
-0.002087
-0.001618
-0.001696
-0.002120
-0.002100
-0.001663
-0.000805
-0.000321
-0.000263
-0.000204
-0.000130
-0.000126
-0.000287
-0.000231
-0.000519
-0.000684
-0.001104
-0.001504
-0.002631
-0.004282
-0.005713
-0.007280
-0.008347
-0.008507
-0.008258
-0.007460
-0.006461
-0.005118
-0.004007
-0.003077
-0.001820
-0.000980
-0.000288
-0.000019
0.000408
0.000931
0.001490
0.001881
0.002042
0.001534
0.000960
0.000447
-0.000372
-0.001159
-0.001862
-0.002502
-0.002976
-0.003076
-0.003442
-0.003294
-0.003220
-0.002965
-0.002813
-0.001625
-0.000530
0.000614
0.001785
0.003117
0.004572
0.005593
0.006410
0.006912
0.006516
0.006038
0.005507
0.004433
0.003317
0.002082
0.001010
0.000150
-0.000153
-0.000301
-0.000435
-0.000784
-0.001292
-0.001677
-0.002013
-0.001864
-0.001932
-0.001813
-0.001940
-0.001819
-0.001480
-0.000884
-0.000626
-0.000466
-0.000299
-0.000090
0.000460
0.000755
0.000826
0.000988
0.001397
0.001489
0.000813
0.000517
-0.000432
-0.001514
-0.002603
-0.003669
-0.003864
-0.003644
-0.003455
-0.002967
-0.002886
-0.003294
-0.003410
-0.003167
-0.003819
-0.004355
-0.004797
-0.004673
-0.004767
-0.004380
-0.002828
-0.000889
0.001597
0.003421
0.005710
0.007955
0.009484
0.010783
0.011588
0.012800
0.013636
0.014064
0.013397
0.012172
0.010481
0.008602
0.006893
0.005375
0.004126
0.002721
0.001165
0.000346
0.000588
0.000557
0.000528
-0.000129
-0.000222
0.000023
0.000585
0.000746
0.001498
0.002301
0.002606
0.002281
0.001668
0.001029
0.000097
-0.001259
-0.002629
-0.003759
-0.004321
-0.004071
-0.003197
-0.002522
-0.002092
-0.001716
-0.000750
0.000173
0.000359
0.001051
0.001675
0.002157
0.002588
0.002916
0.003034
0.002682
0.002216
0.001492
0.000296
-0.000487
-0.000665
-0.000775
-0.001214
-0.001877
-0.002573
-0.003091
-0.003512
-0.004083
-0.004233
-0.004317
-0.003628
-0.002749
-0.001546
-0.000633
0.000507
0.001565
0.002545
0.002876
0.003204
0.003539
0.003640
0.003722
0.003620
0.003122
0.002770
0.001985
0.000785
0.000042
-0.000733
-0.001604
-0.002472
-0.003636
-0.004833
-0.005312
-0.005342
-0.005070
-0.004582
-0.003758
-0.002827
-0.002415
-0.001771
-0.001056
-0.000620
-0.000056
0.000769
0.001127
0.001528
0.001549
0.001741
0.001601
0.001325
0.000765
-0.000420
-0.001858
-0.002851
-0.003633
-0.004402
-0.005215
-0.005821
-0.006994
-0.007839
-0.008337
-0.008987
-0.009153
-0.009399
-0.009101
-0.008687
-0.008212
-0.007075
-0.005642
-0.003917
-0.002627
-0.000812
0.000865
0.002171
0.003362
0.004264
0.005072
0.005618
0.006026
0.006124
0.005821
0.005448
0.004846
0.004218
0.003660
0.003261
0.003099
0.002567
0.001704
0.000691
-0.000577
-0.001966
-0.003649
-0.004918
-0.005826
-0.006217
-0.006350
-0.006570
-0.006176
-0.005596
-0.004811
-0.003580
-0.002411
-0.000987
0.000203
0.001042
0.002316
0.003583
0.004406
0.004725
0.004847
0.004877
0.004972
0.005220
0.005459
0.005450
0.005225
0.005035
0.004628
0.004068
0.003545
0.003097
0.002638
0.002083
0.001431
0.001041
0.000589
0.000259
0.000175
0.000380
0.000850
0.000990
0.001397
0.001356
0.001157
0.000843
0.000805
0.000827
0.000796
0.000651
0.000671
0.001013
0.001082
0.001090
0.001378
0.001155
0.000648
0.000399
0.000181
0.000407
0.000480
0.000892
0.001386
0.001920
0.002221
0.002997
0.003399
0.003888
0.004360
0.004874
0.005894
0.006012
0.005936
0.005520
0.004925
0.003643
0.001971
0.000466
-0.001018
-0.002381
-0.003887
-0.005366
-0.006648
-0.007508
-0.007909
-0.007828
-0.007374
-0.006826
-0.005931
-0.004798
-0.003567
-0.002612
-0.001435
-0.000629
0.000313
0.001138
0.001642
0.002171
0.002121
0.001964
0.001440
0.000826
0.000165
-0.001019
-0.001758
-0.002193
-0.002620
-0.002992
-0.003317
-0.003357
-0.003135
-0.003064
-0.002985
-0.002645
-0.001850
-0.000884
-0.000071
0.000973
0.001840
0.002533
0.002914
0.003055
0.003089
0.002892
0.002504
0.001972
0.001233
0.000786
0.000589
0.000442
0.000272
-0.000313
-0.001043
-0.002138
-0.002975
-0.003866
-0.004670
-0.004778
-0.004874
-0.004668
-0.004594
-0.004353
-0.003815
-0.003533
-0.002645
-0.001618
-0.000379
0.000714
0.001561
0.002316
0.002529
0.002451
0.001998
0.001498
0.001254
0.000896
0.000439
-0.000317
-0.000729
-0.001243
-0.001854
-0.002244
-0.002302
-0.002301
-0.002410
-0.002476
-0.002544
-0.002412
-0.001997
-0.001860
-0.001979
-0.001603
-0.001943
-0.002085
-0.002129
-0.002469
-0.002983
-0.003735
-0.004025
-0.004025
-0.003875
-0.003182
-0.002737
-0.002217
-0.001321
-0.000931
-0.000252
-0.000012
0.000359
0.000798
0.001268
0.001929
0.002255
0.002075
0.001898
0.001653
0.001348
0.000875
0.000456
-0.000121
-0.001323
-0.002431
-0.003615
-0.004627
-0.005371
-0.005879
-0.006455
-0.006628
-0.006850
-0.007007
-0.006973
-0.006791
-0.006412
-0.005838
-0.004600
-0.003690
-0.002234
-0.000769
0.000394
0.001641
0.002783
0.003394
0.003989
0.004933
0.005727
0.006617
0.007577
0.008018
0.008240
0.008527
0.008242
0.007844
0.007146
0.006461
0.005567
0.004523
0.003441
0.002361
0.001062
-0.000015
-0.000778
-0.001371
-0.001763
-0.002006
-0.002020
-0.002093
-0.002024
-0.001756
-0.001622
-0.001544
-0.001641
-0.001750
-0.002083
-0.002357
-0.002967
-0.003122
-0.003384
-0.003277
-0.003567
-0.003566
-0.002803
-0.001844
-0.001271
-0.000419
0.000701
0.001738
0.003159
0.004491
0.005351
0.005878
0.006111
0.005954
0.005246
0.004465
0.003521
0.002471
0.001244
0.000058
-0.000853
-0.001795
-0.002927
-0.003854
-0.004543
-0.005017
-0.005136
-0.005328
-0.005148
-0.004774
-0.004229
-0.003849
-0.003815
-0.003473
-0.003006
-0.002331
-0.001734
-0.000812
0.000315
0.001386
0.002051
0.002371
0.002608
0.002721
0.002948
0.002934
0.002966
0.003301
0.003548
0.003626
0.003370
0.002914
0.002540
0.002106
0.001471
0.000620
-0.000676
-0.002232
-0.003521
-0.004385
-0.004983
-0.005402
-0.005447
-0.005364
-0.005385
-0.005455
-0.005209
-0.004813
-0.004321
-0.003716
-0.003043
-0.002332
-0.001643
-0.000975
-0.000439
0.000052
0.000252
0.000446
0.000608
0.000875
0.000880
0.001064
0.001078
0.001289
0.001363
0.001341
0.001145
0.000664
0.000166
-0.000214
-0.000564
-0.000852
-0.001156
-0.001638
-0.002249
-0.002758
-0.002844
-0.003132
-0.003348
-0.003482
-0.003505
-0.003212
-0.002830
-0.002543
-0.002367
-0.002071
-0.001789
-0.001618
-0.001273
-0.000700
-0.000323
0.000337
0.001261
0.002163
0.003026
0.003799
0.004453
0.004982
0.005190
0.005148
0.004747
0.004262
0.003838
0.003188
0.002265
0.001644
0.000951
0.000354
-0.000077
-0.000416
-0.000851
-0.001126
-0.001063
-0.000984
-0.000710
-0.000301
-0.000237
-0.000145
-0.000218
-0.000347
-0.000732
-0.001204
-0.001733
-0.002143
-0.002423
-0.002458
-0.002259
-0.002217
-0.001803
-0.001366
-0.001137
-0.000774
-0.000503
-0.000337
-0.000020
0.000257
0.000552
0.001024
0.001524
0.002234
0.002735
0.002927
0.003029
0.003264
0.003341
0.003571
0.003713
0.004159
0.004208
0.004230
0.004188
0.003754
0.003276
0.003039
0.002800
0.002409
0.002026
0.001499
0.000867
0.000702
0.000355
0.000306
0.000264
-0.000018
-0.000247
-0.000701
-0.001010
-0.001236
-0.001632
-0.001810
-0.001700
-0.001178
-0.000736
-0.000554
-0.000439
-0.000451
-0.000357
-0.000127
0.000235
0.000309
0.000214
-0.000185
-0.000352
-0.000462
-0.000587
-0.000701
-0.000993
-0.000932
-0.000721
-0.000214
0.000206
0.000567
0.000723
0.000920
0.000653
0.000445
-0.000033
-0.000019
-0.000153
-0.000214
-0.000421
-0.000655
-0.000900
-0.001091
-0.001348
-0.001490
-0.001298
-0.000920
-0.000448
-0.000031
0.000059
-0.000077
-0.000361
-0.000519
-0.000539
-0.000558
-0.000827
-0.001106
-0.001525
-0.001822
-0.002103
-0.002113
-0.001999
-0.001644
-0.001083
-0.000427
0.000018
0.000725
0.001177
0.001705
0.002194
0.002703
0.003189
0.003357
0.003156
0.002574
0.001465
0.000361
-0.000380
-0.001036
-0.001514
-0.001753
-0.001673
-0.001462
-0.001254
-0.000906
-0.000408
-0.000015
0.000175
0.000154
0.000352
0.000718
0.001065
0.001060
0.001067
0.000857
0.000659
0.000380
-0.000086
-0.000624
-0.001254
-0.001803
-0.002238
-0.002539
-0.002605
-0.002630
-0.002423
-0.002135
-0.002076
-0.001965
-0.002027
-0.002100
-0.002011
-0.001950
-0.001679
-0.001252
-0.000853
-0.000490
0.000085
0.000765
0.001447
0.001889
0.002045
0.002312
0.002462
0.002268
0.002000
0.001663
0.001293
0.000982
0.000590
0.000035
-0.000452
-0.000697
-0.000739
-0.000703
-0.000632
-0.000412
-0.000182
-0.000367
-0.000403
-0.000364
-0.000305
-0.000398
-0.000562
-0.000790
-0.001075
-0.001407
-0.001785
-0.002220
-0.002426
-0.002244
-0.002020
-0.001697
-0.001011
-0.000249
0.000505
0.001329
0.002213
0.002822
0.003455
0.003869
0.004203
0.004389
0.004366
0.004220
0.003832
0.003384
0.002605
0.001589
0.000635
-0.000203
-0.001000
-0.002027
-0.003013
-0.003897
-0.004304
-0.004402
-0.004158
-0.003815
-0.003351
-0.002640
-0.001598
-0.000529
0.000475
0.001468
0.002246
0.003082
0.003832
0.004251
0.004413
0.004443
0.004277
0.004021
0.003334
0.002737
0.002192
0.001786
0.001290
0.000951
0.000616
0.000327
-0.000052
-0.000367
-0.000449
-0.000457
-0.000657
-0.000826
-0.000891
-0.000923
-0.000766
-0.000719
-0.000420
-0.000025
0.000534
0.000966
0.001144
0.001236
0.001604
0.001938
0.002376
0.002750
0.002881
0.002811
0.002745
0.002424
0.001885
0.001355
0.000733
0.000059
-0.000587
-0.001095
-0.001566
-0.002034
-0.002544
-0.002590
-0.002694
-0.002588
-0.002312
-0.001909
-0.001396
-0.000833
-0.000288
0.000252
0.000887
0.001584
0.002104
0.002378
0.002811
0.003061
0.003137
0.003253
0.003247
0.003281
0.003131
0.002859
0.002741
0.002343
0.001824
0.001212
0.000580
-0.000039
-0.000403
-0.000652
-0.000547
-0.000423
-0.000662
-0.000945
-0.001089
-0.001395
-0.001592
-0.001792
-0.001899
-0.001874
-0.001717
-0.001562
-0.001612
-0.001316
-0.000888
-0.000301
0.000409
0.000992
0.001540
0.002161
0.002266
0.002589
0.002908
0.003102
0.003135
0.003162
0.002956
0.002684
0.002193
0.001623
0.001045
0.000453
0.000023
-0.000288
-0.000718
-0.001289
-0.001868
-0.002338
-0.002683
-0.002934
-0.003037
-0.002994
-0.002884
-0.002786
-0.002732
-0.002424
-0.002191
-0.002002
-0.001903
-0.001846
-0.001620
-0.001103
-0.000187
0.000762
0.001539
0.002255
0.002883
0.003338
0.003730
0.003683
0.003484
0.003250
0.003080
0.002949
0.002669
0.002133
0.001748
0.001202
0.000649
0.000102
-0.000413
-0.000834
-0.001004
-0.001014
-0.001108
-0.001194
-0.001174
-0.001039
-0.000905
-0.000709
-0.000597
-0.000339
0.000028
0.000295
0.000439
0.000476
0.000529
0.000436
0.000263
-0.000074
-0.000531
-0.001003
-0.001468
-0.001836
-0.002054
-0.002199
-0.002339
-0.002488
-0.002664
-0.002750
-0.002740
-0.002606
-0.002497
-0.002326
-0.002109
-0.001925
-0.001741
-0.001679
-0.001694
-0.001861
-0.001762
-0.001488
-0.000997
-0.000516
0.000060
0.000583
0.001212
0.001811
0.002387
0.002733
0.002886
0.003099
0.003126
0.002877
0.002699
0.002427
0.002087
0.001420
0.000676
-0.000221
-0.000909
-0.001453
-0.002017
-0.002486
-0.002687
-0.002695
-0.002566
-0.002417
-0.002021
-0.001685
-0.001396
-0.001204
-0.000944
-0.000751
-0.000426
-0.000045
0.000383
0.000644
0.000939
0.001156
0.001415
0.001552
0.001558
0.001518
0.001609
0.001667
0.001756
0.001742
0.001614
0.001291
0.000975
0.000722
0.000339
0.000008
-0.000211
-0.000427
-0.000736
-0.001043
-0.001270
-0.001619
-0.002044
-0.002399
-0.002743
-0.003096
-0.003305
-0.003416
-0.003265
-0.003079
-0.002724
-0.002109
-0.001434
-0.000639
-0.000090
0.000450
0.001103
0.001762
0.002257
0.002802
0.003205
0.003600
0.003837
0.004029
0.004250
0.004338
0.003976
0.003465
0.002862
0.001952
0.001109
0.000067
-0.000898
-0.001522
-0.002091
-0.002581
-0.002961
-0.003159
-0.003311
-0.003320
-0.003345
-0.003158
-0.003063
-0.002746
-0.002459
-0.002057
-0.001558
-0.000919
-0.000364
0.000191
0.000638
0.000908
0.000929
0.000870
0.000603
0.000493
0.000488
0.000607
0.000787
0.000883
0.000828
0.000735
0.000685
0.000698
0.000771
0.000888
0.000719
0.000603
0.000515
0.000601
0.000591
0.000651
0.000754
0.000772
0.000834
0.000875
0.000946
0.001055
0.001164
0.001157
0.000979
0.000939
0.000838
0.000548
0.000225
-0.000068
-0.000342
-0.000638
-0.000824
-0.001018
-0.001113
-0.001025
-0.000799
-0.000657
-0.000485
-0.000276
-0.000022
0.000278
0.000463
0.000686
0.000732
0.000870
0.001033
0.001139
0.001133
0.001150
0.001217
0.001247
0.001166
0.001173
0.001153
0.001089
0.001170
0.001098
0.000969
0.000828
0.000648
0.000558
0.000347
0.000087
-0.000195
-0.000388
-0.000608
-0.000851
-0.001120
-0.001441
-0.001628
-0.001551
-0.001483
-0.001369
-0.001246
-0.001195
-0.001246
-0.001254
-0.001223
-0.001138
-0.001098
-0.000958
-0.000860
-0.000749
-0.000781
-0.000691
-0.000514
-0.000222
0.000145
0.000490
0.000792
0.001152
0.001464
0.001742
0.001889
0.001923
0.001816
0.001818
0.001775
0.001586
0.001330
0.001063
0.000819
0.000308
-0.000236
-0.000770
-0.001227
-0.001693
-0.002050
-0.002236
-0.002284
-0.002182
-0.001980
-0.001675
-0.001388
-0.001153
-0.000912
-0.000615
-0.000404
-0.000288
0.000049
0.000324
0.000464
0.000603
0.000521
0.000304
0.000203
-0.000057
-0.000208
-0.000135
-0.000037
0.000064
0.000141
0.000354
0.000564
0.000750
0.000719
0.000601
0.000420
0.000176
-0.000009
-0.000197
-0.000346
-0.000570
-0.000785
-0.001105
-0.001290
-0.001413
-0.001500
-0.001515
-0.001368
-0.001177
-0.000840
-0.000451
-0.000196
0.000047
0.000329
0.000663
0.001087
0.001416
0.001590
0.001641
0.001618
0.001623
0.001577
0.001500
0.001486
0.001454
0.001467
0.001423
0.001255
0.000930
0.000589
0.000085
-0.000386
-0.000663
-0.000906
-0.001008
-0.000985
-0.000816
-0.000674
-0.000662
-0.000575
-0.000580
-0.000512
-0.000449
-0.000378
-0.000232
-0.000187
-0.000003
0.000176
0.000372
0.000570
0.000721
0.000938
0.000990
0.001062
0.001062
0.001097
0.001170
0.001205
0.001089
0.001031
0.000899
0.000580
0.000482
0.000451
0.000363
0.000241
0.000203
0.000211
0.000202
0.000125
0.000063
-0.000001
-0.000022
-0.000110
-0.000214
-0.000241
-0.000092
0.000025
0.000099
0.000278
0.000446
0.000541
0.000653
0.000779
0.000862
0.000847
0.000829
0.000747
0.000614
0.000404
0.000126
-0.000073
-0.000346
-0.000541
-0.000643
-0.000683
-0.000778
-0.000837
-0.000887
-0.000828
-0.000675
-0.000602
-0.000580
-0.000480
-0.000246
-0.000162
-0.000092
-0.000156
-0.000207
-0.000177
-0.000201
-0.000178
-0.000056
0.000228
0.000433
0.000549
