-0.000001
-0.000001
-0.000001
-0.000001
-0.000001
-0.000001
-0.000001
-0.000001
-0.000001
-0.000001
-0.000001
-0.000001
-0.000001
-0.000001
-0.000001
-0.000001
-0.000001
-0.000001
-0.000001
-0.000001
-0.000001
-0.000001
-0.000001
-0.000001
-0.000001
-0.000001
-0.000001
-0.000001
-0.000001
-0.000001
-0.000001
-0.000001
-0.000001
-0.000001
-0.000001
-0.000001
-0.000000
-0.000000
-0.000000
-0.000000
-0.000000
-0.000000
-0.000000
-0.000000
-0.000000
-0.000000
-0.000000
-0.000000
-0.000000
-0.000000
-0.000000
-0.000000
-0.000000
-0.000000
-0.000000
-0.000000
-0.000000
-0.000000
0.000000
0.000000
0.000000
0.000000
0.000000
0.000000
0.000000
0.000000
0.000000
0.000000
0.000000
0.000000
0.000000
0.000000
0.000000
0.000000
0.000000
0.000000
0.000000
0.000000
0.000000
0.000001
0.000001
0.000001
0.000001
0.000001
0.000001
0.000001
0.000001
0.000001
0.000001
0.000001
0.000001
0.000001
0.000001
0.000001
0.000001
0.000001
0.000001
0.000001
0.000001
0.000001
0.000001
0.000001
0.000001
0.000001
0.000001
0.000001
0.000001
0.000001
0.000001
0.000001
0.000001
0.000001
0.000001
0.000001
0.000001
0.000001
0.000001
0.000002
0.000002
0.000002
0.000002
0.000002
0.000002
0.000002
0.000002
0.000002
0.000002
0.000002
0.000002
0.000002
0.000002
0.000002
0.000002
0.000002
0.000002
0.000002
0.000002
0.000002
0.000002
0.000002
0.000002
0.000002
0.000002
0.000002
0.000002
0.000002
0.000002
0.000002
0.000002
0.000002
0.000002
0.000002
0.000002
0.000003
0.000003
0.000003
0.000003
0.000003
0.000003
0.000003
0.000003
0.000003
0.000003
0.000003
0.000003
0.000003
0.000003
0.000003
0.000003
0.000003
0.000003
0.000003
0.000003
0.000003
0.000003
0.000003
0.000003
0.000003
0.000003
0.000003
0.000003
0.000003
0.000003
0.000003
0.000003
0.000003
0.000004
0.000004
0.000004
0.000004
0.000004
0.000004
0.000004
0.000004
0.000004
0.000004
0.000004
0.000004
0.000004
0.000004
0.000004
0.000004
0.000004
0.000004
0.000004
0.000004
0.000004
0.000004
0.000004
0.000004
0.000004
0.000004
0.000004
0.000004
0.000004
0.000004
0.000004
0.000004
0.000005
0.000005
0.000005
0.000005
0.000005
0.000005
0.000005
0.000005
0.000005
0.000005
0.000005
0.000005
0.000005
0.000005
0.000005
0.000005
0.000005
0.000005
0.000005
0.000005
0.000005
0.000005
0.000005
0.000005
0.000005
0.000005
0.000005
0.000005
0.000005
0.000005
0.000005
0.000006
0.000006
0.000006
0.000006
0.000006
0.000006
0.000006
0.000006
0.000006
0.000006
0.000006
0.000006
0.000006
0.000006
0.000006
0.000006
0.000006
0.000006
0.000006
0.000006
0.000006
0.000006
0.000006
0.000006
0.000006
0.000006
0.000006
0.000006
0.000006
0.000007
0.000007
0.000007
0.000007
0.000007
0.000007
0.000007
0.000007
0.000007
0.000007
0.000007
0.000007
0.000007
0.000007
0.000007
0.000007
0.000007
0.000007
0.000007
0.000007
0.000007
0.000007
0.000007
0.000007
0.000007
0.000007
0.000007
0.000007
0.000007
0.000007
0.000008
0.000008
0.000008
0.000008
0.000008
0.000008
0.000008
0.000008
0.000008
0.000008
0.000008
0.000008
0.000008
0.000008
0.000008
0.000008
0.000008
0.000008
0.000008
0.000008
0.000008
0.000008
0.000008
0.000008
0.000008
0.000008
0.000008
0.000008
0.000009
0.000009
0.000009
0.000009
0.000009
0.000009
0.000009
0.000009
0.000009
0.000009
0.000009
0.000009
0.000009
0.000009
0.000009
0.000009
0.000009
0.000009
0.000009
0.000009
0.000009
0.000009
0.000009
0.000009
0.000009
0.000009
0.000009
0.000009
0.000009
0.000010
0.000010
0.000010
0.000010
0.000010
0.000010
0.000010
0.000010
0.000010
0.000010
0.000010
0.000010
0.000010
0.000010
0.000010
0.000010
0.000010
0.000010
0.000010
0.000010
0.000010
0.000010
0.000010
0.000010
0.000010
0.000010
0.000010
0.000010
0.000010
0.000011
0.000011
0.000011
0.000011
0.000011
0.000011
0.000011
0.000011
0.000011
0.000011
0.000011
0.000011
0.000011
0.000011
0.000011
0.000011
0.000011
0.000011
0.000011
0.000011
0.000011
0.000011
0.000011
0.000011
0.000011
0.000011
0.000011
0.000011
0.000011
0.000011
0.000012
0.000012
0.000012
0.000012
0.000012
0.000012
0.000012
0.000012
0.000012
0.000012
0.000012
0.000012
0.000012
0.000012
0.000012
0.000012
0.000012
0.000012
0.000012
0.000012
0.000012
0.000012
0.000012
0.000012
0.000012
0.000012
0.000012
0.000012
0.000012
0.000012
0.000012
0.000013
0.000013
0.000013
0.000013
0.000013
0.000013
0.000013
0.000013
0.000013
0.000013
0.000013
0.000013
0.000013
0.000013
0.000013
0.000013
0.000013
0.000013
0.000013
0.000013
0.000013
0.000013
0.000013
0.000013
0.000013
0.000013
0.000013
0.000013
0.000013
0.000013
0.000013
0.000013
0.000014
0.000014
0.000014
0.000014
0.000014
0.000014
0.000014
0.000014
0.000014
0.000014
0.000014
0.000014
0.000014
0.000014
0.000014
0.000014
0.000014
0.000014
0.000014
0.000014
0.000014
0.000014
0.000014
0.000014
0.000014
0.000014
0.000014
0.000014
0.000014
0.000014
0.000014
0.000014
0.000014
0.000014
0.000014
0.000015
0.000015
0.000015
0.000015
0.000015
0.000015
0.000015
0.000015
0.000015
0.000015
0.000015
0.000015
0.000015
0.000015
0.000015
0.000015
0.000015
0.000015
0.000015
0.000015
0.000015
0.000015
0.000015
0.000015
0.000015
0.000015
0.000015
0.000015
0.000015
0.000015
0.000015
0.000015
0.000015
0.000015
0.000015
0.000015
0.000015
0.000015
0.000015
0.000015
0.000016
0.000016
0.000016
0.000016
0.000016
0.000016
0.000016
0.000016
0.000016
0.000016
0.000016
0.000016
0.000016
0.000016
0.000016
0.000016
0.000016
0.000016
0.000016
0.000016
0.000016
0.000016
0.000016
0.000016
0.000016
0.000016
0.000016
0.000016
0.000016
0.000016
0.000016
0.000016
0.000016
0.000016
0.000016
0.000016
0.000016
0.000016
0.000016
0.000016
0.000016
0.000016
0.000016
0.000016
0.000016
0.000016
0.000016
0.000016
0.000016
0.000016
0.000017
0.000017
0.000017
0.000017
0.000017
0.000017
0.000017
0.000017
0.000017
0.000017
0.000017
0.000017
0.000017
0.000017
0.000017
0.000017
0.000017
0.000017
0.000017
0.000017
0.000017
0.000017
0.000017
0.000017
0.000017
0.000017
0.000017
0.000017
0.000017
0.000017
0.000017
0.000017
0.000017
0.000017
0.000017
0.000017
0.000017
0.000017
0.000017
0.000017
0.000017
0.000017
0.000017
0.000017
0.000017
0.000017
0.000017
0.000017
0.000017
0.000017
0.000017
0.000017
0.000017
0.000017
0.000017
0.000017
0.000017
0.000017
0.000017
0.000017
0.000017
0.000017
0.000017
0.000017
0.000017
0.000017
0.000017
0.000017
0.000017
0.000017
0.000017
0.000017
0.000017
0.000017
0.000017
0.000017
0.000017
0.000017
0.000017
0.000017
0.000017
0.000017
0.000017
0.000017
0.000017
0.000017
0.000017
0.000017
0.000017
0.000017
0.000017
0.000017
0.000017
0.000017
0.000017
0.000017
0.000017
0.000017
0.000017
0.000017
0.000017
0.000017
0.000017
0.000017
0.000017
0.000017
0.000017
0.000017
0.000017
0.000017
0.000017
0.000017
0.000017
0.000017
0.000017
0.000017
0.000017
0.000017
0.000017
0.000017
0.000017
0.000017
0.000017
0.000017
0.000017
0.000017
0.000017
0.000017
0.000017
0.000017
0.000017
0.000017
0.000017
0.000017
0.000017
0.000017
0.000017
0.000017
0.000017
0.000017
0.000017
0.000017
0.000017
0.000017
0.000017
0.000017
0.000017
0.000017
0.000017
0.000017
0.000017
0.000017
0.000017
0.000017
0.000017
0.000017
0.000017
0.000017
0.000017
0.000017
0.000017
0.000017
0.000017
0.000017
0.000017
0.000017
0.000017
0.000017
0.000017
0.000017
0.000017
0.000017
0.000017
0.000017
0.000017
0.000017
0.000017
0.000017
0.000017
0.000017
0.000017
0.000017
0.000017
0.000017
0.000017
0.000017
0.000017
0.000017
0.000017
0.000017
0.000017
0.000016
0.000016
0.000016
0.000016
0.000016
0.000016
0.000016
0.000016
0.000016
0.000016
0.000016
0.000016
0.000016
0.000016
0.000016
0.000016
0.000016
0.000016
0.000016
0.000016
0.000016
0.000016
0.000016
0.000016
0.000016
0.000016
0.000016
0.000016
0.000016
0.000016
0.000016
0.000016
0.000016
0.000016
0.000016
0.000016
0.000016
0.000016
0.000016
0.000015
0.000015
0.000015
0.000015
0.000015
0.000015
0.000015
0.000015
0.000015
0.000015
0.000015
0.000015
0.000015
0.000015
0.000015
0.000015
0.000015
0.000015
0.000015
0.000015
0.000015
0.000015
0.000015
0.000015
0.000015
0.000015
0.000015
0.000015
0.000015
0.000014
0.000014
0.000014
0.000014
0.000014
0.000014
0.000014
0.000014
0.000014
0.000014
0.000014
0.000014
0.000014
0.000014
0.000014
0.000014
0.000014
0.000014
0.000014
0.000014
0.000014
0.000014
0.000014
0.000014
0.000013
0.000013
0.000013
0.000013
0.000013
0.000013
0.000013
0.000013
0.000013
0.000013
0.000013
0.000013
0.000013
0.000013
0.000013
0.000013
0.000013
0.000013
0.000013
0.000013
0.000013
0.000012
0.000012
0.000012
0.000012
0.000012
0.000012
0.000012
0.000012
0.000012
0.000012
0.000012
0.000012
0.000012
0.000012
0.000012
0.000012
0.000012
0.000012
0.000012
0.000011
0.000011
0.000011
0.000011
0.000011
0.000011
0.000011
0.000011
0.000011
0.000011
0.000011
0.000011
0.000011
0.000011
0.000011
0.000011
0.000011
0.000010
0.000010
0.000010
0.000010
0.000010
0.000010
0.000010
0.000010
0.000010
0.000010
0.000010
0.000010
0.000010
0.000010
0.000010
0.000009
0.000009
0.000009
0.000009
0.000009
0.000009
0.000009
0.000009
0.000009
0.000009
0.000009
0.000009
0.000009
0.000009
0.000009
0.000008
0.000008
0.000008
0.000008
0.000008
0.000008
0.000008
0.000008
0.000008
0.000008
0.000008
0.000008
0.000008
0.000008
0.000007
0.000007
0.000007
0.000007
0.000007
0.000007
0.000007
0.000007
0.000007
0.000007
0.000007
0.000007
0.000007
0.000006
0.000006
0.000006
0.000006
0.000006
0.000006
0.000006
0.000006
0.000006
0.000006
0.000006
0.000006
0.000005
0.000005
0.000005
0.000005
0.000005
0.000005
0.000005
0.000005
0.000005
0.000005
0.000005
0.000005
0.000004
0.000004
0.000004
0.000004
0.000004
0.000004
0.000004
0.000004
0.000004
0.000004
0.000004
0.000004
0.000003
0.000003
0.000003
0.000003
0.000003
0.000003
0.000003
0.000003
0.000003
0.000003
0.000003
0.000002
0.000002
0.000002
0.000002
0.000002
0.000002
0.000002
0.000002
0.000002
0.000002
0.000001
0.000001
0.000001
0.000001
0.000001
0.000001
0.000001
0.000001
0.000001
0.000001
0.000001
0.000000
0.000000
0.000000
0.000000
0.000000
-0.000000
-0.000000
-0.000000
-0.000000
-0.000000
-0.000001
-0.000001
-0.000001
-0.000001
-0.000001
-0.000001
-0.000001
-0.000001
-0.000001
-0.000002
-0.000002
-0.000002
-0.000002
-0.000002
-0.000002
-0.000002
-0.000002
-0.000002
-0.000002
-0.000003
-0.000003
-0.000003
-0.000003
-0.000003
-0.000003
-0.000003
-0.000003
-0.000003
-0.000004
-0.000004
-0.000004
-0.000004
-0.000004
-0.000004
-0.000004
-0.000004
-0.000004
-0.000005
-0.000005
-0.000005
-0.000005
-0.000005
-0.000005
-0.000005
-0.000005
-0.000005
-0.000006
-0.000006
-0.000006
-0.000006
-0.000006
-0.000006
-0.000006
-0.000006
-0.000007
-0.000007
-0.000007
-0.000007
-0.000007
-0.000007
-0.000007
-0.000007
-0.000007
-0.000008
-0.000008
-0.000008
-0.000008
-0.000008
-0.000008
-0.000008
-0.000008
-0.000009
-0.000009
-0.000009
-0.000009
-0.000009
-0.000009
-0.000009
-0.000009
-0.000010
-0.000010
-0.000010
-0.000010
-0.000010
-0.000010
-0.000010
-0.000010
-0.000010
-0.000011
-0.000011
-0.000011
-0.000011
-0.000011
-0.000011
-0.000011
-0.000012
-0.000012
-0.000012
-0.000012
-0.000012
-0.000012
-0.000012
-0.000012
-0.000013
-0.000013
-0.000013
-0.000013
-0.000013
-0.000013
-0.000013
-0.000013
-0.000014
-0.000014
-0.000014
-0.000014
-0.000014
-0.000014
-0.000014
-0.000014
-0.000015
-0.000015
-0.000015
-0.000015
-0.000015
-0.000015
-0.000015
-0.000016
-0.000016
-0.000016
-0.000016
-0.000016
-0.000016
-0.000016
-0.000017
-0.000017
-0.000017
-0.000017
-0.000017
-0.000017
-0.000017
-0.000017
-0.000018
-0.000018
-0.000018
-0.000018
-0.000018
-0.000018
-0.000018
-0.000019
-0.000019
-0.000019
-0.000019
-0.000019
-0.000019
-0.000019
-0.000020
-0.000020
-0.000020
-0.000020
-0.000020
-0.000020
-0.000020
-0.000021
-0.000021
-0.000021
-0.000021
-0.000021
-0.000021
-0.000021
-0.000022
-0.000022
-0.000022
-0.000022
-0.000022
-0.000022
-0.000022
-0.000023
-0.000023
-0.000023
-0.000023
-0.000023
-0.000023
-0.000023
-0.000024
-0.000024
-0.000024
-0.000024
-0.000024
-0.000024
-0.000024
-0.000025
-0.000025
-0.000025
-0.000025
-0.000025
-0.000025
-0.000025
-0.000026
-0.000026
-0.000026
-0.000026
-0.000026
-0.000026
-0.000026
-0.000027
-0.000027
-0.000027
-0.000027
-0.000027
-0.000027
-0.000027
-0.000028
-0.000028
-0.000028
-0.000028
-0.000028
-0.000028
-0.000029
-0.000029
-0.000029
-0.000029
-0.000029
-0.000029
-0.000029
-0.000030
-0.000030
-0.000030
-0.000030
-0.000030
-0.000030
-0.000030
-0.000031
-0.000031
-0.000031
-0.000031
-0.000031
-0.000031
-0.000032
-0.000032
-0.000032
-0.000032
-0.000032
-0.000032
-0.000032
-0.000033
-0.000033
-0.000033
-0.000033
-0.000033
-0.000033
-0.000033
-0.000034
-0.000034
-0.000034
-0.000034
-0.000034
-0.000034
-0.000035
-0.000035
-0.000035
-0.000035
-0.000035
-0.000035
-0.000035
-0.000036
-0.000036
-0.000036
-0.000036
-0.000036
-0.000036
-0.000037
-0.000037
-0.000037
-0.000037
-0.000037
-0.000037
-0.000037
-0.000038
-0.000038
-0.000038
-0.000038
-0.000038
-0.000038
-0.000039
-0.000039
-0.000039
-0.000039
-0.000039
-0.000039
-0.000039
-0.000040
-0.000040
-0.000040
-0.000040
-0.000040
-0.000040
-0.000041
-0.000041
-0.000041
-0.000041
-0.000041
-0.000041
-0.000041
-0.000042
-0.000042
-0.000042
-0.000042
-0.000042
-0.000042
-0.000043
-0.000043
-0.000043
-0.000043
-0.000043
-0.000043
-0.000043
-0.000044
-0.000044
-0.000044
-0.000044
-0.000044
-0.000044
-0.000045
-0.000045
-0.000045
-0.000045
-0.000045
-0.000045
-0.000045
-0.000046
-0.000046
-0.000046
-0.000046
-0.000046
-0.000046
-0.000046
-0.000047
-0.000047
-0.000047
-0.000047
-0.000047
-0.000047
-0.000048
-0.000048
-0.000048
-0.000048
-0.000048
-0.000048
-0.000048
-0.000049
-0.000049
-0.000049
-0.000049
-0.000049
-0.000049
-0.000049
-0.000050
-0.000050
-0.000050
-0.000050
-0.000050
-0.000050
-0.000051
-0.000051
-0.000051
-0.000051
-0.000051
-0.000051
-0.000051
-0.000052
-0.000052
-0.000052
-0.000052
-0.000052
-0.000052
-0.000052
-0.000053
-0.000053
-0.000053
-0.000053
-0.000053
-0.000053
-0.000053
-0.000054
-0.000054
-0.000054
-0.000054
-0.000054
-0.000054
-0.000054
-0.000055
-0.000055
-0.000055
-0.000055
-0.000055
-0.000055
-0.000055
-0.000056
-0.000056
-0.000056
-0.000056
-0.000056
-0.000056
-0.000056
-0.000057
-0.000057
-0.000057
-0.000057
-0.000057
-0.000057
-0.000057
-0.000058
-0.000058
-0.000058
-0.000058
-0.000058
-0.000058
-0.000058
-0.000059
-0.000059
-0.000059
-0.000059
-0.000059
-0.000059
-0.000059
-0.000060
-0.000060
-0.000060
-0.000060
-0.000060
-0.000060
-0.000060
-0.000060
-0.000061
-0.000061
-0.000061
-0.000061
-0.000061
-0.000061
-0.000061
-0.000061
-0.000062
-0.000062
-0.000062
-0.000062
-0.000062
-0.000062
-0.000062
-0.000063
-0.000063
-0.000063
-0.000063
-0.000063
-0.000063
-0.000063
-0.000063
-0.000064
-0.000064
-0.000064
-0.000064
-0.000064
-0.000064
-0.000064
-0.000064
-0.000065
-0.000065
-0.000065
-0.000065
-0.000065
-0.000065
-0.000065
-0.000065
-0.000066
-0.000066
-0.000066
-0.000066
-0.000066
-0.000066
-0.000066
-0.000066
-0.000066
-0.000067
-0.000067
-0.000067
-0.000067
-0.000067
-0.000067
-0.000067
-0.000067
-0.000067
-0.000068
-0.000068
-0.000068
-0.000068
-0.000068
-0.000068
-0.000068
-0.000068
-0.000068
-0.000069
-0.000069
-0.000069
-0.000069
-0.000069
-0.000069
-0.000069
-0.000069
-0.000069
-0.000070
-0.000070
-0.000070
-0.000070
-0.000070
-0.000070
-0.000070
-0.000070
-0.000070
-0.000070
-0.000071
-0.000071
-0.000071
-0.000071
-0.000071
-0.000071
-0.000071
-0.000071
-0.000071
-0.000071
-0.000071
-0.000072
-0.000072
-0.000072
-0.000072
-0.000072
-0.000072
-0.000072
-0.000072
-0.000072
-0.000072
-0.000072
-0.000073
-0.000073
-0.000073
-0.000073
-0.000073
-0.000073
-0.000073
-0.000073
-0.000073
-0.000073
-0.000073
-0.000073
-0.000074
-0.000074
-0.000074
-0.000074
-0.000074
-0.000074
-0.000074
-0.000074
-0.000074
-0.000074
-0.000074
-0.000074
-0.000074
-0.000075
-0.000075
-0.000075
-0.000075
-0.000075
-0.000075
-0.000075
-0.000075
-0.000075
-0.000075
-0.000075
-0.000075
-0.000075
-0.000075
-0.000075
-0.000076
-0.000076
-0.000076
-0.000076
-0.000076
-0.000076
-0.000076
-0.000076
-0.000076
-0.000076
-0.000076
-0.000076
-0.000076
-0.000076
-0.000076
-0.000076
-0.000076
-0.000076
-0.000077
-0.000077
-0.000077
-0.000077
-0.000077
-0.000077
-0.000077
-0.000077
-0.000077
-0.000077
-0.000077
-0.000077
-0.000077
-0.000077
-0.000077
-0.000077
-0.000077
-0.000077
-0.000077
-0.000077
-0.000077
-0.000077
-0.000077
-0.000077
-0.000077
-0.000078
-0.000078
-0.000078
-0.000078
-0.000078
-0.000078
-0.000078
-0.000078
-0.000078
-0.000078
-0.000078
-0.000078
-0.000078
-0.000078
-0.000078
-0.000078
-0.000078
-0.000078
-0.000078
-0.000078
-0.000078
-0.000078
-0.000078
-0.000078
-0.000078
-0.000078
-0.000078
-0.000078
-0.000078
-0.000078
-0.000078
-0.000078
-0.000078
-0.000078
-0.000078
-0.000078
-0.000078
-0.000078
-0.000078
-0.000078
-0.000078
-0.000078
-0.000078
-0.000078
-0.000078
-0.000078
-0.000078
-0.000078
-0.000078
-0.000078
-0.000078
-0.000078
-0.000078
-0.000078
-0.000078
-0.000078
-0.000078
-0.000078
-0.000078
-0.000078
-0.000078
-0.000078
-0.000078
-0.000078
-0.000078
-0.000078
-0.000078
-0.000078
-0.000078
-0.000078
-0.000077
-0.000077
-0.000077
-0.000077
-0.000077
-0.000077
-0.000077
-0.000077
-0.000077
-0.000077
-0.000077
-0.000077
-0.000077
-0.000077
-0.000077
-0.000077
-0.000077
-0.000077
-0.000077
-0.000077
-0.000077
-0.000077
-0.000077
-0.000076
-0.000076
-0.000076
-0.000076
-0.000076
-0.000076
-0.000076
-0.000076
-0.000076
-0.000076
-0.000076
-0.000076
-0.000076
-0.000076
-0.000076
-0.000076
-0.000075
-0.000075
-0.000075
-0.000075
-0.000075
-0.000075
-0.000075
-0.000075
-0.000075
-0.000075
-0.000075
-0.000075
-0.000074
-0.000074
-0.000074
-0.000074
-0.000074
-0.000074
-0.000074
-0.000074
-0.000074
-0.000074
-0.000074
-0.000073
-0.000073
-0.000073
-0.000073
-0.000073
-0.000073
-0.000073
-0.000073
-0.000073
-0.000073
-0.000072
-0.000072
-0.000072
-0.000072
-0.000072
-0.000072
-0.000072
-0.000072
-0.000072
-0.000071
-0.000071
-0.000071
-0.000071
-0.000071
-0.000071
-0.000071
-0.000071
-0.000070
-0.000070
-0.000070
-0.000070
-0.000070
-0.000070
-0.000070
-0.000069
-0.000069
-0.000069
-0.000069
-0.000069
-0.000069
-0.000069
-0.000068
-0.000068
-0.000068
-0.000068
-0.000068
-0.000068
-0.000068
-0.000067
-0.000067
-0.000067
-0.000067
-0.000067
-0.000067
-0.000066
-0.000066
-0.000066
-0.000066
-0.000066
-0.000066
-0.000065
-0.000065
-0.000065
-0.000065
-0.000065
-0.000065
-0.000064
-0.000064
-0.000064
-0.000064
-0.000064
-0.000063
-0.000063
-0.000063
-0.000063
-0.000063
-0.000063
-0.000062
-0.000062
-0.000062
-0.000062
-0.000062
-0.000061
-0.000061
-0.000061
-0.000061
-0.000061
-0.000060
-0.000060
-0.000060
-0.000060
-0.000060
-0.000059
-0.000059
-0.000059
-0.000059
-0.000058
-0.000058
-0.000058
-0.000058
-0.000058
-0.000057
-0.000057
-0.000057
-0.000057
-0.000056
-0.000056
-0.000056
-0.000056
-0.000056
-0.000055
-0.000055
-0.000055
-0.000055
-0.000054
-0.000054
-0.000054
-0.000054
-0.000053
-0.000053
-0.000053
-0.000053
-0.000052
-0.000052
-0.000052
-0.000052
-0.000051
-0.000051
-0.000051
-0.000051
-0.000050
-0.000050
-0.000050
-0.000049
-0.000049
-0.000049
-0.000049
-0.000048
-0.000048
-0.000048
-0.000048
-0.000047
-0.000047
-0.000047
-0.000046
-0.000046
-0.000046
-0.000046
-0.000045
-0.000045
-0.000045
-0.000044
-0.000044
-0.000044
-0.000044
-0.000043
-0.000043
-0.000043
-0.000042
-0.000042
-0.000042
-0.000041
-0.000041
-0.000041
-0.000041
-0.000040
-0.000040
-0.000040
-0.000039
-0.000039
-0.000039
-0.000038
-0.000038
-0.000038
-0.000037
-0.000037
-0.000037
-0.000036
-0.000036
-0.000036
-0.000035
-0.000035
-0.000035
-0.000034
-0.000034
-0.000034
-0.000033
-0.000033
-0.000033
-0.000032
-0.000032
-0.000032
-0.000031
-0.000031
-0.000031
-0.000030
-0.000030
-0.000029
-0.000029
-0.000029
-0.000028
-0.000028
-0.000028
-0.000027
-0.000027
-0.000027
-0.000026
-0.000026
-0.000025
-0.000025
-0.000025
-0.000024
-0.000024
-0.000024
-0.000023
-0.000023
-0.000022
-0.000022
-0.000022
-0.000021
-0.000021
-0.000020
-0.000020
-0.000020
-0.000019
-0.000019
-0.000018
-0.000018
-0.000018
-0.000017
-0.000017
-0.000016
-0.000016
-0.000016
-0.000015
-0.000015
-0.000014
-0.000014
-0.000014
-0.000013
-0.000013
-0.000012
-0.000012
-0.000011
-0.000011
-0.000011
-0.000010
-0.000010
-0.000009
-0.000009
-0.000008
-0.000008
-0.000008
-0.000007
-0.000007
-0.000006
-0.000006
-0.000005
-0.000005
-0.000004
-0.000004
-0.000004
-0.000003
-0.000003
-0.000002
-0.000002
-0.000001
-0.000001
-0.000000
0.000000
0.000001
0.000001
0.000001
0.000002
0.000002
0.000003
0.000003
0.000004
0.000004
0.000005
0.000005
0.000006
0.000006
0.000007
0.000007
0.000008
0.000008
0.000009
0.000009
0.000010
0.000010
0.000011
0.000011
0.000012
0.000012
0.000013
0.000013
0.000014
0.000014
0.000015
0.000015
0.000016
0.000016
0.000017
0.000017
0.000018
0.000018
0.000019
0.000019
0.000020
0.000020
0.000021
0.000021
0.000022
0.000022
0.000023
0.000023
0.000024
0.000024
0.000025
0.000026
0.000026
0.000027
0.000027
0.000028
0.000028
0.000029
0.000029
0.000030
0.000030
0.000031
0.000031
0.000032
0.000033
0.000033
0.000034
0.000034
0.000035
0.000035
0.000036
0.000036
0.000037
0.000038
0.000038
0.000039
0.000039
0.000040
0.000040
0.000041
0.000042
0.000042
0.000043
0.000043
0.000044
0.000044
0.000045
0.000046
0.000046
0.000047
0.000047
0.000048
0.000049
0.000049
0.000050
0.000050
0.000051
0.000052
0.000052
0.000053
0.000053
0.000054
0.000055
0.000055
0.000056
0.000056
0.000057
0.000058
0.000058
0.000059
0.000059
0.000060
0.000061
0.000061
0.000062
0.000062
0.000063
0.000064
0.000064
0.000065
0.000066
0.000066
0.000067
0.000067
0.000068
0.000069
0.000069
0.000070
0.000071
0.000071
0.000072
0.000073
0.000073
0.000074
0.000074
0.000075
0.000076
0.000076
0.000077
0.000078
0.000078
0.000079
0.000080
0.000080
0.000081
0.000082
0.000082
0.000083
0.000084
0.000084
0.000085
0.000086
0.000086
0.000087
0.000087
0.000088
0.000089
0.000089
0.000090
0.000091
0.000091
0.000092
0.000093
0.000094
0.000094
0.000095
0.000096
0.000096
0.000097
0.000098
0.000098
0.000099
0.000100
0.000100
0.000101
0.000102
0.000102
0.000103
0.000104
0.000104
0.000105
0.000106
0.000107
0.000107
0.000108
0.000109
0.000109
0.000110
0.000111
0.000111
0.000112
0.000113
0.000113
0.000114
0.000115
0.000116
0.000116
0.000117
0.000118
0.000118
0.000119
0.000120
0.000121
0.000121
0.000122
0.000123
0.000123
0.000124
0.000125
0.000126
0.000126
0.000127
0.000128
0.000128
0.000129
0.000130
0.000131
0.000131
0.000132
0.000133
0.000134
0.000134
0.000135
0.000136
0.000136
0.000137
0.000138
0.000139
0.000139
0.000140
0.000141
0.000142
0.000142
0.000143
0.000144
0.000145
0.000145
0.000146
0.000147
0.000148
0.000148
0.000149
0.000150
0.000150
0.000151
0.000152
0.000153
0.000153
0.000154
0.000155
0.000156
0.000156
0.000157
0.000158
0.000159
0.000159
0.000160
0.000161
0.000162
0.000162
0.000163
0.000164
0.000165
0.000166
0.000166
0.000167
0.000168
0.000169
0.000169
0.000170
0.000171
0.000172
0.000172
0.000173
0.000174
0.000175
0.000175
0.000176
0.000177
0.000178
0.000178
0.000179
0.000180
0.000181
0.000182
0.000182
0.000183
0.000184
0.000185
0.000185
0.000186
0.000187
0.000188
0.000188
0.000189
0.000190
0.000191
0.000192
0.000192
0.000193
0.000194
0.000195
0.000195
0.000196
0.000197
0.000198
0.000199
0.000199
0.000200
0.000201
0.000202
0.000202
0.000203
0.000204
0.000205
0.000206
0.000206
0.000207
0.000208
0.000209
0.000209
0.000210
0.000211
0.000212
0.000213
0.000213
0.000214
0.000215
0.000216
0.000216
0.000217
0.000218
0.000219
0.000220
0.000220
0.000221
0.000222
0.000223
0.000223
0.000224
0.000225
0.000226
0.000227
0.000227
0.000228
0.000229
0.000230
0.000230
0.000231
0.000232
0.000233
0.000234
0.000234
0.000235
0.000236
0.000237
0.000237
0.000238
0.000239
0.000240
0.000241
0.000241
0.000242
0.000243
0.000244
0.000244
0.000245
0.000246
0.000247
0.000248
0.000248
0.000249
0.000250
0.000251
0.000251
0.000252
0.000253
0.000254
0.000255
0.000255
0.000256
0.000257
0.000258
0.000258
0.000259
0.000260
0.000261
0.000262
0.000262
0.000263
0.000264
0.000265
0.000265
0.000266
0.000267
0.000268
0.000268
0.000269
0.000270
0.000271
0.000272
0.000272
0.000273
0.000274
0.000275
0.000275
0.000276
0.000277
0.000278
0.000278
0.000279
0.000280
0.000281
0.000281
0.000282
0.000283
0.000284
0.000284
0.000285
0.000286
0.000287
0.000287
0.000288
0.000289
0.000290
0.000290
0.000291
0.000292
0.000293
0.000293
0.000294
0.000295
0.000296
0.000296
0.000297
0.000298
0.000299
0.000299
0.000300
0.000301
0.000302
0.000302
0.000303
0.000304
0.000305
0.000305
0.000306
0.000307
0.000307
0.000308
0.000309
0.000310
0.000310
0.000311
0.000312
0.000313
0.000313
0.000314
0.000315
0.000315
0.000316
0.000317
0.000318
0.000318
0.000319
0.000320
0.000320
0.000321
0.000322
0.000322
0.000323
0.000324
0.000325
0.000325
0.000326
0.000327
0.000327
0.000328
0.000329
0.000329
0.000330
0.000331
0.000332
0.000332
0.000333
0.000334
0.000334
0.000335
0.000336
0.000336
0.000337
0.000338
0.000338
0.000339
0.000340
0.000340
0.000341
0.000342
0.000342
0.000343
0.000344
0.000344
0.000345
0.000346
0.000346
0.000347
0.000348
0.000348
0.000349
0.000350
0.000350
0.000351
0.000351
0.000352
0.000353
0.000353
0.000354
0.000355
0.000355
0.000356
0.000357
0.000357
0.000358
0.000358
0.000359
0.000360
0.000360
0.000361
0.000361
0.000362
0.000363
0.000363
0.000364
0.000365
0.000365
0.000366
0.000366
0.000367
0.000367
0.000368
0.000369
0.000369
0.000370
0.000370
0.000371
0.000372
0.000372
0.000373
0.000373
0.000374
0.000374
0.000375
0.000376
0.000376
0.000377
0.000377
0.000378
0.000378
0.000379
0.000379
0.000380
0.000381
0.000381
0.000382
0.000382
0.000383
0.000383
0.000384
0.000384
0.000385
0.000385
0.000386
0.000386
0.000387
0.000387
0.000388
0.000388
0.000389
0.000389
0.000390
0.000390
0.000391
0.000391
0.000392
0.000392
0.000393
0.000393
0.000394
0.000394
0.000395
0.000395
0.000396
0.000396
0.000397
0.000397
0.000397
0.000398
0.000398
0.000399
0.000399
0.000400
0.000400
0.000401
0.000401
0.000401
0.000402
0.000402
0.000403
0.000403
0.000404
0.000404
0.000404
0.000405
0.000405
0.000406
0.000406
0.000406
0.000407
0.000407
0.000407
0.000408
0.000408
0.000409
0.000409
0.000409
0.000410
0.000410
0.000410
0.000411
0.000411
0.000412
0.000412
0.000412
0.000413
0.000413
0.000413
0.000414
0.000414
0.000414
0.000415
0.000415
0.000415
0.000415
0.000416
0.000416
0.000416
0.000417
0.000417
0.000417
0.000418
0.000418
0.000418
0.000418
0.000419
0.000419
0.000419
0.000419
0.000420
0.000420
0.000420
0.000420
0.000421
0.000421
0.000421
0.000421
0.000422
0.000422
0.000422
0.000422
0.000422
0.000423
0.000423
0.000423
0.000423
0.000424
0.000424
0.000424
0.000424
0.000424
0.000424
0.000425
0.000425
0.000425
0.000425
0.000425
0.000425
0.000426
0.000426
0.000426
0.000426
0.000426
0.000426
0.000426
0.000426
0.000427
0.000427
0.000427
0.000427
0.000427
0.000427
0.000427
0.000427
0.000427
0.000427
0.000427
0.000428
0.000428
0.000428
0.000428
0.000428
0.000428
0.000428
0.000428
0.000428
0.000428
0.000428
0.000428
0.000428
0.000428
0.000428
0.000428
0.000428
0.000428
0.000428
0.000428
0.000428
0.000428
0.000428
0.000428
0.000428
0.000428
0.000428
0.000428
0.000428
0.000428
0.000428
0.000428
0.000427
0.000427
0.000427
0.000427
0.000427
0.000427
0.000427
0.000427
0.000427
0.000427
0.000426
0.000426
0.000426
0.000426
0.000426
0.000426
0.000426
0.000425
0.000425
0.000425
0.000425
0.000425
0.000425
0.000424
0.000424
0.000424
0.000424
0.000424
0.000423
0.000423
0.000423
0.000423
0.000423
0.000422
0.000422
0.000422
0.000422
0.000421
0.000421
0.000421
0.000421
0.000420
0.000420
0.000420
0.000419
0.000419
0.000419
0.000418
0.000418
0.000418
0.000418
0.000417
0.000417
0.000416
0.000416
0.000416
0.000415
0.000415
0.000415
0.000414
0.000414
0.000414
0.000413
0.000413
0.000412
0.000412
0.000412
0.000411
0.000411
0.000410
0.000410
0.000409
0.000409
0.000409
0.000408
0.000408
0.000407
0.000407
0.000406
0.000406
0.000405
0.000405
0.000404
0.000404
0.000403
0.000403
0.000402
0.000402
0.000401
0.000401
0.000400
0.000399
0.000399
0.000398
0.000398
0.000397
0.000397
0.000396
0.000395
0.000395
0.000394
0.000394
0.000393
0.000392
0.000392
0.000391
0.000390
0.000390
0.000389
0.000388
0.000388
0.000387
0.000386
0.000386
0.000385
0.000384
0.000384
0.000383
0.000382
0.000381
0.000381
0.000380
0.000379
0.000378
0.000378
0.000377
0.000376
0.000375
0.000375
0.000374
0.000373
0.000372
0.000371
0.000371
0.000370
0.000369
0.000368
0.000367
0.000366
0.000366
0.000365
0.000364
0.000363
0.000362
0.000361
0.000360
0.000360
0.000359
0.000358
0.000357
0.000356
0.000355
0.000354
0.000353
0.000352
0.000351
0.000350
0.000349
0.000348
0.000347
0.000346
0.000345
0.000344
0.000343
0.000342
0.000341
0.000340
0.000339
0.000338
0.000337
0.000336
0.000335
0.000334
0.000333
0.000332
0.000331
0.000330
0.000328
0.000327
0.000326
0.000325
0.000324
0.000323
0.000322
0.000321
0.000319
0.000318
0.000317
0.000316
0.000315
0.000313
0.000312
0.000311
0.000310
0.000309
0.000307
0.000306
0.000305
0.000304
0.000302
0.000301
0.000300
0.000299
0.000297
0.000296
0.000295
0.000293
0.000292
0.000291
0.000289
0.000288
0.000287
0.000285
0.000284
0.000283
0.000281
0.000280
0.000279
0.000277
0.000276
0.000274
0.000273
0.000272
0.000270
0.000269
0.000267
0.000266
0.000264
0.000263
0.000261
0.000260
0.000258
0.000257
0.000255
0.000254
0.000252
0.000251
0.000249
0.000248
0.000246
0.000245
0.000243
0.000242
0.000240
0.000238
0.000237
0.000235
0.000234
0.000232
0.000230
0.000229
0.000227
0.000225
0.000224
0.000222
0.000221
0.000219
0.000217
0.000215
0.000214
0.000212
0.000210
0.000209
0.000207
0.000205
0.000203
0.000202
0.000200
0.000198
0.000196
0.000195
0.000193
0.000191
0.000189
0.000187
0.000186
0.000184
0.000182
0.000180
0.000178
0.000176
0.000175
0.000173
0.000171
0.000169
0.000167
0.000165
0.000163
0.000161
0.000159
0.000157
0.000155
0.000154
0.000152
0.000150
0.000148
0.000146
0.000144
0.000142
0.000140
0.000138
0.000136
0.000134
0.000132
0.000130
0.000127
0.000125
0.000123
0.000121
0.000119
0.000117
0.000115
0.000113
0.000111
0.000109
0.000107
0.000104
0.000102
0.000100
0.000098
0.000096
0.000094
0.000091
0.000089
0.000087
0.000085
0.000083
0.000080
0.000078
0.000076
0.000074
0.000071
0.000069
0.000067
0.000065
0.000062
0.000060
0.000058
0.000055
0.000053
0.000051
0.000048
0.000046
0.000044
0.000041
0.000039
0.000037
0.000034
0.000032
0.000030
0.000027
0.000025
0.000022
0.000020
0.000017
0.000015
0.000013
0.000010
0.000008
0.000005
0.000003
0.000000
-0.000002
-0.000005
-0.000007
-0.000010
-0.000013
-0.000015
-0.000018
-0.000020
-0.000023
-0.000025
-0.000028
-0.000030
-0.000033
-0.000036
-0.000038
-0.000041
-0.000043
-0.000046
-0.000049
-0.000051
-0.000054
-0.000057
-0.000059
-0.000062
-0.000064
-0.000067
-0.000070
-0.000073
-0.000075
-0.000078
-0.000081
-0.000084
-0.000086
-0.000089
-0.000092
-0.000095
-0.000098
-0.000101
-0.000104
-0.000106
-0.000109
-0.000112
-0.000115
-0.000118
-0.000121
-0.000124
-0.000127
-0.000129
-0.000132
-0.000135
-0.000138
-0.000140
-0.000143
-0.000146
-0.000149
-0.000151
-0.000154
-0.000157
-0.000160
-0.000163
-0.000165
-0.000168
-0.000172
-0.000175
-0.000178
-0.000181
-0.000184
-0.000187
-0.000191
-0.000194
-0.000197
-0.000201
-0.000204
-0.000208
-0.000211
-0.000214
-0.000218
-0.000221
-0.000224
-0.000227
-0.000230
-0.000233
-0.000236
-0.000239
-0.000242
-0.000244
-0.000247
-0.000250
-0.000252
-0.000255
-0.000258
-0.000261
-0.000263
-0.000266
-0.000269
-0.000272
-0.000276
-0.000279
-0.000283
-0.000286
-0.000290
-0.000294
-0.000298
-0.000302
-0.000306
-0.000310
-0.000314
-0.000319
-0.000323
-0.000327
-0.000332
-0.000336
-0.000339
-0.000343
-0.000347
-0.000350
-0.000353
-0.000356
-0.000359
-0.000362
-0.000364
-0.000367
-0.000369
-0.000371
-0.000373
-0.000376
-0.000378
-0.000380
-0.000383
-0.000386
-0.000389
-0.000393
-0.000396
-0.000400
-0.000404
-0.000408
-0.000412
-0.000417
-0.000421
-0.000426
-0.000431
-0.000436
-0.000440
-0.000445
-0.000449
-0.000454
-0.000457
-0.000460
-0.000463
-0.000465
-0.000467
-0.000469
-0.000471
-0.000473
-0.000475
-0.000476
-0.000478
-0.000479
-0.000481
-0.000483
-0.000487
-0.000491
-0.000496
-0.000501
-0.000508
-0.000515
-0.000524
-0.000533
-0.000542
-0.000551
-0.000560
-0.000569
-0.000578
-0.000588
-0.000596
-0.000604
-0.000611
-0.000617
-0.000622
-0.000624
-0.000624
-0.000621
-0.000617
-0.000612
-0.000608
-0.000604
-0.000598
-0.000593
-0.000588
-0.000584
-0.000582
-0.000581
-0.000581
-0.000586
-0.000590
-0.000597
-0.000606
-0.000618
-0.000631
-0.000644
-0.000660
-0.000678
-0.000696
-0.000712
-0.000725
-0.000740
-0.000754
-0.000761
-0.000767
-0.000772
-0.000775
-0.000774
-0.000770
-0.000766
-0.000758
-0.000748
-0.000735
-0.000720
-0.000704
-0.000690
-0.000678
-0.000668
-0.000661
-0.000659
-0.000659
-0.000663
-0.000669
-0.000678
-0.000685
-0.000692
-0.000697
-0.000706
-0.000722
-0.000743
-0.000767
-0.000787
-0.000809
-0.000829
-0.000850
-0.000872
-0.000887
-0.000905
-0.000920
-0.000935
-0.000940
-0.000945
-0.000947
-0.000943
-0.000939
-0.000925
-0.000907
-0.000877
-0.000841
-0.000808
-0.000781
-0.000757
-0.000743
-0.000739
-0.000742
-0.000748
-0.000758
-0.000778
-0.000801
-0.000829
-0.000863
-0.000894
-0.000918
-0.000943
-0.000971
-0.001003
-0.001032
-0.001047
-0.001057
-0.001070
-0.001079
-0.001079
-0.001095
-0.001111
-0.001128
-0.001141
-0.001149
-0.001162
-0.001161
-0.001151
-0.001134
-0.001106
-0.001083
-0.001057
-0.001011
-0.000962
-0.000907
-0.000850
-0.000798
-0.000751
-0.000704
-0.000661
-0.000649
-0.000644
-0.000661
-0.000682
-0.000728
-0.000771
-0.000813
-0.000862
-0.000912
-0.000982
-0.001055
-0.001133
-0.001221
-0.001295
-0.001355
-0.001419
-0.001459
-0.001512
-0.001570
-0.001612
-0.001645
-0.001649
-0.001617
-0.001572
-0.001493
-0.001423
-0.001332
-0.001247
-0.001120
-0.001010
-0.000893
-0.000808
-0.000775
-0.000764
-0.000753
-0.000768
-0.000810
-0.000889
-0.001006
-0.001122
-0.001201
-0.001251
-0.001300
-0.001357
-0.001457
-0.001569
-0.001657
-0.001777
-0.001868
-0.001942
-0.002052
-0.002165
-0.002230
-0.002272
-0.002312
-0.002312
-0.002335
-0.002286
-0.002217
-0.002097
-0.001993
-0.001915
-0.001815
-0.001704
-0.001594
-0.001408
-0.001218
-0.000964
-0.000682
-0.000426
-0.000245
-0.000045
0.000126
0.000206
0.000254
0.000255
0.000248
0.000212
0.000157
0.000040
-0.000127
-0.000326
-0.000459
-0.000651
-0.000826
-0.001011
-0.001179
-0.001458
-0.001705
-0.001909
-0.002159
-0.002296
-0.002453
-0.002605
-0.002867
-0.003068
-0.003162
-0.003310
-0.003357
-0.003193
-0.002979
-0.002682
-0.002407
-0.002129
-0.001846
-0.001496
-0.001053
-0.000684
-0.000249
0.000078
0.000562
0.001098
0.001577
0.001969
0.002315
0.002669
0.002818
0.002768
0.002573
0.002332
0.001917
0.001476
0.000932
0.000473
-0.000077
-0.000563
-0.001019
-0.001414
-0.001826
-0.002295
-0.002627
-0.002829
-0.003147
-0.003377
-0.003522
-0.003370
-0.003189
-0.003003
-0.002928
-0.003032
-0.003027
-0.002896
-0.002724
-0.002572
-0.002056
-0.001420
-0.000738
0.000189
0.001094
0.001746
0.002280
0.002468
0.002502
0.002412
0.002391
0.002330
0.002106
0.001567
0.000902
0.000465
0.000067
-0.000425
-0.001126
-0.001975
-0.002789
-0.003478
-0.004020
-0.004506
-0.004992
-0.005338
-0.005453
-0.005471
-0.005733
-0.005832
-0.005792
-0.005986
-0.005702
-0.005052
-0.004680
-0.004342
-0.003668
-0.002572
-0.001147
0.000727
0.002380
0.003905
0.005139
0.005659
0.005570
0.005213
0.004967
0.004669
0.004185
0.003564
0.002894
0.002196
0.001732
0.001248
0.000257
-0.000359
-0.000316
0.000143
0.000612
0.000892
0.001262
0.002078
0.003108
0.003618
0.003475
0.003131
0.003070
0.002972
0.002631
0.002578
0.002360
0.002112
0.001146
0.000501
0.000450
0.000235
-0.000562
-0.001654
-0.003049
-0.003969
-0.004650
-0.004774
-0.005212
-0.005214
-0.004677
-0.003183
-0.001578
-0.000506
0.000208
0.000807
0.001435
0.001764
0.002199
0.001607
0.000620
0.000090
-0.000565
0.000326
0.001217
0.001610
0.001724
0.001831
0.002061
0.002710
0.003732
0.005212
0.006353
0.007522
0.007750
0.008036
0.008587
0.008768
0.009229
0.010063
0.010761
0.010900
0.009886
0.009325
0.008039
0.006517
0.004633
0.003135
0.001012
-0.002087
-0.004931
-0.007516
-0.010105
-0.011907
-0.014063
-0.015886
-0.015983
-0.015621
-0.014638
-0.012781
-0.010741
-0.009232
-0.006707
-0.003168
0.000794
0.004594
0.008382
0.011382
0.012175
0.014098
0.014860
0.016517
0.018369
0.019190
0.019557
0.019593
0.017477
0.014763
0.011468
0.008700
0.005328
0.001887
-0.001591
-0.004650
-0.008653
-0.013963
-0.019707
-0.025167
-0.030169
-0.034835
-0.037936
-0.040407
-0.041515
-0.038703
-0.035286
-0.029814
-0.024342
-0.017357
-0.009371
-0.002296
0.000804
0.004964
0.007873
0.007124
0.005058
0.003321
0.001175
-0.001649
-0.003235
-0.008065
-0.012545
-0.018524
-0.024690
-0.031148
-0.037241
-0.043385
-0.047830
-0.052043
-0.056063
-0.059188
-0.062104
-0.066452
-0.067960
-0.067135
-0.063483
-0.061008
-0.054737
-0.045371
-0.033744
-0.024431
-0.014015
-0.003935
0.009190
0.023540
0.039655
0.054423
0.068145
0.077922
0.084428
0.088001
0.087046
0.081509
0.070886
0.059312
0.045788
0.034121
0.019257
0.000065
-0.018525
-0.036317
-0.048620
-0.061277
-0.070506
-0.073322
-0.067366
-0.058015
-0.047851
-0.035145
-0.019459
-0.004523
0.009575
0.020779
0.034007
0.047773
0.063338
0.074117
0.082009
0.089972
0.091017
0.090461
0.085846
0.082098
0.067587
0.048635
0.034477
0.020552
0.004747
-0.009811
-0.026208
-0.041129
-0.056723
-0.064665
-0.070130
-0.071791
-0.074049
-0.069146
-0.065390
-0.058953
-0.056764
-0.058097
-0.062579
-0.065864
-0.069270
-0.073636
-0.075102
-0.077529
-0.077820
-0.075904
-0.074709
-0.065892
-0.053441
-0.037847
-0.020725
-0.003814
0.008445
0.018540
0.032799
0.048069
0.054925
0.060565
0.066642
0.069670
0.073239
0.073689
0.073598
0.065454
0.060742
0.057580
0.060256
0.055288
0.048240
0.037426
0.026686
0.008731
-0.011500
-0.029982
-0.054398
-0.072772
-0.084313
-0.095245
-0.100483
-0.101328
-0.092316
-0.079199
-0.069520
-0.058078
-0.043735
-0.034003
-0.021854
-0.010367
-0.001840
0.012618
0.021026
0.026799
0.030563
0.038357
0.051316
0.051160
0.051185
0.046275
0.048230
0.053386
0.057740
0.068272
0.080185
0.088467
0.094285
0.089174
0.069839
0.044780
0.019705
-0.006158
-0.028145
-0.050714
-0.055128
-0.057319
-0.067653
-0.058876
-0.036264
-0.014444
0.013561
0.054032
0.074397
0.088532
0.102731
0.118147
0.115668
0.103656
0.081271
0.066117
0.045449
0.020198
-0.006746
-0.041777
-0.085917
-0.128311
-0.173598
-0.209062
-0.241170
-0.261140
-0.253698
-0.251380
-0.248245
-0.241893
-0.233404
-0.232706
-0.238007
-0.235582
-0.221307
-0.188802
-0.141722
-0.083662
-0.025765
0.044936
0.114257
0.192031
0.268219
0.323614
0.351898
0.377650
0.385295
0.384661
0.379844
0.359566
0.337111
0.309044
0.269529
0.224186
0.186265
0.134577
0.080184
0.041002
0.000190
-0.052520
-0.102940
-0.150073
-0.201037
-0.256069
-0.299975
-0.336185
-0.361564
-0.384533
-0.395845
-0.388000
-0.362001
-0.313516
-0.259731
-0.189657
-0.114026
-0.038412
0.050777
0.126382
0.203501
0.283220
0.353466
0.401675
0.442309
0.464341
0.491826
0.512047
0.521435
0.516423
0.496813
0.464435
0.425892
0.387575
0.344366
0.302031
0.236977
0.178049
0.116504
0.058591
-0.001232
-0.053929
-0.095181
-0.132890
-0.155289
-0.184717
-0.209396
-0.225948
-0.220002
-0.200759
-0.194242
-0.180143
-0.161194
-0.145154
-0.126751
-0.122535
-0.128010
-0.131250
-0.127978
-0.115729
-0.092189
-0.081557
-0.074377
-0.065696
-0.051285
-0.033241
-0.017326
-0.004995
0.001933
0.009453
0.005523
0.000963
-0.013353
-0.024888
-0.034944
-0.049691
-0.052627
-0.049387
-0.052309
-0.062618
-0.075817
-0.082358
-0.074207
-0.057769
-0.040014
-0.023065
-0.016738
-0.004937
0.001169
0.011578
0.011696
0.001198
-0.011640
-0.020975
-0.033420
-0.049957
-0.069856
-0.087321
-0.117924
-0.146182
-0.165270
-0.195069
-0.217668
-0.253889
-0.276326
-0.286626
-0.287235
-0.282144
-0.265949
-0.242290
-0.198435
-0.145671
-0.106280
-0.057585
-0.016453
0.025414
0.071444
0.114398
0.143688
0.171724
0.194927
0.219957
0.227863
0.224085
0.204044
0.166983
0.135197
0.094632
0.044279
-0.009831
-0.064560
-0.116046
-0.153827
-0.194433
-0.238108
-0.267333
-0.284372
-0.296971
-0.304330
-0.300861
-0.290619
-0.269528
-0.234478
-0.200797
-0.168891
-0.141585
-0.116991
-0.095066
-0.064813
-0.034429
-0.014276
-0.000064
0.002381
-0.001304
0.001251
0.005187
0.012357
0.022636
0.031725
0.032076
0.026334
0.009391
-0.008078
-0.030662
-0.050733
-0.075952
-0.089616
-0.090470
-0.087793
-0.076899
-0.068704
-0.064026
-0.060183
-0.070787
-0.059243
-0.042880
-0.024033
-0.027852
-0.033043
-0.040274
-0.059879
-0.088788
-0.114405
-0.135427
-0.150744
-0.168079
-0.183423
-0.186369
-0.178307
-0.161226
-0.147185
-0.134636
-0.119924
-0.108716
-0.087985
-0.063233
-0.039380
-0.025856
-0.007735
0.011257
0.037190
0.070119
0.103347
0.128472
0.159626
0.177390
0.188627
0.199589
0.194086
0.193870
0.182006
0.173016
0.158891
0.131677
0.107414
0.095244
0.078275
0.057339
0.026866
-0.008089
-0.033004
-0.058582
-0.071112
-0.078465
-0.075397
-0.079584
-0.095442
-0.103542
-0.107659
-0.121712
-0.127453
-0.126593
-0.125067
-0.113974
-0.096555
-0.077667
-0.062041
-0.045065
-0.026574
-0.014603
-0.006230
0.000059
0.015532
0.036675
0.052430
0.055490
0.065116
0.075854
0.085094
0.097621
0.100598
0.083834
0.062844
0.035309
0.015560
-0.007868
-0.034368
-0.068109
-0.090473
-0.112230
-0.122400
-0.135399
-0.143547
-0.144072
-0.139322
-0.123563
-0.101195
-0.076026
-0.039778
-0.006383
0.024311
0.047683
0.073083
0.114201
0.156630
0.198923
0.229003
0.259444
0.267245
0.267771
0.259056
0.243033
0.226655
0.194113
0.159775
0.125265
0.085283
0.053559
0.019807
-0.013693
-0.045718
-0.076490
-0.100179
-0.125173
-0.133066
-0.128636
-0.115286
-0.100020
-0.082178
-0.061016
-0.036949
-0.015700
0.007379
0.035690
0.059822
0.074480
0.092235
0.108638
0.119946
0.115629
0.103983
0.093177
0.071759
0.057616
0.048439
0.040989
0.033160
0.017378
0.003610
-0.008338
-0.016308
-0.033619
-0.057334
-0.083970
-0.107420
-0.124950
-0.125961
-0.121728
-0.117245
-0.111537
-0.087044
-0.055069
-0.007092
0.037003
0.079877
0.111457
0.146285
0.187262
0.211186
0.230748
0.242414
0.246190
0.239336
0.228900
0.212338
0.187421
0.155144
0.120386
0.086717
0.045411
0.009320
-0.021505
-0.055953
-0.090212
-0.112301
-0.130987
-0.142084
-0.150038
-0.147504
-0.138782
-0.128805
-0.119654
-0.103620
-0.082450
-0.061673
-0.048795
-0.037895
-0.026632
-0.009733
0.011983
0.032976
0.053213
0.073009
0.091225
0.109157
0.128166
0.144620
0.161353
0.166044
0.172103
0.176820
0.163655
0.148079
0.125842
0.109469
0.091363
0.070457
0.048352
0.025227
-0.002224
-0.038528
-0.067725
-0.090714
-0.110205
-0.129502
-0.155299
-0.170651
-0.168950
-0.163710
-0.149922
-0.128989
-0.098463
-0.076143
-0.052009
-0.024711
0.009376
0.034734
0.060799
0.087346
0.111479
0.132669
0.156005
0.187465
0.211821
0.229041
0.241756
0.249965
0.250628
0.246533
0.233619
0.209018
0.183331
0.150699
0.105916
0.063823
0.021617
-0.020121
-0.053771
-0.084850
-0.113935
-0.135976
-0.155531
-0.177276
-0.191739
-0.200019
-0.203996
-0.202301
-0.194986
-0.177739
-0.153834
-0.120932
-0.078587
-0.037835
-0.000744
0.038613
0.082144
0.122983
0.162561
0.200648
0.233965
0.255788
0.269993
0.281665
0.287727
0.280008
0.268115
0.254612
0.234435
0.214288
0.198250
0.176814
0.148757
0.122756
0.097378
0.069533
0.042590
0.016016
-0.006941
-0.028983
-0.050700
-0.068953
-0.088826
-0.102818
-0.105368
-0.102265
-0.091780
-0.073157
-0.049853
-0.021790
-0.001885
0.020054
0.037446
0.052299
0.060557
0.073220
0.090758
0.113932
0.134291
0.152190
0.166084
0.169928
0.179621
0.185832
0.192877
0.189962
0.184760
0.174229
0.160673
0.149416
0.144036
0.141129
0.144053
0.146607
0.146392
0.143210
0.132680
0.119221
0.112861
0.110403
0.108091
0.101007
0.090028
0.076926
0.060434
0.045233
0.034305
0.024658
0.015291
0.008546
0.007227
0.006788
0.013538
0.022680
0.033029
0.042683
0.044731
0.049748
0.057731
0.072043
0.087419
0.104787
0.115105
0.119256
0.132504
0.147658
0.169533
0.182569
0.195954
0.197837
0.198844
0.195204
0.182158
0.171895
0.157926
0.141494
0.129349
0.110958
0.095996
0.075343
0.052487
0.028007
0.009455
-0.010622
-0.030669
-0.049774
-0.067409
-0.081891
-0.083534
-0.076712
-0.071816
-0.062759
-0.057756
-0.047829
-0.039572
-0.021357
0.000816
0.025834
0.055179
0.084691
0.109571
0.130693
0.152426
0.173077
0.187486
0.200999
0.210807
0.213419
0.210483
0.209289
0.195868
0.174212
0.153198
0.121756
0.082187
0.052354
0.018322
-0.017677
-0.045752
-0.064940
-0.079121
-0.090042
-0.096121
-0.097566
-0.095911
-0.091281
-0.077318
-0.061061
-0.040543
-0.018647
0.005522
0.028513
0.044230
0.056949
0.068652
0.079456
0.081825
0.083964
0.072887
0.062888
0.058553
0.053892
0.052411
0.046736
0.033595
0.018118
0.001936
-0.007667
-0.012336
-0.024075
-0.028976
-0.033168
-0.029490
-0.025658
-0.023417
-0.028924
-0.030156
-0.029333
-0.026033
-0.022116
-0.017101
-0.010373
-0.002807
0.005269
0.013374
0.018916
0.029446
0.039035
0.047131
0.059240
0.072152
0.086043
0.090028
0.091660
0.091836
0.084078
0.074181
0.063444
0.057099
0.045653
0.037534
0.024946
0.011786
-0.003289
-0.017040
-0.027813
-0.040075
-0.048494
-0.054628
-0.053333
-0.042030
-0.030201
-0.010773
0.013436
0.038370
0.057041
0.071494
0.086596
0.088781
0.087319
0.086942
0.080573
0.073047
0.064301
0.057659
0.042257
0.028716
0.018922
0.013013
0.004372
-0.007624
-0.022170
-0.035174
-0.042411
-0.043227
-0.042792
-0.046184
-0.047137
-0.047381
-0.044508
-0.044341
-0.044108
-0.039403
-0.029709
-0.019920
-0.011659
-0.001875
0.000684
0.002443
0.005142
0.011276
0.010223
0.005894
0.000841
-0.003420
-0.005683
-0.012985
-0.015251
-0.013248
-0.011485
-0.010542
-0.013857
-0.020013
-0.022594
-0.026248
-0.025228
-0.022712
-0.011268
-0.003092
0.005925
0.012763
0.017774
0.022879
0.024315
0.020611
0.011211
0.003385
0.000366
-0.009148
-0.015468
-0.016376
-0.013295
-0.011524
-0.011978
-0.007742
-0.001477
0.003441
0.003589
0.007006
0.008791
0.006173
0.002886
0.000675
0.000228
-0.007784
-0.016326
-0.025940
-0.033848
-0.043038
-0.048531
-0.050753
-0.047612
-0.049463
-0.053638
-0.056082
-0.055850
-0.055235
-0.052821
-0.050431
-0.048370
-0.046280
-0.050177
-0.057576
-0.066943
-0.074496
-0.080537
-0.083715
-0.090292
-0.091608
-0.089072
-0.084023
-0.077383
-0.068148
-0.059017
-0.055373
-0.048593
-0.038290
-0.026113
-0.013559
-0.003573
0.006168
0.015540
0.028362
0.040182
0.044733
0.049798
0.057391
0.061135
0.057587
0.053168
0.044280
0.032852
0.021809
0.007003
-0.006947
-0.027576
-0.043906
-0.058737
-0.074865
-0.089487
-0.103258
-0.120138
-0.139684
-0.153715
-0.170833
-0.181863
-0.189347
-0.196973
-0.201568
-0.202459
-0.199122
-0.191333
-0.183765
-0.173198
-0.159733
-0.149513
-0.138372
-0.121632
-0.100993
-0.076873
-0.063044
-0.053327
-0.047639
-0.046726
-0.043896
-0.040481
-0.040801
-0.044466
-0.055614
-0.065129
-0.068833
-0.072106
-0.079889
-0.089593
-0.102731
-0.112040
-0.122674
-0.131516
-0.134961
-0.137471
-0.143005
-0.151005
-0.149175
-0.148541
-0.144979
-0.140599
-0.137266
-0.134220
-0.127006
-0.120533
-0.112267
-0.102368
-0.094149
-0.081213
-0.064215
-0.048187
-0.028923
-0.008932
0.010100
0.027031
0.037358
0.042564
0.044732
0.048840
0.052547
0.048993
0.041083
0.034985
0.025254
0.011794
0.000338
-0.015331
-0.034028
-0.054141
-0.075620
-0.093965
-0.116309
-0.136265
-0.149500
-0.161244
-0.167632
-0.171302
-0.172678
-0.174828
-0.177998
-0.179771
-0.178207
-0.170072
-0.158888
-0.150740
-0.140450
-0.131578
-0.122609
-0.112602
-0.097806
-0.082469
-0.064358
-0.041049
-0.024090
-0.006211
0.007797
0.022487
0.032038
0.034085
0.034372
0.033277
0.030214
0.029556
0.026309
0.024754
0.015775
0.004376
-0.005158
-0.016203
-0.024093
-0.036609
-0.049162
-0.062808
-0.078233
-0.091497
-0.102324
-0.108610
-0.115761
-0.124928
-0.131340
-0.135059
-0.138063
-0.142763
-0.142928
-0.137051
-0.129671
-0.114546
-0.095799
-0.073104
-0.052171
-0.031419
-0.006381
0.017401
0.037009
0.057176
0.074078
0.084694
0.097772
0.108566
0.116536
0.115264
0.106610
0.093156
0.079520
0.062175
0.044566
0.022848
0.001418
-0.015721
-0.032882
-0.053492
-0.068936
-0.087105
-0.103307
-0.118168
-0.131586
-0.142423
-0.152096
-0.153139
-0.154742
-0.153700
-0.147518
-0.138754
-0.127583
-0.112160
-0.091767
-0.069924
-0.051201
-0.033126
-0.015885
-0.001224
0.012109
0.024964
0.034843
0.045837
0.052235
0.055782
0.056038
0.053245
0.045367
0.036598
0.030481
0.025202
0.019274
0.008845
-0.005336
-0.020340
-0.033578
-0.045050
-0.055626
-0.064731
-0.072035
-0.076781
-0.079468
-0.080448
-0.081388
-0.078023
-0.074988
-0.070628
-0.064081
-0.051820
-0.035932
-0.018116
-0.001066
0.017441
0.031930
0.048009
0.057384
0.062077
0.065007
0.063601
0.059382
0.057370
0.056299
0.056241
0.054105
0.049608
0.042695
0.031378
0.023675
0.017996
0.011006
0.002158
-0.004738
-0.010350
-0.018161
-0.029280
-0.038524
-0.050307
-0.059017
-0.062751
-0.064816
-0.064530
-0.067872
-0.066869
-0.064800
-0.060656
-0.056304
-0.054309
-0.050988
-0.045426
-0.038975
-0.030791
-0.021617
-0.009800
-0.001070
0.006962
0.015109
0.026087
0.034711
0.038011
0.043222
0.046467
0.052036
0.054759
0.054139
0.051938
0.048119
0.041164
0.031409
0.020547
0.010812
0.002208
-0.010946
-0.022695
-0.038271
-0.054448
-0.073876
-0.088065
-0.101217
-0.112827
-0.122302
-0.131556
-0.137505
-0.140783
-0.139212
-0.131799
-0.124551
-0.113021
-0.099723
-0.083624
-0.063283
-0.044029
-0.024407
-0.004039
0.017024
0.036554
0.057181
0.074809
0.091835
0.107893
0.118622
0.123083
0.124507
0.122442
0.117759
0.110871
0.098200
0.083654
0.070169
0.053904
0.036729
0.018684
0.001395
-0.014591
-0.026132
-0.034827
-0.039640
-0.042686
-0.038503
-0.034579
-0.029204
-0.019702
-0.008875
0.001174
0.015171
0.028936
0.041164
0.053132
0.065208
0.078981
0.091531
0.096232
0.101596
0.102446
0.102121
0.097722
0.091163
0.079165
0.065805
0.051102
0.034973
0.018170
-0.000290
-0.021769
-0.042735
-0.058603
-0.074412
-0.085837
-0.096193
-0.103607
-0.106420
-0.104767
-0.102158
-0.094729
-0.086283
-0.075894
-0.065344
-0.050020
-0.031112
-0.010353
0.008789
0.027582
0.048218
0.067217
0.082083
0.094789
0.104611
0.112573
0.117434
0.122331
0.124914
0.125422
0.120336
0.108800
0.096313
0.079905
0.060794
0.040242
0.016990
-0.006276
-0.025495
-0.042134
-0.057943
-0.073273
-0.084796
-0.091612
-0.097503
-0.097690
-0.096795
-0.088908
-0.078196
-0.066820
-0.051482
-0.037564
-0.023537
-0.008807
0.003099
0.013152
0.025200
0.039864
0.055360
0.070577
0.085647
0.098655
0.112183
0.124277
0.132455
0.137178
0.138390
0.135529
0.133304
0.128996
0.123625
0.118031
0.110321
0.102721
0.093499
0.081758
0.068866
0.053849
0.039179
0.023962
0.008625
-0.003211
-0.016118
-0.025915
-0.033651
-0.040596
-0.044276
-0.046157
-0.045750
-0.042680
-0.036443
-0.028134
-0.019920
-0.010755
-0.000311
0.014329
0.031340
0.049269
0.067362
0.082846
0.094831
0.105295
0.113271
0.118393
0.123104
0.127474
0.127626
0.121889
0.110754
0.096802
0.078509
0.061084
0.041580
0.022005
0.004091
-0.011054
-0.023027
-0.034393
-0.042886
-0.050740
-0.058436
-0.065287
-0.069655
-0.072350
-0.070082
-0.058786
-0.045425
-0.033360
-0.019469
-0.003625
0.007532
0.021844
0.036389
0.050235
0.065005
0.076753
0.082849
0.085446
0.087437
0.090221
0.088804
0.090068
0.088407
0.083023
0.072117
0.057528
0.042919
0.028008
0.013720
-0.002037
-0.013971
-0.022969
-0.031661
-0.037046
-0.038042
-0.035493
-0.030522
-0.026371
-0.018470
-0.011973
-0.006206
-0.001681
0.007060
0.013884
0.019223
0.023021
0.024759
0.027207
0.029710
0.034655
0.038773
0.043108
0.045688
0.046807
0.047686
0.048941
0.053336
0.056952
0.061033
0.062999
0.061240
0.059356
0.061936
0.063574
0.063898
0.062719
0.059201
0.054624
0.049067
0.043569
0.038783
0.033567
0.027839
0.019879
0.010475
-0.000253
-0.011457
-0.020033
-0.028366
-0.033688
-0.041434
-0.049669
-0.053800
-0.058242
-0.061300
-0.064942
-0.066563
-0.064492
-0.059809
-0.055883
-0.049978
-0.043645
-0.033851
-0.022566
-0.009288
0.002848
0.013799
0.024378
0.030987
0.034367
0.039126
0.046884
0.054360
0.056459
0.057507
0.057021
0.055144
0.050634
0.044929
0.040904
0.037970
0.038038
0.036074
0.032158
0.031296
0.027423
0.021753
0.015747
0.006865
-0.001343
-0.007543
-0.015928
-0.026836
-0.035925
-0.042976
-0.050776
-0.054986
-0.056853
-0.056392
-0.058101
-0.057542
-0.057600
-0.061017
-0.062887
-0.063995
-0.064874
-0.062037
-0.055044
-0.046752
-0.038010
-0.028825
-0.021879
-0.012806
-0.003477
0.005105
0.014497
0.024880
0.036431
0.046091
0.054078
0.058873
0.061065
0.059896
0.056795
0.051587
0.044267
0.036431
0.026040
0.015895
0.006585
-0.002233
-0.011522
-0.018117
-0.026067
-0.032362
-0.036618
-0.039694
-0.042065
-0.043923
-0.044498
-0.042785
-0.039703
-0.038530
-0.035954
-0.031088
-0.026590
-0.020439
-0.015352
-0.011195
-0.007610
-0.002625
0.003531
0.011738
0.019477
0.027067
0.034120
0.040700
0.045674
0.048961
0.049246
0.047606
0.042125
0.034742
0.025165
0.013509
0.001773
-0.010567
-0.021385
-0.031747
-0.041504
-0.051007
-0.058990
-0.066495
-0.071130
-0.076816
-0.078553
-0.078193
-0.075007
-0.069350
-0.062184
-0.056022
-0.046562
-0.036630
-0.023129
-0.008900
0.003451
0.017785
0.029996
0.040108
0.049591
0.056382
0.061576
0.064568
0.064452
0.062911
0.060733
0.055548
0.051484
0.047867
0.041856
0.036067
0.032597
0.026946
0.020296
0.011275
0.004306
-0.003287
-0.009698
-0.015643
-0.016707
-0.018592
-0.018426
-0.021410
-0.022893
-0.024436
-0.025803
-0.023441
-0.021474
-0.016870
-0.012038
-0.007982
-0.005059
-0.002512
0.001256
0.003296
0.005201
0.005536
0.007498
0.007407
0.004058
0.002520
-0.001259
-0.004520
-0.007718
-0.011495
-0.013196
-0.014669
-0.014475
-0.013561
-0.010140
-0.007769
-0.006948
-0.007485
-0.007190
-0.006767
-0.009477
-0.013415
-0.017944
-0.022092
-0.023152
-0.023393
-0.024599
-0.025500
-0.025189
-0.023412
-0.017485
-0.010499
-0.002736
0.003289
0.008828
0.011719
0.016201
0.020551
0.024737
0.027395
0.029135
0.030369
0.031256
0.032325
0.030165
0.026824
0.021507
0.015870
0.009755
0.000873
-0.008605
-0.018649
-0.026483
-0.032777
-0.037335
-0.042814
-0.046099
-0.050080
-0.050662
-0.051004
-0.050169
-0.049651
-0.046500
-0.043106
-0.037905
-0.031316
-0.022090
-0.012015
-0.000731
0.010210
0.018868
0.024848
0.027819
0.030105
0.029554
0.028230
0.026774
0.023630
0.019002
0.013919
0.008325
0.002882
-0.002721
-0.008251
-0.014074
-0.019595
-0.022969
-0.024167
-0.025023
-0.024426
-0.020767
-0.015858
-0.010020
-0.005087
0.000263
0.003654
0.007944
0.012830
0.015072
0.015213
0.016488
0.016734
0.018093
0.020895
0.023621
0.026635
0.028246
0.027600
0.026028
0.024328
0.022308
0.021587
0.019768
0.018759
0.019316
0.019663
0.017843
0.016841
0.015593
0.013158
0.007561
0.001989
-0.003059
-0.007302
-0.010486
-0.013006
-0.013604
-0.015343
-0.015348
-0.013015
-0.010931
-0.008173
-0.006749
-0.005976
-0.005458
-0.004357
-0.003764
-0.002931
-0.002270
-0.001753
-0.003614
-0.003583
-0.001752
0.001037
0.004753
0.007089
0.011790
0.015650
0.018306
0.018219
0.017340
0.013510
0.008581
0.004829
0.002744
0.001360
0.000476
0.000632
0.002368
0.003435
0.003753
0.001758
-0.002042
-0.008347
-0.013425
-0.018694
-0.023591
-0.028300
-0.031920
-0.035017
-0.037823
-0.039882
-0.041378
-0.043430
-0.042048
-0.040563
-0.038511
-0.035873
-0.030586
-0.025732
-0.019465
-0.015404
-0.012141
-0.008861
-0.004101
0.002051
0.007949
0.015143
0.021960
0.027402
0.030832
0.032564
0.032019
0.031346
0.029586
0.027621
0.024642
0.019494
0.014570
0.009394
0.002974
-0.004318
-0.011109
-0.016354
-0.021004
-0.025472
-0.029905
-0.033553
-0.037642
-0.040686
-0.042480
-0.043564
-0.042006
-0.037683
-0.031971
-0.025113
-0.018853
-0.014247
-0.008308
-0.002070
0.004155
0.011189
0.018148
0.024948
0.032146
0.037992
0.042513
0.045323
0.045366
0.043645
0.040434
0.037911
0.033029
0.029134
0.023208
0.017287
0.010613
0.003604
-0.002512
-0.008601
-0.014901
-0.020954
-0.026019
-0.030640
-0.035838
-0.038610
-0.043741
-0.045189
-0.044399
-0.041956
-0.037412
-0.031267
-0.022956
-0.013596
-0.006251
0.001590
0.010961
0.018395
0.023137
0.028508
0.034192
0.038575
0.041527
0.043914
0.045709
0.047407
0.046154
0.041317
0.035840
0.029680
0.021368
0.013739
0.006075
-0.003072
-0.008938
-0.015116
-0.020912
-0.024992
-0.028695
-0.031709
-0.033569
-0.033797
-0.033235
-0.030913
-0.029627
-0.026816
-0.024766
-0.023423
-0.020995
-0.016917
-0.010484
-0.003875
0.002258
0.010219
0.017126
0.023630
0.029703
0.035932
0.041575
0.042490
0.040595
0.037887
0.032676
0.027298
0.021887
0.016441
0.010600
0.005034
0.000536
-0.005066
-0.012637
-0.018095
-0.022425
-0.026596
-0.031073
-0.034049
-0.037823
-0.040273
-0.042743
-0.045661
-0.047810
-0.048347
-0.047131
-0.043313
-0.039898
-0.034465
-0.027882
-0.021257
-0.013701
-0.004948
0.002654
0.010526
0.018245
0.023070
0.026244
0.027626
0.028605
0.028595
0.028142
0.025228
0.022864
0.020891
0.017004
0.012223
0.006870
0.001644
-0.003091
-0.007464
-0.012412
-0.015961
-0.018526
-0.018793
-0.018429
-0.017914
-0.017156
-0.017246
-0.018482
-0.018600
-0.018522
-0.017645
-0.016134
-0.015510
-0.013997
-0.012329
-0.010985
-0.009453
-0.006711
-0.002810
0.002876
0.008493
0.012432
0.015575
0.019012
0.022821
0.024930
0.026303
0.027528
0.028112
0.029441
0.028420
0.027751
0.026850
0.023603
0.021215
0.016667
0.013012
0.008820
0.003486
-0.003689
-0.011444
-0.018778
-0.023839
-0.026402
-0.027334
-0.028611
-0.029769
-0.029817
-0.028787
-0.025392
-0.020493
-0.014441
-0.008664
-0.002117
0.004671
0.011669
0.017276
0.021907
0.024739
0.025725
0.024826
0.023272
0.022443
0.021438
0.020956
0.020893
0.020587
0.018522
0.016259
0.013541
0.011954
0.011184
0.008116
0.005788
0.002265
0.000098
-0.000993
-0.001864
-0.001505
-0.000330
0.001088
0.003023
0.006450
0.009656
0.012934
0.015364
0.016983
0.018689
0.020699
0.022064
0.024221
0.026927
0.028502
0.029821
0.029176
0.026984
0.024911
0.022297
0.016197
0.009120
0.001895
-0.004404
-0.010811
-0.016287
-0.021899
-0.025991
-0.028350
-0.030303
-0.030397
-0.029837
-0.029459
-0.029253
-0.028728
-0.027698
-0.025277
-0.021371
-0.018249
-0.014864
-0.011006
-0.007377
-0.003315
0.001549
0.005261
0.007928
0.011368
0.013745
0.014643
0.016045
0.017152
0.017852
0.016231
0.013967
0.011958
0.008663
0.005453
0.001842
-0.001341
-0.003714
-0.006845
-0.010037
-0.012168
-0.012989
-0.013243
-0.012134
-0.010240
-0.008291
-0.005812
-0.003768
-0.000063
0.002907
0.003268
0.004596
0.004532
0.005637
0.006038
0.005332
0.005398
0.004966
0.006281
0.008023
0.009896
0.011855
0.013021
0.013182
0.013384
0.013313
0.013738
0.014857
0.015930
0.016649
0.018838
0.019834
0.020997
0.022297
0.023523
0.023217
0.023262
0.024251
0.025411
0.026518
0.029535
0.030746
0.031285
0.032137
0.030313
0.027771
0.024244
0.020625
0.015524
0.010123
0.004599
-0.000432
-0.005870
-0.011227
-0.015419
-0.019107
-0.022330
-0.024249
-0.025565
-0.025312
-0.023811
-0.022003
-0.018570
-0.014824
-0.011099
-0.006858
-0.003331
-0.000068
0.002803
0.006268
0.010187
0.013036
0.015714
0.018702
0.018955
0.018322
0.015836
0.013085
0.010081
0.005770
0.000680
-0.005110
-0.009759
-0.013328
-0.016837
-0.018552
-0.019062
-0.019202
-0.018119
-0.015598
-0.010330
-0.005419
-0.000995
0.003088
0.006467
0.009131
0.012562
0.014774
0.016771
0.018033
0.018715
0.019081
0.018862
0.017304
0.015456
0.012959
0.008336
0.005820
0.001675
-0.002650
-0.006843
-0.009178
-0.011061
-0.013539
-0.014937
-0.015979
-0.015939
-0.015449
-0.014524
-0.014035
-0.013332
-0.012110
-0.010139
-0.007969
-0.005618
-0.003212
-0.000895
0.001277
0.003164
0.004620
0.005282
0.006287
0.008432
0.010000
0.010683
0.009965
0.009419
0.007845
0.006017
0.004246
0.002005
-0.000607
-0.002966
-0.005040
-0.006832
-0.008956
-0.010811
-0.012211
-0.012360
-0.012048
-0.012493
-0.013586
-0.014104
-0.013734
-0.012773
-0.011929
-0.010596
-0.009299
-0.009370
-0.010395
-0.010606
-0.010497
-0.009626
-0.007917
-0.005907
-0.003964
-0.001946
0.000561
0.003643
0.005843
0.007976
0.009734
0.011675
0.013813
0.014687
0.015016
0.014560
0.012519
0.011313
0.008501
0.005875
0.004245
0.002991
0.000827
-0.001436
-0.003443
-0.003555
-0.003879
-0.005099
-0.005675
-0.005362
-0.005810
-0.006545
-0.007315
-0.007693
-0.007087
-0.006164
-0.004703
-0.001861
-0.000425
0.000192
0.001022
0.002019
0.003165
0.004067
0.004529
0.005197
0.005275
0.004631
0.003446
0.002303
0.002238
0.003667
0.005021
0.005022
0.004678
0.002606
0.000988
-0.001095
-0.002329
-0.002979
-0.003859
-0.003594
-0.002795
-0.002478
-0.002503
-0.002483
-0.002104
-0.002115
-0.001736
0.000197
0.002055
0.004304
0.007602
0.009753
0.010859
0.012406
0.013567
0.014370
0.012985
0.011391
0.009381
0.007656
0.005695
0.003055
0.000461
-0.002095
-0.005604
-0.008188
-0.010334
-0.011953
-0.013308
-0.014026
-0.014101
-0.014382
-0.015089
-0.014866
-0.014004
-0.013729
-0.013228
-0.012534
-0.011237
-0.010142
-0.009147
-0.007928
-0.006737
-0.005152
-0.002952
-0.000885
0.001792
0.004313
0.006346
0.008601
0.010474
0.011938
0.012819
0.012255
0.011351
0.010325
0.008771
0.006202
0.004343
0.002199
0.000425
-0.001692
-0.003952
-0.005526
-0.007239
-0.008531
-0.010215
-0.012207
-0.014882
-0.017214
-0.018411
-0.019335
-0.020068
-0.019893
-0.019824
-0.019959
-0.018739
-0.016039
-0.013132
-0.009206
-0.005424
-0.001406
0.002504
0.006215
0.010345
0.013683
0.017274
0.020102
0.022731
0.025325
0.027041
0.026852
0.025326
0.023149
0.020294
0.016325
0.011914
0.007324
0.003403
0.000413
-0.002370
-0.005041
-0.007248
-0.008877
-0.009818
-0.010248
-0.010591
-0.010427
-0.010215
-0.009954
-0.009454
-0.008641
-0.007358
-0.005321
-0.003343
-0.002609
-0.002257
-0.001518
-0.000984
-0.000982
-0.000773
-0.001363
-0.001475
-0.001746
-0.002000
-0.001480
-0.000789
-0.000189
-0.000517
-0.001089
-0.002195
-0.003145
-0.003269
-0.003214
-0.003267
-0.003823
-0.005164
-0.006534
-0.006670
-0.007189
-0.007097
-0.007094
-0.006759
-0.006031
-0.004161
-0.001348
0.001310
0.003250
0.005224
0.006784
0.008952
0.010726
0.011888
0.011640
0.010760
0.010436
0.009231
0.008382
0.007136
0.006496
0.006066
0.005675
0.004951
0.004328
0.003347
0.002901
0.003251
0.003975
0.004524
0.005313
0.006000
0.006864
0.007138
0.007391
0.007263
0.007682
0.008686
0.010045
0.011363
0.012509
0.013055
0.012889
0.012622
0.012818
0.012074
0.010680
0.008982
0.006771
0.003742
0.001318
-0.000949
-0.003656
-0.005384
-0.005835
-0.006591
-0.007386
-0.007976
-0.008767
-0.009322
-0.010063
-0.010309
-0.009720
-0.008569
-0.007185
-0.005463
-0.002897
0.000002
0.003438
0.006881
0.009603
0.011336
0.013024
0.014178
0.015234
0.015995
0.016254
0.015625
0.014398
0.012178
0.010311
0.007675
0.005045
0.003021
0.001013
-0.001365
-0.004092
-0.005503
-0.006511
-0.007710
-0.007863
-0.006790
-0.006249
-0.005453
-0.004203
-0.003284
-0.001735
-0.001007
0.000088
0.001190
0.001383
0.001922
0.002463
0.002668
0.003305
0.004188
0.005316
0.007062
0.008786
0.010048
0.011517
0.012598
0.012522
0.012033
0.011685
0.011006
0.009580
0.008249
0.006526
0.005678
0.004709
0.002820
0.000569
-0.001170
-0.003239
-0.005315
-0.007473
-0.009594
-0.011684
-0.012858
-0.013444
-0.014434
-0.015837
-0.016511
-0.015827
-0.015243
-0.014207
-0.012758
-0.011052
-0.009317
-0.007433
-0.005354
-0.003184
-0.001139
0.000540
0.002276
0.003778
0.005563
0.007273
0.009142
0.011753
0.013602
0.014587
0.015340
0.015019
0.014544
0.014243
0.013927
0.014072
0.014040
0.014629
0.014486
0.013422
0.011856
0.010534
0.008267
0.006504
0.004749
0.002980
0.001637
0.001185
0.000793
0.000961
0.000460
0.000262
-0.000190
-0.000900
-0.001031
-0.000468
0.000390
0.001905
0.003553
0.005087
0.006592
0.008498
0.010221
0.011785
0.013271
0.014342
0.015480
0.016470
0.017658
0.017733
0.017253
0.015634
0.013731
0.011168
0.009007
0.006862
0.004659
0.002264
-0.000354
-0.003178
-0.005351
-0.007472
-0.009681
-0.010935
-0.011490
-0.011104
-0.010921
-0.011232
-0.010945
-0.010750
-0.010413
-0.009214
-0.007867
-0.006256
-0.005201
-0.004457
-0.003320
-0.001945
-0.000974
0.000454
0.002166
0.003798
0.006256
0.008237
0.009181
0.010097
0.011059
0.011083
0.011137
0.010586
0.010087
0.009417
0.008247
0.006957
0.005238
0.003234
0.001461
-0.000156
-0.001165
-0.001532
-0.001940
-0.002652
-0.003201
-0.003486
-0.003732
-0.004139
-0.004471
-0.005078
-0.006361
-0.007743
-0.009370
-0.010390
-0.010688
-0.010418
-0.009239
-0.008264
-0.007038
-0.006215
-0.005155
-0.003837
-0.002368
-0.000931
0.001257
0.003871
0.006671
0.009309
0.011761
0.013685
0.014853
0.015066
0.015570
0.015400
0.014433
0.013340
0.011799
0.010407
0.008045
0.005899
0.004137
0.002238
0.000422
-0.000605
-0.001574
-0.002498
-0.003249
-0.004132
-0.004837
-0.005519
-0.005985
-0.006181
-0.006166
-0.006349
-0.006990
-0.007207
-0.007194
-0.007711
-0.008131
-0.008113
-0.007788
-0.007561
-0.006720
-0.005517
-0.003747
-0.002229
-0.000516
0.000853
0.001993
0.002991
0.004407
0.005880
0.006725
0.007687
0.008424
0.009649
0.010760
0.011254
0.011635
0.011846
0.011705
0.011001
0.009554
0.007709
0.005413
0.003303
0.001285
-0.000785
-0.003242
-0.005131
-0.006925
-0.008011
-0.009388
-0.010651
-0.012119
-0.013428
-0.014285
-0.014733
-0.014628
-0.013183
-0.011240
-0.009127
-0.007208
-0.005024
-0.002345
0.000709
0.003897
0.006765
0.009330
0.010947
0.012385
0.013048
0.013511
0.013793
0.013711
0.013605
0.013177
0.011842
0.010543
0.008832
0.006627
0.004054
0.001169
-0.001812
-0.004826
-0.008169
-0.011566
-0.014530
-0.017014
-0.019039
-0.021114
-0.021968
-0.022513
-0.022572
-0.021812
-0.020151
-0.018574
-0.015981
-0.013561
-0.011035
-0.007459
-0.004233
-0.001109
0.001667
0.004833
0.007368
0.009522
0.010722
0.011622
0.011954
0.011897
0.011149
0.010325
0.009059
0.008394
0.006864
0.005395
0.003888
0.002078
-0.000048
-0.002349
-0.003764
-0.004374
-0.005493
-0.006332
-0.006713
-0.006466
-0.006406
-0.006025
-0.004825
-0.003739
-0.003147
-0.002216
-0.000922
0.000426
0.001833
0.003289
0.004193
0.004768
0.005620
0.006384
0.007017
0.007579
0.007578
0.007084
0.006174
0.004803
0.003222
0.001888
0.000827
-0.000817
-0.002828
-0.004177
-0.005426
-0.006212
-0.006641
-0.007001
-0.007385
-0.007985
-0.007859
-0.007267
-0.006419
-0.004815
-0.003475
-0.001776
-0.000290
0.001519
0.002693
0.003673
0.004060
0.004191
0.004481
0.004291
0.004202
0.004197
0.004018
0.003623
0.003137
0.002681
0.001476
0.000343
-0.001437
-0.002538
-0.003844
-0.005249
-0.006369
-0.007510
-0.008340
-0.008582
-0.008665
-0.007979
-0.006735
-0.005726
-0.004164
-0.002428
-0.001044
0.000933
0.002666
0.003955
0.005243
0.006562
0.006974
0.007211
0.007031
0.006222
0.004979
0.003703
0.002212
0.001065
-0.000245
-0.000751
-0.001266
-0.000995
-0.001214
-0.001377
-0.001481
-0.001445
-0.001204
-0.001068
-0.000674
0.000116
0.000337
0.000645
0.000938
0.000316
-0.000635
-0.001469
-0.001678
-0.002256
-0.003229
-0.004223
-0.005397
-0.006319
-0.006910
-0.007435
-0.007888
-0.008483
-0.008806
-0.008872
-0.008356
-0.007944
-0.007249
-0.006222
-0.004608
-0.002899
-0.000986
0.001211
0.003195
0.005217
0.007293
0.009382
0.010779
0.011864
0.012598
0.012915
0.012933
0.012739
0.012327
0.011224
0.009863
0.008312
0.006233
0.003535
0.000897
-0.001363
-0.003772
-0.005792
-0.007631
-0.009231
-0.010841
-0.011950
-0.012377
-0.012291
-0.011930
-0.011085
-0.009895
-0.008918
-0.008037
-0.006767
-0.005221
-0.004067
-0.002987
-0.001735
-0.000744
0.000263
0.001014
0.002263
0.002875
0.003082
0.002974
0.002417
0.001476
0.000596
-0.000164
-0.001274
-0.002553
-0.003873
-0.005144
-0.006383
-0.007220
-0.007782
-0.008232
-0.008491
-0.008608
-0.008488
-0.008135
-0.007345
-0.005884
-0.004353
-0.002195
0.000048
0.002007
0.003536
0.004559
0.005501
0.006406
0.006542
0.006789
0.006750
0.006305
0.005780
0.005056
0.004175
0.003030
0.001411
-0.000024
-0.001771
-0.003645
-0.005085
-0.006254
-0.007589
-0.008428
-0.008964
-0.009075
-0.009121
-0.008679
-0.008336
-0.007593
-0.006622
-0.005590
-0.004526
-0.003678
-0.002872
-0.001882
-0.000648
0.000555
0.001221
0.001454
0.001638
0.001704
0.001672
0.001610
0.001285
0.000488
-0.000215
-0.000609
-0.000969
-0.001353
-0.001440
-0.001792
-0.002421
-0.002970
-0.003248
-0.003751
-0.004589
-0.005034
-0.005218
-0.004914
-0.004205
-0.003155
-0.002320
-0.001813
-0.001203
-0.000818
-0.000754
-0.001052
-0.001212
-0.001266
-0.001049
-0.000806
-0.000355
-0.000052
0.000319
0.000911
0.001613
0.002339
0.003253
0.003913
0.004581
0.005382
0.005832
0.005969
0.005573
0.005015
0.004272
0.003456
0.002342
0.000766
-0.000767
-0.002334
-0.004074
-0.005380
-0.006693
-0.007923
-0.008893
-0.009713
-0.010120
-0.010289
-0.009997
-0.009517
-0.008806
-0.007770
-0.006406
-0.005252
-0.004666
-0.003619
-0.002843
-0.002714
-0.002444
-0.002181
-0.002120
-0.001701
-0.001457
-0.001250
-0.001121
-0.001082
-0.001071
-0.001393
-0.001755
-0.001967
-0.002561
-0.003154
-0.003823
-0.004552
-0.005211
-0.005981
-0.006756
-0.007456
-0.007870
-0.008234
-0.008078
-0.007799
-0.007419
-0.007460
-0.007394
-0.007272
-0.006545
-0.005767
-0.004804
-0.003705
-0.002981
-0.002205
-0.001028
0.000364
0.001571
0.002965
0.004301
0.005318
0.006075
0.006684
0.007558
0.008142
0.008835
0.009512
0.010211
0.010706
0.010976
0.010938
0.010935
0.010649
0.009940
0.009167
0.008002
0.006697
0.005273
0.003878
0.002411
0.000922
-0.000477
-0.001376
-0.002247
-0.002792
-0.003098
-0.003095
-0.002840
-0.002873
-0.002932
-0.003140
-0.003293
-0.003462
-0.003535
-0.003409
-0.002908
-0.002181
-0.001303
-0.000281
0.000699
0.001540
0.002537
0.003466
0.003967
0.004441
0.004445
0.003926
0.003030
0.002036
0.001162
0.000057
-0.001104
-0.001889
-0.002812
-0.003368
-0.003803
-0.004040
-0.004320
-0.004518
-0.004740
-0.004480
-0.004244
-0.004329
-0.004850
-0.005211
-0.005666
-0.006187
-0.006210
-0.005806
-0.005266
-0.004444
-0.003296
-0.002158
-0.001107
-0.000118
0.000890
0.001519
0.001650
0.001673
0.001889
0.002149
0.002338
0.002466
0.002620
0.003077
0.003507
0.003696
0.003764
0.003712
0.003538
0.003062
0.002278
0.001668
0.000709
-0.000606
-0.001765
-0.002649
-0.003418
-0.004403
-0.005243
-0.006425
-0.007026
-0.007198
-0.007138
-0.007010
-0.006731
-0.006027
-0.005010
-0.003977
-0.003136
-0.002078
-0.000843
0.000329
0.001708
0.003000
0.003952
0.004831
0.005664
0.006465
0.006808
0.006938
0.006852
0.006407
0.005845
0.005113
0.004504
0.003927
0.003166
0.002219
0.001114
0.000175
-0.000851
-0.001895
-0.002835
-0.003788
-0.004628
-0.005228
-0.005871
-0.006404
-0.006941
-0.006981
-0.007136
-0.006906
-0.006577
-0.005904
-0.004837
-0.003599
-0.002055
-0.000671
0.000956
0.002433
0.003897
0.005516
0.006799
0.007435
0.008001
0.008328
0.008204
0.008193
0.007807
0.006991
0.006170
0.005078
0.003717
0.002171
0.000349
-0.001280
-0.003007
-0.004453
-0.005713
-0.006510
-0.007094
-0.007482
-0.007711
-0.007634
-0.007637
-0.007092
-0.006348
-0.005393
-0.004268
-0.003168
-0.001688
0.000085
0.001551
0.003001
0.004277
0.005125
0.006303
0.007349
0.008200
0.008825
0.009082
0.009074
0.008940
0.008690
0.008286
0.007831
0.006929
0.005787
0.004480
0.003049
0.001634
-0.000042
-0.001832
-0.003565
-0.005136
-0.006234
-0.007296
-0.008225
-0.008572
-0.008484
-0.008174
-0.007694
-0.007149
-0.006357
-0.005469
-0.004257
-0.003046
-0.001905
-0.000611
0.000754
0.002238
0.003804
0.005051
0.006324
0.007565
0.008791
0.009986
0.011011
0.011764
0.012173
0.012004
0.011406
0.010298
0.008784
0.007009
0.005402
0.003893
0.002166
-0.000017
-0.001943
-0.003642
-0.005356
-0.006948
-0.008056
-0.009066
-0.010051
-0.010772
-0.011143
-0.011363
-0.011414
-0.011018
-0.010676
-0.009790
-0.008666
-0.007274
-0.005629
-0.003636
-0.001712
0.000397
0.002497
0.004350
0.006128
0.007591
0.009024
0.009942
0.010356
0.010321
0.010039
0.009604
0.009044
0.008072
0.007139
0.005945
0.004718
0.003391
0.002184
0.000896
-0.000164
-0.001147
-0.002247
-0.003072
-0.003717
-0.004078
-0.004564
-0.005221
-0.005677
-0.006044
-0.006268
-0.006079
-0.005378
-0.004387
-0.003257
-0.001838
-0.000306
0.001066
0.002320
0.003629
0.004766
0.005552
0.006331
0.006638
0.006900
0.007154
0.007143
0.006748
0.006268
0.005569
0.004506
0.003334
0.001860
0.000336
-0.000983
-0.002345
-0.003411
-0.004254
-0.004724
-0.005141
-0.005294
-0.005150
-0.005001
-0.005065
-0.005136
-0.004840
-0.004275
-0.003478
-0.002835
-0.002191
-0.001508
-0.000940
-0.000640
-0.000482
-0.000409
-0.000364
-0.000300
-0.000344
-0.000387
-0.000426
-0.000576
-0.000489
-0.000457
-0.000014
0.000386
0.000979
0.001556
0.002098
0.002395
0.002822
0.003033
0.003077
0.002801
0.002416
0.001814
0.001387
0.000909
0.000457
0.000114
-0.000121
0.000005
0.000348
0.000478
0.000456
0.000725
0.001068
0.001533
0.001855
0.002056
0.002389
0.002434
0.002485
0.002566
0.002517
0.002324
0.002359
0.002245
0.002108
0.002099
0.002120
0.002100
0.001884
0.001690
0.001483
0.001086
0.000613
0.000236
-0.000414
-0.000974
-0.001193
-0.001426
-0.001606
-0.001814
-0.002054
-0.002237
-0.002345
-0.002414
-0.002345
-0.002295
-0.002380
-0.002548
-0.002846
-0.003061
-0.003283
-0.003478
-0.003410
-0.003567
-0.003325
-0.002801
-0.002222
-0.001503
-0.000868
-0.000355
0.000192
0.000881
0.001598
0.002161
0.002546
0.002748
0.002577
0.002229
0.002102
0.002154
0.002119
0.002246
0.002270
0.002055
0.001770
0.001397
0.001237
0.000937
0.000761
0.000523
0.000398
0.000201
-0.000158
-0.000558
-0.000898
-0.001259
-0.001807
-0.002207
-0.002610
-0.002787
-0.002764
-0.002431
-0.001914
-0.001481
-0.000961
-0.000314
0.000328
0.000797
0.001295
0.001735
0.002408
0.003112
0.003801
0.004191
0.004489
0.004554
0.004611
0.004554
0.004326
0.003901
0.003368
0.002634
0.001620
0.000674
-0.000425
-0.001481
-0.002383
-0.003215
-0.003876
-0.004426
-0.004681
-0.004920
-0.004887
-0.004863
-0.004719
-0.004461
-0.003886
-0.003424
-0.002819
-0.002146
-0.001371
-0.000685
-0.000051
0.000607
0.001038
0.001559
0.002001
0.002292
0.002431
0.002398
0.002474
0.002455
0.002363
0.002039
0.001847
0.001499
0.001070
0.000634
0.000095
-0.000494
-0.001073
-0.002121
-0.003377
-0.004354
-0.005189
-0.005799
-0.006220
-0.006509
-0.006661
-0.006707
-0.006564
-0.006014
-0.005281
-0.004356
-0.003441
-0.002270
-0.000970
0.000443
0.001619
0.002841
0.003979
0.004892
0.005499
0.005821
0.005990
0.005809
0.005470
0.004883
0.004016
0.003127
0.002230
0.001454
0.000810
0.000108
-0.000585
-0.001434
-0.002428
-0.003426
-0.004307
-0.005152
-0.005840
-0.006504
-0.007047
-0.007501
-0.007771
-0.007913
-0.007932
-0.007816
-0.007737
-0.007355
-0.006761
-0.005935
-0.005008
-0.003939
-0.002849
-0.001594
-0.000351
0.000918
0.002077
0.003296
0.004387
0.005227
0.005901
0.006350
0.006444
0.006608
0.006667
0.006591
0.006432
0.005915
0.005187
0.004229
0.003331
0.002292
0.001208
0.000047
-0.001235
-0.002265
-0.003158
-0.003918
-0.004518
-0.004917
-0.005229
-0.005288
-0.005229
-0.005154
-0.005053
-0.004682
-0.004127
-0.003313
-0.002457
-0.001714
-0.000762
0.000200
0.001101
0.002174
0.003098
0.003739
0.004372
0.004953
0.005361
0.005448
0.005460
0.005283
0.004929
0.004468
0.003933
0.003363
0.002677
0.001805
0.000856
-0.000127
-0.001287
-0.002271
-0.003149
-0.004022
-0.004474
-0.004909
-0.005225
-0.005310
-0.005268
-0.005006
-0.004467
-0.003837
-0.003107
-0.002323
-0.001594
-0.000960
-0.000339
0.000368
0.000930
0.001619
0.002187
0.002692
0.003053
0.003302
0.003490
0.003556
0.003493
0.003242
0.002806
0.002282
0.001667
0.000995
0.000326
-0.000204
-0.000630
-0.001161
-0.001827
-0.002432
-0.002800
-0.003041
-0.003086
-0.002981
-0.002712
-0.002301
-0.001812
-0.001139
-0.000501
0.000099
0.000597
0.001245
0.001942
0.002553
0.003018
0.003342
0.003673
0.004018
0.004192
0.004148
0.003935
0.003591
0.003240
0.002675
0.002092
0.001598
0.001116
0.000631
0.000267
-0.000022
-0.000193
-0.000095
0.000041
0.000103
0.000264
0.000333
0.000444
0.000495
0.000632
0.000890
0.000979
0.001087
0.001112
0.001222
0.001460
0.001778
0.002166
0.002513
0.002824
0.003042
0.003152
0.003140
0.003196
0.003142
0.002937
0.002633
0.002154
0.001784
0.001344
0.000952
0.000586
0.000197
-0.000099
-0.000244
-0.000378
-0.000506
-0.000602
-0.000527
-0.000549
-0.000407
-0.000339
-0.000356
-0.000381
-0.000329
-0.000163
0.000031
0.000230
0.000326
0.000424
0.000552
0.000539
0.000585
0.000716
0.000698
0.000644
0.000559
0.000493
0.000352
0.000300
0.000333
0.000226
0.000052
0.000049
0.000316
0.000605
0.000913
0.001209
0.001504
0.001806
0.001994
0.002110
0.001957
0.001714
0.001431
0.000935
0.000437
-0.000010
-0.000453
-0.000837
-0.001098
-0.001372
-0.001550
-0.001765
-0.001918
-0.001903
-0.001683
-0.001313
-0.000903
-0.000399
0.000158
0.000557
0.000943
0.001136
0.001420
0.001613
0.001724
0.001610
0.001508
0.001378
0.001033
0.000632
0.000189
-0.000161
-0.000365
-0.000416
-0.000471
-0.000493
-0.000473
-0.000447
-0.000243
0.000060
0.000381
0.000956
0.001477
0.001925
0.002451
0.003010
0.003534
0.003954
0.004309
0.004480
0.004551
0.004362
0.004029
0.003585
0.003062
0.002561
0.002004
0.001364
0.000744
0.000145
-0.000554
-0.001363
-0.002115
-0.002848
-0.003502
-0.003941
-0.004114
-0.004098
-0.003888
-0.003630
-0.003386
-0.003049
-0.002665
-0.002193
-0.001704
-0.001155
-0.000681
-0.000272
0.000023
0.000214
0.000389
0.000688
0.000887
0.001041
0.001108
0.001054
0.001001
0.000833
0.000601
0.000279
-0.000153
-0.000479
-0.000746
-0.000914
-0.000903
-0.001069
-0.000950
-0.000790
-0.000624
-0.000424
-0.000164
0.000212
0.000478
0.000587
0.000588
0.000568
0.000488
0.000358
0.000287
0.000062
-0.000141
-0.000221
-0.000341
-0.000500
-0.000893
-0.001285
-0.001640
-0.001895
-0.002168
-0.002212
-0.002178
-0.002112
-0.002060
-0.002011
-0.001826
-0.001660
-0.001511
-0.001321
-0.001155
-0.000800
-0.000559
-0.000379
-0.000175
-0.000126
-0.000053
-0.000050
-0.000023
-0.000067
-0.000114
-0.000115
-0.000052
0.000018
0.000023
0.000149
0.000274
0.000363
0.000336
0.000398
0.000494
0.000523
0.000744
0.000943
0.001143
0.001366
0.001628
0.001813
0.002091
0.002317
0.002424
0.002361
0.002305
0.002095
0.001760
0.001456
0.001099
0.000804
0.000458
0.000208
-0.000012
-0.000361
-0.000682
-0.000902
-0.001119
-0.001147
-0.001210
-0.001142
-0.001190
-0.001206
-0.001152
-0.001098
-0.000869
-0.000748
-0.000770
-0.000682
-0.000527
-0.000431
-0.000313
-0.000152
-0.000075
0.000133
0.000433
0.000649
0.000717
0.000822
0.000860
0.000806
0.000691
0.000575
0.000465
0.000233
0.000091
-0.000061
-0.000151
-0.000185
-0.000178
-0.000261
-0.000339
-0.000414
-0.000481
-0.000576
-0.000581
-0.000534
-0.000542
-0.000506
-0.000472
-0.000388
-0.000400
-0.000465
-0.000490
-0.000477
-0.000550
-0.000644
-0.000713
-0.000749
-0.000644
-0.000552
-0.000595
-0.000613
-0.000583
-0.000628
-0.000587
-0.000525
-0.000474
-0.000473
-0.000409
-0.000360
-0.000367
-0.000504
-0.000614
-0.000680
-0.000661
-0.000571
-0.000404
-0.000273
-0.000132
0.000044
0.000277
0.000456
0.000626
0.000762
0.000808
0.000719
0.000752
0.000758
0.000706
0.000710
0.000723
0.000720
0.000897
0.000942
0.000918
0.000876
0.000950
0.001021
0.001083
0.001240
0.001376
0.001449
0.001494
0.001475
0.001358
0.001298
0.001109
0.000888
0.000525
0.000147
-0.000180
-0.000470
-0.000829
-0.001083
-0.001260
-0.001467
-0.001669
-0.001811
-0.001988
-0.002025
-0.002031
-0.002090
-0.002023
-0.001885
-0.001678
-0.001452
-0.001154
-0.000754
-0.000478
-0.000067
0.000331
0.000635
0.000820
0.001002
0.001074
0.001212
0.001232
0.001200
0.001025
0.000877
0.000722
0.000564
0.000423
0.000265
0.000182
0.000105
0.000044
-0.000031
-0.000101
-0.000159
-0.000273
-0.000396
-0.000550
-0.000789
-0.001068
-0.001309
-0.001531
-0.001777
-0.001804
-0.001742
-0.001631
-0.001540
-0.001413
-0.001258
-0.001064
-0.000997
-0.000982
-0.000880
-0.000703
-0.000549
-0.000389
-0.000293
-0.000175
-0.000078
0.000018
0.000101
0.000137
0.000149
0.000228
0.000294
0.000372
0.000405
0.000548
0.000638
0.000811
0.000933
0.001138
0.001363
0.001525
0.001567
0.001569
0.001446
0.001271
0.001013
0.000641
0.000292
-0.000006
-0.000341
-0.000618
-0.000812
-0.001003
-0.001142
-0.001155
-0.001127
-0.001067
-0.001039
-0.000969
-0.000823
-0.000650
-0.000420
-0.000083
0.000322
0.000727
0.001232
0.001649
0.002000
0.002303
0.002538
0.002618
0.002633
0.002600
0.002509
0.002255
0.002014
0.001743
0.001388
0.001057
0.000635
0.000276
-0.000093
-0.000399
-0.000769
-0.001016
-0.001187
-0.001382
-0.001557
-0.001734
-0.001798
-0.001673
-0.001448
-0.001126
-0.000721
-0.000242
0.000167
0.000633
0.001112
0.001544
0.001996
0.002381
0.002662
0.002920
0.003090
0.003181
0.003107
0.002937
0.002673
0.002452
0.002074
0.001660
0.001270
0.000863
0.000464
0.000088
-0.000403
-0.000802
-0.001105
-0.001406
-0.001673
-0.001834
-0.001989
-0.002029
-0.001980
-0.001854
-0.001558
-0.001178
-0.000809
-0.000472
-0.000092
0.000250
0.000637
0.001078
0.001427
0.001811
0.001994
0.002159
0.002251
0.002286
0.002352
0.002341
0.002296
0.002179
0.002071
0.001927
0.001703
0.001462
0.001238
0.001002
0.000676
0.000424
0.000207
-0.000014
-0.000321
-0.000529
-0.000672
-0.000770
-0.000804
-0.000768
-0.000706
-0.000536
-0.000291
-0.000074
0.000122
0.000349
0.000567
0.000668
0.000795
0.000874
0.000894
0.000920
0.000931
0.000876
0.000729
0.000594
0.000438
0.000285
0.000092
-0.000136
-0.000378
-0.000600
-0.000829
-0.000920
-0.001035
-0.001082
-0.001171
-0.001262
-0.001388
-0.001430
-0.001480
-0.001482
-0.001447
-0.001354
-0.001308
-0.001255
-0.001034
-0.000903
-0.000792
-0.000659
-0.000496
-0.000415
-0.000339
-0.000240
-0.000073
0.000099
0.000294
0.000488
0.000670
0.000840
0.001060
0.001275
0.001381
0.001366
0.001395
0.001423
0.001414
0.001390
0.001382
0.001344
0.001328
0.001284
0.001313
0.001280
0.001217
0.001041
0.000855
0.000724
0.000531
0.000394
0.000262
0.000243
0.000287
0.000404
0.000510
0.000626
0.000685
0.000765
0.000862
0.000929
0.000996
0.001085
0.001132
0.001087
0.000995
0.000827
0.000665
0.000512
0.000373
0.000235
0.000042
-0.000096
-0.000153
-0.000187
-0.000129
-0.000164
-0.000164
-0.000099
-0.000004
0.000137
0.000260
0.000421
0.000546
0.000604
0.000651
0.000671
0.000770
0.000904
0.001045
0.001206
0.001212
0.001092
0.000963
0.000798
0.000652
0.000474
0.000302
0.000160
0.000043
-0.000093
-0.000279
-0.000351
-0.000485
-0.000604
-0.000682
-0.000657
-0.000661
-0.000641
-0.000635
-0.000601
-0.000596
-0.000601
-0.000564
-0.000557
-0.000474
-0.000428
-0.000404
-0.000344
-0.000268
-0.000285
-0.000320
-0.000304
-0.000286
-0.000209
-0.000113
-0.000082
-0.000048
-0.000004
0.000036
0.000068
0.000129
0.000170
0.000196
0.000200
0.000224
0.000228
0.000247
0.000204
0.000112
0.000006
-0.000090
-0.000175
-0.000241
-0.000323
-0.000440
-0.000529
-0.000626
-0.000713
-0.000784
-0.000798
-0.000867
-0.000992
-0.001069
-0.001096
-0.001148
-0.001155
-0.001143
-0.001074
-0.000958
-0.000877
-0.000776
-0.000666
-0.000588
-0.000525
-0.000420
-0.000274
-0.000151
-0.000034
0.000086
0.000220
0.000316
0.000348
0.000376
0.000381
0.000348
0.000313
0.000291
0.000225
0.000138
0.000015
-0.000154
-0.000323
-0.000445
-0.000643
-0.000765
-0.000893
-0.001021
-0.001129
-0.001148
-0.001146
-0.001149
-0.001112
-0.001014
-0.000891
-0.000858
-0.000813
-0.000722
-0.000648
-0.000599
-0.000576
-0.000522
-0.000416
-0.000268
-0.000114
-0.000047
-0.000038
-0.000014
0.000013
0.000095
0.000131
0.000237
0.000353
0.000459
0.000567
0.000657
0.000736
0.000776
0.000854
0.000924
0.001017
0.001183
0.001279
0.001277
0.001218
0.001161
0.001008
0.000812
0.000598
0.000355
0.000082
-0.000212
-0.000502
-0.000798
-0.000951
-0.001079
-0.001229
-0.001279
-0.001291
-0.001229
-0.001131
-0.001034
-0.000926
-0.000774
-0.000584
-0.000327
-0.000073
0.000165
0.000382
0.000541
0.000706
0.000880
0.000989
0.001088
0.001073
0.001060
0.001026
0.000912
0.000749
0.000582
0.000392
0.000209
0.000011
-0.000206
-0.000452
-0.000674
-0.000825
-0.000890
-0.000955
-0.001033
-0.001029
-0.001029
-0.001000
-0.000931
-0.000908
-0.000863
-0.000785
-0.000679
-0.000555
-0.000472
-0.000349
-0.000260
-0.000167
-0.000061
0.000003
0.000027
0.000006
0.000039
0.000049
0.000041
0.000004
-0.000021
-0.000062
-0.000039
0.000061
0.000159
0.000275
0.000390
0.000496
0.000564
0.000596
0.000600
0.000604
0.000625
0.000629
0.000628
0.000653
0.000648
0.000578
0.000438
0.000288
0.000116
-0.000071
-0.000199
-0.000267
-0.000336
-0.000418
-0.000487
-0.000541
-0.000574
-0.000615
-0.000700
-0.000856
-0.001091
-0.001258
-0.001333
-0.001393
-0.001415
-0.001371
-0.001251
-0.001134
-0.001036
-0.000908
-0.000771
-0.000549
-0.000332
-0.000127
0.000104
0.000350
0.000582
0.000762
0.000919
0.001052
0.001208
0.001384
0.001494
0.001567
0.001605
0.001565
0.001436
0.001246
0.001016
0.000795
0.000651
0.000461
0.000246
0.000021
-0.000218
-0.000426
-0.000645
-0.000836
-0.001006
-0.001114
-0.001193
-0.001234
-0.001228
-0.001184
-0.001139
-0.001066
-0.001034
-0.000938
-0.000865
-0.000774
-0.000682
-0.000595
-0.000506
-0.000346
-0.000213
-0.000115
-0.000000
0.000077
0.000169
0.000283
0.000364
0.000409
0.000413
0.000395
0.000331
0.000235
0.000135
0.000008
-0.000154
-0.000305
-0.000446
-0.000609
-0.000718
-0.000779
-0.000836
-0.000853
-0.000839
-0.000796
-0.000758
-0.000664
-0.000566
-0.000393
-0.000212
-0.000043
0.000145
0.000321
0.000413
0.000500
0.000563
0.000564
0.000481
0.000349
0.000185
0.000057
-0.000096
-0.000239
-0.000417
-0.000572
-0.000693
-0.000797
-0.000915
-0.001053
-0.001209
-0.001268
-0.001288
-0.001272
-0.001220
-0.001153
-0.001001
-0.000825
-0.000691
-0.000543
-0.000405
-0.000244
-0.000040
0.000156
0.000367
0.000562
0.000727
0.000811
0.000921
0.001008
0.001030
0.001026
0.000954
0.000874
0.000795
0.000726
0.000599
0.000382
0.000167
-0.000050
-0.000293
-0.000501
-0.000688
-0.000857
-0.001015
-0.001150
-0.001246
-0.001288
-0.001260
-0.001182
-0.001058
-0.000915
-0.000758
-0.000627
-0.000481
-0.000341
-0.000150
0.000022
0.000147
0.000248
0.000313
0.000381
0.000412
0.000422
0.000398
0.000353
0.000323
0.000312
0.000313
0.000349
0.000370
0.000378
0.000382
0.000370
0.000389
0.000392
0.000466
0.000595
0.000726
0.000858
0.000931
0.000967
0.000965
0.000937
0.000947
0.000944
0.000875
0.000834
0.000748
0.000633
0.000482
0.000324
0.000173
-0.000001
-0.000182
-0.000328
-0.000460
-0.000574
